0 1357
1 1357
2 1355
3 1355
4 1356
5 1355
6 1355
7 1352
8 1356
9 1356
10 1354
11 1355
12 1355
13 1355
14 1356
15 1355
16 1358
17 1354
18 1357
19 1355
20 1357
21 1355
22 1354
23 1355
24 1357
25 1356
26 1355
27 1354
28 1355
29 1356
30 1357
31 1355
32 1357
33 1355
34 1356
35 1355
36 1357
37 1355
38 1357
39 1356
40 1353
41 1355
42 1357
43 1357
44 1355
45 1355
46 1358
47 1354
48 1354
49 1354
50 1355
51 1356
52 1357
53 1354
54 1358
55 1356
56 1356
57 1356
58 1357
59 1353
60 1356
61 1358
62 1357
63 1356
64 1358
65 1356
66 1355
67 1352
68 1354
69 1356
70 1357
71 1356
72 1355
73 1355
74 1353
75 1355
76 1357
77 1356
78 1356
79 1356
80 1355
81 1357
82 1352
83 1355
84 1357
85 1356
86 1357
87 1356
88 1356
89 1354
90 1356
91 1358
92 1356
93 1357
94 1355
95 1356
96 1357
97 1355
98 1353
99 1353
100 1357
101 1356
102 1355
103 1356
104 1357
105 1356
106 1356
107 1355
108 1353
109 1355
110 1354
111 1357
112 1357
113 1358
114 1354
115 1357
116 1353
117 1356
118 1352
119 1354
120 1354
121 1354
122 1351
123 1353
124 1353
125 1354
126 1354
127 1355
128 1353
129 1356
130 1357
131 1356
132 1355
133 1356
134 1356
135 1355
136 1355
137 1354
138 1357
139 1355
140 1353
141 1354
142 1354
143 1354
144 1354
145 1354
146 1355
147 1356
148 1355
149 1356
150 1353
151 1355
152 1352
153 1359
154 1353
155 1356
156 1356
157 1353
158 1351
159 1356
160 1356
161 1355
162 1350
163 1355
164 1355
165 1353
166 1355
167 1355
168 1357
169 1354
170 1355
171 1358
172 1355
173 1356
174 1353
175 1358
176 1353
177 1358
178 1353
179 1355
180 1357
181 1357
182 1354
183 1359
184 1356
185 1357
186 1355
187 1354
188 1354
189 1356
190 1354
191 1357
192 1354
193 1356
194 1354
195 1354
196 1352
197 1354
198 1355
199 1360
200 1355
201 1355
202 1354
203 1357
204 1356
205 1358
206 1353
207 1354
208 1354
209 1356
210 1355
211 1354
212 1354
213 1358
214 1356
215 1354
216 1353
217 1355
218 1356
219 1355
220 1357
221 1356
222 1354
223 1354
224 1357
225 1357
226 1354
227 1355
228 1355
229 1356
230 1357
231 1356
232 1355
233 1354
234 1354
235 1356
236 1353
237 1356
238 1355
239 1355
240 1357
241 1356
242 1357
243 1355
244 1353
245 1355
246 1356
247 1354
248 1356
249 1355
250 1357
251 1354
252 1355
253 1355
254 1353
255 1356
256 1355
257 1356
258 1354
259 1356
260 1357
261 1359
262 1359
263 1356
264 1357
265 1358
266 1354
267 1356
268 1353
269 1355
270 1358
271 1356
272 1351
273 1353
274 1357
275 1357
276 1357
277 1355
278 1355
279 1352
280 1354
281 1354
282 1356
283 1354
284 1353
285 1357
286 1353
287 1354
288 1356
289 1355
290 1358
291 1357
292 1356
293 1359
294 1355
295 1357
296 1359
297 1357
298 1356
299 1354
300 1352
301 1356
302 1357
303 1356
304 1354
305 1357
306 1354
307 1356
308 1356
309 1357
310 1357
311 1356
312 1356
313 1357
314 1354
315 1357
316 1356
317 1356
318 1357
319 1358
320 1358
321 1356
322 1355
323 1357
324 1354
325 1353
326 1356
327 1356
328 1356
329 1358
330 1357
331 1355
332 1356
333 1355
334 1356
335 1356
336 1357
337 1356
338 1356
339 1356
340 1353
341 1355
342 1352
343 1354
344 1352
345 1355
346 1353
347 1355
348 1353
349 1356
350 1354
351 1357
352 1358
353 1358
354 1356
355 1357
356 1355
357 1355
358 1353
359 1353
360 1355
361 1356
362 1356
363 1355
364 1355
365 1356
366 1354
367 1355
368 1356
369 1356
370 1357
371 1355
372 1357
373 1354
374 1352
375 1357
376 1356
377 1357
378 1355
379 1355
380 1357
381 1355
382 1355
383 1356
384 1357
385 1356
386 1357
387 1356
388 1356
389 1356
390 1357
391 1358
392 1354
393 1354
394 1355
395 1356
396 1356
397 1355
398 1354
399 1356
400 1355
401 1356
402 1357
403 1356
404 1356
405 1354
406 1355
407 1357
408 1355
409 1355
410 1357
411 1353
412 1355
413 1356
414 1358
415 1358
416 1356
417 1356
418 1357
419 1356
420 1357
421 1356
422 1353
423 1355
424 1353
425 1356
426 1356
427 1357
428 1355
429 1357
430 1354
431 1356
432 1353
433 1354
434 1354
435 1356
436 1355
437 1357
438 1355
439 1359
440 1353
441 1356
442 1357
443 1356
444 1356
445 1356
446 1356
447 1355
448 1354
449 1356
450 1357
451 1355
452 1353
453 1355
454 1355
455 1355
456 1353
457 1355
458 1355
459 1352
460 1353
461 1356
462 1357
463 1356
464 1358
465 1357
466 1353
467 1356
468 1357
469 1355
470 1357
471 1356
472 1356
473 1357
474 1355
475 1357
476 1356
477 1357
478 1354
479 1355
480 1358
481 1356
482 1356
483 1355
484 1356
485 1356
486 1355
487 1356
488 1355
489 1355
490 1354
491 1354
492 1355
493 1358
494 1354
495 1354
496 1354
497 1354
498 1352
499 1357
500 1354
501 1353
502 1357
503 1353
504 1354
505 1355
506 1355
507 1354
508 1356
509 1357
510 1359
511 1357
512 1357
513 1356
514 1355
515 1355
516 1355
517 1356
518 1357
519 1353
520 1352
521 1355
522 1357
523 1354
524 1355
525 1358
526 1355
527 1356
528 1355
529 1357
530 1358
531 1358
532 1360
533 1361
534 1365
535 1370
536 1380
537 1396
538 1419
539 1459
540 1511
541 1576
542 1649
543 1736
544 1826
545 1923
546 2025
547 2124
548 2217
549 2306
550 2388
551 2465
552 2528
553 2587
554 2629
555 2672
556 2698
557 2719
558 2725
559 2729
560 2712
561 2697
562 2669
563 2644
564 2607
565 2573
566 2528
567 2483
568 2436
569 2396
570 2349
571 2304
572 2256
573 2216
574 2165
575 2130
576 2085
577 2046
578 2003
579 1965
580 1925
581 1892
582 1857
583 1827
584 1795
585 1763
586 1737
587 1715
588 1689
589 1666
590 1645
591 1626
592 1607
593 1591
594 1574
595 1558
596 1546
597 1537
598 1523
599 1510
600 1498
601 1488
602 1476
603 1470
604 1462
605 1454
606 1446
607 1441
608 1437
609 1438
610 1429
611 1424
612 1418
613 1410
614 1409
615 1402
616 1400
617 1399
618 1400
619 1396
620 1394
621 1391
622 1389
623 1383
624 1387
625 1382
626 1381
627 1380
628 1380
629 1378
630 1374
631 1370
632 1373
633 1371
634 1373
635 1370
636 1368
637 1367
638 1367
639 1366
640 1367
641 1369
642 1368
643 1365
644 1366
645 1365
646 1362
647 1362
648 1361
649 1361
650 1360
651 1360
652 1360
653 1361
654 1363
655 1360
656 1362
657 1361
658 1365
659 1359
660 1361
661 1359
662 1357
663 1358
664 1360
665 1359
666 1359
667 1359
668 1359
669 1360
670 1361
671 1361
672 1359
673 1360
674 1361
675 1361
676 1358
677 1356
678 1358
679 1356
680 1360
681 1358
682 1358
683 1359
684 1358
685 1361
686 1359
687 1359
688 1361
689 1358
690 1361
691 1357
692 1359
693 1355
694 1356
695 1355
696 1358
697 1358
698 1357
699 1358
700 1360
701 1359
702 1359
703 1357
704 1358
705 1356
706 1357
707 1356
708 1357
709 1356
710 1358
711 1358
712 1359
713 1358
714 1359
715 1359
716 1358
717 1357
718 1359
719 1357
720 1358
721 1356
722 1359
723 1361
724 1358
725 1356
726 1357
727 1355
728 1355
729 1359
730 1359
731 1356
732 1356
733 1354
734 1355
735 1356
736 1357
737 1356
738 1355
739 1356
740 1356
741 1358
742 1358
743 1356
744 1359
745 1356
746 1358
747 1354
748 1357
749 1356
750 1356
751 1355
752 1357
753 1356
754 1357
755 1356
756 1359
757 1359
758 1354
759 1355
760 1361
761 1357
762 1359
763 1358
764 1358
765 1358
766 1358
767 1355
768 1355
769 1355
770 1357
771 1353
772 1354
773 1356
774 1359
775 1355
776 1357
777 1358
778 1357
779 1356
780 1356
781 1357
782 1358
783 1358
784 1356
785 1361
786 1358
787 1357
788 1358
789 1357
790 1355
791 1354
792 1352
793 1356
794 1356
795 1354
796 1356
797 1355
798 1358
799 1355
800 1358
801 1356
802 1355
803 1357
804 1353
805 1355
806 1355
807 1356
808 1355
809 1355
810 1357
811 1355
812 1355
813 1356
814 1355
815 1357
816 1353
817 1356
818 1355
819 1356
820 1357
821 1355
822 1357
823 1353
824 1353
825 1353
826 1355
827 1356
828 1357
829 1355
830 1356
831 1358
832 1356
833 1355
834 1355
835 1356
836 1359
837 1357
838 1356
839 1354
840 1355
841 1355
842 1354
843 1358
844 1357
845 1359
846 1355
847 1356
848 1357
849 1357
850 1353
851 1358
852 1355
853 1355
854 1357
855 1355
856 1354
857 1357
858 1357
859 1354
860 1358
861 1355
862 1355
863 1353
864 1358
865 1355
866 1355
867 1356
868 1356
869 1354
870 1355
871 1355
872 1355
873 1356
874 1357
875 1357
876 1357
877 1357
878 1357
879 1355
880 1358
881 1356
882 1354
883 1354
884 1357
885 1357
886 1357
887 1355
888 1355
889 1356
890 1358
891 1355
892 1354
893 1356
894 1355
895 1356
896 1356
897 1352
898 1354
899 1354
900 1355
901 1357
902 1356
903 1355
904 1360
905 1358
906 1357
907 1356
908 1358
909 1357
910 1357
911 1353
912 1357
913 1356
914 1355
915 1355
916 1353
917 1353
918 1355
919 1356
920 1357
921 1356
922 1358
923 1356
924 1356
925 1356
926 1356
927 1357
928 1357
929 1357
930 1356
931 1354
932 1357
933 1355
934 1356
935 1358
936 1358
937 1356
938 1357
939 1356
940 1355
941 1358
942 1357
943 1357
944 1355
945 1354
946 1356
947 1355
948 1355
949 1354
950 1358
951 1358
952 1358
953 1354
954 1356
955 1355
956 1354
957 1353
958 1356
959 1357
960 1356
961 1354
962 1355
963 1355
964 1358
965 1358
966 1358
967 1356
968 1357
969 1356
970 1356
971 1356
972 1356
973 1356
974 1357
975 1356
976 1354
977 1356
978 1357
979 1358
980 1353
981 1357
982 1355
983 1355
984 1356
985 1356
986 1355
987 1354
988 1357
989 1355
990 1360
991 1356
992 1357
993 1355
994 1356
995 1358
996 1356
997 1358
998 1354
999 1353
1000 1357
1001 1358
1002 1355
1003 1356
1004 1358
1005 1357
1006 1356
1007 1356
1008 1357
1009 1357
1010 1356
1011 1356
1012 1358
1013 1356
1014 1357
1015 1352
1016 1351
1017 1353
1018 1356
1019 1356
1020 1358
1021 1353
1022 1354
1023 1354
1024 1352
1025 1355
1026 1357
1027 1355
1028 1359
1029 1353
1030 1355
1031 1354
1032 1356
1033 1354
1034 1356
1035 1356
1036 1357
1037 1358
1038 1357
1039 1355
1040 1357
1041 1355
1042 1357
1043 1354
1044 1355
1045 1357
1046 1357
1047 1354
1048 1355
1049 1354
1050 1359
1051 1356
1052 1357
1053 1356
1054 1356
1055 1355
1056 1357
1057 1356
1058 1357
1059 1354
1060 1355
1061 1357
1062 1357
1063 1358
1064 1354
1065 1357
1066 1354
1067 1354
1068 1353
1069 1354
1070 1354
1071 1355
1072 1357
1073 1352
1074 1354
1075 1353
1076 1354
1077 1355
1078 1355
1079 1358
1080 1357
1081 1356
1082 1357
1083 1351
1084 1354
1085 1355
1086 1354
1087 1355
1088 1357
1089 1356
1090 1356
1091 1356
1092 1355
1093 1355
1094 1355
1095 1354
1096 1358
1097 1354
1098 1357
1099 1353
1100 1353
1101 1354
1102 1357
1103 1354
1104 1355
1105 1353
1106 1355
1107 1353
1108 1357
1109 1356
1110 1357
1111 1355
1112 1355
1113 1355
1114 1353
1115 1353
1116 1355
1117 1355
1118 1354
1119 1355
1120 1358
1121 1358
1122 1357
1123 1356
1124 1357
1125 1356
1126 1356
1127 1357
1128 1355
1129 1355
1130 1355
1131 1354
1132 1353
1133 1354
1134 1355
1135 1356
1136 1355
1137 1356
1138 1353
1139 1355
1140 1357
1141 1354
1142 1356
1143 1355
1144 1356
1145 1355
1146 1354
1147 1354
1148 1357
1149 1354
1150 1355
1151 1357
1152 1357
1153 1356
1154 1357
1155 1359
1156 1356
1157 1356
1158 1355
1159 1355
1160 1355
1161 1355
1162 1357
1163 1354
1164 1354
1165 1355
1166 1357
1167 1356
1168 1354
1169 1353
1170 1355
1171 1358
1172 1357
1173 1354
1174 1356
1175 1355
1176 1356
1177 1355
1178 1353
1179 1353
1180 1356
1181 1355
1182 1355
1183 1355
1184 1356
1185 1356
1186 1356
1187 1356
1188 1356
1189 1354
1190 1357
1191 1353
1192 1356
1193 1355
1194 1354
1195 1355
1196 1354
1197 1355
1198 1357
1199 1355
1200 1354
1201 1353
1202 1356
1203 1353
1204 1355
1205 1355
1206 1357
1207 1355
1208 1355
1209 1354
1210 1354
1211 1355
1212 1354
1213 1354
1214 1353
1215 1354
1216 1357
1217 1353
1218 1354
1219 1355
1220 1353
1221 1354
1222 1355
1223 1356
1224 1356
1225 1355
1226 1356
1227 1356
1228 1354
1229 1353
1230 1354
1231 1353
1232 1353
1233 1356
1234 1356
1235 1356
1236 1355
1237 1356
1238 1356
1239 1356
1240 1358
1241 1356
1242 1356
1243 1355
1244 1354
1245 1357
1246 1357
1247 1355
1248 1356
1249 1355
1250 1358
1251 1355
1252 1355
1253 1356
1254 1360
1255 1357
1256 1356
1257 1356
1258 1353
1259 1355
1260 1353
1261 1355
1262 1353
1263 1355
1264 1356
1265 1357
1266 1354
1267 1355
1268 1354
1269 1355
1270 1358
1271 1357
1272 1355
1273 1356
1274 1356
1275 1356
1276 1354
1277 1358
1278 1353
1279 1356
1280 1353
1281 1355
1282 1353
1283 1355
1284 1353
1285 1354
1286 1354
1287 1355
1288 1353
1289 1357
1290 1355
1291 1355
1292 1355
1293 1356
1294 1354
1295 1352
1296 1357
1297 1356
1298 1351
1299 1355
1300 1358
1301 1356
1302 1357
1303 1356
1304 1355
1305 1357
1306 1355
1307 1355
1308 1355
1309 1355
1310 1355
1311 1356
1312 1352
1313 1353
1314 1355
1315 1355
1316 1356
1317 1355
1318 1355
1319 1353
1320 1355
1321 1353
1322 1355
1323 1358
1324 1354
1325 1356
1326 1353
1327 1356
1328 1356
1329 1355
1330 1359
1331 1354
1332 1354
1333 1355
1334 1353
1335 1356
1336 1353
1337 1356
1338 1355
1339 1355
1340 1355
1341 1355
1342 1358
1343 1358
1344 1356
1345 1354
1346 1357
1347 1353
1348 1354
1349 1355
1350 1356
1351 1355
1352 1355
1353 1357
1354 1353
1355 1355
1356 1357
1357 1356
1358 1356
1359 1357
1360 1356
1361 1358
1362 1357
1363 1357
1364 1356
1365 1355
1366 1353
1367 1355
1368 1355
1369 1356
1370 1352
1371 1354
1372 1351
1373 1355
1374 1355
1375 1356
1376 1356
1377 1354
1378 1352
1379 1356
1380 1354
1381 1357
1382 1355
1383 1354
1384 1354
1385 1355
1386 1355
1387 1357
1388 1356
1389 1356
1390 1355
1391 1358
1392 1357
1393 1356
1394 1354
1395 1355
1396 1355
1397 1356
1398 1355
1399 1356
1400 1360
1401 1357
1402 1356
1403 1356
1404 1354
1405 1355
1406 1357
1407 1355
1408 1355
1409 1354
1410 1354
1411 1355
1412 1357
1413 1358
1414 1359
1415 1355
1416 1356
1417 1357
1418 1357
1419 1356
1420 1356
1421 1356
1422 1357
1423 1353
1424 1354
1425 1355
1426 1355
1427 1353
1428 1352
1429 1355
1430 1361
1431 1356
1432 1354
1433 1354
1434 1351
1435 1353
1436 1355
1437 1353
1438 1354
1439 1353
1440 1352
1441 1355
1442 1356
1443 1355
1444 1353
1445 1352
1446 1353
1447 1354
1448 1359
1449 1355
1450 1356
1451 1356
1452 1353
1453 1353
1454 1357
1455 1355
1456 1356
1457 1353
1458 1353
1459 1356
1460 1357
1461 1355
1462 1355
1463 1355
1464 1356
1465 1358
1466 1357
1467 1354
1468 1353
1469 1357
1470 1354
1471 1358
1472 1354
1473 1354
1474 1354
1475 1356
1476 1357
1477 1356
1478 1354
1479 1354
1480 1355
1481 1356
1482 1354
1483 1354
1484 1353
1485 1354
1486 1353
1487 1358
1488 1354
1489 1356
1490 1358
1491 1356
1492 1350
1493 1354
1494 1355
1495 1357
1496 1355
1497 1357
1498 1359
1499 1356
1500 1355
1501 1357
1502 1357
1503 1356
1504 1353
1505 1356
1506 1356
1507 1356
1508 1352
1509 1356
1510 1354
1511 1356
1512 1357
1513 1356
1514 1354
1515 1357
1516 1355
1517 1357
1518 1352
1519 1355
1520 1355
1521 1357
1522 1355
1523 1357
1524 1353
1525 1356
1526 1355
1527 1353
1528 1355
1529 1353
1530 1356
1531 1353
1532 1355
1533 1355
1534 1355
1535 1358
1536 1357
1537 1357
1538 1355
1539 1356
1540 1356
1541 1358
1542 1358
1543 1356
1544 1354
1545 1356
1546 1355
1547 1359
1548 1355
1549 1356
1550 1355
1551 1355
1552 1353
1553 1356
1554 1355
1555 1356
1556 1355
1557 1359
1558 1352
1559 1356
1560 1355
1561 1356
1562 1356
1563 1356
1564 1354
1565 1355
1566 1354
1567 1356
1568 1353
1569 1353
1570 1355
1571 1357
1572 1357
1573 1356
1574 1355
1575 1357
1576 1355
1577 1356
1578 1358
1579 1356
1580 1352
1581 1356
1582 1356
1583 1355
1584 1355
1585 1356
1586 1353
1587 1354
1588 1355
1589 1355
1590 1357
1591 1358
1592 1356
1593 1356
1594 1356
1595 1355
1596 1354
1597 1355
1598 1355
1599 1356
1600 1354
1601 1354
1602 1356
1603 1358
1604 1357
1605 1356
1606 1357
1607 1355
1608 1358
1609 1355
1610 1358
1611 1354
1612 1355
1613 1357
1614 1355
1615 1357
1616 1356
1617 1356
1618 1354
1619 1357
1620 1357
1621 1353
1622 1357
1623 1352
1624 1357
1625 1355
1626 1354
1627 1356
1628 1356
1629 1357
1630 1354
1631 1355
1632 1353
1633 1356
1634 1355
1635 1356
1636 1356
1637 1357
1638 1357
1639 1354
1640 1355
1641 1356
1642 1356
1643 1353
1644 1354
1645 1352
1646 1354
1647 1353
1648 1353
1649 1355
1650 1356
1651 1355
1652 1357
1653 1354
1654 1355
1655 1354
1656 1355
1657 1354
1658 1354
1659 1352
1660 1355
1661 1356
1662 1354
1663 1355
1664 1356
1665 1356
1666 1355
1667 1354
1668 1355
1669 1355
1670 1357
1671 1355
1672 1352
1673 1354
1674 1356
1675 1356
1676 1352
1677 1352
1678 1353
1679 1356
1680 1357
1681 1357
1682 1355
1683 1354
1684 1356
1685 1356
1686 1355
1687 1357
1688 1355
1689 1355
1690 1354
1691 1353
1692 1356
1693 1358
1694 1356
1695 1356
1696 1355
1697 1356
1698 1356
1699 1354
1700 1356
1701 1357
1702 1359
1703 1358
1704 1355
1705 1356
1706 1357
1707 1356
1708 1350
1709 1356
1710 1357
1711 1357
1712 1354
1713 1354
1714 1358
1715 1356
1716 1353
1717 1354
1718 1355
1719 1356
1720 1355
1721 1356
1722 1357
1723 1355
1724 1355
1725 1356
1726 1355
1727 1353
1728 1357
1729 1354
1730 1357
1731 1355
1732 1355
1733 1356
1734 1354
1735 1355
1736 1353
1737 1354
1738 1357
1739 1355
1740 1354
1741 1354
1742 1357
1743 1351
1744 1350
1745 1356
1746 1356
1747 1355
1748 1356
1749 1357
1750 1355
1751 1355
1752 1356
1753 1354
1754 1357
1755 1357
1756 1356
1757 1356
1758 1357
1759 1356
1760 1357
1761 1354
1762 1355
1763 1356
1764 1353
1765 1356
1766 1356
1767 1356
1768 1355
1769 1358
1770 1356
1771 1357
1772 1354
1773 1354
1774 1357
1775 1355
1776 1356
1777 1356
1778 1353
1779 1356
1780 1357
1781 1357
1782 1354
1783 1354
1784 1357
1785 1354
1786 1354
1787 1352
1788 1354
1789 1356
1790 1353
1791 1356
1792 1356
1793 1354
1794 1357
1795 1356
1796 1354
1797 1355
1798 1354
1799 1355
1800 1356
1801 1356
1802 1356
1803 1355
1804 1355
1805 1356
1806 1355
1807 1356
1808 1353
1809 1356
1810 1357
1811 1354
1812 1357
1813 1356
1814 1356
1815 1354
1816 1357
1817 1356
1818 1358
1819 1355
1820 1357
1821 1354
1822 1355
1823 1355
1824 1357
1825 1355
1826 1354
1827 1357
1828 1357
1829 1358
1830 1353
1831 1356
1832 1357
1833 1355
1834 1355
1835 1353
1836 1353
1837 1355
1838 1354
1839 1354
1840 1356
1841 1354
1842 1354
1843 1356
1844 1356
1845 1356
1846 1354
1847 1355
1848 1356
1849 1356
1850 1354
1851 1358
1852 1357
1853 1356
1854 1355
1855 1355
1856 1354
1857 1354
1858 1353
1859 1354
1860 1356
1861 1355
1862 1357
1863 1355
1864 1355
1865 1352
1866 1354
1867 1355
1868 1353
1869 1352
1870 1356
1871 1356
1872 1352
1873 1354
1874 1354
1875 1353
1876 1354
1877 1353
1878 1354
1879 1355
1880 1355
1881 1355
1882 1356
1883 1354
1884 1357
1885 1356
1886 1357
1887 1354
1888 1356
1889 1356
1890 1356
1891 1355
1892 1354
1893 1354
1894 1355
1895 1353
1896 1355
1897 1352
1898 1355
1899 1353
1900 1357
1901 1355
1902 1355
1903 1355
1904 1356
1905 1356
1906 1356
1907 1353
1908 1355
1909 1354
1910 1352
1911 1356
1912 1356
1913 1354
1914 1357
1915 1355
1916 1354
1917 1356
1918 1355
1919 1355
1920 1355
1921 1352
1922 1356
1923 1354
1924 1352
1925 1354
1926 1355
1927 1351
1928 1357
1929 1355
1930 1357
1931 1355
1932 1359
1933 1355
1934 1357
1935 1356
1936 1356
1937 1353
1938 1358
1939 1354
1940 1358
1941 1354
1942 1357
1943 1353
1944 1353
1945 1354
1946 1357
1947 1354
1948 1354
1949 1355
1950 1357
1951 1352
1952 1358
1953 1352
1954 1353
1955 1354
1956 1356
1957 1354
1958 1356
1959 1353
1960 1355
1961 1357
1962 1353
1963 1353
1964 1355
1965 1352
1966 1357
1967 1355
1968 1356
1969 1353
1970 1356
1971 1356
1972 1354
1973 1353
1974 1355
1975 1354
1976 1356
1977 1355
1978 1356
1979 1352
1980 1355
1981 1354
1982 1355
1983 1353
1984 1354
1985 1353
1986 1356
1987 1352
1988 1354
1989 1352
1990 1355
1991 1354
1992 1356
1993 1353
1994 1356
1995 1356
1996 1353
1997 1354
1998 1355
1999 1356
2000 1357
2001 1355
2002 1355
2003 1354
2004 1357
2005 1354
2006 1360
2007 1356
2008 1357
2009 1355
2010 1354
2011 1354
2012 1353
2013 1352
2014 1353
2015 1356
2016 1357
2017 1355
2018 1352
2019 1354
2020 1351
2021 1353
2022 1354
2023 1356
2024 1354
2025 1355
2026 1356
2027 1353
2028 1353
2029 1353
2030 1357
2031 1356
2032 1357
2033 1357
2034 1358
2035 1357
2036 1355
2037 1356
2038 1357
2039 1354
2040 1356
2041 1353
2042 1352
2043 1354
2044 1354
2045 1357
2046 1355
2047 1356
2048 1353
2049 1352
2050 1357
2051 1357
2052 1356
2053 1354
2054 1355
2055 1354
2056 1353
2057 1355
2058 1354
2059 1354
2060 1355
2061 1355
2062 1354
2063 1353
2064 1357
2065 1356
2066 1356
2067 1353
2068 1358
2069 1356
2070 1357
2071 1355
2072 1357
2073 1355
2074 1357
2075 1354
2076 1354
2077 1353
2078 1355
2079 1351
2080 1357
2081 1354
2082 1358
2083 1352
2084 1358
2085 1353
2086 1358
2087 1356
2088 1350
2089 1355
2090 1356
2091 1355
2092 1355
2093 1357
2094 1356
2095 1356
2096 1356
2097 1357
2098 1355
2099 1355
2100 1355
2101 1353
2102 1357
2103 1355
2104 1356
2105 1354
2106 1354
2107 1354
2108 1355
2109 1353
2110 1355
2111 1355
2112 1357
2113 1357
2114 1354
2115 1353
2116 1355
2117 1355
2118 1355
2119 1354
2120 1353
2121 1357
2122 1359
2123 1354
2124 1352
2125 1356
2126 1357
2127 1356
2128 1357
2129 1355
2130 1356
2131 1356
2132 1355
2133 1356
2134 1353
2135 1355
2136 1357
2137 1356
2138 1354
2139 1355
2140 1357
2141 1356
2142 1355
2143 1353
2144 1356
2145 1355
2146 1356
2147 1352
2148 1356
2149 1355
2150 1355
2151 1351
2152 1356
2153 1354
2154 1356
2155 1355
2156 1355
2157 1352
2158 1352
2159 1353
2160 1357
2161 1355
2162 1357
2163 1356
2164 1355
2165 1352
2166 1357
2167 1353
2168 1357
2169 1354
2170 1354
2171 1355
2172 1356
2173 1356
2174 1358
2175 1354
2176 1357
2177 1356
2178 1357
2179 1355
2180 1357
2181 1354
2182 1356
2183 1353
2184 1354
2185 1354
2186 1357
2187 1355
2188 1353
2189 1357
2190 1356
2191 1357
2192 1354
2193 1357
2194 1355
2195 1356
2196 1355
2197 1353
2198 1355
2199 1354
2200 1353
2201 1355
2202 1356
2203 1357
2204 1354
2205 1354
2206 1356
2207 1353
2208 1352
2209 1352
2210 1352
2211 1355
2212 1354
2213 1353
2214 1356
2215 1354
2216 1356
2217 1356
2218 1353
2219 1355
2220 1355
2221 1356
2222 1356
2223 1355
2224 1359
2225 1356
2226 1354
2227 1356
2228 1354
2229 1354
2230 1355
2231 1356
2232 1352
2233 1355
2234 1355
2235 1354
2236 1354
2237 1355
2238 1354
2239 1353
2240 1356
2241 1357
2242 1355
2243 1357
2244 1354
2245 1357
2246 1358
2247 1356
2248 1352
2249 1357
2250 1357
2251 1354
2252 1355
2253 1356
2254 1356
2255 1355
2256 1355
2257 1356
2258 1356
2259 1356
2260 1356
2261 1356
2262 1355
2263 1353
2264 1355
2265 1358
2266 1353
2267 1356
2268 1352
2269 1355
2270 1351
2271 1355
2272 1356
2273 1354
2274 1354
2275 1354
2276 1354
2277 1354
2278 1354
2279 1352
2280 1357
2281 1359
2282 1355
2283 1355
2284 1356
2285 1354
2286 1354
2287 1353
2288 1355
2289 1355
2290 1357
2291 1354
2292 1356
2293 1355
2294 1354
2295 1357
2296 1352
2297 1356
2298 1356
2299 1356
2300 1355
2301 1354
2302 1356
2303 1356
2304 1357
2305 1357
2306 1355
2307 1358
2308 1357
2309 1355
2310 1357
2311 1354
2312 1354
2313 1356
2314 1353
2315 1357
2316 1357
2317 1358
2318 1354
2319 1356
2320 1352
2321 1355
2322 1356
2323 1356
2324 1355
2325 1355
2326 1352
2327 1354
2328 1352
2329 1354
2330 1353
2331 1354
2332 1352
2333 1356
2334 1355
2335 1356
2336 1357
2337 1357
2338 1353
2339 1356
2340 1356
2341 1355
2342 1356
2343 1356
2344 1356
2345 1353
2346 1355
2347 1355
2348 1353
2349 1357
2350 1359
2351 1356
2352 1355
2353 1354
2354 1354
2355 1356
2356 1358
2357 1357
2358 1356
2359 1355
2360 1353
2361 1354
2362 1352
2363 1355
2364 1355
2365 1357
2366 1359
2367 1356
2368 1356
2369 1355
2370 1355
2371 1355
2372 1355
2373 1357
2374 1356
2375 1359
2376 1355
2377 1356
2378 1354
2379 1356
2380 1357
2381 1356
2382 1356
2383 1355
2384 1357
2385 1357
2386 1354
2387 1357
2388 1356
2389 1354
2390 1354
2391 1356
2392 1354
2393 1353
2394 1357
2395 1356
2396 1357
2397 1355
2398 1356
2399 1354
2400 1356
2401 1355
2402 1352
2403 1354
2404 1355
2405 1356
2406 1355
2407 1355
2408 1353
2409 1357
2410 1355
2411 1356
2412 1354
2413 1356
2414 1353
2415 1355
2416 1356
2417 1353
2418 1353
2419 1355
2420 1352
2421 1353
2422 1354
2423 1354
2424 1356
2425 1356
2426 1353
2427 1356
2428 1357
2429 1354
2430 1355
2431 1355
2432 1357
2433 1357
2434 1357
2435 1354
2436 1357
2437 1353
2438 1353
2439 1357
2440 1357
2441 1356
2442 1353
2443 1355
2444 1355
2445 1355
2446 1356
2447 1356
2448 1358
2449 1352
2450 1355
2451 1356
2452 1354
2453 1356
2454 1355
2455 1358
2456 1353
2457 1356
2458 1354
2459 1354
2460 1354
2461 1354
2462 1356
2463 1358
2464 1357
2465 1355
2466 1352
2467 1354
2468 1354
2469 1354
2470 1358
2471 1355
2472 1356
2473 1356
2474 1353
2475 1353
2476 1357
2477 1359
2478 1356
2479 1353
2480 1354
2481 1356
2482 1355
2483 1356
2484 1351
2485 1354
2486 1359
2487 1355
2488 1353
2489 1354
2490 1357
2491 1356
2492 1353
2493 1354
2494 1356
2495 1356
2496 1355
2497 1354
2498 1356
2499 1353
2500 1353
2501 1354
2502 1351
2503 1352
2504 1355
2505 1354
2506 1354
2507 1356
2508 1356
2509 1355
2510 1353
2511 1354
2512 1357
2513 1356
2514 1357
2515 1351
2516 1354
2517 1356
2518 1354
2519 1353
2520 1355
2521 1356
2522 1355
2523 1357
2524 1354
2525 1353
2526 1352
2527 1354
2528 1352
2529 1355
2530 1355
2531 1357
2532 1357
2533 1355
2534 1354
2535 1355
2536 1355
2537 1354
2538 1354
2539 1356
2540 1357
2541 1355
2542 1354
2543 1353
2544 1355
2545 1355
2546 1356
2547 1357
2548 1357
2549 1356
2550 1355
2551 1352
2552 1354
2553 1358
2554 1356
2555 1357
2556 1354
2557 1356
2558 1354
2559 1356
2560 1357
2561 1357
2562 1357
2563 1355
2564 1356
2565 1355
2566 1357
2567 1355
2568 1352
2569 1355
2570 1355
2571 1355
2572 1353
2573 1356
2574 1355
2575 1357
2576 1354
2577 1356
2578 1356
2579 1355
2580 1355
2581 1355
2582 1354
2583 1354
2584 1355
2585 1354
2586 1355
2587 1356
2588 1358
2589 1355
2590 1358
2591 1356
2592 1355
2593 1356
2594 1355
2595 1355
2596 1353
2597 1353
2598 1355
2599 1356
2600 1359
2601 1356
2602 1354
2603 1355
2604 1356
2605 1354
2606 1355
2607 1355
2608 1351
2609 1355
2610 1352
2611 1354
2612 1357
2613 1356
2614 1355
2615 1356
2616 1356
2617 1353
2618 1354
2619 1356
2620 1356
2621 1354
2622 1355
2623 1354
2624 1353
2625 1352
2626 1354
2627 1356
2628 1353
2629 1355
2630 1360
2631 1356
2632 1354
2633 1353
2634 1354
2635 1353
2636 1354
2637 1354
2638 1356
2639 1356
2640 1355
2641 1355
2642 1354
2643 1355
2644 1357
2645 1357
2646 1354
2647 1359
2648 1356
2649 1356
2650 1357
2651 1356
2652 1357
2653 1355
2654 1356
2655 1353
2656 1357
2657 1356
2658 1356
2659 1355
2660 1357
2661 1357
2662 1355
2663 1355
2664 1355
2665 1355
2666 1357
2667 1354
2668 1357
2669 1356
2670 1356
2671 1355
2672 1355
2673 1358
2674 1357
2675 1356
2676 1353
2677 1354
2678 1357
2679 1356
2680 1355
2681 1356
2682 1355
2683 1356
2684 1358
2685 1355
2686 1356
2687 1355
2688 1356
2689 1355
2690 1356
2691 1355
2692 1355
2693 1357
2694 1352
2695 1352
2696 1355
2697 1356
2698 1356
2699 1356
2700 1356
2701 1356
2702 1357
2703 1356
2704 1357
2705 1354
2706 1355
2707 1357
2708 1357
2709 1356
2710 1357
2711 1354
2712 1357
2713 1354
2714 1355
2715 1355
2716 1355
2717 1354
2718 1355
2719 1355
2720 1355
2721 1352
2722 1357
2723 1353
2724 1356
2725 1356
2726 1355
2727 1355
2728 1354
2729 1353
2730 1356
2731 1356
2732 1356
2733 1355
2734 1355
2735 1353
2736 1355
2737 1356
2738 1356
2739 1354
2740 1356
2741 1353
2742 1354
2743 1352
2744 1358
2745 1355
2746 1355
2747 1353
2748 1355
2749 1357
2750 1355
2751 1352
2752 1352
2753 1353
2754 1355
2755 1351
2756 1354
2757 1352
2758 1353
2759 1354
2760 1358
2761 1356
2762 1356
2763 1354
2764 1355
2765 1351
2766 1354
2767 1351
2768 1355
2769 1354
2770 1356
2771 1354
2772 1359
2773 1356
2774 1355
2775 1353
2776 1355
2777 1353
2778 1353
2779 1353
2780 1354
2781 1355
2782 1357
2783 1355
2784 1354
2785 1351
2786 1358
2787 1353
2788 1352
2789 1354
2790 1357
2791 1355
2792 1355
2793 1354
2794 1355
2795 1356
2796 1355
2797 1352
2798 1355
2799 1352
2800 1355
2801 1358
2802 1357
2803 1356
2804 1358
2805 1353
2806 1355
2807 1356
2808 1353
2809 1354
2810 1354
2811 1356
2812 1357
2813 1354
2814 1356
2815 1356
2816 1355
2817 1352
2818 1354
2819 1353
2820 1358
2821 1356
2822 1354
2823 1355
2824 1356
2825 1355
2826 1357
2827 1356
2828 1357
2829 1356
2830 1357
2831 1356
2832 1358
2833 1355
2834 1357
2835 1355
2836 1357
2837 1355
2838 1356
2839 1357
2840 1356
2841 1354
2842 1354
2843 1352
2844 1355
2845 1354
2846 1354
2847 1353
2848 1354
2849 1354
2850 1358
2851 1354
2852 1356
2853 1356
2854 1356
2855 1355
2856 1354
2857 1355
2858 1354
2859 1353
2860 1355
2861 1355
2862 1358
2863 1358
2864 1357
2865 1355
2866 1357
2867 1356
2868 1355
2869 1355
2870 1355
2871 1355
2872 1356
2873 1355
2874 1354
2875 1356
2876 1354
2877 1356
2878 1359
2879 1355
2880 1357
2881 1357
2882 1357
2883 1355
2884 1357
2885 1356
2886 1357
2887 1353
2888 1357
2889 1356
2890 1354
2891 1357
2892 1356
2893 1356
2894 1355
2895 1355
2896 1355
2897 1357
2898 1357
2899 1356
2900 1355
2901 1356
2902 1357
2903 1354
2904 1357
2905 1351
2906 1357
2907 1356
2908 1355
2909 1355
2910 1352
2911 1355
2912 1356
2913 1354
2914 1353
2915 1355
2916 1355
2917 1355
2918 1353
2919 1357
2920 1356
2921 1356
2922 1354
2923 1353
2924 1355
2925 1357
2926 1356
2927 1356
2928 1354
2929 1356
2930 1354
2931 1357
2932 1357
2933 1355
2934 1354
2935 1353
2936 1353
2937 1354
2938 1353
2939 1352
2940 1356
2941 1356
2942 1354
2943 1356
2944 1355
2945 1357
2946 1355
2947 1354
2948 1353
2949 1357
2950 1357
2951 1358
2952 1354
2953 1355
2954 1354
2955 1354
2956 1354
2957 1354
2958 1356
2959 1355
2960 1352
2961 1354
2962 1354
2963 1355
2964 1355
2965 1355
2966 1357
2967 1355
2968 1352
2969 1355
2970 1356
2971 1356
2972 1357
2973 1356
2974 1351
2975 1354
2976 1357
2977 1356
2978 1352
2979 1354
2980 1356
2981 1359
2982 1355
2983 1355
2984 1354
2985 1356
2986 1354
2987 1354
2988 1352
2989 1353
2990 1354
2991 1354
2992 1355
2993 1354
2994 1356
2995 1357
2996 1352
2997 1354
2998 1355
2999 1356
3000 1353
3001 1356
3002 1352
3003 1355
3004 1355
3005 1351
3006 1356
3007 1353
3008 1354
3009 1356
3010 1355
3011 1353
3012 1354
3013 1354
3014 1354
3015 1354
3016 1355
3017 1356
3018 1355
3019 1356
3020 1357
3021 1355
3022 1354
3023 1355
3024 1354
3025 1354
3026 1356
3027 1356
3028 1356
3029 1355
3030 1355
3031 1356
3032 1357
3033 1357
3034 1357
3035 1356
3036 1354
3037 1353
3038 1353
3039 1356
3040 1358
3041 1354
3042 1354
3043 1355
3044 1357
3045 1356
3046 1356
3047 1354
3048 1353
3049 1355
3050 1354
3051 1354
3052 1355
3053 1356
3054 1354
3055 1355
3056 1358
3057 1355
3058 1355
3059 1351
3060 1354
3061 1356
3062 1358
3063 1355
3064 1354
3065 1353
3066 1357
3067 1356
3068 1357
3069 1355
3070 1356
3071 1356
3072 1354
3073 1354
3074 1355
3075 1354
3076 1356
3077 1355
3078 1356
3079 1355
3080 1357
3081 1356
3082 1353
3083 1354
3084 1354
3085 1356
3086 1357
3087 1353
3088 1355
3089 1354
3090 1357
3091 1355
3092 1356
3093 1353
3094 1354
3095 1354
3096 1355
3097 1354
3098 1357
3099 1356
3100 1356
3101 1354
3102 1358
3103 1356
3104 1357
3105 1356
3106 1355
3107 1350
3108 1355
3109 1357
3110 1355
3111 1356
3112 1356
3113 1355
3114 1355
3115 1354
3116 1355
3117 1357
3118 1355
3119 1352
3120 1352
3121 1354
3122 1355
3123 1353
3124 1354
3125 1357
3126 1356
3127 1356
3128 1358
3129 1354
3130 1354
3131 1351
3132 1355
3133 1357
3134 1357
3135 1356
3136 1354
3137 1354
3138 1353
3139 1356
3140 1356
3141 1354
3142 1356
3143 1354
3144 1353
3145 1354
3146 1354
3147 1353
3148 1355
3149 1352
3150 1354
3151 1355
3152 1356
3153 1357
3154 1353
3155 1358
3156 1357
3157 1355
3158 1356
3159 1357
3160 1355
3161 1357
3162 1355
3163 1355
3164 1353
3165 1352
3166 1356
3167 1352
3168 1353
3169 1354
3170 1359
3171 1356
3172 1355
3173 1355
3174 1357
3175 1355
3176 1355
3177 1355
3178 1353
3179 1356
3180 1353
3181 1356
3182 1355
3183 1356
3184 1357
3185 1356
3186 1357
3187 1354
3188 1353
3189 1356
3190 1354
3191 1354
3192 1355
3193 1353
3194 1354
3195 1354
3196 1356
3197 1355
3198 1355
3199 1355
3200 1359
3201 1357
3202 1356
3203 1355
3204 1356
3205 1356
3206 1354
3207 1353
3208 1356
3209 1353
3210 1353
3211 1355
3212 1356
3213 1355
3214 1354
3215 1356
3216 1355
3217 1355
3218 1358
3219 1356
3220 1354
3221 1355
3222 1355
3223 1355
3224 1357
3225 1357
3226 1356
3227 1359
3228 1355
3229 1357
3230 1357
3231 1357
3232 1356
3233 1353
3234 1357
3235 1355
3236 1356
3237 1352
3238 1355
3239 1356
3240 1357
3241 1354
3242 1356
3243 1355
3244 1356
3245 1356
3246 1354
3247 1357
3248 1357
3249 1355
3250 1356
3251 1355
3252 1355
3253 1356
3254 1354
3255 1356
3256 1355
3257 1356
3258 1355
3259 1355
3260 1356
3261 1355
3262 1356
3263 1357
3264 1355
3265 1354
3266 1354
3267 1355
3268 1353
3269 1356
3270 1356
3271 1356
3272 1356
3273 1355
3274 1355
3275 1354
3276 1357
3277 1355
3278 1357
3279 1356
3280 1352
3281 1356
3282 1355
3283 1358
3284 1356
3285 1354
3286 1356
3287 1354
3288 1356
3289 1357
3290 1355
3291 1356
3292 1354
3293 1357
3294 1356
3295 1355
3296 1354
3297 1352
3298 1353
3299 1355
3300 1355
3301 1355
3302 1357
3303 1355
3304 1359
3305 1355
3306 1357
3307 1354
3308 1356
3309 1353
3310 1354
3311 1356
3312 1356
3313 1355
3314 1353
3315 1356
3316 1357
3317 1357
3318 1354
3319 1357
3320 1354
3321 1358
3322 1355
3323 1356
3324 1357
3325 1357
3326 1356
3327 1354
3328 1353
3329 1356
3330 1355
3331 1357
3332 1354
3333 1354
3334 1356
3335 1353
3336 1355
3337 1357
3338 1355
3339 1358
3340 1356
3341 1357
3342 1357
3343 1357
3344 1354
3345 1354
3346 1357
3347 1356
3348 1357
3349 1355
3350 1356
3351 1356
3352 1358
3353 1356
3354 1356
3355 1353
3356 1356
3357 1355
3358 1355
3359 1353
3360 1358
3361 1355
3362 1357
3363 1354
3364 1357
3365 1355
3366 1356
3367 1355
3368 1354
3369 1355
3370 1353
3371 1354
3372 1354
3373 1354
3374 1354
3375 1356
3376 1354
3377 1357
3378 1354
3379 1355
3380 1357
3381 1357
3382 1356
3383 1356
3384 1353
3385 1357
3386 1355
3387 1358
3388 1355
3389 1356
3390 1357
3391 1354
3392 1358
3393 1357
3394 1355
3395 1356
3396 1354
3397 1357
3398 1355
3399 1355
3400 1353
3401 1356
3402 1356
3403 1356
3404 1356
3405 1357
3406 1356
3407 1355
3408 1354
3409 1354
3410 1355
3411 1356
3412 1356
3413 1354
3414 1355
3415 1355
3416 1357
3417 1357
3418 1357
3419 1357
3420 1356
3421 1355
3422 1353
3423 1355
3424 1355
3425 1355
3426 1354
3427 1354
3428 1356
3429 1356
3430 1354
3431 1355
3432 1357
3433 1355
3434 1355
3435 1356
3436 1357
3437 1356
3438 1353
3439 1356
3440 1353
3441 1355
3442 1356
3443 1356
3444 1355
3445 1353
3446 1354
3447 1355
3448 1356
3449 1357
3450 1357
3451 1356
3452 1356
3453 1356
3454 1357
3455 1356
3456 1355
3457 1356
3458 1353
3459 1355
3460 1355
3461 1354
3462 1356
3463 1355
3464 1357
3465 1355
3466 1353
3467 1355
3468 1357
3469 1356
3470 1357
3471 1358
3472 1358
3473 1358
3474 1353
3475 1357
3476 1354
3477 1356
3478 1356
3479 1354
3480 1356
3481 1355
3482 1357
3483 1355
3484 1355
3485 1353
3486 1353
3487 1350
3488 1351
3489 1354
3490 1356
3491 1354
3492 1356
3493 1352
3494 1354
3495 1351
3496 1356
3497 1356
3498 1355
3499 1356
3500 1356
3501 1354
3502 1354
3503 1355
3504 1355
3505 1353
3506 1356
3507 1355
3508 1356
3509 1356
3510 1356
3511 1356
3512 1354
3513 1357
3514 1355
3515 1356
3516 1354
3517 1354
3518 1354
3519 1358
3520 1358
3521 1356
3522 1355
3523 1356
3524 1353
3525 1354
3526 1354
3527 1357
3528 1353
3529 1355
3530 1354
3531 1354
3532 1353
3533 1357
3534 1357
3535 1357
3536 1356
3537 1356
3538 1357
3539 1356
3540 1356
3541 1353
3542 1356
3543 1352
3544 1354
3545 1357
3546 1355
3547 1354
3548 1356
3549 1358
3550 1357
3551 1357
3552 1354
3553 1359
3554 1353
3555 1357
3556 1356
3557 1357
3558 1356
3559 1352
3560 1355
3561 1357
3562 1357
3563 1356
3564 1361
3565 1358
3566 1358
3567 1357
3568 1357
3569 1356
3570 1359
3571 1354
3572 1355
3573 1354
3574 1355
3575 1358
3576 1357
3577 1355
3578 1354
3579 1356
3580 1356
3581 1355
3582 1357
3583 1353
3584 1358
3585 1356
3586 1359
3587 1357
3588 1356
3589 1357
3590 1355
3591 1356
3592 1357
3593 1355
3594 1357
3595 1357
3596 1355
3597 1354
3598 1354
3599 1355
3600 1355
3601 1356
3602 1355
3603 1359
3604 1360
3605 1355
3606 1357
3607 1352
3608 1354
3609 1355
3610 1358
3611 1356
3612 1356
3613 1356
3614 1356
3615 1354
3616 1355
3617 1356
3618 1355
3619 1352
3620 1357
3621 1354
3622 1356
3623 1355
3624 1355
3625 1358
3626 1358
3627 1356
3628 1355
3629 1354
3630 1354
3631 1355
3632 1356
3633 1355
3634 1355
3635 1357
3636 1355
3637 1356
3638 1355
3639 1355
3640 1357
3641 1358
3642 1359
3643 1354
3644 1354
3645 1354
3646 1357
3647 1357
3648 1359
3649 1356
3650 1357
3651 1356
3652 1357
3653 1356
3654 1355
3655 1355
3656 1359
3657 1354
3658 1358
3659 1356
3660 1356
3661 1357
3662 1357
3663 1356
3664 1356
3665 1357
3666 1355
3667 1356
3668 1355
3669 1355
3670 1358
3671 1356
3672 1356
3673 1358
3674 1355
3675 1356
3676 1354
3677 1353
3678 1353
3679 1355
3680 1358
3681 1354
3682 1356
3683 1357
3684 1356
3685 1356
3686 1357
3687 1358
3688 1355
3689 1354
3690 1353
3691 1356
3692 1358
3693 1354
3694 1351
3695 1357
3696 1357
3697 1354
3698 1354
3699 1356
3700 1355
3701 1355
3702 1355
3703 1353
3704 1356
3705 1356
3706 1357
3707 1355
3708 1353
3709 1355
3710 1357
3711 1356
3712 1358
3713 1356
3714 1356
3715 1356
3716 1356
3717 1357
3718 1358
3719 1353
3720 1357
3721 1355
3722 1354
3723 1354
3724 1354
3725 1357
3726 1357
3727 1357
3728 1356
3729 1357
3730 1357
3731 1356
3732 1357
3733 1355
3734 1355
3735 1355
3736 1357
3737 1355
3738 1357
3739 1358
3740 1357
3741 1357
3742 1356
3743 1358
3744 1357
3745 1357
3746 1356
3747 1354
3748 1355
3749 1357
3750 1356
3751 1355
3752 1356
3753 1356
3754 1356
3755 1355
3756 1356
3757 1357
3758 1356
3759 1355
3760 1356
3761 1357
3762 1353
3763 1355
3764 1354
3765 1354
3766 1356
3767 1353
3768 1353
3769 1355
3770 1357
3771 1356
3772 1353
3773 1356
3774 1356
3775 1356
3776 1357
3777 1352
3778 1353
3779 1356
3780 1356
3781 1355
3782 1355
3783 1354
3784 1359
3785 1355
3786 1356
3787 1354
3788 1355
3789 1356
3790 1355
3791 1356
3792 1355
3793 1353
3794 1352
3795 1357
3796 1358
3797 1357
3798 1355
3799 1358
3800 1359
3801 1358
3802 1357
3803 1359
3804 1358
3805 1356
3806 1356
3807 1356
3808 1357
3809 1356
3810 1359
3811 1357
3812 1356
3813 1356
3814 1357
3815 1355
3816 1354
3817 1357
3818 1357
3819 1356
3820 1354
3821 1354
3822 1356
3823 1355
3824 1356
3825 1356
3826 1357
3827 1354
3828 1353
3829 1354
3830 1355
3831 1353
3832 1355
3833 1357
3834 1357
3835 1359
3836 1357
3837 1357
3838 1356
3839 1354
3840 1356
3841 1356
3842 1355
3843 1354
3844 1355
3845 1354
3846 1355
3847 1354
3848 1354
3849 1353
3850 1354
3851 1351
3852 1354
3853 1356
3854 1357
3855 1355
3856 1357
3857 1356
3858 1355
3859 1354
3860 1357
3861 1355
3862 1356
3863 1356
3864 1356
3865 1356
3866 1356
3867 1354
3868 1354
3869 1357
3870 1357
3871 1358
3872 1356
3873 1356
3874 1355
3875 1356
3876 1356
3877 1358
3878 1357
3879 1356
3880 1354
3881 1353
3882 1356
3883 1355
3884 1355
3885 1358
3886 1357
3887 1355
3888 1357
3889 1356
3890 1354
3891 1358
3892 1355
3893 1356
3894 1355
3895 1353
3896 1355
3897 1356
3898 1352
3899 1357
3900 1358
3901 1356
3902 1356
3903 1357
3904 1356
3905 1358
3906 1356
3907 1358
3908 1355
3909 1355
3910 1357
3911 1355
3912 1355
3913 1355
3914 1356
3915 1358
3916 1357
3917 1357
3918 1356
3919 1356
3920 1357
3921 1357
3922 1356
3923 1358
3924 1355
3925 1357
3926 1355
3927 1355
3928 1355
3929 1356
3930 1360
3931 1357
3932 1352
3933 1356
3934 1355
3935 1353
3936 1355
3937 1356
3938 1356
3939 1354
3940 1356
3941 1354
3942 1354
3943 1355
3944 1354
3945 1356
3946 1356
3947 1356
3948 1356
3949 1354
3950 1357
3951 1357
3952 1357
3953 1355
3954 1355
3955 1357
3956 1360
3957 1356
3958 1352
3959 1357
3960 1358
3961 1356
3962 1356
3963 1357
3964 1354
3965 1355
3966 1357
3967 1358
3968 1358
3969 1356
3970 1354
3971 1355
3972 1354
3973 1353
3974 1355
3975 1356
3976 1356
3977 1355
3978 1354
3979 1353
3980 1353
3981 1356
3982 1357
3983 1356
3984 1356
3985 1358
3986 1357
3987 1355
3988 1354
3989 1358
3990 1358
3991 1359
3992 1356
3993 1357
3994 1355
3995 1356
3996 1356
3997 1355
3998 1354
3999 1357
