0 1356
1 1355
2 1357
3 1358
4 1356
5 1355
6 1356
7 1356
8 1356
9 1356
10 1357
11 1354
12 1357
13 1354
14 1356
15 1358
16 1356
17 1359
18 1356
19 1357
20 1360
21 1357
22 1357
23 1357
24 1356
25 1356
26 1356
27 1357
28 1357
29 1357
30 1355
31 1354
32 1359
33 1356
34 1355
35 1354
36 1356
37 1357
38 1356
39 1355
40 1357
41 1352
42 1356
43 1358
44 1358
45 1358
46 1356
47 1358
48 1357
49 1354
50 1355
51 1356
52 1355
53 1355
54 1356
55 1352
56 1357
57 1356
58 1357
59 1359
60 1358
61 1358
62 1359
63 1355
64 1353
65 1355
66 1357
67 1355
68 1354
69 1356
70 1357
71 1360
72 1355
73 1359
74 1359
75 1357
76 1356
77 1354
78 1356
79 1357
80 1355
81 1356
82 1358
83 1358
84 1357
85 1356
86 1355
87 1358
88 1357
89 1357
90 1357
91 1358
92 1354
93 1355
94 1354
95 1356
96 1357
97 1355
98 1356
99 1355
100 1357
101 1357
102 1357
103 1358
104 1356
105 1358
106 1356
107 1358
108 1354
109 1355
110 1353
111 1358
112 1357
113 1357
114 1356
115 1357
116 1356
117 1357
118 1355
119 1356
120 1355
121 1356
122 1356
123 1354
124 1354
125 1355
126 1355
127 1356
128 1357
129 1355
130 1357
131 1357
132 1356
133 1356
134 1357
135 1358
136 1355
137 1355
138 1357
139 1354
140 1357
141 1353
142 1355
143 1356
144 1357
145 1356
146 1357
147 1358
148 1356
149 1356
150 1356
151 1356
152 1353
153 1357
154 1355
155 1356
156 1358
157 1353
158 1356
159 1356
160 1356
161 1356
162 1357
163 1358
164 1356
165 1357
166 1358
167 1355
168 1354
169 1354
170 1354
171 1356
172 1356
173 1356
174 1356
175 1355
176 1358
177 1355
178 1355
179 1356
180 1355
181 1355
182 1355
183 1356
184 1357
185 1354
186 1355
187 1357
188 1356
189 1354
190 1355
191 1356
192 1358
193 1356
194 1354
195 1355
196 1355
197 1357
198 1356
199 1357
200 1356
201 1355
202 1357
203 1357
204 1359
205 1357
206 1357
207 1359
208 1356
209 1360
210 1355
211 1356
212 1356
213 1357
214 1357
215 1358
216 1354
217 1357
218 1355
219 1355
220 1357
221 1357
222 1357
223 1357
224 1355
225 1357
226 1353
227 1358
228 1354
229 1355
230 1356
231 1357
232 1355
233 1357
234 1354
235 1357
236 1357
237 1356
238 1356
239 1355
240 1356
241 1357
242 1357
243 1358
244 1357
245 1357
246 1354
247 1357
248 1355
249 1355
250 1354
251 1356
252 1357
253 1356
254 1356
255 1358
256 1356
257 1355
258 1355
259 1355
260 1356
261 1355
262 1354
263 1357
264 1360
265 1356
266 1356
267 1354
268 1356
269 1356
270 1354
271 1358
272 1356
273 1357
274 1356
275 1356
276 1356
277 1356
278 1355
279 1357
280 1360
281 1358
282 1354
283 1353
284 1356
285 1357
286 1356
287 1353
288 1354
289 1356
290 1357
291 1357
292 1354
293 1357
294 1357
295 1354
296 1354
297 1355
298 1357
299 1357
300 1356
301 1357
302 1354
303 1353
304 1356
305 1356
306 1357
307 1356
308 1358
309 1356
310 1356
311 1354
312 1355
313 1354
314 1354
315 1358
316 1355
317 1355
318 1355
319 1357
320 1355
321 1355
322 1354
323 1353
324 1355
325 1357
326 1357
327 1359
328 1354
329 1357
330 1357
331 1357
332 1356
333 1357
334 1355
335 1355
336 1354
337 1355
338 1355
339 1356
340 1353
341 1357
342 1355
343 1357
344 1355
345 1357
346 1356
347 1357
348 1357
349 1359
350 1355
351 1357
352 1354
353 1357
354 1354
355 1357
356 1357
357 1359
358 1359
359 1357
360 1357
361 1358
362 1354
363 1358
364 1360
365 1356
366 1356
367 1357
368 1357
369 1356
370 1357
371 1357
372 1353
373 1356
374 1355
375 1355
376 1356
377 1356
378 1352
379 1357
380 1356
381 1356
382 1356
383 1357
384 1356
385 1359
386 1356
387 1357
388 1356
389 1356
390 1358
391 1358
392 1355
393 1356
394 1353
395 1354
396 1356
397 1357
398 1355
399 1355
400 1355
401 1358
402 1359
403 1358
404 1356
405 1355
406 1353
407 1359
408 1356
409 1356
410 1356
411 1357
412 1355
413 1358
414 1353
415 1356
416 1353
417 1356
418 1357
419 1357
420 1355
421 1357
422 1356
423 1356
424 1354
425 1355
426 1356
427 1356
428 1356
429 1357
430 1355
431 1355
432 1354
433 1357
434 1357
435 1356
436 1354
437 1355
438 1354
439 1353
440 1355
441 1357
442 1356
443 1357
444 1356
445 1357
446 1355
447 1353
448 1358
449 1356
450 1355
451 1358
452 1358
453 1356
454 1356
455 1356
456 1357
457 1358
458 1357
459 1356
460 1355
461 1357
462 1354
463 1355
464 1354
465 1357
466 1356
467 1357
468 1357
469 1357
470 1357
471 1357
472 1356
473 1355
474 1354
475 1356
476 1358
477 1356
478 1357
479 1357
480 1357
481 1359
482 1356
483 1357
484 1356
485 1357
486 1355
487 1357
488 1355
489 1357
490 1353
491 1358
492 1353
493 1357
494 1354
495 1357
496 1355
497 1355
498 1356
499 1356
500 1355
501 1356
502 1353
503 1357
504 1356
505 1356
506 1354
507 1358
508 1355
509 1357
510 1357
511 1355
512 1355
513 1357
514 1356
515 1360
516 1356
517 1355
518 1356
519 1357
520 1356
521 1357
522 1356
523 1355
524 1353
525 1355
526 1356
527 1355
528 1352
529 1357
530 1356
531 1360
532 1356
533 1357
534 1357
535 1359
536 1360
537 1358
538 1360
539 1364
540 1371
541 1377
542 1390
543 1405
544 1417
545 1437
546 1459
547 1477
548 1498
549 1518
550 1534
551 1557
552 1575
553 1587
554 1599
555 1604
556 1614
557 1617
558 1620
559 1620
560 1620
561 1617
562 1614
563 1610
564 1603
565 1597
566 1588
567 1582
568 1576
569 1564
570 1553
571 1547
572 1536
573 1530
574 1520
575 1514
576 1505
577 1500
578 1490
579 1483
580 1477
581 1469
582 1464
583 1458
584 1453
585 1447
586 1439
587 1437
588 1430
589 1425
590 1421
591 1420
592 1410
593 1407
594 1399
595 1400
596 1393
597 1393
598 1388
599 1387
600 1384
601 1388
602 1382
603 1380
604 1378
605 1376
606 1372
607 1375
608 1370
609 1373
610 1369
611 1370
612 1368
613 1370
614 1367
615 1367
616 1365
617 1366
618 1362
619 1364
620 1361
621 1363
622 1359
623 1362
624 1361
625 1365
626 1363
627 1362
628 1359
629 1361
630 1361
631 1359
632 1357
633 1360
634 1361
635 1361
636 1358
637 1358
638 1358
639 1362
640 1357
641 1358
642 1356
643 1359
644 1359
645 1355
646 1357
647 1359
648 1355
649 1358
650 1355
651 1358
652 1356
653 1357
654 1356
655 1357
656 1358
657 1358
658 1356
659 1355
660 1352
661 1357
662 1356
663 1357
664 1357
665 1360
666 1355
667 1358
668 1355
669 1356
670 1358
671 1357
672 1356
673 1357
674 1356
675 1355
676 1357
677 1355
678 1352
679 1357
680 1355
681 1361
682 1357
683 1355
684 1356
685 1357
686 1357
687 1356
688 1356
689 1360
690 1357
691 1358
692 1355
693 1357
694 1356
695 1354
696 1355
697 1357
698 1358
699 1357
700 1355
701 1355
702 1354
703 1359
704 1356
705 1355
706 1358
707 1357
708 1353
709 1355
710 1357
711 1358
712 1355
713 1358
714 1354
715 1357
716 1355
717 1358
718 1353
719 1358
720 1355
721 1357
722 1357
723 1357
724 1356
725 1359
726 1357
727 1357
728 1357
729 1357
730 1357
731 1359
732 1357
733 1357
734 1355
735 1357
736 1354
737 1356
738 1356
739 1357
740 1356
741 1356
742 1355
743 1355
744 1355
745 1356
746 1355
747 1357
748 1356
749 1358
750 1356
751 1357
752 1355
753 1357
754 1356
755 1356
756 1356
757 1356
758 1357
759 1356
760 1353
761 1357
762 1355
763 1360
764 1356
765 1359
766 1358
767 1357
768 1355
769 1358
770 1354
771 1357
772 1355
773 1356
774 1355
775 1355
776 1355
777 1356
778 1355
779 1357
780 1356
781 1358
782 1356
783 1358
784 1355
785 1358
786 1356
787 1356
788 1356
789 1356
790 1357
791 1355
792 1357
793 1358
794 1356
795 1356
796 1354
797 1359
798 1356
799 1359
800 1354
801 1357
802 1356
803 1358
804 1357
805 1357
806 1357
807 1357
808 1355
809 1357
810 1356
811 1357
812 1354
813 1355
814 1358
815 1358
816 1357
817 1358
818 1356
819 1357
820 1358
821 1359
822 1356
823 1357
824 1356
825 1358
826 1355
827 1357
828 1357
829 1359
830 1356
831 1356
832 1356
833 1357
834 1357
835 1356
836 1357
837 1357
838 1357
839 1356
840 1357
841 1358
842 1362
843 1356
844 1357
845 1355
846 1357
847 1356
848 1358
849 1356
850 1356
851 1358
852 1358
853 1360
854 1355
855 1360
856 1356
857 1358
858 1355
859 1357
860 1356
861 1355
862 1358
863 1356
864 1357
865 1355
866 1355
867 1357
868 1355
869 1357
870 1356
871 1359
872 1357
873 1357
874 1358
875 1358
876 1357
877 1355
878 1356
879 1360
880 1356
881 1359
882 1356
883 1357
884 1358
885 1356
886 1354
887 1358
888 1357
889 1356
890 1356
891 1357
892 1356
893 1353
894 1353
895 1357
896 1353
897 1358
898 1356
899 1357
900 1356
901 1356
902 1355
903 1356
904 1355
905 1359
906 1355
907 1356
908 1353
909 1357
910 1355
911 1358
912 1357
913 1357
914 1356
915 1360
916 1357
917 1357
918 1353
919 1353
920 1357
921 1355
922 1357
923 1358
924 1356
925 1355
926 1357
927 1357
928 1358
929 1355
930 1359
931 1357
932 1355
933 1355
934 1356
935 1357
936 1356
937 1356
938 1355
939 1355
940 1357
941 1357
942 1357
943 1356
944 1357
945 1358
946 1358
947 1361
948 1354
949 1355
950 1354
951 1355
952 1357
953 1357
954 1355
955 1357
956 1358
957 1357
958 1355
959 1355
960 1355
961 1357
962 1354
963 1355
964 1355
965 1359
966 1359
967 1359
968 1358
969 1355
970 1353
971 1356
972 1356
973 1357
974 1359
975 1358
976 1354
977 1356
978 1355
979 1358
980 1356
981 1358
982 1356
983 1357
984 1357
985 1355
986 1356
987 1357
988 1353
989 1355
990 1354
991 1356
992 1356
993 1357
994 1356
995 1360
996 1359
997 1358
998 1356
999 1358
1000 1355
1001 1357
1002 1357
1003 1357
1004 1355
1005 1357
1006 1356
1007 1358
1008 1355
1009 1357
1010 1357
1011 1358
1012 1358
1013 1355
1014 1356
1015 1357
1016 1355
1017 1358
1018 1357
1019 1356
1020 1357
1021 1356
1022 1356
1023 1358
1024 1355
1025 1358
1026 1357
1027 1356
1028 1357
1029 1358
1030 1356
1031 1357
1032 1357
1033 1357
1034 1360
1035 1357
1036 1358
1037 1356
1038 1354
1039 1357
1040 1355
1041 1356
1042 1356
1043 1357
1044 1356
1045 1356
1046 1355
1047 1355
1048 1355
1049 1358
1050 1357
1051 1359
1052 1356
1053 1356
1054 1356
1055 1354
1056 1355
1057 1356
1058 1358
1059 1357
1060 1357
1061 1357
1062 1357
1063 1358
1064 1356
1065 1355
1066 1355
1067 1357
1068 1355
1069 1357
1070 1356
1071 1355
1072 1356
1073 1357
1074 1356
1075 1358
1076 1356
1077 1356
1078 1356
1079 1356
1080 1354
1081 1356
1082 1356
1083 1357
1084 1356
1085 1358
1086 1357
1087 1357
1088 1356
1089 1359
1090 1356
1091 1356
1092 1356
1093 1358
1094 1357
1095 1361
1096 1357
1097 1357
1098 1359
1099 1357
1100 1357
1101 1355
1102 1354
1103 1358
1104 1356
1105 1357
1106 1357
1107 1358
1108 1359
1109 1358
1110 1356
1111 1355
1112 1358
1113 1356
1114 1356
1115 1357
1116 1359
1117 1357
1118 1356
1119 1357
1120 1356
1121 1357
1122 1358
1123 1358
1124 1358
1125 1359
1126 1356
1127 1358
1128 1357
1129 1359
1130 1360
1131 1354
1132 1357
1133 1358
1134 1358
1135 1358
1136 1358
1137 1358
1138 1357
1139 1355
1140 1360
1141 1356
1142 1357
1143 1356
1144 1355
1145 1354
1146 1357
1147 1359
1148 1358
1149 1356
1150 1358
1151 1359
1152 1358
1153 1357
1154 1358
1155 1356
1156 1354
1157 1356
1158 1359
1159 1357
1160 1358
1161 1357
1162 1358
1163 1355
1164 1357
1165 1356
1166 1356
1167 1355
1168 1356
1169 1356
1170 1357
1171 1354
1172 1357
1173 1357
1174 1358
1175 1356
1176 1356
1177 1357
1178 1357
1179 1356
1180 1359
1181 1358
1182 1359
1183 1356
1184 1356
1185 1355
1186 1356
1187 1357
1188 1359
1189 1359
1190 1359
1191 1359
1192 1357
1193 1357
1194 1358
1195 1357
1196 1357
1197 1358
1198 1354
1199 1356
1200 1354
1201 1355
1202 1356
1203 1357
1204 1357
1205 1360
1206 1360
1207 1361
1208 1356
1209 1358
1210 1356
1211 1358
1212 1359
1213 1358
1214 1358
1215 1357
1216 1358
1217 1359
1218 1357
1219 1360
1220 1358
1221 1355
1222 1360
1223 1356
1224 1356
1225 1358
1226 1356
1227 1357
1228 1357
1229 1354
1230 1356
1231 1356
1232 1357
1233 1357
1234 1357
1235 1357
1236 1355
1237 1357
1238 1355
1239 1357
1240 1357
1241 1358
1242 1360
1243 1360
1244 1356
1245 1361
1246 1357
1247 1357
1248 1357
1249 1354
1250 1356
1251 1358
1252 1358
1253 1357
1254 1358
1255 1359
1256 1360
1257 1357
1258 1358
1259 1355
1260 1358
1261 1359
1262 1356
1263 1357
1264 1354
1265 1357
1266 1355
1267 1356
1268 1358
1269 1356
1270 1357
1271 1356
1272 1356
1273 1357
1274 1353
1275 1357
1276 1356
1277 1354
1278 1358
1279 1357
1280 1356
1281 1359
1282 1359
1283 1357
1284 1357
1285 1356
1286 1355
1287 1356
1288 1358
1289 1357
1290 1357
1291 1354
1292 1356
1293 1357
1294 1359
1295 1356
1296 1358
1297 1359
1298 1354
1299 1356
1300 1357
1301 1357
1302 1357
1303 1356
1304 1356
1305 1358
1306 1356
1307 1356
1308 1355
1309 1356
1310 1355
1311 1356
1312 1356
1313 1353
1314 1356
1315 1356
1316 1356
1317 1356
1318 1356
1319 1355
1320 1356
1321 1358
1322 1358
1323 1355
1324 1355
1325 1357
1326 1353
1327 1355
1328 1355
1329 1356
1330 1357
1331 1358
1332 1356
1333 1358
1334 1353
1335 1358
1336 1356
1337 1358
1338 1355
1339 1355
1340 1356
1341 1355
1342 1357
1343 1355
1344 1353
1345 1357
1346 1355
1347 1359
1348 1356
1349 1356
1350 1355
1351 1357
1352 1351
1353 1353
1354 1357
1355 1356
1356 1356
1357 1356
1358 1356
1359 1357
1360 1355
1361 1356
1362 1356
1363 1357
1364 1356
1365 1357
1366 1357
1367 1358
1368 1355
1369 1357
1370 1355
1371 1356
1372 1357
1373 1357
1374 1358
1375 1357
1376 1356
1377 1356
1378 1356
1379 1357
1380 1357
1381 1355
1382 1358
1383 1357
1384 1358
1385 1355
1386 1358
1387 1358
1388 1358
1389 1356
1390 1355
1391 1360
1392 1356
1393 1357
1394 1357
1395 1356
1396 1357
1397 1357
1398 1357
1399 1358
1400 1356
1401 1358
1402 1355
1403 1361
1404 1357
1405 1356
1406 1354
1407 1356
1408 1354
1409 1355
1410 1354
1411 1353
1412 1357
1413 1356
1414 1355
1415 1355
1416 1356
1417 1358
1418 1356
1419 1355
1420 1355
1421 1357
1422 1355
1423 1357
1424 1356
1425 1356
1426 1355
1427 1357
1428 1355
1429 1356
1430 1357
1431 1358
1432 1356
1433 1360
1434 1356
1435 1357
1436 1354
1437 1355
1438 1355
1439 1357
1440 1357
1441 1357
1442 1355
1443 1357
1444 1356
1445 1355
1446 1354
1447 1354
1448 1354
1449 1357
1450 1358
1451 1358
1452 1355
1453 1356
1454 1356
1455 1356
1456 1355
1457 1353
1458 1352
1459 1357
1460 1357
1461 1361
1462 1356
1463 1359
1464 1357
1465 1360
1466 1354
1467 1359
1468 1353
1469 1355
1470 1356
1471 1358
1472 1357
1473 1359
1474 1356
1475 1356
1476 1355
1477 1355
1478 1358
1479 1357
1480 1358
1481 1360
1482 1356
1483 1359
1484 1355
1485 1356
1486 1356
1487 1359
1488 1356
1489 1357
1490 1356
1491 1358
1492 1358
1493 1356
1494 1354
1495 1357
1496 1358
1497 1357
1498 1355
1499 1355
1500 1354
1501 1358
1502 1356
1503 1354
1504 1356
1505 1358
1506 1358
1507 1357
1508 1355
1509 1358
1510 1356
1511 1356
1512 1355
1513 1355
1514 1358
1515 1357
1516 1355
1517 1358
1518 1361
1519 1360
1520 1356
1521 1357
1522 1356
1523 1360
1524 1357
1525 1357
1526 1356
1527 1359
1528 1359
1529 1358
1530 1358
1531 1359
1532 1357
1533 1358
1534 1356
1535 1356
1536 1356
1537 1356
1538 1358
1539 1357
1540 1356
1541 1356
1542 1354
1543 1355
1544 1353
1545 1353
1546 1356
1547 1355
1548 1356
1549 1357
1550 1358
1551 1359
1552 1357
1553 1358
1554 1355
1555 1357
1556 1355
1557 1357
1558 1355
1559 1356
1560 1356
1561 1357
1562 1356
1563 1356
1564 1356
1565 1356
1566 1356
1567 1353
1568 1357
1569 1357
1570 1356
1571 1358
1572 1358
1573 1358
1574 1356
1575 1357
1576 1356
1577 1360
1578 1355
1579 1357
1580 1356
1581 1356
1582 1356
1583 1355
1584 1356
1585 1360
1586 1358
1587 1360
1588 1357
1589 1359
1590 1359
1591 1356
1592 1355
1593 1359
1594 1355
1595 1358
1596 1355
1597 1358
1598 1357
1599 1355
1600 1354
1601 1357
1602 1357
1603 1358
1604 1357
1605 1359
1606 1353
1607 1357
1608 1352
1609 1357
1610 1352
1611 1358
1612 1356
1613 1358
1614 1356
1615 1359
1616 1356
1617 1357
1618 1356
1619 1357
1620 1358
1621 1358
1622 1356
1623 1358
1624 1357
1625 1357
1626 1356
1627 1357
1628 1357
1629 1360
1630 1356
1631 1356
1632 1355
1633 1357
1634 1356
1635 1362
1636 1356
1637 1357
1638 1355
1639 1357
1640 1355
1641 1357
1642 1358
1643 1358
1644 1354
1645 1358
1646 1361
1647 1358
1648 1356
1649 1356
1650 1357
1651 1357
1652 1358
1653 1356
1654 1356
1655 1356
1656 1353
1657 1357
1658 1356
1659 1357
1660 1356
1661 1357
1662 1357
1663 1355
1664 1354
1665 1356
1666 1356
1667 1357
1668 1355
1669 1357
1670 1355
1671 1358
1672 1358
1673 1357
1674 1356
1675 1357
1676 1356
1677 1358
1678 1357
1679 1359
1680 1356
1681 1355
1682 1356
1683 1357
1684 1356
1685 1359
1686 1356
1687 1359
1688 1355
1689 1357
1690 1354
1691 1354
1692 1355
1693 1360
1694 1358
1695 1355
1696 1355
1697 1359
1698 1356
1699 1358
1700 1357
1701 1357
1702 1354
1703 1357
1704 1356
1705 1360
1706 1357
1707 1359
1708 1356
1709 1356
1710 1356
1711 1358
1712 1356
1713 1358
1714 1359
1715 1357
1716 1357
1717 1359
1718 1356
1719 1357
1720 1356
1721 1355
1722 1356
1723 1355
1724 1356
1725 1357
1726 1355
1727 1358
1728 1355
1729 1356
1730 1357
1731 1359
1732 1356
1733 1357
1734 1360
1735 1360
1736 1357
1737 1358
1738 1356
1739 1358
1740 1359
1741 1357
1742 1357
1743 1355
1744 1356
1745 1358
1746 1355
1747 1356
1748 1355
1749 1357
1750 1357
1751 1357
1752 1356
1753 1357
1754 1356
1755 1356
1756 1358
1757 1358
1758 1356
1759 1357
1760 1358
1761 1358
1762 1357
1763 1355
1764 1352
1765 1353
1766 1356
1767 1364
1768 1359
1769 1357
1770 1354
1771 1357
1772 1358
1773 1357
1774 1356
1775 1352
1776 1352
1777 1357
1778 1357
1779 1356
1780 1354
1781 1355
1782 1356
1783 1357
1784 1355
1785 1356
1786 1356
1787 1355
1788 1360
1789 1356
1790 1355
1791 1354
1792 1357
1793 1357
1794 1356
1795 1353
1796 1356
1797 1358
1798 1355
1799 1354
1800 1358
1801 1358
1802 1355
1803 1354
1804 1357
1805 1359
1806 1355
1807 1356
1808 1357
1809 1355
1810 1357
1811 1353
1812 1357
1813 1356
1814 1358
1815 1355
1816 1356
1817 1356
1818 1355
1819 1356
1820 1354
1821 1355
1822 1356
1823 1355
1824 1355
1825 1355
1826 1355
1827 1357
1828 1358
1829 1357
1830 1356
1831 1353
1832 1356
1833 1354
1834 1356
1835 1355
1836 1356
1837 1358
1838 1356
1839 1355
1840 1354
1841 1354
1842 1354
1843 1357
1844 1357
1845 1357
1846 1356
1847 1356
1848 1356
1849 1356
1850 1355
1851 1356
1852 1356
1853 1356
1854 1356
1855 1356
1856 1359
1857 1358
1858 1358
1859 1357
1860 1354
1861 1355
1862 1353
1863 1357
1864 1353
1865 1357
1866 1355
1867 1358
1868 1357
1869 1363
1870 1357
1871 1358
1872 1357
1873 1356
1874 1357
1875 1357
1876 1357
1877 1356
1878 1358
1879 1357
1880 1363
1881 1360
1882 1360
1883 1358
1884 1357
1885 1353
1886 1354
1887 1357
1888 1358
1889 1359
1890 1356
1891 1356
1892 1359
1893 1357
1894 1356
1895 1354
1896 1355
1897 1354
1898 1356
1899 1356
1900 1355
1901 1356
1902 1359
1903 1355
1904 1357
1905 1355
1906 1357
1907 1357
1908 1355
1909 1356
1910 1356
1911 1355
1912 1358
1913 1355
1914 1354
1915 1359
1916 1356
1917 1357
1918 1356
1919 1356
1920 1357
1921 1356
1922 1356
1923 1359
1924 1359
1925 1355
1926 1354
1927 1356
1928 1355
1929 1357
1930 1354
1931 1356
1932 1358
1933 1357
1934 1357
1935 1357
1936 1356
1937 1357
1938 1357
1939 1356
1940 1359
1941 1359
1942 1359
1943 1356
1944 1354
1945 1357
1946 1359
1947 1360
1948 1360
1949 1357
1950 1354
1951 1359
1952 1360
1953 1359
1954 1355
1955 1356
1956 1354
1957 1358
1958 1355
1959 1355
1960 1355
1961 1358
1962 1356
1963 1356
1964 1356
1965 1353
1966 1356
1967 1358
1968 1355
1969 1357
1970 1353
1971 1358
1972 1359
1973 1357
1974 1356
1975 1354
1976 1355
1977 1357
1978 1354
1979 1357
1980 1358
1981 1358
1982 1356
1983 1358
1984 1354
1985 1359
1986 1357
1987 1357
1988 1359
1989 1359
1990 1356
1991 1356
1992 1357
1993 1357
1994 1357
1995 1353
1996 1352
1997 1355
1998 1356
1999 1355
2000 1359
2001 1359
2002 1356
2003 1357
2004 1355
2005 1357
2006 1355
2007 1357
2008 1357
2009 1357
2010 1357
2011 1357
2012 1356
2013 1355
2014 1355
2015 1357
2016 1358
2017 1356
2018 1356
2019 1358
2020 1355
2021 1355
2022 1355
2023 1357
2024 1358
2025 1357
2026 1356
2027 1356
2028 1354
2029 1356
2030 1358
2031 1357
2032 1358
2033 1355
2034 1356
2035 1354
2036 1356
2037 1358
2038 1355
2039 1357
2040 1358
2041 1357
2042 1359
2043 1357
2044 1356
2045 1357
2046 1356
2047 1357
2048 1354
2049 1357
2050 1356
2051 1355
2052 1355
2053 1354
2054 1354
2055 1356
2056 1354
2057 1357
2058 1356
2059 1357
2060 1358
2061 1357
2062 1356
2063 1357
2064 1357
2065 1359
2066 1358
2067 1356
2068 1356
2069 1358
2070 1356
2071 1357
2072 1355
2073 1357
2074 1356
2075 1358
2076 1357
2077 1355
2078 1355
2079 1357
2080 1354
2081 1358
2082 1355
2083 1357
2084 1356
2085 1355
2086 1357
2087 1357
2088 1357
2089 1354
2090 1356
2091 1355
2092 1355
2093 1357
2094 1356
2095 1358
2096 1355
2097 1359
2098 1357
2099 1359
2100 1358
2101 1360
2102 1356
2103 1357
2104 1355
2105 1357
2106 1357
2107 1359
2108 1356
2109 1355
2110 1357
2111 1358
2112 1357
2113 1357
2114 1355
2115 1356
2116 1357
2117 1357
2118 1355
2119 1354
2120 1356
2121 1356
2122 1356
2123 1355
2124 1351
2125 1353
2126 1355
2127 1359
2128 1356
2129 1355
2130 1355
2131 1357
2132 1356
2133 1355
2134 1355
2135 1354
2136 1354
2137 1355
2138 1356
2139 1358
2140 1355
2141 1356
2142 1356
2143 1355
2144 1355
2145 1354
2146 1356
2147 1358
2148 1359
2149 1357
2150 1353
2151 1357
2152 1359
2153 1360
2154 1354
2155 1356
2156 1357
2157 1357
2158 1357
2159 1357
2160 1355
2161 1357
2162 1358
2163 1359
2164 1355
2165 1357
2166 1358
2167 1358
2168 1355
2169 1360
2170 1355
2171 1355
2172 1356
2173 1357
2174 1355
2175 1354
2176 1355
2177 1357
2178 1357
2179 1356
2180 1357
2181 1360
2182 1358
2183 1358
2184 1355
2185 1358
2186 1358
2187 1358
2188 1356
2189 1356
2190 1358
2191 1357
2192 1356
2193 1358
2194 1356
2195 1358
2196 1356
2197 1358
2198 1358
2199 1357
2200 1357
2201 1360
2202 1355
2203 1358
2204 1355
2205 1355
2206 1357
2207 1357
2208 1356
2209 1357
2210 1358
2211 1353
2212 1355
2213 1356
2214 1357
2215 1355
2216 1355
2217 1357
2218 1355
2219 1358
2220 1357
2221 1358
2222 1359
2223 1357
2224 1357
2225 1357
2226 1356
2227 1357
2228 1357
2229 1357
2230 1355
2231 1357
2232 1357
2233 1357
2234 1357
2235 1358
2236 1359
2237 1357
2238 1357
2239 1357
2240 1355
2241 1355
2242 1356
2243 1357
2244 1356
2245 1356
2246 1356
2247 1355
2248 1356
2249 1357
2250 1357
2251 1357
2252 1357
2253 1358
2254 1356
2255 1357
2256 1358
2257 1357
2258 1356
2259 1355
2260 1355
2261 1357
2262 1358
2263 1357
2264 1357
2265 1354
2266 1355
2267 1354
2268 1353
2269 1355
2270 1358
2271 1356
2272 1358
2273 1356
2274 1356
2275 1358
2276 1356
2277 1354
2278 1359
2279 1356
2280 1358
2281 1358
2282 1358
2283 1357
2284 1357
2285 1356
2286 1357
2287 1356
2288 1358
2289 1356
2290 1357
2291 1355
2292 1358
2293 1358
2294 1356
2295 1354
2296 1356
2297 1358
2298 1359
2299 1355
2300 1354
2301 1356
2302 1360
2303 1354
2304 1349
2305 1353
2306 1356
2307 1359
2308 1358
2309 1356
2310 1356
2311 1360
2312 1357
2313 1359
2314 1355
2315 1358
2316 1354
2317 1353
2318 1353
2319 1358
2320 1356
2321 1358
2322 1356
2323 1357
2324 1356
2325 1356
2326 1356
2327 1359
2328 1357
2329 1358
2330 1355
2331 1359
2332 1359
2333 1359
2334 1356
2335 1356
2336 1356
2337 1356
2338 1356
2339 1354
2340 1354
2341 1357
2342 1358
2343 1355
2344 1355
2345 1355
2346 1358
2347 1357
2348 1356
2349 1357
2350 1357
2351 1356
2352 1356
2353 1357
2354 1359
2355 1356
2356 1358
2357 1354
2358 1357
2359 1358
2360 1356
2361 1357
2362 1356
2363 1357
2364 1356
2365 1357
2366 1355
2367 1355
2368 1355
2369 1357
2370 1356
2371 1354
2372 1356
2373 1356
2374 1356
2375 1358
2376 1355
2377 1355
2378 1357
2379 1355
2380 1356
2381 1357
2382 1357
2383 1357
2384 1358
2385 1358
2386 1357
2387 1356
2388 1356
2389 1357
2390 1356
2391 1359
2392 1357
2393 1357
2394 1357
2395 1355
2396 1355
2397 1360
2398 1356
2399 1360
2400 1358
2401 1358
2402 1357
2403 1358
2404 1358
2405 1356
2406 1354
2407 1358
2408 1358
2409 1356
2410 1356
2411 1358
2412 1355
2413 1359
2414 1355
2415 1358
2416 1356
2417 1356
2418 1357
2419 1355
2420 1354
2421 1356
2422 1358
2423 1359
2424 1356
2425 1359
2426 1356
2427 1357
2428 1355
2429 1358
2430 1359
2431 1360
2432 1358
2433 1358
2434 1354
2435 1359
2436 1357
2437 1357
2438 1356
2439 1358
2440 1356
2441 1358
2442 1356
2443 1356
2444 1356
2445 1358
2446 1355
2447 1357
2448 1355
2449 1357
2450 1356
2451 1357
2452 1357
2453 1355
2454 1356
2455 1356
2456 1357
2457 1358
2458 1358
2459 1360
2460 1354
2461 1353
2462 1354
2463 1356
2464 1355
2465 1357
2466 1356
2467 1360
2468 1356
2469 1356
2470 1356
2471 1356
2472 1357
2473 1357
2474 1357
2475 1360
2476 1355
2477 1359
2478 1356
2479 1359
2480 1355
2481 1359
2482 1356
2483 1356
2484 1356
2485 1356
2486 1357
2487 1362
2488 1356
2489 1357
2490 1356
2491 1358
2492 1358
2493 1357
2494 1356
2495 1357
2496 1357
2497 1361
2498 1358
2499 1357
2500 1356
2501 1357
2502 1356
2503 1359
2504 1358
2505 1357
2506 1356
2507 1355
2508 1356
2509 1360
2510 1357
2511 1356
2512 1356
2513 1356
2514 1356
2515 1353
2516 1353
2517 1358
2518 1356
2519 1357
2520 1356
2521 1357
2522 1354
2523 1353
2524 1354
2525 1357
2526 1355
2527 1359
2528 1356
2529 1358
2530 1357
2531 1358
2532 1358
2533 1360
2534 1357
2535 1356
2536 1356
2537 1356
2538 1357
2539 1357
2540 1356
2541 1357
2542 1358
2543 1357
2544 1357
2545 1359
2546 1356
2547 1359
2548 1356
2549 1355
2550 1356
2551 1354
2552 1356
2553 1356
2554 1355
2555 1356
2556 1354
2557 1359
2558 1355
2559 1359
2560 1357
2561 1357
2562 1358
2563 1359
2564 1356
2565 1357
2566 1357
2567 1357
2568 1355
2569 1356
2570 1355
2571 1357
2572 1356
2573 1356
2574 1355
2575 1357
2576 1356
2577 1359
2578 1355
2579 1356
2580 1355
2581 1356
2582 1356
2583 1355
2584 1356
2585 1358
2586 1356
2587 1357
2588 1357
2589 1356
2590 1355
2591 1357
2592 1356
2593 1358
2594 1356
2595 1355
2596 1357
2597 1356
2598 1354
2599 1358
2600 1356
2601 1358
2602 1357
2603 1356
2604 1355
2605 1356
2606 1356
2607 1357
2608 1353
2609 1357
2610 1355
2611 1356
2612 1353
2613 1355
2614 1353
2615 1357
2616 1356
2617 1357
2618 1357
2619 1357
2620 1355
2621 1357
2622 1356
2623 1357
2624 1355
2625 1357
2626 1354
2627 1355
2628 1356
2629 1356
2630 1357
2631 1357
2632 1357
2633 1358
2634 1356
2635 1357
2636 1356
2637 1357
2638 1353
2639 1357
2640 1355
2641 1358
2642 1356
2643 1356
2644 1355
2645 1357
2646 1354
2647 1358
2648 1355
2649 1354
2650 1356
2651 1357
2652 1356
2653 1359
2654 1356
2655 1355
2656 1356
2657 1355
2658 1355
2659 1357
2660 1358
2661 1357
2662 1356
2663 1357
2664 1353
2665 1356
2666 1358
2667 1362
2668 1354
2669 1356
2670 1352
2671 1357
2672 1356
2673 1356
2674 1355
2675 1359
2676 1354
2677 1357
2678 1359
2679 1358
2680 1356
2681 1353
2682 1356
2683 1358
2684 1356
2685 1359
2686 1356
2687 1357
2688 1358
2689 1358
2690 1356
2691 1356
2692 1356
2693 1358
2694 1355
2695 1354
2696 1353
2697 1356
2698 1355
2699 1355
2700 1353
2701 1355
2702 1355
2703 1357
2704 1356
2705 1354
2706 1358
2707 1354
2708 1356
2709 1355
2710 1353
2711 1356
2712 1356
2713 1360
2714 1354
2715 1355
2716 1351
2717 1355
2718 1353
2719 1357
2720 1356
2721 1357
2722 1355
2723 1357
2724 1356
2725 1358
2726 1355
2727 1355
2728 1356
2729 1357
2730 1356
2731 1354
2732 1354
2733 1356
2734 1356
2735 1357
2736 1355
2737 1357
2738 1356
2739 1357
2740 1356
2741 1356
2742 1354
2743 1356
2744 1353
2745 1361
2746 1356
2747 1356
2748 1355
2749 1354
2750 1354
2751 1359
2752 1354
2753 1360
2754 1356
2755 1356
2756 1357
2757 1356
2758 1354
2759 1357
2760 1353
2761 1357
2762 1355
2763 1356
2764 1356
2765 1358
2766 1357
2767 1355
2768 1355
2769 1356
2770 1355
2771 1356
2772 1354
2773 1357
2774 1359
2775 1359
2776 1358
2777 1356
2778 1356
2779 1358
2780 1357
2781 1358
2782 1357
2783 1357
2784 1353
2785 1355
2786 1357
2787 1356
2788 1356
2789 1352
2790 1355
2791 1355
2792 1355
2793 1359
2794 1354
2795 1356
2796 1353
2797 1356
2798 1357
2799 1358
2800 1356
2801 1358
2802 1356
2803 1357
2804 1356
2805 1360
2806 1354
2807 1357
2808 1356
2809 1359
2810 1357
2811 1357
2812 1355
2813 1354
2814 1357
2815 1354
2816 1355
2817 1356
2818 1354
2819 1355
2820 1354
2821 1357
2822 1356
2823 1356
2824 1356
2825 1357
2826 1355
2827 1357
2828 1357
2829 1357
2830 1354
2831 1358
2832 1353
2833 1357
2834 1357
2835 1357
2836 1360
2837 1356
2838 1356
2839 1356
2840 1353
2841 1356
2842 1356
2843 1357
2844 1356
2845 1355
2846 1356
2847 1357
2848 1357
2849 1357
2850 1359
2851 1360
2852 1356
2853 1358
2854 1355
2855 1355
2856 1357
2857 1357
2858 1354
2859 1357
2860 1360
2861 1358
2862 1359
2863 1360
2864 1358
2865 1357
2866 1355
2867 1356
2868 1358
2869 1357
2870 1352
2871 1357
2872 1358
2873 1360
2874 1356
2875 1357
2876 1361
2877 1357
2878 1356
2879 1357
2880 1356
2881 1358
2882 1357
2883 1353
2884 1353
2885 1355
2886 1356
2887 1358
2888 1357
2889 1356
2890 1357
2891 1356
2892 1358
2893 1356
2894 1356
2895 1355
2896 1356
2897 1357
2898 1357
2899 1356
2900 1358
2901 1356
2902 1358
2903 1356
2904 1357
2905 1357
2906 1357
2907 1357
2908 1357
2909 1356
2910 1356
2911 1354
2912 1355
2913 1357
2914 1356
2915 1354
2916 1357
2917 1356
2918 1356
2919 1357
2920 1358
2921 1358
2922 1358
2923 1357
2924 1361
2925 1357
2926 1357
2927 1357
2928 1358
2929 1358
2930 1356
2931 1357
2932 1356
2933 1355
2934 1355
2935 1357
2936 1357
2937 1356
2938 1356
2939 1356
2940 1358
2941 1358
2942 1356
2943 1360
2944 1357
2945 1357
2946 1356
2947 1355
2948 1356
2949 1355
2950 1356
2951 1355
2952 1353
2953 1357
2954 1354
2955 1358
2956 1358
2957 1356
2958 1359
2959 1358
2960 1360
2961 1357
2962 1352
2963 1358
2964 1356
2965 1358
2966 1357
2967 1358
2968 1355
2969 1357
2970 1355
2971 1357
2972 1355
2973 1356
2974 1355
2975 1355
2976 1355
2977 1355
2978 1356
2979 1357
2980 1357
2981 1354
2982 1356
2983 1358
2984 1356
2985 1359
2986 1357
2987 1357
2988 1357
2989 1357
2990 1356
2991 1356
2992 1356
2993 1355
2994 1354
2995 1357
2996 1358
2997 1355
2998 1357
2999 1356
3000 1357
3001 1358
3002 1356
3003 1355
3004 1362
3005 1355
3006 1357
3007 1357
3008 1355
3009 1355
3010 1357
3011 1359
3012 1356
3013 1357
3014 1357
3015 1355
3016 1356
3017 1356
3018 1356
3019 1353
3020 1358
3021 1356
3022 1356
3023 1356
3024 1358
3025 1354
3026 1355
3027 1359
3028 1356
3029 1354
3030 1357
3031 1355
3032 1358
3033 1356
3034 1356
3035 1355
3036 1356
3037 1356
3038 1356
3039 1355
3040 1355
3041 1358
3042 1358
3043 1358
3044 1357
3045 1357
3046 1357
3047 1356
3048 1358
3049 1359
3050 1355
3051 1355
3052 1358
3053 1360
3054 1355
3055 1353
3056 1355
3057 1357
3058 1357
3059 1355
3060 1356
3061 1357
3062 1356
3063 1355
3064 1356
3065 1356
3066 1358
3067 1358
3068 1356
3069 1357
3070 1355
3071 1353
3072 1356
3073 1357
3074 1357
3075 1354
3076 1355
3077 1358
3078 1358
3079 1357
3080 1357
3081 1357
3082 1356
3083 1355
3084 1356
3085 1356
3086 1355
3087 1357
3088 1355
3089 1356
3090 1357
3091 1353
3092 1356
3093 1355
3094 1355
3095 1357
3096 1359
3097 1356
3098 1357
3099 1360
3100 1358
3101 1358
3102 1354
3103 1357
3104 1356
3105 1355
3106 1356
3107 1356
3108 1356
3109 1354
3110 1357
3111 1354
3112 1357
3113 1356
3114 1357
3115 1358
3116 1356
3117 1356
3118 1357
3119 1356
3120 1356
3121 1352
3122 1357
3123 1359
3124 1354
3125 1353
3126 1354
3127 1355
3128 1355
3129 1356
3130 1356
3131 1359
3132 1356
3133 1359
3134 1356
3135 1356
3136 1357
3137 1358
3138 1354
3139 1357
3140 1359
3141 1358
3142 1359
3143 1356
3144 1356
3145 1357
3146 1356
3147 1356
3148 1359
3149 1357
3150 1357
3151 1358
3152 1354
3153 1354
3154 1355
3155 1357
3156 1356
3157 1357
3158 1356
3159 1359
3160 1356
3161 1358
3162 1354
3163 1356
3164 1356
3165 1356
3166 1355
3167 1357
3168 1357
3169 1355
3170 1357
3171 1358
3172 1357
3173 1358
3174 1357
3175 1357
3176 1360
3177 1358
3178 1357
3179 1353
3180 1356
3181 1357
3182 1356
3183 1356
3184 1354
3185 1356
3186 1358
3187 1356
3188 1356
3189 1355
3190 1359
3191 1358
3192 1359
3193 1353
3194 1355
3195 1354
3196 1357
3197 1356
3198 1357
3199 1356
3200 1356
3201 1355
3202 1355
3203 1356
3204 1354
3205 1357
3206 1358
3207 1357
3208 1358
3209 1356
3210 1358
3211 1359
3212 1359
3213 1355
3214 1355
3215 1357
3216 1358
3217 1355
3218 1355
3219 1355
3220 1356
3221 1356
3222 1358
3223 1355
3224 1356
3225 1357
3226 1356
3227 1356
3228 1354
3229 1357
3230 1354
3231 1357
3232 1356
3233 1356
3234 1358
3235 1356
3236 1358
3237 1357
3238 1355
3239 1357
3240 1358
3241 1358
3242 1356
3243 1356
3244 1356
3245 1354
3246 1354
3247 1356
3248 1356
3249 1356
3250 1354
3251 1356
3252 1357
3253 1355
3254 1354
3255 1357
3256 1354
3257 1357
3258 1354
3259 1358
3260 1358
3261 1358
3262 1360
3263 1358
3264 1356
3265 1359
3266 1359
3267 1357
3268 1354
3269 1356
3270 1356
3271 1358
3272 1358
3273 1357
3274 1358
3275 1355
3276 1359
3277 1357
3278 1357
3279 1359
3280 1356
3281 1355
3282 1359
3283 1356
3284 1355
3285 1357
3286 1358
3287 1355
3288 1354
3289 1358
3290 1357
3291 1357
3292 1355
3293 1356
3294 1359
3295 1357
3296 1355
3297 1359
3298 1357
3299 1355
3300 1358
3301 1357
3302 1356
3303 1355
3304 1358
3305 1356
3306 1357
3307 1356
3308 1354
3309 1355
3310 1356
3311 1356
3312 1357
3313 1359
3314 1358
3315 1357
3316 1356
3317 1355
3318 1357
3319 1355
3320 1357
3321 1358
3322 1360
3323 1357
3324 1356
3325 1357
3326 1357
3327 1359
3328 1354
3329 1357
3330 1355
3331 1357
3332 1358
3333 1357
3334 1357
3335 1355
3336 1356
3337 1354
3338 1356
3339 1356
3340 1356
3341 1357
3342 1357
3343 1356
3344 1357
3345 1357
3346 1354
3347 1355
3348 1356
3349 1355
3350 1358
3351 1358
3352 1357
3353 1358
3354 1358
3355 1357
3356 1356
3357 1354
3358 1354
3359 1357
3360 1357
3361 1355
3362 1357
3363 1357
3364 1357
3365 1354
3366 1355
3367 1353
3368 1354
3369 1356
3370 1355
3371 1356
3372 1357
3373 1357
3374 1357
3375 1357
3376 1354
3377 1357
3378 1356
3379 1357
3380 1357
3381 1356
3382 1359
3383 1355
3384 1356
3385 1357
3386 1356
3387 1357
3388 1356
3389 1354
3390 1355
3391 1358
3392 1355
3393 1357
3394 1357
3395 1358
3396 1359
3397 1355
3398 1354
3399 1353
3400 1352
3401 1354
3402 1355
3403 1354
3404 1358
3405 1357
3406 1359
3407 1355
3408 1352
3409 1353
3410 1355
3411 1357
3412 1355
3413 1355
3414 1358
3415 1358
3416 1356
3417 1355
3418 1356
3419 1356
3420 1355
3421 1357
3422 1354
3423 1355
3424 1357
3425 1354
3426 1356
3427 1357
3428 1355
3429 1355
3430 1356
3431 1357
3432 1359
3433 1357
3434 1355
3435 1355
3436 1353
3437 1356
3438 1359
3439 1357
3440 1356
3441 1355
3442 1354
3443 1359
3444 1355
3445 1358
3446 1357
3447 1357
3448 1358
3449 1357
3450 1355
3451 1357
3452 1357
3453 1358
3454 1357
3455 1359
3456 1356
3457 1355
3458 1354
3459 1355
3460 1356
3461 1357
3462 1355
3463 1354
3464 1357
3465 1356
3466 1356
3467 1356
3468 1356
3469 1357
3470 1358
3471 1356
3472 1355
3473 1355
3474 1354
3475 1355
3476 1355
3477 1357
3478 1357
3479 1355
3480 1356
3481 1355
3482 1357
3483 1353
3484 1357
3485 1357
3486 1355
3487 1356
3488 1357
3489 1357
3490 1357
3491 1357
3492 1357
3493 1356
3494 1356
3495 1357
3496 1357
3497 1358
3498 1359
3499 1361
3500 1359
3501 1356
3502 1355
3503 1358
3504 1357
3505 1357
3506 1358
3507 1357
3508 1357
3509 1357
3510 1358
3511 1358
3512 1358
3513 1357
3514 1354
3515 1357
3516 1356
3517 1356
3518 1358
3519 1359
3520 1358
3521 1357
3522 1355
3523 1356
3524 1354
3525 1356
3526 1356
3527 1358
3528 1358
3529 1355
3530 1357
3531 1357
3532 1358
3533 1356
3534 1354
3535 1357
3536 1356
3537 1357
3538 1356
3539 1357
3540 1358
3541 1357
3542 1357
3543 1357
3544 1356
3545 1355
3546 1354
3547 1358
3548 1356
3549 1354
3550 1356
3551 1357
3552 1355
3553 1357
3554 1355
3555 1353
3556 1356
3557 1357
3558 1355
3559 1356
3560 1358
3561 1358
3562 1359
3563 1356
3564 1359
3565 1357
3566 1358
3567 1357
3568 1357
3569 1355
3570 1357
3571 1358
3572 1358
3573 1355
3574 1356
3575 1356
3576 1358
3577 1357
3578 1357
3579 1355
3580 1356
3581 1357
3582 1356
3583 1355
3584 1356
3585 1357
3586 1358
3587 1358
3588 1358
3589 1354
3590 1357
3591 1357
3592 1357
3593 1357
3594 1357
3595 1356
3596 1358
3597 1356
3598 1357
3599 1357
3600 1359
3601 1359
3602 1355
3603 1358
3604 1356
3605 1355
3606 1356
3607 1355
3608 1355
3609 1353
3610 1357
3611 1360
3612 1358
3613 1356
3614 1358
3615 1355
3616 1357
3617 1358
3618 1354
3619 1356
3620 1357
3621 1359
3622 1357
3623 1354
3624 1356
3625 1357
3626 1356
3627 1357
3628 1358
3629 1354
3630 1356
3631 1358
3632 1353
3633 1356
3634 1355
3635 1356
3636 1356
3637 1355
3638 1356
3639 1357
3640 1358
3641 1356
3642 1356
3643 1357
3644 1356
3645 1357
3646 1355
3647 1359
3648 1356
3649 1355
3650 1355
3651 1357
3652 1357
3653 1356
3654 1358
3655 1357
3656 1357
3657 1357
3658 1358
3659 1356
3660 1355
3661 1358
3662 1358
3663 1357
3664 1354
3665 1357
3666 1355
3667 1358
3668 1354
3669 1358
3670 1358
3671 1357
3672 1357
3673 1355
3674 1356
3675 1357
3676 1358
3677 1358
3678 1358
3679 1355
3680 1356
3681 1356
3682 1358
3683 1356
3684 1358
3685 1358
3686 1356
3687 1356
3688 1355
3689 1357
3690 1356
3691 1356
3692 1358
3693 1357
3694 1356
3695 1357
3696 1355
3697 1357
3698 1354
3699 1358
3700 1355
3701 1358
3702 1354
3703 1356
3704 1355
3705 1354
3706 1356
3707 1357
3708 1357
3709 1357
3710 1356
3711 1357
3712 1357
3713 1354
3714 1354
3715 1358
3716 1357
3717 1357
3718 1355
3719 1358
3720 1356
3721 1355
3722 1356
3723 1356
3724 1356
3725 1356
3726 1353
3727 1358
3728 1359
3729 1358
3730 1358
3731 1357
3732 1356
3733 1356
3734 1357
3735 1356
3736 1358
3737 1356
3738 1356
3739 1357
3740 1353
3741 1356
3742 1356
3743 1356
3744 1357
3745 1356
3746 1356
3747 1357
3748 1356
3749 1357
3750 1356
3751 1356
3752 1358
3753 1353
3754 1353
3755 1355
3756 1357
3757 1357
3758 1357
3759 1359
3760 1358
3761 1357
3762 1359
3763 1355
3764 1359
3765 1357
3766 1356
3767 1359
3768 1356
3769 1358
3770 1354
3771 1356
3772 1356
3773 1356
3774 1354
3775 1356
3776 1355
3777 1356
3778 1357
3779 1360
3780 1357
3781 1357
3782 1356
3783 1356
3784 1358
3785 1356
3786 1356
3787 1356
3788 1357
3789 1356
3790 1356
3791 1358
3792 1356
3793 1359
3794 1356
3795 1357
3796 1356
3797 1357
3798 1356
3799 1357
3800 1355
3801 1355
3802 1359
3803 1357
3804 1357
3805 1358
3806 1357
3807 1358
3808 1358
3809 1357
3810 1356
3811 1357
3812 1354
3813 1357
3814 1356
3815 1356
3816 1355
3817 1359
3818 1357
3819 1358
3820 1356
3821 1357
3822 1357
3823 1358
3824 1358
3825 1356
3826 1355
3827 1358
3828 1358
3829 1356
3830 1354
3831 1355
3832 1357
3833 1357
3834 1356
3835 1358
3836 1358
3837 1354
3838 1357
3839 1357
3840 1358
3841 1356
3842 1359
3843 1357
3844 1357
3845 1356
3846 1355
3847 1358
3848 1360
3849 1358
3850 1357
3851 1357
3852 1355
3853 1359
3854 1356
3855 1355
3856 1354
3857 1355
3858 1356
3859 1356
3860 1356
3861 1354
3862 1357
3863 1356
3864 1355
3865 1356
3866 1354
3867 1358
3868 1358
3869 1357
3870 1355
3871 1355
3872 1354
3873 1356
3874 1357
3875 1358
3876 1357
3877 1355
3878 1356
3879 1356
3880 1357
3881 1357
3882 1355
3883 1357
3884 1356
3885 1356
3886 1354
3887 1354
3888 1355
3889 1354
3890 1355
3891 1354
3892 1355
3893 1358
3894 1356
3895 1357
3896 1357
3897 1357
3898 1356
3899 1355
3900 1361
3901 1355
3902 1355
3903 1355
3904 1355
3905 1357
3906 1356
3907 1358
3908 1356
3909 1359
3910 1358
3911 1356
3912 1355
3913 1356
3914 1356
3915 1356
3916 1358
3917 1359
3918 1357
3919 1358
3920 1358
3921 1359
3922 1357
3923 1358
3924 1357
3925 1357
3926 1356
3927 1361
3928 1359
3929 1357
3930 1359
3931 1356
3932 1357
3933 1354
3934 1356
3935 1356
3936 1359
3937 1357
3938 1355
3939 1355
3940 1357
3941 1358
3942 1357
3943 1356
3944 1355
3945 1355
3946 1356
3947 1357
3948 1357
3949 1355
3950 1353
3951 1356
3952 1358
3953 1355
3954 1353
3955 1356
3956 1359
3957 1357
3958 1357
3959 1356
3960 1358
3961 1360
3962 1358
3963 1355
3964 1356
3965 1359
3966 1360
3967 1355
3968 1354
3969 1355
3970 1359
3971 1358
3972 1356
3973 1355
3974 1356
3975 1355
3976 1356
3977 1352
3978 1354
3979 1354
3980 1355
3981 1357
3982 1355
3983 1357
3984 1356
3985 1354
3986 1356
3987 1358
3988 1357
3989 1357
3990 1356
3991 1358
3992 1357
3993 1360
3994 1358
3995 1355
3996 1353
3997 1357
3998 1356
3999 1358
