0 1352
1 1354
2 1355
3 1353
4 1355
5 1354
6 1355
7 1352
8 1353
9 1353
10 1354
11 1353
12 1355
13 1353
14 1352
15 1355
16 1357
17 1356
18 1353
19 1353
20 1353
21 1353
22 1357
23 1354
24 1357
25 1353
26 1354
27 1353
28 1355
29 1353
30 1355
31 1354
32 1354
33 1354
34 1355
35 1353
36 1352
37 1353
38 1352
39 1355
40 1357
41 1353
42 1352
43 1354
44 1353
45 1352
46 1354
47 1352
48 1351
49 1353
50 1352
51 1351
52 1353
53 1351
54 1352
55 1353
56 1352
57 1354
58 1355
59 1354
60 1355
61 1354
62 1355
63 1352
64 1353
65 1351
66 1351
67 1352
68 1353
69 1352
70 1351
71 1353
72 1354
73 1352
74 1353
75 1351
76 1353
77 1353
78 1354
79 1353
80 1354
81 1356
82 1356
83 1351
84 1357
85 1356
86 1355
87 1353
88 1355
89 1354
90 1352
91 1353
92 1354
93 1355
94 1354
95 1354
96 1352
97 1352
98 1352
99 1353
100 1355
101 1351
102 1354
103 1354
104 1354
105 1349
106 1353
107 1354
108 1353
109 1355
110 1354
111 1353
112 1355
113 1353
114 1355
115 1355
116 1355
117 1350
118 1355
119 1353
120 1354
121 1353
122 1356
123 1352
124 1350
125 1355
126 1354
127 1354
128 1355
129 1350
130 1354
131 1351
132 1350
133 1350
134 1353
135 1350
136 1354
137 1351
138 1353
139 1354
140 1354
141 1354
142 1353
143 1352
144 1355
145 1352
146 1355
147 1354
148 1354
149 1351
150 1352
151 1349
152 1353
153 1350
154 1351
155 1353
156 1354
157 1352
158 1352
159 1353
160 1353
161 1352
162 1353
163 1353
164 1354
165 1351
166 1353
167 1356
168 1354
169 1355
170 1354
171 1352
172 1357
173 1354
174 1354
175 1352
176 1357
177 1354
178 1356
179 1352
180 1353
181 1355
182 1354
183 1353
184 1352
185 1352
186 1355
187 1355
188 1352
189 1350
190 1351
191 1356
192 1356
193 1352
194 1351
195 1355
196 1356
197 1355
198 1354
199 1353
200 1357
201 1355
202 1353
203 1352
204 1355
205 1354
206 1356
207 1350
208 1357
209 1356
210 1356
211 1352
212 1354
213 1355
214 1353
215 1353
216 1356
217 1350
218 1355
219 1355
220 1354
221 1354
222 1354
223 1354
224 1352
225 1352
226 1354
227 1352
228 1355
229 1355
230 1354
231 1353
232 1355
233 1354
234 1352
235 1352
236 1354
237 1354
238 1354
239 1353
240 1351
241 1355
242 1355
243 1353
244 1356
245 1350
246 1354
247 1353
248 1353
249 1350
250 1348
251 1351
252 1358
253 1352
254 1351
255 1349
256 1357
257 1353
258 1356
259 1352
260 1353
261 1352
262 1355
263 1354
264 1355
265 1353
266 1356
267 1352
268 1353
269 1353
270 1353
271 1349
272 1355
273 1357
274 1352
275 1351
276 1352
277 1355
278 1358
279 1358
280 1354
281 1354
282 1352
283 1350
284 1353
285 1352
286 1351
287 1354
288 1352
289 1354
290 1357
291 1356
292 1355
293 1352
294 1354
295 1353
296 1357
297 1352
298 1354
299 1355
300 1353
301 1351
302 1354
303 1354
304 1356
305 1351
306 1354
307 1354
308 1353
309 1351
310 1354
311 1353
312 1353
313 1352
314 1354
315 1351
316 1351
317 1354
318 1354
319 1354
320 1355
321 1352
322 1353
323 1351
324 1355
325 1352
326 1356
327 1356
328 1355
329 1354
330 1354
331 1354
332 1354
333 1351
334 1356
335 1350
336 1353
337 1353
338 1353
339 1355
340 1354
341 1353
342 1353
343 1355
344 1354
345 1353
346 1355
347 1352
348 1354
349 1352
350 1352
351 1352
352 1354
353 1354
354 1355
355 1353
356 1355
357 1354
358 1353
359 1353
360 1353
361 1353
362 1353
363 1352
364 1355
365 1351
366 1355
367 1349
368 1355
369 1356
370 1354
371 1351
372 1354
373 1354
374 1355
375 1355
376 1352
377 1353
378 1354
379 1352
380 1354
381 1350
382 1355
383 1354
384 1353
385 1354
386 1354
387 1354
388 1353
389 1354
390 1355
391 1354
392 1353
393 1354
394 1353
395 1355
396 1356
397 1354
398 1356
399 1353
400 1353
401 1353
402 1351
403 1351
404 1353
405 1352
406 1351
407 1352
408 1352
409 1354
410 1354
411 1354
412 1353
413 1354
414 1354
415 1355
416 1352
417 1356
418 1353
419 1353
420 1355
421 1355
422 1353
423 1352
424 1353
425 1351
426 1354
427 1351
428 1350
429 1349
430 1353
431 1357
432 1358
433 1355
434 1353
435 1351
436 1354
437 1354
438 1352
439 1351
440 1354
441 1351
442 1351
443 1352
444 1356
445 1352
446 1355
447 1354
448 1358
449 1351
450 1353
451 1354
452 1358
453 1356
454 1354
455 1353
456 1357
457 1356
458 1355
459 1352
460 1353
461 1355
462 1354
463 1352
464 1353
465 1353
466 1354
467 1353
468 1351
469 1353
470 1356
471 1355
472 1353
473 1353
474 1355
475 1353
476 1354
477 1353
478 1354
479 1353
480 1351
481 1351
482 1354
483 1353
484 1351
485 1354
486 1353
487 1354
488 1356
489 1352
490 1355
491 1353
492 1354
493 1354
494 1351
495 1353
496 1353
497 1355
498 1354
499 1354
500 1354
501 1353
502 1355
503 1356
504 1358
505 1356
506 1354
507 1359
508 1365
509 1369
510 1374
511 1379
512 1388
513 1393
514 1396
515 1403
516 1409
517 1411
518 1417
519 1421
520 1426
521 1426
522 1430
523 1427
524 1431
525 1429
526 1432
527 1428
528 1431
529 1433
530 1430
531 1422
532 1422
533 1417
534 1420
535 1411
536 1410
537 1406
538 1405
539 1402
540 1400
541 1395
542 1395
543 1391
544 1391
545 1389
546 1389
547 1388
548 1387
549 1382
550 1383
551 1380
552 1379
553 1376
554 1378
555 1374
556 1373
557 1371
558 1371
559 1369
560 1369
561 1369
562 1367
563 1365
564 1366
565 1365
566 1366
567 1364
568 1360
569 1361
570 1361
571 1359
572 1358
573 1360
574 1359
575 1357
576 1357
577 1359
578 1357
579 1358
580 1358
581 1354
582 1356
583 1356
584 1355
585 1355
586 1356
587 1355
588 1354
589 1354
590 1354
591 1357
592 1357
593 1357
594 1353
595 1354
596 1356
597 1354
598 1352
599 1354
600 1355
601 1355
602 1353
603 1355
604 1357
605 1353
606 1354
607 1353
608 1353
609 1350
610 1350
611 1356
612 1359
613 1354
614 1353
615 1352
616 1353
617 1354
618 1354
619 1351
620 1355
621 1353
622 1354
623 1355
624 1351
625 1356
626 1357
627 1357
628 1358
629 1354
630 1353
631 1354
632 1357
633 1356
634 1352
635 1351
636 1351
637 1356
638 1354
639 1352
640 1353
641 1354
642 1352
643 1356
644 1356
645 1355
646 1356
647 1354
648 1351
649 1352
650 1356
651 1355
652 1351
653 1352
654 1355
655 1354
656 1352
657 1355
658 1352
659 1354
660 1353
661 1354
662 1353
663 1353
664 1352
665 1353
666 1353
667 1354
668 1355
669 1353
670 1356
671 1354
672 1352
673 1353
674 1354
675 1353
676 1353
677 1352
678 1351
679 1354
680 1356
681 1356
682 1354
683 1353
684 1353
685 1355
686 1355
687 1352
688 1350
689 1351
690 1352
691 1355
692 1354
693 1353
694 1354
695 1353
696 1355
697 1354
698 1354
699 1353
700 1354
701 1352
702 1356
703 1355
704 1354
705 1355
706 1353
707 1353
708 1352
709 1355
710 1355
711 1352
712 1353
713 1351
714 1353
715 1352
716 1352
717 1354
718 1355
719 1355
720 1351
721 1352
722 1355
723 1354
724 1352
725 1352
726 1354
727 1355
728 1352
729 1354
730 1352
731 1349
732 1353
733 1355
734 1352
735 1353
736 1354
737 1353
738 1350
739 1351
740 1354
741 1353
742 1353
743 1354
744 1351
745 1351
746 1357
747 1352
748 1354
749 1353
750 1354
751 1353
752 1355
753 1354
754 1356
755 1352
756 1353
757 1355
758 1352
759 1352
760 1353
761 1352
762 1350
763 1350
764 1353
765 1352
766 1352
767 1351
768 1352
769 1354
770 1354
771 1353
772 1354
773 1356
774 1354
775 1352
776 1352
777 1350
778 1354
779 1354
780 1353
781 1353
782 1357
783 1354
784 1355
785 1352
786 1354
787 1354
788 1353
789 1353
790 1351
791 1357
792 1357
793 1358
794 1353
795 1350
796 1352
797 1353
798 1353
799 1350
800 1351
801 1354
802 1354
803 1352
804 1352
805 1352
806 1354
807 1355
808 1355
809 1352
810 1350
811 1353
812 1356
813 1360
814 1352
815 1352
816 1350
817 1353
818 1355
819 1352
820 1353
821 1351
822 1354
823 1352
824 1350
825 1354
826 1354
827 1354
828 1355
829 1352
830 1352
831 1354
832 1350
833 1350
834 1352
835 1351
836 1354
837 1354
838 1352
839 1350
840 1353
841 1352
842 1353
843 1354
844 1353
845 1350
846 1353
847 1355
848 1352
849 1352
850 1355
851 1355
852 1354
853 1354
854 1354
855 1354
856 1352
857 1351
858 1350
859 1351
860 1354
861 1353
862 1351
863 1353
864 1350
865 1353
866 1350
867 1351
868 1352
869 1355
870 1354
871 1353
872 1353
873 1351
874 1353
875 1352
876 1355
877 1349
878 1351
879 1351
880 1352
881 1352
882 1353
883 1356
884 1351
885 1353
886 1353
887 1351
888 1353
889 1352
890 1352
891 1355
892 1352
893 1351
894 1353
895 1354
896 1354
897 1352
898 1356
899 1353
900 1353
901 1352
902 1354
903 1351
904 1352
905 1354
906 1352
907 1352
908 1353
909 1352
910 1355
911 1355
912 1355
913 1354
914 1353
915 1351
916 1354
917 1351
918 1356
919 1354
920 1352
921 1353
922 1352
923 1350
924 1353
925 1350
926 1353
927 1353
928 1354
929 1350
930 1351
931 1351
932 1352
933 1350
934 1351
935 1353
936 1353
937 1354
938 1352
939 1354
940 1352
941 1353
942 1353
943 1352
944 1349
945 1354
946 1352
947 1353
948 1352
949 1353
950 1350
951 1354
952 1354
953 1353
954 1352
955 1352
956 1351
957 1353
958 1352
959 1353
960 1350
961 1354
962 1354
963 1354
964 1356
965 1355
966 1354
967 1353
968 1353
969 1353
970 1351
971 1356
972 1357
973 1350
974 1352
975 1352
976 1354
977 1353
978 1353
979 1352
980 1349
981 1352
982 1354
983 1354
984 1353
985 1353
986 1353
987 1354
988 1353
989 1353
990 1353
991 1351
992 1353
993 1354
994 1357
995 1354
996 1350
997 1354
998 1357
999 1353
1000 1351
1001 1350
1002 1355
1003 1353
1004 1354
1005 1352
1006 1351
1007 1353
1008 1351
1009 1354
1010 1355
1011 1354
1012 1353
1013 1351
1014 1353
1015 1354
1016 1352
1017 1352
1018 1351
1019 1352
1020 1352
1021 1350
1022 1354
1023 1352
1024 1354
1025 1352
1026 1355
1027 1356
1028 1355
1029 1353
1030 1351
1031 1354
1032 1355
1033 1350
1034 1352
1035 1354
1036 1354
1037 1353
1038 1353
1039 1352
1040 1352
1041 1355
1042 1352
1043 1350
1044 1350
1045 1350
1046 1351
1047 1350
1048 1350
1049 1352
1050 1352
1051 1350
1052 1351
1053 1352
1054 1354
1055 1354
1056 1350
1057 1355
1058 1354
1059 1353
1060 1353
1061 1350
1062 1351
1063 1353
1064 1353
1065 1355
1066 1353
1067 1354
1068 1352
1069 1353
1070 1353
1071 1353
1072 1350
1073 1353
1074 1353
1075 1351
1076 1353
1077 1353
1078 1353
1079 1351
1080 1354
1081 1352
1082 1353
1083 1352
1084 1353
1085 1353
1086 1355
1087 1353
1088 1354
1089 1353
1090 1355
1091 1353
1092 1354
1093 1352
1094 1354
1095 1354
1096 1353
1097 1354
1098 1351
1099 1354
1100 1354
1101 1355
1102 1352
1103 1353
1104 1351
1105 1354
1106 1352
1107 1353
1108 1350
1109 1355
1110 1355
1111 1354
1112 1354
1113 1352
1114 1355
1115 1353
1116 1355
1117 1357
1118 1353
1119 1352
1120 1350
1121 1352
1122 1352
1123 1352
1124 1353
1125 1350
1126 1351
1127 1350
1128 1353
1129 1352
1130 1353
1131 1355
1132 1356
1133 1353
1134 1353
1135 1355
1136 1352
1137 1352
1138 1354
1139 1350
1140 1354
1141 1351
1142 1355
1143 1352
1144 1352
1145 1353
1146 1354
1147 1351
1148 1352
1149 1350
1150 1350
1151 1355
1152 1358
1153 1353
1154 1352
1155 1353
1156 1357
1157 1356
1158 1352
1159 1349
1160 1352
1161 1356
1162 1355
1163 1351
1164 1352
1165 1354
1166 1353
1167 1352
1168 1355
1169 1355
1170 1354
1171 1352
1172 1353
1173 1354
1174 1354
1175 1351
1176 1351
1177 1351
1178 1354
1179 1354
1180 1351
1181 1352
1182 1355
1183 1354
1184 1353
1185 1355
1186 1355
1187 1352
1188 1353
1189 1353
1190 1352
1191 1353
1192 1355
1193 1354
1194 1352
1195 1353
1196 1355
1197 1354
1198 1353
1199 1352
1200 1355
1201 1352
1202 1354
1203 1353
1204 1351
1205 1354
1206 1352
1207 1353
1208 1352
1209 1354
1210 1354
1211 1354
1212 1356
1213 1351
1214 1352
1215 1356
1216 1355
1217 1352
1218 1354
1219 1353
1220 1354
1221 1352
1222 1356
1223 1354
1224 1355
1225 1351
1226 1351
1227 1354
1228 1352
1229 1351
1230 1351
1231 1352
1232 1354
1233 1352
1234 1354
1235 1353
1236 1353
1237 1352
1238 1351
1239 1353
1240 1353
1241 1355
1242 1352
1243 1353
1244 1352
1245 1353
1246 1350
1247 1351
1248 1353
1249 1351
1250 1354
1251 1353
1252 1353
1253 1353
1254 1353
1255 1354
1256 1353
1257 1352
1258 1351
1259 1352
1260 1352
1261 1351
1262 1353
1263 1352
1264 1352
1265 1354
1266 1357
1267 1357
1268 1353
1269 1353
1270 1351
1271 1354
1272 1353
1273 1352
1274 1354
1275 1353
1276 1355
1277 1354
1278 1353
1279 1354
1280 1355
1281 1355
1282 1353
1283 1353
1284 1351
1285 1352
1286 1356
1287 1354
1288 1355
1289 1355
1290 1354
1291 1352
1292 1352
1293 1352
1294 1352
1295 1354
1296 1353
1297 1353
1298 1351
1299 1353
1300 1353
1301 1351
1302 1349
1303 1353
1304 1354
1305 1358
1306 1354
1307 1356
1308 1353
1309 1353
1310 1353
1311 1352
1312 1354
1313 1352
1314 1352
1315 1353
1316 1349
1317 1354
1318 1351
1319 1352
1320 1353
1321 1351
1322 1353
1323 1356
1324 1350
1325 1351
1326 1350
1327 1350
1328 1356
1329 1352
1330 1352
1331 1351
1332 1355
1333 1355
1334 1353
1335 1354
1336 1354
1337 1358
1338 1354
1339 1355
1340 1353
1341 1355
1342 1353
1343 1354
1344 1352
1345 1352
1346 1354
1347 1354
1348 1356
1349 1355
1350 1352
1351 1350
1352 1353
1353 1354
1354 1354
1355 1351
1356 1353
1357 1354
1358 1357
1359 1353
1360 1351
1361 1353
1362 1356
1363 1353
1364 1351
1365 1356
1366 1354
1367 1354
1368 1353
1369 1354
1370 1353
1371 1354
1372 1354
1373 1355
1374 1351
1375 1355
1376 1354
1377 1355
1378 1351
1379 1352
1380 1353
1381 1352
1382 1350
1383 1352
1384 1353
1385 1354
1386 1354
1387 1354
1388 1356
1389 1357
1390 1354
1391 1356
1392 1358
1393 1356
1394 1354
1395 1354
1396 1353
1397 1356
1398 1354
1399 1353
1400 1353
1401 1355
1402 1354
1403 1354
1404 1353
1405 1354
1406 1353
1407 1353
1408 1353
1409 1353
1410 1352
1411 1352
1412 1353
1413 1353
1414 1353
1415 1353
1416 1353
1417 1353
1418 1353
1419 1354
1420 1354
1421 1353
1422 1354
1423 1356
1424 1353
1425 1353
1426 1356
1427 1354
1428 1353
1429 1352
1430 1354
1431 1353
1432 1355
1433 1353
1434 1350
1435 1354
1436 1351
1437 1351
1438 1352
1439 1351
1440 1353
1441 1353
1442 1353
1443 1354
1444 1352
1445 1354
1446 1352
1447 1354
1448 1352
1449 1355
1450 1355
1451 1356
1452 1353
1453 1352
1454 1353
1455 1353
1456 1354
1457 1353
1458 1352
1459 1354
1460 1353
1461 1351
1462 1354
1463 1351
1464 1352
1465 1354
1466 1353
1467 1353
1468 1352
1469 1354
1470 1350
1471 1351
1472 1352
1473 1353
1474 1350
1475 1352
1476 1352
1477 1354
1478 1352
1479 1355
1480 1354
1481 1351
1482 1352
1483 1354
1484 1352
1485 1354
1486 1352
1487 1352
1488 1355
1489 1351
1490 1350
1491 1354
1492 1355
1493 1352
1494 1355
1495 1352
1496 1354
1497 1355
1498 1353
1499 1355
1500 1355
1501 1354
1502 1352
1503 1352
1504 1352
1505 1351
1506 1354
1507 1354
1508 1354
1509 1351
1510 1353
1511 1356
1512 1356
1513 1353
1514 1353
1515 1352
1516 1353
1517 1358
1518 1357
1519 1355
1520 1352
1521 1354
1522 1350
1523 1352
1524 1351
1525 1355
1526 1357
1527 1354
1528 1352
1529 1353
1530 1353
1531 1352
1532 1349
1533 1351
1534 1354
1535 1352
1536 1350
1537 1350
1538 1353
1539 1353
1540 1352
1541 1353
1542 1354
1543 1350
1544 1352
1545 1354
1546 1353
1547 1353
1548 1350
1549 1354
1550 1353
1551 1356
1552 1357
1553 1352
1554 1352
1555 1353
1556 1351
1557 1356
1558 1356
1559 1356
1560 1353
1561 1353
1562 1353
1563 1351
1564 1353
1565 1353
1566 1353
1567 1350
1568 1352
1569 1355
1570 1356
1571 1353
1572 1353
1573 1353
1574 1352
1575 1352
1576 1354
1577 1353
1578 1354
1579 1353
1580 1353
1581 1354
1582 1353
1583 1351
1584 1351
1585 1352
1586 1353
1587 1352
1588 1352
1589 1352
1590 1352
1591 1353
1592 1356
1593 1354
1594 1356
1595 1355
1596 1350
1597 1350
1598 1351
1599 1356
1600 1352
1601 1351
1602 1351
1603 1355
1604 1354
1605 1354
1606 1352
1607 1354
1608 1354
1609 1353
1610 1353
1611 1353
1612 1353
1613 1353
1614 1351
1615 1355
1616 1354
1617 1355
1618 1354
1619 1351
1620 1355
1621 1355
1622 1353
1623 1353
1624 1350
1625 1354
1626 1351
1627 1353
1628 1351
1629 1354
1630 1354
1631 1353
1632 1353
1633 1352
1634 1353
1635 1354
1636 1351
1637 1353
1638 1353
1639 1354
1640 1351
1641 1352
1642 1352
1643 1356
1644 1356
1645 1354
1646 1356
1647 1354
1648 1353
1649 1353
1650 1355
1651 1354
1652 1352
1653 1351
1654 1354
1655 1353
1656 1352
1657 1354
1658 1355
1659 1354
1660 1353
1661 1353
1662 1352
1663 1353
1664 1355
1665 1352
1666 1353
1667 1355
1668 1351
1669 1355
1670 1352
1671 1353
1672 1354
1673 1353
1674 1353
1675 1355
1676 1354
1677 1352
1678 1351
1679 1355
1680 1352
1681 1352
1682 1355
1683 1353
1684 1351
1685 1354
1686 1357
1687 1352
1688 1355
1689 1351
1690 1353
1691 1354
1692 1354
1693 1353
1694 1355
1695 1354
1696 1354
1697 1351
1698 1352
1699 1354
1700 1353
1701 1355
1702 1353
1703 1352
1704 1350
1705 1354
1706 1353
1707 1351
1708 1354
1709 1353
1710 1353
1711 1352
1712 1354
1713 1350
1714 1352
1715 1349
1716 1351
1717 1352
1718 1353
1719 1353
1720 1353
1721 1353
1722 1352
1723 1352
1724 1354
1725 1352
1726 1351
1727 1352
1728 1352
1729 1353
1730 1354
1731 1354
1732 1355
1733 1355
1734 1353
1735 1351
1736 1352
1737 1351
1738 1352
1739 1351
1740 1350
1741 1353
1742 1353
1743 1352
1744 1354
1745 1352
1746 1354
1747 1352
1748 1352
1749 1351
1750 1352
1751 1353
1752 1351
1753 1353
1754 1353
1755 1353
1756 1353
1757 1353
1758 1355
1759 1351
1760 1354
1761 1350
1762 1352
1763 1350
1764 1354
1765 1354
1766 1357
1767 1356
1768 1352
1769 1353
1770 1351
1771 1351
1772 1353
1773 1353
1774 1354
1775 1351
1776 1353
1777 1353
1778 1353
1779 1350
1780 1351
1781 1350
1782 1353
1783 1353
1784 1352
1785 1350
1786 1352
1787 1350
1788 1353
1789 1350
1790 1355
1791 1353
1792 1357
1793 1355
1794 1352
1795 1352
1796 1355
1797 1352
1798 1352
1799 1351
1800 1352
1801 1354
1802 1353
1803 1351
1804 1353
1805 1353
1806 1354
1807 1354
1808 1350
1809 1351
1810 1352
1811 1350
1812 1352
1813 1350
1814 1353
1815 1353
1816 1353
1817 1352
1818 1353
1819 1352
1820 1353
1821 1354
1822 1355
1823 1351
1824 1354
1825 1353
1826 1356
1827 1352
1828 1350
1829 1352
1830 1353
1831 1351
1832 1353
1833 1353
1834 1354
1835 1354
1836 1354
1837 1353
1838 1352
1839 1350
1840 1353
1841 1354
1842 1351
1843 1354
1844 1353
1845 1353
1846 1355
1847 1353
1848 1354
1849 1351
1850 1353
1851 1356
1852 1355
1853 1354
1854 1355
1855 1353
1856 1352
1857 1353
1858 1354
1859 1353
1860 1351
1861 1354
1862 1354
1863 1351
1864 1355
1865 1350
1866 1356
1867 1353
1868 1351
1869 1351
1870 1353
1871 1352
1872 1353
1873 1352
1874 1354
1875 1355
1876 1355
1877 1352
1878 1351
1879 1352
1880 1352
1881 1354
1882 1352
1883 1353
1884 1357
1885 1354
1886 1355
1887 1352
1888 1357
1889 1353
1890 1355
1891 1353
1892 1353
1893 1356
1894 1355
1895 1350
1896 1349
1897 1352
1898 1353
1899 1353
1900 1354
1901 1352
1902 1354
1903 1355
1904 1352
1905 1353
1906 1352
1907 1351
1908 1353
1909 1353
1910 1354
1911 1354
1912 1354
1913 1352
1914 1353
1915 1353
1916 1354
1917 1351
1918 1355
1919 1355
1920 1356
1921 1356
1922 1354
1923 1355
1924 1355
1925 1351
1926 1352
1927 1354
1928 1350
1929 1352
1930 1351
1931 1356
1932 1354
1933 1352
1934 1351
1935 1352
1936 1353
1937 1354
1938 1354
1939 1353
1940 1352
1941 1353
1942 1352
1943 1353
1944 1353
1945 1352
1946 1355
1947 1352
1948 1354
1949 1352
1950 1354
1951 1354
1952 1355
1953 1354
1954 1352
1955 1352
1956 1353
1957 1354
1958 1352
1959 1353
1960 1352
1961 1352
1962 1352
1963 1351
1964 1352
1965 1354
1966 1355
1967 1353
1968 1354
1969 1351
1970 1356
1971 1353
1972 1351
1973 1353
1974 1352
1975 1353
1976 1355
1977 1354
1978 1352
1979 1352
1980 1353
1981 1354
1982 1356
1983 1353
1984 1355
1985 1353
1986 1351
1987 1353
1988 1355
1989 1354
1990 1355
1991 1354
1992 1356
1993 1352
1994 1354
1995 1354
1996 1354
1997 1353
1998 1351
1999 1353
2000 1352
2001 1350
2002 1353
2003 1353
2004 1352
2005 1353
2006 1357
2007 1353
2008 1352
2009 1351
2010 1353
2011 1353
2012 1354
2013 1355
2014 1353
2015 1355
2016 1352
2017 1353
2018 1349
2019 1353
2020 1354
2021 1353
2022 1354
2023 1353
2024 1353
2025 1353
2026 1355
2027 1355
2028 1353
2029 1356
2030 1353
2031 1353
2032 1354
2033 1355
2034 1354
2035 1353
2036 1356
2037 1353
2038 1351
2039 1356
2040 1354
2041 1354
2042 1354
2043 1351
2044 1351
2045 1353
2046 1353
2047 1354
2048 1353
2049 1353
2050 1350
2051 1352
2052 1357
2053 1354
2054 1351
2055 1351
2056 1348
2057 1351
2058 1353
2059 1353
2060 1351
2061 1350
2062 1351
2063 1353
2064 1355
2065 1353
2066 1351
2067 1353
2068 1352
2069 1352
2070 1355
2071 1353
2072 1353
2073 1353
2074 1352
2075 1353
2076 1351
2077 1354
2078 1354
2079 1352
2080 1351
2081 1351
2082 1355
2083 1353
2084 1351
2085 1352
2086 1353
2087 1351
2088 1353
2089 1352
2090 1351
2091 1355
2092 1353
2093 1349
2094 1351
2095 1354
2096 1356
2097 1353
2098 1352
2099 1350
2100 1353
2101 1352
2102 1353
2103 1354
2104 1353
2105 1353
2106 1355
2107 1353
2108 1354
2109 1351
2110 1352
2111 1354
2112 1353
2113 1352
2114 1353
2115 1353
2116 1350
2117 1353
2118 1353
2119 1354
2120 1352
2121 1351
2122 1352
2123 1351
2124 1353
2125 1354
2126 1352
2127 1353
2128 1353
2129 1354
2130 1355
2131 1352
2132 1353
2133 1355
2134 1355
2135 1352
2136 1352
2137 1350
2138 1352
2139 1352
2140 1354
2141 1351
2142 1355
2143 1351
2144 1353
2145 1351
2146 1353
2147 1353
2148 1353
2149 1353
2150 1355
2151 1355
2152 1355
2153 1353
2154 1355
2155 1355
2156 1354
2157 1351
2158 1352
2159 1356
2160 1353
2161 1355
2162 1355
2163 1352
2164 1353
2165 1354
2166 1356
2167 1353
2168 1351
2169 1355
2170 1356
2171 1353
2172 1353
2173 1352
2174 1352
2175 1353
2176 1352
2177 1353
2178 1350
2179 1351
2180 1353
2181 1354
2182 1352
2183 1352
2184 1354
2185 1350
2186 1355
2187 1353
2188 1353
2189 1353
2190 1353
2191 1353
2192 1355
2193 1353
2194 1350
2195 1352
2196 1354
2197 1353
2198 1354
2199 1351
2200 1352
2201 1352
2202 1357
2203 1352
2204 1353
2205 1354
2206 1356
2207 1352
2208 1350
2209 1354
2210 1354
2211 1354
2212 1356
2213 1354
2214 1353
2215 1352
2216 1352
2217 1352
2218 1351
2219 1353
2220 1353
2221 1352
2222 1354
2223 1355
2224 1355
2225 1357
2226 1354
2227 1356
2228 1355
2229 1349
2230 1354
2231 1353
2232 1354
2233 1354
2234 1352
2235 1349
2236 1354
2237 1352
2238 1351
2239 1352
2240 1353
2241 1350
2242 1353
2243 1352
2244 1351
2245 1353
2246 1354
2247 1352
2248 1352
2249 1356
2250 1353
2251 1354
2252 1353
2253 1353
2254 1352
2255 1353
2256 1352
2257 1353
2258 1352
2259 1354
2260 1353
2261 1353
2262 1352
2263 1353
2264 1352
2265 1354
2266 1353
2267 1351
2268 1355
2269 1351
2270 1354
2271 1353
2272 1356
2273 1353
2274 1353
2275 1350
2276 1351
2277 1351
2278 1350
2279 1351
2280 1353
2281 1355
2282 1358
2283 1354
2284 1353
2285 1353
2286 1352
2287 1351
2288 1353
2289 1352
2290 1354
2291 1353
2292 1351
2293 1354
2294 1354
2295 1354
2296 1353
2297 1352
2298 1353
2299 1352
2300 1353
2301 1351
2302 1352
2303 1357
2304 1354
2305 1352
2306 1351
2307 1352
2308 1353
2309 1354
2310 1354
2311 1352
2312 1353
2313 1351
2314 1355
2315 1351
2316 1354
2317 1355
2318 1352
2319 1353
2320 1351
2321 1354
2322 1353
2323 1352
2324 1352
2325 1352
2326 1353
2327 1353
2328 1352
2329 1354
2330 1352
2331 1353
2332 1352
2333 1353
2334 1354
2335 1354
2336 1357
2337 1355
2338 1352
2339 1353
2340 1352
2341 1354
2342 1357
2343 1354
2344 1356
2345 1355
2346 1354
2347 1356
2348 1354
2349 1355
2350 1351
2351 1351
2352 1353
2353 1353
2354 1350
2355 1353
2356 1354
2357 1352
2358 1351
2359 1356
2360 1356
2361 1353
2362 1353
2363 1353
2364 1356
2365 1353
2366 1351
2367 1349
2368 1355
2369 1354
2370 1353
2371 1350
2372 1352
2373 1353
2374 1351
2375 1354
2376 1350
2377 1351
2378 1351
2379 1351
2380 1353
2381 1354
2382 1352
2383 1354
2384 1353
2385 1354
2386 1353
2387 1352
2388 1352
2389 1350
2390 1353
2391 1353
2392 1349
2393 1353
2394 1353
2395 1352
2396 1353
2397 1355
2398 1352
2399 1351
2400 1351
2401 1352
2402 1355
2403 1356
2404 1355
2405 1353
2406 1351
2407 1351
2408 1353
2409 1352
2410 1352
2411 1351
2412 1352
2413 1354
2414 1353
2415 1353
2416 1355
2417 1351
2418 1353
2419 1352
2420 1353
2421 1351
2422 1354
2423 1353
2424 1351
2425 1353
2426 1351
2427 1351
2428 1354
2429 1351
2430 1353
2431 1353
2432 1352
2433 1352
2434 1354
2435 1352
2436 1354
2437 1353
2438 1352
2439 1352
2440 1354
2441 1353
2442 1357
2443 1354
2444 1355
2445 1354
2446 1351
2447 1352
2448 1352
2449 1354
2450 1351
2451 1354
2452 1353
2453 1353
2454 1354
2455 1356
2456 1352
2457 1351
2458 1349
2459 1354
2460 1355
2461 1354
2462 1352
2463 1354
2464 1354
2465 1352
2466 1352
2467 1354
2468 1355
2469 1355
2470 1357
2471 1356
2472 1352
2473 1355
2474 1351
2475 1354
2476 1354
2477 1355
2478 1351
2479 1352
2480 1351
2481 1352
2482 1353
2483 1352
2484 1352
2485 1351
2486 1354
2487 1353
2488 1353
2489 1354
2490 1352
2491 1353
2492 1356
2493 1353
2494 1354
2495 1352
2496 1354
2497 1355
2498 1354
2499 1355
2500 1351
2501 1354
2502 1355
2503 1357
2504 1356
2505 1356
2506 1351
2507 1354
2508 1354
2509 1352
2510 1352
2511 1355
2512 1352
2513 1353
2514 1352
2515 1354
2516 1354
2517 1355
2518 1353
2519 1352
2520 1352
2521 1354
2522 1355
2523 1355
2524 1353
2525 1353
2526 1355
2527 1354
2528 1353
2529 1354
2530 1352
2531 1352
2532 1354
2533 1353
2534 1354
2535 1351
2536 1354
2537 1353
2538 1352
2539 1353
2540 1352
2541 1354
2542 1354
2543 1354
2544 1350
2545 1351
2546 1355
2547 1353
2548 1351
2549 1353
2550 1353
2551 1355
2552 1354
2553 1354
2554 1354
2555 1354
2556 1354
2557 1354
2558 1353
2559 1353
2560 1353
2561 1352
2562 1349
2563 1352
2564 1354
2565 1354
2566 1354
2567 1351
2568 1352
2569 1352
2570 1356
2571 1354
2572 1354
2573 1353
2574 1353
2575 1356
2576 1355
2577 1351
2578 1354
2579 1354
2580 1354
2581 1355
2582 1354
2583 1355
2584 1354
2585 1355
2586 1355
2587 1355
2588 1355
2589 1350
2590 1356
2591 1357
2592 1356
2593 1355
2594 1350
2595 1351
2596 1351
2597 1353
2598 1351
2599 1353
2600 1352
2601 1352
2602 1350
2603 1352
2604 1350
2605 1352
2606 1353
2607 1351
2608 1354
2609 1349
2610 1353
2611 1352
2612 1353
2613 1353
2614 1353
2615 1354
2616 1354
2617 1356
2618 1355
2619 1353
2620 1353
2621 1354
2622 1352
2623 1352
2624 1353
2625 1354
2626 1353
2627 1356
2628 1353
2629 1353
2630 1353
2631 1352
2632 1355
2633 1355
2634 1351
2635 1351
2636 1356
2637 1354
2638 1351
2639 1352
2640 1351
2641 1356
2642 1357
2643 1354
2644 1354
2645 1353
2646 1353
2647 1352
2648 1353
2649 1352
2650 1352
2651 1352
2652 1353
2653 1351
2654 1353
2655 1349
2656 1350
2657 1352
2658 1353
2659 1351
2660 1354
2661 1352
2662 1353
2663 1353
2664 1354
2665 1352
2666 1354
2667 1353
2668 1353
2669 1353
2670 1355
2671 1354
2672 1352
2673 1355
2674 1354
2675 1355
2676 1354
2677 1355
2678 1349
2679 1352
2680 1356
2681 1353
2682 1355
2683 1350
2684 1352
2685 1350
2686 1352
2687 1353
2688 1354
2689 1350
2690 1353
2691 1353
2692 1354
2693 1348
2694 1350
2695 1352
2696 1354
2697 1352
2698 1352
2699 1351
2700 1354
2701 1355
2702 1354
2703 1350
2704 1354
2705 1353
2706 1353
2707 1355
2708 1354
2709 1354
2710 1355
2711 1354
2712 1355
2713 1353
2714 1354
2715 1353
2716 1354
2717 1353
2718 1355
2719 1354
2720 1353
2721 1352
2722 1352
2723 1351
2724 1352
2725 1352
2726 1351
2727 1352
2728 1352
2729 1353
2730 1353
2731 1350
2732 1350
2733 1354
2734 1350
2735 1354
2736 1353
2737 1353
2738 1352
2739 1352
2740 1352
2741 1351
2742 1355
2743 1353
2744 1353
2745 1354
2746 1353
2747 1352
2748 1354
2749 1351
2750 1353
2751 1354
2752 1352
2753 1354
2754 1354
2755 1355
2756 1354
2757 1353
2758 1352
2759 1354
2760 1356
2761 1357
2762 1356
2763 1356
2764 1355
2765 1354
2766 1354
2767 1354
2768 1356
2769 1354
2770 1351
2771 1351
2772 1353
2773 1354
2774 1350
2775 1354
2776 1354
2777 1354
2778 1353
2779 1353
2780 1350
2781 1353
2782 1353
2783 1352
2784 1352
2785 1350
2786 1355
2787 1352
2788 1354
2789 1353
2790 1354
2791 1352
2792 1355
2793 1353
2794 1355
2795 1352
2796 1353
2797 1356
2798 1357
2799 1353
2800 1355
2801 1356
2802 1355
2803 1353
2804 1352
2805 1350
2806 1354
2807 1352
2808 1353
2809 1352
2810 1352
2811 1354
2812 1354
2813 1354
2814 1353
2815 1353
2816 1351
2817 1354
2818 1352
2819 1351
2820 1351
2821 1350
2822 1351
2823 1352
2824 1354
2825 1351
2826 1352
2827 1351
2828 1355
2829 1350
2830 1353
2831 1351
2832 1352
2833 1352
2834 1353
2835 1355
2836 1354
2837 1353
2838 1355
2839 1352
2840 1355
2841 1355
2842 1355
2843 1354
2844 1354
2845 1349
2846 1353
2847 1354
2848 1354
2849 1351
2850 1351
2851 1351
2852 1353
2853 1353
2854 1354
2855 1355
2856 1352
2857 1352
2858 1350
2859 1354
2860 1354
2861 1354
2862 1356
2863 1354
2864 1353
2865 1352
2866 1353
2867 1356
2868 1352
2869 1354
2870 1353
2871 1355
2872 1352
2873 1352
2874 1354
2875 1355
2876 1354
2877 1354
2878 1352
2879 1353
2880 1354
2881 1355
2882 1354
2883 1352
2884 1355
2885 1354
2886 1355
2887 1352
2888 1352
2889 1355
2890 1354
2891 1353
2892 1353
2893 1355
2894 1356
2895 1352
2896 1356
2897 1350
2898 1356
2899 1354
2900 1354
2901 1354
2902 1352
2903 1354
2904 1355
2905 1352
2906 1355
2907 1354
2908 1354
2909 1354
2910 1351
2911 1352
2912 1353
2913 1353
2914 1352
2915 1351
2916 1351
2917 1352
2918 1353
2919 1353
2920 1352
2921 1354
2922 1353
2923 1354
2924 1351
2925 1354
2926 1357
2927 1355
2928 1351
2929 1354
2930 1353
2931 1353
2932 1353
2933 1352
2934 1355
2935 1354
2936 1352
2937 1350
2938 1352
2939 1352
2940 1353
2941 1353
2942 1356
2943 1354
2944 1353
2945 1353
2946 1350
2947 1350
2948 1352
2949 1352
2950 1353
2951 1352
2952 1353
2953 1351
2954 1355
2955 1353
2956 1354
2957 1352
2958 1350
2959 1352
2960 1353
2961 1352
2962 1355
2963 1354
2964 1353
2965 1355
2966 1352
2967 1351
2968 1353
2969 1355
2970 1354
2971 1354
2972 1352
2973 1351
2974 1353
2975 1354
2976 1352
2977 1350
2978 1354
2979 1355
2980 1352
2981 1352
2982 1356
2983 1351
2984 1355
2985 1355
2986 1354
2987 1353
2988 1357
2989 1350
2990 1350
2991 1352
2992 1354
2993 1354
2994 1352
2995 1349
2996 1355
2997 1351
2998 1353
2999 1353
3000 1354
3001 1354
3002 1355
3003 1352
3004 1351
3005 1354
3006 1353
3007 1352
3008 1355
3009 1352
3010 1353
3011 1354
3012 1352
3013 1350
3014 1353
3015 1350
3016 1356
3017 1353
3018 1354
3019 1353
3020 1354
3021 1352
3022 1354
3023 1351
3024 1350
3025 1351
3026 1355
3027 1353
3028 1353
3029 1351
3030 1353
3031 1358
3032 1354
3033 1354
3034 1353
3035 1354
3036 1354
3037 1356
3038 1351
3039 1351
3040 1354
3041 1354
3042 1351
3043 1351
3044 1353
3045 1353
3046 1351
3047 1355
3048 1353
3049 1354
3050 1352
3051 1355
3052 1353
3053 1352
3054 1352
3055 1353
3056 1355
3057 1353
3058 1353
3059 1353
3060 1354
3061 1354
3062 1352
3063 1353
3064 1354
3065 1352
3066 1351
3067 1352
3068 1355
3069 1351
3070 1354
3071 1354
3072 1354
3073 1352
3074 1353
3075 1351
3076 1352
3077 1354
3078 1355
3079 1355
3080 1354
3081 1353
3082 1353
3083 1352
3084 1352
3085 1354
3086 1353
3087 1353
3088 1353
3089 1350
3090 1354
3091 1353
3092 1354
3093 1352
3094 1351
3095 1349
3096 1354
3097 1353
3098 1353
3099 1355
3100 1353
3101 1353
3102 1353
3103 1354
3104 1355
3105 1355
3106 1353
3107 1355
3108 1352
3109 1354
3110 1354
3111 1356
3112 1354
3113 1353
3114 1354
3115 1354
3116 1354
3117 1352
3118 1351
3119 1354
3120 1353
3121 1352
3122 1355
3123 1351
3124 1353
3125 1352
3126 1350
3127 1355
3128 1353
3129 1351
3130 1353
3131 1350
3132 1353
3133 1354
3134 1352
3135 1351
3136 1353
3137 1353
3138 1354
3139 1351
3140 1353
3141 1353
3142 1351
3143 1353
3144 1353
3145 1353
3146 1350
3147 1353
3148 1355
3149 1354
3150 1352
3151 1354
3152 1351
3153 1352
3154 1352
3155 1353
3156 1354
3157 1351
3158 1352
3159 1353
3160 1354
3161 1354
3162 1356
3163 1354
3164 1355
3165 1356
3166 1354
3167 1355
3168 1355
3169 1353
3170 1355
3171 1353
3172 1354
3173 1352
3174 1353
3175 1349
3176 1351
3177 1350
3178 1353
3179 1352
3180 1352
3181 1354
3182 1354
3183 1355
3184 1351
3185 1353
3186 1352
3187 1353
3188 1353
3189 1354
3190 1353
3191 1352
3192 1355
3193 1355
3194 1353
3195 1353
3196 1353
3197 1350
3198 1353
3199 1353
3200 1355
3201 1352
3202 1353
3203 1352
3204 1355
3205 1351
3206 1353
3207 1353
3208 1353
3209 1352
3210 1353
3211 1350
3212 1355
3213 1356
3214 1352
3215 1352
3216 1351
3217 1352
3218 1352
3219 1355
3220 1355
3221 1354
3222 1355
3223 1354
3224 1353
3225 1352
3226 1352
3227 1352
3228 1353
3229 1353
3230 1356
3231 1351
3232 1354
3233 1353
3234 1356
3235 1352
3236 1353
3237 1353
3238 1357
3239 1353
3240 1353
3241 1352
3242 1353
3243 1350
3244 1353
3245 1353
3246 1353
3247 1354
3248 1354
3249 1353
3250 1355
3251 1354
3252 1353
3253 1355
3254 1351
3255 1353
3256 1354
3257 1354
3258 1356
3259 1352
3260 1353
3261 1352
3262 1354
3263 1352
3264 1353
3265 1354
3266 1355
3267 1352
3268 1351
3269 1352
3270 1352
3271 1352
3272 1350
3273 1352
3274 1352
3275 1351
3276 1350
3277 1351
3278 1350
3279 1351
3280 1354
3281 1351
3282 1351
3283 1351
3284 1354
3285 1350
3286 1353
3287 1354
3288 1354
3289 1354
3290 1355
3291 1356
3292 1353
3293 1350
3294 1354
3295 1353
3296 1354
3297 1353
3298 1354
3299 1351
3300 1354
3301 1354
3302 1351
3303 1355
3304 1352
3305 1353
3306 1355
3307 1350
3308 1352
3309 1351
3310 1352
3311 1355
3312 1352
3313 1356
3314 1350
3315 1356
3316 1356
3317 1354
3318 1352
3319 1353
3320 1353
3321 1356
3322 1353
3323 1354
3324 1357
3325 1354
3326 1353
3327 1353
3328 1354
3329 1354
3330 1355
3331 1355
3332 1357
3333 1352
3334 1351
3335 1351
3336 1353
3337 1352
3338 1350
3339 1354
3340 1356
3341 1353
3342 1353
3343 1353
3344 1355
3345 1356
3346 1354
3347 1351
3348 1354
3349 1354
3350 1353
3351 1353
3352 1358
3353 1354
3354 1354
3355 1353
3356 1353
3357 1352
3358 1353
3359 1354
3360 1351
3361 1355
3362 1353
3363 1352
3364 1352
3365 1353
3366 1357
3367 1354
3368 1355
3369 1354
3370 1354
3371 1355
3372 1355
3373 1350
3374 1352
3375 1354
3376 1355
3377 1351
3378 1350
3379 1353
3380 1351
3381 1353
3382 1352
3383 1352
3384 1352
3385 1352
3386 1354
3387 1356
3388 1353
3389 1356
3390 1350
3391 1351
3392 1351
3393 1354
3394 1352
3395 1354
3396 1352
3397 1352
3398 1354
3399 1355
3400 1355
3401 1353
3402 1354
3403 1353
3404 1354
3405 1350
3406 1352
3407 1354
3408 1354
3409 1353
3410 1353
3411 1354
3412 1352
3413 1355
3414 1357
3415 1354
3416 1354
3417 1353
3418 1356
3419 1354
3420 1353
3421 1354
3422 1355
3423 1355
3424 1352
3425 1351
3426 1353
3427 1353
3428 1354
3429 1356
3430 1355
3431 1355
3432 1353
3433 1354
3434 1352
3435 1355
3436 1353
3437 1355
3438 1352
3439 1351
3440 1352
3441 1354
3442 1354
3443 1355
3444 1354
3445 1351
3446 1354
3447 1356
3448 1352
3449 1352
3450 1353
3451 1351
3452 1354
3453 1353
3454 1355
3455 1353
3456 1354
3457 1356
3458 1353
3459 1353
3460 1353
3461 1353
3462 1352
3463 1355
3464 1353
3465 1354
3466 1356
3467 1356
3468 1352
3469 1352
3470 1353
3471 1356
3472 1353
3473 1355
3474 1351
3475 1356
3476 1353
3477 1355
3478 1355
3479 1355
3480 1353
3481 1351
3482 1352
3483 1355
3484 1354
3485 1353
3486 1355
3487 1354
3488 1354
3489 1353
3490 1355
3491 1350
3492 1356
3493 1353
3494 1354
3495 1353
3496 1354
3497 1350
3498 1354
3499 1353
3500 1354
3501 1356
3502 1354
3503 1354
3504 1351
3505 1354
3506 1351
3507 1355
3508 1353
3509 1352
3510 1353
3511 1351
3512 1353
3513 1353
3514 1355
3515 1351
3516 1354
3517 1353
3518 1354
3519 1349
3520 1352
3521 1351
3522 1356
3523 1352
3524 1356
3525 1352
3526 1353
3527 1352
3528 1351
3529 1355
3530 1354
3531 1354
3532 1355
3533 1355
3534 1356
3535 1355
3536 1352
3537 1354
3538 1356
3539 1352
3540 1352
3541 1352
3542 1355
3543 1357
3544 1356
3545 1354
3546 1353
3547 1353
3548 1352
3549 1350
3550 1353
3551 1355
3552 1352
3553 1352
3554 1352
3555 1353
3556 1353
3557 1353
3558 1353
3559 1351
3560 1353
3561 1356
3562 1353
3563 1351
3564 1351
3565 1353
3566 1354
3567 1353
3568 1354
3569 1353
3570 1354
3571 1353
3572 1354
3573 1352
3574 1353
3575 1354
3576 1354
3577 1357
3578 1353
3579 1352
3580 1355
3581 1354
3582 1353
3583 1352
3584 1351
3585 1351
3586 1355
3587 1352
3588 1352
3589 1352
3590 1353
3591 1353
3592 1354
3593 1354
3594 1354
3595 1354
3596 1356
3597 1355
3598 1352
3599 1355
3600 1354
3601 1356
3602 1354
3603 1355
3604 1353
3605 1354
3606 1354
3607 1353
3608 1353
3609 1355
3610 1354
3611 1353
3612 1352
3613 1352
3614 1352
3615 1354
3616 1355
3617 1354
3618 1351
3619 1352
3620 1354
3621 1354
3622 1356
3623 1355
3624 1353
3625 1355
3626 1357
3627 1353
3628 1352
3629 1352
3630 1352
3631 1352
3632 1354
3633 1355
3634 1352
3635 1351
3636 1354
3637 1352
3638 1351
3639 1352
3640 1354
3641 1352
3642 1355
3643 1353
3644 1352
3645 1351
3646 1354
3647 1354
3648 1354
3649 1353
3650 1350
3651 1352
3652 1356
3653 1353
3654 1354
3655 1354
3656 1353
3657 1354
3658 1356
3659 1356
3660 1358
3661 1353
3662 1354
3663 1353
3664 1354
3665 1352
3666 1356
3667 1354
3668 1352
3669 1351
3670 1352
3671 1353
3672 1355
3673 1352
3674 1351
3675 1352
3676 1355
3677 1352
3678 1353
3679 1354
3680 1353
3681 1350
3682 1353
3683 1354
3684 1356
3685 1351
3686 1353
3687 1355
3688 1352
3689 1350
3690 1353
3691 1353
3692 1355
3693 1355
3694 1355
3695 1352
3696 1352
3697 1353
3698 1354
3699 1351
3700 1354
3701 1352
3702 1352
3703 1351
3704 1353
3705 1354
3706 1352
3707 1352
3708 1354
3709 1354
3710 1352
3711 1353
3712 1356
3713 1352
3714 1354
3715 1354
3716 1357
3717 1355
3718 1352
3719 1353
3720 1354
3721 1356
3722 1355
3723 1355
3724 1355
3725 1353
3726 1354
3727 1353
3728 1354
3729 1354
3730 1352
3731 1354
3732 1356
3733 1352
3734 1354
3735 1352
3736 1354
3737 1355
3738 1353
3739 1352
3740 1354
3741 1351
3742 1353
3743 1354
3744 1352
3745 1354
3746 1356
3747 1354
3748 1353
3749 1353
3750 1354
3751 1353
3752 1354
3753 1356
3754 1352
3755 1353
3756 1354
3757 1352
3758 1354
3759 1350
3760 1354
3761 1355
3762 1351
3763 1354
3764 1354
3765 1353
3766 1352
3767 1354
3768 1352
3769 1353
3770 1351
3771 1354
3772 1353
3773 1355
3774 1354
3775 1355
3776 1353
3777 1351
3778 1352
3779 1351
3780 1353
3781 1354
3782 1354
3783 1352
3784 1352
3785 1356
3786 1355
3787 1355
3788 1352
3789 1352
3790 1352
3791 1354
3792 1354
3793 1353
3794 1352
3795 1353
3796 1352
3797 1354
3798 1351
3799 1352
3800 1352
3801 1354
3802 1354
3803 1353
3804 1350
3805 1353
3806 1354
3807 1355
3808 1353
3809 1353
3810 1350
3811 1351
3812 1353
3813 1354
3814 1353
3815 1353
3816 1353
3817 1353
3818 1354
3819 1355
3820 1353
3821 1353
3822 1350
3823 1352
3824 1353
3825 1354
3826 1356
3827 1351
3828 1353
3829 1350
3830 1351
3831 1356
3832 1352
3833 1353
3834 1352
3835 1354
3836 1354
3837 1354
3838 1354
3839 1355
3840 1351
3841 1352
3842 1353
3843 1353
3844 1352
3845 1353
3846 1354
3847 1352
3848 1353
3849 1353
3850 1352
3851 1354
3852 1352
3853 1353
3854 1353
3855 1353
3856 1353
3857 1354
3858 1353
3859 1352
3860 1355
3861 1352
3862 1352
3863 1355
3864 1353
3865 1351
3866 1355
3867 1353
3868 1356
3869 1352
3870 1353
3871 1353
3872 1353
3873 1353
3874 1354
3875 1356
3876 1354
3877 1356
3878 1353
3879 1353
3880 1351
3881 1353
3882 1352
3883 1356
3884 1352
3885 1353
3886 1351
3887 1354
3888 1352
3889 1351
3890 1352
3891 1354
3892 1350
3893 1353
3894 1352
3895 1356
3896 1352
3897 1355
3898 1353
3899 1354
3900 1356
3901 1355
3902 1355
3903 1354
3904 1351
3905 1354
3906 1352
3907 1353
3908 1350
3909 1352
3910 1350
3911 1354
3912 1349
3913 1353
3914 1353
3915 1354
3916 1354
3917 1351
3918 1354
3919 1355
3920 1350
3921 1353
3922 1354
3923 1352
3924 1353
3925 1355
3926 1352
3927 1354
3928 1350
3929 1354
3930 1352
3931 1352
3932 1355
3933 1354
3934 1353
3935 1353
3936 1353
3937 1355
3938 1351
3939 1353
3940 1356
3941 1352
3942 1353
3943 1351
3944 1349
3945 1353
3946 1352
3947 1355
3948 1354
3949 1351
3950 1355
3951 1352
3952 1352
3953 1352
3954 1355
3955 1353
3956 1355
3957 1352
3958 1354
3959 1351
3960 1356
3961 1353
3962 1355
3963 1352
3964 1353
3965 1351
3966 1356
3967 1354
3968 1352
3969 1349
3970 1354
3971 1353
3972 1351
3973 1352
3974 1352
3975 1352
3976 1351
3977 1351
3978 1352
3979 1350
3980 1354
3981 1352
3982 1352
3983 1350
3984 1354
3985 1352
3986 1354
3987 1351
3988 1352
3989 1352
3990 1356
3991 1354
3992 1354
3993 1352
3994 1354
3995 1351
3996 1353
3997 1352
3998 1354
3999 1350
