0 1353
1 1356
2 1356
3 1353
4 1354
5 1355
6 1353
7 1354
8 1351
9 1354
10 1356
11 1352
12 1354
13 1355
14 1355
15 1356
16 1357
17 1355
18 1355
19 1356
20 1354
21 1356
22 1354
23 1352
24 1355
25 1354
26 1354
27 1355
28 1354
29 1354
30 1358
31 1355
32 1356
33 1354
34 1356
35 1356
36 1357
37 1357
38 1353
39 1355
40 1355
41 1357
42 1353
43 1355
44 1357
45 1354
46 1358
47 1359
48 1357
49 1355
50 1357
51 1356
52 1355
53 1356
54 1355
55 1353
56 1354
57 1355
58 1355
59 1354
60 1355
61 1354
62 1354
63 1356
64 1353
65 1354
66 1355
67 1353
68 1354
69 1353
70 1352
71 1353
72 1356
73 1353
74 1356
75 1355
76 1360
77 1357
78 1355
79 1356
80 1356
81 1356
82 1356
83 1354
84 1357
85 1356
86 1354
87 1354
88 1355
89 1356
90 1355
91 1356
92 1355
93 1356
94 1356
95 1354
96 1356
97 1355
98 1357
99 1356
100 1357
101 1354
102 1357
103 1352
104 1357
105 1354
106 1358
107 1355
108 1352
109 1354
110 1360
111 1356
112 1357
113 1355
114 1354
115 1354
116 1357
117 1354
118 1355
119 1351
120 1352
121 1355
122 1357
123 1358
124 1356
125 1357
126 1357
127 1355
128 1356
129 1354
130 1359
131 1354
132 1354
133 1354
134 1354
135 1354
136 1356
137 1355
138 1355
139 1357
140 1357
141 1357
142 1355
143 1354
144 1357
145 1356
146 1356
147 1354
148 1355
149 1355
150 1355
151 1353
152 1357
153 1352
154 1356
155 1356
156 1357
157 1355
158 1355
159 1355
160 1354
161 1356
162 1356
163 1355
164 1355
165 1353
166 1353
167 1353
168 1356
169 1354
170 1357
171 1355
172 1354
173 1353
174 1355
175 1356
176 1353
177 1357
178 1356
179 1355
180 1355
181 1354
182 1356
183 1355
184 1356
185 1357
186 1355
187 1355
188 1354
189 1354
190 1355
191 1352
192 1353
193 1350
194 1356
195 1357
196 1356
197 1355
198 1355
199 1354
200 1355
201 1356
202 1356
203 1356
204 1355
205 1354
206 1355
207 1356
208 1356
209 1353
210 1354
211 1355
212 1355
213 1354
214 1354
215 1355
216 1357
217 1352
218 1355
219 1354
220 1357
221 1354
222 1357
223 1352
224 1354
225 1355
226 1357
227 1357
228 1354
229 1356
230 1360
231 1356
232 1356
233 1354
234 1352
235 1354
236 1353
237 1354
238 1355
239 1355
240 1357
241 1355
242 1356
243 1356
244 1356
245 1353
246 1354
247 1355
248 1355
249 1353
250 1356
251 1355
252 1359
253 1355
254 1356
255 1354
256 1356
257 1355
258 1356
259 1352
260 1355
261 1355
262 1357
263 1353
264 1353
265 1353
266 1355
267 1355
268 1355
269 1353
270 1353
271 1353
272 1354
273 1352
274 1354
275 1356
276 1358
277 1354
278 1356
279 1353
280 1354
281 1355
282 1353
283 1354
284 1356
285 1355
286 1356
287 1355
288 1354
289 1357
290 1354
291 1356
292 1357
293 1353
294 1356
295 1355
296 1358
297 1357
298 1356
299 1354
300 1357
301 1357
302 1356
303 1356
304 1357
305 1354
306 1354
307 1354
308 1355
309 1353
310 1353
311 1351
312 1357
313 1356
314 1355
315 1354
316 1355
317 1351
318 1358
319 1356
320 1357
321 1356
322 1356
323 1353
324 1353
325 1353
326 1354
327 1351
328 1355
329 1356
330 1357
331 1357
332 1354
333 1353
334 1357
335 1356
336 1356
337 1354
338 1354
339 1353
340 1354
341 1355
342 1355
343 1356
344 1356
345 1357
346 1357
347 1356
348 1355
349 1356
350 1356
351 1355
352 1354
353 1356
354 1356
355 1354
356 1355
357 1356
358 1353
359 1355
360 1357
361 1356
362 1355
363 1355
364 1354
365 1354
366 1353
367 1355
368 1355
369 1352
370 1355
371 1354
372 1354
373 1354
374 1359
375 1356
376 1357
377 1355
378 1356
379 1356
380 1355
381 1356
382 1355
383 1356
384 1355
385 1352
386 1355
387 1354
388 1355
389 1353
390 1359
391 1358
392 1357
393 1356
394 1356
395 1355
396 1354
397 1355
398 1354
399 1355
400 1356
401 1355
402 1356
403 1357
404 1358
405 1354
406 1355
407 1354
408 1357
409 1356
410 1356
411 1354
412 1354
413 1354
414 1353
415 1355
416 1357
417 1354
418 1355
419 1355
420 1360
421 1355
422 1355
423 1355
424 1355
425 1356
426 1356
427 1353
428 1357
429 1354
430 1354
431 1349
432 1355
433 1353
434 1353
435 1356
436 1358
437 1354
438 1356
439 1351
440 1356
441 1355
442 1355
443 1355
444 1358
445 1358
446 1357
447 1357
448 1357
449 1355
450 1357
451 1354
452 1357
453 1354
454 1356
455 1353
456 1355
457 1356
458 1356
459 1355
460 1353
461 1356
462 1355
463 1355
464 1356
465 1352
466 1356
467 1358
468 1357
469 1356
470 1356
471 1354
472 1354
473 1354
474 1357
475 1355
476 1357
477 1355
478 1354
479 1356
480 1356
481 1356
482 1355
483 1355
484 1355
485 1351
486 1354
487 1354
488 1353
489 1353
490 1355
491 1355
492 1354
493 1352
494 1355
495 1356
496 1357
497 1354
498 1354
499 1353
500 1357
501 1358
502 1355
503 1354
504 1356
505 1357
506 1357
507 1355
508 1357
509 1354
510 1355
511 1355
512 1355
513 1353
514 1357
515 1355
516 1358
517 1352
518 1352
519 1354
520 1358
521 1354
522 1356
523 1356
524 1359
525 1355
526 1356
527 1353
528 1355
529 1355
530 1358
531 1358
532 1360
533 1363
534 1369
535 1378
536 1395
537 1414
538 1445
539 1486
540 1535
541 1595
542 1662
543 1731
544 1800
545 1869
546 1933
547 1996
548 2056
549 2110
550 2157
551 2188
552 2219
553 2238
554 2246
555 2253
556 2257
557 2257
558 2253
559 2249
560 2236
561 2223
562 2203
563 2180
564 2151
565 2126
566 2098
567 2067
568 2035
569 2003
570 1969
571 1934
572 1903
573 1875
574 1848
575 1823
576 1800
577 1773
578 1745
579 1724
580 1698
581 1674
582 1653
583 1634
584 1613
585 1596
586 1584
587 1568
588 1550
589 1537
590 1526
591 1514
592 1505
593 1497
594 1490
595 1485
596 1475
597 1468
598 1458
599 1451
600 1445
601 1439
602 1436
603 1429
604 1424
605 1417
606 1414
607 1405
608 1402
609 1398
610 1399
611 1393
612 1390
613 1387
614 1386
615 1382
616 1382
617 1382
618 1381
619 1376
620 1373
621 1374
622 1373
623 1372
624 1370
625 1370
626 1372
627 1367
628 1368
629 1363
630 1366
631 1365
632 1363
633 1363
634 1364
635 1364
636 1359
637 1363
638 1366
639 1361
640 1359
641 1364
642 1362
643 1360
644 1363
645 1360
646 1360
647 1359
648 1359
649 1359
650 1359
651 1358
652 1357
653 1361
654 1357
655 1359
656 1358
657 1357
658 1355
659 1356
660 1361
661 1358
662 1358
663 1358
664 1358
665 1356
666 1357
667 1356
668 1357
669 1356
670 1357
671 1358
672 1359
673 1358
674 1358
675 1356
676 1357
677 1355
678 1355
679 1356
680 1358
681 1361
682 1359
683 1357
684 1357
685 1355
686 1356
687 1355
688 1356
689 1356
690 1357
691 1355
692 1358
693 1356
694 1358
695 1355
696 1357
697 1358
698 1357
699 1357
700 1353
701 1356
702 1357
703 1355
704 1356
705 1355
706 1356
707 1355
708 1352
709 1356
710 1359
711 1360
712 1358
713 1356
714 1358
715 1356
716 1359
717 1355
718 1354
719 1353
720 1354
721 1358
722 1357
723 1355
724 1357
725 1357
726 1357
727 1359
728 1357
729 1355
730 1356
731 1356
732 1355
733 1358
734 1356
735 1356
736 1356
737 1356
738 1352
739 1357
740 1361
741 1355
742 1353
743 1356
744 1357
745 1355
746 1353
747 1354
748 1354
749 1355
750 1352
751 1356
752 1357
753 1357
754 1354
755 1352
756 1355
757 1356
758 1356
759 1357
760 1356
761 1354
762 1357
763 1357
764 1353
765 1354
766 1356
767 1356
768 1354
769 1357
770 1356
771 1357
772 1355
773 1357
774 1357
775 1355
776 1357
777 1357
778 1355
779 1355
780 1353
781 1353
782 1357
783 1351
784 1354
785 1352
786 1354
787 1356
788 1355
789 1355
790 1355
791 1353
792 1357
793 1356
794 1353
795 1356
796 1352
797 1352
798 1356
799 1355
800 1357
801 1355
802 1352
803 1354
804 1355
805 1355
806 1354
807 1353
808 1356
809 1355
810 1354
811 1357
812 1356
813 1356
814 1356
815 1355
816 1356
817 1354
818 1354
819 1353
820 1353
821 1355
822 1352
823 1354
824 1355
825 1353
826 1354
827 1353
828 1357
829 1353
830 1357
831 1356
832 1353
833 1355
834 1353
835 1356
836 1355
837 1358
838 1357
839 1357
840 1357
841 1355
842 1356
843 1354
844 1355
845 1355
846 1357
847 1354
848 1355
849 1355
850 1353
851 1355
852 1357
853 1355
854 1353
855 1353
856 1357
857 1356
858 1354
859 1354
860 1355
861 1352
862 1357
863 1353
864 1355
865 1353
866 1357
867 1356
868 1357
869 1351
870 1355
871 1357
872 1357
873 1354
874 1357
875 1356
876 1357
877 1356
878 1356
879 1353
880 1357
881 1356
882 1356
883 1357
884 1356
885 1355
886 1354
887 1356
888 1357
889 1355
890 1356
891 1355
892 1357
893 1354
894 1354
895 1352
896 1357
897 1355
898 1357
899 1356
900 1357
901 1355
902 1357
903 1355
904 1357
905 1356
906 1358
907 1358
908 1357
909 1355
910 1355
911 1356
912 1356
913 1357
914 1357
915 1356
916 1357
917 1356
918 1357
919 1356
920 1357
921 1355
922 1355
923 1353
924 1353
925 1355
926 1355
927 1356
928 1354
929 1355
930 1357
931 1355
932 1354
933 1356
934 1358
935 1356
936 1356
937 1356
938 1355
939 1356
940 1356
941 1357
942 1354
943 1356
944 1357
945 1356
946 1356
947 1355
948 1353
949 1354
950 1357
951 1354
952 1356
953 1356
954 1357
955 1357
956 1356
957 1353
958 1354
959 1354
960 1357
961 1356
962 1355
963 1356
964 1358
965 1358
966 1356
967 1355
968 1356
969 1355
970 1356
971 1356
972 1351
973 1356
974 1357
975 1355
976 1355
977 1354
978 1356
979 1354
980 1355
981 1353
982 1357
983 1355
984 1354
985 1355
986 1354
987 1355
988 1357
989 1355
990 1356
991 1356
992 1355
993 1354
994 1356
995 1356
996 1354
997 1356
998 1353
999 1351
1000 1356
1001 1355
1002 1355
1003 1355
1004 1356
1005 1357
1006 1357
1007 1356
1008 1357
1009 1354
1010 1355
1011 1358
1012 1357
1013 1358
1014 1356
1015 1355
1016 1354
1017 1354
1018 1356
1019 1355
1020 1357
1021 1356
1022 1358
1023 1356
1024 1357
1025 1356
1026 1356
1027 1352
1028 1357
1029 1355
1030 1356
1031 1353
1032 1357
1033 1355
1034 1358
1035 1356
1036 1355
1037 1356
1038 1356
1039 1355
1040 1354
1041 1354
1042 1356
1043 1356
1044 1354
1045 1356
1046 1356
1047 1353
1048 1355
1049 1355
1050 1354
1051 1355
1052 1356
1053 1353
1054 1353
1055 1354
1056 1357
1057 1352
1058 1352
1059 1352
1060 1357
1061 1358
1062 1357
1063 1356
1064 1356
1065 1357
1066 1359
1067 1356
1068 1353
1069 1351
1070 1355
1071 1353
1072 1354
1073 1352
1074 1355
1075 1356
1076 1357
1077 1354
1078 1359
1079 1358
1080 1357
1081 1356
1082 1354
1083 1357
1084 1357
1085 1355
1086 1358
1087 1358
1088 1353
1089 1356
1090 1359
1091 1356
1092 1357
1093 1353
1094 1354
1095 1356
1096 1354
1097 1355
1098 1353
1099 1356
1100 1355
1101 1354
1102 1356
1103 1355
1104 1358
1105 1354
1106 1356
1107 1356
1108 1356
1109 1356
1110 1357
1111 1353
1112 1355
1113 1355
1114 1353
1115 1359
1116 1356
1117 1354
1118 1354
1119 1353
1120 1358
1121 1353
1122 1354
1123 1355
1124 1357
1125 1354
1126 1355
1127 1354
1128 1356
1129 1355
1130 1353
1131 1352
1132 1354
1133 1355
1134 1353
1135 1354
1136 1355
1137 1353
1138 1353
1139 1355
1140 1356
1141 1358
1142 1354
1143 1355
1144 1354
1145 1355
1146 1357
1147 1353
1148 1354
1149 1354
1150 1353
1151 1356
1152 1355
1153 1355
1154 1356
1155 1352
1156 1353
1157 1356
1158 1352
1159 1353
1160 1353
1161 1354
1162 1357
1163 1355
1164 1356
1165 1354
1166 1354
1167 1353
1168 1355
1169 1354
1170 1356
1171 1354
1172 1356
1173 1355
1174 1356
1175 1357
1176 1356
1177 1355
1178 1354
1179 1354
1180 1360
1181 1355
1182 1353
1183 1355
1184 1354
1185 1352
1186 1356
1187 1353
1188 1354
1189 1351
1190 1355
1191 1354
1192 1354
1193 1352
1194 1354
1195 1353
1196 1355
1197 1355
1198 1355
1199 1356
1200 1357
1201 1356
1202 1358
1203 1356
1204 1357
1205 1354
1206 1355
1207 1357
1208 1357
1209 1356
1210 1357
1211 1355
1212 1358
1213 1360
1214 1355
1215 1354
1216 1354
1217 1357
1218 1355
1219 1354
1220 1355
1221 1356
1222 1357
1223 1355
1224 1355
1225 1356
1226 1357
1227 1353
1228 1353
1229 1355
1230 1357
1231 1352
1232 1354
1233 1355
1234 1355
1235 1354
1236 1353
1237 1354
1238 1354
1239 1352
1240 1355
1241 1353
1242 1357
1243 1355
1244 1355
1245 1354
1246 1357
1247 1355
1248 1352
1249 1355
1250 1357
1251 1359
1252 1357
1253 1354
1254 1353
1255 1354
1256 1354
1257 1356
1258 1355
1259 1352
1260 1352
1261 1354
1262 1353
1263 1355
1264 1356
1265 1355
1266 1356
1267 1349
1268 1351
1269 1356
1270 1356
1271 1353
1272 1355
1273 1353
1274 1354
1275 1354
1276 1356
1277 1355
1278 1355
1279 1352
1280 1357
1281 1354
1282 1356
1283 1354
1284 1355
1285 1353
1286 1357
1287 1356
1288 1354
1289 1353
1290 1354
1291 1355
1292 1353
1293 1353
1294 1355
1295 1353
1296 1359
1297 1356
1298 1356
1299 1352
1300 1356
1301 1355
1302 1357
1303 1353
1304 1351
1305 1352
1306 1353
1307 1351
1308 1352
1309 1352
1310 1358
1311 1355
1312 1355
1313 1351
1314 1357
1315 1353
1316 1357
1317 1351
1318 1355
1319 1355
1320 1354
1321 1355
1322 1351
1323 1353
1324 1356
1325 1354
1326 1356
1327 1354
1328 1355
1329 1356
1330 1357
1331 1355
1332 1357
1333 1356
1334 1358
1335 1352
1336 1356
1337 1353
1338 1357
1339 1355
1340 1360
1341 1355
1342 1357
1343 1355
1344 1357
1345 1353
1346 1354
1347 1353
1348 1357
1349 1352
1350 1354
1351 1357
1352 1356
1353 1356
1354 1358
1355 1355
1356 1357
1357 1355
1358 1353
1359 1354
1360 1357
1361 1355
1362 1354
1363 1354
1364 1355
1365 1355
1366 1357
1367 1353
1368 1355
1369 1356
1370 1358
1371 1358
1372 1357
1373 1355
1374 1355
1375 1353
1376 1357
1377 1356
1378 1359
1379 1353
1380 1358
1381 1352
1382 1357
1383 1351
1384 1358
1385 1357
1386 1357
1387 1355
1388 1356
1389 1354
1390 1354
1391 1355
1392 1357
1393 1356
1394 1354
1395 1353
1396 1355
1397 1355
1398 1357
1399 1357
1400 1357
1401 1356
1402 1357
1403 1353
1404 1353
1405 1354
1406 1356
1407 1354
1408 1354
1409 1355
1410 1358
1411 1352
1412 1355
1413 1355
1414 1357
1415 1354
1416 1358
1417 1356
1418 1355
1419 1355
1420 1354
1421 1352
1422 1355
1423 1355
1424 1355
1425 1355
1426 1355
1427 1356
1428 1355
1429 1354
1430 1356
1431 1355
1432 1356
1433 1355
1434 1354
1435 1352
1436 1354
1437 1353
1438 1352
1439 1353
1440 1362
1441 1355
1442 1357
1443 1352
1444 1356
1445 1355
1446 1357
1447 1356
1448 1357
1449 1354
1450 1358
1451 1356
1452 1357
1453 1355
1454 1356
1455 1355
1456 1357
1457 1357
1458 1355
1459 1356
1460 1355
1461 1357
1462 1356
1463 1356
1464 1355
1465 1355
1466 1353
1467 1354
1468 1355
1469 1355
1470 1355
1471 1354
1472 1354
1473 1353
1474 1356
1475 1358
1476 1355
1477 1354
1478 1354
1479 1350
1480 1355
1481 1354
1482 1357
1483 1355
1484 1354
1485 1355
1486 1354
1487 1354
1488 1351
1489 1356
1490 1354
1491 1354
1492 1357
1493 1356
1494 1352
1495 1355
1496 1353
1497 1354
1498 1356
1499 1354
1500 1357
1501 1356
1502 1355
1503 1355
1504 1357
1505 1353
1506 1355
1507 1355
1508 1356
1509 1357
1510 1355
1511 1353
1512 1355
1513 1356
1514 1355
1515 1355
1516 1358
1517 1356
1518 1357
1519 1354
1520 1353
1521 1355
1522 1354
1523 1354
1524 1352
1525 1354
1526 1353
1527 1351
1528 1354
1529 1355
1530 1361
1531 1354
1532 1356
1533 1356
1534 1355
1535 1355
1536 1352
1537 1350
1538 1356
1539 1354
1540 1353
1541 1353
1542 1356
1543 1355
1544 1358
1545 1356
1546 1355
1547 1354
1548 1357
1549 1355
1550 1354
1551 1355
1552 1356
1553 1354
1554 1355
1555 1353
1556 1355
1557 1352
1558 1351
1559 1355
1560 1357
1561 1353
1562 1356
1563 1354
1564 1354
1565 1355
1566 1357
1567 1353
1568 1355
1569 1356
1570 1358
1571 1356
1572 1356
1573 1354
1574 1355
1575 1355
1576 1356
1577 1354
1578 1356
1579 1356
1580 1356
1581 1354
1582 1356
1583 1355
1584 1354
1585 1355
1586 1355
1587 1356
1588 1357
1589 1354
1590 1356
1591 1354
1592 1360
1593 1354
1594 1355
1595 1354
1596 1358
1597 1356
1598 1353
1599 1352
1600 1355
1601 1355
1602 1356
1603 1356
1604 1352
1605 1352
1606 1357
1607 1355
1608 1354
1609 1354
1610 1355
1611 1356
1612 1356
1613 1353
1614 1352
1615 1353
1616 1355
1617 1356
1618 1356
1619 1354
1620 1356
1621 1351
1622 1354
1623 1354
1624 1356
1625 1353
1626 1356
1627 1354
1628 1352
1629 1351
1630 1355
1631 1353
1632 1355
1633 1355
1634 1358
1635 1354
1636 1358
1637 1353
1638 1353
1639 1354
1640 1355
1641 1354
1642 1352
1643 1354
1644 1355
1645 1355
1646 1355
1647 1354
1648 1356
1649 1352
1650 1353
1651 1356
1652 1357
1653 1357
1654 1357
1655 1355
1656 1354
1657 1356
1658 1351
1659 1355
1660 1357
1661 1353
1662 1353
1663 1354
1664 1355
1665 1354
1666 1355
1667 1355
1668 1357
1669 1355
1670 1353
1671 1356
1672 1357
1673 1357
1674 1358
1675 1358
1676 1356
1677 1356
1678 1356
1679 1355
1680 1355
1681 1353
1682 1352
1683 1352
1684 1357
1685 1355
1686 1355
1687 1351
1688 1354
1689 1354
1690 1359
1691 1357
1692 1356
1693 1353
1694 1354
1695 1354
1696 1355
1697 1356
1698 1356
1699 1356
1700 1355
1701 1355
1702 1355
1703 1356
1704 1355
1705 1355
1706 1357
1707 1353
1708 1355
1709 1354
1710 1355
1711 1354
1712 1355
1713 1353
1714 1356
1715 1354
1716 1356
1717 1354
1718 1353
1719 1355
1720 1357
1721 1355
1722 1355
1723 1353
1724 1353
1725 1354
1726 1355
1727 1355
1728 1355
1729 1356
1730 1358
1731 1356
1732 1357
1733 1359
1734 1357
1735 1355
1736 1357
1737 1355
1738 1357
1739 1358
1740 1354
1741 1354
1742 1355
1743 1356
1744 1354
1745 1354
1746 1355
1747 1357
1748 1354
1749 1355
1750 1357
1751 1355
1752 1356
1753 1358
1754 1355
1755 1356
1756 1353
1757 1354
1758 1357
1759 1356
1760 1357
1761 1356
1762 1357
1763 1355
1764 1356
1765 1356
1766 1356
1767 1355
1768 1353
1769 1353
1770 1353
1771 1352
1772 1353
1773 1354
1774 1353
1775 1354
1776 1353
1777 1354
1778 1354
1779 1355
1780 1358
1781 1357
1782 1356
1783 1356
1784 1355
1785 1355
1786 1356
1787 1358
1788 1353
1789 1354
1790 1354
1791 1356
1792 1353
1793 1355
1794 1355
1795 1354
1796 1355
1797 1356
1798 1353
1799 1354
1800 1354
1801 1355
1802 1355
1803 1355
1804 1354
1805 1352
1806 1354
1807 1354
1808 1355
1809 1355
1810 1353
1811 1355
1812 1352
1813 1354
1814 1356
1815 1355
1816 1357
1817 1358
1818 1352
1819 1355
1820 1357
1821 1357
1822 1355
1823 1356
1824 1354
1825 1356
1826 1355
1827 1357
1828 1357
1829 1356
1830 1356
1831 1356
1832 1354
1833 1354
1834 1357
1835 1356
1836 1353
1837 1356
1838 1357
1839 1355
1840 1356
1841 1356
1842 1354
1843 1357
1844 1356
1845 1357
1846 1357
1847 1354
1848 1356
1849 1359
1850 1357
1851 1356
1852 1353
1853 1355
1854 1355
1855 1353
1856 1354
1857 1355
1858 1352
1859 1354
1860 1356
1861 1356
1862 1355
1863 1353
1864 1354
1865 1356
1866 1356
1867 1354
1868 1355
1869 1353
1870 1352
1871 1355
1872 1355
1873 1356
1874 1353
1875 1356
1876 1353
1877 1357
1878 1352
1879 1356
1880 1358
1881 1357
1882 1355
1883 1357
1884 1357
1885 1356
1886 1357
1887 1355
1888 1355
1889 1354
1890 1356
1891 1356
1892 1356
1893 1355
1894 1354
1895 1353
1896 1355
1897 1355
1898 1353
1899 1353
1900 1353
1901 1353
1902 1356
1903 1354
1904 1355
1905 1354
1906 1354
1907 1355
1908 1350
1909 1356
1910 1355
1911 1356
1912 1352
1913 1355
1914 1352
1915 1354
1916 1353
1917 1356
1918 1354
1919 1354
1920 1353
1921 1355
1922 1356
1923 1354
1924 1353
1925 1354
1926 1351
1927 1356
1928 1354
1929 1353
1930 1353
1931 1357
1932 1353
1933 1355
1934 1355
1935 1355
1936 1353
1937 1354
1938 1351
1939 1357
1940 1356
1941 1356
1942 1354
1943 1352
1944 1354
1945 1357
1946 1357
1947 1355
1948 1354
1949 1356
1950 1356
1951 1356
1952 1353
1953 1355
1954 1355
1955 1353
1956 1356
1957 1356
1958 1354
1959 1355
1960 1355
1961 1353
1962 1356
1963 1355
1964 1356
1965 1355
1966 1355
1967 1356
1968 1355
1969 1356
1970 1357
1971 1355
1972 1357
1973 1354
1974 1354
1975 1353
1976 1355
1977 1356
1978 1355
1979 1356
1980 1356
1981 1356
1982 1354
1983 1355
1984 1353
1985 1351
1986 1356
1987 1354
1988 1354
1989 1354
1990 1358
1991 1355
1992 1355
1993 1355
1994 1356
1995 1357
1996 1356
1997 1358
1998 1355
1999 1356
2000 1357
2001 1355
2002 1356
2003 1355
2004 1355
2005 1355
2006 1357
2007 1354
2008 1353
2009 1356
2010 1359
2011 1357
2012 1356
2013 1356
2014 1356
2015 1356
2016 1357
2017 1355
2018 1354
2019 1355
2020 1356
2021 1353
2022 1355
2023 1357
2024 1354
2025 1354
2026 1354
2027 1353
2028 1356
2029 1357
2030 1356
2031 1354
2032 1354
2033 1355
2034 1353
2035 1353
2036 1354
2037 1351
2038 1355
2039 1355
2040 1356
2041 1355
2042 1358
2043 1354
2044 1355
2045 1355
2046 1353
2047 1356
2048 1357
2049 1355
2050 1355
2051 1358
2052 1354
2053 1354
2054 1355
2055 1356
2056 1355
2057 1356
2058 1356
2059 1354
2060 1354
2061 1356
2062 1357
2063 1357
2064 1355
2065 1358
2066 1352
2067 1357
2068 1356
2069 1355
2070 1358
2071 1356
2072 1356
2073 1355
2074 1352
2075 1352
2076 1356
2077 1357
2078 1356
2079 1352
2080 1353
2081 1354
2082 1356
2083 1356
2084 1355
2085 1355
2086 1355
2087 1354
2088 1356
2089 1354
2090 1357
2091 1356
2092 1356
2093 1355
2094 1355
2095 1356
2096 1356
2097 1351
2098 1354
2099 1358
2100 1356
2101 1354
2102 1352
2103 1356
2104 1356
2105 1355
2106 1353
2107 1354
2108 1355
2109 1353
2110 1355
2111 1353
2112 1353
2113 1355
2114 1353
2115 1354
2116 1357
2117 1359
2118 1357
2119 1357
2120 1354
2121 1356
2122 1355
2123 1354
2124 1355
2125 1354
2126 1357
2127 1355
2128 1357
2129 1355
2130 1356
2131 1356
2132 1356
2133 1352
2134 1354
2135 1354
2136 1353
2137 1354
2138 1356
2139 1356
2140 1356
2141 1353
2142 1355
2143 1355
2144 1354
2145 1352
2146 1357
2147 1354
2148 1355
2149 1355
2150 1357
2151 1353
2152 1353
2153 1354
2154 1355
2155 1354
2156 1356
2157 1356
2158 1354
2159 1353
2160 1355
2161 1354
2162 1355
2163 1353
2164 1352
2165 1353
2166 1357
2167 1355
2168 1354
2169 1353
2170 1356
2171 1354
2172 1356
2173 1353
2174 1353
2175 1354
2176 1354
2177 1353
2178 1355
2179 1353
2180 1357
2181 1356
2182 1357
2183 1356
2184 1355
2185 1354
2186 1357
2187 1354
2188 1358
2189 1354
2190 1355
2191 1355
2192 1353
2193 1355
2194 1358
2195 1353
2196 1357
2197 1355
2198 1353
2199 1351
2200 1355
2201 1355
2202 1355
2203 1354
2204 1353
2205 1354
2206 1356
2207 1352
2208 1355
2209 1354
2210 1358
2211 1356
2212 1356
2213 1357
2214 1354
2215 1356
2216 1357
2217 1355
2218 1355
2219 1354
2220 1355
2221 1355
2222 1357
2223 1356
2224 1355
2225 1353
2226 1354
2227 1356
2228 1355
2229 1355
2230 1358
2231 1353
2232 1354
2233 1354
2234 1355
2235 1356
2236 1354
2237 1354
2238 1356
2239 1356
2240 1354
2241 1355
2242 1356
2243 1353
2244 1353
2245 1356
2246 1356
2247 1357
2248 1357
2249 1354
2250 1354
2251 1353
2252 1355
2253 1354
2254 1355
2255 1356
2256 1353
2257 1355
2258 1354
2259 1356
2260 1357
2261 1356
2262 1355
2263 1355
2264 1353
2265 1354
2266 1354
2267 1353
2268 1356
2269 1356
2270 1355
2271 1354
2272 1358
2273 1352
2274 1357
2275 1354
2276 1355
2277 1358
2278 1358
2279 1356
2280 1356
2281 1355
2282 1356
2283 1356
2284 1356
2285 1355
2286 1353
2287 1353
2288 1353
2289 1354
2290 1356
2291 1354
2292 1353
2293 1353
2294 1352
2295 1355
2296 1354
2297 1353
2298 1351
2299 1356
2300 1357
2301 1353
2302 1356
2303 1356
2304 1357
2305 1356
2306 1356
2307 1356
2308 1354
2309 1355
2310 1353
2311 1356
2312 1357
2313 1356
2314 1357
2315 1354
2316 1353
2317 1353
2318 1352
2319 1353
2320 1356
2321 1356
2322 1355
2323 1356
2324 1356
2325 1355
2326 1357
2327 1354
2328 1357
2329 1355
2330 1356
2331 1355
2332 1355
2333 1356
2334 1356
2335 1357
2336 1357
2337 1356
2338 1356
2339 1356
2340 1356
2341 1356
2342 1357
2343 1358
2344 1356
2345 1357
2346 1356
2347 1357
2348 1354
2349 1354
2350 1354
2351 1356
2352 1357
2353 1355
2354 1356
2355 1353
2356 1356
2357 1356
2358 1353
2359 1354
2360 1356
2361 1354
2362 1354
2363 1355
2364 1354
2365 1356
2366 1357
2367 1355
2368 1354
2369 1356
2370 1355
2371 1354
2372 1351
2373 1355
2374 1355
2375 1358
2376 1355
2377 1357
2378 1356
2379 1357
2380 1356
2381 1353
2382 1354
2383 1354
2384 1354
2385 1354
2386 1355
2387 1355
2388 1352
2389 1354
2390 1357
2391 1356
2392 1355
2393 1356
2394 1354
2395 1356
2396 1355
2397 1357
2398 1355
2399 1355
2400 1357
2401 1356
2402 1356
2403 1356
2404 1354
2405 1357
2406 1354
2407 1354
2408 1357
2409 1353
2410 1355
2411 1355
2412 1359
2413 1355
2414 1354
2415 1353
2416 1356
2417 1357
2418 1354
2419 1355
2420 1357
2421 1356
2422 1352
2423 1356
2424 1355
2425 1357
2426 1358
2427 1355
2428 1356
2429 1356
2430 1355
2431 1356
2432 1351
2433 1354
2434 1358
2435 1358
2436 1354
2437 1355
2438 1357
2439 1356
2440 1353
2441 1356
2442 1357
2443 1356
2444 1353
2445 1356
2446 1357
2447 1353
2448 1351
2449 1354
2450 1358
2451 1355
2452 1357
2453 1357
2454 1358
2455 1356
2456 1354
2457 1355
2458 1357
2459 1358
2460 1357
2461 1359
2462 1357
2463 1356
2464 1355
2465 1355
2466 1356
2467 1357
2468 1353
2469 1357
2470 1353
2471 1355
2472 1355
2473 1353
2474 1353
2475 1355
2476 1354
2477 1354
2478 1351
2479 1355
2480 1357
2481 1352
2482 1354
2483 1358
2484 1358
2485 1358
2486 1355
2487 1356
2488 1356
2489 1356
2490 1357
2491 1355
2492 1355
2493 1356
2494 1354
2495 1355
2496 1353
2497 1353
2498 1354
2499 1354
2500 1351
2501 1352
2502 1355
2503 1355
2504 1354
2505 1353
2506 1353
2507 1355
2508 1354
2509 1354
2510 1357
2511 1356
2512 1356
2513 1356
2514 1355
2515 1353
2516 1354
2517 1353
2518 1358
2519 1354
2520 1353
2521 1353
2522 1354
2523 1356
2524 1354
2525 1356
2526 1357
2527 1354
2528 1353
2529 1353
2530 1354
2531 1356
2532 1357
2533 1357
2534 1355
2535 1357
2536 1358
2537 1356
2538 1357
2539 1353
2540 1352
2541 1355
2542 1357
2543 1357
2544 1357
2545 1354
2546 1354
2547 1354
2548 1356
2549 1356
2550 1354
2551 1354
2552 1359
2553 1354
2554 1352
2555 1355
2556 1355
2557 1356
2558 1353
2559 1354
2560 1355
2561 1355
2562 1356
2563 1354
2564 1353
2565 1357
2566 1358
2567 1355
2568 1355
2569 1354
2570 1352
2571 1355
2572 1355
2573 1355
2574 1353
2575 1356
2576 1356
2577 1355
2578 1353
2579 1353
2580 1358
2581 1355
2582 1355
2583 1356
2584 1355
2585 1358
2586 1354
2587 1354
2588 1355
2589 1353
2590 1354
2591 1351
2592 1356
2593 1355
2594 1353
2595 1354
2596 1355
2597 1355
2598 1354
2599 1352
2600 1355
2601 1356
2602 1355
2603 1355
2604 1353
2605 1354
2606 1355
2607 1355
2608 1353
2609 1357
2610 1358
2611 1356
2612 1357
2613 1356
2614 1356
2615 1357
2616 1356
2617 1355
2618 1356
2619 1354
2620 1353
2621 1354
2622 1355
2623 1356
2624 1356
2625 1356
2626 1354
2627 1352
2628 1356
2629 1354
2630 1353
2631 1352
2632 1355
2633 1356
2634 1356
2635 1356
2636 1357
2637 1353
2638 1353
2639 1356
2640 1358
2641 1355
2642 1358
2643 1355
2644 1357
2645 1356
2646 1355
2647 1355
2648 1354
2649 1355
2650 1355
2651 1356
2652 1355
2653 1355
2654 1355
2655 1356
2656 1354
2657 1354
2658 1355
2659 1355
2660 1357
2661 1355
2662 1358
2663 1355
2664 1355
2665 1351
2666 1355
2667 1356
2668 1354
2669 1354
2670 1356
2671 1353
2672 1354
2673 1354
2674 1355
2675 1357
2676 1357
2677 1356
2678 1355
2679 1356
2680 1356
2681 1356
2682 1356
2683 1355
2684 1356
2685 1355
2686 1354
2687 1353
2688 1355
2689 1355
2690 1356
2691 1355
2692 1357
2693 1355
2694 1354
2695 1355
2696 1358
2697 1358
2698 1354
2699 1354
2700 1354
2701 1354
2702 1357
2703 1358
2704 1355
2705 1354
2706 1355
2707 1355
2708 1354
2709 1355
2710 1355
2711 1355
2712 1357
2713 1354
2714 1356
2715 1354
2716 1354
2717 1352
2718 1353
2719 1354
2720 1351
2721 1356
2722 1356
2723 1353
2724 1355
2725 1354
2726 1355
2727 1355
2728 1357
2729 1356
2730 1357
2731 1353
2732 1356
2733 1354
2734 1353
2735 1356
2736 1356
2737 1355
2738 1355
2739 1355
2740 1353
2741 1355
2742 1357
2743 1354
2744 1353
2745 1355
2746 1357
2747 1355
2748 1358
2749 1356
2750 1355
2751 1354
2752 1356
2753 1356
2754 1357
2755 1355
2756 1355
2757 1355
2758 1355
2759 1354
2760 1356
2761 1356
2762 1355
2763 1356
2764 1356
2765 1356
2766 1357
2767 1353
2768 1353
2769 1355
2770 1357
2771 1355
2772 1359
2773 1355
2774 1355
2775 1357
2776 1356
2777 1356
2778 1356
2779 1356
2780 1354
2781 1355
2782 1356
2783 1357
2784 1355
2785 1356
2786 1356
2787 1355
2788 1353
2789 1355
2790 1355
2791 1356
2792 1356
2793 1354
2794 1357
2795 1355
2796 1355
2797 1355
2798 1355
2799 1356
2800 1358
2801 1355
2802 1354
2803 1353
2804 1354
2805 1355
2806 1354
2807 1354
2808 1354
2809 1353
2810 1356
2811 1355
2812 1352
2813 1355
2814 1356
2815 1356
2816 1354
2817 1353
2818 1355
2819 1355
2820 1355
2821 1354
2822 1354
2823 1353
2824 1355
2825 1355
2826 1351
2827 1351
2828 1352
2829 1354
2830 1353
2831 1354
2832 1354
2833 1352
2834 1353
2835 1355
2836 1355
2837 1353
2838 1355
2839 1353
2840 1351
2841 1355
2842 1356
2843 1354
2844 1355
2845 1356
2846 1352
2847 1353
2848 1357
2849 1354
2850 1357
2851 1357
2852 1353
2853 1353
2854 1356
2855 1355
2856 1357
2857 1351
2858 1355
2859 1357
2860 1356
2861 1356
2862 1355
2863 1356
2864 1354
2865 1354
2866 1357
2867 1354
2868 1357
2869 1351
2870 1352
2871 1350
2872 1355
2873 1355
2874 1355
2875 1353
2876 1354
2877 1354
2878 1357
2879 1355
2880 1354
2881 1354
2882 1357
2883 1355
2884 1355
2885 1353
2886 1356
2887 1355
2888 1353
2889 1356
2890 1361
2891 1357
2892 1356
2893 1355
2894 1356
2895 1355
2896 1357
2897 1354
2898 1355
2899 1354
2900 1355
2901 1356
2902 1355
2903 1354
2904 1353
2905 1353
2906 1354
2907 1353
2908 1353
2909 1354
2910 1355
2911 1356
2912 1353
2913 1354
2914 1356
2915 1356
2916 1355
2917 1355
2918 1354
2919 1353
2920 1356
2921 1354
2922 1354
2923 1354
2924 1354
2925 1353
2926 1356
2927 1354
2928 1355
2929 1355
2930 1356
2931 1356
2932 1354
2933 1355
2934 1355
2935 1356
2936 1355
2937 1354
2938 1355
2939 1355
2940 1354
2941 1354
2942 1355
2943 1357
2944 1353
2945 1356
2946 1356
2947 1358
2948 1356
2949 1356
2950 1354
2951 1354
2952 1357
2953 1352
2954 1354
2955 1353
2956 1354
2957 1355
2958 1355
2959 1355
2960 1356
2961 1356
2962 1355
2963 1356
2964 1354
2965 1354
2966 1355
2967 1352
2968 1353
2969 1353
2970 1354
2971 1358
2972 1356
2973 1356
2974 1354
2975 1355
2976 1356
2977 1353
2978 1355
2979 1355
2980 1356
2981 1354
2982 1353
2983 1351
2984 1355
2985 1356
2986 1357
2987 1355
2988 1353
2989 1354
2990 1355
2991 1353
2992 1353
2993 1352
2994 1355
2995 1354
2996 1355
2997 1353
2998 1356
2999 1356
3000 1355
3001 1354
3002 1353
3003 1353
3004 1356
3005 1355
3006 1358
3007 1355
3008 1355
3009 1356
3010 1355
3011 1355
3012 1355
3013 1355
3014 1353
3015 1355
3016 1353
3017 1355
3018 1357
3019 1356
3020 1357
3021 1353
3022 1353
3023 1355
3024 1355
3025 1355
3026 1356
3027 1356
3028 1357
3029 1356
3030 1356
3031 1357
3032 1355
3033 1354
3034 1358
3035 1357
3036 1359
3037 1358
3038 1357
3039 1356
3040 1356
3041 1354
3042 1354
3043 1354
3044 1358
3045 1354
3046 1356
3047 1353
3048 1354
3049 1354
3050 1359
3051 1354
3052 1354
3053 1354
3054 1358
3055 1353
3056 1355
3057 1355
3058 1356
3059 1355
3060 1356
3061 1355
3062 1356
3063 1355
3064 1354
3065 1354
3066 1356
3067 1355
3068 1356
3069 1357
3070 1357
3071 1356
3072 1356
3073 1356
3074 1354
3075 1357
3076 1357
3077 1354
3078 1356
3079 1356
3080 1356
3081 1355
3082 1356
3083 1356
3084 1354
3085 1356
3086 1356
3087 1353
3088 1355
3089 1354
3090 1354
3091 1354
3092 1353
3093 1356
3094 1353
3095 1355
3096 1355
3097 1354
3098 1354
3099 1355
3100 1357
3101 1356
3102 1354
3103 1354
3104 1354
3105 1356
3106 1353
3107 1355
3108 1353
3109 1356
3110 1355
3111 1355
3112 1355
3113 1355
3114 1356
3115 1354
3116 1354
3117 1355
3118 1353
3119 1354
3120 1354
3121 1354
3122 1355
3123 1355
3124 1353
3125 1356
3126 1357
3127 1353
3128 1354
3129 1355
3130 1354
3131 1353
3132 1355
3133 1355
3134 1355
3135 1356
3136 1353
3137 1354
3138 1357
3139 1354
3140 1352
3141 1355
3142 1357
3143 1356
3144 1353
3145 1354
3146 1356
3147 1352
3148 1352
3149 1356
3150 1356
3151 1358
3152 1355
3153 1357
3154 1353
3155 1358
3156 1355
3157 1356
3158 1352
3159 1355
3160 1354
3161 1354
3162 1355
3163 1356
3164 1353
3165 1357
3166 1356
3167 1355
3168 1354
3169 1352
3170 1355
3171 1355
3172 1354
3173 1356
3174 1353
3175 1354
3176 1351
3177 1353
3178 1353
3179 1353
3180 1356
3181 1356
3182 1357
3183 1356
3184 1354
3185 1354
3186 1352
3187 1353
3188 1356
3189 1356
3190 1355
3191 1356
3192 1354
3193 1356
3194 1357
3195 1355
3196 1358
3197 1357
3198 1354
3199 1356
3200 1353
3201 1355
3202 1355
3203 1354
3204 1356
3205 1354
3206 1355
3207 1356
3208 1355
3209 1356
3210 1356
3211 1357
3212 1352
3213 1356
3214 1355
3215 1356
3216 1357
3217 1355
3218 1354
3219 1355
3220 1356
3221 1356
3222 1355
3223 1356
3224 1354
3225 1357
3226 1357
3227 1356
3228 1357
3229 1354
3230 1354
3231 1354
3232 1357
3233 1356
3234 1352
3235 1353
3236 1351
3237 1353
3238 1353
3239 1356
3240 1354
3241 1353
3242 1356
3243 1354
3244 1354
3245 1354
3246 1354
3247 1356
3248 1357
3249 1355
3250 1352
3251 1356
3252 1358
3253 1356
3254 1356
3255 1355
3256 1357
3257 1356
3258 1357
3259 1356
3260 1353
3261 1355
3262 1355
3263 1353
3264 1353
3265 1352
3266 1355
3267 1356
3268 1355
3269 1355
3270 1358
3271 1354
3272 1353
3273 1357
3274 1355
3275 1354
3276 1355
3277 1355
3278 1355
3279 1355
3280 1355
3281 1354
3282 1354
3283 1356
3284 1359
3285 1355
3286 1357
3287 1354
3288 1356
3289 1357
3290 1357
3291 1357
3292 1355
3293 1355
3294 1356
3295 1351
3296 1355
3297 1354
3298 1357
3299 1355
3300 1357
3301 1354
3302 1357
3303 1354
3304 1358
3305 1355
3306 1357
3307 1356
3308 1354
3309 1355
3310 1357
3311 1357
3312 1359
3313 1356
3314 1357
3315 1356
3316 1355
3317 1354
3318 1356
3319 1356
3320 1357
3321 1356
3322 1356
3323 1355
3324 1352
3325 1354
3326 1353
3327 1356
3328 1355
3329 1354
3330 1358
3331 1354
3332 1356
3333 1356
3334 1355
3335 1359
3336 1357
3337 1355
3338 1355
3339 1356
3340 1357
3341 1357
3342 1357
3343 1355
3344 1357
3345 1355
3346 1355
3347 1353
3348 1353
3349 1354
3350 1358
3351 1355
3352 1356
3353 1354
3354 1355
3355 1354
3356 1355
3357 1356
3358 1353
3359 1353
3360 1354
3361 1354
3362 1352
3363 1354
3364 1357
3365 1356
3366 1357
3367 1355
3368 1354
3369 1356
3370 1357
3371 1356
3372 1357
3373 1355
3374 1357
3375 1356
3376 1357
3377 1356
3378 1356
3379 1357
3380 1357
3381 1356
3382 1356
3383 1356
3384 1356
3385 1355
3386 1356
3387 1355
3388 1354
3389 1356
3390 1355
3391 1356
3392 1356
3393 1356
3394 1353
3395 1354
3396 1357
3397 1354
3398 1356
3399 1356
3400 1356
3401 1356
3402 1357
3403 1358
3404 1353
3405 1355
3406 1354
3407 1354
3408 1356
3409 1356
3410 1357
3411 1356
3412 1354
3413 1354
3414 1355
3415 1357
3416 1355
3417 1357
3418 1356
3419 1356
3420 1355
3421 1357
3422 1355
3423 1357
3424 1356
3425 1354
3426 1355
3427 1355
3428 1352
3429 1356
3430 1355
3431 1356
3432 1352
3433 1355
3434 1354
3435 1356
3436 1355
3437 1355
3438 1353
3439 1354
3440 1354
3441 1356
3442 1355
3443 1357
3444 1356
3445 1358
3446 1356
3447 1355
3448 1355
3449 1355
3450 1354
3451 1353
3452 1354
3453 1356
3454 1353
3455 1357
3456 1354
3457 1354
3458 1351
3459 1355
3460 1360
3461 1358
3462 1356
3463 1357
3464 1353
3465 1357
3466 1354
3467 1356
3468 1354
3469 1357
3470 1356
3471 1356
3472 1353
3473 1359
3474 1357
3475 1358
3476 1357
3477 1356
3478 1353
3479 1354
3480 1354
3481 1356
3482 1354
3483 1355
3484 1353
3485 1356
3486 1353
3487 1355
3488 1355
3489 1354
3490 1354
3491 1355
3492 1357
3493 1357
3494 1353
3495 1356
3496 1355
3497 1357
3498 1355
3499 1353
3500 1357
3501 1355
3502 1353
3503 1356
3504 1355
3505 1353
3506 1353
3507 1354
3508 1354
3509 1354
3510 1353
3511 1354
3512 1353
3513 1354
3514 1354
3515 1355
3516 1357
3517 1357
3518 1355
3519 1352
3520 1354
3521 1355
3522 1356
3523 1357
3524 1355
3525 1354
3526 1354
3527 1352
3528 1353
3529 1352
3530 1356
3531 1356
3532 1354
3533 1356
3534 1356
3535 1355
3536 1358
3537 1356
3538 1356
3539 1355
3540 1356
3541 1354
3542 1356
3543 1358
3544 1356
3545 1357
3546 1356
3547 1354
3548 1355
3549 1355
3550 1357
3551 1353
3552 1353
3553 1354
3554 1353
3555 1354
3556 1355
3557 1356
3558 1354
3559 1354
3560 1356
3561 1356
3562 1356
3563 1355
3564 1355
3565 1353
3566 1355
3567 1355
3568 1357
3569 1355
3570 1356
3571 1355
3572 1354
3573 1355
3574 1356
3575 1354
3576 1352
3577 1353
3578 1355
3579 1352
3580 1355
3581 1354
3582 1355
3583 1357
3584 1357
3585 1357
3586 1356
3587 1355
3588 1357
3589 1358
3590 1357
3591 1353
3592 1356
3593 1357
3594 1355
3595 1358
3596 1356
3597 1356
3598 1353
3599 1353
3600 1355
3601 1355
3602 1354
3603 1350
3604 1356
3605 1358
3606 1354
3607 1355
3608 1353
3609 1355
3610 1356
3611 1356
3612 1355
3613 1357
3614 1357
3615 1356
3616 1358
3617 1355
3618 1355
3619 1356
3620 1357
3621 1356
3622 1354
3623 1354
3624 1354
3625 1353
3626 1356
3627 1354
3628 1355
3629 1354
3630 1356
3631 1356
3632 1357
3633 1353
3634 1354
3635 1357
3636 1355
3637 1356
3638 1354
3639 1354
3640 1353
3641 1352
3642 1355
3643 1355
3644 1355
3645 1354
3646 1357
3647 1352
3648 1354
3649 1353
3650 1357
3651 1353
3652 1356
3653 1355
3654 1354
3655 1353
3656 1354
3657 1356
3658 1354
3659 1354
3660 1353
3661 1354
3662 1356
3663 1355
3664 1351
3665 1353
3666 1355
3667 1355
3668 1356
3669 1354
3670 1356
3671 1356
3672 1359
3673 1357
3674 1354
3675 1356
3676 1356
3677 1356
3678 1358
3679 1354
3680 1356
3681 1355
3682 1357
3683 1355
3684 1358
3685 1356
3686 1355
3687 1352
3688 1353
3689 1353
3690 1358
3691 1355
3692 1355
3693 1355
3694 1358
3695 1355
3696 1354
3697 1355
3698 1355
3699 1355
3700 1357
3701 1355
3702 1354
3703 1356
3704 1356
3705 1359
3706 1356
3707 1354
3708 1356
3709 1354
3710 1357
3711 1357
3712 1357
3713 1355
3714 1354
3715 1354
3716 1354
3717 1353
3718 1355
3719 1355
3720 1358
3721 1356
3722 1354
3723 1354
3724 1353
3725 1353
3726 1355
3727 1354
3728 1356
3729 1356
3730 1354
3731 1354
3732 1356
3733 1355
3734 1354
3735 1355
3736 1357
3737 1356
3738 1353
3739 1355
3740 1356
3741 1357
3742 1356
3743 1354
3744 1357
3745 1356
3746 1359
3747 1356
3748 1353
3749 1355
3750 1357
3751 1356
3752 1351
3753 1357
3754 1358
3755 1357
3756 1356
3757 1354
3758 1355
3759 1354
3760 1353
3761 1354
3762 1354
3763 1355
3764 1354
3765 1356
3766 1354
3767 1357
3768 1357
3769 1356
3770 1354
3771 1355
3772 1359
3773 1355
3774 1355
3775 1355
3776 1357
3777 1357
3778 1352
3779 1356
3780 1357
3781 1357
3782 1355
3783 1354
3784 1352
3785 1354
3786 1354
3787 1355
3788 1358
3789 1355
3790 1355
3791 1356
3792 1355
3793 1356
3794 1357
3795 1356
3796 1353
3797 1360
3798 1356
3799 1356
3800 1355
3801 1354
3802 1356
3803 1354
3804 1357
3805 1357
3806 1356
3807 1357
3808 1353
3809 1359
3810 1357
3811 1358
3812 1357
3813 1356
3814 1355
3815 1357
3816 1353
3817 1354
3818 1355
3819 1355
3820 1354
3821 1357
3822 1355
3823 1355
3824 1357
3825 1355
3826 1354
3827 1354
3828 1354
3829 1354
3830 1354
3831 1356
3832 1356
3833 1359
3834 1357
3835 1356
3836 1356
3837 1353
3838 1351
3839 1353
3840 1357
3841 1352
3842 1356
3843 1356
3844 1358
3845 1359
3846 1356
3847 1355
3848 1356
3849 1354
3850 1355
3851 1355
3852 1357
3853 1355
3854 1353
3855 1357
3856 1357
3857 1360
3858 1356
3859 1358
3860 1357
3861 1357
3862 1356
3863 1358
3864 1354
3865 1356
3866 1358
3867 1357
3868 1357
3869 1356
3870 1356
3871 1357
3872 1355
3873 1357
3874 1354
3875 1354
3876 1356
3877 1354
3878 1354
3879 1357
3880 1352
3881 1357
3882 1357
3883 1360
3884 1356
3885 1356
3886 1356
3887 1357
3888 1356
3889 1358
3890 1355
3891 1357
3892 1355
3893 1357
3894 1356
3895 1356
3896 1356
3897 1355
3898 1355
3899 1355
3900 1356
3901 1356
3902 1354
3903 1355
3904 1353
3905 1355
3906 1353
3907 1354
3908 1354
3909 1359
3910 1356
3911 1356
3912 1357
3913 1357
3914 1354
3915 1353
3916 1354
3917 1356
3918 1353
3919 1355
3920 1354
3921 1354
3922 1357
3923 1357
3924 1355
3925 1357
3926 1353
3927 1356
3928 1358
3929 1358
3930 1359
3931 1360
3932 1355
3933 1357
3934 1356
3935 1356
3936 1356
3937 1359
3938 1353
3939 1357
3940 1356
3941 1356
3942 1352
3943 1355
3944 1356
3945 1356
3946 1357
3947 1357
3948 1355
3949 1356
3950 1355
3951 1355
3952 1357
3953 1353
3954 1353
3955 1356
3956 1359
3957 1355
3958 1357
3959 1356
3960 1357
3961 1357
3962 1354
3963 1353
3964 1353
3965 1355
3966 1354
3967 1354
3968 1352
3969 1355
3970 1355
3971 1358
3972 1355
3973 1357
3974 1356
3975 1356
3976 1355
3977 1355
3978 1353
3979 1356
3980 1359
3981 1357
3982 1357
3983 1357
3984 1357
3985 1357
3986 1355
3987 1353
3988 1353
3989 1358
3990 1357
3991 1358
3992 1356
3993 1354
3994 1355
3995 1354
3996 1354
3997 1352
3998 1353
3999 1356
