0 1359
1 1355
2 1358
3 1357
4 1358
5 1358
6 1357
7 1356
8 1357
9 1355
10 1360
11 1359
12 1358
13 1357
14 1357
15 1355
16 1358
17 1356
18 1356
19 1357
20 1357
21 1357
22 1358
23 1356
24 1357
25 1356
26 1359
27 1356
28 1358
29 1357
30 1360
31 1360
32 1359
33 1356
34 1354
35 1356
36 1358
37 1358
38 1355
39 1357
40 1356
41 1361
42 1356
43 1357
44 1357
45 1359
46 1357
47 1356
48 1356
49 1357
50 1359
51 1358
52 1354
53 1357
54 1356
55 1356
56 1355
57 1359
58 1358
59 1358
60 1355
61 1357
62 1353
63 1355
64 1355
65 1357
66 1358
67 1358
68 1358
69 1359
70 1356
71 1357
72 1356
73 1358
74 1356
75 1358
76 1355
77 1357
78 1357
79 1356
80 1355
81 1358
82 1358
83 1360
84 1357
85 1355
86 1358
87 1358
88 1357
89 1358
90 1357
91 1356
92 1355
93 1357
94 1356
95 1356
96 1357
97 1357
98 1356
99 1355
100 1356
101 1355
102 1355
103 1353
104 1355
105 1358
106 1357
107 1355
108 1355
109 1356
110 1356
111 1355
112 1354
113 1355
114 1357
115 1358
116 1357
117 1357
118 1357
119 1357
120 1357
121 1358
122 1357
123 1356
124 1355
125 1357
126 1358
127 1356
128 1354
129 1354
130 1355
131 1361
132 1361
133 1359
134 1355
135 1356
136 1359
137 1360
138 1358
139 1356
140 1354
141 1357
142 1356
143 1356
144 1355
145 1359
146 1356
147 1359
148 1357
149 1353
150 1353
151 1355
152 1355
153 1359
154 1356
155 1355
156 1357
157 1358
158 1356
159 1355
160 1355
161 1359
162 1355
163 1355
164 1357
165 1358
166 1358
167 1357
168 1357
169 1355
170 1357
171 1358
172 1355
173 1358
174 1360
175 1355
176 1356
177 1355
178 1358
179 1356
180 1357
181 1357
182 1356
183 1356
184 1357
185 1354
186 1357
187 1353
188 1357
189 1357
190 1357
191 1355
192 1356
193 1352
194 1355
195 1356
196 1356
197 1356
198 1355
199 1357
200 1358
201 1358
202 1357
203 1356
204 1358
205 1354
206 1356
207 1357
208 1353
209 1356
210 1358
211 1355
212 1358
213 1354
214 1355
215 1354
216 1357
217 1354
218 1359
219 1357
220 1357
221 1356
222 1355
223 1353
224 1357
225 1356
226 1355
227 1355
228 1354
229 1355
230 1358
231 1356
232 1356
233 1355
234 1356
235 1357
236 1356
237 1356
238 1354
239 1355
240 1355
241 1354
242 1355
243 1357
244 1355
245 1355
246 1358
247 1358
248 1357
249 1357
250 1356
251 1356
252 1353
253 1355
254 1358
255 1354
256 1356
257 1356
258 1360
259 1359
260 1357
261 1356
262 1356
263 1358
264 1357
265 1358
266 1357
267 1358
268 1354
269 1358
270 1355
271 1358
272 1356
273 1356
274 1353
275 1354
276 1355
277 1359
278 1355
279 1355
280 1357
281 1356
282 1354
283 1357
284 1358
285 1358
286 1357
287 1356
288 1355
289 1355
290 1358
291 1358
292 1361
293 1357
294 1357
295 1359
296 1356
297 1358
298 1355
299 1356
300 1356
301 1356
302 1356
303 1356
304 1357
305 1356
306 1355
307 1357
308 1356
309 1355
310 1350
311 1355
312 1361
313 1361
314 1356
315 1354
316 1359
317 1359
318 1355
319 1353
320 1353
321 1356
322 1357
323 1355
324 1355
325 1355
326 1357
327 1358
328 1356
329 1358
330 1354
331 1357
332 1358
333 1359
334 1357
335 1353
336 1353
337 1357
338 1357
339 1356
340 1356
341 1356
342 1358
343 1352
344 1357
345 1357
346 1358
347 1356
348 1359
349 1353
350 1358
351 1356
352 1356
353 1355
354 1357
355 1357
356 1357
357 1358
358 1355
359 1355
360 1356
361 1356
362 1354
363 1356
364 1355
365 1356
366 1357
367 1358
368 1357
369 1357
370 1357
371 1356
372 1356
373 1356
374 1357
375 1356
376 1355
377 1356
378 1356
379 1358
380 1356
381 1358
382 1355
383 1358
384 1358
385 1356
386 1357
387 1356
388 1355
389 1357
390 1354
391 1355
392 1357
393 1357
394 1357
395 1357
396 1357
397 1354
398 1355
399 1357
400 1352
401 1357
402 1354
403 1356
404 1355
405 1353
406 1357
407 1356
408 1358
409 1357
410 1358
411 1357
412 1358
413 1356
414 1357
415 1357
416 1358
417 1358
418 1356
419 1357
420 1357
421 1357
422 1358
423 1357
424 1356
425 1359
426 1357
427 1356
428 1355
429 1357
430 1355
431 1357
432 1356
433 1356
434 1357
435 1356
436 1358
437 1356
438 1358
439 1361
440 1359
441 1357
442 1357
443 1356
444 1356
445 1355
446 1357
447 1356
448 1356
449 1357
450 1358
451 1357
452 1354
453 1357
454 1355
455 1357
456 1357
457 1358
458 1353
459 1356
460 1355
461 1360
462 1356
463 1356
464 1356
465 1355
466 1357
467 1357
468 1355
469 1356
470 1353
471 1357
472 1357
473 1361
474 1356
475 1358
476 1357
477 1356
478 1356
479 1356
480 1355
481 1356
482 1355
483 1358
484 1357
485 1356
486 1355
487 1356
488 1356
489 1354
490 1354
491 1358
492 1361
493 1361
494 1357
495 1358
496 1355
497 1356
498 1357
499 1354
500 1353
501 1358
502 1356
503 1360
504 1360
505 1356
506 1358
507 1357
508 1357
509 1360
510 1355
511 1356
512 1359
513 1361
514 1354
515 1353
516 1353
517 1357
518 1356
519 1356
520 1355
521 1356
522 1355
523 1356
524 1356
525 1356
526 1355
527 1357
528 1356
529 1358
530 1357
531 1361
532 1358
533 1356
534 1362
535 1359
536 1357
537 1362
538 1365
539 1372
540 1381
541 1389
542 1404
543 1420
544 1434
545 1454
546 1470
547 1492
548 1508
549 1524
550 1540
551 1556
552 1571
553 1581
554 1591
555 1603
556 1605
557 1609
558 1607
559 1609
560 1605
561 1602
562 1594
563 1590
564 1590
565 1587
566 1579
567 1575
568 1562
569 1554
570 1546
571 1537
572 1533
573 1525
574 1516
575 1508
576 1502
577 1492
578 1484
579 1477
580 1468
581 1459
582 1455
583 1452
584 1443
585 1439
586 1433
587 1429
588 1424
589 1418
590 1417
591 1413
592 1411
593 1408
594 1405
595 1401
596 1395
597 1394
598 1389
599 1387
600 1389
601 1386
602 1385
603 1379
604 1380
605 1374
606 1375
607 1377
608 1375
609 1372
610 1372
611 1371
612 1370
613 1371
614 1368
615 1369
616 1370
617 1366
618 1366
619 1363
620 1363
621 1364
622 1362
623 1363
624 1363
625 1363
626 1362
627 1363
628 1359
629 1358
630 1357
631 1360
632 1360
633 1363
634 1360
635 1359
636 1358
637 1356
638 1357
639 1358
640 1355
641 1360
642 1358
643 1360
644 1357
645 1357
646 1357
647 1359
648 1357
649 1358
650 1359
651 1359
652 1356
653 1359
654 1354
655 1357
656 1356
657 1358
658 1356
659 1357
660 1357
661 1361
662 1358
663 1358
664 1359
665 1356
666 1355
667 1357
668 1355
669 1356
670 1356
671 1359
672 1361
673 1359
674 1353
675 1356
676 1359
677 1359
678 1357
679 1356
680 1351
681 1356
682 1358
683 1356
684 1356
685 1353
686 1355
687 1356
688 1355
689 1356
690 1356
691 1356
692 1356
693 1361
694 1361
695 1356
696 1354
697 1356
698 1357
699 1357
700 1357
701 1357
702 1357
703 1357
704 1356
705 1356
706 1357
707 1356
708 1356
709 1357
710 1355
711 1357
712 1355
713 1358
714 1356
715 1358
716 1354
717 1358
718 1356
719 1356
720 1356
721 1358
722 1356
723 1358
724 1356
725 1357
726 1357
727 1357
728 1355
729 1357
730 1354
731 1357
732 1360
733 1360
734 1357
735 1356
736 1355
737 1357
738 1354
739 1355
740 1355
741 1357
742 1357
743 1359
744 1355
745 1358
746 1356
747 1356
748 1355
749 1356
750 1355
751 1358
752 1358
753 1356
754 1359
755 1357
756 1357
757 1359
758 1356
759 1355
760 1355
761 1358
762 1355
763 1357
764 1354
765 1356
766 1356
767 1356
768 1357
769 1357
770 1357
771 1358
772 1356
773 1356
774 1355
775 1358
776 1357
777 1358
778 1356
779 1356
780 1358
781 1357
782 1358
783 1357
784 1355
785 1354
786 1353
787 1356
788 1356
789 1354
790 1353
791 1356
792 1355
793 1356
794 1358
795 1355
796 1358
797 1356
798 1357
799 1356
800 1355
801 1355
802 1354
803 1356
804 1359
805 1357
806 1356
807 1358
808 1358
809 1359
810 1357
811 1359
812 1358
813 1357
814 1354
815 1356
816 1357
817 1356
818 1356
819 1358
820 1358
821 1356
822 1355
823 1353
824 1357
825 1356
826 1355
827 1354
828 1355
829 1355
830 1357
831 1355
832 1356
833 1355
834 1357
835 1356
836 1357
837 1354
838 1355
839 1359
840 1358
841 1355
842 1358
843 1357
844 1356
845 1356
846 1355
847 1355
848 1353
849 1353
850 1353
851 1358
852 1359
853 1357
854 1357
855 1355
856 1356
857 1357
858 1356
859 1353
860 1356
861 1357
862 1357
863 1354
864 1352
865 1357
866 1357
867 1356
868 1357
869 1356
870 1355
871 1355
872 1352
873 1356
874 1360
875 1356
876 1355
877 1356
878 1358
879 1357
880 1353
881 1356
882 1358
883 1356
884 1354
885 1356
886 1357
887 1354
888 1353
889 1355
890 1356
891 1361
892 1357
893 1358
894 1357
895 1356
896 1355
897 1356
898 1355
899 1360
900 1355
901 1355
902 1357
903 1356
904 1355
905 1354
906 1354
907 1357
908 1358
909 1358
910 1357
911 1357
912 1357
913 1356
914 1353
915 1355
916 1354
917 1355
918 1356
919 1355
920 1354
921 1360
922 1356
923 1360
924 1356
925 1356
926 1357
927 1355
928 1357
929 1355
930 1357
931 1357
932 1354
933 1356
934 1357
935 1357
936 1361
937 1357
938 1358
939 1356
940 1356
941 1357
942 1356
943 1357
944 1357
945 1355
946 1356
947 1358
948 1357
949 1358
950 1357
951 1356
952 1356
953 1356
954 1356
955 1356
956 1357
957 1359
958 1358
959 1356
960 1358
961 1359
962 1354
963 1355
964 1355
965 1356
966 1357
967 1356
968 1355
969 1356
970 1353
971 1356
972 1357
973 1354
974 1358
975 1359
976 1356
977 1357
978 1354
979 1356
980 1356
981 1357
982 1354
983 1358
984 1356
985 1359
986 1356
987 1358
988 1357
989 1356
990 1356
991 1354
992 1357
993 1357
994 1356
995 1354
996 1355
997 1357
998 1356
999 1357
1000 1357
1001 1357
1002 1356
1003 1356
1004 1354
1005 1356
1006 1359
1007 1359
1008 1357
1009 1356
1010 1357
1011 1355
1012 1355
1013 1358
1014 1356
1015 1357
1016 1357
1017 1354
1018 1358
1019 1354
1020 1356
1021 1358
1022 1357
1023 1359
1024 1357
1025 1358
1026 1357
1027 1356
1028 1351
1029 1355
1030 1354
1031 1355
1032 1363
1033 1357
1034 1356
1035 1356
1036 1354
1037 1357
1038 1357
1039 1355
1040 1354
1041 1356
1042 1355
1043 1356
1044 1355
1045 1354
1046 1357
1047 1357
1048 1357
1049 1357
1050 1356
1051 1357
1052 1358
1053 1361
1054 1360
1055 1355
1056 1355
1057 1360
1058 1358
1059 1356
1060 1354
1061 1354
1062 1355
1063 1355
1064 1355
1065 1355
1066 1357
1067 1357
1068 1355
1069 1355
1070 1357
1071 1356
1072 1354
1073 1356
1074 1358
1075 1356
1076 1356
1077 1357
1078 1359
1079 1356
1080 1356
1081 1357
1082 1356
1083 1359
1084 1356
1085 1359
1086 1359
1087 1356
1088 1355
1089 1356
1090 1355
1091 1357
1092 1355
1093 1355
1094 1352
1095 1356
1096 1359
1097 1358
1098 1356
1099 1356
1100 1357
1101 1357
1102 1357
1103 1356
1104 1355
1105 1355
1106 1358
1107 1354
1108 1356
1109 1354
1110 1356
1111 1355
1112 1353
1113 1356
1114 1356
1115 1357
1116 1356
1117 1357
1118 1355
1119 1357
1120 1358
1121 1358
1122 1355
1123 1358
1124 1360
1125 1358
1126 1359
1127 1357
1128 1355
1129 1356
1130 1355
1131 1357
1132 1357
1133 1357
1134 1358
1135 1358
1136 1357
1137 1356
1138 1353
1139 1356
1140 1357
1141 1356
1142 1357
1143 1358
1144 1356
1145 1357
1146 1357
1147 1357
1148 1359
1149 1356
1150 1355
1151 1357
1152 1352
1153 1357
1154 1356
1155 1356
1156 1356
1157 1353
1158 1357
1159 1356
1160 1355
1161 1357
1162 1354
1163 1356
1164 1355
1165 1355
1166 1360
1167 1358
1168 1357
1169 1359
1170 1358
1171 1357
1172 1360
1173 1355
1174 1356
1175 1357
1176 1354
1177 1357
1178 1359
1179 1358
1180 1355
1181 1357
1182 1356
1183 1356
1184 1354
1185 1359
1186 1355
1187 1358
1188 1357
1189 1357
1190 1356
1191 1356
1192 1356
1193 1357
1194 1356
1195 1357
1196 1357
1197 1357
1198 1356
1199 1359
1200 1359
1201 1357
1202 1358
1203 1357
1204 1357
1205 1357
1206 1354
1207 1359
1208 1358
1209 1359
1210 1355
1211 1354
1212 1361
1213 1358
1214 1359
1215 1357
1216 1357
1217 1360
1218 1358
1219 1356
1220 1356
1221 1357
1222 1358
1223 1355
1224 1357
1225 1357
1226 1357
1227 1356
1228 1355
1229 1356
1230 1357
1231 1359
1232 1355
1233 1359
1234 1357
1235 1357
1236 1354
1237 1356
1238 1358
1239 1359
1240 1358
1241 1357
1242 1356
1243 1356
1244 1353
1245 1357
1246 1355
1247 1357
1248 1355
1249 1357
1250 1354
1251 1357
1252 1357
1253 1355
1254 1357
1255 1356
1256 1355
1257 1355
1258 1356
1259 1358
1260 1355
1261 1357
1262 1357
1263 1359
1264 1359
1265 1357
1266 1356
1267 1355
1268 1357
1269 1358
1270 1357
1271 1356
1272 1358
1273 1356
1274 1355
1275 1356
1276 1356
1277 1355
1278 1354
1279 1354
1280 1357
1281 1357
1282 1358
1283 1356
1284 1357
1285 1356
1286 1355
1287 1355
1288 1357
1289 1356
1290 1359
1291 1355
1292 1358
1293 1355
1294 1354
1295 1353
1296 1355
1297 1358
1298 1358
1299 1356
1300 1358
1301 1354
1302 1356
1303 1356
1304 1359
1305 1358
1306 1356
1307 1354
1308 1358
1309 1356
1310 1356
1311 1354
1312 1357
1313 1357
1314 1358
1315 1356
1316 1356
1317 1356
1318 1355
1319 1356
1320 1355
1321 1356
1322 1355
1323 1356
1324 1358
1325 1358
1326 1357
1327 1358
1328 1357
1329 1356
1330 1358
1331 1359
1332 1359
1333 1356
1334 1357
1335 1355
1336 1357
1337 1356
1338 1356
1339 1357
1340 1356
1341 1356
1342 1356
1343 1355
1344 1357
1345 1354
1346 1357
1347 1359
1348 1356
1349 1357
1350 1354
1351 1357
1352 1355
1353 1356
1354 1357
1355 1359
1356 1357
1357 1355
1358 1356
1359 1358
1360 1359
1361 1355
1362 1355
1363 1355
1364 1358
1365 1359
1366 1358
1367 1357
1368 1357
1369 1355
1370 1354
1371 1352
1372 1353
1373 1357
1374 1354
1375 1355
1376 1357
1377 1358
1378 1357
1379 1359
1380 1355
1381 1354
1382 1356
1383 1355
1384 1357
1385 1357
1386 1357
1387 1358
1388 1355
1389 1353
1390 1354
1391 1356
1392 1359
1393 1356
1394 1354
1395 1357
1396 1357
1397 1356
1398 1357
1399 1356
1400 1356
1401 1354
1402 1354
1403 1355
1404 1357
1405 1357
1406 1357
1407 1357
1408 1358
1409 1356
1410 1358
1411 1357
1412 1357
1413 1357
1414 1357
1415 1357
1416 1356
1417 1358
1418 1357
1419 1354
1420 1356
1421 1355
1422 1357
1423 1357
1424 1356
1425 1356
1426 1356
1427 1356
1428 1356
1429 1354
1430 1356
1431 1357
1432 1355
1433 1354
1434 1354
1435 1356
1436 1357
1437 1356
1438 1358
1439 1357
1440 1358
1441 1353
1442 1358
1443 1356
1444 1359
1445 1357
1446 1358
1447 1358
1448 1357
1449 1357
1450 1357
1451 1358
1452 1357
1453 1356
1454 1356
1455 1356
1456 1352
1457 1356
1458 1356
1459 1356
1460 1358
1461 1358
1462 1355
1463 1355
1464 1357
1465 1356
1466 1356
1467 1356
1468 1356
1469 1357
1470 1356
1471 1357
1472 1359
1473 1357
1474 1357
1475 1357
1476 1356
1477 1356
1478 1357
1479 1358
1480 1357
1481 1356
1482 1360
1483 1356
1484 1355
1485 1356
1486 1356
1487 1355
1488 1357
1489 1354
1490 1355
1491 1354
1492 1356
1493 1353
1494 1355
1495 1356
1496 1355
1497 1355
1498 1352
1499 1355
1500 1356
1501 1355
1502 1356
1503 1356
1504 1355
1505 1356
1506 1359
1507 1358
1508 1357
1509 1356
1510 1356
1511 1358
1512 1356
1513 1358
1514 1354
1515 1355
1516 1355
1517 1357
1518 1356
1519 1356
1520 1355
1521 1359
1522 1354
1523 1357
1524 1354
1525 1356
1526 1357
1527 1355
1528 1358
1529 1356
1530 1355
1531 1356
1532 1356
1533 1355
1534 1355
1535 1357
1536 1356
1537 1357
1538 1357
1539 1356
1540 1356
1541 1360
1542 1356
1543 1356
1544 1357
1545 1357
1546 1358
1547 1356
1548 1356
1549 1358
1550 1357
1551 1357
1552 1357
1553 1355
1554 1357
1555 1356
1556 1355
1557 1356
1558 1355
1559 1355
1560 1354
1561 1357
1562 1355
1563 1356
1564 1356
1565 1357
1566 1357
1567 1357
1568 1360
1569 1359
1570 1358
1571 1356
1572 1355
1573 1357
1574 1358
1575 1359
1576 1358
1577 1357
1578 1356
1579 1357
1580 1355
1581 1357
1582 1357
1583 1357
1584 1356
1585 1358
1586 1355
1587 1355
1588 1354
1589 1356
1590 1353
1591 1352
1592 1355
1593 1357
1594 1357
1595 1351
1596 1357
1597 1354
1598 1356
1599 1357
1600 1357
1601 1356
1602 1356
1603 1359
1604 1355
1605 1357
1606 1355
1607 1356
1608 1358
1609 1355
1610 1357
1611 1357
1612 1357
1613 1357
1614 1358
1615 1356
1616 1354
1617 1357
1618 1356
1619 1356
1620 1356
1621 1355
1622 1356
1623 1354
1624 1356
1625 1356
1626 1358
1627 1356
1628 1357
1629 1356
1630 1357
1631 1357
1632 1358
1633 1355
1634 1357
1635 1356
1636 1357
1637 1357
1638 1359
1639 1358
1640 1358
1641 1359
1642 1359
1643 1356
1644 1359
1645 1357
1646 1357
1647 1356
1648 1355
1649 1354
1650 1358
1651 1356
1652 1357
1653 1357
1654 1357
1655 1356
1656 1358
1657 1356
1658 1357
1659 1356
1660 1356
1661 1359
1662 1356
1663 1357
1664 1356
1665 1356
1666 1357
1667 1360
1668 1357
1669 1359
1670 1357
1671 1357
1672 1356
1673 1357
1674 1355
1675 1356
1676 1356
1677 1354
1678 1358
1679 1357
1680 1356
1681 1357
1682 1356
1683 1355
1684 1352
1685 1354
1686 1356
1687 1357
1688 1356
1689 1357
1690 1356
1691 1356
1692 1357
1693 1358
1694 1357
1695 1356
1696 1356
1697 1356
1698 1357
1699 1353
1700 1359
1701 1356
1702 1355
1703 1356
1704 1355
1705 1356
1706 1356
1707 1356
1708 1356
1709 1358
1710 1360
1711 1356
1712 1356
1713 1356
1714 1357
1715 1353
1716 1355
1717 1356
1718 1357
1719 1355
1720 1357
1721 1354
1722 1355
1723 1356
1724 1357
1725 1354
1726 1357
1727 1355
1728 1356
1729 1356
1730 1356
1731 1361
1732 1358
1733 1358
1734 1358
1735 1358
1736 1358
1737 1356
1738 1354
1739 1354
1740 1356
1741 1357
1742 1357
1743 1357
1744 1355
1745 1358
1746 1357
1747 1355
1748 1353
1749 1355
1750 1357
1751 1357
1752 1358
1753 1359
1754 1355
1755 1354
1756 1354
1757 1355
1758 1357
1759 1355
1760 1357
1761 1355
1762 1356
1763 1355
1764 1356
1765 1355
1766 1354
1767 1359
1768 1355
1769 1354
1770 1354
1771 1357
1772 1353
1773 1356
1774 1355
1775 1357
1776 1359
1777 1356
1778 1357
1779 1356
1780 1357
1781 1358
1782 1357
1783 1358
1784 1357
1785 1357
1786 1356
1787 1356
1788 1354
1789 1357
1790 1356
1791 1357
1792 1358
1793 1354
1794 1355
1795 1357
1796 1357
1797 1357
1798 1358
1799 1356
1800 1356
1801 1359
1802 1354
1803 1357
1804 1357
1805 1359
1806 1354
1807 1356
1808 1358
1809 1357
1810 1356
1811 1356
1812 1356
1813 1356
1814 1356
1815 1356
1816 1357
1817 1355
1818 1354
1819 1359
1820 1356
1821 1358
1822 1360
1823 1358
1824 1353
1825 1357
1826 1357
1827 1356
1828 1357
1829 1356
1830 1353
1831 1357
1832 1354
1833 1356
1834 1355
1835 1357
1836 1356
1837 1357
1838 1354
1839 1358
1840 1357
1841 1357
1842 1356
1843 1356
1844 1353
1845 1356
1846 1356
1847 1357
1848 1355
1849 1356
1850 1357
1851 1356
1852 1354
1853 1356
1854 1356
1855 1358
1856 1354
1857 1356
1858 1353
1859 1356
1860 1355
1861 1354
1862 1356
1863 1354
1864 1355
1865 1356
1866 1353
1867 1356
1868 1358
1869 1360
1870 1355
1871 1354
1872 1354
1873 1358
1874 1356
1875 1356
1876 1355
1877 1357
1878 1356
1879 1357
1880 1354
1881 1358
1882 1354
1883 1356
1884 1355
1885 1356
1886 1356
1887 1357
1888 1356
1889 1355
1890 1355
1891 1357
1892 1356
1893 1358
1894 1357
1895 1359
1896 1355
1897 1357
1898 1356
1899 1356
1900 1351
1901 1357
1902 1357
1903 1357
1904 1357
1905 1358
1906 1354
1907 1356
1908 1357
1909 1359
1910 1355
1911 1355
1912 1353
1913 1354
1914 1354
1915 1355
1916 1354
1917 1356
1918 1358
1919 1357
1920 1357
1921 1357
1922 1357
1923 1355
1924 1357
1925 1360
1926 1355
1927 1356
1928 1356
1929 1356
1930 1353
1931 1354
1932 1357
1933 1356
1934 1355
1935 1355
1936 1358
1937 1356
1938 1357
1939 1356
1940 1353
1941 1358
1942 1359
1943 1357
1944 1356
1945 1356
1946 1356
1947 1354
1948 1357
1949 1357
1950 1358
1951 1355
1952 1356
1953 1353
1954 1355
1955 1353
1956 1354
1957 1355
1958 1357
1959 1356
1960 1355
1961 1355
1962 1357
1963 1352
1964 1354
1965 1358
1966 1357
1967 1357
1968 1356
1969 1354
1970 1357
1971 1357
1972 1356
1973 1356
1974 1355
1975 1356
1976 1356
1977 1359
1978 1357
1979 1356
1980 1354
1981 1357
1982 1355
1983 1355
1984 1355
1985 1355
1986 1354
1987 1354
1988 1357
1989 1355
1990 1354
1991 1353
1992 1355
1993 1355
1994 1354
1995 1355
1996 1356
1997 1355
1998 1357
1999 1354
2000 1358
2001 1356
2002 1357
2003 1355
2004 1356
2005 1355
2006 1360
2007 1356
2008 1356
2009 1356
2010 1355
2011 1356
2012 1357
2013 1358
2014 1355
2015 1355
2016 1356
2017 1355
2018 1355
2019 1354
2020 1356
2021 1355
2022 1352
2023 1359
2024 1356
2025 1359
2026 1358
2027 1359
2028 1356
2029 1355
2030 1355
2031 1354
2032 1355
2033 1355
2034 1353
2035 1356
2036 1357
2037 1356
2038 1356
2039 1356
2040 1354
2041 1357
2042 1355
2043 1356
2044 1355
2045 1354
2046 1357
2047 1359
2048 1356
2049 1358
2050 1354
2051 1356
2052 1358
2053 1356
2054 1355
2055 1357
2056 1356
2057 1356
2058 1355
2059 1358
2060 1356
2061 1356
2062 1357
2063 1355
2064 1355
2065 1357
2066 1356
2067 1356
2068 1356
2069 1354
2070 1356
2071 1359
2072 1357
2073 1357
2074 1353
2075 1356
2076 1357
2077 1357
2078 1356
2079 1354
2080 1357
2081 1355
2082 1353
2083 1355
2084 1358
2085 1355
2086 1354
2087 1357
2088 1356
2089 1357
2090 1356
2091 1358
2092 1354
2093 1357
2094 1356
2095 1354
2096 1354
2097 1358
2098 1359
2099 1358
2100 1357
2101 1358
2102 1356
2103 1357
2104 1356
2105 1356
2106 1354
2107 1354
2108 1355
2109 1353
2110 1353
2111 1356
2112 1358
2113 1354
2114 1355
2115 1355
2116 1357
2117 1358
2118 1354
2119 1355
2120 1358
2121 1355
2122 1357
2123 1356
2124 1357
2125 1358
2126 1356
2127 1356
2128 1358
2129 1356
2130 1358
2131 1360
2132 1359
2133 1356
2134 1356
2135 1354
2136 1355
2137 1356
2138 1355
2139 1355
2140 1357
2141 1357
2142 1357
2143 1357
2144 1355
2145 1356
2146 1352
2147 1356
2148 1355
2149 1356
2150 1357
2151 1358
2152 1356
2153 1358
2154 1354
2155 1358
2156 1356
2157 1357
2158 1358
2159 1357
2160 1358
2161 1357
2162 1355
2163 1356
2164 1358
2165 1358
2166 1357
2167 1358
2168 1358
2169 1356
2170 1356
2171 1356
2172 1357
2173 1354
2174 1356
2175 1355
2176 1354
2177 1354
2178 1357
2179 1356
2180 1355
2181 1358
2182 1358
2183 1358
2184 1356
2185 1356
2186 1357
2187 1358
2188 1356
2189 1356
2190 1356
2191 1356
2192 1356
2193 1357
2194 1357
2195 1356
2196 1354
2197 1356
2198 1357
2199 1357
2200 1357
2201 1353
2202 1355
2203 1356
2204 1355
2205 1356
2206 1356
2207 1356
2208 1357
2209 1354
2210 1356
2211 1357
2212 1357
2213 1359
2214 1357
2215 1358
2216 1356
2217 1357
2218 1355
2219 1356
2220 1357
2221 1359
2222 1361
2223 1357
2224 1353
2225 1356
2226 1355
2227 1357
2228 1357
2229 1357
2230 1353
2231 1358
2232 1355
2233 1355
2234 1354
2235 1358
2236 1355
2237 1357
2238 1352
2239 1356
2240 1357
2241 1357
2242 1357
2243 1357
2244 1356
2245 1356
2246 1356
2247 1357
2248 1354
2249 1359
2250 1355
2251 1356
2252 1356
2253 1358
2254 1356
2255 1355
2256 1357
2257 1356
2258 1357
2259 1355
2260 1355
2261 1355
2262 1353
2263 1356
2264 1355
2265 1356
2266 1354
2267 1359
2268 1353
2269 1358
2270 1355
2271 1357
2272 1357
2273 1358
2274 1357
2275 1358
2276 1354
2277 1355
2278 1355
2279 1358
2280 1357
2281 1359
2282 1355
2283 1355
2284 1355
2285 1356
2286 1354
2287 1355
2288 1354
2289 1355
2290 1356
2291 1359
2292 1355
2293 1355
2294 1355
2295 1355
2296 1357
2297 1356
2298 1357
2299 1356
2300 1357
2301 1355
2302 1356
2303 1358
2304 1355
2305 1357
2306 1357
2307 1356
2308 1358
2309 1357
2310 1357
2311 1358
2312 1356
2313 1358
2314 1356
2315 1356
2316 1358
2317 1355
2318 1353
2319 1353
2320 1355
2321 1355
2322 1355
2323 1355
2324 1357
2325 1354
2326 1357
2327 1354
2328 1358
2329 1357
2330 1360
2331 1356
2332 1357
2333 1357
2334 1356
2335 1356
2336 1357
2337 1356
2338 1358
2339 1357
2340 1360
2341 1356
2342 1354
2343 1354
2344 1358
2345 1356
2346 1357
2347 1356
2348 1357
2349 1359
2350 1354
2351 1356
2352 1358
2353 1358
2354 1357
2355 1354
2356 1353
2357 1356
2358 1355
2359 1354
2360 1355
2361 1355
2362 1354
2363 1352
2364 1356
2365 1355
2366 1357
2367 1355
2368 1353
2369 1355
2370 1356
2371 1357
2372 1354
2373 1356
2374 1358
2375 1357
2376 1356
2377 1357
2378 1352
2379 1356
2380 1356
2381 1355
2382 1353
2383 1355
2384 1354
2385 1359
2386 1355
2387 1357
2388 1354
2389 1355
2390 1356
2391 1357
2392 1353
2393 1356
2394 1356
2395 1357
2396 1355
2397 1358
2398 1358
2399 1357
2400 1354
2401 1355
2402 1357
2403 1358
2404 1354
2405 1356
2406 1353
2407 1357
2408 1354
2409 1355
2410 1355
2411 1357
2412 1357
2413 1354
2414 1353
2415 1352
2416 1355
2417 1355
2418 1357
2419 1356
2420 1355
2421 1354
2422 1355
2423 1356
2424 1356
2425 1354
2426 1355
2427 1355
2428 1357
2429 1355
2430 1356
2431 1357
2432 1356
2433 1356
2434 1355
2435 1357
2436 1357
2437 1357
2438 1357
2439 1356
2440 1357
2441 1355
2442 1356
2443 1356
2444 1355
2445 1356
2446 1355
2447 1354
2448 1356
2449 1359
2450 1355
2451 1355
2452 1356
2453 1351
2454 1356
2455 1356
2456 1357
2457 1357
2458 1353
2459 1355
2460 1357
2461 1357
2462 1356
2463 1355
2464 1357
2465 1356
2466 1357
2467 1355
2468 1354
2469 1355
2470 1357
2471 1357
2472 1357
2473 1355
2474 1356
2475 1352
2476 1353
2477 1354
2478 1354
2479 1354
2480 1354
2481 1354
2482 1356
2483 1355
2484 1354
2485 1359
2486 1357
2487 1358
2488 1357
2489 1356
2490 1357
2491 1356
2492 1357
2493 1355
2494 1355
2495 1355
2496 1357
2497 1355
2498 1356
2499 1355
2500 1357
2501 1356
2502 1356
2503 1356
2504 1353
2505 1357
2506 1356
2507 1356
2508 1355
2509 1355
2510 1354
2511 1357
2512 1356
2513 1360
2514 1355
2515 1356
2516 1355
2517 1357
2518 1354
2519 1357
2520 1357
2521 1357
2522 1356
2523 1358
2524 1354
2525 1358
2526 1353
2527 1357
2528 1355
2529 1356
2530 1357
2531 1356
2532 1354
2533 1355
2534 1356
2535 1356
2536 1355
2537 1353
2538 1355
2539 1356
2540 1357
2541 1355
2542 1354
2543 1356
2544 1359
2545 1356
2546 1353
2547 1355
2548 1355
2549 1355
2550 1355
2551 1356
2552 1354
2553 1355
2554 1353
2555 1354
2556 1357
2557 1357
2558 1356
2559 1358
2560 1357
2561 1359
2562 1357
2563 1357
2564 1353
2565 1355
2566 1357
2567 1356
2568 1358
2569 1357
2570 1359
2571 1358
2572 1355
2573 1356
2574 1356
2575 1357
2576 1355
2577 1356
2578 1356
2579 1357
2580 1354
2581 1356
2582 1357
2583 1357
2584 1358
2585 1358
2586 1356
2587 1355
2588 1355
2589 1354
2590 1360
2591 1356
2592 1355
2593 1356
2594 1358
2595 1355
2596 1357
2597 1354
2598 1357
2599 1355
2600 1357
2601 1356
2602 1356
2603 1354
2604 1356
2605 1354
2606 1357
2607 1354
2608 1355
2609 1356
2610 1359
2611 1355
2612 1354
2613 1352
2614 1357
2615 1356
2616 1358
2617 1356
2618 1357
2619 1353
2620 1357
2621 1355
2622 1357
2623 1354
2624 1352
2625 1354
2626 1352
2627 1356
2628 1357
2629 1355
2630 1356
2631 1356
2632 1357
2633 1356
2634 1356
2635 1353
2636 1353
2637 1353
2638 1354
2639 1355
2640 1356
2641 1357
2642 1355
2643 1357
2644 1357
2645 1357
2646 1356
2647 1356
2648 1356
2649 1356
2650 1354
2651 1356
2652 1353
2653 1356
2654 1354
2655 1355
2656 1356
2657 1357
2658 1356
2659 1357
2660 1357
2661 1357
2662 1358
2663 1357
2664 1356
2665 1357
2666 1354
2667 1357
2668 1357
2669 1354
2670 1359
2671 1358
2672 1358
2673 1358
2674 1355
2675 1355
2676 1357
2677 1358
2678 1358
2679 1355
2680 1355
2681 1356
2682 1358
2683 1356
2684 1357
2685 1355
2686 1356
2687 1356
2688 1355
2689 1354
2690 1356
2691 1356
2692 1354
2693 1354
2694 1356
2695 1356
2696 1357
2697 1355
2698 1355
2699 1353
2700 1358
2701 1360
2702 1358
2703 1355
2704 1358
2705 1356
2706 1356
2707 1355
2708 1356
2709 1355
2710 1358
2711 1356
2712 1356
2713 1356
2714 1355
2715 1356
2716 1356
2717 1359
2718 1358
2719 1355
2720 1356
2721 1357
2722 1357
2723 1356
2724 1354
2725 1353
2726 1356
2727 1356
2728 1356
2729 1357
2730 1356
2731 1356
2732 1355
2733 1356
2734 1356
2735 1359
2736 1356
2737 1357
2738 1356
2739 1356
2740 1357
2741 1356
2742 1356
2743 1355
2744 1356
2745 1359
2746 1356
2747 1356
2748 1357
2749 1356
2750 1359
2751 1357
2752 1356
2753 1355
2754 1355
2755 1356
2756 1355
2757 1355
2758 1355
2759 1356
2760 1360
2761 1357
2762 1353
2763 1356
2764 1355
2765 1356
2766 1357
2767 1356
2768 1357
2769 1356
2770 1356
2771 1357
2772 1358
2773 1356
2774 1354
2775 1360
2776 1357
2777 1356
2778 1355
2779 1356
2780 1354
2781 1355
2782 1355
2783 1356
2784 1357
2785 1356
2786 1354
2787 1356
2788 1356
2789 1357
2790 1356
2791 1356
2792 1354
2793 1355
2794 1355
2795 1356
2796 1356
2797 1356
2798 1355
2799 1356
2800 1353
2801 1357
2802 1357
2803 1354
2804 1353
2805 1355
2806 1354
2807 1358
2808 1354
2809 1356
2810 1356
2811 1357
2812 1357
2813 1356
2814 1356
2815 1354
2816 1357
2817 1358
2818 1356
2819 1356
2820 1356
2821 1357
2822 1356
2823 1358
2824 1356
2825 1356
2826 1356
2827 1358
2828 1357
2829 1358
2830 1357
2831 1357
2832 1356
2833 1361
2834 1354
2835 1356
2836 1357
2837 1355
2838 1356
2839 1358
2840 1355
2841 1356
2842 1357
2843 1358
2844 1358
2845 1358
2846 1355
2847 1356
2848 1357
2849 1358
2850 1356
2851 1357
2852 1355
2853 1357
2854 1357
2855 1355
2856 1356
2857 1356
2858 1354
2859 1360
2860 1356
2861 1356
2862 1356
2863 1354
2864 1351
2865 1356
2866 1355
2867 1356
2868 1357
2869 1356
2870 1355
2871 1356
2872 1354
2873 1358
2874 1356
2875 1356
2876 1355
2877 1357
2878 1355
2879 1356
2880 1358
2881 1356
2882 1357
2883 1358
2884 1358
2885 1358
2886 1357
2887 1356
2888 1356
2889 1355
2890 1354
2891 1355
2892 1356
2893 1358
2894 1355
2895 1358
2896 1358
2897 1356
2898 1357
2899 1357
2900 1353
2901 1357
2902 1351
2903 1355
2904 1357
2905 1355
2906 1353
2907 1355
2908 1356
2909 1356
2910 1353
2911 1356
2912 1358
2913 1358
2914 1355
2915 1356
2916 1354
2917 1359
2918 1355
2919 1355
2920 1356
2921 1357
2922 1355
2923 1354
2924 1354
2925 1357
2926 1357
2927 1356
2928 1354
2929 1354
2930 1358
2931 1355
2932 1356
2933 1357
2934 1357
2935 1355
2936 1357
2937 1356
2938 1354
2939 1355
2940 1356
2941 1356
2942 1352
2943 1356
2944 1355
2945 1356
2946 1355
2947 1355
2948 1357
2949 1358
2950 1354
2951 1356
2952 1354
2953 1357
2954 1354
2955 1357
2956 1356
2957 1357
2958 1357
2959 1356
2960 1354
2961 1354
2962 1354
2963 1353
2964 1355
2965 1355
2966 1357
2967 1356
2968 1355
2969 1354
2970 1355
2971 1355
2972 1357
2973 1355
2974 1355
2975 1353
2976 1353
2977 1355
2978 1357
2979 1358
2980 1355
2981 1354
2982 1354
2983 1354
2984 1357
2985 1355
2986 1356
2987 1354
2988 1355
2989 1355
2990 1354
2991 1356
2992 1354
2993 1354
2994 1356
2995 1356
2996 1353
2997 1353
2998 1354
2999 1355
3000 1354
3001 1355
3002 1354
3003 1356
3004 1354
3005 1354
3006 1352
3007 1356
3008 1356
3009 1357
3010 1354
3011 1358
3012 1353
3013 1356
3014 1353
3015 1356
3016 1355
3017 1356
3018 1356
3019 1357
3020 1353
3021 1353
3022 1354
3023 1352
3024 1360
3025 1355
3026 1354
3027 1353
3028 1355
3029 1356
3030 1356
3031 1356
3032 1354
3033 1354
3034 1357
3035 1355
3036 1356
3037 1356
3038 1357
3039 1357
3040 1357
3041 1356
3042 1355
3043 1354
3044 1355
3045 1358
3046 1355
3047 1357
3048 1357
3049 1356
3050 1357
3051 1353
3052 1354
3053 1355
3054 1357
3055 1357
3056 1356
3057 1356
3058 1355
3059 1356
3060 1356
3061 1356
3062 1357
3063 1357
3064 1355
3065 1356
3066 1357
3067 1356
3068 1357
3069 1358
3070 1355
3071 1357
3072 1353
3073 1358
3074 1355
3075 1358
3076 1358
3077 1358
3078 1358
3079 1357
3080 1357
3081 1356
3082 1354
3083 1356
3084 1355
3085 1358
3086 1356
3087 1355
3088 1354
3089 1357
3090 1354
3091 1356
3092 1355
3093 1356
3094 1357
3095 1357
3096 1356
3097 1355
3098 1356
3099 1355
3100 1355
3101 1356
3102 1358
3103 1358
3104 1357
3105 1357
3106 1354
3107 1356
3108 1354
3109 1355
3110 1356
3111 1354
3112 1356
3113 1356
3114 1355
3115 1356
3116 1356
3117 1355
3118 1357
3119 1354
3120 1356
3121 1354
3122 1357
3123 1358
3124 1355
3125 1356
3126 1355
3127 1357
3128 1356
3129 1356
3130 1356
3131 1358
3132 1356
3133 1357
3134 1355
3135 1356
3136 1356
3137 1357
3138 1355
3139 1356
3140 1355
3141 1357
3142 1356
3143 1356
3144 1354
3145 1357
3146 1356
3147 1356
3148 1354
3149 1354
3150 1355
3151 1355
3152 1355
3153 1356
3154 1353
3155 1355
3156 1355
3157 1360
3158 1357
3159 1357
3160 1356
3161 1358
3162 1356
3163 1358
3164 1355
3165 1356
3166 1356
3167 1359
3168 1358
3169 1358
3170 1356
3171 1357
3172 1354
3173 1356
3174 1352
3175 1354
3176 1354
3177 1356
3178 1354
3179 1358
3180 1356
3181 1356
3182 1355
3183 1355
3184 1357
3185 1357
3186 1356
3187 1357
3188 1357
3189 1357
3190 1358
3191 1360
3192 1359
3193 1358
3194 1356
3195 1358
3196 1354
3197 1360
3198 1357
3199 1358
3200 1355
3201 1359
3202 1357
3203 1357
3204 1354
3205 1355
3206 1356
3207 1358
3208 1353
3209 1353
3210 1356
3211 1355
3212 1355
3213 1358
3214 1353
3215 1356
3216 1357
3217 1358
3218 1355
3219 1358
3220 1353
3221 1359
3222 1357
3223 1358
3224 1353
3225 1356
3226 1357
3227 1358
3228 1356
3229 1357
3230 1354
3231 1357
3232 1355
3233 1358
3234 1356
3235 1354
3236 1357
3237 1356
3238 1355
3239 1357
3240 1352
3241 1356
3242 1353
3243 1357
3244 1352
3245 1357
3246 1356
3247 1355
3248 1355
3249 1358
3250 1358
3251 1357
3252 1356
3253 1358
3254 1357
3255 1358
3256 1359
3257 1356
3258 1355
3259 1359
3260 1352
3261 1356
3262 1356
3263 1358
3264 1357
3265 1356
3266 1354
3267 1357
3268 1356
3269 1357
3270 1354
3271 1357
3272 1357
3273 1357
3274 1356
3275 1357
3276 1355
3277 1354
3278 1354
3279 1354
3280 1356
3281 1356
3282 1358
3283 1357
3284 1356
3285 1356
3286 1358
3287 1355
3288 1355
3289 1357
3290 1355
3291 1360
3292 1357
3293 1356
3294 1357
3295 1356
3296 1353
3297 1354
3298 1355
3299 1355
3300 1356
3301 1355
3302 1357
3303 1355
3304 1355
3305 1357
3306 1356
3307 1357
3308 1357
3309 1357
3310 1355
3311 1355
3312 1355
3313 1356
3314 1356
3315 1355
3316 1355
3317 1355
3318 1353
3319 1356
3320 1356
3321 1358
3322 1356
3323 1356
3324 1357
3325 1358
3326 1356
3327 1355
3328 1356
3329 1353
3330 1352
3331 1355
3332 1357
3333 1354
3334 1354
3335 1356
3336 1355
3337 1355
3338 1357
3339 1355
3340 1359
3341 1357
3342 1358
3343 1357
3344 1357
3345 1361
3346 1357
3347 1357
3348 1355
3349 1357
3350 1357
3351 1357
3352 1355
3353 1358
3354 1354
3355 1356
3356 1353
3357 1358
3358 1355
3359 1356
3360 1356
3361 1354
3362 1354
3363 1356
3364 1357
3365 1357
3366 1356
3367 1355
3368 1358
3369 1359
3370 1356
3371 1355
3372 1358
3373 1357
3374 1357
3375 1356
3376 1355
3377 1357
3378 1355
3379 1356
3380 1354
3381 1356
3382 1358
3383 1360
3384 1357
3385 1354
3386 1356
3387 1359
3388 1355
3389 1356
3390 1356
3391 1357
3392 1357
3393 1357
3394 1354
3395 1356
3396 1357
3397 1357
3398 1355
3399 1356
3400 1356
3401 1354
3402 1356
3403 1355
3404 1354
3405 1356
3406 1357
3407 1356
3408 1357
3409 1358
3410 1357
3411 1358
3412 1356
3413 1356
3414 1357
3415 1357
3416 1354
3417 1356
3418 1358
3419 1357
3420 1358
3421 1358
3422 1357
3423 1353
3424 1355
3425 1355
3426 1356
3427 1357
3428 1359
3429 1356
3430 1358
3431 1356
3432 1358
3433 1356
3434 1358
3435 1355
3436 1357
3437 1356
3438 1357
3439 1357
3440 1357
3441 1358
3442 1355
3443 1356
3444 1356
3445 1355
3446 1356
3447 1357
3448 1352
3449 1359
3450 1356
3451 1357
3452 1355
3453 1355
3454 1355
3455 1356
3456 1355
3457 1357
3458 1357
3459 1359
3460 1357
3461 1355
3462 1356
3463 1356
3464 1355
3465 1356
3466 1354
3467 1356
3468 1357
3469 1358
3470 1356
3471 1357
3472 1356
3473 1358
3474 1355
3475 1355
3476 1354
3477 1357
3478 1357
3479 1355
3480 1356
3481 1356
3482 1357
3483 1356
3484 1354
3485 1355
3486 1355
3487 1356
3488 1357
3489 1354
3490 1357
3491 1357
3492 1356
3493 1358
3494 1355
3495 1355
3496 1355
3497 1357
3498 1359
3499 1357
3500 1355
3501 1354
3502 1354
3503 1355
3504 1357
3505 1356
3506 1356
3507 1357
3508 1357
3509 1358
3510 1355
3511 1355
3512 1354
3513 1357
3514 1357
3515 1356
3516 1355
3517 1353
3518 1355
3519 1353
3520 1353
3521 1358
3522 1356
3523 1356
3524 1354
3525 1356
3526 1354
3527 1354
3528 1353
3529 1355
3530 1358
3531 1358
3532 1353
3533 1355
3534 1356
3535 1358
3536 1356
3537 1357
3538 1353
3539 1354
3540 1353
3541 1356
3542 1358
3543 1355
3544 1357
3545 1357
3546 1356
3547 1356
3548 1354
3549 1355
3550 1357
3551 1358
3552 1358
3553 1356
3554 1358
3555 1356
3556 1358
3557 1358
3558 1356
3559 1355
3560 1359
3561 1357
3562 1357
3563 1356
3564 1355
3565 1357
3566 1357
3567 1358
3568 1357
3569 1356
3570 1354
3571 1356
3572 1355
3573 1354
3574 1355
3575 1355
3576 1356
3577 1354
3578 1355
3579 1359
3580 1357
3581 1357
3582 1358
3583 1357
3584 1356
3585 1356
3586 1357
3587 1356
3588 1354
3589 1355
3590 1355
3591 1359
3592 1357
3593 1358
3594 1357
3595 1361
3596 1357
3597 1356
3598 1355
3599 1354
3600 1358
3601 1356
3602 1355
3603 1357
3604 1351
3605 1356
3606 1355
3607 1356
3608 1355
3609 1357
3610 1356
3611 1357
3612 1355
3613 1356
3614 1353
3615 1355
3616 1355
3617 1356
3618 1357
3619 1358
3620 1359
3621 1356
3622 1357
3623 1357
3624 1358
3625 1359
3626 1357
3627 1356
3628 1357
3629 1357
3630 1355
3631 1357
3632 1357
3633 1357
3634 1359
3635 1356
3636 1358
3637 1358
3638 1356
3639 1355
3640 1356
3641 1358
3642 1356
3643 1359
3644 1355
3645 1356
3646 1357
3647 1358
3648 1358
3649 1354
3650 1354
3651 1357
3652 1355
3653 1357
3654 1353
3655 1357
3656 1356
3657 1356
3658 1357
3659 1357
3660 1354
3661 1357
3662 1354
3663 1357
3664 1355
3665 1358
3666 1358
3667 1356
3668 1355
3669 1354
3670 1358
3671 1360
3672 1356
3673 1358
3674 1357
3675 1356
3676 1357
3677 1357
3678 1355
3679 1353
3680 1359
3681 1358
3682 1355
3683 1356
3684 1357
3685 1356
3686 1357
3687 1358
3688 1356
3689 1357
3690 1355
3691 1355
3692 1357
3693 1356
3694 1356
3695 1356
3696 1354
3697 1359
3698 1357
3699 1355
3700 1357
3701 1354
3702 1355
3703 1356
3704 1358
3705 1355
3706 1356
3707 1354
3708 1357
3709 1356
3710 1361
3711 1357
3712 1356
3713 1359
3714 1358
3715 1356
3716 1358
3717 1356
3718 1354
3719 1356
3720 1356
3721 1360
3722 1358
3723 1356
3724 1355
3725 1356
3726 1357
3727 1356
3728 1355
3729 1354
3730 1355
3731 1352
3732 1357
3733 1358
3734 1357
3735 1356
3736 1358
3737 1357
3738 1356
3739 1358
3740 1355
3741 1355
3742 1357
3743 1356
3744 1355
3745 1355
3746 1354
3747 1355
3748 1357
3749 1358
3750 1355
3751 1355
3752 1357
3753 1358
3754 1357
3755 1356
3756 1353
3757 1355
3758 1357
3759 1356
3760 1357
3761 1356
3762 1357
3763 1358
3764 1356
3765 1355
3766 1355
3767 1356
3768 1356
3769 1355
3770 1358
3771 1357
3772 1357
3773 1356
3774 1354
3775 1358
3776 1354
3777 1359
3778 1355
3779 1357
3780 1354
3781 1358
3782 1356
3783 1356
3784 1355
3785 1357
3786 1354
3787 1360
3788 1355
3789 1353
3790 1353
3791 1357
3792 1355
3793 1355
3794 1356
3795 1358
3796 1355
3797 1355
3798 1353
3799 1356
3800 1355
3801 1358
3802 1356
3803 1356
3804 1355
3805 1356
3806 1358
3807 1357
3808 1358
3809 1357
3810 1356
3811 1356
3812 1353
3813 1356
3814 1352
3815 1356
3816 1357
3817 1354
3818 1354
3819 1358
3820 1355
3821 1355
3822 1354
3823 1355
3824 1354
3825 1355
3826 1353
3827 1356
3828 1358
3829 1358
3830 1355
3831 1358
3832 1358
3833 1357
3834 1357
3835 1358
3836 1356
3837 1356
3838 1354
3839 1355
3840 1356
3841 1357
3842 1357
3843 1359
3844 1357
3845 1357
3846 1352
3847 1355
3848 1356
3849 1355
3850 1357
3851 1353
3852 1354
3853 1355
3854 1356
3855 1357
3856 1356
3857 1358
3858 1354
3859 1359
3860 1353
3861 1356
3862 1357
3863 1357
3864 1357
3865 1355
3866 1355
3867 1356
3868 1357
3869 1356
3870 1353
3871 1354
3872 1356
3873 1355
3874 1353
3875 1355
3876 1354
3877 1354
3878 1354
3879 1355
3880 1356
3881 1355
3882 1357
3883 1358
3884 1358
3885 1354
3886 1357
3887 1356
3888 1354
3889 1357
3890 1359
3891 1358
3892 1356
3893 1356
3894 1357
3895 1356
3896 1356
3897 1355
3898 1353
3899 1354
3900 1359
3901 1355
3902 1358
3903 1353
3904 1354
3905 1356
3906 1356
3907 1356
3908 1355
3909 1354
3910 1357
3911 1353
3912 1354
3913 1356
3914 1357
3915 1357
3916 1357
3917 1356
3918 1357
3919 1357
3920 1355
3921 1356
3922 1355
3923 1356
3924 1356
3925 1358
3926 1357
3927 1357
3928 1357
3929 1355
3930 1357
3931 1358
3932 1359
3933 1356
3934 1360
3935 1359
3936 1355
3937 1356
3938 1354
3939 1355
3940 1357
3941 1356
3942 1357
3943 1356
3944 1356
3945 1356
3946 1360
3947 1357
3948 1357
3949 1358
3950 1357
3951 1356
3952 1356
3953 1356
3954 1353
3955 1356
3956 1354
3957 1358
3958 1357
3959 1356
3960 1357
3961 1357
3962 1356
3963 1356
3964 1357
3965 1356
3966 1355
3967 1356
3968 1357
3969 1356
3970 1354
3971 1356
3972 1356
3973 1356
3974 1354
3975 1357
3976 1359
3977 1359
3978 1356
3979 1357
3980 1357
3981 1358
3982 1355
3983 1358
3984 1354
3985 1358
3986 1356
3987 1356
3988 1354
3989 1357
3990 1357
3991 1359
3992 1356
3993 1359
3994 1358
3995 1356
3996 1354
3997 1357
3998 1355
3999 1358
