0 1353
1 1354
2 1356
3 1356
4 1353
5 1357
6 1355
7 1355
8 1354
9 1356
10 1354
11 1354
12 1356
13 1356
14 1353
15 1353
16 1356
17 1357
18 1356
19 1358
20 1355
21 1355
22 1356
23 1355
24 1356
25 1356
26 1354
27 1354
28 1354
29 1357
30 1356
31 1354
32 1353
33 1353
34 1356
35 1355
36 1357
37 1355
38 1354
39 1353
40 1356
41 1355
42 1355
43 1354
44 1354
45 1355
46 1355
47 1355
48 1356
49 1357
50 1353
51 1358
52 1356
53 1353
54 1356
55 1356
56 1354
57 1352
58 1353
59 1356
60 1355
61 1353
62 1354
63 1354
64 1355
65 1355
66 1355
67 1354
68 1356
69 1357
70 1354
71 1357
72 1356
73 1355
74 1354
75 1356
76 1355
77 1357
78 1355
79 1355
80 1356
81 1359
82 1356
83 1355
84 1354
85 1354
86 1356
87 1354
88 1355
89 1356
90 1355
91 1354
92 1355
93 1357
94 1354
95 1354
96 1355
97 1353
98 1355
99 1354
100 1352
101 1353
102 1357
103 1356
104 1355
105 1354
106 1357
107 1354
108 1356
109 1353
110 1353
111 1356
112 1355
113 1358
114 1356
115 1356
116 1356
117 1354
118 1354
119 1359
120 1357
121 1357
122 1357
123 1356
124 1353
125 1355
126 1354
127 1356
128 1355
129 1355
130 1356
131 1355
132 1356
133 1354
134 1357
135 1354
136 1355
137 1358
138 1355
139 1354
140 1357
141 1357
142 1356
143 1357
144 1356
145 1356
146 1356
147 1355
148 1356
149 1356
150 1355
151 1356
152 1351
153 1352
154 1355
155 1357
156 1355
157 1356
158 1353
159 1355
160 1356
161 1355
162 1355
163 1355
164 1354
165 1356
166 1356
167 1357
168 1355
169 1356
170 1355
171 1355
172 1356
173 1358
174 1355
175 1358
176 1355
177 1356
178 1356
179 1356
180 1356
181 1355
182 1354
183 1357
184 1352
185 1353
186 1357
187 1357
188 1355
189 1352
190 1353
191 1356
192 1354
193 1356
194 1353
195 1357
196 1356
197 1356
198 1356
199 1356
200 1353
201 1358
202 1354
203 1356
204 1356
205 1356
206 1357
207 1355
208 1357
209 1358
210 1354
211 1359
212 1356
213 1356
214 1353
215 1353
216 1354
217 1352
218 1352
219 1356
220 1355
221 1355
222 1355
223 1355
224 1357
225 1354
226 1356
227 1357
228 1354
229 1356
230 1354
231 1358
232 1356
233 1357
234 1358
235 1356
236 1356
237 1356
238 1354
239 1357
240 1354
241 1356
242 1354
243 1357
244 1356
245 1357
246 1357
247 1357
248 1358
249 1356
250 1357
251 1356
252 1356
253 1354
254 1353
255 1355
256 1354
257 1356
258 1355
259 1356
260 1357
261 1355
262 1355
263 1356
264 1355
265 1357
266 1354
267 1354
268 1356
269 1355
270 1356
271 1354
272 1354
273 1354
274 1356
275 1357
276 1354
277 1355
278 1355
279 1354
280 1354
281 1354
282 1356
283 1354
284 1356
285 1354
286 1353
287 1356
288 1356
289 1357
290 1359
291 1357
292 1356
293 1356
294 1356
295 1356
296 1357
297 1356
298 1358
299 1357
300 1355
301 1355
302 1356
303 1355
304 1355
305 1352
306 1357
307 1356
308 1355
309 1354
310 1353
311 1355
312 1354
313 1355
314 1354
315 1353
316 1356
317 1354
318 1355
319 1354
320 1356
321 1355
322 1357
323 1356
324 1357
325 1355
326 1354
327 1357
328 1355
329 1356
330 1352
331 1356
332 1353
333 1354
334 1353
335 1353
336 1354
337 1355
338 1355
339 1354
340 1356
341 1356
342 1353
343 1355
344 1356
345 1355
346 1355
347 1357
348 1354
349 1357
350 1357
351 1356
352 1356
353 1356
354 1358
355 1357
356 1357
357 1356
358 1354
359 1355
360 1353
361 1352
362 1353
363 1355
364 1355
365 1355
366 1353
367 1353
368 1356
369 1355
370 1356
371 1354
372 1355
373 1355
374 1354
375 1353
376 1355
377 1355
378 1356
379 1356
380 1353
381 1355
382 1356
383 1353
384 1353
385 1354
386 1356
387 1357
388 1356
389 1357
390 1352
391 1356
392 1355
393 1354
394 1354
395 1357
396 1354
397 1356
398 1356
399 1354
400 1355
401 1355
402 1355
403 1354
404 1354
405 1354
406 1356
407 1360
408 1356
409 1353
410 1356
411 1355
412 1354
413 1354
414 1353
415 1355
416 1355
417 1355
418 1356
419 1358
420 1355
421 1357
422 1357
423 1355
424 1357
425 1355
426 1355
427 1357
428 1355
429 1355
430 1355
431 1352
432 1356
433 1357
434 1355
435 1356
436 1354
437 1356
438 1359
439 1359
440 1356
441 1354
442 1359
443 1360
444 1356
445 1355
446 1357
447 1358
448 1355
449 1355
450 1354
451 1357
452 1356
453 1354
454 1357
455 1357
456 1354
457 1354
458 1358
459 1357
460 1356
461 1355
462 1354
463 1357
464 1358
465 1355
466 1356
467 1354
468 1355
469 1357
470 1353
471 1357
472 1358
473 1357
474 1355
475 1353
476 1355
477 1355
478 1355
479 1353
480 1355
481 1356
482 1356
483 1357
484 1357
485 1357
486 1355
487 1357
488 1354
489 1356
490 1358
491 1356
492 1352
493 1354
494 1356
495 1357
496 1356
497 1356
498 1356
499 1357
500 1358
501 1355
502 1357
503 1353
504 1355
505 1354
506 1356
507 1357
508 1355
509 1353
510 1353
511 1353
512 1354
513 1355
514 1357
515 1354
516 1357
517 1356
518 1355
519 1356
520 1353
521 1357
522 1357
523 1357
524 1357
525 1353
526 1355
527 1354
528 1357
529 1353
530 1356
531 1357
532 1358
533 1354
534 1357
535 1357
536 1357
537 1360
538 1367
539 1370
540 1378
541 1389
542 1398
543 1412
544 1423
545 1439
546 1459
547 1474
548 1493
549 1503
550 1516
551 1525
552 1531
553 1538
554 1542
555 1543
556 1544
557 1543
558 1543
559 1543
560 1542
561 1538
562 1539
563 1537
564 1531
565 1523
566 1515
567 1510
568 1505
569 1497
570 1490
571 1483
572 1478
573 1468
574 1463
575 1455
576 1449
577 1440
578 1437
579 1433
580 1428
581 1425
582 1418
583 1415
584 1412
585 1408
586 1404
587 1405
588 1401
589 1400
590 1395
591 1392
592 1387
593 1387
594 1384
595 1383
596 1383
597 1383
598 1380
599 1377
600 1382
601 1380
602 1379
603 1373
604 1371
605 1373
606 1372
607 1367
608 1369
609 1368
610 1366
611 1365
612 1365
613 1363
614 1362
615 1361
616 1364
617 1365
618 1364
619 1360
620 1362
621 1361
622 1362
623 1360
624 1359
625 1355
626 1360
627 1358
628 1358
629 1358
630 1358
631 1361
632 1359
633 1360
634 1358
635 1357
636 1358
637 1358
638 1359
639 1355
640 1355
641 1355
642 1358
643 1358
644 1358
645 1357
646 1357
647 1356
648 1354
649 1354
650 1355
651 1357
652 1355
653 1357
654 1355
655 1359
656 1359
657 1357
658 1354
659 1358
660 1356
661 1354
662 1354
663 1355
664 1355
665 1354
666 1354
667 1357
668 1356
669 1355
670 1356
671 1353
672 1356
673 1355
674 1354
675 1356
676 1356
677 1356
678 1356
679 1351
680 1355
681 1353
682 1355
683 1353
684 1356
685 1356
686 1359
687 1354
688 1355
689 1354
690 1359
691 1354
692 1357
693 1352
694 1356
695 1353
696 1355
697 1355
698 1357
699 1354
700 1355
701 1354
702 1355
703 1356
704 1354
705 1353
706 1354
707 1354
708 1353
709 1355
710 1355
711 1356
712 1355
713 1354
714 1356
715 1356
716 1353
717 1354
718 1355
719 1356
720 1358
721 1356
722 1356
723 1353
724 1357
725 1356
726 1356
727 1357
728 1358
729 1356
730 1355
731 1356
732 1357
733 1355
734 1356
735 1354
736 1356
737 1354
738 1356
739 1356
740 1356
741 1356
742 1357
743 1358
744 1355
745 1357
746 1357
747 1360
748 1356
749 1355
750 1355
751 1354
752 1356
753 1357
754 1355
755 1355
756 1357
757 1356
758 1356
759 1357
760 1357
761 1357
762 1357
763 1353
764 1353
765 1354
766 1355
767 1358
768 1356
769 1357
770 1356
771 1355
772 1353
773 1358
774 1358
775 1356
776 1354
777 1356
778 1356
779 1356
780 1355
781 1357
782 1356
783 1357
784 1354
785 1356
786 1354
787 1354
788 1355
789 1357
790 1356
791 1355
792 1353
793 1358
794 1353
795 1353
796 1357
797 1360
798 1357
799 1355
800 1353
801 1357
802 1355
803 1356
804 1353
805 1354
806 1354
807 1355
808 1355
809 1357
810 1352
811 1357
812 1354
813 1357
814 1352
815 1355
816 1356
817 1357
818 1355
819 1358
820 1353
821 1356
822 1357
823 1358
824 1355
825 1353
826 1356
827 1357
828 1354
829 1356
830 1354
831 1359
832 1355
833 1355
834 1351
835 1355
836 1357
837 1357
838 1353
839 1358
840 1353
841 1357
842 1353
843 1354
844 1352
845 1355
846 1355
847 1356
848 1355
849 1356
850 1354
851 1355
852 1354
853 1355
854 1354
855 1356
856 1357
857 1356
858 1357
859 1355
860 1355
861 1356
862 1354
863 1354
864 1354
865 1357
866 1355
867 1356
868 1355
869 1357
870 1355
871 1356
872 1353
873 1356
874 1354
875 1357
876 1357
877 1356
878 1355
879 1354
880 1352
881 1355
882 1353
883 1354
884 1355
885 1355
886 1356
887 1357
888 1353
889 1355
890 1356
891 1357
892 1357
893 1359
894 1355
895 1355
896 1353
897 1355
898 1356
899 1355
900 1354
901 1357
902 1356
903 1358
904 1355
905 1355
906 1356
907 1357
908 1354
909 1356
910 1354
911 1356
912 1358
913 1358
914 1356
915 1357
916 1355
917 1356
918 1354
919 1357
920 1354
921 1354
922 1357
923 1357
924 1358
925 1355
926 1357
927 1356
928 1356
929 1354
930 1355
931 1356
932 1356
933 1355
934 1356
935 1357
936 1358
937 1357
938 1357
939 1353
940 1353
941 1355
942 1355
943 1355
944 1358
945 1357
946 1357
947 1356
948 1357
949 1355
950 1358
951 1356
952 1357
953 1353
954 1356
955 1357
956 1356
957 1356
958 1358
959 1355
960 1356
961 1356
962 1357
963 1355
964 1357
965 1355
966 1357
967 1356
968 1356
969 1355
970 1356
971 1355
972 1356
973 1354
974 1354
975 1352
976 1356
977 1358
978 1357
979 1350
980 1355
981 1354
982 1356
983 1355
984 1356
985 1354
986 1354
987 1356
988 1355
989 1356
990 1355
991 1356
992 1358
993 1355
994 1356
995 1353
996 1355
997 1359
998 1358
999 1354
1000 1353
1001 1353
1002 1358
1003 1357
1004 1356
1005 1353
1006 1356
1007 1356
1008 1354
1009 1357
1010 1359
1011 1356
1012 1354
1013 1352
1014 1355
1015 1354
1016 1356
1017 1353
1018 1355
1019 1357
1020 1355
1021 1358
1022 1356
1023 1358
1024 1354
1025 1356
1026 1355
1027 1355
1028 1357
1029 1357
1030 1358
1031 1355
1032 1356
1033 1353
1034 1355
1035 1356
1036 1353
1037 1355
1038 1354
1039 1355
1040 1356
1041 1354
1042 1353
1043 1356
1044 1355
1045 1357
1046 1357
1047 1356
1048 1357
1049 1355
1050 1354
1051 1358
1052 1355
1053 1353
1054 1354
1055 1357
1056 1356
1057 1354
1058 1357
1059 1354
1060 1354
1061 1356
1062 1356
1063 1353
1064 1356
1065 1354
1066 1355
1067 1357
1068 1357
1069 1354
1070 1353
1071 1356
1072 1356
1073 1354
1074 1357
1075 1356
1076 1356
1077 1354
1078 1356
1079 1356
1080 1354
1081 1354
1082 1357
1083 1357
1084 1356
1085 1355
1086 1355
1087 1357
1088 1354
1089 1355
1090 1359
1091 1357
1092 1358
1093 1355
1094 1358
1095 1357
1096 1357
1097 1352
1098 1356
1099 1355
1100 1354
1101 1357
1102 1355
1103 1356
1104 1356
1105 1357
1106 1354
1107 1354
1108 1353
1109 1354
1110 1357
1111 1356
1112 1356
1113 1352
1114 1355
1115 1355
1116 1353
1117 1357
1118 1357
1119 1357
1120 1356
1121 1355
1122 1357
1123 1357
1124 1356
1125 1357
1126 1355
1127 1357
1128 1354
1129 1358
1130 1354
1131 1355
1132 1355
1133 1353
1134 1354
1135 1355
1136 1353
1137 1354
1138 1354
1139 1356
1140 1359
1141 1357
1142 1359
1143 1356
1144 1358
1145 1356
1146 1356
1147 1357
1148 1359
1149 1357
1150 1356
1151 1356
1152 1357
1153 1353
1154 1356
1155 1356
1156 1356
1157 1359
1158 1356
1159 1353
1160 1355
1161 1357
1162 1356
1163 1354
1164 1355
1165 1354
1166 1356
1167 1357
1168 1354
1169 1356
1170 1354
1171 1358
1172 1356
1173 1359
1174 1357
1175 1356
1176 1356
1177 1354
1178 1355
1179 1358
1180 1354
1181 1355
1182 1355
1183 1358
1184 1356
1185 1356
1186 1357
1187 1355
1188 1356
1189 1357
1190 1356
1191 1354
1192 1354
1193 1353
1194 1356
1195 1356
1196 1359
1197 1357
1198 1354
1199 1354
1200 1355
1201 1356
1202 1355
1203 1358
1204 1356
1205 1355
1206 1355
1207 1356
1208 1356
1209 1357
1210 1355
1211 1355
1212 1354
1213 1356
1214 1353
1215 1355
1216 1354
1217 1356
1218 1356
1219 1353
1220 1355
1221 1354
1222 1353
1223 1356
1224 1357
1225 1357
1226 1356
1227 1356
1228 1355
1229 1356
1230 1357
1231 1357
1232 1356
1233 1356
1234 1357
1235 1357
1236 1357
1237 1355
1238 1358
1239 1357
1240 1358
1241 1356
1242 1356
1243 1354
1244 1357
1245 1353
1246 1356
1247 1350
1248 1353
1249 1353
1250 1355
1251 1354
1252 1356
1253 1357
1254 1356
1255 1353
1256 1356
1257 1354
1258 1355
1259 1354
1260 1357
1261 1358
1262 1355
1263 1357
1264 1356
1265 1355
1266 1357
1267 1354
1268 1356
1269 1355
1270 1358
1271 1355
1272 1358
1273 1357
1274 1358
1275 1356
1276 1356
1277 1355
1278 1355
1279 1357
1280 1355
1281 1357
1282 1356
1283 1355
1284 1359
1285 1356
1286 1356
1287 1357
1288 1356
1289 1358
1290 1356
1291 1354
1292 1354
1293 1357
1294 1355
1295 1354
1296 1356
1297 1356
1298 1359
1299 1355
1300 1355
1301 1356
1302 1357
1303 1356
1304 1356
1305 1355
1306 1356
1307 1357
1308 1355
1309 1355
1310 1354
1311 1360
1312 1354
1313 1353
1314 1355
1315 1355
1316 1357
1317 1354
1318 1354
1319 1355
1320 1358
1321 1357
1322 1356
1323 1357
1324 1356
1325 1357
1326 1355
1327 1353
1328 1354
1329 1356
1330 1355
1331 1357
1332 1357
1333 1353
1334 1355
1335 1356
1336 1357
1337 1359
1338 1357
1339 1357
1340 1356
1341 1357
1342 1356
1343 1356
1344 1352
1345 1351
1346 1356
1347 1356
1348 1355
1349 1356
1350 1353
1351 1357
1352 1357
1353 1354
1354 1355
1355 1356
1356 1353
1357 1357
1358 1357
1359 1358
1360 1354
1361 1355
1362 1354
1363 1356
1364 1354
1365 1356
1366 1356
1367 1357
1368 1357
1369 1356
1370 1356
1371 1356
1372 1356
1373 1355
1374 1355
1375 1354
1376 1356
1377 1358
1378 1355
1379 1356
1380 1355
1381 1357
1382 1358
1383 1358
1384 1355
1385 1354
1386 1353
1387 1356
1388 1355
1389 1356
1390 1357
1391 1358
1392 1358
1393 1355
1394 1353
1395 1356
1396 1355
1397 1356
1398 1355
1399 1357
1400 1355
1401 1356
1402 1356
1403 1354
1404 1357
1405 1358
1406 1355
1407 1358
1408 1356
1409 1356
1410 1355
1411 1358
1412 1355
1413 1355
1414 1355
1415 1357
1416 1356
1417 1356
1418 1354
1419 1356
1420 1357
1421 1356
1422 1356
1423 1357
1424 1354
1425 1356
1426 1355
1427 1357
1428 1356
1429 1355
1430 1356
1431 1354
1432 1357
1433 1357
1434 1354
1435 1356
1436 1354
1437 1355
1438 1356
1439 1355
1440 1355
1441 1358
1442 1354
1443 1356
1444 1356
1445 1355
1446 1356
1447 1357
1448 1357
1449 1355
1450 1355
1451 1357
1452 1358
1453 1357
1454 1356
1455 1356
1456 1356
1457 1356
1458 1355
1459 1357
1460 1356
1461 1356
1462 1357
1463 1357
1464 1356
1465 1356
1466 1354
1467 1355
1468 1354
1469 1356
1470 1355
1471 1355
1472 1356
1473 1355
1474 1354
1475 1356
1476 1355
1477 1357
1478 1357
1479 1354
1480 1351
1481 1354
1482 1357
1483 1356
1484 1357
1485 1357
1486 1356
1487 1356
1488 1356
1489 1354
1490 1355
1491 1357
1492 1354
1493 1354
1494 1353
1495 1352
1496 1353
1497 1357
1498 1354
1499 1354
1500 1355
1501 1357
1502 1357
1503 1355
1504 1354
1505 1352
1506 1355
1507 1353
1508 1356
1509 1356
1510 1354
1511 1355
1512 1356
1513 1355
1514 1356
1515 1352
1516 1354
1517 1359
1518 1359
1519 1354
1520 1356
1521 1355
1522 1358
1523 1355
1524 1354
1525 1355
1526 1355
1527 1352
1528 1353
1529 1354
1530 1356
1531 1356
1532 1357
1533 1355
1534 1358
1535 1351
1536 1353
1537 1356
1538 1359
1539 1355
1540 1355
1541 1354
1542 1359
1543 1360
1544 1355
1545 1355
1546 1356
1547 1357
1548 1354
1549 1355
1550 1354
1551 1354
1552 1358
1553 1353
1554 1355
1555 1355
1556 1353
1557 1354
1558 1356
1559 1355
1560 1354
1561 1356
1562 1356
1563 1359
1564 1356
1565 1355
1566 1356
1567 1356
1568 1355
1569 1356
1570 1353
1571 1355
1572 1354
1573 1351
1574 1355
1575 1354
1576 1356
1577 1352
1578 1357
1579 1355
1580 1356
1581 1354
1582 1354
1583 1353
1584 1356
1585 1355
1586 1356
1587 1356
1588 1358
1589 1355
1590 1356
1591 1356
1592 1356
1593 1356
1594 1354
1595 1354
1596 1356
1597 1358
1598 1358
1599 1357
1600 1356
1601 1355
1602 1356
1603 1356
1604 1355
1605 1353
1606 1353
1607 1356
1608 1357
1609 1357
1610 1354
1611 1356
1612 1355
1613 1353
1614 1357
1615 1355
1616 1353
1617 1356
1618 1352
1619 1356
1620 1354
1621 1354
1622 1357
1623 1357
1624 1356
1625 1353
1626 1353
1627 1354
1628 1355
1629 1354
1630 1356
1631 1355
1632 1355
1633 1358
1634 1355
1635 1357
1636 1356
1637 1355
1638 1355
1639 1355
1640 1357
1641 1357
1642 1357
1643 1355
1644 1354
1645 1355
1646 1358
1647 1357
1648 1354
1649 1355
1650 1356
1651 1354
1652 1355
1653 1354
1654 1354
1655 1359
1656 1356
1657 1356
1658 1352
1659 1356
1660 1357
1661 1355
1662 1355
1663 1355
1664 1354
1665 1357
1666 1356
1667 1357
1668 1355
1669 1355
1670 1353
1671 1357
1672 1355
1673 1352
1674 1353
1675 1355
1676 1356
1677 1355
1678 1354
1679 1355
1680 1354
1681 1356
1682 1356
1683 1357
1684 1356
1685 1357
1686 1356
1687 1357
1688 1354
1689 1355
1690 1356
1691 1356
1692 1353
1693 1355
1694 1354
1695 1350
1696 1355
1697 1360
1698 1357
1699 1355
1700 1356
1701 1356
1702 1355
1703 1356
1704 1354
1705 1355
1706 1355
1707 1353
1708 1355
1709 1355
1710 1355
1711 1356
1712 1356
1713 1356
1714 1356
1715 1355
1716 1355
1717 1354
1718 1355
1719 1358
1720 1354
1721 1353
1722 1356
1723 1360
1724 1358
1725 1353
1726 1356
1727 1355
1728 1356
1729 1354
1730 1354
1731 1357
1732 1356
1733 1355
1734 1354
1735 1354
1736 1357
1737 1357
1738 1355
1739 1355
1740 1356
1741 1355
1742 1356
1743 1355
1744 1353
1745 1352
1746 1357
1747 1356
1748 1355
1749 1351
1750 1358
1751 1357
1752 1356
1753 1355
1754 1356
1755 1357
1756 1357
1757 1355
1758 1357
1759 1355
1760 1357
1761 1357
1762 1357
1763 1354
1764 1355
1765 1353
1766 1354
1767 1356
1768 1357
1769 1354
1770 1355
1771 1354
1772 1354
1773 1357
1774 1353
1775 1354
1776 1354
1777 1355
1778 1354
1779 1352
1780 1356
1781 1355
1782 1355
1783 1355
1784 1354
1785 1355
1786 1356
1787 1355
1788 1353
1789 1355
1790 1356
1791 1357
1792 1355
1793 1353
1794 1354
1795 1354
1796 1354
1797 1354
1798 1353
1799 1355
1800 1354
1801 1354
1802 1353
1803 1355
1804 1354
1805 1355
1806 1357
1807 1355
1808 1355
1809 1355
1810 1357
1811 1357
1812 1356
1813 1358
1814 1357
1815 1356
1816 1353
1817 1356
1818 1356
1819 1355
1820 1354
1821 1355
1822 1356
1823 1356
1824 1355
1825 1355
1826 1354
1827 1356
1828 1355
1829 1355
1830 1356
1831 1355
1832 1354
1833 1356
1834 1355
1835 1357
1836 1354
1837 1357
1838 1356
1839 1353
1840 1357
1841 1358
1842 1354
1843 1355
1844 1355
1845 1355
1846 1358
1847 1358
1848 1355
1849 1354
1850 1355
1851 1354
1852 1357
1853 1356
1854 1355
1855 1357
1856 1354
1857 1355
1858 1354
1859 1355
1860 1354
1861 1354
1862 1354
1863 1355
1864 1355
1865 1355
1866 1355
1867 1357
1868 1356
1869 1356
1870 1355
1871 1354
1872 1356
1873 1357
1874 1358
1875 1355
1876 1355
1877 1355
1878 1358
1879 1354
1880 1355
1881 1358
1882 1356
1883 1357
1884 1354
1885 1357
1886 1354
1887 1354
1888 1355
1889 1356
1890 1355
1891 1359
1892 1354
1893 1357
1894 1354
1895 1355
1896 1356
1897 1355
1898 1356
1899 1355
1900 1356
1901 1355
1902 1357
1903 1354
1904 1352
1905 1356
1906 1356
1907 1357
1908 1358
1909 1356
1910 1358
1911 1358
1912 1355
1913 1356
1914 1356
1915 1356
1916 1356
1917 1354
1918 1355
1919 1356
1920 1355
1921 1357
1922 1354
1923 1352
1924 1354
1925 1355
1926 1356
1927 1357
1928 1355
1929 1357
1930 1355
1931 1355
1932 1356
1933 1358
1934 1355
1935 1358
1936 1353
1937 1357
1938 1356
1939 1357
1940 1356
1941 1359
1942 1357
1943 1355
1944 1356
1945 1354
1946 1357
1947 1355
1948 1356
1949 1359
1950 1357
1951 1358
1952 1354
1953 1353
1954 1356
1955 1356
1956 1356
1957 1355
1958 1354
1959 1354
1960 1356
1961 1357
1962 1355
1963 1357
1964 1356
1965 1357
1966 1356
1967 1355
1968 1355
1969 1356
1970 1356
1971 1357
1972 1356
1973 1357
1974 1354
1975 1355
1976 1356
1977 1356
1978 1355
1979 1354
1980 1354
1981 1356
1982 1354
1983 1357
1984 1355
1985 1356
1986 1356
1987 1356
1988 1353
1989 1355
1990 1356
1991 1354
1992 1353
1993 1355
1994 1354
1995 1355
1996 1355
1997 1359
1998 1357
1999 1356
2000 1355
2001 1354
2002 1355
2003 1356
2004 1355
2005 1357
2006 1355
2007 1356
2008 1354
2009 1357
2010 1355
2011 1355
2012 1357
2013 1354
2014 1355
2015 1352
2016 1353
2017 1357
2018 1355
2019 1354
2020 1356
2021 1354
2022 1353
2023 1355
2024 1355
2025 1357
2026 1353
2027 1355
2028 1356
2029 1359
2030 1356
2031 1354
2032 1356
2033 1358
2034 1357
2035 1358
2036 1357
2037 1356
2038 1356
2039 1355
2040 1356
2041 1357
2042 1357
2043 1357
2044 1356
2045 1356
2046 1355
2047 1355
2048 1355
2049 1357
2050 1355
2051 1357
2052 1358
2053 1354
2054 1355
2055 1354
2056 1358
2057 1357
2058 1359
2059 1356
2060 1353
2061 1355
2062 1359
2063 1357
2064 1357
2065 1357
2066 1359
2067 1355
2068 1356
2069 1356
2070 1359
2071 1356
2072 1356
2073 1356
2074 1352
2075 1353
2076 1357
2077 1355
2078 1357
2079 1355
2080 1356
2081 1355
2082 1356
2083 1354
2084 1353
2085 1353
2086 1354
2087 1356
2088 1356
2089 1352
2090 1357
2091 1357
2092 1361
2093 1357
2094 1354
2095 1355
2096 1355
2097 1355
2098 1356
2099 1356
2100 1356
2101 1356
2102 1356
2103 1355
2104 1354
2105 1355
2106 1355
2107 1353
2108 1356
2109 1356
2110 1355
2111 1355
2112 1355
2113 1354
2114 1356
2115 1354
2116 1355
2117 1356
2118 1357
2119 1356
2120 1354
2121 1355
2122 1358
2123 1355
2124 1354
2125 1354
2126 1355
2127 1357
2128 1356
2129 1354
2130 1356
2131 1356
2132 1356
2133 1353
2134 1355
2135 1354
2136 1356
2137 1355
2138 1355
2139 1354
2140 1357
2141 1355
2142 1355
2143 1355
2144 1355
2145 1357
2146 1356
2147 1356
2148 1357
2149 1357
2150 1355
2151 1356
2152 1356
2153 1354
2154 1355
2155 1356
2156 1355
2157 1355
2158 1358
2159 1357
2160 1354
2161 1355
2162 1352
2163 1353
2164 1355
2165 1357
2166 1356
2167 1352
2168 1354
2169 1355
2170 1354
2171 1356
2172 1356
2173 1352
2174 1355
2175 1356
2176 1354
2177 1355
2178 1357
2179 1353
2180 1356
2181 1358
2182 1356
2183 1355
2184 1355
2185 1356
2186 1356
2187 1355
2188 1355
2189 1355
2190 1356
2191 1354
2192 1357
2193 1352
2194 1352
2195 1357
2196 1357
2197 1355
2198 1356
2199 1357
2200 1356
2201 1356
2202 1354
2203 1355
2204 1356
2205 1355
2206 1355
2207 1356
2208 1355
2209 1354
2210 1356
2211 1356
2212 1353
2213 1356
2214 1357
2215 1356
2216 1354
2217 1358
2218 1355
2219 1355
2220 1354
2221 1355
2222 1354
2223 1355
2224 1352
2225 1353
2226 1354
2227 1354
2228 1356
2229 1355
2230 1355
2231 1353
2232 1355
2233 1356
2234 1356
2235 1354
2236 1353
2237 1355
2238 1354
2239 1353
2240 1353
2241 1355
2242 1354
2243 1354
2244 1357
2245 1354
2246 1355
2247 1353
2248 1356
2249 1355
2250 1356
2251 1355
2252 1354
2253 1355
2254 1354
2255 1355
2256 1353
2257 1356
2258 1356
2259 1356
2260 1353
2261 1356
2262 1354
2263 1356
2264 1356
2265 1355
2266 1357
2267 1359
2268 1356
2269 1355
2270 1355
2271 1357
2272 1356
2273 1355
2274 1355
2275 1357
2276 1354
2277 1357
2278 1357
2279 1354
2280 1353
2281 1357
2282 1356
2283 1353
2284 1355
2285 1358
2286 1358
2287 1355
2288 1354
2289 1357
2290 1356
2291 1354
2292 1356
2293 1354
2294 1356
2295 1353
2296 1354
2297 1355
2298 1353
2299 1356
2300 1356
2301 1353
2302 1354
2303 1352
2304 1353
2305 1355
2306 1355
2307 1353
2308 1354
2309 1353
2310 1352
2311 1355
2312 1357
2313 1353
2314 1355
2315 1355
2316 1357
2317 1353
2318 1356
2319 1354
2320 1354
2321 1352
2322 1355
2323 1353
2324 1353
2325 1356
2326 1356
2327 1352
2328 1355
2329 1353
2330 1353
2331 1355
2332 1353
2333 1357
2334 1357
2335 1355
2336 1357
2337 1356
2338 1355
2339 1355
2340 1353
2341 1356
2342 1354
2343 1353
2344 1354
2345 1355
2346 1356
2347 1356
2348 1355
2349 1355
2350 1358
2351 1356
2352 1355
2353 1352
2354 1353
2355 1356
2356 1355
2357 1357
2358 1355
2359 1355
2360 1354
2361 1355
2362 1355
2363 1356
2364 1353
2365 1356
2366 1353
2367 1354
2368 1355
2369 1357
2370 1354
2371 1357
2372 1355
2373 1355
2374 1353
2375 1356
2376 1356
2377 1354
2378 1356
2379 1357
2380 1358
2381 1356
2382 1352
2383 1353
2384 1352
2385 1354
2386 1353
2387 1357
2388 1355
2389 1354
2390 1353
2391 1355
2392 1355
2393 1356
2394 1354
2395 1356
2396 1354
2397 1356
2398 1355
2399 1355
2400 1354
2401 1354
2402 1353
2403 1355
2404 1356
2405 1354
2406 1356
2407 1356
2408 1355
2409 1355
2410 1355
2411 1354
2412 1352
2413 1353
2414 1353
2415 1355
2416 1355
2417 1357
2418 1356
2419 1356
2420 1353
2421 1357
2422 1354
2423 1358
2424 1352
2425 1357
2426 1355
2427 1357
2428 1355
2429 1357
2430 1355
2431 1356
2432 1356
2433 1356
2434 1352
2435 1356
2436 1355
2437 1357
2438 1354
2439 1356
2440 1354
2441 1356
2442 1353
2443 1353
2444 1352
2445 1355
2446 1352
2447 1357
2448 1353
2449 1355
2450 1352
2451 1356
2452 1353
2453 1357
2454 1354
2455 1352
2456 1353
2457 1356
2458 1354
2459 1355
2460 1353
2461 1356
2462 1353
2463 1354
2464 1351
2465 1354
2466 1355
2467 1359
2468 1352
2469 1354
2470 1355
2471 1355
2472 1354
2473 1356
2474 1354
2475 1354
2476 1356
2477 1355
2478 1353
2479 1355
2480 1354
2481 1355
2482 1355
2483 1352
2484 1354
2485 1356
2486 1354
2487 1355
2488 1352
2489 1355
2490 1356
2491 1354
2492 1355
2493 1355
2494 1355
2495 1355
2496 1353
2497 1355
2498 1353
2499 1354
2500 1353
2501 1354
2502 1355
2503 1356
2504 1355
2505 1354
2506 1354
2507 1354
2508 1353
2509 1356
2510 1355
2511 1356
2512 1355
2513 1352
2514 1353
2515 1354
2516 1354
2517 1355
2518 1352
2519 1353
2520 1353
2521 1357
2522 1355
2523 1356
2524 1355
2525 1357
2526 1355
2527 1357
2528 1356
2529 1356
2530 1355
2531 1355
2532 1354
2533 1353
2534 1353
2535 1355
2536 1356
2537 1356
2538 1353
2539 1354
2540 1356
2541 1358
2542 1354
2543 1355
2544 1356
2545 1357
2546 1353
2547 1352
2548 1352
2549 1355
2550 1355
2551 1357
2552 1355
2553 1353
2554 1356
2555 1356
2556 1356
2557 1356
2558 1355
2559 1356
2560 1356
2561 1354
2562 1353
2563 1351
2564 1355
2565 1356
2566 1353
2567 1354
2568 1355
2569 1355
2570 1354
2571 1354
2572 1357
2573 1358
2574 1356
2575 1353
2576 1355
2577 1355
2578 1352
2579 1355
2580 1355
2581 1357
2582 1353
2583 1357
2584 1355
2585 1357
2586 1356
2587 1354
2588 1356
2589 1353
2590 1352
2591 1357
2592 1356
2593 1356
2594 1356
2595 1353
2596 1356
2597 1357
2598 1354
2599 1352
2600 1353
2601 1356
2602 1355
2603 1353
2604 1354
2605 1352
2606 1354
2607 1354
2608 1355
2609 1355
2610 1356
2611 1354
2612 1355
2613 1355
2614 1354
2615 1353
2616 1357
2617 1354
2618 1356
2619 1353
2620 1356
2621 1352
2622 1353
2623 1353
2624 1354
2625 1354
2626 1355
2627 1355
2628 1353
2629 1354
2630 1356
2631 1354
2632 1352
2633 1354
2634 1355
2635 1356
2636 1353
2637 1354
2638 1354
2639 1356
2640 1356
2641 1357
2642 1356
2643 1354
2644 1355
2645 1355
2646 1355
2647 1353
2648 1356
2649 1353
2650 1354
2651 1355
2652 1356
2653 1352
2654 1351
2655 1353
2656 1352
2657 1353
2658 1354
2659 1353
2660 1353
2661 1355
2662 1353
2663 1357
2664 1356
2665 1353
2666 1353
2667 1354
2668 1357
2669 1353
2670 1355
2671 1355
2672 1356
2673 1358
2674 1357
2675 1354
2676 1354
2677 1355
2678 1353
2679 1353
2680 1355
2681 1356
2682 1356
2683 1354
2684 1355
2685 1355
2686 1356
2687 1355
2688 1356
2689 1356
2690 1357
2691 1356
2692 1357
2693 1353
2694 1355
2695 1353
2696 1356
2697 1355
2698 1355
2699 1353
2700 1353
2701 1355
2702 1356
2703 1356
2704 1356
2705 1352
2706 1354
2707 1355
2708 1353
2709 1352
2710 1355
2711 1357
2712 1355
2713 1354
2714 1353
2715 1354
2716 1354
2717 1358
2718 1355
2719 1353
2720 1355
2721 1354
2722 1353
2723 1350
2724 1353
2725 1355
2726 1354
2727 1353
2728 1357
2729 1354
2730 1354
2731 1357
2732 1354
2733 1354
2734 1356
2735 1357
2736 1356
2737 1353
2738 1355
2739 1353
2740 1354
2741 1352
2742 1353
2743 1355
2744 1356
2745 1354
2746 1354
2747 1354
2748 1355
2749 1355
2750 1354
2751 1353
2752 1353
2753 1354
2754 1354
2755 1353
2756 1351
2757 1355
2758 1357
2759 1355
2760 1352
2761 1357
2762 1356
2763 1356
2764 1354
2765 1354
2766 1355
2767 1354
2768 1354
2769 1354
2770 1354
2771 1356
2772 1355
2773 1356
2774 1353
2775 1355
2776 1356
2777 1354
2778 1352
2779 1351
2780 1354
2781 1357
2782 1353
2783 1356
2784 1353
2785 1357
2786 1356
2787 1355
2788 1354
2789 1356
2790 1354
2791 1356
2792 1355
2793 1356
2794 1356
2795 1357
2796 1355
2797 1355
2798 1355
2799 1354
2800 1354
2801 1357
2802 1357
2803 1358
2804 1355
2805 1357
2806 1356
2807 1355
2808 1354
2809 1355
2810 1355
2811 1356
2812 1354
2813 1353
2814 1353
2815 1351
2816 1354
2817 1358
2818 1355
2819 1357
2820 1355
2821 1357
2822 1356
2823 1356
2824 1354
2825 1357
2826 1355
2827 1356
2828 1351
2829 1357
2830 1354
2831 1355
2832 1354
2833 1356
2834 1353
2835 1353
2836 1354
2837 1355
2838 1355
2839 1357
2840 1356
2841 1357
2842 1354
2843 1356
2844 1355
2845 1356
2846 1356
2847 1358
2848 1354
2849 1354
2850 1353
2851 1357
2852 1357
2853 1356
2854 1357
2855 1357
2856 1356
2857 1358
2858 1356
2859 1356
2860 1354
2861 1355
2862 1354
2863 1353
2864 1355
2865 1358
2866 1354
2867 1355
2868 1355
2869 1354
2870 1354
2871 1354
2872 1352
2873 1353
2874 1354
2875 1356
2876 1353
2877 1356
2878 1352
2879 1354
2880 1356
2881 1356
2882 1354
2883 1357
2884 1355
2885 1357
2886 1355
2887 1356
2888 1356
2889 1356
2890 1356
2891 1356
2892 1353
2893 1354
2894 1355
2895 1355
2896 1354
2897 1355
2898 1356
2899 1357
2900 1355
2901 1355
2902 1352
2903 1356
2904 1354
2905 1353
2906 1355
2907 1354
2908 1354
2909 1354
2910 1354
2911 1359
2912 1355
2913 1355
2914 1356
2915 1356
2916 1356
2917 1355
2918 1355
2919 1354
2920 1353
2921 1354
2922 1352
2923 1354
2924 1354
2925 1356
2926 1355
2927 1352
2928 1354
2929 1356
2930 1356
2931 1355
2932 1356
2933 1355
2934 1356
2935 1355
2936 1357
2937 1356
2938 1355
2939 1357
2940 1357
2941 1355
2942 1354
2943 1354
2944 1355
2945 1355
2946 1357
2947 1356
2948 1354
2949 1353
2950 1356
2951 1356
2952 1353
2953 1352
2954 1353
2955 1356
2956 1356
2957 1356
2958 1350
2959 1353
2960 1354
2961 1357
2962 1354
2963 1355
2964 1353
2965 1356
2966 1354
2967 1353
2968 1351
2969 1353
2970 1356
2971 1353
2972 1353
2973 1355
2974 1356
2975 1358
2976 1355
2977 1354
2978 1354
2979 1354
2980 1354
2981 1357
2982 1352
2983 1355
2984 1358
2985 1356
2986 1356
2987 1354
2988 1354
2989 1356
2990 1354
2991 1357
2992 1353
2993 1355
2994 1357
2995 1356
2996 1355
2997 1357
2998 1355
2999 1354
3000 1356
3001 1355
3002 1355
3003 1354
3004 1354
3005 1357
3006 1358
3007 1356
3008 1355
3009 1355
3010 1356
3011 1357
3012 1357
3013 1354
3014 1355
3015 1355
3016 1356
3017 1355
3018 1353
3019 1354
3020 1351
3021 1355
3022 1355
3023 1354
3024 1355
3025 1354
3026 1354
3027 1356
3028 1354
3029 1355
3030 1354
3031 1355
3032 1356
3033 1357
3034 1356
3035 1357
3036 1355
3037 1356
3038 1355
3039 1355
3040 1355
3041 1356
3042 1356
3043 1356
3044 1355
3045 1357
3046 1355
3047 1356
3048 1358
3049 1355
3050 1355
3051 1356
3052 1354
3053 1354
3054 1355
3055 1355
3056 1354
3057 1355
3058 1357
3059 1356
3060 1357
3061 1357
3062 1354
3063 1354
3064 1356
3065 1354
3066 1355
3067 1356
3068 1355
3069 1356
3070 1352
3071 1354
3072 1358
3073 1357
3074 1356
3075 1357
3076 1357
3077 1356
3078 1355
3079 1352
3080 1353
3081 1357
3082 1356
3083 1357
3084 1353
3085 1356
3086 1355
3087 1359
3088 1354
3089 1355
3090 1356
3091 1357
3092 1356
3093 1357
3094 1356
3095 1356
3096 1356
3097 1359
3098 1353
3099 1359
3100 1356
3101 1357
3102 1355
3103 1356
3104 1355
3105 1354
3106 1356
3107 1357
3108 1356
3109 1357
3110 1353
3111 1356
3112 1357
3113 1353
3114 1356
3115 1354
3116 1355
3117 1353
3118 1353
3119 1356
3120 1355
3121 1354
3122 1354
3123 1354
3124 1353
3125 1354
3126 1354
3127 1355
3128 1356
3129 1355
3130 1355
3131 1354
3132 1356
3133 1355
3134 1356
3135 1356
3136 1356
3137 1351
3138 1355
3139 1355
3140 1356
3141 1358
3142 1356
3143 1357
3144 1355
3145 1356
3146 1355
3147 1354
3148 1354
3149 1354
3150 1353
3151 1355
3152 1355
3153 1356
3154 1356
3155 1357
3156 1356
3157 1356
3158 1353
3159 1354
3160 1354
3161 1356
3162 1355
3163 1357
3164 1356
3165 1352
3166 1355
3167 1356
3168 1354
3169 1355
3170 1356
3171 1356
3172 1354
3173 1357
3174 1356
3175 1354
3176 1353
3177 1357
3178 1353
3179 1355
3180 1353
3181 1354
3182 1353
3183 1355
3184 1351
3185 1354
3186 1353
3187 1357
3188 1354
3189 1355
3190 1356
3191 1356
3192 1355
3193 1352
3194 1351
3195 1355
3196 1353
3197 1356
3198 1355
3199 1356
3200 1353
3201 1355
3202 1355
3203 1354
3204 1356
3205 1354
3206 1355
3207 1357
3208 1356
3209 1356
3210 1354
3211 1357
3212 1356
3213 1355
3214 1355
3215 1353
3216 1355
3217 1353
3218 1357
3219 1357
3220 1355
3221 1357
3222 1356
3223 1357
3224 1356
3225 1356
3226 1357
3227 1356
3228 1356
3229 1356
3230 1352
3231 1358
3232 1356
3233 1357
3234 1354
3235 1358
3236 1353
3237 1354
3238 1353
3239 1354
3240 1355
3241 1354
3242 1354
3243 1357
3244 1354
3245 1356
3246 1353
3247 1357
3248 1354
3249 1355
3250 1355
3251 1354
3252 1354
3253 1357
3254 1354
3255 1357
3256 1352
3257 1354
3258 1353
3259 1355
3260 1354
3261 1357
3262 1356
3263 1355
3264 1353
3265 1351
3266 1356
3267 1357
3268 1354
3269 1353
3270 1353
3271 1354
3272 1354
3273 1354
3274 1355
3275 1357
3276 1355
3277 1357
3278 1354
3279 1356
3280 1355
3281 1356
3282 1355
3283 1355
3284 1355
3285 1356
3286 1355
3287 1357
3288 1355
3289 1356
3290 1354
3291 1357
3292 1355
3293 1354
3294 1351
3295 1353
3296 1354
3297 1355
3298 1353
3299 1355
3300 1356
3301 1357
3302 1356
3303 1354
3304 1355
3305 1353
3306 1353
3307 1357
3308 1355
3309 1355
3310 1356
3311 1356
3312 1356
3313 1356
3314 1356
3315 1357
3316 1356
3317 1357
3318 1356
3319 1354
3320 1353
3321 1355
3322 1353
3323 1355
3324 1355
3325 1352
3326 1355
3327 1357
3328 1354
3329 1351
3330 1354
3331 1356
3332 1357
3333 1354
3334 1356
3335 1353
3336 1354
3337 1356
3338 1355
3339 1355
3340 1356
3341 1354
3342 1355
3343 1355
3344 1354
3345 1353
3346 1357
3347 1354
3348 1357
3349 1356
3350 1356
3351 1354
3352 1355
3353 1354
3354 1355
3355 1354
3356 1353
3357 1357
3358 1356
3359 1355
3360 1353
3361 1353
3362 1356
3363 1356
3364 1356
3365 1357
3366 1354
3367 1356
3368 1353
3369 1355
3370 1356
3371 1354
3372 1356
3373 1356
3374 1356
3375 1354
3376 1355
3377 1357
3378 1356
3379 1357
3380 1356
3381 1356
3382 1357
3383 1356
3384 1356
3385 1357
3386 1356
3387 1355
3388 1355
3389 1354
3390 1355
3391 1357
3392 1357
3393 1355
3394 1354
3395 1355
3396 1356
3397 1355
3398 1354
3399 1355
3400 1356
3401 1356
3402 1353
3403 1356
3404 1354
3405 1356
3406 1355
3407 1357
3408 1355
3409 1354
3410 1356
3411 1357
3412 1355
3413 1357
3414 1355
3415 1354
3416 1355
3417 1356
3418 1354
3419 1355
3420 1355
3421 1356
3422 1355
3423 1355
3424 1354
3425 1353
3426 1354
3427 1357
3428 1356
3429 1357
3430 1356
3431 1355
3432 1354
3433 1357
3434 1355
3435 1356
3436 1353
3437 1356
3438 1354
3439 1356
3440 1357
3441 1357
3442 1353
3443 1354
3444 1356
3445 1357
3446 1355
3447 1355
3448 1356
3449 1356
3450 1355
3451 1354
3452 1355
3453 1353
3454 1359
3455 1358
3456 1356
3457 1355
3458 1354
3459 1356
3460 1358
3461 1358
3462 1355
3463 1356
3464 1356
3465 1357
3466 1352
3467 1356
3468 1354
3469 1357
3470 1356
3471 1353
3472 1356
3473 1358
3474 1353
3475 1357
3476 1353
3477 1353
3478 1351
3479 1353
3480 1354
3481 1353
3482 1355
3483 1353
3484 1354
3485 1356
3486 1355
3487 1353
3488 1355
3489 1357
3490 1352
3491 1356
3492 1355
3493 1355
3494 1355
3495 1357
3496 1357
3497 1356
3498 1357
3499 1358
3500 1356
3501 1357
3502 1355
3503 1357
3504 1356
3505 1356
3506 1354
3507 1354
3508 1355
3509 1354
3510 1355
3511 1357
3512 1353
3513 1353
3514 1355
3515 1355
3516 1356
3517 1354
3518 1353
3519 1353
3520 1352
3521 1355
3522 1353
3523 1357
3524 1354
3525 1356
3526 1353
3527 1357
3528 1356
3529 1355
3530 1353
3531 1354
3532 1354
3533 1354
3534 1354
3535 1356
3536 1358
3537 1356
3538 1356
3539 1356
3540 1358
3541 1355
3542 1357
3543 1356
3544 1357
3545 1353
3546 1353
3547 1355
3548 1356
3549 1355
3550 1355
3551 1357
3552 1355
3553 1355
3554 1354
3555 1355
3556 1352
3557 1354
3558 1356
3559 1355
3560 1353
3561 1355
3562 1357
3563 1354
3564 1353
3565 1352
3566 1354
3567 1355
3568 1354
3569 1355
3570 1353
3571 1356
3572 1354
3573 1352
3574 1353
3575 1357
3576 1355
3577 1357
3578 1355
3579 1356
3580 1357
3581 1358
3582 1355
3583 1356
3584 1355
3585 1357
3586 1354
3587 1356
3588 1354
3589 1357
3590 1356
3591 1356
3592 1355
3593 1357
3594 1357
3595 1357
3596 1356
3597 1354
3598 1356
3599 1353
3600 1355
3601 1354
3602 1356
3603 1351
3604 1353
3605 1354
3606 1354
3607 1355
3608 1354
3609 1354
3610 1356
3611 1357
3612 1353
3613 1355
3614 1356
3615 1357
3616 1357
3617 1353
3618 1356
3619 1357
3620 1356
3621 1357
3622 1355
3623 1357
3624 1356
3625 1355
3626 1355
3627 1357
3628 1354
3629 1354
3630 1354
3631 1354
3632 1354
3633 1354
3634 1355
3635 1357
3636 1355
3637 1355
3638 1354
3639 1355
3640 1354
3641 1354
3642 1354
3643 1357
3644 1355
3645 1355
3646 1353
3647 1356
3648 1353
3649 1356
3650 1356
3651 1355
3652 1355
3653 1354
3654 1354
3655 1356
3656 1356
3657 1354
3658 1356
3659 1356
3660 1354
3661 1356
3662 1353
3663 1356
3664 1355
3665 1359
3666 1360
3667 1358
3668 1355
3669 1357
3670 1356
3671 1355
3672 1356
3673 1357
3674 1357
3675 1353
3676 1356
3677 1356
3678 1355
3679 1357
3680 1357
3681 1356
3682 1357
3683 1356
3684 1356
3685 1357
3686 1355
3687 1355
3688 1356
3689 1356
3690 1356
3691 1354
3692 1353
3693 1352
3694 1352
3695 1357
3696 1355
3697 1355
3698 1356
3699 1353
3700 1356
3701 1355
3702 1355
3703 1357
3704 1356
3705 1353
3706 1355
3707 1356
3708 1356
3709 1355
3710 1356
3711 1356
3712 1357
3713 1357
3714 1356
3715 1355
3716 1357
3717 1353
3718 1354
3719 1354
3720 1355
3721 1358
3722 1354
3723 1356
3724 1355
3725 1355
3726 1356
3727 1356
3728 1352
3729 1355
3730 1354
3731 1355
3732 1354
3733 1355
3734 1355
3735 1358
3736 1356
3737 1359
3738 1357
3739 1355
3740 1357
3741 1357
3742 1355
3743 1355
3744 1356
3745 1358
3746 1356
3747 1353
3748 1355
3749 1356
3750 1356
3751 1357
3752 1356
3753 1355
3754 1356
3755 1355
3756 1356
3757 1357
3758 1356
3759 1355
3760 1355
3761 1354
3762 1356
3763 1355
3764 1354
3765 1358
3766 1357
3767 1355
3768 1356
3769 1356
3770 1356
3771 1355
3772 1355
3773 1354
3774 1358
3775 1357
3776 1357
3777 1354
3778 1356
3779 1354
3780 1356
3781 1354
3782 1357
3783 1356
3784 1358
3785 1355
3786 1356
3787 1355
3788 1353
3789 1356
3790 1356
3791 1357
3792 1356
3793 1354
3794 1356
3795 1358
3796 1356
3797 1354
3798 1352
3799 1357
3800 1354
3801 1353
3802 1356
3803 1351
3804 1357
3805 1357
3806 1356
3807 1355
3808 1357
3809 1357
3810 1356
3811 1355
3812 1355
3813 1355
3814 1354
3815 1356
3816 1354
3817 1357
3818 1356
3819 1355
3820 1354
3821 1353
3822 1356
3823 1358
3824 1356
3825 1357
3826 1356
3827 1356
3828 1355
3829 1356
3830 1356
3831 1356
3832 1356
3833 1354
3834 1354
3835 1358
3836 1356
3837 1356
3838 1354
3839 1353
3840 1353
3841 1357
3842 1353
3843 1356
3844 1355
3845 1355
3846 1355
3847 1354
3848 1355
3849 1355
3850 1355
3851 1358
3852 1355
3853 1358
3854 1357
3855 1355
3856 1357
3857 1357
3858 1355
3859 1356
3860 1355
3861 1354
3862 1355
3863 1354
3864 1354
3865 1356
3866 1356
3867 1354
3868 1355
3869 1356
3870 1356
3871 1354
3872 1356
3873 1357
3874 1356
3875 1355
3876 1355
3877 1355
3878 1355
3879 1356
3880 1355
3881 1355
3882 1355
3883 1355
3884 1354
3885 1356
3886 1354
3887 1355
3888 1355
3889 1354
3890 1354
3891 1356
3892 1356
3893 1356
3894 1355
3895 1353
3896 1356
3897 1357
3898 1354
3899 1357
3900 1355
3901 1355
3902 1356
3903 1355
3904 1356
3905 1356
3906 1353
3907 1357
3908 1353
3909 1357
3910 1355
3911 1356
3912 1355
3913 1354
3914 1355
3915 1353
3916 1356
3917 1357
3918 1356
3919 1356
3920 1355
3921 1358
3922 1357
3923 1358
3924 1357
3925 1357
3926 1356
3927 1357
3928 1355
3929 1356
3930 1356
3931 1353
3932 1355
3933 1357
3934 1355
3935 1356
3936 1357
3937 1357
3938 1355
3939 1357
3940 1355
3941 1356
3942 1354
3943 1357
3944 1354
3945 1357
3946 1354
3947 1355
3948 1356
3949 1354
3950 1354
3951 1355
3952 1358
3953 1357
3954 1356
3955 1355
3956 1355
3957 1354
3958 1354
3959 1355
3960 1354
3961 1353
3962 1355
3963 1354
3964 1353
3965 1355
3966 1353
3967 1356
3968 1354
3969 1354
3970 1353
3971 1355
3972 1352
3973 1355
3974 1353
3975 1357
3976 1354
3977 1352
3978 1354
3979 1356
3980 1357
3981 1356
3982 1356
3983 1356
3984 1355
3985 1357
3986 1355
3987 1356
3988 1355
3989 1353
3990 1356
3991 1357
3992 1356
3993 1356
3994 1355
3995 1353
3996 1356
3997 1357
3998 1354
3999 1353
