0 1357
1 1354
2 1358
3 1354
4 1358
5 1354
6 1358
7 1357
8 1357
9 1355
10 1357
11 1356
12 1358
13 1358
14 1356
15 1354
16 1357
17 1356
18 1360
19 1353
20 1356
21 1354
22 1357
23 1355
24 1353
25 1355
26 1354
27 1357
28 1356
29 1354
30 1352
31 1355
32 1359
33 1358
34 1356
35 1356
36 1356
37 1357
38 1358
39 1356
40 1354
41 1352
42 1357
43 1355
44 1357
45 1356
46 1359
47 1358
48 1357
49 1354
50 1353
51 1354
52 1356
53 1356
54 1356
55 1356
56 1353
57 1357
58 1355
59 1357
60 1352
61 1354
62 1358
63 1356
64 1354
65 1356
66 1358
67 1358
68 1355
69 1356
70 1357
71 1358
72 1358
73 1356
74 1356
75 1356
76 1356
77 1357
78 1357
79 1355
80 1355
81 1354
82 1355
83 1356
84 1355
85 1356
86 1356
87 1357
88 1354
89 1354
90 1354
91 1356
92 1353
93 1353
94 1356
95 1356
96 1355
97 1356
98 1355
99 1354
100 1354
101 1358
102 1355
103 1357
104 1356
105 1355
106 1353
107 1356
108 1353
109 1355
110 1357
111 1357
112 1356
113 1356
114 1356
115 1357
116 1356
117 1356
118 1354
119 1358
120 1354
121 1356
122 1352
123 1353
124 1353
125 1354
126 1358
127 1356
128 1357
129 1355
130 1354
131 1356
132 1356
133 1356
134 1355
135 1358
136 1355
137 1357
138 1356
139 1356
140 1355
141 1355
142 1355
143 1358
144 1354
145 1352
146 1354
147 1355
148 1356
149 1355
150 1354
151 1357
152 1357
153 1354
154 1353
155 1355
156 1357
157 1353
158 1355
159 1355
160 1355
161 1355
162 1354
163 1355
164 1355
165 1354
166 1355
167 1356
168 1355
169 1357
170 1357
171 1355
172 1357
173 1354
174 1356
175 1354
176 1355
177 1357
178 1355
179 1355
180 1353
181 1354
182 1355
183 1354
184 1353
185 1356
186 1357
187 1358
188 1355
189 1356
190 1353
191 1355
192 1355
193 1355
194 1356
195 1355
196 1357
197 1357
198 1356
199 1357
200 1355
201 1356
202 1356
203 1356
204 1355
205 1353
206 1354
207 1354
208 1357
209 1357
210 1353
211 1357
212 1359
213 1359
214 1355
215 1355
216 1353
217 1359
218 1355
219 1353
220 1353
221 1355
222 1357
223 1357
224 1355
225 1354
226 1358
227 1356
228 1356
229 1355
230 1354
231 1355
232 1351
233 1356
234 1356
235 1358
236 1355
237 1356
238 1357
239 1356
240 1355
241 1357
242 1356
243 1356
244 1355
245 1356
246 1355
247 1354
248 1353
249 1357
250 1355
251 1357
252 1357
253 1358
254 1357
255 1358
256 1354
257 1359
258 1356
259 1355
260 1355
261 1355
262 1356
263 1356
264 1353
265 1353
266 1356
267 1355
268 1353
269 1357
270 1356
271 1357
272 1355
273 1356
274 1353
275 1357
276 1352
277 1357
278 1355
279 1356
280 1356
281 1359
282 1357
283 1359
284 1358
285 1358
286 1356
287 1358
288 1356
289 1356
290 1356
291 1358
292 1357
293 1358
294 1354
295 1356
296 1357
297 1356
298 1357
299 1357
300 1356
301 1356
302 1353
303 1356
304 1357
305 1355
306 1357
307 1358
308 1358
309 1355
310 1354
311 1357
312 1355
313 1356
314 1359
315 1360
316 1357
317 1357
318 1355
319 1358
320 1355
321 1358
322 1356
323 1357
324 1356
325 1357
326 1355
327 1357
328 1354
329 1357
330 1355
331 1356
332 1357
333 1357
334 1355
335 1356
336 1355
337 1356
338 1354
339 1355
340 1358
341 1357
342 1357
343 1356
344 1355
345 1354
346 1355
347 1355
348 1357
349 1358
350 1356
351 1355
352 1356
353 1356
354 1355
355 1358
356 1358
357 1357
358 1355
359 1356
360 1353
361 1352
362 1356
363 1355
364 1355
365 1358
366 1356
367 1357
368 1354
369 1355
370 1353
371 1353
372 1354
373 1354
374 1354
375 1354
376 1355
377 1356
378 1353
379 1353
380 1354
381 1354
382 1357
383 1355
384 1357
385 1355
386 1357
387 1355
388 1356
389 1358
390 1357
391 1357
392 1359
393 1355
394 1355
395 1353
396 1356
397 1356
398 1354
399 1355
400 1353
401 1356
402 1354
403 1356
404 1354
405 1356
406 1355
407 1356
408 1355
409 1356
410 1355
411 1356
412 1355
413 1357
414 1354
415 1357
416 1356
417 1355
418 1357
419 1356
420 1354
421 1355
422 1353
423 1355
424 1355
425 1355
426 1355
427 1356
428 1357
429 1356
430 1354
431 1357
432 1355
433 1356
434 1355
435 1356
436 1358
437 1356
438 1358
439 1357
440 1358
441 1357
442 1356
443 1356
444 1357
445 1358
446 1357
447 1358
448 1357
449 1358
450 1357
451 1358
452 1356
453 1353
454 1354
455 1357
456 1356
457 1356
458 1355
459 1359
460 1356
461 1356
462 1358
463 1356
464 1354
465 1355
466 1355
467 1355
468 1357
469 1354
470 1356
471 1358
472 1357
473 1354
474 1356
475 1354
476 1359
477 1356
478 1356
479 1357
480 1354
481 1357
482 1354
483 1356
484 1352
485 1357
486 1357
487 1358
488 1355
489 1354
490 1355
491 1356
492 1356
493 1359
494 1359
495 1357
496 1355
497 1357
498 1355
499 1357
500 1357
501 1356
502 1355
503 1355
504 1356
505 1353
506 1357
507 1357
508 1358
509 1356
510 1357
511 1357
512 1352
513 1355
514 1356
515 1356
516 1355
517 1357
518 1354
519 1354
520 1353
521 1355
522 1354
523 1353
524 1357
525 1356
526 1356
527 1360
528 1357
529 1357
530 1357
531 1359
532 1357
533 1360
534 1360
535 1366
536 1372
537 1380
538 1393
539 1411
540 1435
541 1462
542 1494
543 1528
544 1560
545 1596
546 1632
547 1671
548 1702
549 1735
550 1760
551 1786
552 1805
553 1826
554 1835
555 1849
556 1858
557 1863
558 1864
559 1860
560 1857
561 1854
562 1845
563 1831
564 1814
565 1795
566 1779
567 1761
568 1744
569 1727
570 1711
571 1699
572 1678
573 1657
574 1638
575 1620
576 1606
577 1593
578 1578
579 1568
580 1551
581 1541
582 1527
583 1517
584 1507
585 1500
586 1488
587 1483
588 1473
589 1468
590 1458
591 1452
592 1443
593 1440
594 1433
595 1427
596 1421
597 1418
598 1413
599 1408
600 1405
601 1400
602 1400
603 1398
604 1397
605 1391
606 1389
607 1388
608 1384
609 1381
610 1381
611 1380
612 1377
613 1375
614 1373
615 1373
616 1376
617 1373
618 1374
619 1370
620 1371
621 1368
622 1366
623 1367
624 1366
625 1366
626 1368
627 1366
628 1362
629 1363
630 1367
631 1366
632 1365
633 1365
634 1363
635 1360
636 1362
637 1361
638 1361
639 1362
640 1359
641 1361
642 1361
643 1358
644 1359
645 1357
646 1358
647 1360
648 1359
649 1360
650 1360
651 1359
652 1358
653 1359
654 1360
655 1363
656 1361
657 1359
658 1359
659 1358
660 1358
661 1360
662 1359
663 1359
664 1356
665 1356
666 1357
667 1356
668 1358
669 1359
670 1358
671 1360
672 1357
673 1359
674 1357
675 1357
676 1359
677 1358
678 1358
679 1359
680 1357
681 1357
682 1361
683 1359
684 1358
685 1359
686 1357
687 1357
688 1360
689 1362
690 1358
691 1357
692 1357
693 1353
694 1355
695 1356
696 1356
697 1356
698 1357
699 1356
700 1357
701 1356
702 1355
703 1354
704 1355
705 1356
706 1355
707 1357
708 1355
709 1355
710 1356
711 1355
712 1359
713 1358
714 1357
715 1356
716 1356
717 1358
718 1357
719 1357
720 1357
721 1358
722 1355
723 1354
724 1357
725 1356
726 1357
727 1356
728 1360
729 1356
730 1356
731 1356
732 1359
733 1356
734 1360
735 1357
736 1357
737 1356
738 1356
739 1355
740 1354
741 1353
742 1359
743 1356
744 1357
745 1356
746 1357
747 1356
748 1357
749 1355
750 1357
751 1356
752 1358
753 1356
754 1355
755 1356
756 1358
757 1355
758 1357
759 1354
760 1354
761 1354
762 1358
763 1354
764 1355
765 1354
766 1357
767 1356
768 1356
769 1355
770 1358
771 1354
772 1360
773 1355
774 1357
775 1354
776 1358
777 1357
778 1358
779 1356
780 1357
781 1358
782 1357
783 1356
784 1353
785 1357
786 1357
787 1357
788 1357
789 1358
790 1357
791 1355
792 1357
793 1354
794 1358
795 1355
796 1357
797 1356
798 1357
799 1354
800 1356
801 1355
802 1359
803 1357
804 1357
805 1356
806 1356
807 1354
808 1355
809 1353
810 1356
811 1358
812 1355
813 1354
814 1355
815 1356
816 1356
817 1355
818 1353
819 1354
820 1353
821 1355
822 1357
823 1354
824 1354
825 1352
826 1357
827 1356
828 1357
829 1354
830 1356
831 1356
832 1356
833 1356
834 1353
835 1357
836 1357
837 1356
838 1358
839 1355
840 1357
841 1354
842 1355
843 1354
844 1355
845 1357
846 1358
847 1356
848 1354
849 1354
850 1357
851 1352
852 1355
853 1354
854 1350
855 1355
856 1357
857 1356
858 1357
859 1354
860 1358
861 1356
862 1358
863 1354
864 1355
865 1355
866 1357
867 1353
868 1355
869 1357
870 1360
871 1356
872 1359
873 1354
874 1354
875 1352
876 1358
877 1356
878 1357
879 1360
880 1357
881 1356
882 1357
883 1356
884 1357
885 1355
886 1357
887 1357
888 1357
889 1356
890 1357
891 1354
892 1356
893 1356
894 1356
895 1355
896 1356
897 1355
898 1357
899 1355
900 1355
901 1357
902 1357
903 1356
904 1356
905 1358
906 1358
907 1357
908 1357
909 1354
910 1357
911 1356
912 1355
913 1357
914 1356
915 1356
916 1356
917 1357
918 1354
919 1359
920 1358
921 1356
922 1357
923 1356
924 1356
925 1355
926 1358
927 1357
928 1358
929 1354
930 1357
931 1358
932 1361
933 1355
934 1354
935 1358
936 1355
937 1355
938 1357
939 1354
940 1356
941 1357
942 1357
943 1354
944 1355
945 1357
946 1357
947 1356
948 1355
949 1353
950 1357
951 1356
952 1355
953 1352
954 1357
955 1356
956 1355
957 1354
958 1354
959 1354
960 1357
961 1356
962 1357
963 1356
964 1355
965 1356
966 1354
967 1356
968 1355
969 1357
970 1356
971 1355
972 1356
973 1357
974 1355
975 1353
976 1357
977 1353
978 1355
979 1355
980 1356
981 1355
982 1357
983 1357
984 1357
985 1356
986 1359
987 1357
988 1357
989 1355
990 1354
991 1353
992 1357
993 1360
994 1358
995 1354
996 1354
997 1355
998 1358
999 1354
1000 1358
1001 1355
1002 1358
1003 1356
1004 1355
1005 1356
1006 1357
1007 1354
1008 1356
1009 1356
1010 1359
1011 1356
1012 1357
1013 1357
1014 1355
1015 1355
1016 1354
1017 1357
1018 1357
1019 1356
1020 1357
1021 1357
1022 1359
1023 1355
1024 1355
1025 1356
1026 1355
1027 1356
1028 1356
1029 1357
1030 1355
1031 1355
1032 1354
1033 1354
1034 1354
1035 1356
1036 1354
1037 1355
1038 1354
1039 1355
1040 1355
1041 1356
1042 1356
1043 1356
1044 1357
1045 1357
1046 1356
1047 1355
1048 1353
1049 1357
1050 1355
1051 1358
1052 1357
1053 1355
1054 1355
1055 1353
1056 1357
1057 1359
1058 1359
1059 1354
1060 1357
1061 1356
1062 1357
1063 1354
1064 1356
1065 1355
1066 1357
1067 1354
1068 1355
1069 1356
1070 1360
1071 1354
1072 1353
1073 1357
1074 1357
1075 1356
1076 1354
1077 1356
1078 1357
1079 1356
1080 1357
1081 1354
1082 1354
1083 1357
1084 1358
1085 1357
1086 1360
1087 1359
1088 1357
1089 1353
1090 1357
1091 1354
1092 1357
1093 1356
1094 1357
1095 1355
1096 1356
1097 1353
1098 1357
1099 1353
1100 1357
1101 1356
1102 1359
1103 1357
1104 1356
1105 1355
1106 1356
1107 1355
1108 1355
1109 1356
1110 1356
1111 1353
1112 1354
1113 1356
1114 1356
1115 1358
1116 1357
1117 1359
1118 1357
1119 1353
1120 1355
1121 1357
1122 1356
1123 1353
1124 1355
1125 1356
1126 1357
1127 1357
1128 1356
1129 1354
1130 1356
1131 1355
1132 1357
1133 1355
1134 1355
1135 1355
1136 1354
1137 1359
1138 1357
1139 1355
1140 1356
1141 1356
1142 1357
1143 1355
1144 1358
1145 1357
1146 1357
1147 1355
1148 1358
1149 1354
1150 1358
1151 1356
1152 1355
1153 1357
1154 1357
1155 1352
1156 1356
1157 1355
1158 1353
1159 1355
1160 1355
1161 1358
1162 1354
1163 1354
1164 1356
1165 1355
1166 1358
1167 1358
1168 1356
1169 1355
1170 1356
1171 1355
1172 1353
1173 1354
1174 1354
1175 1357
1176 1356
1177 1357
1178 1356
1179 1355
1180 1355
1181 1355
1182 1357
1183 1356
1184 1355
1185 1356
1186 1355
1187 1355
1188 1356
1189 1356
1190 1357
1191 1354
1192 1357
1193 1357
1194 1354
1195 1355
1196 1354
1197 1355
1198 1357
1199 1353
1200 1356
1201 1354
1202 1357
1203 1357
1204 1358
1205 1357
1206 1357
1207 1359
1208 1356
1209 1354
1210 1357
1211 1356
1212 1356
1213 1355
1214 1355
1215 1355
1216 1352
1217 1355
1218 1355
1219 1356
1220 1358
1221 1359
1222 1355
1223 1354
1224 1356
1225 1357
1226 1356
1227 1357
1228 1354
1229 1355
1230 1354
1231 1356
1232 1357
1233 1354
1234 1354
1235 1359
1236 1357
1237 1359
1238 1355
1239 1356
1240 1356
1241 1359
1242 1357
1243 1358
1244 1355
1245 1355
1246 1355
1247 1356
1248 1356
1249 1355
1250 1355
1251 1356
1252 1353
1253 1356
1254 1353
1255 1358
1256 1355
1257 1355
1258 1353
1259 1355
1260 1353
1261 1356
1262 1354
1263 1357
1264 1356
1265 1356
1266 1355
1267 1357
1268 1357
1269 1355
1270 1358
1271 1356
1272 1356
1273 1356
1274 1355
1275 1356
1276 1356
1277 1357
1278 1355
1279 1357
1280 1356
1281 1356
1282 1356
1283 1353
1284 1355
1285 1354
1286 1356
1287 1356
1288 1354
1289 1356
1290 1358
1291 1355
1292 1357
1293 1358
1294 1357
1295 1360
1296 1358
1297 1356
1298 1357
1299 1357
1300 1357
1301 1356
1302 1357
1303 1357
1304 1359
1305 1357
1306 1354
1307 1360
1308 1358
1309 1358
1310 1360
1311 1359
1312 1356
1313 1357
1314 1356
1315 1356
1316 1357
1317 1358
1318 1357
1319 1354
1320 1358
1321 1358
1322 1355
1323 1355
1324 1355
1325 1358
1326 1356
1327 1356
1328 1358
1329 1357
1330 1359
1331 1358
1332 1357
1333 1356
1334 1354
1335 1356
1336 1357
1337 1354
1338 1355
1339 1356
1340 1357
1341 1356
1342 1357
1343 1357
1344 1357
1345 1358
1346 1356
1347 1357
1348 1355
1349 1357
1350 1357
1351 1352
1352 1357
1353 1358
1354 1358
1355 1358
1356 1358
1357 1358
1358 1358
1359 1359
1360 1359
1361 1355
1362 1357
1363 1354
1364 1358
1365 1355
1366 1357
1367 1355
1368 1359
1369 1358
1370 1358
1371 1356
1372 1359
1373 1357
1374 1357
1375 1356
1376 1358
1377 1355
1378 1353
1379 1356
1380 1355
1381 1358
1382 1356
1383 1357
1384 1353
1385 1357
1386 1356
1387 1357
1388 1358
1389 1358
1390 1356
1391 1357
1392 1358
1393 1356
1394 1356
1395 1356
1396 1357
1397 1352
1398 1354
1399 1356
1400 1355
1401 1356
1402 1357
1403 1357
1404 1356
1405 1356
1406 1356
1407 1357
1408 1356
1409 1356
1410 1357
1411 1359
1412 1358
1413 1356
1414 1357
1415 1357
1416 1358
1417 1356
1418 1359
1419 1355
1420 1357
1421 1354
1422 1357
1423 1356
1424 1357
1425 1356
1426 1357
1427 1357
1428 1360
1429 1356
1430 1353
1431 1356
1432 1355
1433 1358
1434 1355
1435 1357
1436 1359
1437 1357
1438 1354
1439 1356
1440 1354
1441 1355
1442 1356
1443 1355
1444 1357
1445 1358
1446 1353
1447 1356
1448 1355
1449 1359
1450 1358
1451 1358
1452 1357
1453 1355
1454 1357
1455 1356
1456 1354
1457 1354
1458 1355
1459 1354
1460 1355
1461 1356
1462 1355
1463 1356
1464 1358
1465 1356
1466 1355
1467 1356
1468 1358
1469 1356
1470 1355
1471 1360
1472 1358
1473 1355
1474 1356
1475 1357
1476 1356
1477 1358
1478 1356
1479 1357
1480 1355
1481 1358
1482 1358
1483 1358
1484 1358
1485 1358
1486 1357
1487 1360
1488 1358
1489 1358
1490 1357
1491 1359
1492 1359
1493 1355
1494 1356
1495 1355
1496 1356
1497 1355
1498 1355
1499 1356
1500 1357
1501 1354
1502 1356
1503 1357
1504 1355
1505 1357
1506 1356
1507 1359
1508 1357
1509 1356
1510 1357
1511 1357
1512 1359
1513 1359
1514 1355
1515 1356
1516 1357
1517 1358
1518 1357
1519 1356
1520 1356
1521 1357
1522 1355
1523 1357
1524 1355
1525 1356
1526 1353
1527 1354
1528 1354
1529 1355
1530 1356
1531 1359
1532 1357
1533 1356
1534 1358
1535 1356
1536 1355
1537 1355
1538 1356
1539 1356
1540 1357
1541 1359
1542 1360
1543 1355
1544 1354
1545 1356
1546 1357
1547 1357
1548 1356
1549 1357
1550 1357
1551 1358
1552 1354
1553 1356
1554 1355
1555 1357
1556 1359
1557 1357
1558 1353
1559 1358
1560 1354
1561 1356
1562 1356
1563 1356
1564 1358
1565 1355
1566 1356
1567 1356
1568 1357
1569 1359
1570 1357
1571 1359
1572 1358
1573 1357
1574 1359
1575 1358
1576 1354
1577 1356
1578 1356
1579 1355
1580 1356
1581 1354
1582 1357
1583 1355
1584 1356
1585 1357
1586 1354
1587 1356
1588 1355
1589 1353
1590 1355
1591 1356
1592 1357
1593 1356
1594 1355
1595 1355
1596 1355
1597 1356
1598 1354
1599 1357
1600 1355
1601 1355
1602 1355
1603 1354
1604 1359
1605 1355
1606 1357
1607 1354
1608 1357
1609 1353
1610 1357
1611 1357
1612 1357
1613 1356
1614 1354
1615 1355
1616 1356
1617 1355
1618 1355
1619 1352
1620 1355
1621 1354
1622 1354
1623 1354
1624 1356
1625 1354
1626 1357
1627 1355
1628 1357
1629 1358
1630 1355
1631 1356
1632 1357
1633 1356
1634 1357
1635 1355
1636 1359
1637 1356
1638 1357
1639 1353
1640 1357
1641 1354
1642 1358
1643 1358
1644 1356
1645 1354
1646 1354
1647 1355
1648 1355
1649 1356
1650 1357
1651 1356
1652 1355
1653 1356
1654 1353
1655 1356
1656 1356
1657 1355
1658 1356
1659 1355
1660 1357
1661 1358
1662 1358
1663 1357
1664 1357
1665 1356
1666 1356
1667 1354
1668 1354
1669 1354
1670 1355
1671 1357
1672 1355
1673 1354
1674 1356
1675 1352
1676 1355
1677 1353
1678 1353
1679 1353
1680 1356
1681 1355
1682 1353
1683 1355
1684 1356
1685 1356
1686 1355
1687 1357
1688 1356
1689 1357
1690 1356
1691 1355
1692 1357
1693 1353
1694 1356
1695 1356
1696 1356
1697 1355
1698 1357
1699 1354
1700 1356
1701 1356
1702 1355
1703 1357
1704 1355
1705 1355
1706 1355
1707 1355
1708 1355
1709 1354
1710 1356
1711 1356
1712 1357
1713 1354
1714 1357
1715 1356
1716 1356
1717 1355
1718 1355
1719 1354
1720 1356
1721 1356
1722 1358
1723 1358
1724 1357
1725 1356
1726 1357
1727 1354
1728 1354
1729 1355
1730 1355
1731 1356
1732 1357
1733 1353
1734 1354
1735 1356
1736 1358
1737 1358
1738 1355
1739 1355
1740 1353
1741 1355
1742 1357
1743 1356
1744 1355
1745 1355
1746 1354
1747 1354
1748 1355
1749 1355
1750 1354
1751 1357
1752 1356
1753 1353
1754 1355
1755 1355
1756 1360
1757 1356
1758 1355
1759 1354
1760 1357
1761 1354
1762 1355
1763 1356
1764 1353
1765 1353
1766 1355
1767 1354
1768 1356
1769 1358
1770 1357
1771 1356
1772 1356
1773 1357
1774 1355
1775 1357
1776 1354
1777 1357
1778 1357
1779 1354
1780 1358
1781 1356
1782 1357
1783 1356
1784 1356
1785 1355
1786 1356
1787 1357
1788 1358
1789 1356
1790 1357
1791 1357
1792 1357
1793 1355
1794 1356
1795 1357
1796 1354
1797 1357
1798 1356
1799 1353
1800 1354
1801 1354
1802 1352
1803 1354
1804 1352
1805 1357
1806 1356
1807 1356
1808 1355
1809 1356
1810 1354
1811 1356
1812 1358
1813 1355
1814 1356
1815 1355
1816 1357
1817 1358
1818 1355
1819 1356
1820 1356
1821 1355
1822 1353
1823 1356
1824 1356
1825 1356
1826 1355
1827 1359
1828 1356
1829 1357
1830 1353
1831 1356
1832 1357
1833 1355
1834 1354
1835 1355
1836 1356
1837 1354
1838 1355
1839 1356
1840 1356
1841 1355
1842 1358
1843 1356
1844 1356
1845 1356
1846 1355
1847 1355
1848 1355
1849 1353
1850 1356
1851 1356
1852 1355
1853 1355
1854 1355
1855 1355
1856 1352
1857 1353
1858 1353
1859 1353
1860 1357
1861 1356
1862 1358
1863 1354
1864 1358
1865 1352
1866 1356
1867 1356
1868 1353
1869 1358
1870 1357
1871 1357
1872 1357
1873 1356
1874 1356
1875 1355
1876 1356
1877 1355
1878 1356
1879 1356
1880 1355
1881 1356
1882 1354
1883 1356
1884 1357
1885 1351
1886 1357
1887 1356
1888 1353
1889 1352
1890 1354
1891 1355
1892 1355
1893 1351
1894 1352
1895 1356
1896 1356
1897 1354
1898 1354
1899 1354
1900 1356
1901 1354
1902 1355
1903 1353
1904 1354
1905 1356
1906 1356
1907 1354
1908 1356
1909 1355
1910 1355
1911 1353
1912 1354
1913 1354
1914 1359
1915 1357
1916 1355
1917 1354
1918 1355
1919 1353
1920 1356
1921 1357
1922 1356
1923 1357
1924 1357
1925 1352
1926 1356
1927 1354
1928 1355
1929 1355
1930 1358
1931 1356
1932 1357
1933 1355
1934 1357
1935 1355
1936 1357
1937 1355
1938 1356
1939 1355
1940 1354
1941 1355
1942 1356
1943 1356
1944 1357
1945 1356
1946 1357
1947 1355
1948 1353
1949 1354
1950 1355
1951 1355
1952 1356
1953 1357
1954 1354
1955 1353
1956 1356
1957 1352
1958 1354
1959 1354
1960 1356
1961 1356
1962 1358
1963 1356
1964 1354
1965 1356
1966 1357
1967 1357
1968 1356
1969 1356
1970 1354
1971 1356
1972 1358
1973 1357
1974 1353
1975 1355
1976 1354
1977 1355
1978 1356
1979 1355
1980 1356
1981 1355
1982 1355
1983 1352
1984 1351
1985 1355
1986 1354
1987 1358
1988 1355
1989 1356
1990 1355
1991 1357
1992 1356
1993 1357
1994 1355
1995 1356
1996 1359
1997 1358
1998 1356
1999 1356
2000 1356
2001 1355
2002 1354
2003 1356
2004 1355
2005 1354
2006 1355
2007 1358
2008 1357
2009 1356
2010 1353
2011 1356
2012 1358
2013 1356
2014 1353
2015 1357
2016 1355
2017 1355
2018 1354
2019 1356
2020 1353
2021 1354
2022 1355
2023 1357
2024 1354
2025 1356
2026 1354
2027 1357
2028 1356
2029 1358
2030 1356
2031 1358
2032 1357
2033 1357
2034 1353
2035 1358
2036 1355
2037 1358
2038 1357
2039 1356
2040 1355
2041 1355
2042 1356
2043 1355
2044 1354
2045 1355
2046 1356
2047 1357
2048 1356
2049 1355
2050 1355
2051 1355
2052 1357
2053 1356
2054 1355
2055 1356
2056 1355
2057 1353
2058 1356
2059 1357
2060 1359
2061 1356
2062 1358
2063 1355
2064 1357
2065 1357
2066 1359
2067 1354
2068 1357
2069 1352
2070 1356
2071 1354
2072 1354
2073 1357
2074 1354
2075 1356
2076 1356
2077 1353
2078 1355
2079 1355
2080 1358
2081 1357
2082 1355
2083 1355
2084 1357
2085 1356
2086 1355
2087 1357
2088 1355
2089 1354
2090 1356
2091 1355
2092 1356
2093 1356
2094 1355
2095 1356
2096 1355
2097 1354
2098 1358
2099 1356
2100 1353
2101 1356
2102 1363
2103 1360
2104 1355
2105 1353
2106 1355
2107 1358
2108 1356
2109 1354
2110 1353
2111 1355
2112 1356
2113 1356
2114 1356
2115 1356
2116 1360
2117 1356
2118 1358
2119 1359
2120 1358
2121 1355
2122 1355
2123 1359
2124 1358
2125 1352
2126 1354
2127 1358
2128 1359
2129 1356
2130 1356
2131 1355
2132 1357
2133 1353
2134 1353
2135 1354
2136 1359
2137 1356
2138 1357
2139 1353
2140 1358
2141 1355
2142 1355
2143 1356
2144 1360
2145 1354
2146 1354
2147 1356
2148 1359
2149 1356
2150 1354
2151 1355
2152 1357
2153 1357
2154 1357
2155 1355
2156 1359
2157 1356
2158 1358
2159 1354
2160 1358
2161 1351
2162 1355
2163 1355
2164 1357
2165 1357
2166 1359
2167 1355
2168 1356
2169 1357
2170 1357
2171 1355
2172 1357
2173 1354
2174 1355
2175 1356
2176 1356
2177 1356
2178 1353
2179 1355
2180 1357
2181 1359
2182 1356
2183 1357
2184 1356
2185 1355
2186 1357
2187 1355
2188 1355
2189 1353
2190 1355
2191 1356
2192 1356
2193 1355
2194 1352
2195 1354
2196 1357
2197 1355
2198 1357
2199 1354
2200 1356
2201 1356
2202 1359
2203 1356
2204 1356
2205 1356
2206 1353
2207 1358
2208 1356
2209 1355
2210 1354
2211 1354
2212 1358
2213 1355
2214 1357
2215 1355
2216 1358
2217 1355
2218 1356
2219 1356
2220 1354
2221 1356
2222 1357
2223 1357
2224 1355
2225 1355
2226 1357
2227 1356
2228 1353
2229 1353
2230 1355
2231 1356
2232 1354
2233 1354
2234 1356
2235 1357
2236 1356
2237 1354
2238 1357
2239 1355
2240 1358
2241 1357
2242 1357
2243 1356
2244 1355
2245 1356
2246 1354
2247 1357
2248 1357
2249 1355
2250 1357
2251 1357
2252 1354
2253 1355
2254 1356
2255 1353
2256 1356
2257 1356
2258 1361
2259 1355
2260 1355
2261 1353
2262 1356
2263 1356
2264 1354
2265 1354
2266 1356
2267 1358
2268 1356
2269 1356
2270 1356
2271 1355
2272 1354
2273 1357
2274 1356
2275 1357
2276 1355
2277 1358
2278 1354
2279 1353
2280 1352
2281 1357
2282 1361
2283 1356
2284 1354
2285 1355
2286 1357
2287 1357
2288 1359
2289 1354
2290 1354
2291 1353
2292 1352
2293 1355
2294 1355
2295 1355
2296 1357
2297 1356
2298 1355
2299 1355
2300 1354
2301 1356
2302 1358
2303 1356
2304 1354
2305 1355
2306 1355
2307 1359
2308 1355
2309 1356
2310 1355
2311 1356
2312 1357
2313 1356
2314 1355
2315 1357
2316 1356
2317 1354
2318 1355
2319 1355
2320 1357
2321 1359
2322 1356
2323 1359
2324 1357
2325 1352
2326 1353
2327 1355
2328 1356
2329 1355
2330 1354
2331 1353
2332 1359
2333 1355
2334 1355
2335 1357
2336 1354
2337 1358
2338 1359
2339 1356
2340 1357
2341 1355
2342 1355
2343 1354
2344 1354
2345 1355
2346 1354
2347 1356
2348 1355
2349 1354
2350 1353
2351 1358
2352 1355
2353 1355
2354 1352
2355 1352
2356 1353
2357 1354
2358 1355
2359 1357
2360 1357
2361 1355
2362 1355
2363 1353
2364 1354
2365 1355
2366 1356
2367 1356
2368 1357
2369 1356
2370 1358
2371 1356
2372 1357
2373 1355
2374 1357
2375 1355
2376 1357
2377 1354
2378 1353
2379 1353
2380 1360
2381 1356
2382 1354
2383 1353
2384 1354
2385 1356
2386 1356
2387 1356
2388 1353
2389 1356
2390 1358
2391 1355
2392 1356
2393 1356
2394 1357
2395 1354
2396 1358
2397 1356
2398 1358
2399 1357
2400 1356
2401 1357
2402 1355
2403 1357
2404 1357
2405 1356
2406 1357
2407 1357
2408 1358
2409 1355
2410 1356
2411 1354
2412 1356
2413 1357
2414 1354
2415 1358
2416 1357
2417 1356
2418 1354
2419 1355
2420 1354
2421 1356
2422 1357
2423 1355
2424 1357
2425 1356
2426 1358
2427 1356
2428 1356
2429 1355
2430 1356
2431 1354
2432 1357
2433 1355
2434 1354
2435 1356
2436 1358
2437 1358
2438 1355
2439 1355
2440 1357
2441 1355
2442 1355
2443 1351
2444 1356
2445 1356
2446 1357
2447 1355
2448 1354
2449 1356
2450 1356
2451 1356
2452 1357
2453 1356
2454 1357
2455 1358
2456 1356
2457 1357
2458 1357
2459 1356
2460 1353
2461 1355
2462 1359
2463 1358
2464 1354
2465 1354
2466 1356
2467 1357
2468 1356
2469 1356
2470 1354
2471 1355
2472 1353
2473 1352
2474 1354
2475 1355
2476 1356
2477 1356
2478 1356
2479 1355
2480 1353
2481 1356
2482 1357
2483 1358
2484 1355
2485 1351
2486 1353
2487 1358
2488 1355
2489 1358
2490 1357
2491 1357
2492 1357
2493 1353
2494 1354
2495 1357
2496 1358
2497 1356
2498 1354
2499 1355
2500 1356
2501 1354
2502 1355
2503 1355
2504 1357
2505 1357
2506 1355
2507 1356
2508 1355
2509 1354
2510 1356
2511 1354
2512 1355
2513 1353
2514 1359
2515 1356
2516 1358
2517 1357
2518 1356
2519 1358
2520 1356
2521 1356
2522 1355
2523 1356
2524 1354
2525 1356
2526 1356
2527 1354
2528 1352
2529 1354
2530 1354
2531 1357
2532 1357
2533 1356
2534 1357
2535 1353
2536 1353
2537 1355
2538 1357
2539 1356
2540 1357
2541 1357
2542 1357
2543 1356
2544 1356
2545 1355
2546 1356
2547 1357
2548 1355
2549 1358
2550 1354
2551 1356
2552 1356
2553 1356
2554 1354
2555 1355
2556 1356
2557 1356
2558 1356
2559 1352
2560 1354
2561 1356
2562 1356
2563 1356
2564 1357
2565 1356
2566 1357
2567 1354
2568 1356
2569 1354
2570 1355
2571 1356
2572 1355
2573 1355
2574 1354
2575 1356
2576 1356
2577 1356
2578 1353
2579 1357
2580 1358
2581 1354
2582 1357
2583 1356
2584 1354
2585 1355
2586 1353
2587 1356
2588 1356
2589 1355
2590 1353
2591 1355
2592 1354
2593 1354
2594 1353
2595 1353
2596 1353
2597 1352
2598 1353
2599 1354
2600 1354
2601 1352
2602 1354
2603 1353
2604 1353
2605 1358
2606 1356
2607 1355
2608 1357
2609 1357
2610 1353
2611 1355
2612 1356
2613 1354
2614 1354
2615 1355
2616 1357
2617 1354
2618 1356
2619 1355
2620 1356
2621 1355
2622 1355
2623 1353
2624 1355
2625 1354
2626 1356
2627 1356
2628 1357
2629 1358
2630 1358
2631 1357
2632 1354
2633 1354
2634 1355
2635 1356
2636 1358
2637 1357
2638 1357
2639 1354
2640 1352
2641 1356
2642 1359
2643 1357
2644 1355
2645 1356
2646 1355
2647 1353
2648 1352
2649 1354
2650 1353
2651 1353
2652 1357
2653 1351
2654 1354
2655 1352
2656 1354
2657 1356
2658 1355
2659 1352
2660 1353
2661 1351
2662 1357
2663 1357
2664 1357
2665 1353
2666 1353
2667 1355
2668 1357
2669 1355
2670 1356
2671 1355
2672 1356
2673 1356
2674 1353
2675 1355
2676 1355
2677 1354
2678 1354
2679 1354
2680 1355
2681 1356
2682 1357
2683 1355
2684 1356
2685 1354
2686 1354
2687 1355
2688 1356
2689 1354
2690 1354
2691 1354
2692 1357
2693 1357
2694 1354
2695 1354
2696 1357
2697 1357
2698 1358
2699 1352
2700 1356
2701 1356
2702 1358
2703 1356
2704 1355
2705 1355
2706 1356
2707 1357
2708 1355
2709 1356
2710 1356
2711 1355
2712 1355
2713 1354
2714 1356
2715 1355
2716 1357
2717 1354
2718 1356
2719 1355
2720 1357
2721 1354
2722 1353
2723 1355
2724 1358
2725 1356
2726 1357
2727 1355
2728 1356
2729 1357
2730 1357
2731 1354
2732 1357
2733 1354
2734 1356
2735 1355
2736 1358
2737 1358
2738 1356
2739 1356
2740 1355
2741 1356
2742 1357
2743 1356
2744 1356
2745 1352
2746 1351
2747 1356
2748 1356
2749 1355
2750 1356
2751 1354
2752 1357
2753 1355
2754 1357
2755 1356
2756 1358
2757 1358
2758 1356
2759 1356
2760 1357
2761 1356
2762 1357
2763 1356
2764 1357
2765 1355
2766 1355
2767 1356
2768 1356
2769 1357
2770 1357
2771 1357
2772 1356
2773 1353
2774 1352
2775 1353
2776 1355
2777 1356
2778 1356
2779 1356
2780 1355
2781 1354
2782 1353
2783 1357
2784 1355
2785 1356
2786 1356
2787 1354
2788 1357
2789 1356
2790 1357
2791 1355
2792 1353
2793 1356
2794 1358
2795 1356
2796 1356
2797 1358
2798 1354
2799 1355
2800 1354
2801 1353
2802 1355
2803 1353
2804 1355
2805 1354
2806 1351
2807 1353
2808 1357
2809 1355
2810 1355
2811 1353
2812 1353
2813 1353
2814 1356
2815 1354
2816 1356
2817 1353
2818 1355
2819 1354
2820 1352
2821 1356
2822 1358
2823 1355
2824 1356
2825 1355
2826 1356
2827 1358
2828 1356
2829 1356
2830 1354
2831 1356
2832 1355
2833 1355
2834 1354
2835 1356
2836 1355
2837 1351
2838 1354
2839 1352
2840 1355
2841 1354
2842 1356
2843 1356
2844 1357
2845 1352
2846 1353
2847 1356
2848 1359
2849 1356
2850 1355
2851 1353
2852 1358
2853 1356
2854 1355
2855 1354
2856 1356
2857 1357
2858 1357
2859 1354
2860 1358
2861 1356
2862 1356
2863 1354
2864 1356
2865 1354
2866 1356
2867 1354
2868 1355
2869 1354
2870 1353
2871 1353
2872 1352
2873 1355
2874 1357
2875 1355
2876 1358
2877 1357
2878 1357
2879 1355
2880 1357
2881 1356
2882 1360
2883 1356
2884 1353
2885 1355
2886 1358
2887 1357
2888 1356
2889 1357
2890 1358
2891 1357
2892 1357
2893 1353
2894 1354
2895 1353
2896 1357
2897 1354
2898 1354
2899 1355
2900 1357
2901 1355
2902 1355
2903 1354
2904 1356
2905 1356
2906 1356
2907 1355
2908 1355
2909 1353
2910 1357
2911 1356
2912 1357
2913 1357
2914 1357
2915 1356
2916 1358
2917 1356
2918 1358
2919 1356
2920 1357
2921 1356
2922 1358
2923 1357
2924 1358
2925 1355
2926 1355
2927 1353
2928 1357
2929 1356
2930 1356
2931 1355
2932 1353
2933 1354
2934 1355
2935 1355
2936 1355
2937 1355
2938 1357
2939 1355
2940 1360
2941 1353
2942 1355
2943 1356
2944 1358
2945 1357
2946 1359
2947 1356
2948 1356
2949 1357
2950 1356
2951 1358
2952 1358
2953 1355
2954 1357
2955 1356
2956 1357
2957 1356
2958 1357
2959 1356
2960 1358
2961 1353
2962 1355
2963 1356
2964 1355
2965 1353
2966 1353
2967 1352
2968 1357
2969 1354
2970 1357
2971 1357
2972 1354
2973 1356
2974 1358
2975 1357
2976 1356
2977 1356
2978 1354
2979 1354
2980 1356
2981 1354
2982 1357
2983 1355
2984 1357
2985 1353
2986 1357
2987 1354
2988 1354
2989 1356
2990 1356
2991 1354
2992 1354
2993 1355
2994 1354
2995 1356
2996 1356
2997 1356
2998 1358
2999 1353
3000 1356
3001 1356
3002 1359
3003 1358
3004 1354
3005 1355
3006 1357
3007 1356
3008 1355
3009 1355
3010 1353
3011 1357
3012 1354
3013 1356
3014 1357
3015 1356
3016 1355
3017 1355
3018 1355
3019 1353
3020 1356
3021 1354
3022 1355
3023 1356
3024 1358
3025 1354
3026 1353
3027 1356
3028 1357
3029 1358
3030 1355
3031 1357
3032 1357
3033 1359
3034 1357
3035 1357
3036 1356
3037 1355
3038 1356
3039 1355
3040 1355
3041 1358
3042 1356
3043 1356
3044 1354
3045 1355
3046 1354
3047 1355
3048 1356
3049 1355
3050 1352
3051 1352
3052 1354
3053 1353
3054 1355
3055 1356
3056 1355
3057 1355
3058 1353
3059 1352
3060 1353
3061 1356
3062 1355
3063 1355
3064 1357
3065 1355
3066 1357
3067 1354
3068 1358
3069 1355
3070 1356
3071 1354
3072 1355
3073 1354
3074 1357
3075 1355
3076 1356
3077 1355
3078 1356
3079 1353
3080 1356
3081 1355
3082 1355
3083 1356
3084 1354
3085 1356
3086 1357
3087 1355
3088 1357
3089 1355
3090 1357
3091 1357
3092 1357
3093 1356
3094 1356
3095 1354
3096 1354
3097 1357
3098 1358
3099 1354
3100 1357
3101 1356
3102 1357
3103 1356
3104 1359
3105 1355
3106 1355
3107 1354
3108 1356
3109 1356
3110 1355
3111 1354
3112 1357
3113 1358
3114 1356
3115 1356
3116 1356
3117 1349
3118 1357
3119 1356
3120 1356
3121 1357
3122 1353
3123 1356
3124 1355
3125 1355
3126 1356
3127 1354
3128 1356
3129 1357
3130 1355
3131 1356
3132 1356
3133 1358
3134 1356
3135 1356
3136 1355
3137 1354
3138 1354
3139 1355
3140 1357
3141 1354
3142 1354
3143 1354
3144 1355
3145 1355
3146 1357
3147 1355
3148 1356
3149 1354
3150 1356
3151 1358
3152 1355
3153 1355
3154 1357
3155 1357
3156 1357
3157 1356
3158 1357
3159 1359
3160 1358
3161 1355
3162 1358
3163 1356
3164 1357
3165 1357
3166 1357
3167 1356
3168 1355
3169 1355
3170 1355
3171 1354
3172 1355
3173 1356
3174 1356
3175 1355
3176 1354
3177 1356
3178 1355
3179 1353
3180 1353
3181 1353
3182 1357
3183 1358
3184 1355
3185 1354
3186 1352
3187 1356
3188 1357
3189 1356
3190 1356
3191 1356
3192 1358
3193 1355
3194 1354
3195 1354
3196 1355
3197 1356
3198 1356
3199 1355
3200 1355
3201 1354
3202 1355
3203 1356
3204 1357
3205 1354
3206 1353
3207 1356
3208 1356
3209 1355
3210 1355
3211 1355
3212 1355
3213 1356
3214 1358
3215 1358
3216 1358
3217 1354
3218 1357
3219 1356
3220 1355
3221 1355
3222 1357
3223 1356
3224 1354
3225 1355
3226 1352
3227 1355
3228 1355
3229 1354
3230 1357
3231 1355
3232 1356
3233 1355
3234 1356
3235 1353
3236 1355
3237 1355
3238 1354
3239 1354
3240 1357
3241 1356
3242 1358
3243 1355
3244 1355
3245 1355
3246 1357
3247 1355
3248 1354
3249 1356
3250 1358
3251 1356
3252 1357
3253 1355
3254 1356
3255 1357
3256 1357
3257 1356
3258 1352
3259 1355
3260 1357
3261 1354
3262 1357
3263 1356
3264 1357
3265 1356
3266 1358
3267 1356
3268 1357
3269 1355
3270 1356
3271 1353
3272 1354
3273 1352
3274 1356
3275 1355
3276 1357
3277 1356
3278 1353
3279 1353
3280 1356
3281 1356
3282 1356
3283 1357
3284 1352
3285 1354
3286 1352
3287 1354
3288 1356
3289 1355
3290 1356
3291 1355
3292 1354
3293 1354
3294 1354
3295 1355
3296 1355
3297 1355
3298 1357
3299 1356
3300 1355
3301 1357
3302 1354
3303 1356
3304 1356
3305 1356
3306 1356
3307 1356
3308 1356
3309 1356
3310 1356
3311 1357
3312 1357
3313 1356
3314 1357
3315 1357
3316 1356
3317 1357
3318 1356
3319 1359
3320 1356
3321 1354
3322 1355
3323 1356
3324 1356
3325 1355
3326 1355
3327 1356
3328 1356
3329 1356
3330 1358
3331 1354
3332 1357
3333 1353
3334 1354
3335 1356
3336 1355
3337 1355
3338 1356
3339 1352
3340 1354
3341 1357
3342 1353
3343 1356
3344 1356
3345 1356
3346 1355
3347 1354
3348 1353
3349 1355
3350 1355
3351 1356
3352 1353
3353 1356
3354 1350
3355 1353
3356 1356
3357 1356
3358 1353
3359 1353
3360 1351
3361 1356
3362 1358
3363 1359
3364 1354
3365 1355
3366 1356
3367 1357
3368 1355
3369 1354
3370 1354
3371 1355
3372 1356
3373 1354
3374 1356
3375 1358
3376 1354
3377 1356
3378 1356
3379 1356
3380 1357
3381 1356
3382 1354
3383 1356
3384 1358
3385 1354
3386 1352
3387 1354
3388 1356
3389 1355
3390 1354
3391 1354
3392 1356
3393 1357
3394 1355
3395 1355
3396 1354
3397 1357
3398 1354
3399 1356
3400 1357
3401 1354
3402 1357
3403 1355
3404 1355
3405 1354
3406 1354
3407 1358
3408 1359
3409 1357
3410 1356
3411 1355
3412 1354
3413 1352
3414 1353
3415 1356
3416 1354
3417 1356
3418 1355
3419 1355
3420 1353
3421 1357
3422 1355
3423 1356
3424 1355
3425 1356
3426 1357
3427 1355
3428 1356
3429 1354
3430 1358
3431 1356
3432 1358
3433 1359
3434 1358
3435 1356
3436 1357
3437 1355
3438 1355
3439 1355
3440 1355
3441 1355
3442 1354
3443 1354
3444 1354
3445 1354
3446 1355
3447 1355
3448 1355
3449 1353
3450 1356
3451 1356
3452 1359
3453 1359
3454 1354
3455 1354
3456 1356
3457 1357
3458 1354
3459 1358
3460 1358
3461 1356
3462 1357
3463 1358
3464 1357
3465 1356
3466 1356
3467 1357
3468 1356
3469 1357
3470 1359
3471 1356
3472 1357
3473 1356
3474 1357
3475 1355
3476 1355
3477 1353
3478 1356
3479 1354
3480 1355
3481 1358
3482 1357
3483 1356
3484 1357
3485 1354
3486 1357
3487 1355
3488 1356
3489 1354
3490 1358
3491 1355
3492 1357
3493 1356
3494 1356
3495 1355
3496 1357
3497 1355
3498 1359
3499 1354
3500 1355
3501 1352
3502 1354
3503 1355
3504 1354
3505 1355
3506 1357
3507 1357
3508 1355
3509 1355
3510 1354
3511 1354
3512 1357
3513 1357
3514 1355
3515 1355
3516 1358
3517 1357
3518 1355
3519 1354
3520 1356
3521 1356
3522 1354
3523 1354
3524 1356
3525 1357
3526 1357
3527 1356
3528 1358
3529 1356
3530 1357
3531 1359
3532 1357
3533 1355
3534 1356
3535 1355
3536 1357
3537 1354
3538 1355
3539 1358
3540 1358
3541 1355
3542 1354
3543 1356
3544 1353
3545 1355
3546 1358
3547 1357
3548 1355
3549 1356
3550 1360
3551 1355
3552 1357
3553 1356
3554 1358
3555 1359
3556 1358
3557 1356
3558 1357
3559 1356
3560 1356
3561 1353
3562 1354
3563 1356
3564 1357
3565 1355
3566 1354
3567 1354
3568 1357
3569 1354
3570 1356
3571 1358
3572 1355
3573 1356
3574 1353
3575 1354
3576 1356
3577 1357
3578 1357
3579 1354
3580 1356
3581 1357
3582 1359
3583 1358
3584 1357
3585 1355
3586 1359
3587 1356
3588 1358
3589 1355
3590 1358
3591 1354
3592 1356
3593 1356
3594 1354
3595 1353
3596 1356
3597 1356
3598 1353
3599 1356
3600 1355
3601 1357
3602 1355
3603 1355
3604 1357
3605 1357
3606 1358
3607 1358
3608 1357
3609 1356
3610 1355
3611 1356
3612 1357
3613 1359
3614 1360
3615 1354
3616 1355
3617 1353
3618 1356
3619 1356
3620 1355
3621 1357
3622 1358
3623 1357
3624 1356
3625 1357
3626 1354
3627 1358
3628 1355
3629 1356
3630 1358
3631 1358
3632 1355
3633 1356
3634 1354
3635 1354
3636 1356
3637 1355
3638 1356
3639 1354
3640 1353
3641 1355
3642 1356
3643 1356
3644 1356
3645 1355
3646 1359
3647 1356
3648 1354
3649 1355
3650 1355
3651 1356
3652 1352
3653 1356
3654 1351
3655 1355
3656 1356
3657 1355
3658 1355
3659 1354
3660 1355
3661 1355
3662 1355
3663 1356
3664 1356
3665 1355
3666 1352
3667 1355
3668 1353
3669 1351
3670 1355
3671 1355
3672 1356
3673 1353
3674 1353
3675 1352
3676 1357
3677 1355
3678 1356
3679 1357
3680 1357
3681 1355
3682 1357
3683 1354
3684 1356
3685 1355
3686 1353
3687 1353
3688 1357
3689 1356
3690 1355
3691 1355
3692 1353
3693 1353
3694 1355
3695 1354
3696 1353
3697 1353
3698 1352
3699 1354
3700 1355
3701 1356
3702 1355
3703 1358
3704 1355
3705 1356
3706 1357
3707 1357
3708 1354
3709 1356
3710 1356
3711 1358
3712 1356
3713 1357
3714 1354
3715 1356
3716 1356
3717 1355
3718 1357
3719 1354
3720 1357
3721 1356
3722 1358
3723 1356
3724 1354
3725 1354
3726 1354
3727 1353
3728 1354
3729 1355
3730 1358
3731 1355
3732 1358
3733 1355
3734 1354
3735 1354
3736 1356
3737 1356
3738 1357
3739 1357
3740 1360
3741 1354
3742 1357
3743 1356
3744 1354
3745 1358
3746 1356
3747 1358
3748 1353
3749 1356
3750 1353
3751 1358
3752 1358
3753 1356
3754 1355
3755 1353
3756 1355
3757 1354
3758 1354
3759 1356
3760 1356
3761 1357
3762 1356
3763 1356
3764 1355
3765 1354
3766 1355
3767 1357
3768 1356
3769 1358
3770 1358
3771 1356
3772 1357
3773 1357
3774 1355
3775 1356
3776 1354
3777 1355
3778 1356
3779 1354
3780 1354
3781 1354
3782 1356
3783 1355
3784 1355
3785 1357
3786 1354
3787 1355
3788 1355
3789 1357
3790 1353
3791 1357
3792 1353
3793 1357
3794 1354
3795 1357
3796 1357
3797 1359
3798 1355
3799 1356
3800 1354
3801 1357
3802 1358
3803 1356
3804 1356
3805 1354
3806 1356
3807 1356
3808 1354
3809 1354
3810 1356
3811 1356
3812 1355
3813 1353
3814 1355
3815 1354
3816 1355
3817 1357
3818 1355
3819 1359
3820 1352
3821 1357
3822 1355
3823 1357
3824 1357
3825 1357
3826 1357
3827 1359
3828 1355
3829 1355
3830 1354
3831 1356
3832 1356
3833 1357
3834 1354
3835 1356
3836 1357
3837 1356
3838 1358
3839 1356
3840 1354
3841 1358
3842 1357
3843 1355
3844 1355
3845 1356
3846 1355
3847 1356
3848 1356
3849 1357
3850 1352
3851 1354
3852 1355
3853 1358
3854 1355
3855 1357
3856 1354
3857 1354
3858 1357
3859 1354
3860 1354
3861 1356
3862 1355
3863 1358
3864 1357
3865 1355
3866 1355
3867 1354
3868 1356
3869 1353
3870 1354
3871 1356
3872 1355
3873 1356
3874 1354
3875 1356
3876 1356
3877 1356
3878 1353
3879 1356
3880 1354
3881 1355
3882 1355
3883 1355
3884 1355
3885 1356
3886 1356
3887 1357
3888 1357
3889 1356
3890 1357
3891 1355
3892 1356
3893 1356
3894 1355
3895 1355
3896 1353
3897 1358
3898 1356
3899 1358
3900 1356
3901 1359
3902 1356
3903 1358
3904 1353
3905 1356
3906 1354
3907 1356
3908 1355
3909 1355
3910 1353
3911 1355
3912 1357
3913 1355
3914 1356
3915 1354
3916 1356
3917 1357
3918 1355
3919 1356
3920 1356
3921 1356
3922 1354
3923 1355
3924 1355
3925 1353
3926 1357
3927 1357
3928 1356
3929 1355
3930 1354
3931 1356
3932 1356
3933 1357
3934 1356
3935 1355
3936 1355
3937 1356
3938 1355
3939 1354
3940 1354
3941 1355
3942 1356
3943 1356
3944 1355
3945 1356
3946 1357
3947 1354
3948 1354
3949 1356
3950 1355
3951 1354
3952 1357
3953 1355
3954 1360
3955 1356
3956 1357
3957 1358
3958 1357
3959 1356
3960 1355
3961 1354
3962 1357
3963 1355
3964 1357
3965 1356
3966 1357
3967 1355
3968 1355
3969 1356
3970 1355
3971 1356
3972 1356
3973 1357
3974 1354
3975 1358
3976 1357
3977 1355
3978 1357
3979 1355
3980 1357
3981 1354
3982 1358
3983 1355
3984 1355
3985 1356
3986 1355
3987 1355
3988 1358
3989 1356
3990 1357
3991 1353
3992 1357
3993 1354
3994 1357
3995 1354
3996 1358
3997 1356
3998 1356
3999 1353
