0 1357
1 1356
2 1355
3 1352
4 1356
5 1355
6 1357
7 1357
8 1356
9 1357
10 1356
11 1356
12 1358
13 1358
14 1358
15 1357
16 1357
17 1355
18 1358
19 1356
20 1357
21 1354
22 1357
23 1357
24 1355
25 1355
26 1355
27 1354
28 1357
29 1357
30 1356
31 1355
32 1357
33 1355
34 1354
35 1357
36 1355
37 1356
38 1356
39 1356
40 1357
41 1355
42 1357
43 1357
44 1357
45 1356
46 1355
47 1355
48 1356
49 1355
50 1355
51 1354
52 1359
53 1356
54 1357
55 1356
56 1355
57 1355
58 1353
59 1352
60 1356
61 1352
62 1354
63 1356
64 1357
65 1354
66 1356
67 1355
68 1353
69 1357
70 1359
71 1355
72 1356
73 1356
74 1355
75 1356
76 1357
77 1357
78 1355
79 1354
80 1355
81 1358
82 1359
83 1357
84 1357
85 1356
86 1357
87 1355
88 1357
89 1355
90 1353
91 1356
92 1356
93 1355
94 1355
95 1357
96 1354
97 1358
98 1357
99 1355
100 1355
101 1358
102 1356
103 1355
104 1357
105 1355
106 1354
107 1357
108 1357
109 1358
110 1358
111 1354
112 1355
113 1357
114 1357
115 1356
116 1356
117 1356
118 1357
119 1355
120 1353
121 1356
122 1357
123 1356
124 1357
125 1356
126 1359
127 1353
128 1357
129 1356
130 1358
131 1355
132 1354
133 1357
134 1358
135 1356
136 1354
137 1356
138 1356
139 1353
140 1352
141 1356
142 1358
143 1353
144 1356
145 1356
146 1358
147 1357
148 1356
149 1359
150 1358
151 1356
152 1358
153 1355
154 1355
155 1356
156 1356
157 1356
158 1357
159 1356
160 1357
161 1357
162 1357
163 1357
164 1356
165 1356
166 1356
167 1357
168 1356
169 1356
170 1356
171 1355
172 1358
173 1359
174 1357
175 1355
176 1354
177 1354
178 1357
179 1356
180 1357
181 1356
182 1357
183 1356
184 1358
185 1355
186 1357
187 1359
188 1356
189 1355
190 1358
191 1357
192 1358
193 1355
194 1357
195 1358
196 1357
197 1356
198 1358
199 1356
200 1358
201 1358
202 1356
203 1357
204 1356
205 1355
206 1357
207 1357
208 1360
209 1358
210 1358
211 1354
212 1355
213 1355
214 1356
215 1358
216 1359
217 1356
218 1354
219 1356
220 1357
221 1356
222 1355
223 1357
224 1360
225 1354
226 1356
227 1357
228 1357
229 1359
230 1358
231 1357
232 1358
233 1356
234 1355
235 1356
236 1356
237 1354
238 1357
239 1354
240 1357
241 1354
242 1357
243 1355
244 1357
245 1357
246 1358
247 1357
248 1356
249 1356
250 1357
251 1358
252 1356
253 1356
254 1357
255 1356
256 1357
257 1357
258 1358
259 1356
260 1357
261 1358
262 1357
263 1357
264 1357
265 1358
266 1357
267 1357
268 1356
269 1353
270 1354
271 1357
272 1359
273 1358
274 1354
275 1357
276 1358
277 1361
278 1359
279 1356
280 1356
281 1356
282 1356
283 1354
284 1356
285 1357
286 1357
287 1358
288 1357
289 1357
290 1354
291 1356
292 1357
293 1358
294 1357
295 1355
296 1354
297 1358
298 1356
299 1354
300 1353
301 1358
302 1358
303 1353
304 1355
305 1356
306 1357
307 1357
308 1357
309 1356
310 1356
311 1357
312 1359
313 1356
314 1354
315 1356
316 1357
317 1358
318 1355
319 1355
320 1357
321 1357
322 1359
323 1356
324 1356
325 1358
326 1358
327 1356
328 1358
329 1355
330 1359
331 1357
332 1358
333 1356
334 1357
335 1357
336 1355
337 1355
338 1356
339 1356
340 1357
341 1355
342 1358
343 1356
344 1357
345 1356
346 1356
347 1357
348 1357
349 1357
350 1356
351 1355
352 1358
353 1357
354 1356
355 1355
356 1357
357 1357
358 1355
359 1356
360 1358
361 1358
362 1358
363 1356
364 1355
365 1356
366 1357
367 1357
368 1355
369 1355
370 1357
371 1355
372 1358
373 1354
374 1355
375 1352
376 1355
377 1356
378 1355
379 1356
380 1355
381 1356
382 1355
383 1359
384 1358
385 1356
386 1357
387 1357
388 1358
389 1355
390 1356
391 1355
392 1355
393 1355
394 1355
395 1356
396 1357
397 1357
398 1358
399 1358
400 1356
401 1357
402 1357
403 1359
404 1360
405 1354
406 1357
407 1358
408 1357
409 1356
410 1357
411 1357
412 1356
413 1357
414 1355
415 1355
416 1355
417 1354
418 1357
419 1355
420 1357
421 1358
422 1357
423 1356
424 1356
425 1357
426 1356
427 1356
428 1358
429 1357
430 1358
431 1358
432 1352
433 1357
434 1357
435 1357
436 1357
437 1357
438 1357
439 1358
440 1357
441 1356
442 1355
443 1356
444 1357
445 1358
446 1359
447 1357
448 1357
449 1356
450 1354
451 1357
452 1360
453 1358
454 1355
455 1355
456 1357
457 1358
458 1355
459 1357
460 1357
461 1358
462 1358
463 1353
464 1356
465 1360
466 1357
467 1356
468 1356
469 1356
470 1356
471 1354
472 1355
473 1360
474 1357
475 1353
476 1354
477 1356
478 1359
479 1358
480 1356
481 1356
482 1359
483 1359
484 1356
485 1357
486 1359
487 1358
488 1354
489 1355
490 1355
491 1359
492 1361
493 1358
494 1359
495 1356
496 1358
497 1358
498 1360
499 1355
500 1357
501 1358
502 1358
503 1359
504 1357
505 1356
506 1357
507 1359
508 1357
509 1359
510 1358
511 1358
512 1362
513 1358
514 1361
515 1365
516 1365
517 1371
518 1376
519 1384
520 1390
521 1398
522 1410
523 1420
524 1429
525 1438
526 1445
527 1451
528 1454
529 1462
530 1469
531 1469
532 1474
533 1477
534 1478
535 1476
536 1475
537 1473
538 1469
539 1468
540 1463
541 1459
542 1455
543 1453
544 1446
545 1443
546 1439
547 1438
548 1431
549 1428
550 1426
551 1420
552 1414
553 1411
554 1410
555 1407
556 1406
557 1402
558 1399
559 1394
560 1393
561 1391
562 1389
563 1387
564 1384
565 1382
566 1382
567 1380
568 1380
569 1376
570 1373
571 1373
572 1371
573 1371
574 1367
575 1368
576 1371
577 1365
578 1367
579 1369
580 1367
581 1370
582 1368
583 1363
584 1366
585 1362
586 1363
587 1365
588 1363
589 1364
590 1364
591 1361
592 1358
593 1361
594 1361
595 1359
596 1358
597 1362
598 1362
599 1359
600 1359
601 1359
602 1359
603 1357
604 1358
605 1360
606 1360
607 1358
608 1356
609 1355
610 1357
611 1357
612 1358
613 1357
614 1356
615 1358
616 1358
617 1361
618 1359
619 1360
620 1358
621 1357
622 1361
623 1359
624 1360
625 1357
626 1360
627 1359
628 1357
629 1359
630 1357
631 1361
632 1360
633 1356
634 1356
635 1355
636 1359
637 1357
638 1358
639 1355
640 1358
641 1359
642 1359
643 1358
644 1358
645 1358
646 1359
647 1357
648 1357
649 1357
650 1357
651 1359
652 1357
653 1359
654 1357
655 1357
656 1358
657 1360
658 1361
659 1357
660 1358
661 1357
662 1357
663 1359
664 1358
665 1356
666 1358
667 1355
668 1357
669 1356
670 1358
671 1358
672 1357
673 1359
674 1357
675 1356
676 1354
677 1356
678 1357
679 1356
680 1357
681 1356
682 1360
683 1356
684 1354
685 1355
686 1355
687 1358
688 1359
689 1358
690 1359
691 1359
692 1358
693 1356
694 1353
695 1357
696 1357
697 1355
698 1357
699 1356
700 1355
701 1357
702 1356
703 1357
704 1356
705 1357
706 1361
707 1359
708 1356
709 1357
710 1356
711 1357
712 1357
713 1357
714 1357
715 1357
716 1356
717 1356
718 1357
719 1355
720 1357
721 1356
722 1358
723 1358
724 1358
725 1357
726 1357
727 1359
728 1357
729 1353
730 1355
731 1355
732 1355
733 1356
734 1358
735 1354
736 1356
737 1356
738 1355
739 1355
740 1357
741 1358
742 1354
743 1354
744 1354
745 1355
746 1356
747 1358
748 1357
749 1356
750 1354
751 1355
752 1356
753 1357
754 1357
755 1357
756 1356
757 1356
758 1357
759 1356
760 1353
761 1358
762 1355
763 1357
764 1354
765 1355
766 1354
767 1355
768 1356
769 1357
770 1356
771 1357
772 1356
773 1357
774 1357
775 1356
776 1354
777 1356
778 1355
779 1356
780 1358
781 1356
782 1356
783 1355
784 1357
785 1355
786 1354
787 1354
788 1356
789 1356
790 1356
791 1354
792 1357
793 1358
794 1356
795 1355
796 1356
797 1355
798 1356
799 1357
800 1356
801 1360
802 1356
803 1356
804 1354
805 1358
806 1358
807 1358
808 1360
809 1356
810 1354
811 1356
812 1357
813 1357
814 1355
815 1356
816 1358
817 1357
818 1355
819 1355
820 1356
821 1355
822 1356
823 1357
824 1355
825 1359
826 1357
827 1357
828 1357
829 1358
830 1358
831 1358
832 1356
833 1356
834 1359
835 1355
836 1359
837 1356
838 1357
839 1359
840 1358
841 1357
842 1357
843 1356
844 1357
845 1357
846 1359
847 1357
848 1358
849 1358
850 1357
851 1357
852 1355
853 1356
854 1355
855 1358
856 1356
857 1358
858 1355
859 1356
860 1356
861 1352
862 1357
863 1357
864 1357
865 1358
866 1356
867 1356
868 1357
869 1357
870 1360
871 1358
872 1360
873 1357
874 1355
875 1356
876 1357
877 1357
878 1356
879 1358
880 1355
881 1356
882 1357
883 1357
884 1354
885 1356
886 1355
887 1358
888 1355
889 1356
890 1354
891 1359
892 1356
893 1356
894 1353
895 1355
896 1357
897 1356
898 1356
899 1356
900 1356
901 1356
902 1358
903 1356
904 1357
905 1357
906 1357
907 1356
908 1355
909 1355
910 1358
911 1355
912 1358
913 1357
914 1355
915 1356
916 1357
917 1356
918 1357
919 1356
920 1354
921 1357
922 1356
923 1356
924 1356
925 1358
926 1356
927 1357
928 1356
929 1356
930 1358
931 1356
932 1357
933 1355
934 1359
935 1355
936 1359
937 1357
938 1356
939 1358
940 1357
941 1356
942 1356
943 1355
944 1357
945 1356
946 1357
947 1356
948 1355
949 1355
950 1356
951 1354
952 1356
953 1356
954 1359
955 1358
956 1357
957 1359
958 1356
959 1356
960 1357
961 1358
962 1357
963 1358
964 1357
965 1360
966 1359
967 1357
968 1355
969 1358
970 1357
971 1357
972 1356
973 1357
974 1355
975 1357
976 1355
977 1356
978 1358
979 1356
980 1358
981 1356
982 1362
983 1356
984 1356
985 1356
986 1355
987 1356
988 1357
989 1355
990 1355
991 1358
992 1356
993 1358
994 1356
995 1358
996 1357
997 1356
998 1356
999 1356
1000 1355
1001 1356
1002 1357
1003 1357
1004 1357
1005 1355
1006 1355
1007 1356
1008 1355
1009 1353
1010 1354
1011 1356
1012 1357
1013 1358
1014 1355
1015 1355
1016 1356
1017 1357
1018 1355
1019 1357
1020 1357
1021 1356
1022 1361
1023 1358
1024 1358
1025 1359
1026 1357
1027 1358
1028 1357
1029 1356
1030 1357
1031 1354
1032 1354
1033 1354
1034 1354
1035 1356
1036 1355
1037 1356
1038 1357
1039 1356
1040 1358
1041 1357
1042 1356
1043 1356
1044 1356
1045 1357
1046 1356
1047 1356
1048 1356
1049 1353
1050 1357
1051 1355
1052 1357
1053 1356
1054 1356
1055 1357
1056 1357
1057 1356
1058 1354
1059 1357
1060 1358
1061 1356
1062 1354
1063 1356
1064 1356
1065 1356
1066 1356
1067 1356
1068 1353
1069 1354
1070 1356
1071 1355
1072 1356
1073 1357
1074 1358
1075 1356
1076 1359
1077 1357
1078 1357
1079 1356
1080 1357
1081 1358
1082 1356
1083 1355
1084 1357
1085 1355
1086 1356
1087 1355
1088 1356
1089 1355
1090 1355
1091 1359
1092 1356
1093 1355
1094 1356
1095 1356
1096 1357
1097 1356
1098 1360
1099 1356
1100 1355
1101 1356
1102 1355
1103 1358
1104 1360
1105 1357
1106 1355
1107 1355
1108 1357
1109 1356
1110 1357
1111 1357
1112 1359
1113 1356
1114 1357
1115 1356
1116 1357
1117 1356
1118 1358
1119 1358
1120 1356
1121 1355
1122 1358
1123 1355
1124 1357
1125 1356
1126 1356
1127 1356
1128 1359
1129 1356
1130 1359
1131 1357
1132 1357
1133 1355
1134 1355
1135 1351
1136 1355
1137 1355
1138 1357
1139 1359
1140 1357
1141 1357
1142 1359
1143 1357
1144 1357
1145 1355
1146 1357
1147 1355
1148 1358
1149 1357
1150 1355
1151 1353
1152 1357
1153 1357
1154 1355
1155 1358
1156 1358
1157 1358
1158 1357
1159 1355
1160 1356
1161 1355
1162 1356
1163 1355
1164 1356
1165 1358
1166 1358
1167 1356
1168 1359
1169 1355
1170 1357
1171 1359
1172 1359
1173 1359
1174 1357
1175 1359
1176 1358
1177 1357
1178 1359
1179 1357
1180 1356
1181 1356
1182 1356
1183 1356
1184 1358
1185 1357
1186 1355
1187 1357
1188 1356
1189 1357
1190 1357
1191 1358
1192 1358
1193 1356
1194 1357
1195 1356
1196 1356
1197 1358
1198 1357
1199 1357
1200 1357
1201 1356
1202 1357
1203 1356
1204 1356
1205 1356
1206 1355
1207 1356
1208 1356
1209 1356
1210 1358
1211 1358
1212 1357
1213 1357
1214 1355
1215 1358
1216 1356
1217 1355
1218 1357
1219 1355
1220 1357
1221 1356
1222 1357
1223 1356
1224 1359
1225 1358
1226 1357
1227 1356
1228 1357
1229 1357
1230 1360
1231 1356
1232 1357
1233 1356
1234 1357
1235 1359
1236 1360
1237 1357
1238 1356
1239 1359
1240 1359
1241 1358
1242 1360
1243 1357
1244 1360
1245 1356
1246 1357
1247 1355
1248 1358
1249 1354
1250 1355
1251 1354
1252 1357
1253 1356
1254 1355
1255 1353
1256 1360
1257 1356
1258 1358
1259 1357
1260 1357
1261 1356
1262 1356
1263 1357
1264 1357
1265 1356
1266 1358
1267 1357
1268 1357
1269 1356
1270 1357
1271 1357
1272 1358
1273 1357
1274 1358
1275 1357
1276 1356
1277 1356
1278 1357
1279 1355
1280 1357
1281 1356
1282 1357
1283 1355
1284 1357
1285 1357
1286 1356
1287 1357
1288 1355
1289 1357
1290 1358
1291 1356
1292 1357
1293 1357
1294 1357
1295 1357
1296 1357
1297 1358
1298 1362
1299 1358
1300 1354
1301 1358
1302 1356
1303 1359
1304 1359
1305 1356
1306 1355
1307 1356
1308 1353
1309 1355
1310 1356
1311 1353
1312 1356
1313 1355
1314 1354
1315 1356
1316 1357
1317 1356
1318 1357
1319 1355
1320 1358
1321 1357
1322 1359
1323 1358
1324 1358
1325 1356
1326 1356
1327 1356
1328 1357
1329 1356
1330 1357
1331 1355
1332 1356
1333 1356
1334 1354
1335 1355
1336 1358
1337 1358
1338 1359
1339 1357
1340 1355
1341 1353
1342 1356
1343 1354
1344 1357
1345 1356
1346 1356
1347 1356
1348 1355
1349 1356
1350 1355
1351 1357
1352 1356
1353 1357
1354 1357
1355 1356
1356 1358
1357 1356
1358 1359
1359 1357
1360 1356
1361 1356
1362 1357
1363 1359
1364 1358
1365 1356
1366 1356
1367 1356
1368 1356
1369 1356
1370 1358
1371 1357
1372 1354
1373 1357
1374 1357
1375 1352
1376 1354
1377 1358
1378 1355
1379 1355
1380 1357
1381 1356
1382 1356
1383 1359
1384 1356
1385 1358
1386 1355
1387 1357
1388 1357
1389 1356
1390 1359
1391 1357
1392 1356
1393 1360
1394 1357
1395 1355
1396 1357
1397 1357
1398 1356
1399 1356
1400 1358
1401 1357
1402 1358
1403 1357
1404 1356
1405 1356
1406 1357
1407 1357
1408 1355
1409 1355
1410 1357
1411 1359
1412 1358
1413 1357
1414 1357
1415 1357
1416 1356
1417 1357
1418 1356
1419 1357
1420 1360
1421 1358
1422 1358
1423 1357
1424 1357
1425 1357
1426 1359
1427 1358
1428 1358
1429 1359
1430 1356
1431 1357
1432 1358
1433 1356
1434 1357
1435 1355
1436 1360
1437 1357
1438 1357
1439 1356
1440 1357
1441 1356
1442 1357
1443 1356
1444 1358
1445 1357
1446 1357
1447 1356
1448 1357
1449 1356
1450 1358
1451 1356
1452 1357
1453 1356
1454 1358
1455 1356
1456 1359
1457 1357
1458 1355
1459 1357
1460 1359
1461 1358
1462 1357
1463 1356
1464 1357
1465 1356
1466 1357
1467 1356
1468 1356
1469 1361
1470 1357
1471 1356
1472 1357
1473 1357
1474 1358
1475 1357
1476 1355
1477 1355
1478 1358
1479 1360
1480 1358
1481 1358
1482 1356
1483 1358
1484 1357
1485 1358
1486 1355
1487 1355
1488 1358
1489 1358
1490 1357
1491 1356
1492 1361
1493 1355
1494 1355
1495 1355
1496 1356
1497 1356
1498 1358
1499 1356
1500 1356
1501 1356
1502 1358
1503 1359
1504 1355
1505 1356
1506 1355
1507 1355
1508 1357
1509 1355
1510 1355
1511 1357
1512 1357
1513 1356
1514 1358
1515 1358
1516 1356
1517 1357
1518 1356
1519 1355
1520 1353
1521 1356
1522 1356
1523 1358
1524 1357
1525 1356
1526 1354
1527 1356
1528 1357
1529 1357
1530 1355
1531 1357
1532 1355
1533 1358
1534 1357
1535 1355
1536 1355
1537 1356
1538 1357
1539 1359
1540 1359
1541 1357
1542 1360
1543 1356
1544 1356
1545 1358
1546 1356
1547 1354
1548 1356
1549 1355
1550 1357
1551 1357
1552 1357
1553 1357
1554 1357
1555 1355
1556 1354
1557 1356
1558 1355
1559 1355
1560 1357
1561 1357
1562 1357
1563 1358
1564 1357
1565 1357
1566 1356
1567 1357
1568 1357
1569 1356
1570 1358
1571 1355
1572 1357
1573 1357
1574 1354
1575 1357
1576 1354
1577 1356
1578 1357
1579 1355
1580 1355
1581 1355
1582 1357
1583 1355
1584 1355
1585 1356
1586 1357
1587 1357
1588 1357
1589 1356
1590 1358
1591 1356
1592 1359
1593 1355
1594 1354
1595 1357
1596 1356
1597 1359
1598 1358
1599 1359
1600 1357
1601 1357
1602 1359
1603 1358
1604 1357
1605 1358
1606 1358
1607 1358
1608 1357
1609 1355
1610 1355
1611 1359
1612 1356
1613 1356
1614 1354
1615 1354
1616 1355
1617 1359
1618 1359
1619 1356
1620 1359
1621 1356
1622 1357
1623 1358
1624 1357
1625 1359
1626 1357
1627 1359
1628 1357
1629 1358
1630 1357
1631 1358
1632 1358
1633 1356
1634 1356
1635 1358
1636 1358
1637 1359
1638 1357
1639 1356
1640 1355
1641 1357
1642 1356
1643 1355
1644 1357
1645 1359
1646 1356
1647 1358
1648 1356
1649 1356
1650 1357
1651 1357
1652 1358
1653 1355
1654 1357
1655 1356
1656 1357
1657 1356
1658 1357
1659 1356
1660 1359
1661 1356
1662 1357
1663 1357
1664 1357
1665 1356
1666 1354
1667 1357
1668 1357
1669 1356
1670 1357
1671 1356
1672 1360
1673 1360
1674 1357
1675 1357
1676 1355
1677 1356
1678 1356
1679 1356
1680 1354
1681 1355
1682 1355
1683 1355
1684 1357
1685 1356
1686 1357
1687 1357
1688 1357
1689 1357
1690 1356
1691 1356
1692 1358
1693 1356
1694 1356
1695 1356
1696 1355
1697 1358
1698 1357
1699 1356
1700 1357
1701 1358
1702 1357
1703 1356
1704 1356
1705 1357
1706 1357
1707 1360
1708 1358
1709 1357
1710 1358
1711 1359
1712 1359
1713 1356
1714 1358
1715 1354
1716 1354
1717 1356
1718 1357
1719 1361
1720 1357
1721 1358
1722 1357
1723 1358
1724 1358
1725 1354
1726 1356
1727 1357
1728 1357
1729 1359
1730 1357
1731 1358
1732 1357
1733 1357
1734 1353
1735 1358
1736 1356
1737 1356
1738 1355
1739 1356
1740 1356
1741 1356
1742 1355
1743 1358
1744 1357
1745 1356
1746 1354
1747 1357
1748 1357
1749 1357
1750 1358
1751 1357
1752 1357
1753 1356
1754 1354
1755 1356
1756 1357
1757 1358
1758 1355
1759 1355
1760 1356
1761 1357
1762 1359
1763 1354
1764 1357
1765 1359
1766 1357
1767 1356
1768 1354
1769 1357
1770 1357
1771 1355
1772 1357
1773 1358
1774 1357
1775 1356
1776 1361
1777 1357
1778 1358
1779 1357
1780 1357
1781 1358
1782 1360
1783 1358
1784 1357
1785 1357
1786 1359
1787 1358
1788 1358
1789 1357
1790 1356
1791 1355
1792 1358
1793 1355
1794 1355
1795 1358
1796 1358
1797 1359
1798 1356
1799 1357
1800 1355
1801 1353
1802 1359
1803 1360
1804 1355
1805 1359
1806 1358
1807 1358
1808 1355
1809 1357
1810 1358
1811 1356
1812 1355
1813 1356
1814 1358
1815 1361
1816 1357
1817 1359
1818 1359
1819 1360
1820 1358
1821 1357
1822 1358
1823 1358
1824 1356
1825 1355
1826 1354
1827 1354
1828 1357
1829 1359
1830 1359
1831 1357
1832 1358
1833 1358
1834 1355
1835 1357
1836 1357
1837 1357
1838 1355
1839 1356
1840 1357
1841 1357
1842 1357
1843 1355
1844 1356
1845 1358
1846 1356
1847 1356
1848 1359
1849 1358
1850 1362
1851 1356
1852 1358
1853 1359
1854 1354
1855 1357
1856 1358
1857 1357
1858 1356
1859 1357
1860 1355
1861 1359
1862 1358
1863 1358
1864 1356
1865 1357
1866 1357
1867 1356
1868 1357
1869 1357
1870 1356
1871 1358
1872 1359
1873 1357
1874 1358
1875 1359
1876 1357
1877 1358
1878 1356
1879 1356
1880 1361
1881 1357
1882 1357
1883 1357
1884 1358
1885 1356
1886 1356
1887 1357
1888 1357
1889 1359
1890 1357
1891 1353
1892 1357
1893 1356
1894 1355
1895 1356
1896 1355
1897 1355
1898 1357
1899 1356
1900 1356
1901 1359
1902 1358
1903 1356
1904 1357
1905 1356
1906 1358
1907 1357
1908 1361
1909 1355
1910 1355
1911 1356
1912 1358
1913 1355
1914 1357
1915 1356
1916 1356
1917 1355
1918 1355
1919 1356
1920 1355
1921 1357
1922 1355
1923 1356
1924 1356
1925 1356
1926 1356
1927 1356
1928 1357
1929 1357
1930 1358
1931 1358
1932 1356
1933 1356
1934 1352
1935 1356
1936 1357
1937 1357
1938 1357
1939 1357
1940 1356
1941 1356
1942 1358
1943 1359
1944 1356
1945 1356
1946 1353
1947 1357
1948 1357
1949 1354
1950 1355
1951 1358
1952 1359
1953 1357
1954 1356
1955 1355
1956 1354
1957 1353
1958 1357
1959 1354
1960 1357
1961 1355
1962 1356
1963 1356
1964 1354
1965 1352
1966 1355
1967 1356
1968 1358
1969 1356
1970 1355
1971 1355
1972 1358
1973 1355
1974 1357
1975 1357
1976 1358
1977 1358
1978 1358
1979 1356
1980 1357
1981 1355
1982 1357
1983 1356
1984 1358
1985 1357
1986 1353
1987 1356
1988 1357
1989 1354
1990 1355
1991 1357
1992 1355
1993 1357
1994 1358
1995 1354
1996 1357
1997 1357
1998 1356
1999 1359
2000 1357
2001 1356
2002 1358
2003 1357
2004 1356
2005 1356
2006 1357
2007 1356
2008 1354
2009 1355
2010 1355
2011 1356
2012 1355
2013 1357
2014 1357
2015 1351
2016 1355
2017 1356
2018 1358
2019 1358
2020 1357
2021 1358
2022 1360
2023 1356
2024 1359
2025 1355
2026 1356
2027 1356
2028 1357
2029 1359
2030 1359
2031 1357
2032 1357
2033 1357
2034 1358
2035 1359
2036 1356
2037 1357
2038 1357
2039 1356
2040 1356
2041 1358
2042 1356
2043 1356
2044 1356
2045 1358
2046 1357
2047 1356
2048 1356
2049 1358
2050 1358
2051 1355
2052 1357
2053 1358
2054 1355
2055 1357
2056 1356
2057 1357
2058 1356
2059 1356
2060 1355
2061 1358
2062 1360
2063 1359
2064 1358
2065 1357
2066 1356
2067 1356
2068 1356
2069 1357
2070 1356
2071 1354
2072 1358
2073 1360
2074 1357
2075 1358
2076 1356
2077 1356
2078 1356
2079 1358
2080 1356
2081 1358
2082 1357
2083 1358
2084 1356
2085 1357
2086 1357
2087 1358
2088 1357
2089 1358
2090 1356
2091 1357
2092 1352
2093 1357
2094 1355
2095 1355
2096 1360
2097 1358
2098 1356
2099 1358
2100 1357
2101 1356
2102 1355
2103 1358
2104 1357
2105 1357
2106 1358
2107 1357
2108 1355
2109 1356
2110 1352
2111 1354
2112 1354
2113 1357
2114 1358
2115 1357
2116 1356
2117 1355
2118 1355
2119 1358
2120 1358
2121 1355
2122 1355
2123 1354
2124 1357
2125 1355
2126 1355
2127 1355
2128 1356
2129 1356
2130 1357
2131 1354
2132 1357
2133 1356
2134 1356
2135 1357
2136 1357
2137 1358
2138 1356
2139 1356
2140 1354
2141 1357
2142 1358
2143 1358
2144 1358
2145 1356
2146 1356
2147 1357
2148 1357
2149 1356
2150 1354
2151 1356
2152 1354
2153 1354
2154 1358
2155 1356
2156 1358
2157 1358
2158 1357
2159 1358
2160 1357
2161 1353
2162 1357
2163 1356
2164 1359
2165 1356
2166 1355
2167 1352
2168 1355
2169 1355
2170 1357
2171 1355
2172 1357
2173 1356
2174 1357
2175 1355
2176 1356
2177 1355
2178 1358
2179 1358
2180 1358
2181 1357
2182 1355
2183 1360
2184 1357
2185 1358
2186 1358
2187 1357
2188 1358
2189 1356
2190 1357
2191 1359
2192 1357
2193 1356
2194 1356
2195 1355
2196 1357
2197 1357
2198 1356
2199 1356
2200 1358
2201 1357
2202 1355
2203 1357
2204 1355
2205 1355
2206 1358
2207 1356
2208 1355
2209 1355
2210 1355
2211 1358
2212 1355
2213 1353
2214 1357
2215 1357
2216 1358
2217 1356
2218 1357
2219 1356
2220 1357
2221 1356
2222 1357
2223 1357
2224 1356
2225 1354
2226 1357
2227 1357
2228 1358
2229 1354
2230 1358
2231 1355
2232 1356
2233 1356
2234 1356
2235 1356
2236 1357
2237 1354
2238 1356
2239 1354
2240 1355
2241 1357
2242 1357
2243 1357
2244 1359
2245 1358
2246 1359
2247 1358
2248 1357
2249 1355
2250 1357
2251 1357
2252 1358
2253 1357
2254 1353
2255 1357
2256 1360
2257 1356
2258 1357
2259 1355
2260 1357
2261 1355
2262 1357
2263 1355
2264 1359
2265 1357
2266 1358
2267 1356
2268 1356
2269 1354
2270 1356
2271 1357
2272 1357
2273 1356
2274 1356
2275 1358
2276 1358
2277 1356
2278 1359
2279 1357
2280 1355
2281 1355
2282 1360
2283 1357
2284 1354
2285 1354
2286 1356
2287 1355
2288 1357
2289 1354
2290 1357
2291 1356
2292 1357
2293 1355
2294 1356
2295 1357
2296 1359
2297 1358
2298 1356
2299 1355
2300 1355
2301 1358
2302 1357
2303 1356
2304 1357
2305 1356
2306 1357
2307 1358
2308 1357
2309 1355
2310 1357
2311 1357
2312 1357
2313 1354
2314 1355
2315 1356
2316 1355
2317 1356
2318 1356
2319 1355
2320 1356
2321 1356
2322 1356
2323 1354
2324 1354
2325 1356
2326 1358
2327 1358
2328 1360
2329 1358
2330 1357
2331 1358
2332 1357
2333 1356
2334 1358
2335 1355
2336 1358
2337 1357
2338 1357
2339 1357
2340 1360
2341 1357
2342 1355
2343 1356
2344 1356
2345 1354
2346 1355
2347 1355
2348 1353
2349 1356
2350 1356
2351 1356
2352 1355
2353 1356
2354 1355
2355 1356
2356 1354
2357 1354
2358 1353
2359 1356
2360 1356
2361 1360
2362 1357
2363 1355
2364 1356
2365 1355
2366 1355
2367 1358
2368 1357
2369 1357
2370 1357
2371 1356
2372 1356
2373 1359
2374 1357
2375 1356
2376 1356
2377 1356
2378 1358
2379 1358
2380 1356
2381 1359
2382 1356
2383 1356
2384 1356
2385 1355
2386 1354
2387 1355
2388 1356
2389 1355
2390 1355
2391 1356
2392 1357
2393 1354
2394 1356
2395 1353
2396 1355
2397 1359
2398 1356
2399 1355
2400 1357
2401 1357
2402 1358
2403 1357
2404 1359
2405 1356
2406 1357
2407 1358
2408 1356
2409 1356
2410 1357
2411 1358
2412 1358
2413 1354
2414 1356
2415 1359
2416 1354
2417 1358
2418 1355
2419 1356
2420 1355
2421 1356
2422 1356
2423 1357
2424 1355
2425 1357
2426 1355
2427 1356
2428 1357
2429 1357
2430 1357
2431 1355
2432 1355
2433 1356
2434 1355
2435 1358
2436 1355
2437 1353
2438 1354
2439 1355
2440 1353
2441 1355
2442 1358
2443 1357
2444 1357
2445 1358
2446 1356
2447 1355
2448 1357
2449 1356
2450 1358
2451 1357
2452 1355
2453 1356
2454 1356
2455 1356
2456 1358
2457 1355
2458 1358
2459 1353
2460 1355
2461 1354
2462 1356
2463 1356
2464 1358
2465 1356
2466 1356
2467 1356
2468 1357
2469 1355
2470 1355
2471 1357
2472 1357
2473 1358
2474 1355
2475 1356
2476 1353
2477 1355
2478 1352
2479 1356
2480 1353
2481 1359
2482 1359
2483 1358
2484 1356
2485 1355
2486 1355
2487 1356
2488 1355
2489 1356
2490 1357
2491 1356
2492 1356
2493 1357
2494 1357
2495 1359
2496 1357
2497 1357
2498 1356
2499 1353
2500 1355
2501 1356
2502 1360
2503 1357
2504 1359
2505 1356
2506 1353
2507 1358
2508 1356
2509 1356
2510 1360
2511 1357
2512 1358
2513 1357
2514 1356
2515 1358
2516 1357
2517 1356
2518 1356
2519 1358
2520 1358
2521 1357
2522 1356
2523 1356
2524 1354
2525 1355
2526 1357
2527 1354
2528 1356
2529 1358
2530 1356
2531 1359
2532 1357
2533 1354
2534 1357
2535 1355
2536 1358
2537 1355
2538 1357
2539 1357
2540 1357
2541 1357
2542 1355
2543 1356
2544 1356
2545 1356
2546 1354
2547 1354
2548 1355
2549 1357
2550 1355
2551 1358
2552 1358
2553 1355
2554 1354
2555 1352
2556 1355
2557 1356
2558 1356
2559 1355
2560 1357
2561 1358
2562 1356
2563 1358
2564 1356
2565 1358
2566 1359
2567 1357
2568 1353
2569 1355
2570 1356
2571 1356
2572 1358
2573 1354
2574 1356
2575 1356
2576 1358
2577 1356
2578 1357
2579 1355
2580 1358
2581 1356
2582 1356
2583 1358
2584 1358
2585 1357
2586 1357
2587 1359
2588 1357
2589 1356
2590 1353
2591 1355
2592 1355
2593 1357
2594 1357
2595 1355
2596 1357
2597 1357
2598 1361
2599 1357
2600 1357
2601 1356
2602 1356
2603 1356
2604 1358
2605 1356
2606 1359
2607 1359
2608 1358
2609 1356
2610 1357
2611 1356
2612 1359
2613 1356
2614 1357
2615 1355
2616 1355
2617 1357
2618 1353
2619 1355
2620 1356
2621 1356
2622 1358
2623 1356
2624 1356
2625 1358
2626 1357
2627 1356
2628 1357
2629 1358
2630 1357
2631 1359
2632 1359
2633 1356
2634 1356
2635 1353
2636 1355
2637 1355
2638 1357
2639 1356
2640 1358
2641 1357
2642 1358
2643 1358
2644 1358
2645 1356
2646 1357
2647 1357
2648 1357
2649 1357
2650 1357
2651 1356
2652 1355
2653 1356
2654 1355
2655 1357
2656 1356
2657 1356
2658 1355
2659 1355
2660 1351
2661 1356
2662 1357
2663 1357
2664 1357
2665 1356
2666 1357
2667 1356
2668 1357
2669 1358
2670 1357
2671 1358
2672 1356
2673 1356
2674 1357
2675 1355
2676 1357
2677 1355
2678 1356
2679 1356
2680 1355
2681 1355
2682 1355
2683 1356
2684 1355
2685 1357
2686 1358
2687 1359
2688 1357
2689 1356
2690 1355
2691 1355
2692 1357
2693 1356
2694 1354
2695 1356
2696 1355
2697 1355
2698 1357
2699 1356
2700 1355
2701 1356
2702 1358
2703 1356
2704 1352
2705 1359
2706 1355
2707 1357
2708 1357
2709 1357
2710 1357
2711 1356
2712 1359
2713 1358
2714 1357
2715 1357
2716 1356
2717 1356
2718 1358
2719 1356
2720 1357
2721 1357
2722 1356
2723 1358
2724 1356
2725 1356
2726 1358
2727 1354
2728 1357
2729 1353
2730 1356
2731 1359
2732 1358
2733 1356
2734 1359
2735 1357
2736 1357
2737 1357
2738 1357
2739 1356
2740 1357
2741 1356
2742 1358
2743 1355
2744 1355
2745 1355
2746 1357
2747 1358
2748 1356
2749 1355
2750 1355
2751 1354
2752 1355
2753 1355
2754 1356
2755 1357
2756 1358
2757 1360
2758 1358
2759 1358
2760 1359
2761 1358
2762 1358
2763 1358
2764 1358
2765 1354
2766 1355
2767 1356
2768 1358
2769 1355
2770 1355
2771 1355
2772 1356
2773 1357
2774 1353
2775 1356
2776 1356
2777 1356
2778 1355
2779 1355
2780 1354
2781 1355
2782 1353
2783 1356
2784 1354
2785 1355
2786 1354
2787 1356
2788 1358
2789 1356
2790 1354
2791 1357
2792 1359
2793 1356
2794 1355
2795 1357
2796 1358
2797 1357
2798 1357
2799 1356
2800 1358
2801 1358
2802 1354
2803 1356
2804 1356
2805 1356
2806 1355
2807 1355
2808 1357
2809 1355
2810 1358
2811 1356
2812 1356
2813 1358
2814 1355
2815 1357
2816 1356
2817 1356
2818 1357
2819 1356
2820 1355
2821 1356
2822 1358
2823 1357
2824 1356
2825 1356
2826 1356
2827 1350
2828 1356
2829 1356
2830 1356
2831 1354
2832 1354
2833 1356
2834 1357
2835 1355
2836 1356
2837 1357
2838 1355
2839 1354
2840 1355
2841 1355
2842 1357
2843 1357
2844 1357
2845 1354
2846 1357
2847 1356
2848 1357
2849 1355
2850 1359
2851 1356
2852 1359
2853 1355
2854 1358
2855 1354
2856 1357
2857 1355
2858 1356
2859 1356
2860 1355
2861 1353
2862 1355
2863 1353
2864 1355
2865 1356
2866 1355
2867 1354
2868 1354
2869 1354
2870 1355
2871 1355
2872 1357
2873 1356
2874 1355
2875 1353
2876 1355
2877 1354
2878 1356
2879 1356
2880 1357
2881 1356
2882 1352
2883 1355
2884 1357
2885 1357
2886 1356
2887 1359
2888 1356
2889 1356
2890 1356
2891 1355
2892 1357
2893 1356
2894 1356
2895 1357
2896 1354
2897 1357
2898 1355
2899 1357
2900 1356
2901 1357
2902 1357
2903 1356
2904 1353
2905 1354
2906 1356
2907 1358
2908 1351
2909 1356
2910 1356
2911 1356
2912 1355
2913 1354
2914 1355
2915 1356
2916 1356
2917 1356
2918 1355
2919 1354
2920 1357
2921 1360
2922 1357
2923 1358
2924 1357
2925 1359
2926 1356
2927 1357
2928 1356
2929 1356
2930 1354
2931 1357
2932 1356
2933 1354
2934 1354
2935 1355
2936 1356
2937 1355
2938 1356
2939 1354
2940 1357
2941 1356
2942 1357
2943 1356
2944 1358
2945 1355
2946 1356
2947 1356
2948 1357
2949 1357
2950 1357
2951 1354
2952 1354
2953 1357
2954 1357
2955 1357
2956 1356
2957 1357
2958 1355
2959 1356
2960 1356
2961 1360
2962 1357
2963 1359
2964 1354
2965 1354
2966 1357
2967 1358
2968 1356
2969 1356
2970 1356
2971 1358
2972 1358
2973 1356
2974 1355
2975 1357
2976 1357
2977 1354
2978 1356
2979 1353
2980 1356
2981 1357
2982 1358
2983 1355
2984 1355
2985 1356
2986 1357
2987 1355
2988 1355
2989 1356
2990 1355
2991 1354
2992 1355
2993 1354
2994 1356
2995 1353
2996 1351
2997 1356
2998 1357
2999 1357
3000 1357
3001 1356
3002 1356
3003 1357
3004 1359
3005 1358
3006 1358
3007 1359
3008 1356
3009 1355
3010 1357
3011 1358
3012 1357
3013 1357
3014 1354
3015 1356
3016 1356
3017 1355
3018 1354
3019 1355
3020 1355
3021 1354
3022 1356
3023 1356
3024 1353
3025 1355
3026 1355
3027 1354
3028 1356
3029 1355
3030 1355
3031 1357
3032 1358
3033 1356
3034 1357
3035 1356
3036 1356
3037 1356
3038 1355
3039 1357
3040 1357
3041 1358
3042 1355
3043 1356
3044 1356
3045 1357
3046 1357
3047 1358
3048 1357
3049 1356
3050 1358
3051 1356
3052 1359
3053 1356
3054 1356
3055 1355
3056 1355
3057 1358
3058 1356
3059 1356
3060 1354
3061 1356
3062 1359
3063 1360
3064 1356
3065 1358
3066 1355
3067 1360
3068 1357
3069 1357
3070 1355
3071 1358
3072 1354
3073 1357
3074 1354
3075 1356
3076 1356
3077 1358
3078 1357
3079 1358
3080 1355
3081 1354
3082 1354
3083 1356
3084 1353
3085 1359
3086 1353
3087 1357
3088 1356
3089 1357
3090 1358
3091 1361
3092 1358
3093 1359
3094 1358
3095 1357
3096 1357
3097 1359
3098 1357
3099 1356
3100 1357
3101 1357
3102 1356
3103 1355
3104 1353
3105 1358
3106 1355
3107 1356
3108 1354
3109 1355
3110 1356
3111 1355
3112 1355
3113 1354
3114 1353
3115 1352
3116 1357
3117 1356
3118 1355
3119 1356
3120 1357
3121 1355
3122 1356
3123 1360
3124 1357
3125 1359
3126 1356
3127 1358
3128 1358
3129 1358
3130 1357
3131 1358
3132 1355
3133 1358
3134 1355
3135 1356
3136 1357
3137 1359
3138 1357
3139 1356
3140 1357
3141 1355
3142 1355
3143 1359
3144 1355
3145 1356
3146 1356
3147 1356
3148 1355
3149 1358
3150 1353
3151 1356
3152 1357
3153 1356
3154 1358
3155 1359
3156 1353
3157 1356
3158 1357
3159 1359
3160 1357
3161 1356
3162 1358
3163 1355
3164 1355
3165 1354
3166 1353
3167 1356
3168 1353
3169 1357
3170 1356
3171 1356
3172 1355
3173 1358
3174 1357
3175 1357
3176 1356
3177 1357
3178 1357
3179 1356
3180 1356
3181 1355
3182 1358
3183 1357
3184 1356
3185 1357
3186 1358
3187 1358
3188 1357
3189 1354
3190 1355
3191 1353
3192 1357
3193 1357
3194 1355
3195 1352
3196 1352
3197 1356
3198 1353
3199 1356
3200 1355
3201 1358
3202 1355
3203 1355
3204 1353
3205 1353
3206 1355
3207 1357
3208 1356
3209 1355
3210 1357
3211 1355
3212 1354
3213 1357
3214 1356
3215 1359
3216 1355
3217 1356
3218 1355
3219 1358
3220 1357
3221 1358
3222 1359
3223 1358
3224 1357
3225 1357
3226 1355
3227 1355
3228 1353
3229 1356
3230 1356
3231 1354
3232 1354
3233 1356
3234 1357
3235 1356
3236 1355
3237 1355
3238 1353
3239 1358
3240 1356
3241 1357
3242 1357
3243 1354
3244 1356
3245 1357
3246 1356
3247 1358
3248 1356
3249 1354
3250 1354
3251 1355
3252 1358
3253 1356
3254 1357
3255 1355
3256 1356
3257 1356
3258 1354
3259 1356
3260 1357
3261 1356
3262 1356
3263 1355
3264 1355
3265 1355
3266 1355
3267 1356
3268 1358
3269 1356
3270 1357
3271 1356
3272 1356
3273 1358
3274 1357
3275 1356
3276 1355
3277 1355
3278 1355
3279 1356
3280 1356
3281 1357
3282 1354
3283 1357
3284 1354
3285 1355
3286 1355
3287 1358
3288 1357
3289 1356
3290 1357
3291 1359
3292 1357
3293 1356
3294 1356
3295 1358
3296 1356
3297 1356
3298 1355
3299 1357
3300 1357
3301 1357
3302 1357
3303 1356
3304 1356
3305 1356
3306 1356
3307 1357
3308 1357
3309 1358
3310 1358
3311 1356
3312 1359
3313 1356
3314 1356
3315 1359
3316 1355
3317 1356
3318 1356
3319 1355
3320 1356
3321 1356
3322 1352
3323 1356
3324 1353
3325 1358
3326 1356
3327 1358
3328 1354
3329 1358
3330 1355
3331 1356
3332 1354
3333 1354
3334 1353
3335 1357
3336 1357
3337 1356
3338 1355
3339 1359
3340 1355
3341 1356
3342 1354
3343 1358
3344 1355
3345 1357
3346 1355
3347 1355
3348 1356
3349 1353
3350 1354
3351 1356
3352 1354
3353 1356
3354 1357
3355 1356
3356 1354
3357 1357
3358 1354
3359 1356
3360 1356
3361 1358
3362 1357
3363 1355
3364 1357
3365 1356
3366 1357
3367 1356
3368 1354
3369 1358
3370 1357
3371 1358
3372 1357
3373 1358
3374 1355
3375 1356
3376 1356
3377 1357
3378 1355
3379 1356
3380 1354
3381 1356
3382 1354
3383 1355
3384 1353
3385 1356
3386 1354
3387 1354
3388 1354
3389 1355
3390 1353
3391 1355
3392 1355
3393 1353
3394 1353
3395 1353
3396 1355
3397 1358
3398 1358
3399 1356
3400 1357
3401 1358
3402 1356
3403 1356
3404 1353
3405 1359
3406 1359
3407 1355
3408 1357
3409 1355
3410 1355
3411 1356
3412 1356
3413 1356
3414 1355
3415 1356
3416 1355
3417 1357
3418 1354
3419 1356
3420 1353
3421 1355
3422 1358
3423 1357
3424 1356
3425 1356
3426 1354
3427 1356
3428 1358
3429 1357
3430 1356
3431 1357
3432 1355
3433 1354
3434 1357
3435 1359
3436 1357
3437 1357
3438 1357
3439 1355
3440 1360
3441 1360
3442 1357
3443 1355
3444 1355
3445 1356
3446 1354
3447 1356
3448 1357
3449 1355
3450 1354
3451 1358
3452 1357
3453 1357
3454 1357
3455 1353
3456 1356
3457 1357
3458 1355
3459 1356
3460 1358
3461 1357
3462 1359
3463 1358
3464 1357
3465 1356
3466 1360
3467 1356
3468 1354
3469 1355
3470 1356
3471 1356
3472 1354
3473 1356
3474 1355
3475 1359
3476 1357
3477 1356
3478 1357
3479 1357
3480 1359
3481 1356
3482 1354
3483 1356
3484 1359
3485 1356
3486 1358
3487 1357
3488 1358
3489 1358
3490 1357
3491 1357
3492 1357
3493 1360
3494 1357
3495 1356
3496 1357
3497 1356
3498 1359
3499 1355
3500 1354
3501 1354
3502 1354
3503 1356
3504 1356
3505 1356
3506 1357
3507 1357
3508 1355
3509 1356
3510 1355
3511 1353
3512 1355
3513 1355
3514 1355
3515 1355
3516 1357
3517 1354
3518 1357
3519 1356
3520 1357
3521 1355
3522 1356
3523 1357
3524 1357
3525 1358
3526 1358
3527 1359
3528 1358
3529 1357
3530 1360
3531 1357
3532 1356
3533 1357
3534 1355
3535 1357
3536 1357
3537 1356
3538 1357
3539 1359
3540 1358
3541 1355
3542 1356
3543 1356
3544 1356
3545 1357
3546 1355
3547 1354
3548 1358
3549 1356
3550 1358
3551 1356
3552 1357
3553 1359
3554 1358
3555 1355
3556 1357
3557 1357
3558 1357
3559 1357
3560 1357
3561 1355
3562 1357
3563 1355
3564 1356
3565 1356
3566 1357
3567 1356
3568 1354
3569 1354
3570 1355
3571 1358
3572 1358
3573 1356
3574 1355
3575 1357
3576 1358
3577 1356
3578 1357
3579 1357
3580 1356
3581 1356
3582 1357
3583 1353
3584 1358
3585 1356
3586 1356
3587 1356
3588 1355
3589 1356
3590 1357
3591 1356
3592 1358
3593 1359
3594 1357
3595 1356
3596 1358
3597 1354
3598 1355
3599 1357
3600 1357
3601 1357
3602 1356
3603 1356
3604 1353
3605 1355
3606 1355
3607 1356
3608 1357
3609 1355
3610 1358
3611 1355
3612 1357
3613 1357
3614 1357
3615 1358
3616 1358
3617 1356
3618 1359
3619 1357
3620 1359
3621 1354
3622 1357
3623 1358
3624 1357
3625 1357
3626 1357
3627 1355
3628 1355
3629 1357
3630 1359
3631 1356
3632 1357
3633 1356
3634 1357
3635 1356
3636 1357
3637 1356
3638 1355
3639 1354
3640 1358
3641 1354
3642 1355
3643 1354
3644 1356
3645 1355
3646 1359
3647 1357
3648 1357
3649 1356
3650 1358
3651 1360
3652 1359
3653 1359
3654 1359
3655 1358
3656 1355
3657 1358
3658 1355
3659 1356
3660 1356
3661 1356
3662 1356
3663 1356
3664 1355
3665 1357
3666 1356
3667 1357
3668 1357
3669 1359
3670 1358
3671 1356
3672 1356
3673 1355
3674 1357
3675 1355
3676 1361
3677 1355
3678 1358
3679 1356
3680 1357
3681 1357
3682 1356
3683 1357
3684 1358
3685 1357
3686 1357
3687 1356
3688 1355
3689 1353
3690 1357
3691 1358
3692 1355
3693 1356
3694 1355
3695 1358
3696 1357
3697 1358
3698 1359
3699 1355
3700 1357
3701 1356
3702 1358
3703 1357
3704 1358
3705 1357
3706 1354
3707 1358
3708 1357
3709 1356
3710 1359
3711 1356
3712 1356
3713 1358
3714 1359
3715 1357
3716 1356
3717 1358
3718 1355
3719 1356
3720 1355
3721 1358
3722 1358
3723 1356
3724 1357
3725 1359
3726 1357
3727 1358
3728 1357
3729 1356
3730 1357
3731 1355
3732 1356
3733 1355
3734 1356
3735 1356
3736 1357
3737 1358
3738 1357
3739 1357
3740 1359
3741 1356
3742 1359
3743 1358
3744 1358
3745 1358
3746 1357
3747 1357
3748 1359
3749 1359
3750 1356
3751 1356
3752 1354
3753 1354
3754 1356
3755 1357
3756 1357
3757 1354
3758 1356
3759 1354
3760 1357
3761 1351
3762 1355
3763 1356
3764 1359
3765 1357
3766 1359
3767 1356
3768 1356
3769 1355
3770 1360
3771 1357
3772 1358
3773 1356
3774 1358
3775 1358
3776 1356
3777 1356
3778 1358
3779 1353
3780 1356
3781 1355
3782 1357
3783 1356
3784 1354
3785 1354
3786 1357
3787 1357
3788 1362
3789 1357
3790 1356
3791 1355
3792 1360
3793 1357
3794 1357
3795 1354
3796 1358
3797 1357
3798 1357
3799 1354
3800 1357
3801 1357
3802 1358
3803 1355
3804 1352
3805 1356
3806 1360
3807 1356
3808 1354
3809 1355
3810 1356
3811 1354
3812 1355
3813 1354
3814 1353
3815 1357
3816 1354
3817 1354
3818 1354
3819 1352
3820 1354
3821 1354
3822 1353
3823 1356
3824 1358
3825 1355
3826 1356
3827 1356
3828 1355
3829 1356
3830 1358
3831 1359
3832 1356
3833 1356
3834 1354
3835 1357
3836 1356
3837 1357
3838 1355
3839 1358
3840 1354
3841 1354
3842 1355
3843 1357
3844 1357
3845 1355
3846 1354
3847 1359
3848 1356
3849 1355
3850 1357
3851 1356
3852 1360
3853 1355
3854 1353
3855 1354
3856 1357
3857 1356
3858 1355
3859 1355
3860 1355
3861 1356
3862 1357
3863 1358
3864 1356
3865 1357
3866 1357
3867 1358
3868 1357
3869 1355
3870 1353
3871 1353
3872 1355
3873 1356
3874 1356
3875 1354
3876 1356
3877 1354
3878 1352
3879 1351
3880 1354
3881 1354
3882 1357
3883 1356
3884 1354
3885 1356
3886 1355
3887 1360
3888 1358
3889 1355
3890 1357
3891 1359
3892 1356
3893 1357
3894 1357
3895 1357
3896 1355
3897 1358
3898 1359
3899 1357
3900 1356
3901 1358
3902 1356
3903 1355
3904 1357
3905 1356
3906 1358
3907 1359
3908 1358
3909 1353
3910 1356
3911 1354
3912 1355
3913 1356
3914 1357
3915 1357
3916 1357
3917 1359
3918 1355
3919 1355
3920 1360
3921 1358
3922 1358
3923 1358
3924 1357
3925 1356
3926 1357
3927 1356
3928 1355
3929 1356
3930 1357
3931 1356
3932 1357
3933 1355
3934 1354
3935 1358
3936 1358
3937 1358
3938 1356
3939 1356
3940 1354
3941 1355
3942 1357
3943 1355
3944 1356
3945 1354
3946 1354
3947 1358
3948 1355
3949 1357
3950 1356
3951 1355
3952 1355
3953 1357
3954 1356
3955 1355
3956 1358
3957 1358
3958 1357
3959 1356
3960 1357
3961 1353
3962 1358
3963 1355
3964 1356
3965 1356
3966 1354
3967 1357
3968 1354
3969 1354
3970 1357
3971 1356
3972 1359
3973 1357
3974 1357
3975 1354
3976 1355
3977 1355
3978 1357
3979 1357
3980 1357
3981 1356
3982 1357
3983 1354
3984 1357
3985 1355
3986 1355
3987 1354
3988 1359
3989 1357
3990 1357
3991 1357
3992 1357
3993 1356
3994 1355
3995 1355
3996 1354
3997 1353
3998 1356
3999 1354
