0 1357
1 1357
2 1356
3 1355
4 1357
5 1356
6 1356
7 1356
8 1355
9 1356
10 1354
11 1355
12 1356
13 1355
14 1357
15 1355
16 1357
17 1358
18 1358
19 1355
20 1357
21 1358
22 1358
23 1356
24 1359
25 1356
26 1355
27 1355
28 1353
29 1355
30 1357
31 1356
32 1355
33 1355
34 1353
35 1356
36 1355
37 1357
38 1358
39 1355
40 1357
41 1357
42 1359
43 1356
44 1357
45 1357
46 1357
47 1356
48 1358
49 1357
50 1357
51 1356
52 1356
53 1356
54 1355
55 1358
56 1353
57 1357
58 1353
59 1356
60 1358
61 1359
62 1357
63 1355
64 1356
65 1357
66 1357
67 1357
68 1355
69 1355
70 1352
71 1357
72 1356
73 1355
74 1355
75 1353
76 1355
77 1358
78 1354
79 1356
80 1354
81 1358
82 1358
83 1357
84 1356
85 1359
86 1357
87 1358
88 1353
89 1355
90 1356
91 1357
92 1356
93 1358
94 1358
95 1357
96 1355
97 1355
98 1356
99 1355
100 1355
101 1356
102 1357
103 1356
104 1355
105 1356
106 1358
107 1356
108 1357
109 1356
110 1356
111 1356
112 1356
113 1357
114 1354
115 1353
116 1354
117 1356
118 1354
119 1356
120 1358
121 1356
122 1356
123 1357
124 1352
125 1354
126 1358
127 1353
128 1356
129 1355
130 1352
131 1356
132 1357
133 1357
134 1357
135 1355
136 1357
137 1359
138 1358
139 1356
140 1357
141 1357
142 1355
143 1355
144 1357
145 1355
146 1354
147 1354
148 1355
149 1357
150 1358
151 1356
152 1354
153 1354
154 1353
155 1353
156 1355
157 1356
158 1355
159 1356
160 1357
161 1359
162 1357
163 1358
164 1357
165 1355
166 1356
167 1356
168 1356
169 1353
170 1355
171 1357
172 1355
173 1356
174 1357
175 1352
176 1354
177 1357
178 1358
179 1354
180 1355
181 1355
182 1354
183 1355
184 1354
185 1354
186 1357
187 1355
188 1353
189 1357
190 1358
191 1358
192 1355
193 1357
194 1359
195 1358
196 1357
197 1355
198 1355
199 1357
200 1357
201 1358
202 1358
203 1355
204 1356
205 1354
206 1355
207 1354
208 1356
209 1356
210 1356
211 1356
212 1356
213 1357
214 1355
215 1358
216 1356
217 1358
218 1357
219 1358
220 1357
221 1356
222 1356
223 1356
224 1356
225 1356
226 1354
227 1357
228 1357
229 1356
230 1356
231 1356
232 1354
233 1355
234 1355
235 1354
236 1356
237 1354
238 1355
239 1354
240 1356
241 1355
242 1357
243 1353
244 1356
245 1357
246 1356
247 1354
248 1356
249 1352
250 1357
251 1356
252 1355
253 1355
254 1356
255 1355
256 1354
257 1356
258 1356
259 1355
260 1356
261 1356
262 1357
263 1355
264 1356
265 1354
266 1356
267 1356
268 1358
269 1357
270 1360
271 1356
272 1357
273 1356
274 1355
275 1356
276 1357
277 1354
278 1354
279 1354
280 1356
281 1358
282 1356
283 1356
284 1353
285 1354
286 1354
287 1357
288 1357
289 1356
290 1357
291 1356
292 1356
293 1356
294 1356
295 1355
296 1355
297 1356
298 1354
299 1356
300 1358
301 1355
302 1355
303 1355
304 1355
305 1356
306 1354
307 1353
308 1353
309 1353
310 1357
311 1355
312 1355
313 1353
314 1355
315 1355
316 1355
317 1355
318 1354
319 1354
320 1356
321 1355
322 1357
323 1356
324 1358
325 1357
326 1357
327 1356
328 1356
329 1354
330 1356
331 1357
332 1358
333 1355
334 1354
335 1354
336 1355
337 1354
338 1354
339 1354
340 1357
341 1355
342 1354
343 1356
344 1356
345 1354
346 1356
347 1354
348 1354
349 1356
350 1354
351 1354
352 1355
353 1352
354 1356
355 1356
356 1356
357 1354
358 1356
359 1354
360 1355
361 1358
362 1355
363 1356
364 1354
365 1354
366 1356
367 1356
368 1353
369 1354
370 1355
371 1356
372 1358
373 1356
374 1356
375 1354
376 1356
377 1355
378 1356
379 1354
380 1355
381 1356
382 1356
383 1358
384 1355
385 1356
386 1357
387 1357
388 1356
389 1356
390 1354
391 1357
392 1358
393 1358
394 1353
395 1356
396 1355
397 1356
398 1353
399 1353
400 1354
401 1354
402 1356
403 1355
404 1356
405 1356
406 1355
407 1353
408 1354
409 1355
410 1356
411 1356
412 1356
413 1356
414 1356
415 1354
416 1355
417 1352
418 1356
419 1355
420 1356
421 1355
422 1355
423 1354
424 1355
425 1354
426 1354
427 1356
428 1354
429 1355
430 1356
431 1355
432 1356
433 1356
434 1357
435 1357
436 1359
437 1355
438 1354
439 1355
440 1358
441 1357
442 1354
443 1356
444 1356
445 1357
446 1356
447 1356
448 1355
449 1353
450 1355
451 1358
452 1357
453 1357
454 1354
455 1356
456 1355
457 1357
458 1356
459 1353
460 1355
461 1354
462 1353
463 1356
464 1355
465 1356
466 1355
467 1355
468 1355
469 1358
470 1359
471 1356
472 1354
473 1352
474 1357
475 1358
476 1357
477 1357
478 1357
479 1357
480 1355
481 1359
482 1355
483 1356
484 1354
485 1357
486 1356
487 1355
488 1353
489 1355
490 1356
491 1357
492 1356
493 1357
494 1356
495 1355
496 1355
497 1356
498 1354
499 1358
500 1360
501 1359
502 1351
503 1355
504 1354
505 1355
506 1356
507 1355
508 1355
509 1356
510 1358
511 1361
512 1359
513 1363
514 1366
515 1371
516 1376
517 1379
518 1382
519 1389
520 1399
521 1402
522 1407
523 1412
524 1419
525 1425
526 1429
527 1432
528 1434
529 1436
530 1439
531 1443
532 1439
533 1440
534 1437
535 1436
536 1437
537 1436
538 1433
539 1430
540 1426
541 1423
542 1421
543 1415
544 1414
545 1409
546 1409
547 1406
548 1404
549 1399
550 1395
551 1396
552 1391
553 1388
554 1389
555 1385
556 1382
557 1382
558 1378
559 1376
560 1375
561 1374
562 1370
563 1373
564 1373
565 1373
566 1373
567 1371
568 1370
569 1369
570 1366
571 1365
572 1365
573 1364
574 1366
575 1365
576 1366
577 1364
578 1363
579 1360
580 1363
581 1362
582 1360
583 1359
584 1359
585 1356
586 1361
587 1359
588 1357
589 1357
590 1357
591 1361
592 1356
593 1357
594 1359
595 1360
596 1359
597 1358
598 1357
599 1359
600 1357
601 1357
602 1357
603 1356
604 1357
605 1355
606 1356
607 1359
608 1357
609 1357
610 1356
611 1357
612 1355
613 1353
614 1357
615 1356
616 1356
617 1356
618 1354
619 1359
620 1358
621 1354
622 1357
623 1356
624 1356
625 1356
626 1357
627 1358
628 1354
629 1355
630 1357
631 1359
632 1357
633 1357
634 1357
635 1357
636 1357
637 1355
638 1356
639 1356
640 1356
641 1355
642 1356
643 1356
644 1357
645 1356
646 1355
647 1357
648 1355
649 1355
650 1357
651 1357
652 1353
653 1356
654 1357
655 1355
656 1355
657 1355
658 1355
659 1356
660 1360
661 1359
662 1356
663 1356
664 1357
665 1355
666 1354
667 1356
668 1355
669 1356
670 1354
671 1354
672 1356
673 1355
674 1357
675 1357
676 1355
677 1355
678 1353
679 1356
680 1355
681 1357
682 1355
683 1355
684 1354
685 1354
686 1355
687 1354
688 1356
689 1358
690 1361
691 1358
692 1355
693 1357
694 1355
695 1356
696 1355
697 1356
698 1352
699 1357
700 1355
701 1356
702 1355
703 1357
704 1355
705 1354
706 1355
707 1356
708 1356
709 1356
710 1357
711 1356
712 1356
713 1354
714 1356
715 1357
716 1353
717 1355
718 1356
719 1356
720 1357
721 1357
722 1357
723 1357
724 1357
725 1356
726 1353
727 1356
728 1358
729 1356
730 1357
731 1356
732 1355
733 1356
734 1356
735 1356
736 1352
737 1355
738 1355
739 1356
740 1355
741 1355
742 1355
743 1356
744 1351
745 1357
746 1355
747 1358
748 1355
749 1355
750 1355
751 1357
752 1355
753 1357
754 1355
755 1356
756 1356
757 1354
758 1353
759 1353
760 1355
761 1353
762 1355
763 1355
764 1355
765 1355
766 1357
767 1358
768 1357
769 1356
770 1356
771 1354
772 1354
773 1354
774 1355
775 1358
776 1358
777 1356
778 1355
779 1354
780 1356
781 1355
782 1356
783 1356
784 1354
785 1356
786 1356
787 1356
788 1355
789 1355
790 1359
791 1359
792 1356
793 1355
794 1354
795 1354
796 1355
797 1355
798 1355
799 1357
800 1355
801 1356
802 1357
803 1358
804 1356
805 1354
806 1356
807 1355
808 1354
809 1356
810 1354
811 1355
812 1354
813 1358
814 1356
815 1357
816 1355
817 1358
818 1354
819 1355
820 1357
821 1359
822 1355
823 1354
824 1354
825 1357
826 1355
827 1355
828 1353
829 1356
830 1354
831 1354
832 1355
833 1356
834 1354
835 1358
836 1357
837 1357
838 1357
839 1357
840 1357
841 1357
842 1356
843 1354
844 1354
845 1358
846 1357
847 1356
848 1353
849 1353
850 1356
851 1357
852 1357
853 1356
854 1355
855 1353
856 1355
857 1354
858 1354
859 1355
860 1355
861 1352
862 1355
863 1354
864 1357
865 1356
866 1357
867 1356
868 1357
869 1356
870 1358
871 1357
872 1356
873 1355
874 1355
875 1355
876 1354
877 1354
878 1354
879 1356
880 1358
881 1358
882 1358
883 1354
884 1354
885 1354
886 1355
887 1353
888 1354
889 1357
890 1354
891 1357
892 1356
893 1354
894 1355
895 1356
896 1357
897 1356
898 1356
899 1356
900 1356
901 1357
902 1354
903 1355
904 1359
905 1353
906 1354
907 1355
908 1354
909 1355
910 1353
911 1358
912 1355
913 1356
914 1355
915 1355
916 1353
917 1354
918 1358
919 1351
920 1351
921 1354
922 1358
923 1357
924 1357
925 1356
926 1357
927 1358
928 1357
929 1355
930 1354
931 1356
932 1357
933 1356
934 1354
935 1357
936 1353
937 1355
938 1356
939 1356
940 1359
941 1355
942 1357
943 1356
944 1356
945 1356
946 1354
947 1356
948 1356
949 1356
950 1354
951 1356
952 1353
953 1353
954 1355
955 1355
956 1357
957 1354
958 1356
959 1355
960 1355
961 1353
962 1355
963 1357
964 1356
965 1357
966 1357
967 1355
968 1356
969 1356
970 1356
971 1357
972 1357
973 1357
974 1354
975 1356
976 1354
977 1353
978 1352
979 1354
980 1355
981 1356
982 1357
983 1355
984 1353
985 1354
986 1357
987 1356
988 1357
989 1355
990 1352
991 1355
992 1354
993 1356
994 1354
995 1356
996 1357
997 1355
998 1357
999 1356
1000 1354
1001 1355
1002 1356
1003 1356
1004 1355
1005 1357
1006 1355
1007 1354
1008 1355
1009 1355
1010 1357
1011 1358
1012 1356
1013 1356
1014 1356
1015 1357
1016 1354
1017 1356
1018 1356
1019 1353
1020 1356
1021 1356
1022 1355
1023 1359
1024 1358
1025 1356
1026 1355
1027 1353
1028 1354
1029 1354
1030 1355
1031 1354
1032 1356
1033 1357
1034 1356
1035 1354
1036 1357
1037 1354
1038 1355
1039 1354
1040 1359
1041 1356
1042 1356
1043 1355
1044 1357
1045 1355
1046 1355
1047 1354
1048 1354
1049 1356
1050 1353
1051 1355
1052 1355
1053 1354
1054 1358
1055 1355
1056 1357
1057 1355
1058 1354
1059 1353
1060 1354
1061 1355
1062 1355
1063 1354
1064 1353
1065 1354
1066 1357
1067 1356
1068 1352
1069 1354
1070 1356
1071 1357
1072 1357
1073 1354
1074 1356
1075 1355
1076 1357
1077 1356
1078 1357
1079 1355
1080 1354
1081 1358
1082 1356
1083 1355
1084 1355
1085 1352
1086 1357
1087 1357
1088 1356
1089 1355
1090 1354
1091 1355
1092 1357
1093 1353
1094 1357
1095 1355
1096 1356
1097 1356
1098 1355
1099 1353
1100 1358
1101 1356
1102 1355
1103 1354
1104 1354
1105 1354
1106 1356
1107 1355
1108 1354
1109 1355
1110 1355
1111 1355
1112 1356
1113 1354
1114 1355
1115 1357
1116 1354
1117 1356
1118 1357
1119 1357
1120 1354
1121 1355
1122 1356
1123 1357
1124 1357
1125 1353
1126 1354
1127 1356
1128 1356
1129 1355
1130 1354
1131 1355
1132 1356
1133 1356
1134 1356
1135 1353
1136 1353
1137 1356
1138 1356
1139 1356
1140 1357
1141 1356
1142 1357
1143 1355
1144 1357
1145 1355
1146 1357
1147 1357
1148 1357
1149 1357
1150 1357
1151 1357
1152 1356
1153 1355
1154 1355
1155 1353
1156 1354
1157 1355
1158 1357
1159 1357
1160 1353
1161 1356
1162 1355
1163 1354
1164 1353
1165 1354
1166 1353
1167 1353
1168 1354
1169 1356
1170 1358
1171 1355
1172 1357
1173 1355
1174 1354
1175 1356
1176 1358
1177 1357
1178 1354
1179 1354
1180 1354
1181 1355
1182 1354
1183 1354
1184 1355
1185 1354
1186 1354
1187 1355
1188 1355
1189 1357
1190 1356
1191 1354
1192 1354
1193 1354
1194 1355
1195 1354
1196 1357
1197 1353
1198 1354
1199 1353
1200 1356
1201 1354
1202 1356
1203 1356
1204 1354
1205 1355
1206 1358
1207 1353
1208 1355
1209 1355
1210 1356
1211 1353
1212 1355
1213 1354
1214 1355
1215 1355
1216 1356
1217 1354
1218 1358
1219 1358
1220 1357
1221 1358
1222 1357
1223 1355
1224 1355
1225 1356
1226 1356
1227 1356
1228 1355
1229 1353
1230 1355
1231 1354
1232 1355
1233 1356
1234 1357
1235 1358
1236 1354
1237 1355
1238 1358
1239 1356
1240 1355
1241 1355
1242 1357
1243 1355
1244 1356
1245 1355
1246 1357
1247 1353
1248 1352
1249 1352
1250 1352
1251 1356
1252 1356
1253 1354
1254 1356
1255 1353
1256 1354
1257 1352
1258 1354
1259 1353
1260 1355
1261 1356
1262 1355
1263 1357
1264 1356
1265 1358
1266 1354
1267 1355
1268 1357
1269 1355
1270 1356
1271 1358
1272 1354
1273 1355
1274 1356
1275 1355
1276 1355
1277 1354
1278 1355
1279 1357
1280 1358
1281 1354
1282 1356
1283 1354
1284 1352
1285 1355
1286 1353
1287 1354
1288 1353
1289 1355
1290 1358
1291 1358
1292 1354
1293 1354
1294 1357
1295 1355
1296 1355
1297 1352
1298 1356
1299 1356
1300 1355
1301 1355
1302 1354
1303 1356
1304 1357
1305 1356
1306 1357
1307 1356
1308 1357
1309 1356
1310 1357
1311 1354
1312 1354
1313 1355
1314 1356
1315 1354
1316 1356
1317 1354
1318 1355
1319 1355
1320 1354
1321 1354
1322 1353
1323 1353
1324 1353
1325 1352
1326 1353
1327 1353
1328 1354
1329 1356
1330 1353
1331 1354
1332 1355
1333 1353
1334 1353
1335 1357
1336 1356
1337 1354
1338 1355
1339 1353
1340 1354
1341 1352
1342 1358
1343 1354
1344 1356
1345 1354
1346 1354
1347 1353
1348 1357
1349 1354
1350 1354
1351 1356
1352 1355
1353 1355
1354 1355
1355 1354
1356 1354
1357 1355
1358 1355
1359 1353
1360 1357
1361 1354
1362 1356
1363 1353
1364 1358
1365 1356
1366 1356
1367 1355
1368 1358
1369 1354
1370 1355
1371 1354
1372 1355
1373 1354
1374 1354
1375 1355
1376 1356
1377 1356
1378 1355
1379 1355
1380 1353
1381 1354
1382 1357
1383 1356
1384 1357
1385 1356
1386 1355
1387 1356
1388 1354
1389 1356
1390 1361
1391 1356
1392 1354
1393 1358
1394 1355
1395 1354
1396 1355
1397 1354
1398 1357
1399 1356
1400 1357
1401 1356
1402 1354
1403 1355
1404 1355
1405 1354
1406 1354
1407 1352
1408 1355
1409 1355
1410 1357
1411 1356
1412 1353
1413 1355
1414 1356
1415 1353
1416 1357
1417 1355
1418 1354
1419 1354
1420 1359
1421 1356
1422 1357
1423 1356
1424 1355
1425 1353
1426 1357
1427 1356
1428 1355
1429 1355
1430 1355
1431 1356
1432 1357
1433 1355
1434 1355
1435 1353
1436 1354
1437 1351
1438 1353
1439 1352
1440 1354
1441 1355
1442 1354
1443 1354
1444 1352
1445 1353
1446 1354
1447 1354
1448 1354
1449 1353
1450 1357
1451 1354
1452 1354
1453 1351
1454 1354
1455 1353
1456 1357
1457 1352
1458 1355
1459 1354
1460 1357
1461 1353
1462 1357
1463 1356
1464 1357
1465 1357
1466 1355
1467 1356
1468 1355
1469 1352
1470 1352
1471 1354
1472 1357
1473 1355
1474 1357
1475 1355
1476 1357
1477 1353
1478 1355
1479 1354
1480 1359
1481 1356
1482 1354
1483 1356
1484 1358
1485 1356
1486 1356
1487 1354
1488 1357
1489 1356
1490 1356
1491 1355
1492 1354
1493 1355
1494 1356
1495 1354
1496 1355
1497 1352
1498 1355
1499 1353
1500 1354
1501 1352
1502 1356
1503 1355
1504 1356
1505 1356
1506 1356
1507 1355
1508 1357
1509 1354
1510 1355
1511 1354
1512 1356
1513 1355
1514 1356
1515 1354
1516 1354
1517 1353
1518 1354
1519 1352
1520 1355
1521 1357
1522 1359
1523 1356
1524 1355
1525 1353
1526 1354
1527 1356
1528 1355
1529 1355
1530 1354
1531 1355
1532 1353
1533 1354
1534 1353
1535 1354
1536 1356
1537 1356
1538 1354
1539 1357
1540 1355
1541 1357
1542 1358
1543 1356
1544 1355
1545 1354
1546 1354
1547 1359
1548 1353
1549 1354
1550 1358
1551 1357
1552 1356
1553 1353
1554 1356
1555 1356
1556 1356
1557 1351
1558 1356
1559 1354
1560 1355
1561 1354
1562 1355
1563 1354
1564 1356
1565 1356
1566 1354
1567 1355
1568 1354
1569 1357
1570 1356
1571 1353
1572 1358
1573 1358
1574 1356
1575 1354
1576 1353
1577 1356
1578 1357
1579 1353
1580 1359
1581 1354
1582 1354
1583 1355
1584 1352
1585 1354
1586 1355
1587 1353
1588 1355
1589 1352
1590 1355
1591 1354
1592 1354
1593 1353
1594 1356
1595 1355
1596 1354
1597 1357
1598 1357
1599 1356
1600 1356
1601 1353
1602 1355
1603 1355
1604 1357
1605 1356
1606 1356
1607 1356
1608 1356
1609 1352
1610 1357
1611 1356
1612 1358
1613 1357
1614 1356
1615 1356
1616 1356
1617 1355
1618 1354
1619 1353
1620 1353
1621 1352
1622 1356
1623 1355
1624 1355
1625 1354
1626 1356
1627 1355
1628 1357
1629 1356
1630 1353
1631 1354
1632 1354
1633 1354
1634 1356
1635 1354
1636 1353
1637 1356
1638 1354
1639 1354
1640 1356
1641 1356
1642 1355
1643 1355
1644 1356
1645 1356
1646 1356
1647 1354
1648 1357
1649 1354
1650 1356
1651 1352
1652 1351
1653 1354
1654 1355
1655 1357
1656 1357
1657 1359
1658 1355
1659 1356
1660 1354
1661 1356
1662 1357
1663 1356
1664 1355
1665 1354
1666 1354
1667 1355
1668 1356
1669 1353
1670 1356
1671 1356
1672 1355
1673 1354
1674 1357
1675 1355
1676 1356
1677 1353
1678 1352
1679 1354
1680 1356
1681 1356
1682 1356
1683 1354
1684 1355
1685 1352
1686 1356
1687 1355
1688 1354
1689 1356
1690 1358
1691 1357
1692 1358
1693 1358
1694 1356
1695 1355
1696 1354
1697 1355
1698 1358
1699 1358
1700 1357
1701 1357
1702 1357
1703 1359
1704 1355
1705 1356
1706 1355
1707 1358
1708 1355
1709 1357
1710 1356
1711 1354
1712 1357
1713 1355
1714 1353
1715 1354
1716 1353
1717 1355
1718 1357
1719 1357
1720 1357
1721 1356
1722 1356
1723 1355
1724 1357
1725 1357
1726 1356
1727 1357
1728 1357
1729 1358
1730 1357
1731 1360
1732 1354
1733 1357
1734 1356
1735 1356
1736 1357
1737 1354
1738 1355
1739 1355
1740 1355
1741 1359
1742 1357
1743 1351
1744 1354
1745 1356
1746 1358
1747 1356
1748 1355
1749 1354
1750 1355
1751 1356
1752 1355
1753 1355
1754 1355
1755 1358
1756 1357
1757 1355
1758 1354
1759 1356
1760 1354
1761 1356
1762 1355
1763 1356
1764 1354
1765 1356
1766 1354
1767 1355
1768 1353
1769 1355
1770 1357
1771 1357
1772 1357
1773 1357
1774 1355
1775 1354
1776 1350
1777 1353
1778 1354
1779 1354
1780 1354
1781 1355
1782 1356
1783 1355
1784 1355
1785 1354
1786 1354
1787 1355
1788 1355
1789 1356
1790 1354
1791 1355
1792 1356
1793 1354
1794 1356
1795 1353
1796 1356
1797 1355
1798 1353
1799 1355
1800 1355
1801 1355
1802 1355
1803 1358
1804 1357
1805 1356
1806 1357
1807 1355
1808 1357
1809 1355
1810 1356
1811 1355
1812 1356
1813 1356
1814 1352
1815 1356
1816 1355
1817 1356
1818 1355
1819 1355
1820 1357
1821 1358
1822 1360
1823 1356
1824 1357
1825 1354
1826 1353
1827 1356
1828 1354
1829 1356
1830 1358
1831 1357
1832 1356
1833 1357
1834 1356
1835 1356
1836 1354
1837 1356
1838 1353
1839 1353
1840 1356
1841 1354
1842 1357
1843 1356
1844 1357
1845 1355
1846 1354
1847 1354
1848 1355
1849 1356
1850 1354
1851 1357
1852 1356
1853 1356
1854 1353
1855 1355
1856 1357
1857 1356
1858 1354
1859 1356
1860 1357
1861 1358
1862 1353
1863 1356
1864 1355
1865 1356
1866 1357
1867 1355
1868 1356
1869 1359
1870 1357
1871 1356
1872 1353
1873 1356
1874 1357
1875 1356
1876 1355
1877 1356
1878 1357
1879 1355
1880 1356
1881 1358
1882 1358
1883 1356
1884 1357
1885 1354
1886 1355
1887 1357
1888 1357
1889 1356
1890 1353
1891 1356
1892 1356
1893 1354
1894 1355
1895 1357
1896 1357
1897 1356
1898 1355
1899 1356
1900 1355
1901 1357
1902 1358
1903 1358
1904 1358
1905 1357
1906 1359
1907 1356
1908 1355
1909 1355
1910 1354
1911 1356
1912 1357
1913 1358
1914 1355
1915 1359
1916 1354
1917 1357
1918 1357
1919 1357
1920 1358
1921 1356
1922 1356
1923 1355
1924 1354
1925 1353
1926 1356
1927 1354
1928 1355
1929 1355
1930 1355
1931 1356
1932 1357
1933 1357
1934 1354
1935 1356
1936 1357
1937 1356
1938 1355
1939 1358
1940 1356
1941 1353
1942 1353
1943 1353
1944 1355
1945 1356
1946 1357
1947 1358
1948 1356
1949 1354
1950 1355
1951 1356
1952 1358
1953 1355
1954 1357
1955 1354
1956 1355
1957 1355
1958 1355
1959 1354
1960 1358
1961 1356
1962 1355
1963 1357
1964 1353
1965 1357
1966 1357
1967 1354
1968 1358
1969 1358
1970 1356
1971 1353
1972 1355
1973 1354
1974 1358
1975 1354
1976 1358
1977 1355
1978 1357
1979 1356
1980 1357
1981 1355
1982 1356
1983 1355
1984 1354
1985 1355
1986 1357
1987 1352
1988 1356
1989 1355
1990 1356
1991 1357
1992 1357
1993 1354
1994 1355
1995 1355
1996 1357
1997 1357
1998 1358
1999 1353
2000 1357
2001 1350
2002 1355
2003 1356
2004 1357
2005 1357
2006 1357
2007 1354
2008 1357
2009 1354
2010 1355
2011 1355
2012 1355
2013 1355
2014 1357
2015 1354
2016 1356
2017 1353
2018 1353
2019 1353
2020 1360
2021 1360
2022 1357
2023 1355
2024 1354
2025 1358
2026 1356
2027 1357
2028 1358
2029 1355
2030 1355
2031 1355
2032 1355
2033 1354
2034 1355
2035 1355
2036 1358
2037 1356
2038 1357
2039 1356
2040 1355
2041 1353
2042 1357
2043 1353
2044 1356
2045 1355
2046 1354
2047 1351
2048 1356
2049 1355
2050 1357
2051 1356
2052 1355
2053 1354
2054 1358
2055 1355
2056 1357
2057 1354
2058 1356
2059 1354
2060 1356
2061 1356
2062 1355
2063 1356
2064 1355
2065 1353
2066 1360
2067 1355
2068 1357
2069 1355
2070 1357
2071 1354
2072 1356
2073 1356
2074 1357
2075 1353
2076 1357
2077 1356
2078 1357
2079 1354
2080 1357
2081 1352
2082 1355
2083 1355
2084 1353
2085 1354
2086 1355
2087 1355
2088 1357
2089 1353
2090 1356
2091 1357
2092 1356
2093 1356
2094 1357
2095 1355
2096 1356
2097 1355
2098 1356
2099 1354
2100 1355
2101 1354
2102 1356
2103 1354
2104 1354
2105 1354
2106 1355
2107 1354
2108 1355
2109 1355
2110 1353
2111 1352
2112 1357
2113 1356
2114 1356
2115 1355
2116 1355
2117 1351
2118 1356
2119 1353
2120 1357
2121 1355
2122 1358
2123 1357
2124 1359
2125 1356
2126 1360
2127 1356
2128 1357
2129 1356
2130 1359
2131 1355
2132 1356
2133 1353
2134 1356
2135 1353
2136 1357
2137 1354
2138 1355
2139 1354
2140 1355
2141 1354
2142 1353
2143 1355
2144 1354
2145 1356
2146 1357
2147 1353
2148 1353
2149 1351
2150 1358
2151 1355
2152 1356
2153 1353
2154 1352
2155 1352
2156 1358
2157 1352
2158 1357
2159 1353
2160 1356
2161 1354
2162 1357
2163 1352
2164 1357
2165 1355
2166 1357
2167 1355
2168 1356
2169 1354
2170 1358
2171 1353
2172 1354
2173 1355
2174 1356
2175 1356
2176 1356
2177 1355
2178 1354
2179 1353
2180 1360
2181 1357
2182 1356
2183 1354
2184 1358
2185 1355
2186 1356
2187 1355
2188 1356
2189 1354
2190 1355
2191 1353
2192 1358
2193 1354
2194 1356
2195 1355
2196 1358
2197 1355
2198 1356
2199 1355
2200 1357
2201 1356
2202 1353
2203 1354
2204 1354
2205 1355
2206 1356
2207 1353
2208 1355
2209 1354
2210 1358
2211 1356
2212 1356
2213 1355
2214 1356
2215 1355
2216 1354
2217 1354
2218 1357
2219 1354
2220 1355
2221 1357
2222 1356
2223 1356
2224 1355
2225 1356
2226 1354
2227 1355
2228 1356
2229 1356
2230 1358
2231 1351
2232 1356
2233 1355
2234 1356
2235 1355
2236 1354
2237 1352
2238 1356
2239 1355
2240 1357
2241 1356
2242 1355
2243 1355
2244 1358
2245 1358
2246 1358
2247 1354
2248 1356
2249 1355
2250 1356
2251 1354
2252 1355
2253 1355
2254 1356
2255 1356
2256 1357
2257 1353
2258 1357
2259 1357
2260 1358
2261 1355
2262 1357
2263 1357
2264 1357
2265 1355
2266 1354
2267 1355
2268 1358
2269 1355
2270 1357
2271 1354
2272 1354
2273 1355
2274 1359
2275 1355
2276 1357
2277 1356
2278 1356
2279 1355
2280 1355
2281 1354
2282 1355
2283 1356
2284 1357
2285 1355
2286 1357
2287 1356
2288 1356
2289 1354
2290 1355
2291 1355
2292 1357
2293 1355
2294 1355
2295 1357
2296 1354
2297 1353
2298 1356
2299 1354
2300 1357
2301 1356
2302 1356
2303 1356
2304 1356
2305 1355
2306 1357
2307 1359
2308 1356
2309 1355
2310 1358
2311 1359
2312 1358
2313 1357
2314 1356
2315 1356
2316 1357
2317 1355
2318 1352
2319 1355
2320 1357
2321 1356
2322 1356
2323 1356
2324 1357
2325 1355
2326 1357
2327 1355
2328 1357
2329 1355
2330 1355
2331 1357
2332 1355
2333 1355
2334 1358
2335 1356
2336 1357
2337 1356
2338 1355
2339 1356
2340 1357
2341 1357
2342 1355
2343 1354
2344 1355
2345 1355
2346 1358
2347 1355
2348 1357
2349 1355
2350 1355
2351 1356
2352 1357
2353 1356
2354 1354
2355 1355
2356 1356
2357 1355
2358 1357
2359 1356
2360 1355
2361 1355
2362 1357
2363 1357
2364 1358
2365 1356
2366 1357
2367 1352
2368 1354
2369 1355
2370 1358
2371 1356
2372 1357
2373 1356
2374 1354
2375 1353
2376 1355
2377 1353
2378 1356
2379 1355
2380 1353
2381 1354
2382 1352
2383 1355
2384 1360
2385 1357
2386 1357
2387 1356
2388 1356
2389 1353
2390 1354
2391 1358
2392 1356
2393 1356
2394 1355
2395 1354
2396 1357
2397 1357
2398 1353
2399 1356
2400 1357
2401 1355
2402 1355
2403 1357
2404 1355
2405 1354
2406 1354
2407 1352
2408 1357
2409 1352
2410 1355
2411 1354
2412 1355
2413 1355
2414 1356
2415 1356
2416 1360
2417 1356
2418 1355
2419 1357
2420 1352
2421 1354
2422 1357
2423 1354
2424 1356
2425 1358
2426 1355
2427 1355
2428 1352
2429 1356
2430 1359
2431 1356
2432 1355
2433 1356
2434 1353
2435 1353
2436 1355
2437 1356
2438 1355
2439 1356
2440 1358
2441 1355
2442 1356
2443 1355
2444 1355
2445 1354
2446 1355
2447 1355
2448 1356
2449 1354
2450 1354
2451 1356
2452 1354
2453 1356
2454 1355
2455 1356
2456 1354
2457 1355
2458 1355
2459 1353
2460 1353
2461 1357
2462 1356
2463 1356
2464 1355
2465 1355
2466 1355
2467 1352
2468 1356
2469 1357
2470 1356
2471 1356
2472 1356
2473 1357
2474 1355
2475 1351
2476 1354
2477 1355
2478 1357
2479 1355
2480 1356
2481 1357
2482 1356
2483 1356
2484 1355
2485 1356
2486 1356
2487 1356
2488 1355
2489 1356
2490 1352
2491 1356
2492 1356
2493 1357
2494 1354
2495 1357
2496 1358
2497 1357
2498 1355
2499 1353
2500 1356
2501 1356
2502 1357
2503 1356
2504 1353
2505 1355
2506 1357
2507 1356
2508 1355
2509 1353
2510 1355
2511 1356
2512 1354
2513 1356
2514 1354
2515 1356
2516 1356
2517 1356
2518 1358
2519 1358
2520 1355
2521 1354
2522 1354
2523 1358
2524 1358
2525 1357
2526 1356
2527 1356
2528 1356
2529 1356
2530 1358
2531 1359
2532 1357
2533 1355
2534 1353
2535 1354
2536 1356
2537 1357
2538 1356
2539 1355
2540 1353
2541 1355
2542 1355
2543 1355
2544 1356
2545 1358
2546 1355
2547 1355
2548 1357
2549 1355
2550 1355
2551 1355
2552 1355
2553 1356
2554 1357
2555 1357
2556 1356
2557 1355
2558 1353
2559 1358
2560 1356
2561 1358
2562 1354
2563 1355
2564 1355
2565 1353
2566 1358
2567 1354
2568 1354
2569 1355
2570 1353
2571 1356
2572 1356
2573 1357
2574 1355
2575 1356
2576 1355
2577 1358
2578 1354
2579 1355
2580 1354
2581 1357
2582 1355
2583 1356
2584 1354
2585 1354
2586 1357
2587 1356
2588 1352
2589 1353
2590 1358
2591 1358
2592 1353
2593 1355
2594 1357
2595 1355
2596 1356
2597 1354
2598 1356
2599 1356
2600 1356
2601 1354
2602 1355
2603 1356
2604 1356
2605 1355
2606 1355
2607 1356
2608 1357
2609 1357
2610 1356
2611 1353
2612 1356
2613 1356
2614 1358
2615 1355
2616 1356
2617 1355
2618 1354
2619 1354
2620 1358
2621 1355
2622 1357
2623 1353
2624 1354
2625 1357
2626 1355
2627 1356
2628 1357
2629 1355
2630 1354
2631 1354
2632 1355
2633 1356
2634 1356
2635 1355
2636 1353
2637 1354
2638 1355
2639 1356
2640 1357
2641 1355
2642 1359
2643 1355
2644 1358
2645 1357
2646 1354
2647 1357
2648 1357
2649 1357
2650 1357
2651 1356
2652 1355
2653 1353
2654 1355
2655 1354
2656 1356
2657 1355
2658 1354
2659 1354
2660 1355
2661 1356
2662 1357
2663 1355
2664 1360
2665 1357
2666 1356
2667 1356
2668 1353
2669 1356
2670 1356
2671 1355
2672 1357
2673 1358
2674 1357
2675 1359
2676 1358
2677 1357
2678 1357
2679 1355
2680 1354
2681 1354
2682 1358
2683 1356
2684 1357
2685 1359
2686 1355
2687 1356
2688 1357
2689 1352
2690 1357
2691 1357
2692 1356
2693 1356
2694 1355
2695 1353
2696 1355
2697 1355
2698 1357
2699 1354
2700 1356
2701 1357
2702 1356
2703 1355
2704 1357
2705 1355
2706 1360
2707 1358
2708 1356
2709 1356
2710 1356
2711 1356
2712 1355
2713 1357
2714 1356
2715 1358
2716 1357
2717 1354
2718 1356
2719 1356
2720 1359
2721 1358
2722 1358
2723 1355
2724 1356
2725 1356
2726 1357
2727 1356
2728 1356
2729 1355
2730 1357
2731 1356
2732 1356
2733 1355
2734 1356
2735 1356
2736 1357
2737 1357
2738 1357
2739 1357
2740 1357
2741 1357
2742 1354
2743 1357
2744 1356
2745 1353
2746 1354
2747 1356
2748 1355
2749 1355
2750 1356
2751 1356
2752 1355
2753 1356
2754 1356
2755 1356
2756 1357
2757 1356
2758 1356
2759 1358
2760 1356
2761 1358
2762 1354
2763 1355
2764 1357
2765 1355
2766 1358
2767 1357
2768 1352
2769 1356
2770 1357
2771 1355
2772 1356
2773 1356
2774 1355
2775 1354
2776 1357
2777 1354
2778 1357
2779 1356
2780 1355
2781 1353
2782 1354
2783 1357
2784 1356
2785 1358
2786 1357
2787 1356
2788 1355
2789 1353
2790 1356
2791 1356
2792 1357
2793 1355
2794 1356
2795 1357
2796 1357
2797 1355
2798 1355
2799 1356
2800 1356
2801 1356
2802 1353
2803 1355
2804 1357
2805 1355
2806 1356
2807 1355
2808 1354
2809 1353
2810 1357
2811 1355
2812 1353
2813 1355
2814 1355
2815 1354
2816 1357
2817 1352
2818 1355
2819 1356
2820 1355
2821 1355
2822 1356
2823 1354
2824 1356
2825 1356
2826 1355
2827 1356
2828 1356
2829 1354
2830 1359
2831 1356
2832 1354
2833 1356
2834 1357
2835 1354
2836 1356
2837 1358
2838 1356
2839 1355
2840 1350
2841 1352
2842 1355
2843 1358
2844 1357
2845 1354
2846 1354
2847 1354
2848 1356
2849 1356
2850 1356
2851 1356
2852 1354
2853 1354
2854 1356
2855 1355
2856 1355
2857 1357
2858 1357
2859 1356
2860 1354
2861 1353
2862 1355
2863 1355
2864 1359
2865 1359
2866 1358
2867 1358
2868 1359
2869 1356
2870 1356
2871 1355
2872 1356
2873 1355
2874 1357
2875 1353
2876 1357
2877 1356
2878 1357
2879 1354
2880 1357
2881 1356
2882 1358
2883 1355
2884 1356
2885 1355
2886 1356
2887 1353
2888 1357
2889 1356
2890 1358
2891 1356
2892 1354
2893 1355
2894 1357
2895 1355
2896 1357
2897 1354
2898 1358
2899 1355
2900 1357
2901 1356
2902 1356
2903 1355
2904 1357
2905 1353
2906 1355
2907 1355
2908 1355
2909 1352
2910 1355
2911 1357
2912 1354
2913 1357
2914 1355
2915 1357
2916 1357
2917 1353
2918 1358
2919 1356
2920 1355
2921 1354
2922 1355
2923 1357
2924 1357
2925 1358
2926 1360
2927 1355
2928 1357
2929 1355
2930 1358
2931 1354
2932 1356
2933 1353
2934 1354
2935 1355
2936 1356
2937 1356
2938 1355
2939 1356
2940 1357
2941 1355
2942 1355
2943 1354
2944 1356
2945 1356
2946 1357
2947 1353
2948 1356
2949 1356
2950 1354
2951 1356
2952 1357
2953 1355
2954 1356
2955 1357
2956 1356
2957 1356
2958 1358
2959 1356
2960 1355
2961 1355
2962 1353
2963 1355
2964 1355
2965 1355
2966 1356
2967 1355
2968 1352
2969 1354
2970 1358
2971 1357
2972 1355
2973 1356
2974 1354
2975 1358
2976 1355
2977 1358
2978 1356
2979 1359
2980 1355
2981 1356
2982 1356
2983 1354
2984 1356
2985 1355
2986 1358
2987 1358
2988 1355
2989 1356
2990 1358
2991 1355
2992 1354
2993 1355
2994 1353
2995 1355
2996 1356
2997 1354
2998 1354
2999 1352
3000 1358
3001 1354
3002 1357
3003 1354
3004 1357
3005 1353
3006 1356
3007 1354
3008 1356
3009 1356
3010 1356
3011 1356
3012 1356
3013 1356
3014 1355
3015 1355
3016 1358
3017 1356
3018 1355
3019 1355
3020 1355
3021 1353
3022 1353
3023 1355
3024 1355
3025 1355
3026 1355
3027 1355
3028 1359
3029 1356
3030 1355
3031 1356
3032 1354
3033 1356
3034 1355
3035 1353
3036 1355
3037 1352
3038 1357
3039 1353
3040 1356
3041 1354
3042 1355
3043 1353
3044 1357
3045 1357
3046 1355
3047 1351
3048 1353
3049 1356
3050 1358
3051 1352
3052 1357
3053 1355
3054 1354
3055 1356
3056 1356
3057 1359
3058 1355
3059 1356
3060 1353
3061 1353
3062 1355
3063 1356
3064 1354
3065 1354
3066 1356
3067 1354
3068 1353
3069 1355
3070 1357
3071 1356
3072 1356
3073 1355
3074 1354
3075 1356
3076 1354
3077 1356
3078 1355
3079 1358
3080 1356
3081 1356
3082 1356
3083 1356
3084 1357
3085 1356
3086 1355
3087 1354
3088 1355
3089 1354
3090 1358
3091 1358
3092 1356
3093 1356
3094 1354
3095 1354
3096 1357
3097 1355
3098 1356
3099 1354
3100 1357
3101 1358
3102 1353
3103 1354
3104 1355
3105 1356
3106 1357
3107 1356
3108 1355
3109 1355
3110 1354
3111 1356
3112 1355
3113 1355
3114 1353
3115 1356
3116 1356
3117 1356
3118 1355
3119 1354
3120 1356
3121 1353
3122 1352
3123 1357
3124 1354
3125 1358
3126 1353
3127 1354
3128 1357
3129 1355
3130 1357
3131 1356
3132 1355
3133 1357
3134 1356
3135 1354
3136 1357
3137 1354
3138 1357
3139 1356
3140 1354
3141 1356
3142 1356
3143 1355
3144 1356
3145 1356
3146 1353
3147 1354
3148 1355
3149 1354
3150 1355
3151 1356
3152 1351
3153 1353
3154 1356
3155 1353
3156 1355
3157 1354
3158 1354
3159 1355
3160 1357
3161 1355
3162 1352
3163 1355
3164 1356
3165 1358
3166 1358
3167 1354
3168 1359
3169 1355
3170 1355
3171 1356
3172 1356
3173 1357
3174 1357
3175 1358
3176 1357
3177 1355
3178 1358
3179 1356
3180 1357
3181 1357
3182 1356
3183 1356
3184 1358
3185 1356
3186 1354
3187 1353
3188 1354
3189 1354
3190 1355
3191 1355
3192 1358
3193 1355
3194 1356
3195 1354
3196 1358
3197 1355
3198 1355
3199 1355
3200 1357
3201 1357
3202 1356
3203 1354
3204 1353
3205 1354
3206 1356
3207 1354
3208 1355
3209 1355
3210 1354
3211 1355
3212 1358
3213 1355
3214 1357
3215 1355
3216 1354
3217 1353
3218 1356
3219 1355
3220 1356
3221 1354
3222 1357
3223 1354
3224 1353
3225 1354
3226 1355
3227 1355
3228 1356
3229 1355
3230 1355
3231 1355
3232 1354
3233 1356
3234 1360
3235 1356
3236 1358
3237 1355
3238 1355
3239 1354
3240 1353
3241 1355
3242 1357
3243 1354
3244 1357
3245 1354
3246 1355
3247 1354
3248 1355
3249 1355
3250 1354
3251 1354
3252 1357
3253 1355
3254 1355
3255 1354
3256 1356
3257 1355
3258 1355
3259 1353
3260 1356
3261 1353
3262 1357
3263 1355
3264 1355
3265 1355
3266 1357
3267 1354
3268 1356
3269 1354
3270 1356
3271 1354
3272 1357
3273 1355
3274 1355
3275 1353
3276 1358
3277 1356
3278 1356
3279 1355
3280 1356
3281 1355
3282 1355
3283 1355
3284 1352
3285 1355
3286 1357
3287 1354
3288 1354
3289 1353
3290 1360
3291 1356
3292 1354
3293 1354
3294 1357
3295 1356
3296 1353
3297 1356
3298 1354
3299 1354
3300 1355
3301 1354
3302 1354
3303 1356
3304 1355
3305 1357
3306 1356
3307 1354
3308 1357
3309 1354
3310 1354
3311 1355
3312 1358
3313 1355
3314 1354
3315 1354
3316 1358
3317 1355
3318 1357
3319 1355
3320 1357
3321 1356
3322 1354
3323 1356
3324 1355
3325 1357
3326 1356
3327 1354
3328 1355
3329 1353
3330 1352
3331 1353
3332 1355
3333 1353
3334 1355
3335 1354
3336 1355
3337 1355
3338 1355
3339 1354
3340 1355
3341 1354
3342 1354
3343 1355
3344 1359
3345 1358
3346 1357
3347 1356
3348 1354
3349 1355
3350 1356
3351 1356
3352 1356
3353 1355
3354 1356
3355 1351
3356 1355
3357 1353
3358 1356
3359 1356
3360 1352
3361 1353
3362 1357
3363 1357
3364 1356
3365 1353
3366 1355
3367 1353
3368 1355
3369 1351
3370 1356
3371 1356
3372 1356
3373 1357
3374 1357
3375 1354
3376 1357
3377 1354
3378 1354
3379 1357
3380 1357
3381 1356
3382 1354
3383 1354
3384 1357
3385 1354
3386 1354
3387 1354
3388 1355
3389 1353
3390 1356
3391 1356
3392 1356
3393 1354
3394 1354
3395 1352
3396 1353
3397 1353
3398 1357
3399 1350
3400 1354
3401 1356
3402 1353
3403 1357
3404 1357
3405 1354
3406 1355
3407 1355
3408 1353
3409 1354
3410 1355
3411 1356
3412 1356
3413 1355
3414 1356
3415 1357
3416 1358
3417 1355
3418 1354
3419 1354
3420 1359
3421 1353
3422 1354
3423 1354
3424 1359
3425 1359
3426 1356
3427 1354
3428 1355
3429 1356
3430 1355
3431 1356
3432 1355
3433 1359
3434 1357
3435 1355
3436 1358
3437 1356
3438 1356
3439 1354
3440 1354
3441 1355
3442 1359
3443 1356
3444 1355
3445 1354
3446 1353
3447 1354
3448 1353
3449 1352
3450 1357
3451 1360
3452 1358
3453 1355
3454 1356
3455 1354
3456 1357
3457 1355
3458 1354
3459 1355
3460 1355
3461 1356
3462 1355
3463 1353
3464 1357
3465 1355
3466 1357
3467 1356
3468 1356
3469 1356
3470 1356
3471 1356
3472 1355
3473 1357
3474 1357
3475 1356
3476 1358
3477 1355
3478 1354
3479 1354
3480 1357
3481 1354
3482 1356
3483 1356
3484 1357
3485 1354
3486 1355
3487 1353
3488 1356
3489 1355
3490 1357
3491 1356
3492 1356
3493 1356
3494 1354
3495 1356
3496 1357
3497 1358
3498 1357
3499 1355
3500 1356
3501 1356
3502 1354
3503 1357
3504 1357
3505 1356
3506 1358
3507 1356
3508 1357
3509 1355
3510 1357
3511 1357
3512 1356
3513 1355
3514 1356
3515 1354
3516 1355
3517 1354
3518 1357
3519 1353
3520 1352
3521 1352
3522 1357
3523 1356
3524 1357
3525 1356
3526 1353
3527 1353
3528 1356
3529 1354
3530 1354
3531 1356
3532 1356
3533 1357
3534 1357
3535 1355
3536 1355
3537 1353
3538 1353
3539 1355
3540 1357
3541 1356
3542 1355
3543 1354
3544 1354
3545 1354
3546 1358
3547 1356
3548 1357
3549 1354
3550 1356
3551 1354
3552 1356
3553 1354
3554 1353
3555 1356
3556 1360
3557 1357
3558 1357
3559 1356
3560 1357
3561 1354
3562 1355
3563 1352
3564 1355
3565 1355
3566 1356
3567 1353
3568 1357
3569 1355
3570 1356
3571 1358
3572 1356
3573 1358
3574 1353
3575 1356
3576 1354
3577 1353
3578 1355
3579 1353
3580 1357
3581 1355
3582 1357
3583 1355
3584 1355
3585 1356
3586 1355
3587 1354
3588 1357
3589 1356
3590 1356
3591 1356
3592 1357
3593 1355
3594 1354
3595 1354
3596 1355
3597 1357
3598 1356
3599 1355
3600 1356
3601 1356
3602 1357
3603 1356
3604 1356
3605 1354
3606 1354
3607 1352
3608 1356
3609 1354
3610 1355
3611 1356
3612 1353
3613 1356
3614 1353
3615 1354
3616 1355
3617 1355
3618 1355
3619 1357
3620 1355
3621 1355
3622 1354
3623 1357
3624 1353
3625 1354
3626 1355
3627 1356
3628 1354
3629 1356
3630 1356
3631 1355
3632 1355
3633 1356
3634 1356
3635 1358
3636 1354
3637 1354
3638 1351
3639 1354
3640 1356
3641 1359
3642 1360
3643 1356
3644 1354
3645 1353
3646 1358
3647 1357
3648 1357
3649 1357
3650 1356
3651 1355
3652 1352
3653 1356
3654 1356
3655 1354
3656 1357
3657 1355
3658 1355
3659 1355
3660 1354
3661 1353
3662 1355
3663 1356
3664 1353
3665 1354
3666 1354
3667 1357
3668 1355
3669 1354
3670 1356
3671 1358
3672 1353
3673 1356
3674 1355
3675 1358
3676 1356
3677 1356
3678 1357
3679 1355
3680 1354
3681 1355
3682 1356
3683 1355
3684 1355
3685 1357
3686 1355
3687 1357
3688 1356
3689 1354
3690 1357
3691 1353
3692 1355
3693 1355
3694 1354
3695 1353
3696 1354
3697 1354
3698 1352
3699 1354
3700 1356
3701 1356
3702 1355
3703 1356
3704 1357
3705 1354
3706 1356
3707 1355
3708 1355
3709 1356
3710 1355
3711 1357
3712 1357
3713 1358
3714 1357
3715 1358
3716 1358
3717 1355
3718 1356
3719 1356
3720 1357
3721 1357
3722 1355
3723 1354
3724 1355
3725 1356
3726 1357
3727 1356
3728 1358
3729 1354
3730 1355
3731 1356
3732 1355
3733 1354
3734 1355
3735 1355
3736 1356
3737 1356
3738 1355
3739 1355
3740 1357
3741 1354
3742 1355
3743 1356
3744 1356
3745 1355
3746 1355
3747 1358
3748 1357
3749 1356
3750 1354
3751 1356
3752 1357
3753 1353
3754 1356
3755 1356
3756 1354
3757 1354
3758 1355
3759 1356
3760 1359
3761 1355
3762 1355
3763 1355
3764 1354
3765 1352
3766 1354
3767 1355
3768 1355
3769 1358
3770 1357
3771 1356
3772 1354
3773 1355
3774 1355
3775 1359
3776 1357
3777 1355
3778 1355
3779 1357
3780 1353
3781 1356
3782 1353
3783 1356
3784 1355
3785 1355
3786 1355
3787 1354
3788 1353
3789 1355
3790 1355
3791 1353
3792 1354
3793 1354
3794 1354
3795 1353
3796 1355
3797 1356
3798 1355
3799 1354
3800 1355
3801 1357
3802 1355
3803 1355
3804 1357
3805 1354
3806 1357
3807 1359
3808 1358
3809 1357
3810 1356
3811 1355
3812 1356
3813 1356
3814 1355
3815 1357
3816 1356
3817 1356
3818 1353
3819 1354
3820 1354
3821 1356
3822 1356
3823 1355
3824 1356
3825 1355
3826 1353
3827 1353
3828 1352
3829 1352
3830 1354
3831 1357
3832 1357
3833 1356
3834 1355
3835 1355
3836 1353
3837 1354
3838 1357
3839 1357
3840 1357
3841 1356
3842 1355
3843 1356
3844 1358
3845 1356
3846 1357
3847 1357
3848 1357
3849 1357
3850 1357
3851 1354
3852 1355
3853 1356
3854 1355
3855 1356
3856 1352
3857 1356
3858 1354
3859 1358
3860 1362
3861 1357
3862 1357
3863 1354
3864 1356
3865 1356
3866 1357
3867 1356
3868 1357
3869 1354
3870 1354
3871 1356
3872 1355
3873 1355
3874 1356
3875 1354
3876 1355
3877 1354
3878 1354
3879 1353
3880 1355
3881 1353
3882 1355
3883 1355
3884 1356
3885 1356
3886 1354
3887 1355
3888 1355
3889 1354
3890 1359
3891 1357
3892 1357
3893 1356
3894 1356
3895 1357
3896 1357
3897 1356
3898 1356
3899 1355
3900 1354
3901 1355
3902 1354
3903 1354
3904 1355
3905 1357
3906 1355
3907 1354
3908 1354
3909 1354
3910 1357
3911 1355
3912 1355
3913 1355
3914 1355
3915 1358
3916 1354
3917 1354
3918 1358
3919 1356
3920 1360
3921 1356
3922 1354
3923 1355
3924 1355
3925 1356
3926 1357
3927 1356
3928 1356
3929 1353
3930 1354
3931 1355
3932 1356
3933 1356
3934 1356
3935 1355
3936 1355
3937 1354
3938 1356
3939 1353
3940 1354
3941 1354
3942 1356
3943 1356
3944 1356
3945 1356
3946 1356
3947 1356
3948 1352
3949 1356
3950 1357
3951 1354
3952 1356
3953 1355
3954 1356
3955 1356
3956 1355
3957 1353
3958 1357
3959 1355
3960 1357
3961 1353
3962 1356
3963 1355
3964 1358
3965 1356
3966 1355
3967 1355
3968 1353
3969 1355
3970 1356
3971 1355
3972 1355
3973 1358
3974 1354
3975 1355
3976 1355
3977 1354
3978 1358
3979 1357
3980 1356
3981 1358
3982 1357
3983 1356
3984 1354
3985 1357
3986 1358
3987 1357
3988 1357
3989 1357
3990 1355
3991 1357
3992 1355
3993 1358
3994 1355
3995 1357
3996 1358
3997 1354
3998 1354
3999 1355
