0 1357
1 1358
2 1356
3 1356
4 1353
5 1355
6 1357
7 1356
8 1355
9 1357
10 1356
11 1356
12 1359
13 1354
14 1354
15 1354
16 1356
17 1355
18 1354
19 1358
20 1356
21 1355
22 1354
23 1353
24 1358
25 1358
26 1356
27 1356
28 1355
29 1357
30 1356
31 1355
32 1359
33 1356
34 1355
35 1354
36 1356
37 1359
38 1359
39 1357
40 1355
41 1356
42 1355
43 1354
44 1356
45 1355
46 1355
47 1357
48 1357
49 1354
50 1357
51 1357
52 1356
53 1355
54 1355
55 1356
56 1356
57 1357
58 1355
59 1355
60 1355
61 1357
62 1355
63 1355
64 1356
65 1356
66 1356
67 1353
68 1357
69 1357
70 1356
71 1354
72 1358
73 1356
74 1356
75 1354
76 1355
77 1353
78 1355
79 1355
80 1356
81 1353
82 1356
83 1354
84 1356
85 1355
86 1357
87 1356
88 1354
89 1355
90 1355
91 1353
92 1354
93 1354
94 1352
95 1356
96 1355
97 1355
98 1352
99 1354
100 1355
101 1355
102 1354
103 1357
104 1354
105 1352
106 1354
107 1356
108 1356
109 1357
110 1356
111 1356
112 1356
113 1353
114 1354
115 1356
116 1355
117 1354
118 1355
119 1357
120 1357
121 1358
122 1356
123 1352
124 1355
125 1357
126 1356
127 1356
128 1357
129 1355
130 1355
131 1354
132 1353
133 1353
134 1356
135 1355
136 1357
137 1358
138 1355
139 1357
140 1355
141 1351
142 1354
143 1354
144 1355
145 1354
146 1356
147 1357
148 1355
149 1357
150 1358
151 1357
152 1357
153 1353
154 1359
155 1358
156 1357
157 1356
158 1355
159 1355
160 1356
161 1355
162 1354
163 1354
164 1355
165 1356
166 1356
167 1355
168 1355
169 1355
170 1354
171 1358
172 1356
173 1355
174 1354
175 1354
176 1355
177 1353
178 1356
179 1357
180 1360
181 1357
182 1354
183 1355
184 1356
185 1357
186 1358
187 1355
188 1355
189 1355
190 1357
191 1357
192 1356
193 1355
194 1355
195 1354
196 1354
197 1354
198 1355
199 1356
200 1353
201 1353
202 1357
203 1355
204 1355
205 1356
206 1355
207 1355
208 1356
209 1355
210 1356
211 1355
212 1355
213 1355
214 1356
215 1360
216 1354
217 1356
218 1356
219 1356
220 1356
221 1356
222 1355
223 1357
224 1356
225 1357
226 1353
227 1356
228 1356
229 1357
230 1357
231 1354
232 1352
233 1355
234 1356
235 1357
236 1356
237 1356
238 1357
239 1355
240 1355
241 1355
242 1357
243 1359
244 1357
245 1357
246 1354
247 1354
248 1356
249 1354
250 1355
251 1355
252 1356
253 1356
254 1355
255 1355
256 1355
257 1357
258 1355
259 1354
260 1356
261 1355
262 1356
263 1353
264 1354
265 1355
266 1356
267 1356
268 1356
269 1355
270 1352
271 1355
272 1356
273 1353
274 1355
275 1353
276 1356
277 1352
278 1357
279 1356
280 1356
281 1355
282 1352
283 1353
284 1355
285 1360
286 1356
287 1355
288 1352
289 1355
290 1354
291 1356
292 1355
293 1353
294 1353
295 1356
296 1354
297 1355
298 1356
299 1352
300 1354
301 1357
302 1355
303 1356
304 1355
305 1353
306 1356
307 1357
308 1355
309 1357
310 1356
311 1355
312 1352
313 1354
314 1356
315 1358
316 1353
317 1355
318 1353
319 1357
320 1355
321 1356
322 1353
323 1355
324 1356
325 1356
326 1356
327 1355
328 1355
329 1356
330 1353
331 1355
332 1355
333 1358
334 1357
335 1357
336 1356
337 1356
338 1355
339 1355
340 1355
341 1353
342 1355
343 1355
344 1355
345 1356
346 1357
347 1356
348 1354
349 1354
350 1354
351 1353
352 1354
353 1357
354 1354
355 1357
356 1354
357 1352
358 1354
359 1357
360 1355
361 1355
362 1357
363 1357
364 1355
365 1356
366 1355
367 1357
368 1356
369 1357
370 1357
371 1358
372 1354
373 1356
374 1355
375 1355
376 1355
377 1354
378 1354
379 1356
380 1354
381 1353
382 1353
383 1355
384 1354
385 1358
386 1357
387 1357
388 1353
389 1358
390 1356
391 1354
392 1354
393 1356
394 1354
395 1354
396 1355
397 1354
398 1353
399 1356
400 1356
401 1356
402 1357
403 1354
404 1358
405 1358
406 1354
407 1354
408 1354
409 1354
410 1355
411 1356
412 1353
413 1354
414 1352
415 1353
416 1354
417 1353
418 1353
419 1355
420 1353
421 1356
422 1356
423 1357
424 1356
425 1355
426 1354
427 1357
428 1356
429 1355
430 1355
431 1355
432 1357
433 1355
434 1353
435 1357
436 1356
437 1355
438 1356
439 1354
440 1355
441 1357
442 1355
443 1357
444 1357
445 1355
446 1356
447 1355
448 1356
449 1354
450 1355
451 1357
452 1358
453 1356
454 1356
455 1357
456 1356
457 1359
458 1355
459 1359
460 1355
461 1357
462 1356
463 1357
464 1357
465 1356
466 1357
467 1357
468 1358
469 1357
470 1357
471 1355
472 1354
473 1354
474 1353
475 1353
476 1354
477 1355
478 1356
479 1355
480 1355
481 1358
482 1355
483 1354
484 1355
485 1357
486 1354
487 1355
488 1356
489 1353
490 1355
491 1357
492 1356
493 1355
494 1355
495 1356
496 1356
497 1357
498 1357
499 1355
500 1355
501 1354
502 1354
503 1354
504 1354
505 1356
506 1357
507 1354
508 1355
509 1355
510 1356
511 1357
512 1355
513 1355
514 1353
515 1355
516 1355
517 1359
518 1356
519 1358
520 1356
521 1356
522 1355
523 1354
524 1355
525 1358
526 1357
527 1359
528 1355
529 1355
530 1356
531 1354
532 1353
533 1352
534 1356
535 1356
536 1356
537 1356
538 1358
539 1361
540 1369
541 1375
542 1379
543 1387
544 1397
545 1411
546 1424
547 1440
548 1452
549 1463
550 1477
551 1489
552 1499
553 1509
554 1517
555 1525
556 1530
557 1534
558 1538
559 1540
560 1541
561 1541
562 1539
563 1537
564 1536
565 1536
566 1530
567 1523
568 1520
569 1512
570 1503
571 1497
572 1488
573 1485
574 1475
575 1469
576 1463
577 1457
578 1452
579 1446
580 1446
581 1438
582 1429
583 1428
584 1420
585 1417
586 1416
587 1409
588 1405
589 1404
590 1395
591 1395
592 1390
593 1388
594 1388
595 1387
596 1382
597 1384
598 1382
599 1381
600 1379
601 1377
602 1373
603 1372
604 1373
605 1371
606 1370
607 1370
608 1367
609 1368
610 1366
611 1367
612 1367
613 1368
614 1367
615 1366
616 1362
617 1361
618 1365
619 1360
620 1362
621 1361
622 1359
623 1357
624 1359
625 1359
626 1362
627 1360
628 1360
629 1360
630 1359
631 1358
632 1358
633 1357
634 1356
635 1358
636 1357
637 1356
638 1360
639 1359
640 1356
641 1356
642 1354
643 1357
644 1358
645 1358
646 1356
647 1359
648 1358
649 1358
650 1357
651 1357
652 1358
653 1355
654 1355
655 1356
656 1356
657 1355
658 1353
659 1355
660 1355
661 1357
662 1356
663 1355
664 1355
665 1353
666 1358
667 1355
668 1356
669 1357
670 1357
671 1356
672 1354
673 1357
674 1356
675 1357
676 1356
677 1354
678 1357
679 1356
680 1357
681 1359
682 1356
683 1356
684 1353
685 1353
686 1357
687 1355
688 1352
689 1355
690 1354
691 1354
692 1351
693 1353
694 1354
695 1357
696 1354
697 1356
698 1355
699 1356
700 1355
701 1356
702 1356
703 1357
704 1357
705 1355
706 1352
707 1356
708 1355
709 1356
710 1354
711 1355
712 1353
713 1358
714 1356
715 1354
716 1357
717 1354
718 1353
719 1356
720 1355
721 1355
722 1355
723 1354
724 1357
725 1357
726 1358
727 1355
728 1353
729 1355
730 1355
731 1353
732 1356
733 1355
734 1353
735 1354
736 1355
737 1351
738 1354
739 1358
740 1356
741 1356
742 1357
743 1357
744 1355
745 1357
746 1354
747 1354
748 1356
749 1353
750 1355
751 1350
752 1355
753 1353
754 1356
755 1358
756 1354
757 1355
758 1356
759 1357
760 1356
761 1356
762 1355
763 1356
764 1358
765 1358
766 1356
767 1359
768 1356
769 1357
770 1356
771 1355
772 1355
773 1352
774 1354
775 1357
776 1357
777 1356
778 1355
779 1356
780 1355
781 1359
782 1354
783 1355
784 1356
785 1356
786 1356
787 1357
788 1355
789 1355
790 1357
791 1357
792 1358
793 1357
794 1356
795 1355
796 1355
797 1356
798 1357
799 1356
800 1356
801 1355
802 1356
803 1353
804 1355
805 1353
806 1355
807 1356
808 1357
809 1355
810 1355
811 1352
812 1355
813 1355
814 1355
815 1353
816 1356
817 1354
818 1356
819 1357
820 1357
821 1356
822 1356
823 1354
824 1356
825 1354
826 1356
827 1357
828 1356
829 1354
830 1357
831 1354
832 1356
833 1355
834 1356
835 1352
836 1355
837 1354
838 1356
839 1356
840 1354
841 1356
842 1355
843 1355
844 1353
845 1354
846 1356
847 1355
848 1357
849 1357
850 1356
851 1357
852 1356
853 1355
854 1356
855 1357
856 1356
857 1358
858 1357
859 1356
860 1356
861 1357
862 1356
863 1357
864 1355
865 1354
866 1355
867 1354
868 1354
869 1356
870 1354
871 1353
872 1356
873 1355
874 1358
875 1356
876 1356
877 1356
878 1356
879 1357
880 1356
881 1357
882 1354
883 1355
884 1358
885 1357
886 1355
887 1357
888 1356
889 1356
890 1356
891 1355
892 1356
893 1356
894 1354
895 1357
896 1356
897 1354
898 1356
899 1360
900 1358
901 1356
902 1356
903 1355
904 1355
905 1356
906 1352
907 1354
908 1355
909 1356
910 1357
911 1355
912 1356
913 1355
914 1357
915 1357
916 1356
917 1358
918 1357
919 1357
920 1358
921 1352
922 1356
923 1354
924 1354
925 1352
926 1352
927 1355
928 1354
929 1357
930 1355
931 1353
932 1356
933 1356
934 1356
935 1357
936 1356
937 1357
938 1355
939 1355
940 1355
941 1356
942 1355
943 1354
944 1356
945 1357
946 1357
947 1356
948 1358
949 1357
950 1356
951 1357
952 1355
953 1356
954 1356
955 1354
956 1355
957 1356
958 1355
959 1355
960 1354
961 1356
962 1354
963 1357
964 1356
965 1356
966 1354
967 1357
968 1355
969 1355
970 1357
971 1355
972 1355
973 1353
974 1358
975 1359
976 1358
977 1357
978 1357
979 1356
980 1355
981 1356
982 1356
983 1355
984 1357
985 1357
986 1360
987 1356
988 1355
989 1355
990 1356
991 1356
992 1354
993 1356
994 1356
995 1356
996 1357
997 1356
998 1356
999 1353
1000 1356
1001 1356
1002 1356
1003 1357
1004 1357
1005 1356
1006 1357
1007 1358
1008 1357
1009 1355
1010 1354
1011 1355
1012 1358
1013 1354
1014 1356
1015 1357
1016 1355
1017 1357
1018 1353
1019 1353
1020 1357
1021 1355
1022 1356
1023 1358
1024 1353
1025 1355
1026 1354
1027 1356
1028 1356
1029 1355
1030 1355
1031 1354
1032 1353
1033 1354
1034 1356
1035 1357
1036 1355
1037 1357
1038 1355
1039 1356
1040 1356
1041 1356
1042 1355
1043 1357
1044 1355
1045 1356
1046 1355
1047 1354
1048 1354
1049 1354
1050 1353
1051 1355
1052 1353
1053 1353
1054 1356
1055 1355
1056 1355
1057 1352
1058 1355
1059 1356
1060 1358
1061 1354
1062 1354
1063 1355
1064 1354
1065 1356
1066 1356
1067 1355
1068 1354
1069 1357
1070 1355
1071 1356
1072 1353
1073 1356
1074 1357
1075 1357
1076 1355
1077 1355
1078 1356
1079 1353
1080 1357
1081 1355
1082 1356
1083 1353
1084 1354
1085 1354
1086 1352
1087 1356
1088 1355
1089 1356
1090 1356
1091 1356
1092 1356
1093 1352
1094 1352
1095 1355
1096 1356
1097 1354
1098 1355
1099 1355
1100 1356
1101 1354
1102 1355
1103 1354
1104 1356
1105 1357
1106 1355
1107 1355
1108 1357
1109 1353
1110 1356
1111 1357
1112 1353
1113 1354
1114 1357
1115 1352
1116 1357
1117 1355
1118 1353
1119 1355
1120 1357
1121 1356
1122 1356
1123 1353
1124 1354
1125 1354
1126 1357
1127 1357
1128 1357
1129 1355
1130 1354
1131 1357
1132 1356
1133 1357
1134 1356
1135 1356
1136 1356
1137 1357
1138 1354
1139 1353
1140 1355
1141 1354
1142 1354
1143 1357
1144 1353
1145 1353
1146 1354
1147 1353
1148 1355
1149 1356
1150 1355
1151 1354
1152 1355
1153 1357
1154 1356
1155 1356
1156 1354
1157 1353
1158 1356
1159 1355
1160 1357
1161 1356
1162 1357
1163 1355
1164 1356
1165 1354
1166 1357
1167 1353
1168 1356
1169 1353
1170 1354
1171 1357
1172 1355
1173 1355
1174 1357
1175 1356
1176 1357
1177 1357
1178 1356
1179 1355
1180 1356
1181 1354
1182 1357
1183 1357
1184 1353
1185 1357
1186 1355
1187 1354
1188 1358
1189 1356
1190 1354
1191 1353
1192 1357
1193 1357
1194 1357
1195 1357
1196 1355
1197 1357
1198 1354
1199 1355
1200 1354
1201 1358
1202 1355
1203 1353
1204 1353
1205 1357
1206 1358
1207 1357
1208 1355
1209 1355
1210 1355
1211 1357
1212 1356
1213 1354
1214 1359
1215 1357
1216 1355
1217 1354
1218 1354
1219 1358
1220 1356
1221 1356
1222 1356
1223 1357
1224 1356
1225 1358
1226 1355
1227 1355
1228 1356
1229 1356
1230 1356
1231 1353
1232 1354
1233 1353
1234 1356
1235 1355
1236 1355
1237 1355
1238 1354
1239 1354
1240 1354
1241 1356
1242 1356
1243 1357
1244 1355
1245 1353
1246 1352
1247 1353
1248 1353
1249 1354
1250 1356
1251 1355
1252 1355
1253 1354
1254 1357
1255 1356
1256 1355
1257 1357
1258 1353
1259 1354
1260 1355
1261 1354
1262 1356
1263 1354
1264 1357
1265 1358
1266 1356
1267 1354
1268 1355
1269 1357
1270 1356
1271 1354
1272 1356
1273 1353
1274 1355
1275 1354
1276 1355
1277 1356
1278 1355
1279 1358
1280 1357
1281 1354
1282 1357
1283 1355
1284 1358
1285 1357
1286 1356
1287 1354
1288 1354
1289 1355
1290 1355
1291 1356
1292 1355
1293 1351
1294 1356
1295 1356
1296 1354
1297 1356
1298 1354
1299 1355
1300 1355
1301 1353
1302 1358
1303 1357
1304 1356
1305 1354
1306 1358
1307 1357
1308 1357
1309 1352
1310 1356
1311 1357
1312 1354
1313 1355
1314 1351
1315 1354
1316 1355
1317 1357
1318 1354
1319 1356
1320 1357
1321 1354
1322 1354
1323 1355
1324 1356
1325 1358
1326 1356
1327 1353
1328 1354
1329 1353
1330 1352
1331 1353
1332 1356
1333 1355
1334 1355
1335 1355
1336 1355
1337 1359
1338 1356
1339 1358
1340 1357
1341 1356
1342 1355
1343 1354
1344 1353
1345 1354
1346 1355
1347 1354
1348 1354
1349 1354
1350 1354
1351 1356
1352 1355
1353 1355
1354 1356
1355 1355
1356 1354
1357 1354
1358 1354
1359 1358
1360 1354
1361 1355
1362 1355
1363 1357
1364 1356
1365 1356
1366 1355
1367 1353
1368 1353
1369 1354
1370 1356
1371 1356
1372 1355
1373 1354
1374 1354
1375 1355
1376 1356
1377 1356
1378 1357
1379 1356
1380 1354
1381 1353
1382 1354
1383 1357
1384 1355
1385 1353
1386 1357
1387 1355
1388 1355
1389 1355
1390 1356
1391 1353
1392 1356
1393 1356
1394 1353
1395 1354
1396 1355
1397 1356
1398 1356
1399 1357
1400 1355
1401 1355
1402 1356
1403 1357
1404 1355
1405 1357
1406 1358
1407 1354
1408 1357
1409 1356
1410 1354
1411 1354
1412 1354
1413 1354
1414 1354
1415 1356
1416 1356
1417 1354
1418 1351
1419 1355
1420 1352
1421 1357
1422 1353
1423 1353
1424 1355
1425 1355
1426 1356
1427 1356
1428 1356
1429 1357
1430 1356
1431 1356
1432 1356
1433 1358
1434 1354
1435 1357
1436 1357
1437 1354
1438 1357
1439 1357
1440 1357
1441 1357
1442 1356
1443 1354
1444 1357
1445 1355
1446 1358
1447 1358
1448 1357
1449 1353
1450 1355
1451 1353
1452 1355
1453 1356
1454 1357
1455 1355
1456 1358
1457 1354
1458 1356
1459 1356
1460 1355
1461 1357
1462 1354
1463 1354
1464 1354
1465 1356
1466 1358
1467 1357
1468 1356
1469 1357
1470 1358
1471 1355
1472 1357
1473 1356
1474 1355
1475 1356
1476 1358
1477 1354
1478 1355
1479 1355
1480 1354
1481 1352
1482 1355
1483 1352
1484 1355
1485 1357
1486 1355
1487 1356
1488 1357
1489 1355
1490 1356
1491 1353
1492 1356
1493 1356
1494 1354
1495 1353
1496 1355
1497 1357
1498 1356
1499 1357
1500 1357
1501 1355
1502 1354
1503 1356
1504 1356
1505 1357
1506 1354
1507 1355
1508 1356
1509 1356
1510 1354
1511 1355
1512 1352
1513 1354
1514 1356
1515 1356
1516 1357
1517 1354
1518 1357
1519 1357
1520 1356
1521 1356
1522 1355
1523 1355
1524 1351
1525 1356
1526 1357
1527 1354
1528 1355
1529 1357
1530 1354
1531 1355
1532 1357
1533 1358
1534 1357
1535 1354
1536 1356
1537 1356
1538 1353
1539 1353
1540 1354
1541 1355
1542 1355
1543 1354
1544 1354
1545 1355
1546 1355
1547 1356
1548 1355
1549 1355
1550 1356
1551 1357
1552 1355
1553 1355
1554 1354
1555 1354
1556 1354
1557 1357
1558 1356
1559 1357
1560 1355
1561 1356
1562 1357
1563 1358
1564 1357
1565 1357
1566 1356
1567 1357
1568 1358
1569 1355
1570 1356
1571 1355
1572 1355
1573 1354
1574 1355
1575 1356
1576 1355
1577 1356
1578 1358
1579 1357
1580 1354
1581 1357
1582 1357
1583 1357
1584 1357
1585 1356
1586 1356
1587 1356
1588 1356
1589 1355
1590 1354
1591 1356
1592 1355
1593 1356
1594 1356
1595 1355
1596 1356
1597 1357
1598 1356
1599 1355
1600 1356
1601 1355
1602 1356
1603 1357
1604 1357
1605 1356
1606 1357
1607 1355
1608 1356
1609 1355
1610 1355
1611 1354
1612 1352
1613 1354
1614 1356
1615 1358
1616 1360
1617 1357
1618 1356
1619 1354
1620 1355
1621 1355
1622 1356
1623 1357
1624 1355
1625 1355
1626 1356
1627 1356
1628 1355
1629 1355
1630 1357
1631 1354
1632 1356
1633 1354
1634 1355
1635 1357
1636 1353
1637 1355
1638 1355
1639 1354
1640 1358
1641 1355
1642 1353
1643 1355
1644 1356
1645 1357
1646 1353
1647 1356
1648 1354
1649 1357
1650 1355
1651 1356
1652 1357
1653 1354
1654 1354
1655 1357
1656 1354
1657 1352
1658 1356
1659 1358
1660 1357
1661 1357
1662 1355
1663 1355
1664 1356
1665 1352
1666 1356
1667 1356
1668 1357
1669 1355
1670 1353
1671 1353
1672 1355
1673 1351
1674 1357
1675 1358
1676 1357
1677 1358
1678 1356
1679 1353
1680 1355
1681 1355
1682 1355
1683 1358
1684 1353
1685 1353
1686 1357
1687 1357
1688 1358
1689 1355
1690 1356
1691 1355
1692 1355
1693 1355
1694 1356
1695 1355
1696 1353
1697 1354
1698 1355
1699 1357
1700 1355
1701 1353
1702 1353
1703 1354
1704 1359
1705 1358
1706 1356
1707 1356
1708 1355
1709 1354
1710 1353
1711 1355
1712 1356
1713 1353
1714 1356
1715 1355
1716 1358
1717 1358
1718 1358
1719 1355
1720 1353
1721 1355
1722 1355
1723 1352
1724 1355
1725 1355
1726 1355
1727 1352
1728 1351
1729 1356
1730 1356
1731 1356
1732 1356
1733 1355
1734 1356
1735 1359
1736 1357
1737 1356
1738 1357
1739 1357
1740 1357
1741 1356
1742 1357
1743 1357
1744 1356
1745 1355
1746 1355
1747 1354
1748 1355
1749 1354
1750 1355
1751 1357
1752 1357
1753 1355
1754 1356
1755 1353
1756 1354
1757 1353
1758 1356
1759 1355
1760 1355
1761 1354
1762 1356
1763 1356
1764 1354
1765 1354
1766 1354
1767 1355
1768 1356
1769 1355
1770 1356
1771 1358
1772 1355
1773 1355
1774 1354
1775 1354
1776 1355
1777 1356
1778 1355
1779 1355
1780 1355
1781 1353
1782 1354
1783 1355
1784 1356
1785 1355
1786 1356
1787 1355
1788 1355
1789 1353
1790 1355
1791 1353
1792 1355
1793 1356
1794 1355
1795 1356
1796 1356
1797 1355
1798 1356
1799 1355
1800 1357
1801 1355
1802 1356
1803 1351
1804 1357
1805 1357
1806 1356
1807 1355
1808 1352
1809 1355
1810 1355
1811 1356
1812 1356
1813 1354
1814 1356
1815 1355
1816 1355
1817 1355
1818 1357
1819 1355
1820 1355
1821 1356
1822 1354
1823 1354
1824 1355
1825 1357
1826 1356
1827 1354
1828 1356
1829 1354
1830 1357
1831 1356
1832 1356
1833 1354
1834 1356
1835 1358
1836 1359
1837 1357
1838 1356
1839 1356
1840 1355
1841 1354
1842 1353
1843 1356
1844 1356
1845 1358
1846 1355
1847 1355
1848 1355
1849 1354
1850 1356
1851 1354
1852 1355
1853 1354
1854 1356
1855 1353
1856 1355
1857 1357
1858 1357
1859 1357
1860 1358
1861 1355
1862 1354
1863 1355
1864 1358
1865 1360
1866 1356
1867 1357
1868 1356
1869 1355
1870 1357
1871 1355
1872 1354
1873 1357
1874 1355
1875 1356
1876 1355
1877 1358
1878 1356
1879 1355
1880 1354
1881 1353
1882 1355
1883 1355
1884 1359
1885 1357
1886 1357
1887 1357
1888 1358
1889 1352
1890 1356
1891 1355
1892 1355
1893 1354
1894 1360
1895 1359
1896 1357
1897 1356
1898 1357
1899 1357
1900 1357
1901 1356
1902 1355
1903 1353
1904 1356
1905 1355
1906 1354
1907 1357
1908 1356
1909 1357
1910 1355
1911 1357
1912 1356
1913 1353
1914 1356
1915 1356
1916 1354
1917 1355
1918 1356
1919 1355
1920 1358
1921 1357
1922 1357
1923 1355
1924 1359
1925 1359
1926 1356
1927 1356
1928 1356
1929 1358
1930 1356
1931 1355
1932 1353
1933 1354
1934 1355
1935 1358
1936 1352
1937 1354
1938 1357
1939 1357
1940 1357
1941 1356
1942 1357
1943 1356
1944 1355
1945 1356
1946 1356
1947 1357
1948 1355
1949 1353
1950 1354
1951 1355
1952 1356
1953 1354
1954 1355
1955 1354
1956 1356
1957 1357
1958 1356
1959 1355
1960 1355
1961 1355
1962 1356
1963 1355
1964 1354
1965 1357
1966 1354
1967 1355
1968 1355
1969 1357
1970 1357
1971 1354
1972 1351
1973 1354
1974 1356
1975 1355
1976 1356
1977 1355
1978 1354
1979 1356
1980 1356
1981 1357
1982 1356
1983 1357
1984 1355
1985 1357
1986 1358
1987 1356
1988 1357
1989 1357
1990 1356
1991 1356
1992 1356
1993 1355
1994 1352
1995 1357
1996 1358
1997 1355
1998 1354
1999 1355
2000 1354
2001 1356
2002 1357
2003 1357
2004 1355
2005 1357
2006 1356
2007 1355
2008 1354
2009 1354
2010 1358
2011 1357
2012 1357
2013 1355
2014 1357
2015 1356
2016 1356
2017 1357
2018 1357
2019 1356
2020 1354
2021 1355
2022 1356
2023 1355
2024 1357
2025 1354
2026 1358
2027 1354
2028 1354
2029 1356
2030 1354
2031 1357
2032 1357
2033 1354
2034 1356
2035 1353
2036 1356
2037 1355
2038 1355
2039 1353
2040 1355
2041 1356
2042 1356
2043 1355
2044 1356
2045 1358
2046 1354
2047 1357
2048 1355
2049 1356
2050 1355
2051 1351
2052 1356
2053 1356
2054 1358
2055 1358
2056 1354
2057 1356
2058 1357
2059 1357
2060 1358
2061 1358
2062 1357
2063 1355
2064 1355
2065 1356
2066 1357
2067 1355
2068 1356
2069 1356
2070 1356
2071 1357
2072 1356
2073 1356
2074 1356
2075 1355
2076 1356
2077 1358
2078 1355
2079 1357
2080 1356
2081 1355
2082 1356
2083 1352
2084 1358
2085 1357
2086 1356
2087 1354
2088 1356
2089 1353
2090 1359
2091 1356
2092 1355
2093 1355
2094 1355
2095 1355
2096 1357
2097 1356
2098 1355
2099 1354
2100 1355
2101 1359
2102 1357
2103 1358
2104 1355
2105 1354
2106 1355
2107 1357
2108 1356
2109 1355
2110 1356
2111 1357
2112 1356
2113 1357
2114 1356
2115 1357
2116 1357
2117 1353
2118 1354
2119 1353
2120 1356
2121 1356
2122 1356
2123 1354
2124 1356
2125 1356
2126 1357
2127 1352
2128 1357
2129 1356
2130 1358
2131 1355
2132 1357
2133 1356
2134 1358
2135 1356
2136 1358
2137 1356
2138 1356
2139 1353
2140 1355
2141 1356
2142 1355
2143 1356
2144 1357
2145 1357
2146 1357
2147 1356
2148 1356
2149 1355
2150 1357
2151 1355
2152 1355
2153 1356
2154 1356
2155 1357
2156 1355
2157 1354
2158 1358
2159 1357
2160 1358
2161 1356
2162 1355
2163 1357
2164 1356
2165 1357
2166 1357
2167 1357
2168 1354
2169 1356
2170 1356
2171 1354
2172 1357
2173 1358
2174 1355
2175 1354
2176 1355
2177 1357
2178 1359
2179 1356
2180 1353
2181 1355
2182 1356
2183 1353
2184 1357
2185 1356
2186 1359
2187 1356
2188 1352
2189 1354
2190 1355
2191 1356
2192 1357
2193 1356
2194 1358
2195 1357
2196 1357
2197 1356
2198 1357
2199 1358
2200 1359
2201 1354
2202 1356
2203 1356
2204 1355
2205 1356
2206 1354
2207 1354
2208 1356
2209 1354
2210 1358
2211 1356
2212 1355
2213 1355
2214 1358
2215 1359
2216 1356
2217 1353
2218 1356
2219 1356
2220 1356
2221 1356
2222 1355
2223 1355
2224 1352
2225 1355
2226 1356
2227 1357
2228 1357
2229 1356
2230 1358
2231 1354
2232 1355
2233 1354
2234 1357
2235 1355
2236 1356
2237 1357
2238 1357
2239 1353
2240 1357
2241 1353
2242 1355
2243 1355
2244 1359
2245 1356
2246 1357
2247 1356
2248 1356
2249 1355
2250 1357
2251 1356
2252 1354
2253 1357
2254 1355
2255 1359
2256 1357
2257 1356
2258 1356
2259 1355
2260 1358
2261 1356
2262 1358
2263 1355
2264 1356
2265 1356
2266 1356
2267 1355
2268 1357
2269 1354
2270 1356
2271 1356
2272 1356
2273 1356
2274 1358
2275 1357
2276 1355
2277 1355
2278 1353
2279 1355
2280 1356
2281 1354
2282 1358
2283 1353
2284 1357
2285 1356
2286 1358
2287 1355
2288 1359
2289 1356
2290 1356
2291 1352
2292 1356
2293 1356
2294 1361
2295 1358
2296 1356
2297 1358
2298 1356
2299 1356
2300 1354
2301 1355
2302 1356
2303 1356
2304 1358
2305 1357
2306 1358
2307 1354
2308 1355
2309 1356
2310 1356
2311 1354
2312 1356
2313 1353
2314 1352
2315 1352
2316 1358
2317 1356
2318 1356
2319 1354
2320 1361
2321 1358
2322 1354
2323 1355
2324 1355
2325 1357
2326 1356
2327 1354
2328 1356
2329 1355
2330 1354
2331 1357
2332 1354
2333 1353
2334 1356
2335 1356
2336 1357
2337 1356
2338 1356
2339 1356
2340 1358
2341 1354
2342 1356
2343 1356
2344 1358
2345 1357
2346 1358
2347 1357
2348 1359
2349 1357
2350 1356
2351 1354
2352 1356
2353 1356
2354 1359
2355 1354
2356 1356
2357 1353
2358 1356
2359 1358
2360 1357
2361 1355
2362 1358
2363 1356
2364 1357
2365 1356
2366 1355
2367 1353
2368 1355
2369 1358
2370 1357
2371 1355
2372 1355
2373 1357
2374 1357
2375 1358
2376 1354
2377 1357
2378 1355
2379 1355
2380 1356
2381 1357
2382 1356
2383 1355
2384 1354
2385 1357
2386 1357
2387 1357
2388 1355
2389 1357
2390 1355
2391 1357
2392 1356
2393 1358
2394 1356
2395 1353
2396 1356
2397 1355
2398 1358
2399 1355
2400 1359
2401 1353
2402 1356
2403 1355
2404 1360
2405 1360
2406 1355
2407 1357
2408 1356
2409 1355
2410 1354
2411 1353
2412 1358
2413 1357
2414 1354
2415 1354
2416 1354
2417 1353
2418 1354
2419 1355
2420 1358
2421 1358
2422 1357
2423 1355
2424 1355
2425 1355
2426 1356
2427 1355
2428 1356
2429 1357
2430 1355
2431 1357
2432 1354
2433 1352
2434 1356
2435 1357
2436 1357
2437 1354
2438 1357
2439 1355
2440 1355
2441 1356
2442 1355
2443 1357
2444 1357
2445 1353
2446 1356
2447 1354
2448 1359
2449 1355
2450 1359
2451 1355
2452 1355
2453 1353
2454 1353
2455 1357
2456 1357
2457 1355
2458 1355
2459 1357
2460 1356
2461 1357
2462 1356
2463 1354
2464 1358
2465 1359
2466 1355
2467 1356
2468 1355
2469 1357
2470 1357
2471 1357
2472 1357
2473 1355
2474 1355
2475 1355
2476 1354
2477 1354
2478 1355
2479 1356
2480 1354
2481 1353
2482 1354
2483 1355
2484 1357
2485 1355
2486 1356
2487 1352
2488 1356
2489 1353
2490 1357
2491 1356
2492 1355
2493 1353
2494 1356
2495 1357
2496 1356
2497 1354
2498 1354
2499 1355
2500 1356
2501 1353
2502 1356
2503 1357
2504 1354
2505 1355
2506 1357
2507 1356
2508 1355
2509 1355
2510 1357
2511 1359
2512 1357
2513 1355
2514 1353
2515 1352
2516 1354
2517 1354
2518 1356
2519 1353
2520 1353
2521 1354
2522 1354
2523 1355
2524 1352
2525 1354
2526 1358
2527 1356
2528 1356
2529 1353
2530 1354
2531 1357
2532 1356
2533 1355
2534 1357
2535 1354
2536 1354
2537 1354
2538 1356
2539 1356
2540 1355
2541 1353
2542 1355
2543 1356
2544 1356
2545 1356
2546 1356
2547 1353
2548 1353
2549 1354
2550 1356
2551 1357
2552 1355
2553 1355
2554 1353
2555 1353
2556 1352
2557 1353
2558 1355
2559 1355
2560 1356
2561 1355
2562 1354
2563 1355
2564 1354
2565 1358
2566 1354
2567 1357
2568 1353
2569 1360
2570 1357
2571 1355
2572 1356
2573 1353
2574 1355
2575 1355
2576 1354
2577 1355
2578 1356
2579 1357
2580 1358
2581 1356
2582 1357
2583 1357
2584 1355
2585 1355
2586 1355
2587 1355
2588 1355
2589 1354
2590 1354
2591 1354
2592 1355
2593 1356
2594 1357
2595 1357
2596 1358
2597 1356
2598 1354
2599 1354
2600 1353
2601 1357
2602 1355
2603 1358
2604 1356
2605 1356
2606 1356
2607 1355
2608 1357
2609 1356
2610 1354
2611 1356
2612 1355
2613 1358
2614 1355
2615 1360
2616 1358
2617 1357
2618 1356
2619 1357
2620 1357
2621 1356
2622 1357
2623 1359
2624 1356
2625 1362
2626 1357
2627 1357
2628 1358
2629 1358
2630 1357
2631 1356
2632 1356
2633 1357
2634 1355
2635 1354
2636 1356
2637 1356
2638 1354
2639 1354
2640 1355
2641 1357
2642 1355
2643 1358
2644 1353
2645 1356
2646 1353
2647 1356
2648 1355
2649 1357
2650 1354
2651 1356
2652 1355
2653 1356
2654 1357
2655 1356
2656 1358
2657 1357
2658 1357
2659 1357
2660 1358
2661 1356
2662 1358
2663 1354
2664 1358
2665 1355
2666 1357
2667 1354
2668 1357
2669 1355
2670 1359
2671 1357
2672 1356
2673 1356
2674 1356
2675 1355
2676 1354
2677 1353
2678 1356
2679 1357
2680 1354
2681 1356
2682 1354
2683 1354
2684 1358
2685 1358
2686 1355
2687 1354
2688 1356
2689 1356
2690 1358
2691 1359
2692 1355
2693 1356
2694 1355
2695 1357
2696 1357
2697 1355
2698 1355
2699 1356
2700 1355
2701 1354
2702 1354
2703 1354
2704 1354
2705 1356
2706 1358
2707 1359
2708 1356
2709 1355
2710 1357
2711 1359
2712 1356
2713 1358
2714 1356
2715 1357
2716 1355
2717 1357
2718 1356
2719 1356
2720 1357
2721 1356
2722 1355
2723 1354
2724 1355
2725 1357
2726 1354
2727 1357
2728 1355
2729 1356
2730 1355
2731 1355
2732 1355
2733 1354
2734 1352
2735 1355
2736 1356
2737 1356
2738 1354
2739 1355
2740 1357
2741 1356
2742 1358
2743 1355
2744 1356
2745 1357
2746 1355
2747 1358
2748 1355
2749 1357
2750 1356
2751 1357
2752 1354
2753 1355
2754 1356
2755 1359
2756 1358
2757 1357
2758 1352
2759 1352
2760 1355
2761 1357
2762 1354
2763 1356
2764 1357
2765 1358
2766 1356
2767 1355
2768 1356
2769 1353
2770 1355
2771 1356
2772 1355
2773 1357
2774 1356
2775 1357
2776 1355
2777 1356
2778 1353
2779 1355
2780 1358
2781 1356
2782 1359
2783 1357
2784 1357
2785 1357
2786 1355
2787 1356
2788 1356
2789 1354
2790 1355
2791 1357
2792 1356
2793 1357
2794 1356
2795 1355
2796 1355
2797 1356
2798 1356
2799 1355
2800 1356
2801 1357
2802 1356
2803 1356
2804 1355
2805 1355
2806 1355
2807 1358
2808 1355
2809 1355
2810 1353
2811 1355
2812 1357
2813 1354
2814 1356
2815 1356
2816 1354
2817 1356
2818 1357
2819 1355
2820 1356
2821 1357
2822 1357
2823 1355
2824 1354
2825 1355
2826 1353
2827 1356
2828 1356
2829 1354
2830 1356
2831 1357
2832 1358
2833 1357
2834 1357
2835 1358
2836 1356
2837 1356
2838 1354
2839 1355
2840 1356
2841 1355
2842 1354
2843 1357
2844 1355
2845 1360
2846 1355
2847 1356
2848 1355
2849 1354
2850 1353
2851 1354
2852 1355
2853 1355
2854 1352
2855 1355
2856 1357
2857 1356
2858 1355
2859 1356
2860 1358
2861 1358
2862 1356
2863 1355
2864 1356
2865 1357
2866 1356
2867 1358
2868 1353
2869 1357
2870 1356
2871 1355
2872 1353
2873 1355
2874 1356
2875 1359
2876 1357
2877 1356
2878 1359
2879 1355
2880 1355
2881 1352
2882 1354
2883 1355
2884 1356
2885 1352
2886 1356
2887 1356
2888 1356
2889 1356
2890 1356
2891 1357
2892 1357
2893 1357
2894 1356
2895 1358
2896 1354
2897 1356
2898 1355
2899 1354
2900 1354
2901 1356
2902 1357
2903 1357
2904 1356
2905 1358
2906 1353
2907 1355
2908 1355
2909 1358
2910 1356
2911 1357
2912 1354
2913 1354
2914 1354
2915 1354
2916 1358
2917 1357
2918 1353
2919 1355
2920 1356
2921 1357
2922 1357
2923 1360
2924 1354
2925 1357
2926 1355
2927 1357
2928 1355
2929 1357
2930 1357
2931 1355
2932 1357
2933 1357
2934 1355
2935 1355
2936 1356
2937 1358
2938 1355
2939 1357
2940 1356
2941 1356
2942 1356
2943 1354
2944 1356
2945 1358
2946 1358
2947 1356
2948 1357
2949 1356
2950 1354
2951 1356
2952 1357
2953 1356
2954 1355
2955 1355
2956 1356
2957 1357
2958 1357
2959 1358
2960 1358
2961 1358
2962 1359
2963 1354
2964 1354
2965 1356
2966 1356
2967 1356
2968 1357
2969 1356
2970 1355
2971 1354
2972 1354
2973 1355
2974 1355
2975 1355
2976 1356
2977 1357
2978 1358
2979 1354
2980 1356
2981 1357
2982 1357
2983 1355
2984 1355
2985 1353
2986 1355
2987 1356
2988 1354
2989 1353
2990 1354
2991 1356
2992 1353
2993 1354
2994 1355
2995 1356
2996 1355
2997 1355
2998 1356
2999 1356
3000 1356
3001 1357
3002 1355
3003 1355
3004 1357
3005 1357
3006 1354
3007 1353
3008 1358
3009 1353
3010 1357
3011 1357
3012 1356
3013 1357
3014 1356
3015 1353
3016 1355
3017 1356
3018 1356
3019 1357
3020 1354
3021 1353
3022 1356
3023 1356
3024 1354
3025 1357
3026 1356
3027 1357
3028 1355
3029 1355
3030 1354
3031 1355
3032 1355
3033 1355
3034 1357
3035 1357
3036 1358
3037 1354
3038 1356
3039 1355
3040 1354
3041 1353
3042 1356
3043 1355
3044 1356
3045 1357
3046 1354
3047 1356
3048 1355
3049 1356
3050 1354
3051 1355
3052 1356
3053 1354
3054 1356
3055 1357
3056 1355
3057 1353
3058 1356
3059 1356
3060 1355
3061 1355
3062 1355
3063 1354
3064 1356
3065 1355
3066 1354
3067 1353
3068 1355
3069 1355
3070 1357
3071 1356
3072 1357
3073 1355
3074 1355
3075 1357
3076 1356
3077 1355
3078 1358
3079 1354
3080 1356
3081 1357
3082 1357
3083 1355
3084 1357
3085 1353
3086 1357
3087 1356
3088 1357
3089 1355
3090 1357
3091 1354
3092 1356
3093 1357
3094 1358
3095 1356
3096 1356
3097 1355
3098 1356
3099 1354
3100 1356
3101 1354
3102 1357
3103 1358
3104 1356
3105 1355
3106 1358
3107 1356
3108 1357
3109 1357
3110 1357
3111 1354
3112 1356
3113 1356
3114 1356
3115 1355
3116 1356
3117 1354
3118 1359
3119 1357
3120 1354
3121 1358
3122 1356
3123 1358
3124 1356
3125 1355
3126 1356
3127 1357
3128 1356
3129 1356
3130 1356
3131 1356
3132 1354
3133 1354
3134 1358
3135 1355
3136 1355
3137 1358
3138 1357
3139 1358
3140 1357
3141 1355
3142 1356
3143 1358
3144 1355
3145 1355
3146 1356
3147 1357
3148 1356
3149 1357
3150 1358
3151 1356
3152 1357
3153 1356
3154 1355
3155 1355
3156 1354
3157 1356
3158 1356
3159 1356
3160 1357
3161 1354
3162 1354
3163 1354
3164 1359
3165 1358
3166 1356
3167 1356
3168 1354
3169 1355
3170 1355
3171 1356
3172 1356
3173 1357
3174 1354
3175 1353
3176 1353
3177 1355
3178 1356
3179 1359
3180 1357
3181 1359
3182 1355
3183 1355
3184 1354
3185 1356
3186 1356
3187 1353
3188 1355
3189 1356
3190 1355
3191 1355
3192 1355
3193 1354
3194 1356
3195 1357
3196 1357
3197 1359
3198 1356
3199 1356
3200 1358
3201 1358
3202 1357
3203 1357
3204 1356
3205 1357
3206 1357
3207 1360
3208 1357
3209 1360
3210 1358
3211 1355
3212 1355
3213 1357
3214 1356
3215 1358
3216 1356
3217 1358
3218 1356
3219 1357
3220 1354
3221 1353
3222 1356
3223 1353
3224 1356
3225 1358
3226 1355
3227 1355
3228 1355
3229 1356
3230 1356
3231 1353
3232 1353
3233 1355
3234 1354
3235 1356
3236 1357
3237 1355
3238 1355
3239 1353
3240 1356
3241 1355
3242 1358
3243 1359
3244 1356
3245 1357
3246 1356
3247 1356
3248 1357
3249 1358
3250 1358
3251 1356
3252 1356
3253 1353
3254 1356
3255 1356
3256 1357
3257 1354
3258 1353
3259 1354
3260 1355
3261 1355
3262 1356
3263 1354
3264 1355
3265 1355
3266 1357
3267 1357
3268 1359
3269 1357
3270 1358
3271 1357
3272 1357
3273 1356
3274 1356
3275 1357
3276 1356
3277 1356
3278 1354
3279 1356
3280 1352
3281 1356
3282 1356
3283 1356
3284 1355
3285 1356
3286 1358
3287 1356
3288 1356
3289 1359
3290 1357
3291 1355
3292 1354
3293 1356
3294 1356
3295 1355
3296 1357
3297 1356
3298 1355
3299 1359
3300 1353
3301 1355
3302 1355
3303 1355
3304 1356
3305 1355
3306 1355
3307 1358
3308 1356
3309 1356
3310 1356
3311 1353
3312 1356
3313 1354
3314 1355
3315 1355
3316 1355
3317 1356
3318 1356
3319 1357
3320 1357
3321 1357
3322 1355
3323 1356
3324 1356
3325 1357
3326 1355
3327 1357
3328 1354
3329 1355
3330 1356
3331 1354
3332 1355
3333 1357
3334 1354
3335 1356
3336 1357
3337 1357
3338 1357
3339 1356
3340 1358
3341 1356
3342 1352
3343 1355
3344 1354
3345 1356
3346 1356
3347 1357
3348 1356
3349 1356
3350 1356
3351 1356
3352 1355
3353 1358
3354 1357
3355 1357
3356 1355
3357 1356
3358 1356
3359 1355
3360 1357
3361 1358
3362 1356
3363 1358
3364 1355
3365 1357
3366 1356
3367 1358
3368 1355
3369 1357
3370 1355
3371 1357
3372 1354
3373 1352
3374 1353
3375 1355
3376 1355
3377 1355
3378 1354
3379 1356
3380 1356
3381 1355
3382 1355
3383 1356
3384 1356
3385 1358
3386 1355
3387 1358
3388 1356
3389 1357
3390 1354
3391 1356
3392 1354
3393 1354
3394 1355
3395 1357
3396 1356
3397 1356
3398 1357
3399 1356
3400 1357
3401 1356
3402 1355
3403 1357
3404 1356
3405 1358
3406 1354
3407 1352
3408 1355
3409 1355
3410 1356
3411 1354
3412 1355
3413 1354
3414 1356
3415 1356
3416 1356
3417 1356
3418 1357
3419 1358
3420 1357
3421 1354
3422 1353
3423 1354
3424 1356
3425 1355
3426 1356
3427 1354
3428 1355
3429 1357
3430 1357
3431 1355
3432 1356
3433 1355
3434 1358
3435 1357
3436 1356
3437 1353
3438 1356
3439 1356
3440 1356
3441 1354
3442 1357
3443 1354
3444 1357
3445 1357
3446 1355
3447 1356
3448 1355
3449 1358
3450 1353
3451 1355
3452 1357
3453 1353
3454 1358
3455 1355
3456 1355
3457 1358
3458 1356
3459 1354
3460 1354
3461 1358
3462 1355
3463 1354
3464 1354
3465 1355
3466 1353
3467 1354
3468 1354
3469 1357
3470 1357
3471 1355
3472 1357
3473 1357
3474 1358
3475 1356
3476 1355
3477 1355
3478 1353
3479 1353
3480 1354
3481 1354
3482 1355
3483 1352
3484 1354
3485 1355
3486 1354
3487 1353
3488 1355
3489 1354
3490 1355
3491 1357
3492 1358
3493 1355
3494 1355
3495 1353
3496 1356
3497 1355
3498 1356
3499 1356
3500 1356
3501 1354
3502 1353
3503 1355
3504 1356
3505 1355
3506 1360
3507 1355
3508 1358
3509 1356
3510 1356
3511 1357
3512 1352
3513 1354
3514 1355
3515 1359
3516 1357
3517 1357
3518 1356
3519 1356
3520 1357
3521 1354
3522 1354
3523 1356
3524 1351
3525 1355
3526 1357
3527 1354
3528 1356
3529 1355
3530 1355
3531 1355
3532 1354
3533 1357
3534 1356
3535 1355
3536 1356
3537 1356
3538 1355
3539 1352
3540 1353
3541 1354
3542 1354
3543 1353
3544 1358
3545 1360
3546 1358
3547 1356
3548 1356
3549 1357
3550 1357
3551 1358
3552 1355
3553 1358
3554 1353
3555 1354
3556 1350
3557 1356
3558 1357
3559 1353
3560 1355
3561 1353
3562 1355
3563 1354
3564 1356
3565 1355
3566 1354
3567 1355
3568 1354
3569 1355
3570 1354
3571 1355
3572 1355
3573 1356
3574 1355
3575 1356
3576 1354
3577 1356
3578 1355
3579 1356
3580 1356
3581 1354
3582 1356
3583 1354
3584 1355
3585 1355
3586 1353
3587 1356
3588 1354
3589 1355
3590 1356
3591 1359
3592 1358
3593 1355
3594 1359
3595 1356
3596 1355
3597 1357
3598 1358
3599 1358
3600 1354
3601 1356
3602 1356
3603 1358
3604 1356
3605 1356
3606 1356
3607 1357
3608 1356
3609 1354
3610 1357
3611 1355
3612 1358
3613 1356
3614 1353
3615 1356
3616 1356
3617 1358
3618 1357
3619 1354
3620 1358
3621 1358
3622 1358
3623 1355
3624 1355
3625 1356
3626 1356
3627 1356
3628 1356
3629 1357
3630 1356
3631 1357
3632 1354
3633 1356
3634 1356
3635 1356
3636 1356
3637 1353
3638 1357
3639 1356
3640 1359
3641 1358
3642 1355
3643 1356
3644 1356
3645 1353
3646 1354
3647 1353
3648 1354
3649 1357
3650 1356
3651 1355
3652 1355
3653 1354
3654 1357
3655 1355
3656 1358
3657 1357
3658 1355
3659 1354
3660 1355
3661 1357
3662 1356
3663 1354
3664 1357
3665 1355
3666 1357
3667 1355
3668 1356
3669 1355
3670 1358
3671 1356
3672 1357
3673 1356
3674 1357
3675 1354
3676 1356
3677 1354
3678 1356
3679 1357
3680 1356
3681 1355
3682 1355
3683 1355
3684 1355
3685 1357
3686 1358
3687 1355
3688 1357
3689 1355
3690 1356
3691 1355
3692 1353
3693 1356
3694 1356
3695 1356
3696 1357
3697 1355
3698 1357
3699 1356
3700 1361
3701 1354
3702 1355
3703 1354
3704 1357
3705 1357
3706 1356
3707 1354
3708 1357
3709 1355
3710 1356
3711 1355
3712 1354
3713 1354
3714 1356
3715 1355
3716 1355
3717 1357
3718 1355
3719 1356
3720 1353
3721 1353
3722 1356
3723 1354
3724 1359
3725 1358
3726 1354
3727 1355
3728 1355
3729 1358
3730 1354
3731 1354
3732 1355
3733 1355
3734 1358
3735 1356
3736 1359
3737 1357
3738 1355
3739 1354
3740 1355
3741 1355
3742 1356
3743 1355
3744 1354
3745 1352
3746 1356
3747 1355
3748 1357
3749 1354
3750 1357
3751 1354
3752 1356
3753 1354
3754 1355
3755 1356
3756 1356
3757 1355
3758 1354
3759 1355
3760 1354
3761 1353
3762 1355
3763 1354
3764 1357
3765 1356
3766 1356
3767 1354
3768 1355
3769 1354
3770 1354
3771 1354
3772 1356
3773 1357
3774 1354
3775 1355
3776 1356
3777 1356
3778 1354
3779 1355
3780 1356
3781 1352
3782 1354
3783 1354
3784 1357
3785 1357
3786 1357
3787 1354
3788 1356
3789 1353
3790 1355
3791 1357
3792 1354
3793 1354
3794 1357
3795 1360
3796 1357
3797 1357
3798 1355
3799 1357
3800 1355
3801 1356
3802 1355
3803 1357
3804 1357
3805 1358
3806 1357
3807 1355
3808 1356
3809 1356
3810 1356
3811 1356
3812 1356
3813 1355
3814 1356
3815 1358
3816 1356
3817 1358
3818 1357
3819 1355
3820 1354
3821 1355
3822 1355
3823 1357
3824 1356
3825 1356
3826 1354
3827 1352
3828 1356
3829 1354
3830 1356
3831 1357
3832 1355
3833 1355
3834 1354
3835 1352
3836 1353
3837 1356
3838 1357
3839 1357
3840 1356
3841 1355
3842 1355
3843 1356
3844 1356
3845 1359
3846 1356
3847 1356
3848 1356
3849 1354
3850 1355
3851 1358
3852 1356
3853 1357
3854 1358
3855 1357
3856 1356
3857 1357
3858 1355
3859 1352
3860 1355
3861 1355
3862 1356
3863 1353
3864 1356
3865 1354
3866 1356
3867 1355
3868 1355
3869 1354
3870 1355
3871 1357
3872 1356
3873 1356
3874 1357
3875 1357
3876 1356
3877 1360
3878 1357
3879 1358
3880 1357
3881 1358
3882 1356
3883 1354
3884 1356
3885 1356
3886 1357
3887 1357
3888 1355
3889 1353
3890 1356
3891 1356
3892 1357
3893 1357
3894 1356
3895 1357
3896 1356
3897 1357
3898 1355
3899 1357
3900 1356
3901 1356
3902 1358
3903 1355
3904 1356
3905 1357
3906 1356
3907 1354
3908 1356
3909 1355
3910 1356
3911 1355
3912 1358
3913 1356
3914 1355
3915 1355
3916 1357
3917 1356
3918 1354
3919 1354
3920 1355
3921 1356
3922 1356
3923 1356
3924 1356
3925 1354
3926 1356
3927 1357
3928 1356
3929 1357
3930 1355
3931 1355
3932 1357
3933 1357
3934 1355
3935 1356
3936 1357
3937 1354
3938 1355
3939 1358
3940 1356
3941 1356
3942 1354
3943 1355
3944 1355
3945 1354
3946 1355
3947 1356
3948 1358
3949 1356
3950 1357
3951 1355
3952 1354
3953 1355
3954 1357
3955 1358
3956 1354
3957 1355
3958 1356
3959 1356
3960 1356
3961 1357
3962 1355
3963 1355
3964 1358
3965 1356
3966 1358
3967 1355
3968 1355
3969 1355
3970 1356
3971 1357
3972 1358
3973 1355
3974 1356
3975 1354
3976 1356
3977 1356
3978 1358
3979 1356
3980 1358
3981 1355
3982 1356
3983 1355
3984 1356
3985 1357
3986 1358
3987 1357
3988 1356
3989 1353
3990 1355
3991 1356
3992 1357
3993 1356
3994 1357
3995 1353
3996 1355
3997 1356
3998 1359
3999 1357
