0 1356
1 1357
2 1354
3 1355
4 1359
5 1359
6 1354
7 1357
8 1357
9 1356
10 1358
11 1355
12 1356
13 1356
14 1357
15 1354
16 1355
17 1357
18 1359
19 1358
20 1357
21 1358
22 1359
23 1360
24 1357
25 1358
26 1356
27 1359
28 1354
29 1357
30 1355
31 1357
32 1353
33 1355
34 1355
35 1356
36 1355
37 1357
38 1353
39 1357
40 1356
41 1358
42 1356
43 1357
44 1357
45 1357
46 1356
47 1357
48 1358
49 1355
50 1352
51 1357
52 1356
53 1358
54 1358
55 1359
56 1358
57 1356
58 1355
59 1355
60 1356
61 1359
62 1356
63 1358
64 1357
65 1356
66 1356
67 1357
68 1353
69 1357
70 1357
71 1357
72 1356
73 1359
74 1357
75 1356
76 1355
77 1357
78 1356
79 1360
80 1354
81 1357
82 1357
83 1355
84 1354
85 1358
86 1357
87 1358
88 1357
89 1358
90 1357
91 1358
92 1356
93 1358
94 1357
95 1361
96 1357
97 1358
98 1356
99 1358
100 1358
101 1357
102 1357
103 1354
104 1355
105 1357
106 1358
107 1359
108 1360
109 1357
110 1356
111 1357
112 1357
113 1359
114 1355
115 1357
116 1358
117 1357
118 1356
119 1357
120 1356
121 1358
122 1356
123 1358
124 1354
125 1358
126 1358
127 1359
128 1355
129 1357
130 1355
131 1358
132 1358
133 1357
134 1357
135 1361
136 1360
137 1357
138 1357
139 1358
140 1359
141 1359
142 1358
143 1359
144 1356
145 1357
146 1356
147 1355
148 1357
149 1356
150 1355
151 1358
152 1356
153 1356
154 1356
155 1356
156 1354
157 1356
158 1354
159 1355
160 1357
161 1359
162 1358
163 1357
164 1358
165 1356
166 1356
167 1360
168 1358
169 1359
170 1359
171 1357
172 1357
173 1357
174 1355
175 1357
176 1358
177 1359
178 1359
179 1358
180 1356
181 1358
182 1356
183 1357
184 1355
185 1355
186 1356
187 1358
188 1356
189 1358
190 1357
191 1358
192 1355
193 1356
194 1357
195 1357
196 1354
197 1357
198 1356
199 1357
200 1358
201 1359
202 1358
203 1357
204 1356
205 1358
206 1357
207 1361
208 1357
209 1358
210 1356
211 1357
212 1356
213 1357
214 1357
215 1357
216 1357
217 1358
218 1357
219 1359
220 1357
221 1358
222 1358
223 1356
224 1356
225 1356
226 1358
227 1359
228 1358
229 1358
230 1356
231 1356
232 1356
233 1354
234 1357
235 1358
236 1355
237 1356
238 1357
239 1357
240 1356
241 1356
242 1356
243 1356
244 1355
245 1357
246 1356
247 1361
248 1357
249 1357
250 1356
251 1357
252 1358
253 1354
254 1356
255 1358
256 1357
257 1358
258 1358
259 1359
260 1356
261 1359
262 1361
263 1361
264 1357
265 1357
266 1358
267 1357
268 1355
269 1357
270 1357
271 1358
272 1356
273 1355
274 1357
275 1356
276 1357
277 1356
278 1355
279 1356
280 1355
281 1356
282 1356
283 1357
284 1357
285 1356
286 1355
287 1354
288 1355
289 1356
290 1354
291 1356
292 1355
293 1356
294 1355
295 1359
296 1357
297 1359
298 1357
299 1358
300 1357
301 1358
302 1358
303 1362
304 1357
305 1356
306 1356
307 1356
308 1357
309 1357
310 1358
311 1357
312 1357
313 1358
314 1357
315 1357
316 1357
317 1357
318 1353
319 1356
320 1355
321 1358
322 1359
323 1356
324 1357
325 1355
326 1356
327 1356
328 1357
329 1358
330 1356
331 1357
332 1356
333 1355
334 1355
335 1358
336 1357
337 1357
338 1354
339 1354
340 1354
341 1359
342 1356
343 1357
344 1358
345 1359
346 1358
347 1354
348 1354
349 1358
350 1356
351 1358
352 1357
353 1359
354 1357
355 1357
356 1356
357 1357
358 1359
359 1357
360 1355
361 1357
362 1359
363 1357
364 1358
365 1355
366 1354
367 1357
368 1356
369 1357
370 1357
371 1358
372 1354
373 1354
374 1356
375 1357
376 1357
377 1359
378 1356
379 1357
380 1356
381 1358
382 1355
383 1355
384 1355
385 1357
386 1355
387 1356
388 1357
389 1357
390 1357
391 1358
392 1358
393 1357
394 1358
395 1356
396 1358
397 1359
398 1358
399 1355
400 1358
401 1355
402 1355
403 1357
404 1358
405 1359
406 1357
407 1358
408 1357
409 1358
410 1357
411 1357
412 1356
413 1361
414 1356
415 1358
416 1359
417 1360
418 1356
419 1357
420 1357
421 1359
422 1356
423 1356
424 1353
425 1355
426 1356
427 1355
428 1355
429 1356
430 1361
431 1356
432 1354
433 1356
434 1359
435 1358
436 1357
437 1358
438 1354
439 1357
440 1354
441 1356
442 1358
443 1359
444 1359
445 1358
446 1356
447 1360
448 1356
449 1356
450 1357
451 1356
452 1356
453 1357
454 1357
455 1358
456 1356
457 1356
458 1355
459 1358
460 1355
461 1358
462 1356
463 1357
464 1355
465 1357
466 1358
467 1358
468 1359
469 1356
470 1357
471 1358
472 1357
473 1358
474 1357
475 1358
476 1357
477 1360
478 1356
479 1355
480 1356
481 1357
482 1356
483 1357
484 1356
485 1359
486 1359
487 1358
488 1355
489 1356
490 1357
491 1359
492 1357
493 1356
494 1354
495 1358
496 1357
497 1361
498 1358
499 1356
500 1355
501 1359
502 1360
503 1358
504 1353
505 1357
506 1356
507 1357
508 1357
509 1358
510 1355
511 1359
512 1359
513 1360
514 1355
515 1358
516 1355
517 1354
518 1356
519 1358
520 1354
521 1356
522 1356
523 1356
524 1356
525 1357
526 1357
527 1359
528 1357
529 1358
530 1358
531 1358
532 1356
533 1357
534 1359
535 1361
536 1361
537 1363
538 1364
539 1370
540 1380
541 1388
542 1405
543 1429
544 1450
545 1476
546 1505
547 1540
548 1574
549 1606
550 1635
551 1664
552 1693
553 1714
554 1732
555 1748
556 1763
557 1769
558 1773
559 1777
560 1779
561 1776
562 1772
563 1768
564 1762
565 1754
566 1749
567 1740
568 1727
569 1712
570 1697
571 1676
572 1660
573 1644
574 1632
575 1619
576 1606
577 1590
578 1585
579 1572
580 1558
581 1548
582 1534
583 1526
584 1516
585 1502
586 1494
587 1485
588 1476
589 1470
590 1462
591 1454
592 1450
593 1443
594 1437
595 1433
596 1427
597 1425
598 1418
599 1415
600 1410
601 1409
602 1400
603 1400
604 1397
605 1395
606 1393
607 1392
608 1387
609 1389
610 1384
611 1382
612 1381
613 1378
614 1377
615 1374
616 1372
617 1372
618 1373
619 1368
620 1368
621 1369
622 1366
623 1366
624 1365
625 1366
626 1365
627 1363
628 1363
629 1365
630 1363
631 1365
632 1361
633 1362
634 1360
635 1360
636 1359
637 1359
638 1360
639 1359
640 1359
641 1362
642 1360
643 1361
644 1360
645 1359
646 1359
647 1359
648 1358
649 1359
650 1358
651 1359
652 1359
653 1357
654 1355
655 1357
656 1359
657 1361
658 1358
659 1357
660 1356
661 1357
662 1355
663 1359
664 1359
665 1359
666 1357
667 1356
668 1354
669 1358
670 1358
671 1358
672 1356
673 1356
674 1357
675 1355
676 1358
677 1356
678 1356
679 1359
680 1356
681 1357
682 1359
683 1358
684 1355
685 1357
686 1358
687 1358
688 1356
689 1357
690 1354
691 1359
692 1356
693 1359
694 1356
695 1357
696 1358
697 1357
698 1357
699 1357
700 1356
701 1358
702 1357
703 1357
704 1356
705 1357
706 1356
707 1357
708 1357
709 1356
710 1355
711 1355
712 1357
713 1358
714 1354
715 1358
716 1358
717 1358
718 1356
719 1358
720 1359
721 1357
722 1356
723 1359
724 1357
725 1357
726 1357
727 1359
728 1359
729 1355
730 1357
731 1357
732 1357
733 1354
734 1356
735 1357
736 1355
737 1357
738 1355
739 1354
740 1356
741 1357
742 1357
743 1358
744 1360
745 1358
746 1358
747 1358
748 1360
749 1357
750 1357
751 1359
752 1358
753 1357
754 1357
755 1357
756 1358
757 1355
758 1356
759 1355
760 1356
761 1354
762 1357
763 1356
764 1357
765 1357
766 1360
767 1354
768 1355
769 1354
770 1354
771 1358
772 1356
773 1359
774 1354
775 1356
776 1357
777 1360
778 1356
779 1355
780 1358
781 1359
782 1357
783 1357
784 1356
785 1357
786 1356
787 1356
788 1358
789 1357
790 1358
791 1357
792 1355
793 1356
794 1356
795 1356
796 1353
797 1354
798 1355
799 1357
800 1356
801 1354
802 1353
803 1358
804 1357
805 1357
806 1356
807 1356
808 1356
809 1357
810 1356
811 1358
812 1356
813 1356
814 1355
815 1355
816 1356
817 1357
818 1357
819 1357
820 1357
821 1358
822 1357
823 1358
824 1356
825 1352
826 1354
827 1356
828 1356
829 1357
830 1357
831 1357
832 1358
833 1360
834 1356
835 1356
836 1358
837 1357
838 1357
839 1358
840 1356
841 1356
842 1357
843 1358
844 1355
845 1355
846 1356
847 1359
848 1354
849 1358
850 1356
851 1360
852 1357
853 1356
854 1358
855 1357
856 1356
857 1359
858 1354
859 1357
860 1353
861 1355
862 1356
863 1356
864 1353
865 1358
866 1358
867 1359
868 1357
869 1358
870 1358
871 1361
872 1356
873 1357
874 1354
875 1356
876 1356
877 1357
878 1354
879 1358
880 1356
881 1357
882 1358
883 1357
884 1356
885 1357
886 1357
887 1360
888 1358
889 1358
890 1356
891 1356
892 1355
893 1357
894 1355
895 1358
896 1355
897 1358
898 1357
899 1357
900 1356
901 1357
902 1357
903 1360
904 1359
905 1355
906 1356
907 1356
908 1356
909 1356
910 1354
911 1356
912 1356
913 1357
914 1356
915 1358
916 1356
917 1358
918 1354
919 1357
920 1358
921 1357
922 1358
923 1357
924 1354
925 1357
926 1356
927 1357
928 1359
929 1357
930 1356
931 1359
932 1357
933 1358
934 1359
935 1357
936 1357
937 1358
938 1358
939 1357
940 1358
941 1357
942 1357
943 1354
944 1356
945 1358
946 1356
947 1358
948 1357
949 1359
950 1355
951 1360
952 1354
953 1358
954 1355
955 1356
956 1358
957 1357
958 1356
959 1360
960 1354
961 1358
962 1358
963 1358
964 1357
965 1356
966 1355
967 1357
968 1357
969 1358
970 1358
971 1357
972 1356
973 1356
974 1354
975 1357
976 1356
977 1356
978 1358
979 1356
980 1356
981 1357
982 1356
983 1352
984 1354
985 1357
986 1354
987 1357
988 1356
989 1357
990 1356
991 1358
992 1357
993 1357
994 1355
995 1359
996 1356
997 1359
998 1357
999 1355
1000 1356
1001 1357
1002 1355
1003 1357
1004 1357
1005 1360
1006 1357
1007 1356
1008 1353
1009 1355
1010 1356
1011 1357
1012 1355
1013 1357
1014 1356
1015 1357
1016 1357
1017 1357
1018 1359
1019 1356
1020 1354
1021 1360
1022 1356
1023 1358
1024 1356
1025 1357
1026 1358
1027 1357
1028 1355
1029 1356
1030 1355
1031 1357
1032 1356
1033 1360
1034 1356
1035 1357
1036 1357
1037 1357
1038 1360
1039 1355
1040 1359
1041 1357
1042 1357
1043 1357
1044 1354
1045 1354
1046 1357
1047 1359
1048 1357
1049 1357
1050 1359
1051 1357
1052 1356
1053 1357
1054 1359
1055 1355
1056 1358
1057 1358
1058 1356
1059 1357
1060 1357
1061 1361
1062 1358
1063 1356
1064 1355
1065 1355
1066 1357
1067 1357
1068 1356
1069 1356
1070 1353
1071 1356
1072 1356
1073 1357
1074 1355
1075 1357
1076 1357
1077 1358
1078 1356
1079 1359
1080 1359
1081 1357
1082 1356
1083 1356
1084 1357
1085 1357
1086 1358
1087 1360
1088 1356
1089 1359
1090 1354
1091 1356
1092 1359
1093 1355
1094 1356
1095 1356
1096 1355
1097 1355
1098 1356
1099 1357
1100 1357
1101 1357
1102 1356
1103 1353
1104 1357
1105 1358
1106 1355
1107 1358
1108 1354
1109 1356
1110 1358
1111 1354
1112 1355
1113 1357
1114 1359
1115 1356
1116 1358
1117 1357
1118 1357
1119 1358
1120 1359
1121 1357
1122 1357
1123 1357
1124 1356
1125 1359
1126 1356
1127 1355
1128 1357
1129 1356
1130 1358
1131 1357
1132 1355
1133 1360
1134 1356
1135 1358
1136 1358
1137 1356
1138 1356
1139 1357
1140 1357
1141 1357
1142 1358
1143 1358
1144 1359
1145 1360
1146 1355
1147 1358
1148 1356
1149 1357
1150 1359
1151 1358
1152 1359
1153 1359
1154 1358
1155 1359
1156 1356
1157 1357
1158 1355
1159 1361
1160 1355
1161 1359
1162 1356
1163 1357
1164 1357
1165 1360
1166 1358
1167 1358
1168 1356
1169 1357
1170 1355
1171 1359
1172 1356
1173 1357
1174 1356
1175 1358
1176 1356
1177 1356
1178 1357
1179 1359
1180 1356
1181 1357
1182 1358
1183 1357
1184 1355
1185 1356
1186 1356
1187 1357
1188 1357
1189 1356
1190 1356
1191 1356
1192 1358
1193 1359
1194 1357
1195 1357
1196 1360
1197 1357
1198 1355
1199 1359
1200 1356
1201 1358
1202 1357
1203 1356
1204 1357
1205 1356
1206 1358
1207 1358
1208 1357
1209 1355
1210 1355
1211 1358
1212 1356
1213 1357
1214 1357
1215 1357
1216 1355
1217 1354
1218 1358
1219 1354
1220 1356
1221 1357
1222 1357
1223 1359
1224 1358
1225 1356
1226 1358
1227 1354
1228 1357
1229 1359
1230 1358
1231 1358
1232 1358
1233 1359
1234 1360
1235 1356
1236 1357
1237 1356
1238 1358
1239 1357
1240 1358
1241 1356
1242 1358
1243 1357
1244 1358
1245 1360
1246 1357
1247 1357
1248 1358
1249 1355
1250 1357
1251 1360
1252 1357
1253 1354
1254 1359
1255 1358
1256 1356
1257 1358
1258 1358
1259 1358
1260 1359
1261 1357
1262 1357
1263 1357
1264 1357
1265 1358
1266 1358
1267 1356
1268 1357
1269 1355
1270 1357
1271 1355
1272 1358
1273 1357
1274 1356
1275 1354
1276 1356
1277 1357
1278 1358
1279 1357
1280 1359
1281 1356
1282 1355
1283 1353
1284 1356
1285 1355
1286 1359
1287 1357
1288 1356
1289 1356
1290 1360
1291 1356
1292 1356
1293 1355
1294 1356
1295 1355
1296 1357
1297 1355
1298 1355
1299 1356
1300 1355
1301 1357
1302 1356
1303 1355
1304 1355
1305 1357
1306 1357
1307 1359
1308 1354
1309 1355
1310 1355
1311 1356
1312 1356
1313 1357
1314 1354
1315 1357
1316 1356
1317 1357
1318 1357
1319 1357
1320 1356
1321 1355
1322 1356
1323 1355
1324 1355
1325 1357
1326 1358
1327 1357
1328 1355
1329 1358
1330 1358
1331 1357
1332 1354
1333 1356
1334 1354
1335 1355
1336 1356
1337 1357
1338 1357
1339 1356
1340 1355
1341 1357
1342 1355
1343 1356
1344 1356
1345 1356
1346 1356
1347 1355
1348 1356
1349 1354
1350 1359
1351 1359
1352 1358
1353 1357
1354 1359
1355 1357
1356 1356
1357 1358
1358 1356
1359 1356
1360 1356
1361 1355
1362 1358
1363 1357
1364 1353
1365 1354
1366 1357
1367 1357
1368 1354
1369 1355
1370 1356
1371 1357
1372 1355
1373 1358
1374 1355
1375 1355
1376 1355
1377 1354
1378 1356
1379 1359
1380 1357
1381 1357
1382 1356
1383 1356
1384 1356
1385 1357
1386 1353
1387 1356
1388 1355
1389 1359
1390 1357
1391 1358
1392 1356
1393 1358
1394 1357
1395 1357
1396 1357
1397 1358
1398 1358
1399 1357
1400 1356
1401 1357
1402 1355
1403 1355
1404 1356
1405 1357
1406 1358
1407 1357
1408 1356
1409 1354
1410 1354
1411 1355
1412 1354
1413 1355
1414 1355
1415 1357
1416 1356
1417 1356
1418 1357
1419 1358
1420 1357
1421 1356
1422 1356
1423 1356
1424 1356
1425 1359
1426 1359
1427 1358
1428 1356
1429 1357
1430 1356
1431 1358
1432 1356
1433 1358
1434 1355
1435 1360
1436 1355
1437 1357
1438 1357
1439 1359
1440 1356
1441 1359
1442 1358
1443 1359
1444 1355
1445 1357
1446 1357
1447 1356
1448 1357
1449 1357
1450 1356
1451 1358
1452 1357
1453 1357
1454 1356
1455 1357
1456 1358
1457 1355
1458 1355
1459 1354
1460 1356
1461 1358
1462 1355
1463 1357
1464 1354
1465 1352
1466 1353
1467 1365
1468 1361
1469 1357
1470 1355
1471 1357
1472 1357
1473 1358
1474 1358
1475 1354
1476 1356
1477 1356
1478 1355
1479 1356
1480 1357
1481 1357
1482 1357
1483 1359
1484 1356
1485 1360
1486 1357
1487 1357
1488 1359
1489 1360
1490 1352
1491 1354
1492 1357
1493 1358
1494 1357
1495 1357
1496 1355
1497 1358
1498 1355
1499 1357
1500 1357
1501 1360
1502 1357
1503 1354
1504 1357
1505 1359
1506 1358
1507 1354
1508 1357
1509 1358
1510 1356
1511 1357
1512 1355
1513 1357
1514 1355
1515 1358
1516 1356
1517 1358
1518 1356
1519 1360
1520 1355
1521 1359
1522 1355
1523 1359
1524 1356
1525 1356
1526 1357
1527 1357
1528 1355
1529 1354
1530 1354
1531 1357
1532 1356
1533 1355
1534 1353
1535 1356
1536 1355
1537 1354
1538 1356
1539 1357
1540 1354
1541 1356
1542 1358
1543 1360
1544 1359
1545 1359
1546 1355
1547 1357
1548 1358
1549 1359
1550 1357
1551 1358
1552 1357
1553 1359
1554 1354
1555 1359
1556 1355
1557 1358
1558 1356
1559 1358
1560 1352
1561 1355
1562 1355
1563 1356
1564 1356
1565 1356
1566 1357
1567 1355
1568 1360
1569 1357
1570 1356
1571 1357
1572 1358
1573 1357
1574 1355
1575 1354
1576 1356
1577 1359
1578 1355
1579 1355
1580 1358
1581 1357
1582 1354
1583 1353
1584 1355
1585 1357
1586 1356
1587 1357
1588 1356
1589 1356
1590 1355
1591 1355
1592 1354
1593 1354
1594 1354
1595 1357
1596 1356
1597 1358
1598 1357
1599 1357
1600 1356
1601 1358
1602 1358
1603 1357
1604 1358
1605 1361
1606 1359
1607 1357
1608 1354
1609 1357
1610 1356
1611 1357
1612 1356
1613 1357
1614 1356
1615 1356
1616 1357
1617 1356
1618 1356
1619 1357
1620 1356
1621 1356
1622 1357
1623 1357
1624 1356
1625 1358
1626 1358
1627 1355
1628 1356
1629 1355
1630 1354
1631 1355
1632 1359
1633 1357
1634 1355
1635 1357
1636 1357
1637 1353
1638 1356
1639 1357
1640 1357
1641 1358
1642 1356
1643 1355
1644 1354
1645 1355
1646 1360
1647 1363
1648 1359
1649 1354
1650 1358
1651 1358
1652 1360
1653 1361
1654 1354
1655 1355
1656 1356
1657 1358
1658 1357
1659 1357
1660 1356
1661 1357
1662 1358
1663 1355
1664 1358
1665 1357
1666 1355
1667 1360
1668 1358
1669 1353
1670 1355
1671 1355
1672 1357
1673 1361
1674 1356
1675 1357
1676 1356
1677 1357
1678 1357
1679 1355
1680 1354
1681 1355
1682 1359
1683 1354
1684 1356
1685 1357
1686 1357
1687 1355
1688 1357
1689 1360
1690 1354
1691 1355
1692 1360
1693 1359
1694 1358
1695 1354
1696 1357
1697 1357
1698 1357
1699 1354
1700 1360
1701 1357
1702 1357
1703 1354
1704 1357
1705 1358
1706 1359
1707 1356
1708 1356
1709 1355
1710 1355
1711 1355
1712 1357
1713 1355
1714 1358
1715 1358
1716 1356
1717 1357
1718 1357
1719 1358
1720 1354
1721 1356
1722 1356
1723 1358
1724 1356
1725 1355
1726 1356
1727 1354
1728 1357
1729 1354
1730 1353
1731 1357
1732 1355
1733 1357
1734 1358
1735 1357
1736 1356
1737 1356
1738 1356
1739 1353
1740 1357
1741 1357
1742 1355
1743 1357
1744 1355
1745 1357
1746 1357
1747 1356
1748 1359
1749 1356
1750 1354
1751 1355
1752 1357
1753 1358
1754 1357
1755 1355
1756 1358
1757 1357
1758 1356
1759 1357
1760 1357
1761 1360
1762 1358
1763 1357
1764 1356
1765 1355
1766 1357
1767 1360
1768 1356
1769 1357
1770 1357
1771 1356
1772 1353
1773 1357
1774 1354
1775 1357
1776 1355
1777 1356
1778 1353
1779 1357
1780 1354
1781 1358
1782 1355
1783 1356
1784 1354
1785 1357
1786 1354
1787 1357
1788 1355
1789 1357
1790 1356
1791 1359
1792 1357
1793 1357
1794 1357
1795 1360
1796 1359
1797 1357
1798 1357
1799 1355
1800 1356
1801 1358
1802 1356
1803 1359
1804 1354
1805 1356
1806 1357
1807 1354
1808 1359
1809 1356
1810 1355
1811 1358
1812 1358
1813 1357
1814 1355
1815 1358
1816 1356
1817 1356
1818 1355
1819 1357
1820 1357
1821 1359
1822 1356
1823 1357
1824 1357
1825 1357
1826 1356
1827 1361
1828 1359
1829 1354
1830 1355
1831 1357
1832 1361
1833 1357
1834 1358
1835 1357
1836 1355
1837 1357
1838 1352
1839 1358
1840 1357
1841 1361
1842 1357
1843 1360
1844 1356
1845 1358
1846 1355
1847 1361
1848 1360
1849 1357
1850 1355
1851 1354
1852 1357
1853 1358
1854 1356
1855 1355
1856 1356
1857 1355
1858 1354
1859 1359
1860 1356
1861 1357
1862 1356
1863 1357
1864 1353
1865 1358
1866 1356
1867 1357
1868 1356
1869 1356
1870 1357
1871 1357
1872 1356
1873 1357
1874 1356
1875 1355
1876 1356
1877 1356
1878 1360
1879 1357
1880 1355
1881 1359
1882 1354
1883 1357
1884 1356
1885 1358
1886 1356
1887 1357
1888 1358
1889 1356
1890 1357
1891 1357
1892 1354
1893 1357
1894 1356
1895 1357
1896 1356
1897 1357
1898 1356
1899 1359
1900 1356
1901 1356
1902 1357
1903 1353
1904 1357
1905 1357
1906 1358
1907 1357
1908 1356
1909 1354
1910 1357
1911 1354
1912 1353
1913 1355
1914 1356
1915 1357
1916 1357
1917 1357
1918 1355
1919 1354
1920 1354
1921 1356
1922 1356
1923 1357
1924 1356
1925 1355
1926 1356
1927 1356
1928 1356
1929 1356
1930 1351
1931 1357
1932 1355
1933 1356
1934 1356
1935 1356
1936 1356
1937 1357
1938 1357
1939 1359
1940 1356
1941 1358
1942 1358
1943 1357
1944 1355
1945 1357
1946 1357
1947 1359
1948 1357
1949 1356
1950 1355
1951 1357
1952 1354
1953 1356
1954 1353
1955 1354
1956 1355
1957 1355
1958 1355
1959 1355
1960 1356
1961 1360
1962 1360
1963 1358
1964 1356
1965 1357
1966 1359
1967 1357
1968 1358
1969 1359
1970 1356
1971 1361
1972 1359
1973 1357
1974 1358
1975 1360
1976 1358
1977 1357
1978 1358
1979 1358
1980 1354
1981 1356
1982 1355
1983 1356
1984 1356
1985 1358
1986 1357
1987 1357
1988 1358
1989 1356
1990 1356
1991 1356
1992 1358
1993 1358
1994 1357
1995 1355
1996 1354
1997 1357
1998 1355
1999 1355
2000 1356
2001 1355
2002 1356
2003 1356
2004 1356
2005 1354
2006 1357
2007 1361
2008 1358
2009 1358
2010 1355
2011 1357
2012 1356
2013 1358
2014 1356
2015 1358
2016 1354
2017 1357
2018 1357
2019 1353
2020 1356
2021 1359
2022 1356
2023 1360
2024 1358
2025 1356
2026 1355
2027 1360
2028 1360
2029 1359
2030 1355
2031 1358
2032 1359
2033 1360
2034 1354
2035 1355
2036 1356
2037 1359
2038 1353
2039 1356
2040 1357
2041 1360
2042 1354
2043 1357
2044 1352
2045 1357
2046 1357
2047 1357
2048 1353
2049 1359
2050 1354
2051 1354
2052 1355
2053 1358
2054 1355
2055 1357
2056 1353
2057 1357
2058 1356
2059 1359
2060 1359
2061 1358
2062 1356
2063 1357
2064 1357
2065 1356
2066 1356
2067 1358
2068 1357
2069 1354
2070 1354
2071 1356
2072 1356
2073 1357
2074 1358
2075 1359
2076 1357
2077 1355
2078 1357
2079 1357
2080 1356
2081 1356
2082 1353
2083 1353
2084 1354
2085 1357
2086 1355
2087 1353
2088 1356
2089 1356
2090 1357
2091 1359
2092 1356
2093 1357
2094 1358
2095 1357
2096 1357
2097 1357
2098 1356
2099 1354
2100 1355
2101 1356
2102 1358
2103 1356
2104 1357
2105 1356
2106 1356
2107 1357
2108 1354
2109 1354
2110 1356
2111 1354
2112 1357
2113 1356
2114 1356
2115 1356
2116 1355
2117 1356
2118 1357
2119 1357
2120 1357
2121 1357
2122 1357
2123 1358
2124 1356
2125 1355
2126 1353
2127 1357
2128 1354
2129 1353
2130 1353
2131 1357
2132 1355
2133 1357
2134 1357
2135 1359
2136 1358
2137 1357
2138 1358
2139 1357
2140 1356
2141 1357
2142 1355
2143 1357
2144 1359
2145 1357
2146 1354
2147 1357
2148 1357
2149 1356
2150 1358
2151 1358
2152 1356
2153 1358
2154 1357
2155 1360
2156 1356
2157 1359
2158 1356
2159 1355
2160 1356
2161 1357
2162 1359
2163 1352
2164 1354
2165 1355
2166 1358
2167 1358
2168 1355
2169 1357
2170 1357
2171 1356
2172 1357
2173 1355
2174 1355
2175 1357
2176 1358
2177 1357
2178 1356
2179 1358
2180 1360
2181 1359
2182 1359
2183 1357
2184 1359
2185 1356
2186 1358
2187 1359
2188 1361
2189 1357
2190 1357
2191 1357
2192 1360
2193 1356
2194 1357
2195 1353
2196 1356
2197 1358
2198 1356
2199 1358
2200 1357
2201 1357
2202 1357
2203 1357
2204 1354
2205 1358
2206 1356
2207 1355
2208 1360
2209 1361
2210 1357
2211 1353
2212 1356
2213 1359
2214 1357
2215 1355
2216 1356
2217 1356
2218 1357
2219 1357
2220 1357
2221 1355
2222 1358
2223 1355
2224 1353
2225 1357
2226 1356
2227 1356
2228 1355
2229 1358
2230 1355
2231 1357
2232 1354
2233 1356
2234 1357
2235 1355
2236 1353
2237 1355
2238 1356
2239 1358
2240 1359
2241 1358
2242 1354
2243 1357
2244 1356
2245 1359
2246 1358
2247 1356
2248 1357
2249 1357
2250 1356
2251 1357
2252 1357
2253 1358
2254 1355
2255 1357
2256 1358
2257 1356
2258 1355
2259 1355
2260 1356
2261 1359
2262 1356
2263 1358
2264 1356
2265 1356
2266 1356
2267 1359
2268 1357
2269 1359
2270 1356
2271 1357
2272 1354
2273 1358
2274 1357
2275 1358
2276 1357
2277 1358
2278 1356
2279 1357
2280 1357
2281 1358
2282 1358
2283 1360
2284 1357
2285 1359
2286 1355
2287 1358
2288 1356
2289 1357
2290 1355
2291 1359
2292 1354
2293 1356
2294 1354
2295 1357
2296 1358
2297 1358
2298 1355
2299 1357
2300 1359
2301 1360
2302 1356
2303 1358
2304 1357
2305 1356
2306 1358
2307 1357
2308 1358
2309 1357
2310 1357
2311 1358
2312 1358
2313 1352
2314 1357
2315 1358
2316 1355
2317 1355
2318 1356
2319 1357
2320 1356
2321 1358
2322 1356
2323 1357
2324 1355
2325 1357
2326 1357
2327 1355
2328 1352
2329 1355
2330 1356
2331 1358
2332 1358
2333 1356
2334 1358
2335 1360
2336 1354
2337 1357
2338 1356
2339 1356
2340 1358
2341 1355
2342 1358
2343 1356
2344 1357
2345 1357
2346 1359
2347 1357
2348 1356
2349 1355
2350 1355
2351 1358
2352 1355
2353 1356
2354 1355
2355 1355
2356 1358
2357 1360
2358 1354
2359 1357
2360 1356
2361 1356
2362 1356
2363 1359
2364 1355
2365 1355
2366 1360
2367 1360
2368 1359
2369 1355
2370 1357
2371 1358
2372 1357
2373 1357
2374 1354
2375 1353
2376 1358
2377 1357
2378 1356
2379 1357
2380 1356
2381 1358
2382 1356
2383 1357
2384 1357
2385 1356
2386 1356
2387 1356
2388 1359
2389 1357
2390 1354
2391 1352
2392 1358
2393 1360
2394 1355
2395 1357
2396 1355
2397 1359
2398 1356
2399 1357
2400 1355
2401 1357
2402 1356
2403 1359
2404 1357
2405 1358
2406 1358
2407 1358
2408 1356
2409 1357
2410 1356
2411 1358
2412 1359
2413 1354
2414 1356
2415 1354
2416 1356
2417 1354
2418 1356
2419 1357
2420 1356
2421 1357
2422 1355
2423 1354
2424 1356
2425 1356
2426 1355
2427 1355
2428 1356
2429 1355
2430 1357
2431 1356
2432 1354
2433 1358
2434 1357
2435 1358
2436 1356
2437 1356
2438 1355
2439 1356
2440 1354
2441 1355
2442 1354
2443 1357
2444 1356
2445 1358
2446 1356
2447 1357
2448 1355
2449 1355
2450 1354
2451 1356
2452 1359
2453 1358
2454 1356
2455 1358
2456 1357
2457 1358
2458 1357
2459 1357
2460 1358
2461 1357
2462 1354
2463 1356
2464 1353
2465 1357
2466 1353
2467 1357
2468 1356
2469 1355
2470 1356
2471 1358
2472 1358
2473 1359
2474 1359
2475 1358
2476 1356
2477 1357
2478 1358
2479 1359
2480 1355
2481 1358
2482 1354
2483 1358
2484 1355
2485 1358
2486 1358
2487 1356
2488 1356
2489 1356
2490 1356
2491 1355
2492 1357
2493 1357
2494 1356
2495 1355
2496 1358
2497 1359
2498 1356
2499 1359
2500 1354
2501 1358
2502 1356
2503 1357
2504 1355
2505 1353
2506 1356
2507 1360
2508 1358
2509 1357
2510 1352
2511 1353
2512 1356
2513 1356
2514 1356
2515 1357
2516 1356
2517 1358
2518 1360
2519 1359
2520 1355
2521 1356
2522 1356
2523 1354
2524 1356
2525 1359
2526 1356
2527 1357
2528 1355
2529 1357
2530 1358
2531 1359
2532 1355
2533 1358
2534 1358
2535 1356
2536 1356
2537 1354
2538 1356
2539 1357
2540 1357
2541 1356
2542 1360
2543 1355
2544 1356
2545 1355
2546 1353
2547 1359
2548 1357
2549 1356
2550 1358
2551 1358
2552 1356
2553 1357
2554 1356
2555 1355
2556 1357
2557 1357
2558 1356
2559 1355
2560 1356
2561 1356
2562 1356
2563 1356
2564 1359
2565 1357
2566 1354
2567 1357
2568 1357
2569 1355
2570 1356
2571 1354
2572 1355
2573 1359
2574 1357
2575 1357
2576 1358
2577 1358
2578 1357
2579 1356
2580 1360
2581 1357
2582 1355
2583 1357
2584 1356
2585 1358
2586 1357
2587 1361
2588 1357
2589 1358
2590 1358
2591 1356
2592 1358
2593 1358
2594 1355
2595 1357
2596 1356
2597 1356
2598 1359
2599 1357
2600 1355
2601 1360
2602 1357
2603 1358
2604 1355
2605 1358
2606 1356
2607 1357
2608 1357
2609 1359
2610 1357
2611 1357
2612 1357
2613 1358
2614 1357
2615 1357
2616 1356
2617 1358
2618 1356
2619 1358
2620 1358
2621 1355
2622 1356
2623 1357
2624 1357
2625 1357
2626 1356
2627 1358
2628 1353
2629 1357
2630 1357
2631 1356
2632 1356
2633 1357
2634 1359
2635 1358
2636 1353
2637 1357
2638 1356
2639 1354
2640 1356
2641 1359
2642 1356
2643 1356
2644 1354
2645 1356
2646 1356
2647 1357
2648 1356
2649 1353
2650 1356
2651 1356
2652 1358
2653 1355
2654 1356
2655 1355
2656 1361
2657 1357
2658 1355
2659 1358
2660 1358
2661 1357
2662 1359
2663 1357
2664 1356
2665 1355
2666 1357
2667 1357
2668 1357
2669 1358
2670 1356
2671 1360
2672 1356
2673 1356
2674 1356
2675 1356
2676 1357
2677 1358
2678 1355
2679 1357
2680 1356
2681 1358
2682 1356
2683 1358
2684 1357
2685 1356
2686 1356
2687 1360
2688 1356
2689 1358
2690 1355
2691 1358
2692 1356
2693 1357
2694 1356
2695 1355
2696 1357
2697 1357
2698 1355
2699 1357
2700 1356
2701 1361
2702 1359
2703 1359
2704 1356
2705 1357
2706 1358
2707 1358
2708 1356
2709 1358
2710 1358
2711 1359
2712 1357
2713 1358
2714 1358
2715 1357
2716 1359
2717 1361
2718 1357
2719 1357
2720 1358
2721 1357
2722 1356
2723 1357
2724 1357
2725 1356
2726 1355
2727 1361
2728 1358
2729 1354
2730 1358
2731 1357
2732 1358
2733 1358
2734 1355
2735 1357
2736 1357
2737 1357
2738 1357
2739 1360
2740 1357
2741 1357
2742 1357
2743 1356
2744 1355
2745 1356
2746 1355
2747 1356
2748 1356
2749 1360
2750 1356
2751 1353
2752 1356
2753 1360
2754 1356
2755 1355
2756 1358
2757 1358
2758 1357
2759 1353
2760 1354
2761 1357
2762 1356
2763 1356
2764 1355
2765 1356
2766 1357
2767 1359
2768 1357
2769 1358
2770 1356
2771 1358
2772 1357
2773 1361
2774 1355
2775 1355
2776 1357
2777 1357
2778 1356
2779 1359
2780 1356
2781 1356
2782 1356
2783 1356
2784 1356
2785 1357
2786 1355
2787 1358
2788 1359
2789 1358
2790 1357
2791 1359
2792 1359
2793 1361
2794 1356
2795 1358
2796 1359
2797 1358
2798 1356
2799 1359
2800 1357
2801 1353
2802 1356
2803 1358
2804 1356
2805 1359
2806 1356
2807 1356
2808 1356
2809 1358
2810 1358
2811 1356
2812 1356
2813 1356
2814 1356
2815 1358
2816 1358
2817 1357
2818 1356
2819 1355
2820 1356
2821 1357
2822 1359
2823 1357
2824 1353
2825 1354
2826 1356
2827 1357
2828 1356
2829 1357
2830 1357
2831 1356
2832 1356
2833 1355
2834 1357
2835 1356
2836 1357
2837 1356
2838 1356
2839 1356
2840 1356
2841 1356
2842 1357
2843 1356
2844 1356
2845 1355
2846 1355
2847 1355
2848 1355
2849 1354
2850 1356
2851 1357
2852 1355
2853 1354
2854 1356
2855 1355
2856 1359
2857 1357
2858 1357
2859 1357
2860 1358
2861 1357
2862 1358
2863 1358
2864 1356
2865 1358
2866 1356
2867 1357
2868 1358
2869 1357
2870 1355
2871 1353
2872 1355
2873 1355
2874 1357
2875 1355
2876 1355
2877 1355
2878 1358
2879 1358
2880 1359
2881 1357
2882 1355
2883 1356
2884 1355
2885 1358
2886 1356
2887 1358
2888 1359
2889 1358
2890 1358
2891 1355
2892 1356
2893 1356
2894 1356
2895 1356
2896 1358
2897 1358
2898 1354
2899 1355
2900 1355
2901 1359
2902 1354
2903 1357
2904 1358
2905 1353
2906 1356
2907 1361
2908 1356
2909 1356
2910 1357
2911 1355
2912 1356
2913 1357
2914 1355
2915 1355
2916 1358
2917 1354
2918 1356
2919 1356
2920 1358
2921 1355
2922 1358
2923 1357
2924 1357
2925 1357
2926 1356
2927 1355
2928 1357
2929 1358
2930 1357
2931 1357
2932 1357
2933 1354
2934 1355
2935 1357
2936 1355
2937 1355
2938 1356
2939 1357
2940 1357
2941 1353
2942 1355
2943 1359
2944 1356
2945 1355
2946 1357
2947 1355
2948 1357
2949 1358
2950 1357
2951 1356
2952 1354
2953 1354
2954 1356
2955 1357
2956 1357
2957 1358
2958 1356
2959 1355
2960 1354
2961 1355
2962 1355
2963 1357
2964 1354
2965 1355
2966 1356
2967 1356
2968 1358
2969 1357
2970 1356
2971 1356
2972 1356
2973 1356
2974 1359
2975 1358
2976 1359
2977 1358
2978 1358
2979 1357
2980 1357
2981 1358
2982 1359
2983 1355
2984 1355
2985 1357
2986 1357
2987 1357
2988 1356
2989 1357
2990 1356
2991 1356
2992 1356
2993 1356
2994 1356
2995 1358
2996 1356
2997 1357
2998 1358
2999 1354
3000 1358
3001 1357
3002 1357
3003 1356
3004 1356
3005 1356
3006 1358
3007 1358
3008 1356
3009 1360
3010 1357
3011 1358
3012 1357
3013 1356
3014 1354
3015 1359
3016 1358
3017 1356
3018 1357
3019 1357
3020 1357
3021 1355
3022 1355
3023 1353
3024 1357
3025 1357
3026 1357
3027 1357
3028 1359
3029 1357
3030 1358
3031 1354
3032 1354
3033 1358
3034 1358
3035 1359
3036 1357
3037 1357
3038 1357
3039 1356
3040 1356
3041 1357
3042 1356
3043 1359
3044 1357
3045 1356
3046 1356
3047 1357
3048 1355
3049 1357
3050 1356
3051 1357
3052 1356
3053 1357
3054 1357
3055 1357
3056 1360
3057 1357
3058 1356
3059 1357
3060 1356
3061 1358
3062 1357
3063 1358
3064 1354
3065 1358
3066 1356
3067 1358
3068 1356
3069 1357
3070 1356
3071 1356
3072 1356
3073 1357
3074 1357
3075 1357
3076 1356
3077 1356
3078 1356
3079 1354
3080 1357
3081 1356
3082 1356
3083 1354
3084 1355
3085 1354
3086 1357
3087 1356
3088 1356
3089 1355
3090 1356
3091 1355
3092 1356
3093 1355
3094 1357
3095 1354
3096 1356
3097 1356
3098 1355
3099 1357
3100 1355
3101 1356
3102 1359
3103 1356
3104 1357
3105 1357
3106 1355
3107 1357
3108 1357
3109 1357
3110 1356
3111 1354
3112 1356
3113 1359
3114 1357
3115 1355
3116 1354
3117 1357
3118 1355
3119 1356
3120 1358
3121 1356
3122 1357
3123 1357
3124 1354
3125 1358
3126 1358
3127 1357
3128 1359
3129 1358
3130 1356
3131 1359
3132 1357
3133 1356
3134 1355
3135 1356
3136 1356
3137 1357
3138 1354
3139 1357
3140 1355
3141 1358
3142 1356
3143 1355
3144 1354
3145 1353
3146 1358
3147 1354
3148 1356
3149 1354
3150 1356
3151 1355
3152 1355
3153 1354
3154 1355
3155 1356
3156 1355
3157 1356
3158 1359
3159 1358
3160 1355
3161 1357
3162 1356
3163 1356
3164 1355
3165 1358
3166 1356
3167 1356
3168 1355
3169 1355
3170 1356
3171 1357
3172 1360
3173 1359
3174 1353
3175 1356
3176 1355
3177 1356
3178 1358
3179 1358
3180 1354
3181 1356
3182 1356
3183 1355
3184 1355
3185 1357
3186 1354
3187 1355
3188 1355
3189 1356
3190 1358
3191 1355
3192 1356
3193 1354
3194 1356
3195 1356
3196 1356
3197 1357
3198 1355
3199 1357
3200 1352
3201 1357
3202 1355
3203 1358
3204 1354
3205 1357
3206 1355
3207 1357
3208 1355
3209 1355
3210 1354
3211 1357
3212 1359
3213 1357
3214 1355
3215 1357
3216 1356
3217 1359
3218 1356
3219 1357
3220 1355
3221 1356
3222 1357
3223 1354
3224 1359
3225 1360
3226 1356
3227 1354
3228 1356
3229 1357
3230 1357
3231 1359
3232 1357
3233 1352
3234 1356
3235 1357
3236 1355
3237 1357
3238 1358
3239 1355
3240 1357
3241 1354
3242 1356
3243 1355
3244 1357
3245 1358
3246 1352
3247 1357
3248 1356
3249 1354
3250 1356
3251 1357
3252 1358
3253 1356
3254 1356
3255 1352
3256 1359
3257 1357
3258 1355
3259 1356
3260 1359
3261 1355
3262 1358
3263 1357
3264 1357
3265 1354
3266 1357
3267 1357
3268 1357
3269 1354
3270 1358
3271 1357
3272 1357
3273 1356
3274 1354
3275 1355
3276 1356
3277 1356
3278 1356
3279 1354
3280 1356
3281 1355
3282 1358
3283 1356
3284 1358
3285 1358
3286 1356
3287 1356
3288 1358
3289 1353
3290 1358
3291 1355
3292 1356
3293 1358
3294 1356
3295 1357
3296 1358
3297 1358
3298 1356
3299 1354
3300 1354
3301 1356
3302 1358
3303 1356
3304 1353
3305 1357
3306 1356
3307 1361
3308 1354
3309 1355
3310 1356
3311 1358
3312 1355
3313 1357
3314 1355
3315 1357
3316 1355
3317 1356
3318 1356
3319 1353
3320 1355
3321 1355
3322 1356
3323 1357
3324 1356
3325 1357
3326 1358
3327 1357
3328 1353
3329 1356
3330 1357
3331 1356
3332 1356
3333 1355
3334 1354
3335 1355
3336 1358
3337 1356
3338 1356
3339 1356
3340 1356
3341 1357
3342 1361
3343 1359
3344 1355
3345 1357
3346 1356
3347 1359
3348 1355
3349 1356
3350 1356
3351 1355
3352 1354
3353 1354
3354 1355
3355 1357
3356 1355
3357 1357
3358 1355
3359 1355
3360 1356
3361 1355
3362 1353
3363 1354
3364 1353
3365 1357
3366 1358
3367 1355
3368 1356
3369 1359
3370 1357
3371 1356
3372 1354
3373 1354
3374 1357
3375 1358
3376 1357
3377 1357
3378 1355
3379 1357
3380 1356
3381 1357
3382 1356
3383 1356
3384 1356
3385 1356
3386 1353
3387 1356
3388 1357
3389 1353
3390 1354
3391 1355
3392 1354
3393 1358
3394 1355
3395 1355
3396 1356
3397 1356
3398 1355
3399 1355
3400 1355
3401 1356
3402 1356
3403 1355
3404 1358
3405 1357
3406 1358
3407 1357
3408 1354
3409 1358
3410 1357
3411 1356
3412 1356
3413 1356
3414 1356
3415 1357
3416 1354
3417 1358
3418 1355
3419 1357
3420 1357
3421 1355
3422 1355
3423 1356
3424 1357
3425 1355
3426 1355
3427 1357
3428 1355
3429 1353
3430 1357
3431 1354
3432 1354
3433 1356
3434 1356
3435 1354
3436 1354
3437 1357
3438 1360
3439 1357
3440 1357
3441 1358
3442 1355
3443 1360
3444 1355
3445 1357
3446 1355
3447 1357
3448 1355
3449 1354
3450 1356
3451 1354
3452 1355
3453 1354
3454 1354
3455 1356
3456 1356
3457 1357
3458 1356
3459 1357
3460 1356
3461 1357
3462 1356
3463 1355
3464 1357
3465 1356
3466 1355
3467 1355
3468 1354
3469 1360
3470 1359
3471 1358
3472 1360
3473 1359
3474 1356
3475 1360
3476 1358
3477 1356
3478 1356
3479 1356
3480 1354
3481 1357
3482 1357
3483 1357
3484 1356
3485 1357
3486 1357
3487 1356
3488 1356
3489 1356
3490 1357
3491 1357
3492 1360
3493 1358
3494 1356
3495 1357
3496 1356
3497 1357
3498 1355
3499 1359
3500 1357
3501 1358
3502 1358
3503 1357
3504 1357
3505 1356
3506 1358
3507 1355
3508 1356
3509 1356
3510 1356
3511 1354
3512 1355
3513 1357
3514 1356
3515 1358
3516 1356
3517 1356
3518 1358
3519 1359
3520 1358
3521 1356
3522 1357
3523 1357
3524 1358
3525 1359
3526 1357
3527 1357
3528 1358
3529 1354
3530 1357
3531 1359
3532 1356
3533 1357
3534 1359
3535 1356
3536 1358
3537 1358
3538 1359
3539 1355
3540 1356
3541 1356
3542 1358
3543 1357
3544 1356
3545 1355
3546 1358
3547 1358
3548 1359
3549 1357
3550 1356
3551 1355
3552 1360
3553 1358
3554 1357
3555 1355
3556 1359
3557 1353
3558 1356
3559 1357
3560 1358
3561 1358
3562 1360
3563 1359
3564 1359
3565 1357
3566 1359
3567 1355
3568 1357
3569 1357
3570 1357
3571 1357
3572 1357
3573 1355
3574 1357
3575 1356
3576 1356
3577 1357
3578 1357
3579 1357
3580 1356
3581 1358
3582 1357
3583 1358
3584 1357
3585 1358
3586 1357
3587 1358
3588 1359
3589 1357
3590 1358
3591 1357
3592 1357
3593 1359
3594 1359
3595 1356
3596 1360
3597 1358
3598 1357
3599 1357
3600 1358
3601 1357
3602 1358
3603 1357
3604 1357
3605 1356
3606 1360
3607 1356
3608 1357
3609 1357
3610 1358
3611 1356
3612 1358
3613 1356
3614 1356
3615 1352
3616 1357
3617 1357
3618 1357
3619 1357
3620 1357
3621 1357
3622 1358
3623 1356
3624 1358
3625 1358
3626 1358
3627 1360
3628 1358
3629 1355
3630 1355
3631 1357
3632 1356
3633 1355
3634 1356
3635 1355
3636 1359
3637 1358
3638 1359
3639 1358
3640 1356
3641 1357
3642 1357
3643 1358
3644 1358
3645 1353
3646 1355
3647 1355
3648 1356
3649 1359
3650 1355
3651 1358
3652 1357
3653 1358
3654 1358
3655 1359
3656 1357
3657 1359
3658 1357
3659 1357
3660 1353
3661 1355
3662 1355
3663 1354
3664 1356
3665 1357
3666 1357
3667 1356
3668 1356
3669 1357
3670 1357
3671 1358
3672 1358
3673 1357
3674 1359
3675 1357
3676 1356
3677 1355
3678 1356
3679 1357
3680 1356
3681 1358
3682 1358
3683 1357
3684 1357
3685 1358
3686 1357
3687 1357
3688 1354
3689 1354
3690 1356
3691 1358
3692 1359
3693 1358
3694 1356
3695 1355
3696 1358
3697 1357
3698 1355
3699 1356
3700 1358
3701 1356
3702 1355
3703 1353
3704 1354
3705 1358
3706 1358
3707 1357
3708 1357
3709 1356
3710 1356
3711 1357
3712 1356
3713 1355
3714 1358
3715 1359
3716 1357
3717 1356
3718 1358
3719 1357
3720 1355
3721 1357
3722 1354
3723 1356
3724 1354
3725 1357
3726 1356
3727 1357
3728 1359
3729 1358
3730 1357
3731 1355
3732 1356
3733 1355
3734 1356
3735 1356
3736 1356
3737 1355
3738 1356
3739 1358
3740 1356
3741 1356
3742 1357
3743 1357
3744 1357
3745 1355
3746 1358
3747 1357
3748 1354
3749 1358
3750 1357
3751 1357
3752 1355
3753 1357
3754 1356
3755 1356
3756 1357
3757 1354
3758 1357
3759 1354
3760 1357
3761 1355
3762 1355
3763 1356
3764 1355
3765 1357
3766 1357
3767 1357
3768 1356
3769 1356
3770 1354
3771 1355
3772 1354
3773 1357
3774 1353
3775 1356
3776 1354
3777 1357
3778 1356
3779 1358
3780 1356
3781 1356
3782 1355
3783 1356
3784 1356
3785 1356
3786 1359
3787 1355
3788 1356
3789 1354
3790 1356
3791 1359
3792 1357
3793 1356
3794 1355
3795 1357
3796 1355
3797 1356
3798 1356
3799 1356
3800 1358
3801 1359
3802 1357
3803 1357
3804 1356
3805 1357
3806 1356
3807 1355
3808 1356
3809 1356
3810 1358
3811 1360
3812 1357
3813 1356
3814 1355
3815 1353
3816 1354
3817 1357
3818 1355
3819 1357
3820 1356
3821 1356
3822 1356
3823 1355
3824 1355
3825 1357
3826 1358
3827 1359
3828 1355
3829 1356
3830 1355
3831 1356
3832 1356
3833 1358
3834 1355
3835 1358
3836 1354
3837 1355
3838 1356
3839 1358
3840 1355
3841 1356
3842 1355
3843 1359
3844 1353
3845 1357
3846 1355
3847 1354
3848 1354
3849 1354
3850 1354
3851 1356
3852 1354
3853 1357
3854 1356
3855 1356
3856 1356
3857 1358
3858 1358
3859 1356
3860 1358
3861 1355
3862 1356
3863 1357
3864 1356
3865 1357
3866 1358
3867 1356
3868 1359
3869 1355
3870 1355
3871 1356
3872 1356
3873 1357
3874 1358
3875 1353
3876 1355
3877 1357
3878 1357
3879 1356
3880 1356
3881 1357
3882 1355
3883 1356
3884 1353
3885 1354
3886 1356
3887 1356
3888 1356
3889 1355
3890 1355
3891 1358
3892 1355
3893 1355
3894 1355
3895 1355
3896 1356
3897 1354
3898 1355
3899 1359
3900 1358
3901 1357
3902 1355
3903 1357
3904 1355
3905 1354
3906 1357
3907 1354
3908 1356
3909 1355
3910 1356
3911 1356
3912 1357
3913 1357
3914 1357
3915 1356
3916 1356
3917 1359
3918 1357
3919 1356
3920 1358
3921 1358
3922 1358
3923 1353
3924 1355
3925 1356
3926 1354
3927 1358
3928 1358
3929 1357
3930 1356
3931 1357
3932 1356
3933 1357
3934 1356
3935 1358
3936 1360
3937 1356
3938 1353
3939 1355
3940 1355
3941 1357
3942 1354
3943 1355
3944 1355
3945 1355
3946 1357
3947 1354
3948 1355
3949 1355
3950 1355
3951 1357
3952 1355
3953 1356
3954 1356
3955 1357
3956 1357
3957 1358
3958 1358
3959 1358
3960 1356
3961 1357
3962 1355
3963 1360
3964 1354
3965 1359
3966 1355
3967 1357
3968 1357
3969 1357
3970 1356
3971 1357
3972 1354
3973 1356
3974 1354
3975 1356
3976 1358
3977 1358
3978 1356
3979 1356
3980 1357
3981 1357
3982 1356
3983 1355
3984 1358
3985 1356
3986 1356
3987 1359
3988 1358
3989 1357
3990 1357
3991 1355
3992 1359
3993 1355
3994 1357
3995 1357
3996 1360
3997 1356
3998 1357
3999 1354
