0 1352
1 1352
2 1354
3 1355
4 1356
5 1354
6 1355
7 1353
8 1355
9 1354
10 1356
11 1355
12 1357
13 1356
14 1353
15 1355
16 1357
17 1355
18 1356
19 1355
20 1355
21 1355
22 1354
23 1354
24 1354
25 1354
26 1356
27 1353
28 1353
29 1354
30 1356
31 1353
32 1353
33 1352
34 1353
35 1353
36 1355
37 1354
38 1354
39 1350
40 1353
41 1354
42 1354
43 1352
44 1354
45 1350
46 1355
47 1351
48 1354
49 1355
50 1356
51 1355
52 1354
53 1353
54 1354
55 1354
56 1352
57 1355
58 1357
59 1354
60 1356
61 1355
62 1354
63 1355
64 1355
65 1355
66 1354
67 1356
68 1353
69 1356
70 1352
71 1355
72 1355
73 1353
74 1350
75 1353
76 1354
77 1353
78 1355
79 1355
80 1356
81 1356
82 1351
83 1357
84 1355
85 1352
86 1354
87 1355
88 1355
89 1352
90 1355
91 1353
92 1353
93 1354
94 1354
95 1355
96 1354
97 1354
98 1356
99 1352
100 1352
101 1353
102 1352
103 1352
104 1353
105 1352
106 1352
107 1353
108 1354
109 1356
110 1353
111 1352
112 1357
113 1356
114 1356
115 1355
116 1355
117 1352
118 1354
119 1354
120 1357
121 1353
122 1354
123 1353
124 1354
125 1352
126 1354
127 1354
128 1355
129 1352
130 1353
131 1354
132 1356
133 1356
134 1354
135 1351
136 1353
137 1356
138 1355
139 1351
140 1355
141 1354
142 1356
143 1351
144 1353
145 1352
146 1354
147 1352
148 1355
149 1356
150 1356
151 1353
152 1353
153 1351
154 1353
155 1356
156 1355
157 1351
158 1352
159 1353
160 1354
161 1353
162 1354
163 1352
164 1354
165 1352
166 1354
167 1353
168 1351
169 1352
170 1351
171 1351
172 1352
173 1353
174 1355
175 1355
176 1354
177 1353
178 1354
179 1351
180 1352
181 1353
182 1354
183 1354
184 1352
185 1352
186 1356
187 1355
188 1355
189 1355
190 1355
191 1351
192 1353
193 1352
194 1355
195 1353
196 1355
197 1355
198 1354
199 1353
200 1354
201 1354
202 1351
203 1354
204 1353
205 1357
206 1356
207 1353
208 1354
209 1353
210 1353
211 1354
212 1356
213 1352
214 1352
215 1355
216 1354
217 1354
218 1353
219 1352
220 1354
221 1354
222 1350
223 1351
224 1352
225 1354
226 1354
227 1351
228 1352
229 1353
230 1355
231 1355
232 1352
233 1353
234 1353
235 1354
236 1354
237 1353
238 1354
239 1355
240 1356
241 1355
242 1355
243 1353
244 1355
245 1352
246 1356
247 1355
248 1354
249 1353
250 1352
251 1351
252 1352
253 1354
254 1355
255 1357
256 1356
257 1354
258 1356
259 1353
260 1355
261 1354
262 1354
263 1354
264 1352
265 1351
266 1354
267 1354
268 1354
269 1353
270 1356
271 1356
272 1354
273 1356
274 1355
275 1355
276 1353
277 1355
278 1355
279 1355
280 1355
281 1355
282 1353
283 1352
284 1353
285 1352
286 1352
287 1353
288 1352
289 1355
290 1355
291 1356
292 1355
293 1353
294 1352
295 1354
296 1353
297 1354
298 1352
299 1352
300 1355
301 1352
302 1351
303 1356
304 1354
305 1355
306 1356
307 1352
308 1356
309 1356
310 1356
311 1353
312 1355
313 1353
314 1356
315 1354
316 1354
317 1351
318 1352
319 1356
320 1356
321 1351
322 1354
323 1352
324 1359
325 1353
326 1355
327 1357
328 1355
329 1355
330 1352
331 1352
332 1356
333 1354
334 1355
335 1354
336 1356
337 1357
338 1356
339 1355
340 1351
341 1354
342 1354
343 1356
344 1354
345 1355
346 1355
347 1354
348 1357
349 1353
350 1352
351 1352
352 1353
353 1353
354 1355
355 1356
356 1355
357 1353
358 1352
359 1354
360 1356
361 1356
362 1354
363 1354
364 1353
365 1354
366 1355
367 1355
368 1355
369 1352
370 1355
371 1354
372 1356
373 1355
374 1355
375 1353
376 1353
377 1353
378 1352
379 1353
380 1354
381 1354
382 1353
383 1353
384 1353
385 1354
386 1356
387 1353
388 1356
389 1355
390 1355
391 1355
392 1354
393 1351
394 1351
395 1352
396 1353
397 1353
398 1356
399 1355
400 1355
401 1354
402 1356
403 1354
404 1354
405 1351
406 1354
407 1351
408 1354
409 1354
410 1356
411 1352
412 1355
413 1352
414 1352
415 1354
416 1355
417 1354
418 1355
419 1353
420 1353
421 1353
422 1355
423 1352
424 1353
425 1355
426 1354
427 1354
428 1354
429 1355
430 1354
431 1355
432 1354
433 1351
434 1355
435 1351
436 1354
437 1353
438 1354
439 1351
440 1354
441 1355
442 1356
443 1354
444 1354
445 1352
446 1354
447 1353
448 1354
449 1353
450 1355
451 1356
452 1355
453 1354
454 1352
455 1352
456 1355
457 1350
458 1355
459 1354
460 1354
461 1354
462 1352
463 1356
464 1355
465 1352
466 1351
467 1353
468 1353
469 1355
470 1354
471 1357
472 1354
473 1351
474 1355
475 1353
476 1356
477 1357
478 1356
479 1352
480 1352
481 1354
482 1354
483 1354
484 1352
485 1352
486 1354
487 1353
488 1355
489 1353
490 1352
491 1357
492 1354
493 1354
494 1352
495 1355
496 1353
497 1353
498 1356
499 1354
500 1352
501 1354
502 1353
503 1353
504 1353
505 1354
506 1353
507 1354
508 1354
509 1351
510 1353
511 1352
512 1354
513 1352
514 1354
515 1353
516 1352
517 1355
518 1354
519 1351
520 1352
521 1353
522 1355
523 1357
524 1354
525 1354
526 1350
527 1354
528 1354
529 1357
530 1356
531 1354
532 1357
533 1357
534 1359
535 1366
536 1372
537 1381
538 1391
539 1413
540 1441
541 1470
542 1508
543 1554
544 1602
545 1652
546 1704
547 1748
548 1787
549 1825
550 1859
551 1887
552 1914
553 1938
554 1960
555 1971
556 1981
557 1980
558 1982
559 1977
560 1968
561 1954
562 1939
563 1927
564 1906
565 1886
566 1867
567 1845
568 1825
569 1805
570 1785
571 1765
572 1748
573 1721
574 1705
575 1686
576 1673
577 1656
578 1635
579 1617
580 1598
581 1585
582 1574
583 1557
584 1545
585 1536
586 1525
587 1509
588 1501
589 1494
590 1487
591 1475
592 1471
593 1462
594 1453
595 1450
596 1445
597 1436
598 1433
599 1427
600 1417
601 1414
602 1410
603 1407
604 1406
605 1403
606 1399
607 1396
608 1393
609 1389
610 1386
611 1384
612 1382
613 1381
614 1380
615 1376
616 1374
617 1373
618 1372
619 1371
620 1369
621 1366
622 1367
623 1366
624 1368
625 1366
626 1365
627 1365
628 1366
629 1366
630 1365
631 1364
632 1364
633 1361
634 1362
635 1362
636 1362
637 1358
638 1362
639 1355
640 1359
641 1357
642 1360
643 1359
644 1358
645 1358
646 1356
647 1357
648 1356
649 1354
650 1358
651 1357
652 1358
653 1353
654 1356
655 1357
656 1355
657 1353
658 1354
659 1356
660 1358
661 1356
662 1354
663 1354
664 1357
665 1352
666 1358
667 1356
668 1358
669 1353
670 1355
671 1356
672 1357
673 1355
674 1358
675 1355
676 1356
677 1357
678 1357
679 1355
680 1353
681 1354
682 1354
683 1355
684 1355
685 1352
686 1355
687 1353
688 1356
689 1354
690 1356
691 1354
692 1356
693 1354
694 1354
695 1356
696 1356
697 1355
698 1357
699 1355
700 1355
701 1354
702 1357
703 1357
704 1357
705 1356
706 1358
707 1352
708 1358
709 1353
710 1354
711 1353
712 1355
713 1355
714 1356
715 1353
716 1354
717 1353
718 1354
719 1353
720 1355
721 1352
722 1356
723 1357
724 1355
725 1353
726 1354
727 1355
728 1356
729 1354
730 1354
731 1354
732 1356
733 1354
734 1354
735 1352
736 1356
737 1355
738 1356
739 1351
740 1353
741 1353
742 1355
743 1356
744 1353
745 1355
746 1354
747 1355
748 1354
749 1354
750 1355
751 1355
752 1355
753 1357
754 1355
755 1353
756 1355
757 1354
758 1355
759 1353
760 1354
761 1354
762 1356
763 1354
764 1354
765 1355
766 1355
767 1355
768 1356
769 1357
770 1354
771 1353
772 1353
773 1354
774 1355
775 1353
776 1354
777 1356
778 1357
779 1353
780 1356
781 1354
782 1355
783 1354
784 1355
785 1354
786 1354
787 1354
788 1355
789 1353
790 1354
791 1353
792 1357
793 1355
794 1356
795 1358
796 1354
797 1353
798 1353
799 1353
800 1356
801 1352
802 1355
803 1353
804 1354
805 1354
806 1355
807 1357
808 1354
809 1354
810 1355
811 1353
812 1353
813 1354
814 1354
815 1355
816 1357
817 1357
818 1356
819 1352
820 1353
821 1352
822 1356
823 1358
824 1358
825 1355
826 1355
827 1353
828 1355
829 1352
830 1352
831 1353
832 1353
833 1355
834 1353
835 1355
836 1354
837 1353
838 1355
839 1351
840 1357
841 1357
842 1356
843 1354
844 1354
845 1354
846 1354
847 1353
848 1353
849 1354
850 1355
851 1355
852 1357
853 1352
854 1356
855 1357
856 1358
857 1355
858 1358
859 1353
860 1352
861 1357
862 1356
863 1354
864 1354
865 1355
866 1355
867 1355
868 1355
869 1353
870 1353
871 1352
872 1354
873 1352
874 1353
875 1356
876 1356
877 1352
878 1354
879 1353
880 1353
881 1356
882 1353
883 1352
884 1352
885 1355
886 1353
887 1351
888 1354
889 1352
890 1355
891 1355
892 1354
893 1354
894 1353
895 1352
896 1354
897 1357
898 1355
899 1352
900 1354
901 1356
902 1353
903 1353
904 1352
905 1353
906 1354
907 1354
908 1355
909 1355
910 1355
911 1355
912 1355
913 1354
914 1354
915 1352
916 1355
917 1355
918 1354
919 1352
920 1354
921 1354
922 1356
923 1355
924 1354
925 1352
926 1350
927 1354
928 1353
929 1353
930 1351
931 1354
932 1354
933 1354
934 1350
935 1353
936 1355
937 1355
938 1355
939 1353
940 1355
941 1354
942 1350
943 1353
944 1354
945 1358
946 1357
947 1354
948 1354
949 1355
950 1356
951 1351
952 1354
953 1352
954 1356
955 1355
956 1356
957 1354
958 1354
959 1353
960 1356
961 1356
962 1353
963 1355
964 1353
965 1350
966 1355
967 1356
968 1354
969 1355
970 1352
971 1355
972 1354
973 1353
974 1353
975 1356
976 1354
977 1353
978 1354
979 1352
980 1354
981 1353
982 1353
983 1356
984 1352
985 1354
986 1353
987 1354
988 1354
989 1355
990 1354
991 1353
992 1356
993 1352
994 1352
995 1354
996 1354
997 1353
998 1355
999 1354
1000 1354
1001 1355
1002 1356
1003 1356
1004 1356
1005 1354
1006 1353
1007 1354
1008 1353
1009 1357
1010 1356
1011 1353
1012 1354
1013 1354
1014 1354
1015 1352
1016 1353
1017 1356
1018 1354
1019 1355
1020 1353
1021 1353
1022 1354
1023 1353
1024 1353
1025 1353
1026 1355
1027 1353
1028 1353
1029 1353
1030 1355
1031 1356
1032 1356
1033 1356
1034 1356
1035 1356
1036 1355
1037 1355
1038 1355
1039 1354
1040 1357
1041 1353
1042 1354
1043 1353
1044 1352
1045 1355
1046 1355
1047 1353
1048 1350
1049 1355
1050 1352
1051 1354
1052 1350
1053 1351
1054 1354
1055 1354
1056 1355
1057 1355
1058 1353
1059 1352
1060 1354
1061 1352
1062 1352
1063 1355
1064 1356
1065 1355
1066 1355
1067 1354
1068 1356
1069 1354
1070 1354
1071 1354
1072 1352
1073 1354
1074 1353
1075 1349
1076 1352
1077 1356
1078 1355
1079 1350
1080 1353
1081 1353
1082 1354
1083 1355
1084 1353
1085 1351
1086 1353
1087 1354
1088 1354
1089 1350
1090 1353
1091 1354
1092 1356
1093 1354
1094 1355
1095 1350
1096 1353
1097 1356
1098 1357
1099 1354
1100 1356
1101 1348
1102 1352
1103 1353
1104 1351
1105 1351
1106 1355
1107 1354
1108 1353
1109 1351
1110 1352
1111 1354
1112 1353
1113 1353
1114 1351
1115 1357
1116 1357
1117 1353
1118 1354
1119 1356
1120 1355
1121 1352
1122 1355
1123 1355
1124 1354
1125 1352
1126 1352
1127 1355
1128 1354
1129 1354
1130 1353
1131 1353
1132 1354
1133 1353
1134 1354
1135 1353
1136 1351
1137 1353
1138 1354
1139 1356
1140 1355
1141 1352
1142 1353
1143 1350
1144 1356
1145 1353
1146 1354
1147 1353
1148 1356
1149 1355
1150 1353
1151 1355
1152 1356
1153 1355
1154 1353
1155 1352
1156 1355
1157 1353
1158 1353
1159 1354
1160 1354
1161 1351
1162 1353
1163 1356
1164 1353
1165 1353
1166 1355
1167 1357
1168 1356
1169 1352
1170 1354
1171 1358
1172 1356
1173 1353
1174 1355
1175 1353
1176 1356
1177 1356
1178 1353
1179 1353
1180 1354
1181 1352
1182 1353
1183 1354
1184 1353
1185 1357
1186 1356
1187 1356
1188 1356
1189 1354
1190 1354
1191 1352
1192 1353
1193 1355
1194 1356
1195 1353
1196 1357
1197 1358
1198 1355
1199 1355
1200 1355
1201 1354
1202 1354
1203 1356
1204 1356
1205 1355
1206 1354
1207 1355
1208 1357
1209 1356
1210 1357
1211 1356
1212 1355
1213 1356
1214 1355
1215 1354
1216 1354
1217 1354
1218 1356
1219 1354
1220 1354
1221 1355
1222 1356
1223 1354
1224 1356
1225 1355
1226 1356
1227 1354
1228 1352
1229 1353
1230 1354
1231 1352
1232 1355
1233 1354
1234 1356
1235 1352
1236 1353
1237 1353
1238 1352
1239 1357
1240 1353
1241 1351
1242 1356
1243 1357
1244 1357
1245 1355
1246 1354
1247 1353
1248 1354
1249 1357
1250 1354
1251 1353
1252 1352
1253 1351
1254 1352
1255 1353
1256 1354
1257 1360
1258 1355
1259 1351
1260 1355
1261 1356
1262 1356
1263 1354
1264 1355
1265 1351
1266 1353
1267 1357
1268 1355
1269 1355
1270 1352
1271 1355
1272 1355
1273 1354
1274 1353
1275 1353
1276 1352
1277 1354
1278 1355
1279 1355
1280 1353
1281 1354
1282 1355
1283 1356
1284 1354
1285 1354
1286 1356
1287 1355
1288 1354
1289 1354
1290 1353
1291 1357
1292 1356
1293 1350
1294 1353
1295 1355
1296 1355
1297 1353
1298 1353
1299 1356
1300 1355
1301 1351
1302 1354
1303 1354
1304 1354
1305 1355
1306 1353
1307 1354
1308 1356
1309 1357
1310 1353
1311 1357
1312 1355
1313 1354
1314 1355
1315 1353
1316 1355
1317 1355
1318 1353
1319 1356
1320 1355
1321 1352
1322 1353
1323 1352
1324 1354
1325 1355
1326 1355
1327 1357
1328 1356
1329 1352
1330 1351
1331 1355
1332 1356
1333 1353
1334 1355
1335 1353
1336 1351
1337 1352
1338 1354
1339 1356
1340 1354
1341 1352
1342 1355
1343 1357
1344 1356
1345 1355
1346 1354
1347 1353
1348 1353
1349 1353
1350 1356
1351 1356
1352 1353
1353 1354
1354 1352
1355 1356
1356 1352
1357 1355
1358 1355
1359 1354
1360 1354
1361 1352
1362 1353
1363 1355
1364 1353
1365 1354
1366 1355
1367 1355
1368 1357
1369 1355
1370 1354
1371 1352
1372 1352
1373 1355
1374 1353
1375 1355
1376 1354
1377 1353
1378 1354
1379 1353
1380 1356
1381 1354
1382 1349
1383 1356
1384 1355
1385 1354
1386 1356
1387 1356
1388 1357
1389 1353
1390 1352
1391 1352
1392 1355
1393 1355
1394 1357
1395 1354
1396 1354
1397 1355
1398 1355
1399 1356
1400 1354
1401 1355
1402 1357
1403 1356
1404 1355
1405 1353
1406 1354
1407 1355
1408 1355
1409 1354
1410 1353
1411 1351
1412 1356
1413 1354
1414 1353
1415 1354
1416 1353
1417 1353
1418 1353
1419 1354
1420 1355
1421 1353
1422 1355
1423 1353
1424 1354
1425 1354
1426 1354
1427 1355
1428 1354
1429 1352
1430 1353
1431 1353
1432 1357
1433 1355
1434 1353
1435 1350
1436 1356
1437 1359
1438 1357
1439 1353
1440 1352
1441 1355
1442 1355
1443 1355
1444 1352
1445 1351
1446 1352
1447 1354
1448 1356
1449 1353
1450 1355
1451 1354
1452 1354
1453 1354
1454 1356
1455 1354
1456 1353
1457 1358
1458 1357
1459 1356
1460 1353
1461 1353
1462 1353
1463 1355
1464 1350
1465 1352
1466 1354
1467 1355
1468 1354
1469 1354
1470 1356
1471 1353
1472 1351
1473 1352
1474 1352
1475 1353
1476 1355
1477 1351
1478 1351
1479 1355
1480 1357
1481 1353
1482 1355
1483 1355
1484 1351
1485 1355
1486 1352
1487 1352
1488 1352
1489 1354
1490 1355
1491 1354
1492 1355
1493 1355
1494 1356
1495 1353
1496 1353
1497 1353
1498 1353
1499 1355
1500 1354
1501 1354
1502 1354
1503 1355
1504 1353
1505 1355
1506 1352
1507 1353
1508 1354
1509 1351
1510 1353
1511 1355
1512 1355
1513 1353
1514 1353
1515 1354
1516 1354
1517 1355
1518 1354
1519 1353
1520 1354
1521 1351
1522 1355
1523 1354
1524 1354
1525 1352
1526 1356
1527 1355
1528 1356
1529 1356
1530 1355
1531 1352
1532 1353
1533 1353
1534 1355
1535 1353
1536 1354
1537 1353
1538 1355
1539 1353
1540 1355
1541 1356
1542 1354
1543 1353
1544 1356
1545 1354
1546 1355
1547 1355
1548 1355
1549 1353
1550 1355
1551 1353
1552 1354
1553 1356
1554 1356
1555 1355
1556 1355
1557 1355
1558 1355
1559 1351
1560 1355
1561 1355
1562 1356
1563 1353
1564 1353
1565 1353
1566 1353
1567 1356
1568 1353
1569 1356
1570 1355
1571 1354
1572 1356
1573 1353
1574 1355
1575 1355
1576 1356
1577 1353
1578 1355
1579 1353
1580 1355
1581 1354
1582 1355
1583 1355
1584 1357
1585 1357
1586 1358
1587 1353
1588 1358
1589 1353
1590 1354
1591 1352
1592 1356
1593 1356
1594 1357
1595 1355
1596 1355
1597 1354
1598 1355
1599 1356
1600 1355
1601 1357
1602 1355
1603 1354
1604 1356
1605 1352
1606 1353
1607 1356
1608 1356
1609 1353
1610 1358
1611 1353
1612 1355
1613 1352
1614 1355
1615 1351
1616 1355
1617 1355
1618 1358
1619 1352
1620 1355
1621 1354
1622 1356
1623 1353
1624 1354
1625 1351
1626 1356
1627 1355
1628 1356
1629 1351
1630 1355
1631 1353
1632 1355
1633 1354
1634 1357
1635 1353
1636 1353
1637 1357
1638 1357
1639 1357
1640 1350
1641 1352
1642 1354
1643 1354
1644 1353
1645 1351
1646 1353
1647 1354
1648 1355
1649 1354
1650 1354
1651 1354
1652 1354
1653 1353
1654 1354
1655 1353
1656 1356
1657 1355
1658 1354
1659 1353
1660 1353
1661 1353
1662 1356
1663 1355
1664 1356
1665 1354
1666 1354
1667 1353
1668 1354
1669 1352
1670 1354
1671 1354
1672 1358
1673 1356
1674 1356
1675 1357
1676 1356
1677 1353
1678 1355
1679 1353
1680 1352
1681 1352
1682 1355
1683 1354
1684 1355
1685 1357
1686 1357
1687 1354
1688 1357
1689 1353
1690 1357
1691 1355
1692 1355
1693 1355
1694 1355
1695 1352
1696 1355
1697 1353
1698 1354
1699 1353
1700 1356
1701 1352
1702 1356
1703 1355
1704 1355
1705 1356
1706 1355
1707 1353
1708 1355
1709 1353
1710 1356
1711 1355
1712 1355
1713 1355
1714 1354
1715 1352
1716 1356
1717 1353
1718 1355
1719 1356
1720 1355
1721 1357
1722 1358
1723 1355
1724 1358
1725 1355
1726 1356
1727 1355
1728 1354
1729 1354
1730 1355
1731 1356
1732 1355
1733 1355
1734 1354
1735 1354
1736 1356
1737 1352
1738 1354
1739 1353
1740 1356
1741 1357
1742 1354
1743 1352
1744 1355
1745 1352
1746 1355
1747 1355
1748 1353
1749 1354
1750 1354
1751 1353
1752 1356
1753 1355
1754 1357
1755 1354
1756 1353
1757 1355
1758 1357
1759 1354
1760 1356
1761 1355
1762 1354
1763 1353
1764 1354
1765 1353
1766 1356
1767 1357
1768 1356
1769 1356
1770 1356
1771 1353
1772 1356
1773 1354
1774 1355
1775 1357
1776 1357
1777 1357
1778 1356
1779 1354
1780 1356
1781 1354
1782 1352
1783 1353
1784 1355
1785 1354
1786 1353
1787 1353
1788 1354
1789 1353
1790 1351
1791 1354
1792 1354
1793 1352
1794 1352
1795 1352
1796 1358
1797 1358
1798 1356
1799 1353
1800 1355
1801 1355
1802 1357
1803 1354
1804 1354
1805 1358
1806 1352
1807 1354
1808 1353
1809 1356
1810 1354
1811 1353
1812 1352
1813 1356
1814 1357
1815 1357
1816 1355
1817 1352
1818 1354
1819 1353
1820 1351
1821 1349
1822 1355
1823 1358
1824 1354
1825 1356
1826 1354
1827 1355
1828 1354
1829 1354
1830 1354
1831 1354
1832 1353
1833 1352
1834 1351
1835 1353
1836 1354
1837 1354
1838 1353
1839 1355
1840 1353
1841 1353
1842 1355
1843 1357
1844 1352
1845 1354
1846 1354
1847 1355
1848 1353
1849 1354
1850 1352
1851 1350
1852 1355
1853 1353
1854 1353
1855 1353
1856 1353
1857 1355
1858 1355
1859 1353
1860 1354
1861 1354
1862 1354
1863 1352
1864 1353
1865 1355
1866 1353
1867 1354
1868 1354
1869 1356
1870 1353
1871 1354
1872 1354
1873 1351
1874 1354
1875 1353
1876 1350
1877 1350
1878 1353
1879 1351
1880 1352
1881 1353
1882 1356
1883 1355
1884 1355
1885 1354
1886 1354
1887 1354
1888 1353
1889 1354
1890 1355
1891 1354
1892 1352
1893 1351
1894 1354
1895 1352
1896 1353
1897 1356
1898 1353
1899 1354
1900 1354
1901 1357
1902 1353
1903 1354
1904 1353
1905 1353
1906 1351
1907 1352
1908 1351
1909 1352
1910 1351
1911 1353
1912 1353
1913 1352
1914 1356
1915 1354
1916 1351
1917 1351
1918 1354
1919 1355
1920 1354
1921 1354
1922 1354
1923 1352
1924 1354
1925 1353
1926 1353
1927 1354
1928 1353
1929 1353
1930 1354
1931 1356
1932 1355
1933 1353
1934 1354
1935 1354
1936 1354
1937 1353
1938 1354
1939 1355
1940 1353
1941 1354
1942 1350
1943 1356
1944 1355
1945 1356
1946 1355
1947 1355
1948 1356
1949 1355
1950 1354
1951 1355
1952 1354
1953 1355
1954 1356
1955 1354
1956 1354
1957 1354
1958 1354
1959 1357
1960 1351
1961 1354
1962 1351
1963 1356
1964 1355
1965 1354
1966 1355
1967 1352
1968 1351
1969 1353
1970 1351
1971 1354
1972 1356
1973 1354
1974 1352
1975 1350
1976 1357
1977 1357
1978 1356
1979 1353
1980 1354
1981 1354
1982 1355
1983 1356
1984 1353
1985 1354
1986 1352
1987 1356
1988 1356
1989 1355
1990 1353
1991 1353
1992 1352
1993 1350
1994 1354
1995 1352
1996 1352
1997 1356
1998 1355
1999 1356
2000 1352
2001 1352
2002 1354
2003 1357
2004 1354
2005 1353
2006 1356
2007 1356
2008 1352
2009 1354
2010 1354
2011 1357
2012 1354
2013 1355
2014 1354
2015 1356
2016 1355
2017 1354
2018 1352
2019 1354
2020 1354
2021 1352
2022 1354
2023 1357
2024 1354
2025 1354
2026 1353
2027 1353
2028 1355
2029 1355
2030 1355
2031 1355
2032 1356
2033 1352
2034 1352
2035 1354
2036 1355
2037 1353
2038 1354
2039 1355
2040 1353
2041 1355
2042 1356
2043 1351
2044 1353
2045 1351
2046 1355
2047 1356
2048 1353
2049 1355
2050 1354
2051 1355
2052 1352
2053 1355
2054 1356
2055 1353
2056 1354
2057 1352
2058 1352
2059 1354
2060 1354
2061 1354
2062 1353
2063 1354
2064 1353
2065 1351
2066 1355
2067 1353
2068 1353
2069 1354
2070 1356
2071 1355
2072 1353
2073 1351
2074 1353
2075 1355
2076 1354
2077 1356
2078 1356
2079 1356
2080 1356
2081 1352
2082 1353
2083 1354
2084 1352
2085 1353
2086 1354
2087 1355
2088 1357
2089 1357
2090 1357
2091 1353
2092 1354
2093 1353
2094 1354
2095 1356
2096 1355
2097 1357
2098 1357
2099 1354
2100 1354
2101 1356
2102 1355
2103 1355
2104 1354
2105 1354
2106 1355
2107 1353
2108 1354
2109 1352
2110 1356
2111 1354
2112 1354
2113 1353
2114 1354
2115 1354
2116 1357
2117 1354
2118 1354
2119 1352
2120 1355
2121 1353
2122 1353
2123 1355
2124 1355
2125 1354
2126 1356
2127 1354
2128 1355
2129 1351
2130 1355
2131 1353
2132 1356
2133 1353
2134 1353
2135 1353
2136 1356
2137 1355
2138 1355
2139 1354
2140 1356
2141 1356
2142 1356
2143 1352
2144 1353
2145 1355
2146 1354
2147 1354
2148 1354
2149 1354
2150 1358
2151 1352
2152 1355
2153 1355
2154 1353
2155 1353
2156 1355
2157 1357
2158 1357
2159 1355
2160 1354
2161 1355
2162 1357
2163 1355
2164 1356
2165 1353
2166 1355
2167 1353
2168 1354
2169 1354
2170 1357
2171 1355
2172 1355
2173 1357
2174 1355
2175 1355
2176 1351
2177 1355
2178 1357
2179 1353
2180 1352
2181 1353
2182 1356
2183 1357
2184 1355
2185 1353
2186 1353
2187 1357
2188 1355
2189 1354
2190 1356
2191 1353
2192 1355
2193 1354
2194 1356
2195 1356
2196 1358
2197 1357
2198 1355
2199 1356
2200 1355
2201 1353
2202 1358
2203 1358
2204 1356
2205 1355
2206 1355
2207 1354
2208 1355
2209 1354
2210 1354
2211 1354
2212 1353
2213 1354
2214 1353
2215 1356
2216 1355
2217 1356
2218 1353
2219 1354
2220 1353
2221 1355
2222 1356
2223 1356
2224 1354
2225 1356
2226 1358
2227 1354
2228 1357
2229 1352
2230 1356
2231 1356
2232 1354
2233 1355
2234 1354
2235 1352
2236 1355
2237 1354
2238 1354
2239 1352
2240 1354
2241 1355
2242 1353
2243 1355
2244 1354
2245 1358
2246 1354
2247 1354
2248 1353
2249 1352
2250 1353
2251 1355
2252 1353
2253 1354
2254 1355
2255 1356
2256 1356
2257 1356
2258 1356
2259 1357
2260 1354
2261 1353
2262 1354
2263 1355
2264 1356
2265 1357
2266 1356
2267 1355
2268 1356
2269 1355
2270 1354
2271 1354
2272 1356
2273 1354
2274 1354
2275 1355
2276 1354
2277 1354
2278 1353
2279 1354
2280 1354
2281 1354
2282 1356
2283 1355
2284 1358
2285 1355
2286 1357
2287 1356
2288 1357
2289 1357
2290 1358
2291 1357
2292 1356
2293 1356
2294 1354
2295 1354
2296 1355
2297 1355
2298 1355
2299 1353
2300 1356
2301 1355
2302 1357
2303 1357
2304 1354
2305 1353
2306 1355
2307 1354
2308 1356
2309 1355
2310 1356
2311 1354
2312 1354
2313 1353
2314 1356
2315 1355
2316 1355
2317 1352
2318 1355
2319 1356
2320 1356
2321 1352
2322 1354
2323 1355
2324 1355
2325 1352
2326 1354
2327 1355
2328 1355
2329 1354
2330 1356
2331 1353
2332 1357
2333 1354
2334 1355
2335 1352
2336 1353
2337 1356
2338 1356
2339 1352
2340 1352
2341 1356
2342 1356
2343 1356
2344 1353
2345 1352
2346 1356
2347 1352
2348 1354
2349 1354
2350 1354
2351 1354
2352 1353
2353 1354
2354 1354
2355 1353
2356 1357
2357 1351
2358 1355
2359 1355
2360 1354
2361 1350
2362 1354
2363 1357
2364 1356
2365 1354
2366 1356
2367 1354
2368 1355
2369 1355
2370 1354
2371 1354
2372 1357
2373 1355
2374 1355
2375 1354
2376 1356
2377 1356
2378 1356
2379 1353
2380 1356
2381 1353
2382 1356
2383 1354
2384 1354
2385 1355
2386 1354
2387 1355
2388 1355
2389 1354
2390 1355
2391 1353
2392 1357
2393 1352
2394 1354
2395 1354
2396 1356
2397 1354
2398 1356
2399 1352
2400 1357
2401 1357
2402 1357
2403 1355
2404 1358
2405 1356
2406 1355
2407 1354
2408 1355
2409 1357
2410 1356
2411 1357
2412 1354
2413 1354
2414 1354
2415 1357
2416 1356
2417 1356
2418 1356
2419 1358
2420 1358
2421 1355
2422 1357
2423 1353
2424 1353
2425 1355
2426 1354
2427 1354
2428 1356
2429 1356
2430 1356
2431 1354
2432 1356
2433 1354
2434 1355
2435 1355
2436 1356
2437 1356
2438 1356
2439 1354
2440 1355
2441 1356
2442 1356
2443 1356
2444 1356
2445 1354
2446 1356
2447 1353
2448 1355
2449 1356
2450 1354
2451 1355
2452 1356
2453 1354
2454 1356
2455 1353
2456 1353
2457 1352
2458 1354
2459 1351
2460 1353
2461 1355
2462 1355
2463 1355
2464 1354
2465 1353
2466 1354
2467 1354
2468 1353
2469 1357
2470 1354
2471 1350
2472 1353
2473 1351
2474 1356
2475 1354
2476 1355
2477 1353
2478 1356
2479 1351
2480 1356
2481 1353
2482 1352
2483 1352
2484 1354
2485 1356
2486 1355
2487 1353
2488 1355
2489 1353
2490 1355
2491 1353
2492 1353
2493 1352
2494 1354
2495 1353
2496 1357
2497 1355
2498 1353
2499 1353
2500 1354
2501 1354
2502 1353
2503 1353
2504 1354
2505 1356
2506 1355
2507 1355
2508 1356
2509 1355
2510 1355
2511 1352
2512 1354
2513 1355
2514 1355
2515 1353
2516 1354
2517 1353
2518 1356
2519 1355
2520 1354
2521 1355
2522 1356
2523 1354
2524 1356
2525 1357
2526 1357
2527 1355
2528 1355
2529 1352
2530 1356
2531 1353
2532 1357
2533 1352
2534 1356
2535 1356
2536 1356
2537 1355
2538 1354
2539 1354
2540 1354
2541 1355
2542 1356
2543 1352
2544 1354
2545 1353
2546 1355
2547 1357
2548 1356
2549 1356
2550 1357
2551 1355
2552 1357
2553 1355
2554 1356
2555 1353
2556 1355
2557 1353
2558 1356
2559 1353
2560 1354
2561 1353
2562 1357
2563 1358
2564 1354
2565 1357
2566 1357
2567 1355
2568 1356
2569 1353
2570 1352
2571 1354
2572 1356
2573 1353
2574 1355
2575 1354
2576 1354
2577 1355
2578 1357
2579 1354
2580 1355
2581 1352
2582 1354
2583 1352
2584 1355
2585 1355
2586 1354
2587 1357
2588 1356
2589 1357
2590 1356
2591 1351
2592 1355
2593 1351
2594 1354
2595 1353
2596 1356
2597 1355
2598 1355
2599 1355
2600 1356
2601 1354
2602 1357
2603 1355
2604 1356
2605 1353
2606 1354
2607 1355
2608 1357
2609 1354
2610 1356
2611 1354
2612 1357
2613 1352
2614 1356
2615 1354
2616 1356
2617 1357
2618 1355
2619 1355
2620 1352
2621 1354
2622 1356
2623 1353
2624 1353
2625 1355
2626 1353
2627 1355
2628 1356
2629 1353
2630 1357
2631 1356
2632 1353
2633 1355
2634 1354
2635 1353
2636 1353
2637 1353
2638 1355
2639 1355
2640 1354
2641 1353
2642 1355
2643 1352
2644 1355
2645 1355
2646 1357
2647 1352
2648 1356
2649 1355
2650 1355
2651 1354
2652 1355
2653 1354
2654 1355
2655 1353
2656 1354
2657 1354
2658 1353
2659 1354
2660 1355
2661 1354
2662 1354
2663 1355
2664 1355
2665 1353
2666 1354
2667 1355
2668 1355
2669 1353
2670 1355
2671 1354
2672 1354
2673 1352
2674 1354
2675 1354
2676 1353
2677 1352
2678 1354
2679 1353
2680 1353
2681 1355
2682 1355
2683 1355
2684 1356
2685 1354
2686 1356
2687 1355
2688 1353
2689 1353
2690 1354
2691 1355
2692 1355
2693 1353
2694 1354
2695 1355
2696 1356
2697 1357
2698 1356
2699 1355
2700 1355
2701 1354
2702 1356
2703 1355
2704 1354
2705 1356
2706 1353
2707 1352
2708 1354
2709 1352
2710 1358
2711 1356
2712 1357
2713 1353
2714 1356
2715 1355
2716 1354
2717 1352
2718 1355
2719 1355
2720 1356
2721 1355
2722 1355
2723 1353
2724 1353
2725 1356
2726 1353
2727 1352
2728 1354
2729 1354
2730 1352
2731 1355
2732 1353
2733 1355
2734 1352
2735 1353
2736 1354
2737 1357
2738 1355
2739 1352
2740 1354
2741 1353
2742 1355
2743 1352
2744 1352
2745 1355
2746 1355
2747 1355
2748 1356
2749 1353
2750 1355
2751 1355
2752 1354
2753 1355
2754 1352
2755 1355
2756 1356
2757 1356
2758 1354
2759 1353
2760 1354
2761 1355
2762 1354
2763 1357
2764 1352
2765 1351
2766 1354
2767 1354
2768 1353
2769 1354
2770 1354
2771 1352
2772 1353
2773 1355
2774 1355
2775 1354
2776 1353
2777 1355
2778 1353
2779 1353
2780 1351
2781 1354
2782 1353
2783 1356
2784 1354
2785 1355
2786 1353
2787 1352
2788 1354
2789 1354
2790 1353
2791 1352
2792 1355
2793 1356
2794 1354
2795 1357
2796 1353
2797 1356
2798 1353
2799 1355
2800 1352
2801 1354
2802 1350
2803 1355
2804 1354
2805 1353
2806 1353
2807 1357
2808 1357
2809 1354
2810 1351
2811 1353
2812 1355
2813 1358
2814 1354
2815 1354
2816 1354
2817 1355
2818 1352
2819 1353
2820 1352
2821 1355
2822 1355
2823 1355
2824 1355
2825 1354
2826 1353
2827 1357
2828 1351
2829 1351
2830 1352
2831 1357
2832 1353
2833 1354
2834 1354
2835 1351
2836 1354
2837 1357
2838 1355
2839 1353
2840 1355
2841 1357
2842 1355
2843 1356
2844 1356
2845 1355
2846 1353
2847 1356
2848 1352
2849 1352
2850 1352
2851 1356
2852 1353
2853 1355
2854 1355
2855 1355
2856 1354
2857 1354
2858 1354
2859 1355
2860 1352
2861 1354
2862 1353
2863 1356
2864 1356
2865 1358
2866 1356
2867 1354
2868 1353
2869 1352
2870 1355
2871 1356
2872 1352
2873 1354
2874 1353
2875 1354
2876 1355
2877 1357
2878 1354
2879 1355
2880 1352
2881 1356
2882 1351
2883 1356
2884 1351
2885 1357
2886 1356
2887 1356
2888 1353
2889 1353
2890 1354
2891 1355
2892 1350
2893 1354
2894 1354
2895 1357
2896 1356
2897 1356
2898 1353
2899 1355
2900 1355
2901 1356
2902 1354
2903 1353
2904 1354
2905 1354
2906 1353
2907 1353
2908 1354
2909 1352
2910 1353
2911 1352
2912 1352
2913 1353
2914 1353
2915 1353
2916 1354
2917 1352
2918 1352
2919 1355
2920 1352
2921 1356
2922 1355
2923 1357
2924 1352
2925 1352
2926 1354
2927 1355
2928 1355
2929 1354
2930 1353
2931 1354
2932 1352
2933 1352
2934 1352
2935 1355
2936 1353
2937 1353
2938 1351
2939 1355
2940 1354
2941 1354
2942 1354
2943 1354
2944 1351
2945 1353
2946 1351
2947 1351
2948 1356
2949 1355
2950 1352
2951 1355
2952 1353
2953 1352
2954 1354
2955 1357
2956 1355
2957 1357
2958 1353
2959 1354
2960 1354
2961 1355
2962 1355
2963 1355
2964 1355
2965 1351
2966 1353
2967 1352
2968 1354
2969 1355
2970 1354
2971 1355
2972 1352
2973 1352
2974 1355
2975 1353
2976 1354
2977 1355
2978 1356
2979 1353
2980 1353
2981 1354
2982 1355
2983 1356
2984 1354
2985 1358
2986 1354
2987 1354
2988 1356
2989 1355
2990 1357
2991 1354
2992 1354
2993 1354
2994 1356
2995 1354
2996 1354
2997 1356
2998 1354
2999 1353
3000 1351
3001 1354
3002 1354
3003 1354
3004 1354
3005 1352
3006 1355
3007 1357
3008 1350
3009 1353
3010 1356
3011 1353
3012 1355
3013 1352
3014 1356
3015 1357
3016 1354
3017 1354
3018 1354
3019 1357
3020 1355
3021 1356
3022 1355
3023 1354
3024 1352
3025 1353
3026 1355
3027 1351
3028 1353
3029 1353
3030 1356
3031 1355
3032 1353
3033 1351
3034 1354
3035 1352
3036 1354
3037 1355
3038 1354
3039 1356
3040 1356
3041 1353
3042 1352
3043 1349
3044 1353
3045 1350
3046 1356
3047 1355
3048 1356
3049 1355
3050 1355
3051 1353
3052 1354
3053 1354
3054 1353
3055 1354
3056 1353
3057 1353
3058 1356
3059 1355
3060 1354
3061 1353
3062 1355
3063 1352
3064 1355
3065 1356
3066 1354
3067 1357
3068 1355
3069 1354
3070 1353
3071 1352
3072 1354
3073 1357
3074 1355
3075 1357
3076 1353
3077 1354
3078 1356
3079 1353
3080 1352
3081 1354
3082 1354
3083 1356
3084 1354
3085 1356
3086 1353
3087 1356
3088 1356
3089 1352
3090 1353
3091 1355
3092 1356
3093 1355
3094 1353
3095 1356
3096 1353
3097 1355
3098 1352
3099 1354
3100 1352
3101 1354
3102 1353
3103 1354
3104 1356
3105 1356
3106 1354
3107 1357
3108 1355
3109 1355
3110 1354
3111 1357
3112 1353
3113 1355
3114 1351
3115 1356
3116 1355
3117 1355
3118 1353
3119 1354
3120 1352
3121 1355
3122 1355
3123 1352
3124 1351
3125 1353
3126 1355
3127 1352
3128 1353
3129 1357
3130 1356
3131 1356
3132 1352
3133 1354
3134 1352
3135 1354
3136 1352
3137 1353
3138 1355
3139 1355
3140 1353
3141 1357
3142 1354
3143 1353
3144 1353
3145 1354
3146 1354
3147 1354
3148 1353
3149 1354
3150 1354
3151 1353
3152 1354
3153 1354
3154 1353
3155 1354
3156 1355
3157 1354
3158 1355
3159 1357
3160 1355
3161 1355
3162 1352
3163 1355
3164 1354
3165 1355
3166 1354
3167 1354
3168 1354
3169 1353
3170 1352
3171 1353
3172 1357
3173 1355
3174 1354
3175 1353
3176 1356
3177 1354
3178 1351
3179 1355
3180 1355
3181 1353
3182 1354
3183 1352
3184 1353
3185 1352
3186 1355
3187 1350
3188 1353
3189 1355
3190 1355
3191 1355
3192 1354
3193 1350
3194 1355
3195 1354
3196 1354
3197 1353
3198 1354
3199 1356
3200 1355
3201 1352
3202 1356
3203 1356
3204 1356
3205 1353
3206 1351
3207 1356
3208 1357
3209 1355
3210 1352
3211 1356
3212 1355
3213 1356
3214 1352
3215 1359
3216 1356
3217 1354
3218 1356
3219 1356
3220 1353
3221 1356
3222 1355
3223 1355
3224 1353
3225 1353
3226 1352
3227 1355
3228 1355
3229 1355
3230 1352
3231 1351
3232 1354
3233 1352
3234 1355
3235 1356
3236 1355
3237 1354
3238 1354
3239 1356
3240 1356
3241 1352
3242 1354
3243 1353
3244 1353
3245 1354
3246 1356
3247 1356
3248 1355
3249 1355
3250 1352
3251 1353
3252 1353
3253 1355
3254 1355
3255 1353
3256 1354
3257 1356
3258 1354
3259 1356
3260 1351
3261 1354
3262 1351
3263 1355
3264 1353
3265 1354
3266 1353
3267 1353
3268 1353
3269 1352
3270 1353
3271 1354
3272 1352
3273 1357
3274 1355
3275 1353
3276 1353
3277 1354
3278 1353
3279 1352
3280 1354
3281 1354
3282 1355
3283 1355
3284 1353
3285 1352
3286 1353
3287 1355
3288 1356
3289 1354
3290 1353
3291 1355
3292 1354
3293 1356
3294 1355
3295 1355
3296 1354
3297 1356
3298 1354
3299 1354
3300 1353
3301 1353
3302 1351
3303 1353
3304 1354
3305 1356
3306 1356
3307 1354
3308 1353
3309 1354
3310 1354
3311 1355
3312 1355
3313 1353
3314 1356
3315 1355
3316 1356
3317 1355
3318 1355
3319 1354
3320 1354
3321 1354
3322 1353
3323 1354
3324 1351
3325 1352
3326 1358
3327 1356
3328 1355
3329 1355
3330 1358
3331 1355
3332 1356
3333 1353
3334 1354
3335 1355
3336 1353
3337 1355
3338 1352
3339 1351
3340 1352
3341 1351
3342 1353
3343 1357
3344 1354
3345 1355
3346 1352
3347 1355
3348 1354
3349 1357
3350 1355
3351 1352
3352 1353
3353 1354
3354 1352
3355 1357
3356 1353
3357 1352
3358 1356
3359 1354
3360 1355
3361 1353
3362 1354
3363 1354
3364 1354
3365 1355
3366 1354
3367 1352
3368 1354
3369 1352
3370 1352
3371 1354
3372 1353
3373 1355
3374 1356
3375 1356
3376 1353
3377 1353
3378 1355
3379 1356
3380 1354
3381 1355
3382 1354
3383 1353
3384 1355
3385 1356
3386 1355
3387 1357
3388 1355
3389 1355
3390 1355
3391 1355
3392 1355
3393 1354
3394 1353
3395 1354
3396 1354
3397 1356
3398 1356
3399 1354
3400 1354
3401 1355
3402 1356
3403 1355
3404 1356
3405 1352
3406 1353
3407 1354
3408 1354
3409 1353
3410 1354
3411 1355
3412 1356
3413 1354
3414 1355
3415 1353
3416 1354
3417 1356
3418 1354
3419 1355
3420 1353
3421 1353
3422 1357
3423 1352
3424 1354
3425 1354
3426 1356
3427 1355
3428 1351
3429 1353
3430 1354
3431 1355
3432 1353
3433 1354
3434 1355
3435 1356
3436 1355
3437 1352
3438 1354
3439 1353
3440 1353
3441 1356
3442 1356
3443 1354
3444 1355
3445 1351
3446 1354
3447 1353
3448 1356
3449 1355
3450 1354
3451 1354
3452 1356
3453 1353
3454 1355
3455 1355
3456 1355
3457 1354
3458 1355
3459 1353
3460 1356
3461 1355
3462 1356
3463 1356
3464 1352
3465 1352
3466 1354
3467 1355
3468 1354
3469 1354
3470 1356
3471 1352
3472 1355
3473 1353
3474 1355
3475 1358
3476 1359
3477 1355
3478 1356
3479 1355
3480 1353
3481 1356
3482 1354
3483 1355
3484 1354
3485 1355
3486 1353
3487 1357
3488 1354
3489 1352
3490 1353
3491 1357
3492 1354
3493 1353
3494 1353
3495 1353
3496 1355
3497 1354
3498 1353
3499 1352
3500 1356
3501 1352
3502 1356
3503 1353
3504 1356
3505 1358
3506 1355
3507 1354
3508 1354
3509 1355
3510 1356
3511 1356
3512 1354
3513 1354
3514 1353
3515 1352
3516 1353
3517 1353
3518 1354
3519 1356
3520 1355
3521 1354
3522 1356
3523 1354
3524 1354
3525 1355
3526 1355
3527 1357
3528 1354
3529 1354
3530 1353
3531 1352
3532 1353
3533 1356
3534 1356
3535 1357
3536 1354
3537 1354
3538 1355
3539 1357
3540 1358
3541 1356
3542 1355
3543 1350
3544 1352
3545 1354
3546 1351
3547 1354
3548 1355
3549 1355
3550 1354
3551 1355
3552 1355
3553 1353
3554 1353
3555 1352
3556 1355
3557 1356
3558 1356
3559 1355
3560 1355
3561 1355
3562 1355
3563 1353
3564 1356
3565 1352
3566 1353
3567 1357
3568 1355
3569 1352
3570 1352
3571 1357
3572 1354
3573 1356
3574 1350
3575 1354
3576 1353
3577 1354
3578 1356
3579 1354
3580 1354
3581 1353
3582 1350
3583 1353
3584 1354
3585 1352
3586 1355
3587 1354
3588 1354
3589 1356
3590 1352
3591 1352
3592 1355
3593 1354
3594 1355
3595 1353
3596 1352
3597 1356
3598 1355
3599 1354
3600 1354
3601 1357
3602 1357
3603 1355
3604 1354
3605 1356
3606 1356
3607 1353
3608 1357
3609 1356
3610 1354
3611 1355
3612 1352
3613 1355
3614 1353
3615 1356
3616 1356
3617 1355
3618 1354
3619 1354
3620 1356
3621 1355
3622 1358
3623 1355
3624 1355
3625 1356
3626 1357
3627 1358
3628 1356
3629 1352
3630 1354
3631 1355
3632 1354
3633 1354
3634 1352
3635 1355
3636 1355
3637 1354
3638 1352
3639 1355
3640 1354
3641 1356
3642 1352
3643 1356
3644 1353
3645 1354
3646 1356
3647 1356
3648 1355
3649 1354
3650 1354
3651 1357
3652 1355
3653 1353
3654 1355
3655 1354
3656 1354
3657 1355
3658 1356
3659 1353
3660 1354
3661 1352
3662 1353
3663 1353
3664 1353
3665 1358
3666 1354
3667 1355
3668 1355
3669 1355
3670 1357
3671 1353
3672 1353
3673 1355
3674 1354
3675 1354
3676 1352
3677 1353
3678 1353
3679 1355
3680 1353
3681 1354
3682 1354
3683 1354
3684 1352
3685 1356
3686 1354
3687 1355
3688 1356
3689 1354
3690 1354
3691 1357
3692 1355
3693 1356
3694 1353
3695 1354
3696 1352
3697 1355
3698 1354
3699 1356
3700 1354
3701 1352
3702 1355
3703 1353
3704 1352
3705 1353
3706 1355
3707 1355
3708 1352
3709 1352
3710 1352
3711 1356
3712 1355
3713 1354
3714 1355
3715 1354
3716 1353
3717 1355
3718 1356
3719 1354
3720 1354
3721 1354
3722 1352
3723 1354
3724 1352
3725 1356
3726 1358
3727 1357
3728 1354
3729 1357
3730 1354
3731 1355
3732 1355
3733 1354
3734 1354
3735 1355
3736 1352
3737 1353
3738 1352
3739 1353
3740 1354
3741 1356
3742 1357
3743 1357
3744 1352
3745 1354
3746 1355
3747 1355
3748 1355
3749 1354
3750 1356
3751 1356
3752 1354
3753 1355
3754 1353
3755 1354
3756 1355
3757 1355
3758 1354
3759 1354
3760 1354
3761 1356
3762 1354
3763 1353
3764 1356
3765 1356
3766 1353
3767 1355
3768 1354
3769 1354
3770 1353
3771 1353
3772 1354
3773 1354
3774 1353
3775 1354
3776 1355
3777 1354
3778 1353
3779 1353
3780 1355
3781 1353
3782 1352
3783 1354
3784 1355
3785 1359
3786 1354
3787 1355
3788 1353
3789 1354
3790 1357
3791 1356
3792 1353
3793 1355
3794 1353
3795 1355
3796 1354
3797 1353
3798 1350
3799 1354
3800 1352
3801 1355
3802 1351
3803 1354
3804 1352
3805 1359
3806 1355
3807 1356
3808 1354
3809 1352
3810 1351
3811 1355
3812 1354
3813 1354
3814 1353
3815 1357
3816 1354
3817 1353
3818 1352
3819 1352
3820 1353
3821 1356
3822 1353
3823 1351
3824 1352
3825 1355
3826 1354
3827 1355
3828 1354
3829 1353
3830 1354
3831 1353
3832 1351
3833 1355
3834 1356
3835 1355
3836 1355
3837 1353
3838 1354
3839 1355
3840 1355
3841 1355
3842 1353
3843 1353
3844 1355
3845 1355
3846 1354
3847 1356
3848 1352
3849 1355
3850 1355
3851 1353
3852 1354
3853 1353
3854 1354
3855 1357
3856 1355
3857 1353
3858 1354
3859 1356
3860 1354
3861 1353
3862 1353
3863 1354
3864 1353
3865 1356
3866 1356
3867 1358
3868 1355
3869 1355
3870 1353
3871 1357
3872 1355
3873 1356
3874 1355
3875 1354
3876 1355
3877 1355
3878 1352
3879 1354
3880 1354
3881 1354
3882 1354
3883 1354
3884 1354
3885 1353
3886 1354
3887 1356
3888 1356
3889 1356
3890 1354
3891 1353
3892 1353
3893 1352
3894 1354
3895 1356
3896 1352
3897 1356
3898 1355
3899 1356
3900 1352
3901 1354
3902 1354
3903 1352
3904 1350
3905 1358
3906 1356
3907 1357
3908 1355
3909 1356
3910 1353
3911 1356
3912 1355
3913 1353
3914 1354
3915 1356
3916 1355
3917 1357
3918 1355
3919 1355
3920 1351
3921 1353
3922 1354
3923 1356
3924 1354
3925 1354
3926 1353
3927 1355
3928 1354
3929 1353
3930 1354
3931 1355
3932 1354
3933 1357
3934 1354
3935 1357
3936 1356
3937 1357
3938 1356
3939 1354
3940 1354
3941 1355
3942 1354
3943 1354
3944 1353
3945 1353
3946 1354
3947 1356
3948 1353
3949 1352
3950 1354
3951 1355
3952 1354
3953 1353
3954 1352
3955 1354
3956 1354
3957 1353
3958 1355
3959 1357
3960 1355
3961 1355
3962 1356
3963 1355
3964 1353
3965 1355
3966 1354
3967 1356
3968 1355
3969 1356
3970 1352
3971 1353
3972 1353
3973 1355
3974 1356
3975 1352
3976 1352
3977 1355
3978 1352
3979 1356
3980 1352
3981 1352
3982 1353
3983 1356
3984 1355
3985 1353
3986 1351
3987 1357
3988 1355
3989 1355
3990 1355
3991 1357
3992 1354
3993 1356
3994 1350
3995 1354
3996 1355
3997 1355
3998 1354
3999 1353
