0 1355
1 1356
2 1353
3 1355
4 1357
5 1358
6 1359
7 1357
8 1357
9 1356
10 1355
11 1357
12 1357
13 1354
14 1355
15 1357
16 1357
17 1357
18 1357
19 1354
20 1356
21 1357
22 1357
23 1356
24 1358
25 1356
26 1355
27 1360
28 1355
29 1356
30 1357
31 1357
32 1356
33 1358
34 1355
35 1357
36 1357
37 1354
38 1356
39 1355
40 1355
41 1357
42 1357
43 1357
44 1357
45 1357
46 1355
47 1356
48 1357
49 1359
50 1356
51 1356
52 1355
53 1357
54 1357
55 1357
56 1357
57 1356
58 1356
59 1355
60 1359
61 1357
62 1356
63 1356
64 1351
65 1354
66 1357
67 1357
68 1357
69 1357
70 1354
71 1358
72 1356
73 1358
74 1357
75 1358
76 1359
77 1354
78 1356
79 1357
80 1357
81 1357
82 1358
83 1359
84 1357
85 1358
86 1357
87 1354
88 1354
89 1355
90 1358
91 1353
92 1357
93 1357
94 1359
95 1353
96 1356
97 1355
98 1356
99 1359
100 1357
101 1357
102 1358
103 1356
104 1358
105 1357
106 1358
107 1358
108 1360
109 1358
110 1355
111 1356
112 1358
113 1357
114 1357
115 1358
116 1357
117 1361
118 1353
119 1356
120 1358
121 1357
122 1357
123 1357
124 1356
125 1357
126 1355
127 1358
128 1357
129 1357
130 1356
131 1354
132 1357
133 1354
134 1355
135 1354
136 1357
137 1359
138 1354
139 1356
140 1356
141 1358
142 1356
143 1356
144 1356
145 1357
146 1354
147 1359
148 1353
149 1353
150 1357
151 1356
152 1357
153 1359
154 1356
155 1358
156 1354
157 1356
158 1357
159 1356
160 1354
161 1356
162 1355
163 1357
164 1356
165 1357
166 1356
167 1356
168 1356
169 1356
170 1357
171 1357
172 1358
173 1360
174 1358
175 1353
176 1357
177 1354
178 1357
179 1355
180 1355
181 1353
182 1355
183 1355
184 1358
185 1356
186 1355
187 1356
188 1353
189 1355
190 1355
191 1356
192 1359
193 1356
194 1356
195 1357
196 1358
197 1357
198 1356
199 1356
200 1355
201 1357
202 1356
203 1356
204 1355
205 1358
206 1355
207 1356
208 1355
209 1358
210 1358
211 1354
212 1356
213 1357
214 1357
215 1356
216 1357
217 1357
218 1353
219 1353
220 1357
221 1356
222 1354
223 1356
224 1357
225 1358
226 1357
227 1353
228 1357
229 1360
230 1357
231 1353
232 1354
233 1358
234 1356
235 1355
236 1354
237 1355
238 1357
239 1355
240 1357
241 1357
242 1356
243 1355
244 1354
245 1353
246 1354
247 1358
248 1356
249 1358
250 1357
251 1356
252 1357
253 1354
254 1354
255 1354
256 1355
257 1354
258 1356
259 1354
260 1355
261 1356
262 1356
263 1355
264 1356
265 1356
266 1356
267 1359
268 1357
269 1359
270 1355
271 1355
272 1354
273 1355
274 1357
275 1355
276 1354
277 1355
278 1356
279 1354
280 1357
281 1356
282 1356
283 1355
284 1357
285 1355
286 1355
287 1355
288 1357
289 1357
290 1357
291 1355
292 1355
293 1357
294 1357
295 1354
296 1357
297 1357
298 1353
299 1357
300 1358
301 1355
302 1355
303 1355
304 1357
305 1356
306 1358
307 1357
308 1357
309 1358
310 1357
311 1357
312 1356
313 1356
314 1354
315 1354
316 1356
317 1353
318 1354
319 1354
320 1355
321 1357
322 1357
323 1357
324 1356
325 1357
326 1355
327 1359
328 1357
329 1356
330 1355
331 1353
332 1355
333 1356
334 1355
335 1354
336 1357
337 1355
338 1354
339 1356
340 1359
341 1360
342 1355
343 1354
344 1355
345 1356
346 1357
347 1355
348 1356
349 1357
350 1356
351 1356
352 1357
353 1356
354 1358
355 1357
356 1357
357 1356
358 1356
359 1357
360 1361
361 1356
362 1357
363 1355
364 1354
365 1356
366 1355
367 1356
368 1355
369 1355
370 1356
371 1356
372 1356
373 1358
374 1358
375 1355
376 1357
377 1354
378 1356
379 1354
380 1358
381 1356
382 1358
383 1357
384 1358
385 1360
386 1358
387 1357
388 1356
389 1357
390 1355
391 1357
392 1356
393 1354
394 1357
395 1355
396 1356
397 1358
398 1356
399 1355
400 1358
401 1355
402 1357
403 1358
404 1356
405 1358
406 1355
407 1356
408 1354
409 1356
410 1357
411 1359
412 1356
413 1359
414 1357
415 1358
416 1354
417 1359
418 1357
419 1357
420 1356
421 1355
422 1356
423 1356
424 1354
425 1356
426 1357
427 1355
428 1356
429 1355
430 1353
431 1355
432 1356
433 1354
434 1355
435 1354
436 1356
437 1354
438 1353
439 1354
440 1358
441 1359
442 1355
443 1356
444 1357
445 1355
446 1357
447 1355
448 1354
449 1355
450 1354
451 1357
452 1356
453 1358
454 1357
455 1356
456 1356
457 1356
458 1357
459 1357
460 1355
461 1355
462 1356
463 1355
464 1353
465 1356
466 1356
467 1359
468 1356
469 1357
470 1357
471 1359
472 1357
473 1358
474 1357
475 1356
476 1355
477 1356
478 1357
479 1359
480 1359
481 1356
482 1357
483 1357
484 1355
485 1356
486 1356
487 1355
488 1355
489 1354
490 1357
491 1356
492 1356
493 1356
494 1357
495 1357
496 1355
497 1355
498 1357
499 1356
500 1359
501 1358
502 1355
503 1356
504 1356
505 1356
506 1357
507 1358
508 1356
509 1356
510 1355
511 1356
512 1357
513 1355
514 1355
515 1358
516 1359
517 1356
518 1357
519 1357
520 1357
521 1356
522 1356
523 1356
524 1359
525 1355
526 1358
527 1354
528 1357
529 1356
530 1361
531 1358
532 1357
533 1357
534 1357
535 1357
536 1357
537 1358
538 1357
539 1361
540 1366
541 1373
542 1385
543 1397
544 1415
545 1437
546 1462
547 1490
548 1519
549 1545
550 1572
551 1599
552 1622
553 1645
554 1662
555 1681
556 1695
557 1706
558 1708
559 1713
560 1714
561 1720
562 1713
563 1711
564 1703
565 1700
566 1688
567 1681
568 1675
569 1667
570 1654
571 1644
572 1631
573 1620
574 1606
575 1596
576 1581
577 1572
578 1557
579 1547
580 1536
581 1525
582 1514
583 1503
584 1492
585 1486
586 1477
587 1470
588 1461
589 1458
590 1451
591 1447
592 1438
593 1430
594 1424
595 1419
596 1416
597 1411
598 1407
599 1402
600 1406
601 1401
602 1397
603 1390
604 1391
605 1389
606 1386
607 1385
608 1384
609 1381
610 1382
611 1379
612 1378
613 1371
614 1373
615 1372
616 1372
617 1373
618 1373
619 1369
620 1367
621 1366
622 1365
623 1366
624 1366
625 1366
626 1363
627 1361
628 1361
629 1361
630 1363
631 1366
632 1363
633 1363
634 1362
635 1362
636 1363
637 1362
638 1360
639 1360
640 1360
641 1359
642 1356
643 1357
644 1358
645 1358
646 1360
647 1357
648 1355
649 1357
650 1358
651 1360
652 1357
653 1355
654 1354
655 1355
656 1355
657 1356
658 1354
659 1357
660 1358
661 1356
662 1356
663 1357
664 1357
665 1361
666 1358
667 1356
668 1358
669 1353
670 1355
671 1356
672 1359
673 1354
674 1358
675 1357
676 1356
677 1355
678 1357
679 1355
680 1356
681 1354
682 1357
683 1353
684 1359
685 1358
686 1360
687 1356
688 1358
689 1355
690 1358
691 1355
692 1354
693 1355
694 1354
695 1355
696 1356
697 1354
698 1357
699 1353
700 1357
701 1353
702 1353
703 1355
704 1354
705 1353
706 1354
707 1356
708 1356
709 1353
710 1358
711 1356
712 1358
713 1356
714 1356
715 1354
716 1355
717 1355
718 1356
719 1355
720 1358
721 1355
722 1358
723 1356
724 1354
725 1355
726 1358
727 1357
728 1358
729 1353
730 1356
731 1357
732 1357
733 1355
734 1356
735 1358
736 1356
737 1355
738 1356
739 1355
740 1357
741 1356
742 1357
743 1356
744 1357
745 1354
746 1357
747 1356
748 1356
749 1357
750 1359
751 1357
752 1356
753 1355
754 1357
755 1355
756 1357
757 1355
758 1354
759 1355
760 1360
761 1356
762 1358
763 1356
764 1358
765 1357
766 1356
767 1356
768 1356
769 1355
770 1356
771 1357
772 1357
773 1356
774 1360
775 1356
776 1356
777 1356
778 1357
779 1356
780 1358
781 1358
782 1356
783 1354
784 1355
785 1358
786 1357
787 1357
788 1356
789 1358
790 1359
791 1356
792 1356
793 1358
794 1356
795 1355
796 1355
797 1356
798 1355
799 1355
800 1357
801 1357
802 1357
803 1356
804 1356
805 1356
806 1358
807 1359
808 1357
809 1357
810 1357
811 1357
812 1355
813 1356
814 1355
815 1357
816 1356
817 1354
818 1355
819 1359
820 1356
821 1359
822 1357
823 1357
824 1358
825 1358
826 1355
827 1356
828 1356
829 1358
830 1354
831 1359
832 1357
833 1356
834 1355
835 1360
836 1356
837 1356
838 1357
839 1357
840 1358
841 1359
842 1356
843 1355
844 1355
845 1357
846 1357
847 1356
848 1356
849 1358
850 1359
851 1358
852 1353
853 1357
854 1359
855 1357
856 1356
857 1355
858 1356
859 1356
860 1356
861 1355
862 1356
863 1357
864 1357
865 1358
866 1355
867 1354
868 1355
869 1356
870 1356
871 1357
872 1358
873 1357
874 1357
875 1359
876 1355
877 1354
878 1358
879 1356
880 1358
881 1359
882 1356
883 1357
884 1356
885 1355
886 1358
887 1355
888 1354
889 1354
890 1355
891 1359
892 1356
893 1358
894 1359
895 1355
896 1358
897 1356
898 1354
899 1356
900 1357
901 1356
902 1357
903 1356
904 1355
905 1356
906 1355
907 1354
908 1357
909 1356
910 1359
911 1357
912 1354
913 1356
914 1358
915 1359
916 1357
917 1358
918 1358
919 1357
920 1355
921 1354
922 1357
923 1358
924 1356
925 1357
926 1358
927 1356
928 1354
929 1354
930 1353
931 1356
932 1356
933 1356
934 1357
935 1357
936 1356
937 1357
938 1358
939 1359
940 1357
941 1358
942 1359
943 1358
944 1355
945 1358
946 1356
947 1358
948 1358
949 1354
950 1355
951 1356
952 1355
953 1356
954 1358
955 1357
956 1357
957 1356
958 1355
959 1355
960 1354
961 1358
962 1357
963 1357
964 1357
965 1357
966 1357
967 1357
968 1354
969 1357
970 1358
971 1356
972 1356
973 1356
974 1358
975 1360
976 1360
977 1358
978 1354
979 1356
980 1359
981 1359
982 1358
983 1356
984 1355
985 1358
986 1357
987 1356
988 1355
989 1357
990 1357
991 1356
992 1356
993 1355
994 1357
995 1356
996 1359
997 1359
998 1358
999 1357
1000 1357
1001 1360
1002 1356
1003 1354
1004 1357
1005 1356
1006 1355
1007 1358
1008 1353
1009 1358
1010 1359
1011 1358
1012 1355
1013 1357
1014 1356
1015 1355
1016 1356
1017 1355
1018 1357
1019 1356
1020 1356
1021 1356
1022 1356
1023 1357
1024 1355
1025 1356
1026 1355
1027 1359
1028 1356
1029 1358
1030 1357
1031 1355
1032 1358
1033 1355
1034 1355
1035 1356
1036 1355
1037 1356
1038 1354
1039 1356
1040 1360
1041 1358
1042 1357
1043 1358
1044 1357
1045 1356
1046 1358
1047 1358
1048 1358
1049 1357
1050 1354
1051 1356
1052 1359
1053 1357
1054 1358
1055 1356
1056 1357
1057 1356
1058 1358
1059 1360
1060 1359
1061 1355
1062 1358
1063 1356
1064 1356
1065 1355
1066 1356
1067 1357
1068 1355
1069 1356
1070 1357
1071 1359
1072 1357
1073 1358
1074 1357
1075 1355
1076 1357
1077 1354
1078 1356
1079 1355
1080 1357
1081 1359
1082 1357
1083 1357
1084 1357
1085 1355
1086 1355
1087 1356
1088 1354
1089 1356
1090 1359
1091 1355
1092 1354
1093 1355
1094 1356
1095 1357
1096 1355
1097 1355
1098 1352
1099 1357
1100 1358
1101 1357
1102 1357
1103 1357
1104 1357
1105 1354
1106 1355
1107 1356
1108 1353
1109 1355
1110 1355
1111 1355
1112 1356
1113 1358
1114 1354
1115 1356
1116 1355
1117 1357
1118 1356
1119 1354
1120 1358
1121 1357
1122 1355
1123 1354
1124 1356
1125 1357
1126 1355
1127 1356
1128 1354
1129 1355
1130 1355
1131 1355
1132 1355
1133 1356
1134 1357
1135 1357
1136 1355
1137 1355
1138 1355
1139 1355
1140 1355
1141 1358
1142 1353
1143 1356
1144 1357
1145 1353
1146 1356
1147 1356
1148 1353
1149 1357
1150 1359
1151 1357
1152 1357
1153 1355
1154 1355
1155 1356
1156 1361
1157 1357
1158 1357
1159 1358
1160 1356
1161 1353
1162 1355
1163 1356
1164 1354
1165 1354
1166 1357
1167 1356
1168 1354
1169 1356
1170 1357
1171 1357
1172 1355
1173 1357
1174 1353
1175 1358
1176 1357
1177 1356
1178 1353
1179 1355
1180 1355
1181 1359
1182 1356
1183 1356
1184 1356
1185 1358
1186 1357
1187 1355
1188 1357
1189 1357
1190 1355
1191 1358
1192 1358
1193 1357
1194 1357
1195 1357
1196 1357
1197 1357
1198 1354
1199 1357
1200 1361
1201 1356
1202 1355
1203 1357
1204 1356
1205 1356
1206 1356
1207 1357
1208 1357
1209 1359
1210 1356
1211 1356
1212 1354
1213 1358
1214 1355
1215 1359
1216 1357
1217 1356
1218 1354
1219 1354
1220 1355
1221 1356
1222 1356
1223 1357
1224 1357
1225 1356
1226 1357
1227 1357
1228 1356
1229 1355
1230 1357
1231 1357
1232 1358
1233 1360
1234 1357
1235 1356
1236 1356
1237 1354
1238 1357
1239 1355
1240 1354
1241 1357
1242 1356
1243 1360
1244 1358
1245 1355
1246 1355
1247 1356
1248 1357
1249 1360
1250 1358
1251 1358
1252 1358
1253 1358
1254 1354
1255 1354
1256 1355
1257 1356
1258 1355
1259 1355
1260 1362
1261 1357
1262 1357
1263 1356
1264 1357
1265 1357
1266 1355
1267 1358
1268 1357
1269 1356
1270 1358
1271 1357
1272 1356
1273 1358
1274 1356
1275 1356
1276 1357
1277 1357
1278 1355
1279 1355
1280 1357
1281 1356
1282 1355
1283 1357
1284 1359
1285 1357
1286 1357
1287 1355
1288 1355
1289 1355
1290 1359
1291 1357
1292 1356
1293 1356
1294 1353
1295 1357
1296 1357
1297 1356
1298 1357
1299 1357
1300 1356
1301 1356
1302 1354
1303 1356
1304 1356
1305 1356
1306 1356
1307 1356
1308 1356
1309 1357
1310 1356
1311 1356
1312 1354
1313 1357
1314 1357
1315 1357
1316 1355
1317 1360
1318 1358
1319 1357
1320 1356
1321 1356
1322 1359
1323 1360
1324 1357
1325 1358
1326 1356
1327 1357
1328 1355
1329 1357
1330 1358
1331 1359
1332 1355
1333 1355
1334 1357
1335 1358
1336 1360
1337 1356
1338 1357
1339 1358
1340 1356
1341 1356
1342 1356
1343 1356
1344 1355
1345 1357
1346 1355
1347 1355
1348 1356
1349 1356
1350 1356
1351 1356
1352 1357
1353 1357
1354 1351
1355 1357
1356 1357
1357 1358
1358 1354
1359 1356
1360 1357
1361 1358
1362 1358
1363 1358
1364 1356
1365 1357
1366 1359
1367 1357
1368 1357
1369 1356
1370 1352
1371 1356
1372 1358
1373 1358
1374 1352
1375 1356
1376 1353
1377 1356
1378 1356
1379 1356
1380 1350
1381 1354
1382 1357
1383 1360
1384 1355
1385 1354
1386 1353
1387 1356
1388 1354
1389 1356
1390 1359
1391 1361
1392 1354
1393 1355
1394 1357
1395 1354
1396 1357
1397 1355
1398 1357
1399 1355
1400 1354
1401 1358
1402 1358
1403 1358
1404 1357
1405 1357
1406 1355
1407 1358
1408 1357
1409 1359
1410 1355
1411 1356
1412 1354
1413 1355
1414 1356
1415 1357
1416 1357
1417 1357
1418 1352
1419 1353
1420 1358
1421 1360
1422 1360
1423 1358
1424 1355
1425 1357
1426 1356
1427 1356
1428 1358
1429 1357
1430 1355
1431 1357
1432 1356
1433 1357
1434 1356
1435 1357
1436 1354
1437 1356
1438 1357
1439 1356
1440 1357
1441 1355
1442 1357
1443 1355
1444 1356
1445 1357
1446 1356
1447 1356
1448 1354
1449 1356
1450 1358
1451 1360
1452 1357
1453 1356
1454 1357
1455 1357
1456 1353
1457 1355
1458 1355
1459 1354
1460 1356
1461 1356
1462 1354
1463 1358
1464 1356
1465 1356
1466 1356
1467 1357
1468 1357
1469 1357
1470 1355
1471 1355
1472 1355
1473 1356
1474 1353
1475 1359
1476 1354
1477 1356
1478 1353
1479 1356
1480 1355
1481 1355
1482 1356
1483 1353
1484 1357
1485 1355
1486 1355
1487 1355
1488 1356
1489 1357
1490 1356
1491 1356
1492 1357
1493 1360
1494 1357
1495 1356
1496 1358
1497 1357
1498 1359
1499 1356
1500 1356
1501 1358
1502 1356
1503 1356
1504 1354
1505 1355
1506 1354
1507 1357
1508 1357
1509 1356
1510 1355
1511 1357
1512 1357
1513 1358
1514 1354
1515 1359
1516 1361
1517 1359
1518 1355
1519 1357
1520 1357
1521 1358
1522 1357
1523 1355
1524 1354
1525 1356
1526 1357
1527 1357
1528 1357
1529 1358
1530 1358
1531 1358
1532 1354
1533 1356
1534 1354
1535 1357
1536 1357
1537 1358
1538 1357
1539 1356
1540 1355
1541 1359
1542 1356
1543 1357
1544 1358
1545 1361
1546 1357
1547 1361
1548 1357
1549 1358
1550 1359
1551 1361
1552 1358
1553 1353
1554 1353
1555 1356
1556 1355
1557 1357
1558 1356
1559 1357
1560 1357
1561 1359
1562 1357
1563 1354
1564 1356
1565 1355
1566 1356
1567 1357
1568 1354
1569 1357
1570 1358
1571 1357
1572 1358
1573 1356
1574 1357
1575 1358
1576 1358
1577 1358
1578 1355
1579 1358
1580 1359
1581 1360
1582 1357
1583 1358
1584 1356
1585 1356
1586 1357
1587 1356
1588 1357
1589 1360
1590 1355
1591 1357
1592 1353
1593 1356
1594 1357
1595 1359
1596 1356
1597 1359
1598 1358
1599 1355
1600 1356
1601 1355
1602 1355
1603 1356
1604 1354
1605 1360
1606 1355
1607 1357
1608 1355
1609 1358
1610 1357
1611 1357
1612 1356
1613 1359
1614 1357
1615 1358
1616 1357
1617 1357
1618 1354
1619 1356
1620 1357
1621 1357
1622 1355
1623 1356
1624 1357
1625 1357
1626 1358
1627 1353
1628 1355
1629 1358
1630 1357
1631 1358
1632 1359
1633 1356
1634 1358
1635 1358
1636 1359
1637 1356
1638 1357
1639 1356
1640 1360
1641 1356
1642 1356
1643 1358
1644 1356
1645 1357
1646 1356
1647 1355
1648 1354
1649 1358
1650 1356
1651 1358
1652 1356
1653 1357
1654 1358
1655 1357
1656 1356
1657 1356
1658 1357
1659 1358
1660 1356
1661 1357
1662 1356
1663 1356
1664 1356
1665 1355
1666 1355
1667 1356
1668 1356
1669 1357
1670 1357
1671 1358
1672 1355
1673 1360
1674 1360
1675 1356
1676 1358
1677 1357
1678 1361
1679 1358
1680 1356
1681 1356
1682 1354
1683 1356
1684 1356
1685 1358
1686 1356
1687 1355
1688 1356
1689 1356
1690 1355
1691 1354
1692 1355
1693 1358
1694 1356
1695 1355
1696 1352
1697 1359
1698 1357
1699 1355
1700 1355
1701 1356
1702 1357
1703 1357
1704 1354
1705 1356
1706 1354
1707 1357
1708 1357
1709 1354
1710 1354
1711 1356
1712 1355
1713 1355
1714 1357
1715 1355
1716 1356
1717 1356
1718 1353
1719 1357
1720 1356
1721 1356
1722 1355
1723 1356
1724 1355
1725 1356
1726 1357
1727 1359
1728 1356
1729 1358
1730 1355
1731 1356
1732 1356
1733 1357
1734 1356
1735 1357
1736 1355
1737 1356
1738 1353
1739 1355
1740 1358
1741 1359
1742 1357
1743 1355
1744 1359
1745 1357
1746 1356
1747 1355
1748 1354
1749 1354
1750 1354
1751 1356
1752 1354
1753 1357
1754 1353
1755 1358
1756 1357
1757 1357
1758 1355
1759 1357
1760 1356
1761 1357
1762 1356
1763 1360
1764 1359
1765 1359
1766 1357
1767 1356
1768 1358
1769 1359
1770 1360
1771 1358
1772 1356
1773 1358
1774 1352
1775 1356
1776 1357
1777 1357
1778 1357
1779 1359
1780 1357
1781 1357
1782 1357
1783 1358
1784 1354
1785 1358
1786 1355
1787 1360
1788 1355
1789 1358
1790 1352
1791 1356
1792 1359
1793 1356
1794 1355
1795 1359
1796 1356
1797 1358
1798 1355
1799 1359
1800 1359
1801 1360
1802 1355
1803 1359
1804 1355
1805 1360
1806 1357
1807 1359
1808 1357
1809 1357
1810 1357
1811 1359
1812 1354
1813 1358
1814 1354
1815 1359
1816 1357
1817 1360
1818 1359
1819 1358
1820 1357
1821 1360
1822 1359
1823 1359
1824 1356
1825 1356
1826 1355
1827 1356
1828 1357
1829 1356
1830 1360
1831 1357
1832 1355
1833 1359
1834 1357
1835 1358
1836 1355
1837 1360
1838 1355
1839 1356
1840 1354
1841 1356
1842 1358
1843 1358
1844 1357
1845 1358
1846 1358
1847 1358
1848 1357
1849 1357
1850 1359
1851 1359
1852 1355
1853 1358
1854 1357
1855 1357
1856 1356
1857 1356
1858 1356
1859 1358
1860 1357
1861 1355
1862 1356
1863 1358
1864 1355
1865 1357
1866 1355
1867 1356
1868 1355
1869 1356
1870 1354
1871 1355
1872 1357
1873 1357
1874 1355
1875 1359
1876 1355
1877 1359
1878 1355
1879 1359
1880 1354
1881 1357
1882 1357
1883 1358
1884 1356
1885 1356
1886 1354
1887 1358
1888 1357
1889 1357
1890 1356
1891 1355
1892 1353
1893 1359
1894 1356
1895 1357
1896 1356
1897 1359
1898 1356
1899 1355
1900 1356
1901 1358
1902 1355
1903 1355
1904 1353
1905 1356
1906 1358
1907 1357
1908 1358
1909 1358
1910 1358
1911 1361
1912 1356
1913 1356
1914 1357
1915 1357
1916 1357
1917 1356
1918 1357
1919 1359
1920 1355
1921 1357
1922 1355
1923 1357
1924 1356
1925 1356
1926 1355
1927 1355
1928 1356
1929 1359
1930 1358
1931 1360
1932 1358
1933 1358
1934 1357
1935 1355
1936 1357
1937 1357
1938 1357
1939 1357
1940 1356
1941 1359
1942 1356
1943 1359
1944 1357
1945 1359
1946 1358
1947 1358
1948 1354
1949 1354
1950 1357
1951 1358
1952 1360
1953 1356
1954 1357
1955 1357
1956 1355
1957 1355
1958 1352
1959 1359
1960 1358
1961 1358
1962 1356
1963 1357
1964 1358
1965 1357
1966 1356
1967 1357
1968 1353
1969 1356
1970 1354
1971 1357
1972 1357
1973 1356
1974 1357
1975 1356
1976 1358
1977 1359
1978 1357
1979 1356
1980 1357
1981 1358
1982 1357
1983 1358
1984 1354
1985 1354
1986 1354
1987 1358
1988 1357
1989 1357
1990 1355
1991 1357
1992 1355
1993 1357
1994 1357
1995 1357
1996 1356
1997 1358
1998 1357
1999 1356
2000 1353
2001 1356
2002 1356
2003 1359
2004 1357
2005 1357
2006 1357
2007 1359
2008 1358
2009 1355
2010 1356
2011 1357
2012 1356
2013 1357
2014 1355
2015 1358
2016 1354
2017 1355
2018 1355
2019 1357
2020 1357
2021 1355
2022 1356
2023 1356
2024 1354
2025 1356
2026 1358
2027 1354
2028 1357
2029 1360
2030 1359
2031 1354
2032 1358
2033 1358
2034 1358
2035 1358
2036 1356
2037 1356
2038 1356
2039 1356
2040 1357
2041 1356
2042 1357
2043 1358
2044 1353
2045 1356
2046 1355
2047 1355
2048 1354
2049 1355
2050 1357
2051 1357
2052 1359
2053 1358
2054 1355
2055 1357
2056 1357
2057 1356
2058 1356
2059 1357
2060 1357
2061 1358
2062 1356
2063 1356
2064 1359
2065 1357
2066 1358
2067 1356
2068 1356
2069 1357
2070 1356
2071 1357
2072 1358
2073 1356
2074 1358
2075 1357
2076 1356
2077 1356
2078 1357
2079 1356
2080 1358
2081 1357
2082 1355
2083 1356
2084 1356
2085 1356
2086 1358
2087 1357
2088 1355
2089 1357
2090 1357
2091 1357
2092 1359
2093 1356
2094 1355
2095 1358
2096 1356
2097 1356
2098 1355
2099 1356
2100 1354
2101 1358
2102 1358
2103 1357
2104 1357
2105 1357
2106 1353
2107 1356
2108 1357
2109 1356
2110 1354
2111 1356
2112 1357
2113 1355
2114 1359
2115 1357
2116 1357
2117 1355
2118 1353
2119 1354
2120 1356
2121 1360
2122 1356
2123 1358
2124 1356
2125 1357
2126 1356
2127 1356
2128 1354
2129 1355
2130 1354
2131 1357
2132 1356
2133 1356
2134 1359
2135 1357
2136 1357
2137 1357
2138 1356
2139 1356
2140 1355
2141 1356
2142 1357
2143 1355
2144 1354
2145 1357
2146 1355
2147 1355
2148 1353
2149 1356
2150 1357
2151 1356
2152 1357
2153 1358
2154 1355
2155 1357
2156 1359
2157 1358
2158 1359
2159 1360
2160 1357
2161 1356
2162 1355
2163 1355
2164 1357
2165 1357
2166 1357
2167 1356
2168 1356
2169 1355
2170 1356
2171 1358
2172 1358
2173 1357
2174 1353
2175 1354
2176 1355
2177 1356
2178 1356
2179 1358
2180 1359
2181 1355
2182 1358
2183 1356
2184 1356
2185 1355
2186 1357
2187 1356
2188 1357
2189 1354
2190 1354
2191 1356
2192 1358
2193 1357
2194 1357
2195 1358
2196 1356
2197 1358
2198 1356
2199 1357
2200 1356
2201 1356
2202 1357
2203 1359
2204 1356
2205 1353
2206 1355
2207 1354
2208 1355
2209 1355
2210 1359
2211 1358
2212 1357
2213 1357
2214 1355
2215 1357
2216 1355
2217 1354
2218 1356
2219 1356
2220 1356
2221 1358
2222 1355
2223 1356
2224 1356
2225 1356
2226 1355
2227 1354
2228 1357
2229 1357
2230 1358
2231 1356
2232 1358
2233 1357
2234 1357
2235 1358
2236 1358
2237 1358
2238 1356
2239 1357
2240 1359
2241 1359
2242 1360
2243 1360
2244 1357
2245 1358
2246 1355
2247 1356
2248 1357
2249 1356
2250 1357
2251 1358
2252 1355
2253 1359
2254 1355
2255 1356
2256 1357
2257 1358
2258 1355
2259 1357
2260 1356
2261 1356
2262 1356
2263 1356
2264 1356
2265 1355
2266 1355
2267 1354
2268 1358
2269 1358
2270 1359
2271 1358
2272 1358
2273 1359
2274 1356
2275 1355
2276 1354
2277 1356
2278 1357
2279 1358
2280 1356
2281 1358
2282 1359
2283 1358
2284 1358
2285 1358
2286 1358
2287 1358
2288 1355
2289 1353
2290 1357
2291 1356
2292 1356
2293 1357
2294 1357
2295 1354
2296 1356
2297 1357
2298 1357
2299 1357
2300 1357
2301 1355
2302 1356
2303 1355
2304 1353
2305 1356
2306 1354
2307 1355
2308 1355
2309 1356
2310 1357
2311 1359
2312 1359
2313 1356
2314 1355
2315 1356
2316 1358
2317 1356
2318 1358
2319 1356
2320 1356
2321 1356
2322 1357
2323 1356
2324 1357
2325 1355
2326 1355
2327 1353
2328 1355
2329 1356
2330 1356
2331 1354
2332 1356
2333 1353
2334 1356
2335 1355
2336 1356
2337 1356
2338 1355
2339 1357
2340 1360
2341 1356
2342 1357
2343 1355
2344 1358
2345 1358
2346 1358
2347 1357
2348 1357
2349 1355
2350 1357
2351 1356
2352 1354
2353 1354
2354 1357
2355 1358
2356 1356
2357 1354
2358 1353
2359 1356
2360 1357
2361 1355
2362 1358
2363 1352
2364 1357
2365 1355
2366 1356
2367 1357
2368 1355
2369 1360
2370 1359
2371 1357
2372 1358
2373 1359
2374 1359
2375 1355
2376 1357
2377 1356
2378 1358
2379 1357
2380 1356
2381 1356
2382 1358
2383 1356
2384 1358
2385 1355
2386 1356
2387 1356
2388 1356
2389 1354
2390 1358
2391 1357
2392 1355
2393 1356
2394 1357
2395 1353
2396 1357
2397 1357
2398 1358
2399 1356
2400 1359
2401 1355
2402 1355
2403 1358
2404 1356
2405 1356
2406 1355
2407 1357
2408 1357
2409 1357
2410 1356
2411 1355
2412 1357
2413 1356
2414 1356
2415 1354
2416 1353
2417 1354
2418 1356
2419 1356
2420 1357
2421 1356
2422 1358
2423 1354
2424 1355
2425 1355
2426 1358
2427 1356
2428 1356
2429 1357
2430 1358
2431 1356
2432 1357
2433 1355
2434 1359
2435 1356
2436 1358
2437 1357
2438 1357
2439 1357
2440 1357
2441 1356
2442 1358
2443 1358
2444 1359
2445 1357
2446 1357
2447 1355
2448 1358
2449 1359
2450 1359
2451 1355
2452 1354
2453 1357
2454 1356
2455 1358
2456 1355
2457 1357
2458 1356
2459 1358
2460 1358
2461 1360
2462 1356
2463 1356
2464 1355
2465 1356
2466 1355
2467 1359
2468 1359
2469 1358
2470 1356
2471 1357
2472 1357
2473 1356
2474 1356
2475 1358
2476 1356
2477 1356
2478 1356
2479 1357
2480 1357
2481 1357
2482 1356
2483 1359
2484 1360
2485 1358
2486 1359
2487 1354
2488 1354
2489 1356
2490 1354
2491 1355
2492 1359
2493 1357
2494 1355
2495 1358
2496 1356
2497 1356
2498 1354
2499 1355
2500 1357
2501 1360
2502 1357
2503 1357
2504 1355
2505 1358
2506 1354
2507 1355
2508 1355
2509 1355
2510 1354
2511 1356
2512 1354
2513 1358
2514 1357
2515 1355
2516 1357
2517 1356
2518 1355
2519 1355
2520 1356
2521 1357
2522 1357
2523 1356
2524 1355
2525 1358
2526 1355
2527 1356
2528 1355
2529 1358
2530 1360
2531 1358
2532 1357
2533 1358
2534 1357
2535 1359
2536 1358
2537 1360
2538 1357
2539 1355
2540 1355
2541 1356
2542 1356
2543 1357
2544 1358
2545 1357
2546 1357
2547 1356
2548 1354
2549 1355
2550 1357
2551 1360
2552 1358
2553 1358
2554 1356
2555 1359
2556 1356
2557 1356
2558 1355
2559 1357
2560 1358
2561 1359
2562 1357
2563 1358
2564 1359
2565 1357
2566 1356
2567 1358
2568 1354
2569 1358
2570 1355
2571 1355
2572 1357
2573 1356
2574 1358
2575 1359
2576 1359
2577 1357
2578 1358
2579 1358
2580 1356
2581 1357
2582 1356
2583 1357
2584 1357
2585 1358
2586 1358
2587 1357
2588 1355
2589 1361
2590 1360
2591 1359
2592 1356
2593 1354
2594 1358
2595 1354
2596 1357
2597 1355
2598 1354
2599 1358
2600 1356
2601 1356
2602 1352
2603 1356
2604 1356
2605 1356
2606 1357
2607 1358
2608 1356
2609 1355
2610 1357
2611 1356
2612 1356
2613 1356
2614 1356
2615 1354
2616 1358
2617 1357
2618 1356
2619 1358
2620 1358
2621 1358
2622 1356
2623 1353
2624 1355
2625 1355
2626 1356
2627 1356
2628 1351
2629 1355
2630 1354
2631 1356
2632 1356
2633 1355
2634 1357
2635 1357
2636 1356
2637 1356
2638 1355
2639 1356
2640 1353
2641 1357
2642 1358
2643 1356
2644 1357
2645 1355
2646 1354
2647 1358
2648 1355
2649 1360
2650 1356
2651 1357
2652 1356
2653 1357
2654 1355
2655 1356
2656 1356
2657 1356
2658 1355
2659 1356
2660 1354
2661 1355
2662 1355
2663 1356
2664 1356
2665 1357
2666 1355
2667 1355
2668 1357
2669 1356
2670 1356
2671 1356
2672 1358
2673 1357
2674 1355
2675 1355
2676 1355
2677 1355
2678 1356
2679 1356
2680 1353
2681 1355
2682 1354
2683 1357
2684 1357
2685 1356
2686 1356
2687 1357
2688 1354
2689 1355
2690 1356
2691 1358
2692 1357
2693 1358
2694 1357
2695 1359
2696 1358
2697 1357
2698 1357
2699 1356
2700 1357
2701 1358
2702 1357
2703 1355
2704 1355
2705 1356
2706 1357
2707 1359
2708 1356
2709 1357
2710 1358
2711 1359
2712 1357
2713 1355
2714 1352
2715 1356
2716 1357
2717 1358
2718 1356
2719 1356
2720 1356
2721 1356
2722 1356
2723 1359
2724 1355
2725 1356
2726 1357
2727 1357
2728 1355
2729 1357
2730 1354
2731 1356
2732 1352
2733 1356
2734 1357
2735 1357
2736 1358
2737 1356
2738 1356
2739 1356
2740 1357
2741 1358
2742 1354
2743 1358
2744 1355
2745 1359
2746 1356
2747 1354
2748 1355
2749 1358
2750 1360
2751 1357
2752 1358
2753 1359
2754 1357
2755 1356
2756 1356
2757 1357
2758 1357
2759 1356
2760 1355
2761 1357
2762 1358
2763 1357
2764 1357
2765 1354
2766 1357
2767 1357
2768 1354
2769 1356
2770 1356
2771 1358
2772 1356
2773 1354
2774 1353
2775 1355
2776 1358
2777 1357
2778 1354
2779 1355
2780 1357
2781 1357
2782 1353
2783 1355
2784 1351
2785 1356
2786 1354
2787 1355
2788 1357
2789 1355
2790 1355
2791 1354
2792 1352
2793 1358
2794 1357
2795 1356
2796 1357
2797 1357
2798 1357
2799 1355
2800 1357
2801 1356
2802 1354
2803 1358
2804 1357
2805 1356
2806 1354
2807 1354
2808 1352
2809 1357
2810 1360
2811 1358
2812 1355
2813 1356
2814 1354
2815 1354
2816 1355
2817 1354
2818 1356
2819 1355
2820 1357
2821 1358
2822 1357
2823 1356
2824 1357
2825 1355
2826 1355
2827 1355
2828 1359
2829 1358
2830 1357
2831 1357
2832 1356
2833 1355
2834 1357
2835 1357
2836 1358
2837 1357
2838 1357
2839 1357
2840 1355
2841 1355
2842 1356
2843 1357
2844 1355
2845 1356
2846 1355
2847 1354
2848 1354
2849 1356
2850 1355
2851 1358
2852 1358
2853 1358
2854 1356
2855 1357
2856 1357
2857 1354
2858 1355
2859 1356
2860 1355
2861 1357
2862 1356
2863 1359
2864 1356
2865 1358
2866 1357
2867 1356
2868 1356
2869 1356
2870 1356
2871 1357
2872 1356
2873 1357
2874 1354
2875 1354
2876 1357
2877 1354
2878 1354
2879 1356
2880 1355
2881 1358
2882 1357
2883 1356
2884 1357
2885 1356
2886 1359
2887 1358
2888 1357
2889 1355
2890 1354
2891 1355
2892 1355
2893 1356
2894 1355
2895 1356
2896 1356
2897 1354
2898 1354
2899 1355
2900 1355
2901 1357
2902 1355
2903 1357
2904 1354
2905 1356
2906 1354
2907 1355
2908 1353
2909 1356
2910 1359
2911 1356
2912 1354
2913 1356
2914 1356
2915 1356
2916 1356
2917 1355
2918 1355
2919 1353
2920 1354
2921 1355
2922 1355
2923 1355
2924 1355
2925 1358
2926 1356
2927 1356
2928 1359
2929 1356
2930 1357
2931 1358
2932 1357
2933 1356
2934 1354
2935 1356
2936 1356
2937 1353
2938 1351
2939 1354
2940 1358
2941 1355
2942 1353
2943 1357
2944 1355
2945 1355
2946 1356
2947 1356
2948 1355
2949 1355
2950 1355
2951 1354
2952 1354
2953 1356
2954 1355
2955 1355
2956 1358
2957 1359
2958 1357
2959 1354
2960 1358
2961 1355
2962 1354
2963 1354
2964 1355
2965 1358
2966 1352
2967 1355
2968 1355
2969 1358
2970 1358
2971 1358
2972 1356
2973 1355
2974 1357
2975 1357
2976 1356
2977 1355
2978 1358
2979 1355
2980 1357
2981 1355
2982 1359
2983 1358
2984 1357
2985 1354
2986 1356
2987 1354
2988 1356
2989 1357
2990 1353
2991 1356
2992 1357
2993 1356
2994 1354
2995 1354
2996 1352
2997 1355
2998 1351
2999 1354
3000 1357
3001 1356
3002 1354
3003 1354
3004 1354
3005 1357
3006 1358
3007 1356
3008 1356
3009 1354
3010 1355
3011 1354
3012 1359
3013 1355
3014 1356
3015 1356
3016 1356
3017 1356
3018 1357
3019 1355
3020 1355
3021 1356
3022 1357
3023 1359
3024 1358
3025 1355
3026 1354
3027 1358
3028 1356
3029 1355
3030 1355
3031 1357
3032 1355
3033 1355
3034 1354
3035 1357
3036 1362
3037 1357
3038 1354
3039 1355
3040 1356
3041 1357
3042 1357
3043 1355
3044 1357
3045 1357
3046 1356
3047 1357
3048 1356
3049 1358
3050 1354
3051 1357
3052 1354
3053 1356
3054 1355
3055 1356
3056 1355
3057 1356
3058 1358
3059 1354
3060 1353
3061 1355
3062 1355
3063 1357
3064 1355
3065 1357
3066 1354
3067 1356
3068 1356
3069 1356
3070 1355
3071 1357
3072 1358
3073 1356
3074 1357
3075 1356
3076 1356
3077 1359
3078 1357
3079 1357
3080 1357
3081 1357
3082 1357
3083 1357
3084 1357
3085 1358
3086 1358
3087 1357
3088 1357
3089 1357
3090 1357
3091 1358
3092 1357
3093 1357
3094 1353
3095 1354
3096 1357
3097 1359
3098 1355
3099 1358
3100 1360
3101 1359
3102 1356
3103 1358
3104 1357
3105 1356
3106 1356
3107 1356
3108 1358
3109 1357
3110 1355
3111 1356
3112 1356
3113 1357
3114 1357
3115 1359
3116 1359
3117 1359
3118 1357
3119 1358
3120 1354
3121 1355
3122 1355
3123 1356
3124 1356
3125 1356
3126 1356
3127 1357
3128 1355
3129 1355
3130 1360
3131 1360
3132 1356
3133 1356
3134 1357
3135 1355
3136 1356
3137 1356
3138 1356
3139 1357
3140 1358
3141 1356
3142 1357
3143 1357
3144 1355
3145 1355
3146 1356
3147 1356
3148 1354
3149 1355
3150 1357
3151 1356
3152 1357
3153 1357
3154 1355
3155 1356
3156 1355
3157 1357
3158 1355
3159 1357
3160 1359
3161 1358
3162 1355
3163 1356
3164 1357
3165 1356
3166 1355
3167 1357
3168 1358
3169 1357
3170 1355
3171 1355
3172 1355
3173 1357
3174 1355
3175 1354
3176 1354
3177 1356
3178 1356
3179 1357
3180 1352
3181 1356
3182 1355
3183 1357
3184 1358
3185 1356
3186 1354
3187 1356
3188 1355
3189 1357
3190 1358
3191 1356
3192 1357
3193 1357
3194 1357
3195 1358
3196 1357
3197 1356
3198 1357
3199 1356
3200 1356
3201 1357
3202 1357
3203 1356
3204 1357
3205 1356
3206 1357
3207 1354
3208 1356
3209 1358
3210 1356
3211 1357
3212 1356
3213 1356
3214 1359
3215 1356
3216 1356
3217 1356
3218 1357
3219 1358
3220 1357
3221 1356
3222 1356
3223 1358
3224 1357
3225 1358
3226 1355
3227 1357
3228 1356
3229 1359
3230 1358
3231 1355
3232 1356
3233 1358
3234 1358
3235 1356
3236 1356
3237 1358
3238 1358
3239 1360
3240 1356
3241 1356
3242 1355
3243 1353
3244 1357
3245 1357
3246 1358
3247 1357
3248 1356
3249 1359
3250 1356
3251 1360
3252 1358
3253 1357
3254 1355
3255 1356
3256 1357
3257 1357
3258 1354
3259 1354
3260 1358
3261 1357
3262 1358
3263 1358
3264 1356
3265 1357
3266 1356
3267 1356
3268 1357
3269 1358
3270 1356
3271 1357
3272 1355
3273 1357
3274 1355
3275 1356
3276 1355
3277 1356
3278 1355
3279 1355
3280 1357
3281 1357
3282 1357
3283 1358
3284 1356
3285 1356
3286 1354
3287 1357
3288 1356
3289 1357
3290 1357
3291 1359
3292 1359
3293 1356
3294 1355
3295 1357
3296 1357
3297 1357
3298 1357
3299 1357
3300 1356
3301 1355
3302 1355
3303 1359
3304 1354
3305 1355
3306 1358
3307 1355
3308 1357
3309 1355
3310 1356
3311 1357
3312 1355
3313 1360
3314 1353
3315 1355
3316 1357
3317 1356
3318 1355
3319 1356
3320 1356
3321 1359
3322 1357
3323 1354
3324 1357
3325 1357
3326 1354
3327 1356
3328 1357
3329 1358
3330 1355
3331 1356
3332 1356
3333 1356
3334 1359
3335 1357
3336 1355
3337 1354
3338 1357
3339 1354
3340 1357
3341 1356
3342 1357
3343 1356
3344 1356
3345 1356
3346 1356
3347 1355
3348 1355
3349 1356
3350 1359
3351 1358
3352 1359
3353 1360
3354 1357
3355 1358
3356 1357
3357 1355
3358 1357
3359 1354
3360 1354
3361 1358
3362 1357
3363 1359
3364 1360
3365 1358
3366 1355
3367 1355
3368 1356
3369 1356
3370 1356
3371 1354
3372 1356
3373 1356
3374 1357
3375 1357
3376 1357
3377 1355
3378 1356
3379 1356
3380 1357
3381 1356
3382 1357
3383 1358
3384 1357
3385 1356
3386 1359
3387 1356
3388 1357
3389 1356
3390 1355
3391 1356
3392 1356
3393 1354
3394 1356
3395 1355
3396 1357
3397 1357
3398 1357
3399 1359
3400 1357
3401 1357
3402 1357
3403 1357
3404 1354
3405 1355
3406 1357
3407 1357
3408 1358
3409 1357
3410 1356
3411 1358
3412 1355
3413 1358
3414 1356
3415 1356
3416 1356
3417 1355
3418 1356
3419 1356
3420 1361
3421 1358
3422 1356
3423 1356
3424 1356
3425 1356
3426 1355
3427 1356
3428 1353
3429 1356
3430 1355
3431 1355
3432 1352
3433 1356
3434 1358
3435 1358
3436 1356
3437 1355
3438 1354
3439 1356
3440 1358
3441 1357
3442 1358
3443 1358
3444 1357
3445 1356
3446 1358
3447 1355
3448 1357
3449 1354
3450 1357
3451 1358
3452 1358
3453 1353
3454 1357
3455 1356
3456 1357
3457 1354
3458 1355
3459 1356
3460 1357
3461 1356
3462 1356
3463 1356
3464 1358
3465 1356
3466 1355
3467 1357
3468 1358
3469 1357
3470 1355
3471 1357
3472 1358
3473 1357
3474 1361
3475 1359
3476 1357
3477 1356
3478 1354
3479 1356
3480 1359
3481 1357
3482 1356
3483 1356
3484 1357
3485 1354
3486 1357
3487 1355
3488 1355
3489 1354
3490 1356
3491 1355
3492 1353
3493 1356
3494 1357
3495 1355
3496 1357
3497 1355
3498 1360
3499 1355
3500 1359
3501 1358
3502 1357
3503 1359
3504 1361
3505 1356
3506 1356
3507 1353
3508 1355
3509 1358
3510 1360
3511 1359
3512 1356
3513 1354
3514 1355
3515 1354
3516 1355
3517 1357
3518 1356
3519 1356
3520 1357
3521 1356
3522 1354
3523 1357
3524 1357
3525 1356
3526 1356
3527 1357
3528 1355
3529 1358
3530 1358
3531 1357
3532 1357
3533 1357
3534 1354
3535 1357
3536 1356
3537 1355
3538 1356
3539 1356
3540 1357
3541 1353
3542 1353
3543 1357
3544 1358
3545 1358
3546 1357
3547 1358
3548 1356
3549 1357
3550 1357
3551 1354
3552 1356
3553 1355
3554 1357
3555 1358
3556 1354
3557 1357
3558 1355
3559 1353
3560 1355
3561 1355
3562 1357
3563 1355
3564 1355
3565 1357
3566 1356
3567 1354
3568 1353
3569 1357
3570 1361
3571 1356
3572 1354
3573 1355
3574 1356
3575 1355
3576 1357
3577 1357
3578 1358
3579 1353
3580 1356
3581 1353
3582 1356
3583 1354
3584 1354
3585 1355
3586 1357
3587 1358
3588 1357
3589 1353
3590 1356
3591 1354
3592 1357
3593 1355
3594 1353
3595 1355
3596 1357
3597 1356
3598 1355
3599 1355
3600 1356
3601 1354
3602 1357
3603 1358
3604 1357
3605 1357
3606 1357
3607 1354
3608 1356
3609 1353
3610 1356
3611 1357
3612 1359
3613 1358
3614 1356
3615 1356
3616 1355
3617 1355
3618 1355
3619 1357
3620 1355
3621 1356
3622 1357
3623 1354
3624 1357
3625 1355
3626 1359
3627 1356
3628 1356
3629 1357
3630 1357
3631 1357
3632 1356
3633 1356
3634 1356
3635 1357
3636 1355
3637 1354
3638 1352
3639 1357
3640 1359
3641 1357
3642 1356
3643 1357
3644 1354
3645 1356
3646 1358
3647 1356
3648 1356
3649 1354
3650 1357
3651 1356
3652 1356
3653 1357
3654 1357
3655 1358
3656 1357
3657 1356
3658 1357
3659 1356
3660 1355
3661 1356
3662 1356
3663 1353
3664 1357
3665 1358
3666 1357
3667 1355
3668 1357
3669 1356
3670 1358
3671 1358
3672 1357
3673 1357
3674 1358
3675 1355
3676 1356
3677 1355
3678 1357
3679 1356
3680 1357
3681 1356
3682 1356
3683 1356
3684 1356
3685 1355
3686 1354
3687 1355
3688 1356
3689 1356
3690 1356
3691 1358
3692 1356
3693 1355
3694 1355
3695 1356
3696 1356
3697 1355
3698 1351
3699 1353
3700 1357
3701 1357
3702 1356
3703 1356
3704 1354
3705 1355
3706 1354
3707 1352
3708 1358
3709 1355
3710 1357
3711 1358
3712 1357
3713 1356
3714 1361
3715 1356
3716 1360
3717 1356
3718 1358
3719 1360
3720 1358
3721 1356
3722 1357
3723 1354
3724 1357
3725 1355
3726 1359
3727 1359
3728 1357
3729 1356
3730 1356
3731 1358
3732 1357
3733 1357
3734 1355
3735 1358
3736 1358
3737 1358
3738 1356
3739 1355
3740 1356
3741 1356
3742 1357
3743 1359
3744 1357
3745 1358
3746 1357
3747 1355
3748 1355
3749 1356
3750 1355
3751 1359
3752 1358
3753 1356
3754 1357
3755 1355
3756 1355
3757 1358
3758 1354
3759 1356
3760 1358
3761 1358
3762 1355
3763 1356
3764 1357
3765 1357
3766 1356
3767 1357
3768 1358
3769 1356
3770 1357
3771 1356
3772 1359
3773 1356
3774 1356
3775 1356
3776 1357
3777 1359
3778 1357
3779 1359
3780 1357
3781 1355
3782 1357
3783 1355
3784 1357
3785 1356
3786 1356
3787 1357
3788 1357
3789 1356
3790 1355
3791 1357
3792 1355
3793 1356
3794 1357
3795 1355
3796 1357
3797 1353
3798 1354
3799 1357
3800 1357
3801 1356
3802 1356
3803 1357
3804 1356
3805 1356
3806 1356
3807 1357
3808 1356
3809 1358
3810 1357
3811 1358
3812 1359
3813 1358
3814 1359
3815 1358
3816 1355
3817 1356
3818 1356
3819 1355
3820 1354
3821 1356
3822 1357
3823 1356
3824 1355
3825 1357
3826 1355
3827 1356
3828 1353
3829 1356
3830 1357
3831 1357
3832 1356
3833 1358
3834 1357
3835 1359
3836 1360
3837 1358
3838 1355
3839 1357
3840 1356
3841 1359
3842 1354
3843 1356
3844 1359
3845 1359
3846 1357
3847 1357
3848 1356
3849 1356
3850 1356
3851 1356
3852 1355
3853 1358
3854 1356
3855 1356
3856 1360
3857 1356
3858 1355
3859 1356
3860 1358
3861 1357
3862 1356
3863 1356
3864 1356
3865 1357
3866 1358
3867 1357
3868 1356
3869 1357
3870 1355
3871 1358
3872 1355
3873 1353
3874 1356
3875 1357
3876 1353
3877 1355
3878 1352
3879 1358
3880 1355
3881 1356
3882 1355
3883 1356
3884 1357
3885 1357
3886 1357
3887 1355
3888 1356
3889 1358
3890 1357
3891 1358
3892 1354
3893 1355
3894 1356
3895 1356
3896 1355
3897 1356
3898 1354
3899 1355
3900 1356
3901 1356
3902 1356
3903 1356
3904 1354
3905 1358
3906 1357
3907 1356
3908 1357
3909 1354
3910 1354
3911 1356
3912 1357
3913 1358
3914 1357
3915 1357
3916 1355
3917 1355
3918 1357
3919 1357
3920 1358
3921 1357
3922 1354
3923 1357
3924 1354
3925 1354
3926 1356
3927 1356
3928 1356
3929 1355
3930 1357
3931 1356
3932 1355
3933 1356
3934 1356
3935 1358
3936 1357
3937 1355
3938 1357
3939 1357
3940 1354
3941 1357
3942 1357
3943 1356
3944 1357
3945 1357
3946 1354
3947 1354
3948 1352
3949 1355
3950 1358
3951 1357
3952 1355
3953 1359
3954 1357
3955 1359
3956 1360
3957 1359
3958 1358
3959 1356
3960 1357
3961 1357
3962 1356
3963 1356
3964 1356
3965 1356
3966 1357
3967 1355
3968 1356
3969 1354
3970 1357
3971 1356
3972 1356
3973 1356
3974 1355
3975 1355
3976 1353
3977 1357
3978 1358
3979 1357
3980 1356
3981 1356
3982 1356
3983 1356
3984 1356
3985 1357
3986 1358
3987 1358
3988 1356
3989 1354
3990 1358
3991 1356
3992 1357
3993 1355
3994 1356
3995 1356
3996 1360
3997 1358
3998 1356
3999 1356
