0 1354
1 1354
2 1354
3 1351
4 1353
5 1357
6 1355
7 1355
8 1355
9 1355
10 1353
11 1354
12 1352
13 1354
14 1356
15 1354
16 1357
17 1353
18 1354
19 1354
20 1354
21 1352
22 1354
23 1350
24 1353
25 1352
26 1354
27 1353
28 1354
29 1353
30 1353
31 1354
32 1355
33 1352
34 1353
35 1355
36 1351
37 1351
38 1354
39 1352
40 1355
41 1352
42 1355
43 1354
44 1355
45 1354
46 1353
47 1356
48 1354
49 1355
50 1355
51 1354
52 1353
53 1354
54 1353
55 1352
56 1353
57 1351
58 1354
59 1357
60 1356
61 1353
62 1357
63 1353
64 1356
65 1354
66 1352
67 1353
68 1355
69 1354
70 1356
71 1355
72 1354
73 1355
74 1353
75 1354
76 1354
77 1353
78 1356
79 1353
80 1356
81 1354
82 1356
83 1354
84 1354
85 1354
86 1356
87 1353
88 1353
89 1352
90 1357
91 1353
92 1353
93 1353
94 1355
95 1357
96 1356
97 1354
98 1356
99 1355
100 1357
101 1353
102 1356
103 1355
104 1353
105 1356
106 1356
107 1354
108 1355
109 1355
110 1356
111 1358
112 1358
113 1356
114 1356
115 1353
116 1358
117 1354
118 1354
119 1355
120 1354
121 1356
122 1356
123 1354
124 1356
125 1355
126 1357
127 1354
128 1353
129 1356
130 1356
131 1356
132 1356
133 1354
134 1355
135 1354
136 1356
137 1355
138 1359
139 1356
140 1357
141 1356
142 1354
143 1354
144 1354
145 1357
146 1358
147 1357
148 1356
149 1355
150 1355
151 1355
152 1355
153 1354
154 1355
155 1355
156 1355
157 1356
158 1356
159 1353
160 1355
161 1356
162 1355
163 1356
164 1356
165 1357
166 1354
167 1356
168 1355
169 1355
170 1356
171 1353
172 1357
173 1355
174 1356
175 1354
176 1351
177 1353
178 1355
179 1356
180 1355
181 1354
182 1352
183 1352
184 1354
185 1353
186 1355
187 1355
188 1349
189 1354
190 1356
191 1354
192 1353
193 1354
194 1355
195 1357
196 1357
197 1355
198 1355
199 1356
200 1356
201 1355
202 1355
203 1352
204 1356
205 1355
206 1355
207 1354
208 1355
209 1353
210 1353
211 1354
212 1355
213 1353
214 1353
215 1354
216 1354
217 1356
218 1356
219 1358
220 1352
221 1354
222 1355
223 1352
224 1356
225 1356
226 1357
227 1354
228 1355
229 1354
230 1352
231 1352
232 1354
233 1352
234 1354
235 1352
236 1354
237 1354
238 1354
239 1355
240 1355
241 1353
242 1353
243 1352
244 1352
245 1354
246 1352
247 1352
248 1353
249 1354
250 1354
251 1355
252 1355
253 1353
254 1355
255 1356
256 1356
257 1356
258 1355
259 1352
260 1357
261 1352
262 1352
263 1354
264 1353
265 1356
266 1354
267 1356
268 1358
269 1354
270 1355
271 1353
272 1356
273 1357
274 1354
275 1350
276 1354
277 1353
278 1354
279 1354
280 1354
281 1354
282 1354
283 1352
284 1357
285 1355
286 1356
287 1352
288 1354
289 1357
290 1355
291 1354
292 1355
293 1355
294 1355
295 1353
296 1353
297 1353
298 1356
299 1355
300 1355
301 1354
302 1353
303 1355
304 1355
305 1352
306 1353
307 1352
308 1357
309 1355
310 1353
311 1352
312 1353
313 1353
314 1357
315 1354
316 1355
317 1352
318 1353
319 1357
320 1353
321 1354
322 1357
323 1350
324 1354
325 1356
326 1357
327 1355
328 1354
329 1353
330 1356
331 1355
332 1357
333 1354
334 1350
335 1355
336 1357
337 1353
338 1355
339 1354
340 1354
341 1354
342 1356
343 1355
344 1355
345 1353
346 1355
347 1353
348 1354
349 1354
350 1354
351 1352
352 1353
353 1355
354 1356
355 1354
356 1354
357 1353
358 1356
359 1354
360 1355
361 1353
362 1355
363 1352
364 1355
365 1353
366 1354
367 1354
368 1354
369 1354
370 1353
371 1357
372 1356
373 1353
374 1354
375 1356
376 1356
377 1354
378 1352
379 1353
380 1354
381 1356
382 1355
383 1353
384 1354
385 1354
386 1355
387 1353
388 1353
389 1353
390 1354
391 1355
392 1353
393 1352
394 1354
395 1356
396 1356
397 1353
398 1353
399 1357
400 1355
401 1354
402 1355
403 1353
404 1354
405 1356
406 1355
407 1355
408 1357
409 1355
410 1352
411 1357
412 1354
413 1354
414 1354
415 1355
416 1357
417 1354
418 1354
419 1353
420 1356
421 1357
422 1356
423 1354
424 1355
425 1356
426 1354
427 1352
428 1350
429 1354
430 1355
431 1355
432 1356
433 1355
434 1356
435 1354
436 1354
437 1351
438 1352
439 1355
440 1356
441 1354
442 1356
443 1355
444 1356
445 1355
446 1356
447 1355
448 1354
449 1354
450 1355
451 1353
452 1355
453 1353
454 1354
455 1352
456 1354
457 1353
458 1354
459 1356
460 1356
461 1356
462 1356
463 1357
464 1355
465 1352
466 1356
467 1355
468 1356
469 1352
470 1355
471 1356
472 1355
473 1352
474 1356
475 1359
476 1358
477 1353
478 1358
479 1355
480 1356
481 1351
482 1352
483 1353
484 1353
485 1353
486 1356
487 1355
488 1357
489 1350
490 1354
491 1353
492 1355
493 1354
494 1356
495 1353
496 1355
497 1355
498 1355
499 1353
500 1356
501 1355
502 1353
503 1353
504 1356
505 1357
506 1356
507 1352
508 1353
509 1354
510 1354
511 1355
512 1352
513 1354
514 1355
515 1355
516 1354
517 1353
518 1354
519 1354
520 1355
521 1351
522 1354
523 1353
524 1356
525 1353
526 1356
527 1355
528 1354
529 1354
530 1355
531 1355
532 1357
533 1357
534 1363
535 1365
536 1372
537 1384
538 1399
539 1425
540 1461
541 1501
542 1551
543 1610
544 1673
545 1736
546 1810
547 1872
548 1938
549 1996
550 2049
551 2097
552 2139
553 2173
554 2210
555 2228
556 2249
557 2257
558 2267
559 2265
560 2257
561 2247
562 2233
563 2210
564 2186
565 2157
566 2131
567 2097
568 2066
569 2028
570 1993
571 1963
572 1926
573 1898
574 1874
575 1843
576 1824
577 1795
578 1772
579 1755
580 1737
581 1713
582 1697
583 1670
584 1651
585 1631
586 1614
587 1595
588 1585
589 1570
590 1557
591 1540
592 1529
593 1520
594 1509
595 1497
596 1485
597 1470
598 1463
599 1458
600 1448
601 1437
602 1434
603 1424
604 1423
605 1419
606 1412
607 1410
608 1407
609 1401
610 1402
611 1400
612 1398
613 1394
614 1393
615 1391
616 1391
617 1388
618 1386
619 1382
620 1380
621 1377
622 1374
623 1373
624 1371
625 1372
626 1370
627 1368
628 1367
629 1367
630 1365
631 1366
632 1362
633 1361
634 1362
635 1364
636 1364
637 1360
638 1364
639 1361
640 1359
641 1363
642 1364
643 1361
644 1362
645 1358
646 1360
647 1358
648 1358
649 1359
650 1356
651 1358
652 1359
653 1358
654 1360
655 1362
656 1359
657 1360
658 1358
659 1355
660 1357
661 1358
662 1357
663 1355
664 1357
665 1358
666 1353
667 1353
668 1354
669 1354
670 1358
671 1357
672 1357
673 1357
674 1357
675 1354
676 1356
677 1357
678 1358
679 1356
680 1355
681 1356
682 1356
683 1357
684 1356
685 1358
686 1356
687 1354
688 1357
689 1357
690 1355
691 1354
692 1357
693 1357
694 1357
695 1358
696 1356
697 1356
698 1356
699 1353
700 1352
701 1353
702 1352
703 1352
704 1354
705 1357
706 1357
707 1355
708 1356
709 1355
710 1354
711 1357
712 1359
713 1354
714 1356
715 1354
716 1357
717 1355
718 1355
719 1359
720 1355
721 1355
722 1356
723 1354
724 1354
725 1355
726 1354
727 1355
728 1355
729 1356
730 1353
731 1356
732 1354
733 1352
734 1353
735 1357
736 1356
737 1354
738 1355
739 1353
740 1356
741 1355
742 1354
743 1354
744 1358
745 1356
746 1355
747 1356
748 1356
749 1355
750 1358
751 1355
752 1356
753 1355
754 1355
755 1355
756 1354
757 1355
758 1357
759 1356
760 1354
761 1353
762 1352
763 1352
764 1355
765 1355
766 1355
767 1354
768 1356
769 1356
770 1356
771 1354
772 1359
773 1355
774 1355
775 1353
776 1354
777 1355
778 1356
779 1355
780 1356
781 1355
782 1355
783 1356
784 1355
785 1352
786 1355
787 1355
788 1354
789 1354
790 1355
791 1351
792 1355
793 1355
794 1356
795 1356
796 1356
797 1356
798 1355
799 1355
800 1356
801 1355
802 1354
803 1357
804 1356
805 1357
806 1354
807 1358
808 1355
809 1353
810 1351
811 1352
812 1354
813 1356
814 1355
815 1354
816 1355
817 1355
818 1353
819 1353
820 1356
821 1353
822 1356
823 1353
824 1354
825 1355
826 1352
827 1351
828 1352
829 1354
830 1356
831 1355
832 1356
833 1357
834 1356
835 1358
836 1356
837 1354
838 1353
839 1355
840 1355
841 1355
842 1353
843 1354
844 1354
845 1355
846 1352
847 1352
848 1357
849 1352
850 1356
851 1356
852 1355
853 1353
854 1355
855 1354
856 1353
857 1353
858 1354
859 1356
860 1354
861 1354
862 1356
863 1354
864 1354
865 1351
866 1353
867 1354
868 1354
869 1355
870 1353
871 1354
872 1356
873 1355
874 1353
875 1354
876 1351
877 1355
878 1355
879 1352
880 1353
881 1354
882 1357
883 1357
884 1356
885 1355
886 1354
887 1357
888 1357
889 1355
890 1354
891 1354
892 1356
893 1355
894 1356
895 1355
896 1356
897 1355
898 1352
899 1355
900 1356
901 1352
902 1353
903 1353
904 1354
905 1352
906 1355
907 1355
908 1353
909 1354
910 1352
911 1353
912 1355
913 1355
914 1355
915 1356
916 1353
917 1354
918 1353
919 1354
920 1355
921 1353
922 1354
923 1356
924 1353
925 1353
926 1352
927 1353
928 1356
929 1355
930 1356
931 1356
932 1356
933 1353
934 1355
935 1354
936 1357
937 1356
938 1353
939 1354
940 1354
941 1355
942 1355
943 1353
944 1353
945 1353
946 1353
947 1356
948 1355
949 1355
950 1355
951 1354
952 1350
953 1353
954 1354
955 1357
956 1356
957 1354
958 1353
959 1356
960 1356
961 1356
962 1353
963 1353
964 1354
965 1355
966 1356
967 1352
968 1355
969 1353
970 1355
971 1353
972 1354
973 1355
974 1356
975 1357
976 1356
977 1350
978 1352
979 1355
980 1356
981 1357
982 1353
983 1352
984 1355
985 1357
986 1352
987 1353
988 1356
989 1355
990 1353
991 1354
992 1356
993 1352
994 1356
995 1355
996 1351
997 1352
998 1355
999 1354
1000 1354
1001 1355
1002 1356
1003 1354
1004 1355
1005 1355
1006 1355
1007 1352
1008 1352
1009 1353
1010 1353
1011 1355
1012 1353
1013 1352
1014 1354
1015 1357
1016 1354
1017 1355
1018 1353
1019 1354
1020 1357
1021 1354
1022 1352
1023 1356
1024 1355
1025 1354
1026 1354
1027 1354
1028 1355
1029 1355
1030 1355
1031 1354
1032 1354
1033 1354
1034 1356
1035 1355
1036 1354
1037 1354
1038 1354
1039 1351
1040 1356
1041 1354
1042 1354
1043 1353
1044 1355
1045 1356
1046 1356
1047 1354
1048 1356
1049 1356
1050 1353
1051 1350
1052 1355
1053 1354
1054 1356
1055 1354
1056 1355
1057 1355
1058 1354
1059 1355
1060 1354
1061 1355
1062 1353
1063 1355
1064 1354
1065 1353
1066 1355
1067 1354
1068 1354
1069 1355
1070 1354
1071 1353
1072 1354
1073 1354
1074 1356
1075 1359
1076 1354
1077 1355
1078 1353
1079 1356
1080 1355
1081 1354
1082 1357
1083 1352
1084 1353
1085 1354
1086 1356
1087 1356
1088 1355
1089 1355
1090 1356
1091 1353
1092 1356
1093 1355
1094 1353
1095 1354
1096 1354
1097 1353
1098 1354
1099 1355
1100 1355
1101 1353
1102 1355
1103 1354
1104 1355
1105 1354
1106 1356
1107 1357
1108 1356
1109 1356
1110 1354
1111 1356
1112 1356
1113 1353
1114 1356
1115 1356
1116 1356
1117 1353
1118 1353
1119 1354
1120 1352
1121 1357
1122 1353
1123 1356
1124 1352
1125 1352
1126 1352
1127 1356
1128 1353
1129 1356
1130 1357
1131 1357
1132 1354
1133 1355
1134 1355
1135 1355
1136 1357
1137 1356
1138 1356
1139 1356
1140 1357
1141 1356
1142 1354
1143 1352
1144 1355
1145 1356
1146 1355
1147 1357
1148 1355
1149 1355
1150 1352
1151 1354
1152 1355
1153 1354
1154 1352
1155 1353
1156 1353
1157 1355
1158 1355
1159 1352
1160 1353
1161 1355
1162 1356
1163 1354
1164 1353
1165 1357
1166 1354
1167 1356
1168 1355
1169 1353
1170 1355
1171 1355
1172 1355
1173 1355
1174 1356
1175 1357
1176 1355
1177 1355
1178 1354
1179 1355
1180 1355
1181 1354
1182 1355
1183 1356
1184 1353
1185 1356
1186 1356
1187 1355
1188 1354
1189 1357
1190 1355
1191 1355
1192 1354
1193 1355
1194 1354
1195 1354
1196 1353
1197 1357
1198 1357
1199 1357
1200 1354
1201 1354
1202 1355
1203 1354
1204 1353
1205 1356
1206 1352
1207 1353
1208 1356
1209 1354
1210 1355
1211 1353
1212 1353
1213 1356
1214 1353
1215 1352
1216 1354
1217 1353
1218 1354
1219 1355
1220 1356
1221 1355
1222 1354
1223 1353
1224 1356
1225 1357
1226 1354
1227 1356
1228 1358
1229 1354
1230 1354
1231 1354
1232 1354
1233 1354
1234 1356
1235 1357
1236 1356
1237 1354
1238 1357
1239 1355
1240 1354
1241 1351
1242 1354
1243 1353
1244 1354
1245 1353
1246 1355
1247 1351
1248 1353
1249 1357
1250 1355
1251 1353
1252 1357
1253 1356
1254 1354
1255 1354
1256 1355
1257 1355
1258 1354
1259 1356
1260 1355
1261 1357
1262 1354
1263 1354
1264 1356
1265 1359
1266 1354
1267 1356
1268 1354
1269 1357
1270 1355
1271 1354
1272 1354
1273 1354
1274 1354
1275 1353
1276 1350
1277 1355
1278 1356
1279 1355
1280 1352
1281 1353
1282 1351
1283 1353
1284 1354
1285 1355
1286 1354
1287 1354
1288 1354
1289 1353
1290 1353
1291 1355
1292 1353
1293 1355
1294 1353
1295 1353
1296 1353
1297 1354
1298 1354
1299 1356
1300 1354
1301 1356
1302 1352
1303 1352
1304 1353
1305 1355
1306 1352
1307 1353
1308 1351
1309 1354
1310 1350
1311 1354
1312 1354
1313 1355
1314 1354
1315 1356
1316 1352
1317 1354
1318 1355
1319 1357
1320 1351
1321 1354
1322 1351
1323 1354
1324 1352
1325 1354
1326 1356
1327 1356
1328 1355
1329 1353
1330 1354
1331 1357
1332 1352
1333 1350
1334 1351
1335 1356
1336 1355
1337 1353
1338 1354
1339 1356
1340 1356
1341 1356
1342 1352
1343 1353
1344 1351
1345 1355
1346 1353
1347 1354
1348 1355
1349 1356
1350 1353
1351 1353
1352 1354
1353 1355
1354 1355
1355 1355
1356 1353
1357 1357
1358 1352
1359 1355
1360 1354
1361 1353
1362 1353
1363 1355
1364 1356
1365 1357
1366 1352
1367 1352
1368 1354
1369 1351
1370 1350
1371 1355
1372 1352
1373 1355
1374 1350
1375 1355
1376 1353
1377 1354
1378 1353
1379 1353
1380 1352
1381 1357
1382 1352
1383 1357
1384 1355
1385 1357
1386 1358
1387 1353
1388 1352
1389 1355
1390 1356
1391 1356
1392 1353
1393 1353
1394 1356
1395 1357
1396 1354
1397 1353
1398 1355
1399 1356
1400 1355
1401 1356
1402 1352
1403 1354
1404 1352
1405 1356
1406 1354
1407 1357
1408 1354
1409 1357
1410 1352
1411 1353
1412 1352
1413 1352
1414 1353
1415 1354
1416 1355
1417 1356
1418 1354
1419 1354
1420 1355
1421 1354
1422 1355
1423 1353
1424 1355
1425 1354
1426 1354
1427 1353
1428 1357
1429 1355
1430 1355
1431 1354
1432 1352
1433 1356
1434 1354
1435 1355
1436 1350
1437 1355
1438 1356
1439 1356
1440 1356
1441 1355
1442 1354
1443 1355
1444 1354
1445 1354
1446 1353
1447 1355
1448 1356
1449 1356
1450 1354
1451 1354
1452 1355
1453 1355
1454 1356
1455 1355
1456 1354
1457 1352
1458 1354
1459 1356
1460 1353
1461 1356
1462 1354
1463 1354
1464 1353
1465 1357
1466 1355
1467 1358
1468 1355
1469 1356
1470 1354
1471 1353
1472 1353
1473 1357
1474 1352
1475 1354
1476 1357
1477 1355
1478 1356
1479 1356
1480 1353
1481 1357
1482 1353
1483 1355
1484 1355
1485 1356
1486 1352
1487 1354
1488 1353
1489 1354
1490 1353
1491 1356
1492 1354
1493 1353
1494 1353
1495 1352
1496 1355
1497 1356
1498 1352
1499 1351
1500 1355
1501 1351
1502 1351
1503 1353
1504 1355
1505 1353
1506 1355
1507 1355
1508 1355
1509 1356
1510 1354
1511 1354
1512 1353
1513 1357
1514 1353
1515 1355
1516 1354
1517 1354
1518 1353
1519 1354
1520 1354
1521 1356
1522 1354
1523 1356
1524 1355
1525 1356
1526 1352
1527 1355
1528 1356
1529 1353
1530 1354
1531 1356
1532 1355
1533 1353
1534 1354
1535 1352
1536 1356
1537 1355
1538 1357
1539 1357
1540 1357
1541 1355
1542 1356
1543 1355
1544 1354
1545 1357
1546 1356
1547 1354
1548 1355
1549 1355
1550 1353
1551 1354
1552 1354
1553 1354
1554 1357
1555 1358
1556 1356
1557 1356
1558 1355
1559 1355
1560 1354
1561 1356
1562 1352
1563 1354
1564 1353
1565 1354
1566 1356
1567 1355
1568 1354
1569 1354
1570 1356
1571 1355
1572 1354
1573 1356
1574 1355
1575 1354
1576 1354
1577 1354
1578 1356
1579 1353
1580 1351
1581 1353
1582 1352
1583 1351
1584 1353
1585 1352
1586 1352
1587 1353
1588 1356
1589 1354
1590 1353
1591 1354
1592 1357
1593 1355
1594 1351
1595 1354
1596 1354
1597 1355
1598 1354
1599 1355
1600 1354
1601 1355
1602 1352
1603 1355
1604 1355
1605 1353
1606 1354
1607 1355
1608 1355
1609 1352
1610 1352
1611 1356
1612 1355
1613 1354
1614 1354
1615 1354
1616 1356
1617 1353
1618 1356
1619 1354
1620 1352
1621 1353
1622 1354
1623 1354
1624 1353
1625 1353
1626 1352
1627 1357
1628 1356
1629 1352
1630 1354
1631 1353
1632 1354
1633 1355
1634 1353
1635 1350
1636 1354
1637 1352
1638 1352
1639 1353
1640 1354
1641 1353
1642 1355
1643 1350
1644 1356
1645 1355
1646 1354
1647 1354
1648 1352
1649 1350
1650 1353
1651 1353
1652 1354
1653 1354
1654 1354
1655 1353
1656 1357
1657 1355
1658 1353
1659 1354
1660 1355
1661 1357
1662 1356
1663 1357
1664 1355
1665 1355
1666 1354
1667 1357
1668 1355
1669 1355
1670 1353
1671 1353
1672 1357
1673 1356
1674 1353
1675 1355
1676 1354
1677 1355
1678 1353
1679 1354
1680 1352
1681 1356
1682 1353
1683 1355
1684 1355
1685 1356
1686 1354
1687 1354
1688 1353
1689 1355
1690 1357
1691 1355
1692 1357
1693 1354
1694 1355
1695 1355
1696 1357
1697 1352
1698 1355
1699 1356
1700 1356
1701 1353
1702 1355
1703 1354
1704 1356
1705 1353
1706 1354
1707 1353
1708 1355
1709 1353
1710 1353
1711 1353
1712 1355
1713 1354
1714 1358
1715 1354
1716 1357
1717 1354
1718 1354
1719 1352
1720 1351
1721 1354
1722 1354
1723 1353
1724 1354
1725 1353
1726 1355
1727 1355
1728 1355
1729 1354
1730 1352
1731 1353
1732 1354
1733 1352
1734 1354
1735 1353
1736 1355
1737 1355
1738 1356
1739 1354
1740 1355
1741 1352
1742 1354
1743 1352
1744 1353
1745 1354
1746 1356
1747 1354
1748 1354
1749 1353
1750 1354
1751 1354
1752 1355
1753 1353
1754 1356
1755 1355
1756 1355
1757 1351
1758 1353
1759 1354
1760 1354
1761 1351
1762 1353
1763 1351
1764 1355
1765 1355
1766 1354
1767 1352
1768 1354
1769 1353
1770 1354
1771 1353
1772 1354
1773 1352
1774 1356
1775 1358
1776 1356
1777 1352
1778 1355
1779 1355
1780 1356
1781 1355
1782 1355
1783 1353
1784 1354
1785 1353
1786 1357
1787 1355
1788 1356
1789 1354
1790 1356
1791 1354
1792 1353
1793 1353
1794 1356
1795 1354
1796 1354
1797 1353
1798 1355
1799 1351
1800 1355
1801 1353
1802 1351
1803 1353
1804 1356
1805 1355
1806 1356
1807 1353
1808 1355
1809 1353
1810 1356
1811 1355
1812 1356
1813 1355
1814 1356
1815 1355
1816 1358
1817 1354
1818 1355
1819 1353
1820 1357
1821 1354
1822 1358
1823 1356
1824 1354
1825 1355
1826 1356
1827 1355
1828 1355
1829 1352
1830 1356
1831 1355
1832 1356
1833 1352
1834 1356
1835 1357
1836 1355
1837 1353
1838 1354
1839 1353
1840 1356
1841 1356
1842 1354
1843 1353
1844 1353
1845 1354
1846 1357
1847 1353
1848 1356
1849 1355
1850 1357
1851 1357
1852 1356
1853 1354
1854 1353
1855 1353
1856 1355
1857 1355
1858 1354
1859 1357
1860 1353
1861 1356
1862 1354
1863 1353
1864 1356
1865 1353
1866 1356
1867 1355
1868 1354
1869 1355
1870 1354
1871 1357
1872 1355
1873 1353
1874 1353
1875 1355
1876 1356
1877 1354
1878 1359
1879 1358
1880 1354
1881 1355
1882 1353
1883 1350
1884 1352
1885 1354
1886 1353
1887 1355
1888 1354
1889 1355
1890 1354
1891 1353
1892 1355
1893 1356
1894 1353
1895 1354
1896 1352
1897 1355
1898 1351
1899 1352
1900 1356
1901 1354
1902 1354
1903 1352
1904 1354
1905 1357
1906 1357
1907 1354
1908 1353
1909 1357
1910 1356
1911 1353
1912 1354
1913 1352
1914 1351
1915 1352
1916 1353
1917 1354
1918 1353
1919 1355
1920 1356
1921 1354
1922 1354
1923 1355
1924 1354
1925 1354
1926 1356
1927 1355
1928 1354
1929 1354
1930 1355
1931 1355
1932 1352
1933 1352
1934 1357
1935 1358
1936 1355
1937 1355
1938 1353
1939 1353
1940 1356
1941 1359
1942 1355
1943 1354
1944 1355
1945 1355
1946 1355
1947 1353
1948 1352
1949 1351
1950 1351
1951 1352
1952 1355
1953 1353
1954 1355
1955 1350
1956 1355
1957 1356
1958 1352
1959 1354
1960 1353
1961 1353
1962 1351
1963 1356
1964 1356
1965 1355
1966 1355
1967 1355
1968 1355
1969 1352
1970 1352
1971 1351
1972 1353
1973 1354
1974 1354
1975 1353
1976 1352
1977 1353
1978 1356
1979 1355
1980 1353
1981 1354
1982 1354
1983 1351
1984 1353
1985 1355
1986 1353
1987 1350
1988 1354
1989 1354
1990 1355
1991 1357
1992 1352
1993 1352
1994 1355
1995 1355
1996 1353
1997 1356
1998 1354
1999 1357
2000 1355
2001 1356
2002 1355
2003 1357
2004 1354
2005 1354
2006 1354
2007 1355
2008 1351
2009 1352
2010 1354
2011 1356
2012 1355
2013 1355
2014 1354
2015 1353
2016 1355
2017 1355
2018 1351
2019 1355
2020 1354
2021 1353
2022 1352
2023 1355
2024 1354
2025 1355
2026 1353
2027 1352
2028 1353
2029 1355
2030 1354
2031 1355
2032 1354
2033 1354
2034 1353
2035 1351
2036 1354
2037 1354
2038 1354
2039 1357
2040 1354
2041 1353
2042 1353
2043 1353
2044 1353
2045 1352
2046 1353
2047 1356
2048 1354
2049 1352
2050 1354
2051 1355
2052 1353
2053 1357
2054 1355
2055 1357
2056 1354
2057 1358
2058 1354
2059 1353
2060 1355
2061 1354
2062 1356
2063 1355
2064 1353
2065 1352
2066 1354
2067 1353
2068 1353
2069 1354
2070 1352
2071 1354
2072 1355
2073 1353
2074 1352
2075 1354
2076 1356
2077 1355
2078 1354
2079 1353
2080 1354
2081 1357
2082 1354
2083 1356
2084 1355
2085 1354
2086 1355
2087 1356
2088 1353
2089 1356
2090 1356
2091 1356
2092 1354
2093 1353
2094 1354
2095 1351
2096 1354
2097 1356
2098 1354
2099 1354
2100 1353
2101 1353
2102 1354
2103 1354
2104 1355
2105 1355
2106 1355
2107 1352
2108 1352
2109 1355
2110 1355
2111 1355
2112 1354
2113 1359
2114 1356
2115 1356
2116 1354
2117 1354
2118 1355
2119 1354
2120 1352
2121 1357
2122 1354
2123 1357
2124 1355
2125 1357
2126 1355
2127 1356
2128 1357
2129 1355
2130 1355
2131 1353
2132 1354
2133 1355
2134 1354
2135 1357
2136 1355
2137 1356
2138 1356
2139 1356
2140 1354
2141 1355
2142 1356
2143 1356
2144 1354
2145 1354
2146 1355
2147 1356
2148 1355
2149 1354
2150 1356
2151 1357
2152 1356
2153 1355
2154 1354
2155 1358
2156 1357
2157 1356
2158 1353
2159 1352
2160 1354
2161 1355
2162 1354
2163 1352
2164 1357
2165 1355
2166 1356
2167 1353
2168 1353
2169 1355
2170 1357
2171 1357
2172 1355
2173 1354
2174 1357
2175 1357
2176 1353
2177 1356
2178 1353
2179 1355
2180 1354
2181 1354
2182 1354
2183 1356
2184 1359
2185 1358
2186 1353
2187 1355
2188 1353
2189 1356
2190 1356
2191 1355
2192 1353
2193 1355
2194 1353
2195 1353
2196 1351
2197 1356
2198 1356
2199 1357
2200 1354
2201 1353
2202 1358
2203 1355
2204 1355
2205 1355
2206 1355
2207 1355
2208 1353
2209 1356
2210 1356
2211 1357
2212 1354
2213 1353
2214 1355
2215 1358
2216 1355
2217 1356
2218 1355
2219 1356
2220 1354
2221 1357
2222 1354
2223 1353
2224 1354
2225 1356
2226 1355
2227 1356
2228 1353
2229 1357
2230 1352
2231 1356
2232 1355
2233 1356
2234 1355
2235 1353
2236 1353
2237 1357
2238 1355
2239 1353
2240 1354
2241 1356
2242 1352
2243 1357
2244 1355
2245 1356
2246 1353
2247 1356
2248 1351
2249 1354
2250 1355
2251 1355
2252 1353
2253 1353
2254 1352
2255 1355
2256 1355
2257 1356
2258 1355
2259 1356
2260 1354
2261 1356
2262 1352
2263 1353
2264 1352
2265 1357
2266 1354
2267 1355
2268 1356
2269 1356
2270 1355
2271 1354
2272 1354
2273 1354
2274 1354
2275 1355
2276 1357
2277 1356
2278 1356
2279 1351
2280 1355
2281 1353
2282 1353
2283 1352
2284 1355
2285 1356
2286 1359
2287 1354
2288 1356
2289 1354
2290 1355
2291 1357
2292 1354
2293 1354
2294 1355
2295 1356
2296 1355
2297 1356
2298 1355
2299 1355
2300 1354
2301 1355
2302 1358
2303 1353
2304 1355
2305 1353
2306 1356
2307 1355
2308 1354
2309 1354
2310 1353
2311 1356
2312 1354
2313 1353
2314 1354
2315 1357
2316 1355
2317 1355
2318 1354
2319 1352
2320 1354
2321 1357
2322 1353
2323 1354
2324 1355
2325 1355
2326 1356
2327 1357
2328 1356
2329 1355
2330 1356
2331 1357
2332 1356
2333 1355
2334 1355
2335 1357
2336 1356
2337 1355
2338 1356
2339 1355
2340 1355
2341 1356
2342 1353
2343 1352
2344 1356
2345 1357
2346 1355
2347 1355
2348 1352
2349 1356
2350 1356
2351 1353
2352 1354
2353 1355
2354 1353
2355 1355
2356 1358
2357 1359
2358 1357
2359 1357
2360 1356
2361 1357
2362 1360
2363 1357
2364 1356
2365 1355
2366 1356
2367 1357
2368 1356
2369 1358
2370 1355
2371 1354
2372 1354
2373 1355
2374 1357
2375 1355
2376 1356
2377 1355
2378 1351
2379 1354
2380 1354
2381 1354
2382 1355
2383 1358
2384 1356
2385 1354
2386 1352
2387 1354
2388 1353
2389 1358
2390 1357
2391 1355
2392 1355
2393 1357
2394 1353
2395 1356
2396 1356
2397 1357
2398 1355
2399 1354
2400 1355
2401 1356
2402 1356
2403 1351
2404 1355
2405 1356
2406 1355
2407 1356
2408 1356
2409 1353
2410 1353
2411 1356
2412 1355
2413 1355
2414 1353
2415 1357
2416 1353
2417 1354
2418 1353
2419 1356
2420 1355
2421 1356
2422 1356
2423 1352
2424 1353
2425 1357
2426 1354
2427 1354
2428 1354
2429 1354
2430 1353
2431 1356
2432 1356
2433 1356
2434 1354
2435 1355
2436 1353
2437 1357
2438 1355
2439 1354
2440 1354
2441 1357
2442 1356
2443 1355
2444 1356
2445 1353
2446 1356
2447 1352
2448 1356
2449 1356
2450 1354
2451 1353
2452 1355
2453 1355
2454 1357
2455 1357
2456 1358
2457 1356
2458 1357
2459 1356
2460 1354
2461 1356
2462 1356
2463 1355
2464 1354
2465 1356
2466 1356
2467 1356
2468 1355
2469 1355
2470 1354
2471 1354
2472 1356
2473 1356
2474 1358
2475 1354
2476 1355
2477 1354
2478 1355
2479 1354
2480 1355
2481 1355
2482 1355
2483 1355
2484 1354
2485 1353
2486 1354
2487 1356
2488 1355
2489 1356
2490 1355
2491 1353
2492 1354
2493 1354
2494 1353
2495 1354
2496 1355
2497 1353
2498 1353
2499 1353
2500 1354
2501 1353
2502 1355
2503 1353
2504 1357
2505 1357
2506 1353
2507 1355
2508 1355
2509 1355
2510 1354
2511 1355
2512 1355
2513 1353
2514 1355
2515 1354
2516 1355
2517 1355
2518 1355
2519 1357
2520 1358
2521 1355
2522 1356
2523 1353
2524 1354
2525 1353
2526 1355
2527 1355
2528 1354
2529 1354
2530 1351
2531 1354
2532 1355
2533 1356
2534 1357
2535 1355
2536 1356
2537 1353
2538 1351
2539 1354
2540 1355
2541 1355
2542 1355
2543 1356
2544 1356
2545 1352
2546 1355
2547 1354
2548 1354
2549 1353
2550 1357
2551 1354
2552 1358
2553 1353
2554 1355
2555 1356
2556 1356
2557 1355
2558 1355
2559 1352
2560 1357
2561 1355
2562 1354
2563 1355
2564 1356
2565 1357
2566 1356
2567 1356
2568 1355
2569 1356
2570 1359
2571 1357
2572 1355
2573 1353
2574 1354
2575 1351
2576 1352
2577 1355
2578 1356
2579 1355
2580 1357
2581 1353
2582 1354
2583 1356
2584 1355
2585 1355
2586 1354
2587 1355
2588 1355
2589 1354
2590 1351
2591 1351
2592 1355
2593 1355
2594 1355
2595 1356
2596 1356
2597 1356
2598 1353
2599 1356
2600 1354
2601 1354
2602 1354
2603 1354
2604 1354
2605 1353
2606 1356
2607 1355
2608 1354
2609 1354
2610 1354
2611 1357
2612 1355
2613 1354
2614 1351
2615 1352
2616 1355
2617 1354
2618 1353
2619 1353
2620 1353
2621 1354
2622 1357
2623 1353
2624 1354
2625 1354
2626 1354
2627 1356
2628 1354
2629 1352
2630 1354
2631 1355
2632 1354
2633 1355
2634 1356
2635 1355
2636 1355
2637 1355
2638 1355
2639 1358
2640 1355
2641 1354
2642 1354
2643 1353
2644 1355
2645 1357
2646 1357
2647 1352
2648 1354
2649 1353
2650 1356
2651 1355
2652 1356
2653 1353
2654 1356
2655 1356
2656 1354
2657 1353
2658 1354
2659 1354
2660 1356
2661 1350
2662 1354
2663 1353
2664 1352
2665 1355
2666 1352
2667 1354
2668 1354
2669 1353
2670 1355
2671 1354
2672 1355
2673 1355
2674 1354
2675 1353
2676 1354
2677 1357
2678 1356
2679 1352
2680 1355
2681 1353
2682 1354
2683 1354
2684 1353
2685 1350
2686 1355
2687 1357
2688 1355
2689 1355
2690 1355
2691 1355
2692 1353
2693 1352
2694 1355
2695 1356
2696 1355
2697 1352
2698 1353
2699 1355
2700 1353
2701 1352
2702 1354
2703 1355
2704 1353
2705 1354
2706 1354
2707 1355
2708 1356
2709 1354
2710 1352
2711 1354
2712 1353
2713 1353
2714 1353
2715 1354
2716 1353
2717 1354
2718 1353
2719 1356
2720 1355
2721 1355
2722 1353
2723 1354
2724 1354
2725 1356
2726 1353
2727 1353
2728 1354
2729 1354
2730 1357
2731 1353
2732 1357
2733 1353
2734 1354
2735 1354
2736 1353
2737 1357
2738 1355
2739 1355
2740 1356
2741 1355
2742 1356
2743 1353
2744 1353
2745 1355
2746 1354
2747 1355
2748 1353
2749 1354
2750 1356
2751 1354
2752 1352
2753 1352
2754 1355
2755 1356
2756 1354
2757 1355
2758 1353
2759 1355
2760 1354
2761 1356
2762 1356
2763 1355
2764 1356
2765 1356
2766 1354
2767 1353
2768 1356
2769 1355
2770 1354
2771 1352
2772 1352
2773 1355
2774 1355
2775 1354
2776 1355
2777 1353
2778 1354
2779 1355
2780 1354
2781 1351
2782 1353
2783 1352
2784 1355
2785 1357
2786 1354
2787 1355
2788 1356
2789 1355
2790 1355
2791 1353
2792 1353
2793 1352
2794 1352
2795 1351
2796 1353
2797 1355
2798 1357
2799 1354
2800 1356
2801 1353
2802 1356
2803 1354
2804 1352
2805 1352
2806 1353
2807 1353
2808 1356
2809 1355
2810 1354
2811 1354
2812 1354
2813 1356
2814 1355
2815 1351
2816 1354
2817 1357
2818 1356
2819 1356
2820 1353
2821 1355
2822 1353
2823 1354
2824 1354
2825 1356
2826 1357
2827 1353
2828 1353
2829 1352
2830 1354
2831 1354
2832 1354
2833 1357
2834 1356
2835 1356
2836 1355
2837 1353
2838 1356
2839 1355
2840 1355
2841 1354
2842 1356
2843 1355
2844 1353
2845 1353
2846 1358
2847 1357
2848 1354
2849 1354
2850 1355
2851 1351
2852 1352
2853 1351
2854 1356
2855 1356
2856 1355
2857 1353
2858 1356
2859 1356
2860 1355
2861 1356
2862 1352
2863 1353
2864 1353
2865 1354
2866 1352
2867 1355
2868 1356
2869 1357
2870 1353
2871 1356
2872 1354
2873 1353
2874 1354
2875 1355
2876 1354
2877 1353
2878 1356
2879 1356
2880 1354
2881 1355
2882 1356
2883 1354
2884 1356
2885 1357
2886 1356
2887 1356
2888 1357
2889 1353
2890 1357
2891 1353
2892 1356
2893 1354
2894 1354
2895 1353
2896 1355
2897 1355
2898 1355
2899 1356
2900 1356
2901 1352
2902 1356
2903 1355
2904 1355
2905 1353
2906 1353
2907 1355
2908 1353
2909 1354
2910 1353
2911 1357
2912 1355
2913 1354
2914 1355
2915 1354
2916 1356
2917 1354
2918 1356
2919 1355
2920 1356
2921 1357
2922 1353
2923 1357
2924 1356
2925 1356
2926 1357
2927 1356
2928 1356
2929 1356
2930 1356
2931 1355
2932 1356
2933 1354
2934 1356
2935 1354
2936 1355
2937 1353
2938 1355
2939 1357
2940 1356
2941 1357
2942 1354
2943 1353
2944 1356
2945 1359
2946 1355
2947 1357
2948 1357
2949 1355
2950 1359
2951 1357
2952 1354
2953 1352
2954 1356
2955 1353
2956 1356
2957 1351
2958 1353
2959 1354
2960 1355
2961 1355
2962 1354
2963 1353
2964 1354
2965 1353
2966 1357
2967 1356
2968 1353
2969 1354
2970 1356
2971 1355
2972 1355
2973 1351
2974 1355
2975 1357
2976 1355
2977 1354
2978 1357
2979 1356
2980 1356
2981 1353
2982 1354
2983 1355
2984 1356
2985 1356
2986 1355
2987 1356
2988 1355
2989 1353
2990 1355
2991 1354
2992 1355
2993 1355
2994 1355
2995 1354
2996 1357
2997 1356
2998 1357
2999 1355
3000 1355
3001 1355
3002 1353
3003 1353
3004 1356
3005 1357
3006 1355
3007 1356
3008 1356
3009 1353
3010 1356
3011 1355
3012 1355
3013 1352
3014 1355
3015 1356
3016 1354
3017 1356
3018 1353
3019 1355
3020 1357
3021 1355
3022 1355
3023 1355
3024 1354
3025 1357
3026 1356
3027 1358
3028 1358
3029 1353
3030 1353
3031 1353
3032 1355
3033 1355
3034 1356
3035 1357
3036 1358
3037 1356
3038 1352
3039 1352
3040 1358
3041 1356
3042 1355
3043 1352
3044 1355
3045 1355
3046 1356
3047 1354
3048 1353
3049 1358
3050 1353
3051 1356
3052 1355
3053 1354
3054 1356
3055 1356
3056 1352
3057 1353
3058 1353
3059 1352
3060 1357
3061 1355
3062 1356
3063 1355
3064 1354
3065 1354
3066 1356
3067 1354
3068 1354
3069 1355
3070 1356
3071 1356
3072 1354
3073 1352
3074 1354
3075 1354
3076 1355
3077 1355
3078 1355
3079 1353
3080 1352
3081 1353
3082 1353
3083 1354
3084 1355
3085 1355
3086 1357
3087 1354
3088 1353
3089 1353
3090 1353
3091 1356
3092 1356
3093 1356
3094 1355
3095 1356
3096 1353
3097 1353
3098 1352
3099 1355
3100 1354
3101 1355
3102 1353
3103 1354
3104 1356
3105 1357
3106 1353
3107 1355
3108 1356
3109 1354
3110 1354
3111 1354
3112 1353
3113 1354
3114 1353
3115 1353
3116 1354
3117 1354
3118 1356
3119 1355
3120 1357
3121 1356
3122 1352
3123 1354
3124 1354
3125 1356
3126 1356
3127 1358
3128 1358
3129 1358
3130 1359
3131 1353
3132 1356
3133 1355
3134 1359
3135 1357
3136 1356
3137 1353
3138 1354
3139 1355
3140 1357
3141 1353
3142 1354
3143 1354
3144 1353
3145 1356
3146 1355
3147 1355
3148 1355
3149 1355
3150 1356
3151 1356
3152 1357
3153 1355
3154 1353
3155 1353
3156 1353
3157 1354
3158 1354
3159 1355
3160 1356
3161 1356
3162 1354
3163 1352
3164 1356
3165 1357
3166 1357
3167 1351
3168 1356
3169 1352
3170 1357
3171 1353
3172 1354
3173 1356
3174 1352
3175 1351
3176 1357
3177 1354
3178 1352
3179 1354
3180 1354
3181 1355
3182 1353
3183 1354
3184 1354
3185 1353
3186 1352
3187 1356
3188 1356
3189 1356
3190 1354
3191 1355
3192 1356
3193 1355
3194 1354
3195 1355
3196 1355
3197 1352
3198 1356
3199 1356
3200 1354
3201 1354
3202 1354
3203 1356
3204 1354
3205 1354
3206 1353
3207 1356
3208 1353
3209 1355
3210 1354
3211 1355
3212 1357
3213 1355
3214 1358
3215 1357
3216 1355
3217 1357
3218 1356
3219 1356
3220 1354
3221 1356
3222 1354
3223 1354
3224 1353
3225 1354
3226 1355
3227 1354
3228 1352
3229 1353
3230 1357
3231 1356
3232 1353
3233 1354
3234 1355
3235 1356
3236 1356
3237 1352
3238 1355
3239 1351
3240 1356
3241 1353
3242 1355
3243 1351
3244 1353
3245 1354
3246 1354
3247 1353
3248 1356
3249 1354
3250 1353
3251 1354
3252 1353
3253 1356
3254 1354
3255 1353
3256 1355
3257 1354
3258 1354
3259 1355
3260 1354
3261 1355
3262 1355
3263 1353
3264 1356
3265 1356
3266 1355
3267 1354
3268 1354
3269 1354
3270 1354
3271 1351
3272 1355
3273 1355
3274 1356
3275 1356
3276 1355
3277 1356
3278 1355
3279 1354
3280 1352
3281 1355
3282 1355
3283 1355
3284 1355
3285 1351
3286 1354
3287 1355
3288 1354
3289 1355
3290 1355
3291 1353
3292 1352
3293 1350
3294 1352
3295 1355
3296 1356
3297 1355
3298 1357
3299 1353
3300 1357
3301 1353
3302 1352
3303 1354
3304 1353
3305 1353
3306 1354
3307 1352
3308 1353
3309 1356
3310 1354
3311 1353
3312 1358
3313 1352
3314 1356
3315 1354
3316 1353
3317 1354
3318 1355
3319 1355
3320 1355
3321 1352
3322 1353
3323 1353
3324 1356
3325 1355
3326 1356
3327 1354
3328 1353
3329 1354
3330 1354
3331 1354
3332 1356
3333 1352
3334 1354
3335 1355
3336 1354
3337 1357
3338 1355
3339 1355
3340 1354
3341 1355
3342 1357
3343 1355
3344 1354
3345 1354
3346 1355
3347 1356
3348 1357
3349 1353
3350 1353
3351 1351
3352 1353
3353 1354
3354 1357
3355 1357
3356 1355
3357 1353
3358 1355
3359 1353
3360 1354
3361 1354
3362 1352
3363 1353
3364 1356
3365 1351
3366 1354
3367 1355
3368 1355
3369 1355
3370 1356
3371 1353
3372 1354
3373 1353
3374 1356
3375 1355
3376 1357
3377 1352
3378 1355
3379 1353
3380 1355
3381 1353
3382 1355
3383 1352
3384 1355
3385 1352
3386 1353
3387 1354
3388 1353
3389 1354
3390 1352
3391 1353
3392 1353
3393 1354
3394 1356
3395 1355
3396 1353
3397 1354
3398 1355
3399 1355
3400 1355
3401 1357
3402 1353
3403 1355
3404 1354
3405 1354
3406 1354
3407 1354
3408 1354
3409 1353
3410 1353
3411 1352
3412 1352
3413 1355
3414 1355
3415 1357
3416 1353
3417 1355
3418 1356
3419 1354
3420 1353
3421 1354
3422 1355
3423 1355
3424 1358
3425 1356
3426 1353
3427 1354
3428 1355
3429 1355
3430 1355
3431 1353
3432 1356
3433 1353
3434 1354
3435 1353
3436 1355
3437 1352
3438 1355
3439 1354
3440 1354
3441 1356
3442 1354
3443 1353
3444 1355
3445 1352
3446 1355
3447 1353
3448 1355
3449 1351
3450 1354
3451 1356
3452 1355
3453 1354
3454 1356
3455 1356
3456 1352
3457 1354
3458 1355
3459 1354
3460 1356
3461 1352
3462 1355
3463 1355
3464 1355
3465 1358
3466 1354
3467 1353
3468 1356
3469 1356
3470 1353
3471 1353
3472 1354
3473 1352
3474 1354
3475 1351
3476 1355
3477 1353
3478 1354
3479 1351
3480 1356
3481 1353
3482 1355
3483 1354
3484 1353
3485 1356
3486 1353
3487 1353
3488 1356
3489 1356
3490 1356
3491 1351
3492 1354
3493 1355
3494 1355
3495 1353
3496 1354
3497 1357
3498 1356
3499 1358
3500 1357
3501 1354
3502 1353
3503 1353
3504 1355
3505 1352
3506 1354
3507 1352
3508 1354
3509 1356
3510 1354
3511 1355
3512 1354
3513 1352
3514 1353
3515 1356
3516 1358
3517 1357
3518 1356
3519 1354
3520 1355
3521 1351
3522 1354
3523 1352
3524 1354
3525 1353
3526 1357
3527 1353
3528 1356
3529 1355
3530 1353
3531 1354
3532 1356
3533 1357
3534 1353
3535 1350
3536 1355
3537 1354
3538 1355
3539 1352
3540 1353
3541 1350
3542 1354
3543 1352
3544 1358
3545 1353
3546 1354
3547 1354
3548 1355
3549 1354
3550 1356
3551 1357
3552 1356
3553 1355
3554 1357
3555 1354
3556 1356
3557 1355
3558 1359
3559 1356
3560 1358
3561 1356
3562 1356
3563 1354
3564 1356
3565 1354
3566 1355
3567 1355
3568 1355
3569 1353
3570 1356
3571 1354
3572 1353
3573 1356
3574 1352
3575 1355
3576 1356
3577 1357
3578 1357
3579 1350
3580 1351
3581 1355
3582 1355
3583 1354
3584 1358
3585 1354
3586 1357
3587 1352
3588 1355
3589 1354
3590 1354
3591 1357
3592 1358
3593 1353
3594 1355
3595 1357
3596 1354
3597 1353
3598 1351
3599 1353
3600 1355
3601 1356
3602 1354
3603 1353
3604 1354
3605 1354
3606 1354
3607 1355
3608 1355
3609 1354
3610 1357
3611 1356
3612 1358
3613 1355
3614 1356
3615 1357
3616 1356
3617 1354
3618 1353
3619 1355
3620 1355
3621 1357
3622 1354
3623 1355
3624 1351
3625 1353
3626 1357
3627 1356
3628 1352
3629 1352
3630 1356
3631 1353
3632 1355
3633 1354
3634 1353
3635 1353
3636 1356
3637 1354
3638 1356
3639 1355
3640 1354
3641 1353
3642 1355
3643 1356
3644 1357
3645 1355
3646 1353
3647 1354
3648 1353
3649 1351
3650 1355
3651 1357
3652 1355
3653 1355
3654 1352
3655 1354
3656 1352
3657 1357
3658 1353
3659 1356
3660 1356
3661 1355
3662 1356
3663 1355
3664 1355
3665 1357
3666 1356
3667 1356
3668 1355
3669 1354
3670 1353
3671 1355
3672 1351
3673 1353
3674 1356
3675 1356
3676 1355
3677 1355
3678 1354
3679 1354
3680 1353
3681 1356
3682 1355
3683 1354
3684 1353
3685 1352
3686 1355
3687 1353
3688 1356
3689 1355
3690 1355
3691 1353
3692 1356
3693 1354
3694 1358
3695 1356
3696 1353
3697 1355
3698 1356
3699 1354
3700 1358
3701 1355
3702 1356
3703 1357
3704 1358
3705 1356
3706 1355
3707 1356
3708 1357
3709 1355
3710 1356
3711 1355
3712 1357
3713 1356
3714 1355
3715 1355
3716 1356
3717 1357
3718 1355
3719 1356
3720 1356
3721 1352
3722 1355
3723 1355
3724 1357
3725 1356
3726 1356
3727 1355
3728 1357
3729 1355
3730 1356
3731 1355
3732 1357
3733 1355
3734 1358
3735 1357
3736 1355
3737 1352
3738 1356
3739 1355
3740 1356
3741 1355
3742 1356
3743 1355
3744 1358
3745 1354
3746 1355
3747 1355
3748 1356
3749 1356
3750 1357
3751 1355
3752 1356
3753 1357
3754 1352
3755 1354
3756 1356
3757 1354
3758 1353
3759 1355
3760 1354
3761 1351
3762 1355
3763 1353
3764 1354
3765 1353
3766 1355
3767 1356
3768 1356
3769 1354
3770 1356
3771 1355
3772 1353
3773 1350
3774 1356
3775 1353
3776 1356
3777 1355
3778 1354
3779 1354
3780 1354
3781 1353
3782 1355
3783 1354
3784 1351
3785 1353
3786 1353
3787 1354
3788 1354
3789 1355
3790 1351
3791 1354
3792 1353
3793 1357
3794 1353
3795 1356
3796 1354
3797 1356
3798 1354
3799 1354
3800 1358
3801 1354
3802 1354
3803 1348
3804 1354
3805 1355
3806 1355
3807 1353
3808 1353
3809 1355
3810 1356
3811 1353
3812 1354
3813 1352
3814 1352
3815 1353
3816 1352
3817 1353
3818 1350
3819 1356
3820 1356
3821 1356
3822 1352
3823 1354
3824 1353
3825 1354
3826 1355
3827 1350
3828 1353
3829 1356
3830 1355
3831 1354
3832 1352
3833 1354
3834 1357
3835 1356
3836 1352
3837 1352
3838 1355
3839 1354
3840 1355
3841 1352
3842 1355
3843 1356
3844 1356
3845 1352
3846 1352
3847 1355
3848 1354
3849 1354
3850 1353
3851 1354
3852 1356
3853 1355
3854 1354
3855 1352
3856 1354
3857 1356
3858 1354
3859 1353
3860 1353
3861 1355
3862 1350
3863 1352
3864 1355
3865 1357
3866 1353
3867 1354
3868 1356
3869 1354
3870 1354
3871 1352
3872 1353
3873 1353
3874 1356
3875 1354
3876 1354
3877 1355
3878 1356
3879 1356
3880 1354
3881 1354
3882 1353
3883 1354
3884 1353
3885 1353
3886 1354
3887 1354
3888 1355
3889 1357
3890 1353
3891 1355
3892 1354
3893 1355
3894 1354
3895 1354
3896 1353
3897 1354
3898 1354
3899 1354
3900 1352
3901 1352
3902 1351
3903 1354
3904 1352
3905 1352
3906 1352
3907 1357
3908 1354
3909 1355
3910 1355
3911 1356
3912 1355
3913 1351
3914 1352
3915 1357
3916 1355
3917 1357
3918 1354
3919 1353
3920 1353
3921 1355
3922 1355
3923 1352
3924 1354
3925 1356
3926 1353
3927 1351
3928 1350
3929 1353
3930 1352
3931 1354
3932 1353
3933 1353
3934 1355
3935 1357
3936 1354
3937 1350
3938 1354
3939 1353
3940 1356
3941 1354
3942 1356
3943 1357
3944 1351
3945 1352
3946 1353
3947 1353
3948 1353
3949 1353
3950 1354
3951 1354
3952 1354
3953 1355
3954 1355
3955 1354
3956 1356
3957 1354
3958 1356
3959 1357
3960 1357
3961 1355
3962 1355
3963 1354
3964 1352
3965 1353
3966 1356
3967 1351
3968 1355
3969 1353
3970 1355
3971 1353
3972 1355
3973 1354
3974 1356
3975 1357
3976 1354
3977 1355
3978 1353
3979 1355
3980 1351
3981 1352
3982 1356
3983 1356
3984 1353
3985 1353
3986 1355
3987 1354
3988 1353
3989 1354
3990 1356
3991 1354
3992 1356
3993 1355
3994 1355
3995 1354
3996 1356
3997 1354
3998 1355
3999 1356
