0 1357
1 1353
2 1356
3 1355
4 1356
5 1360
6 1356
7 1355
8 1354
9 1355
10 1356
11 1355
12 1352
13 1356
14 1358
15 1356
16 1356
17 1357
18 1353
19 1356
20 1356
21 1357
22 1353
23 1355
24 1355
25 1355
26 1355
27 1355
28 1354
29 1356
30 1359
31 1357
32 1356
33 1355
34 1356
35 1355
36 1358
37 1357
38 1360
39 1356
40 1356
41 1355
42 1354
43 1355
44 1354
45 1356
46 1355
47 1357
48 1357
49 1356
50 1356
51 1356
52 1357
53 1354
54 1357
55 1353
56 1355
57 1356
58 1354
59 1355
60 1356
61 1356
62 1358
63 1355
64 1358
65 1357
66 1356
67 1356
68 1358
69 1355
70 1355
71 1356
72 1355
73 1354
74 1356
75 1357
76 1356
77 1355
78 1358
79 1357
80 1358
81 1358
82 1357
83 1357
84 1356
85 1354
86 1356
87 1355
88 1353
89 1356
90 1358
91 1357
92 1356
93 1354
94 1358
95 1356
96 1357
97 1356
98 1352
99 1354
100 1358
101 1358
102 1358
103 1351
104 1353
105 1357
106 1361
107 1359
108 1355
109 1358
110 1357
111 1356
112 1357
113 1353
114 1354
115 1353
116 1355
117 1355
118 1356
119 1356
120 1354
121 1354
122 1359
123 1356
124 1356
125 1352
126 1358
127 1360
128 1357
129 1354
130 1355
131 1357
132 1357
133 1354
134 1355
135 1354
136 1356
137 1357
138 1355
139 1357
140 1355
141 1355
142 1356
143 1349
144 1353
145 1356
146 1357
147 1354
148 1357
149 1357
150 1353
151 1354
152 1358
153 1352
154 1355
155 1354
156 1356
157 1355
158 1357
159 1354
160 1354
161 1357
162 1354
163 1354
164 1355
165 1356
166 1356
167 1355
168 1353
169 1358
170 1358
171 1357
172 1354
173 1356
174 1355
175 1354
176 1356
177 1356
178 1354
179 1355
180 1353
181 1357
182 1355
183 1357
184 1356
185 1356
186 1357
187 1356
188 1355
189 1354
190 1356
191 1354
192 1356
193 1357
194 1356
195 1358
196 1359
197 1357
198 1356
199 1356
200 1353
201 1355
202 1354
203 1355
204 1354
205 1356
206 1357
207 1357
208 1355
209 1354
210 1355
211 1357
212 1356
213 1360
214 1356
215 1357
216 1353
217 1354
218 1354
219 1358
220 1354
221 1358
222 1355
223 1356
224 1357
225 1355
226 1355
227 1356
228 1354
229 1355
230 1357
231 1356
232 1353
233 1354
234 1355
235 1356
236 1353
237 1354
238 1353
239 1356
240 1353
241 1354
242 1356
243 1356
244 1353
245 1357
246 1356
247 1357
248 1357
249 1357
250 1356
251 1357
252 1354
253 1355
254 1356
255 1357
256 1357
257 1356
258 1356
259 1355
260 1355
261 1357
262 1356
263 1357
264 1357
265 1355
266 1354
267 1353
268 1355
269 1355
270 1358
271 1358
272 1354
273 1357
274 1356
275 1357
276 1357
277 1356
278 1358
279 1357
280 1357
281 1358
282 1357
283 1355
284 1352
285 1353
286 1360
287 1358
288 1359
289 1357
290 1354
291 1355
292 1357
293 1355
294 1356
295 1357
296 1355
297 1357
298 1354
299 1355
300 1354
301 1356
302 1357
303 1358
304 1354
305 1355
306 1355
307 1359
308 1359
309 1356
310 1356
311 1356
312 1360
313 1357
314 1358
315 1353
316 1355
317 1355
318 1356
319 1357
320 1353
321 1355
322 1355
323 1355
324 1355
325 1353
326 1356
327 1353
328 1356
329 1355
330 1354
331 1356
332 1353
333 1355
334 1353
335 1353
336 1352
337 1357
338 1356
339 1356
340 1354
341 1357
342 1356
343 1355
344 1357
345 1356
346 1355
347 1354
348 1357
349 1355
350 1356
351 1355
352 1354
353 1354
354 1354
355 1354
356 1357
357 1356
358 1357
359 1354
360 1355
361 1357
362 1352
363 1354
364 1355
365 1354
366 1353
367 1357
368 1355
369 1357
370 1355
371 1354
372 1354
373 1358
374 1357
375 1359
376 1355
377 1358
378 1355
379 1354
380 1356
381 1357
382 1355
383 1357
384 1354
385 1357
386 1354
387 1356
388 1356
389 1355
390 1356
391 1355
392 1352
393 1354
394 1355
395 1358
396 1360
397 1357
398 1356
399 1358
400 1356
401 1356
402 1355
403 1353
404 1356
405 1357
406 1358
407 1357
408 1354
409 1357
410 1357
411 1355
412 1356
413 1357
414 1356
415 1356
416 1356
417 1358
418 1357
419 1351
420 1357
421 1356
422 1357
423 1356
424 1357
425 1356
426 1356
427 1355
428 1357
429 1356
430 1355
431 1357
432 1356
433 1357
434 1356
435 1357
436 1356
437 1355
438 1355
439 1357
440 1357
441 1355
442 1356
443 1353
444 1354
445 1356
446 1355
447 1355
448 1355
449 1356
450 1354
451 1354
452 1356
453 1355
454 1354
455 1353
456 1356
457 1356
458 1354
459 1355
460 1354
461 1357
462 1355
463 1354
464 1355
465 1354
466 1361
467 1362
468 1356
469 1354
470 1355
471 1357
472 1357
473 1353
474 1353
475 1356
476 1356
477 1357
478 1353
479 1357
480 1357
481 1357
482 1355
483 1354
484 1355
485 1352
486 1355
487 1354
488 1355
489 1355
490 1353
491 1356
492 1356
493 1356
494 1355
495 1357
496 1359
497 1354
498 1354
499 1356
500 1355
501 1354
502 1354
503 1354
504 1355
505 1358
506 1354
507 1354
508 1357
509 1357
510 1353
511 1355
512 1359
513 1354
514 1356
515 1357
516 1357
517 1356
518 1355
519 1355
520 1356
521 1356
522 1357
523 1352
524 1354
525 1357
526 1357
527 1357
528 1355
529 1355
530 1356
531 1357
532 1359
533 1364
534 1365
535 1374
536 1382
537 1398
538 1418
539 1453
540 1491
541 1537
542 1598
543 1660
544 1727
545 1792
546 1862
547 1925
548 1984
549 2034
550 2084
551 2126
552 2162
553 2186
554 2210
555 2225
556 2239
557 2240
558 2242
559 2233
560 2226
561 2205
562 2186
563 2162
564 2134
565 2107
566 2076
567 2044
568 2012
569 1980
570 1948
571 1917
572 1892
573 1869
574 1843
575 1815
576 1789
577 1765
578 1742
579 1718
580 1698
581 1679
582 1659
583 1644
584 1627
585 1613
586 1595
587 1579
588 1568
589 1553
590 1538
591 1528
592 1513
593 1502
594 1490
595 1484
596 1476
597 1466
598 1460
599 1456
600 1448
601 1441
602 1437
603 1429
604 1426
605 1423
606 1417
607 1413
608 1408
609 1405
610 1402
611 1398
612 1394
613 1391
614 1388
615 1385
616 1384
617 1385
618 1384
619 1382
620 1378
621 1378
622 1374
623 1373
624 1370
625 1372
626 1370
627 1371
628 1369
629 1366
630 1363
631 1364
632 1366
633 1361
634 1361
635 1363
636 1361
637 1362
638 1361
639 1363
640 1363
641 1361
642 1362
643 1359
644 1358
645 1360
646 1360
647 1361
648 1360
649 1360
650 1360
651 1361
652 1362
653 1362
654 1357
655 1361
656 1358
657 1359
658 1357
659 1357
660 1356
661 1360
662 1357
663 1357
664 1357
665 1357
666 1356
667 1361
668 1361
669 1359
670 1354
671 1356
672 1358
673 1361
674 1360
675 1357
676 1358
677 1361
678 1356
679 1356
680 1357
681 1357
682 1355
683 1357
684 1355
685 1357
686 1360
687 1357
688 1356
689 1357
690 1355
691 1355
692 1357
693 1358
694 1357
695 1357
696 1356
697 1355
698 1355
699 1355
700 1355
701 1355
702 1356
703 1358
704 1358
705 1360
706 1358
707 1357
708 1359
709 1357
710 1357
711 1357
712 1357
713 1357
714 1356
715 1355
716 1355
717 1356
718 1356
719 1357
720 1359
721 1356
722 1357
723 1356
724 1355
725 1356
726 1357
727 1357
728 1356
729 1357
730 1356
731 1356
732 1356
733 1356
734 1357
735 1356
736 1358
737 1358
738 1355
739 1358
740 1358
741 1361
742 1357
743 1357
744 1358
745 1356
746 1354
747 1354
748 1356
749 1354
750 1354
751 1355
752 1356
753 1356
754 1353
755 1352
756 1354
757 1354
758 1355
759 1355
760 1354
761 1356
762 1357
763 1355
764 1357
765 1357
766 1358
767 1357
768 1358
769 1356
770 1356
771 1357
772 1354
773 1355
774 1357
775 1355
776 1359
777 1359
778 1356
779 1355
780 1355
781 1355
782 1356
783 1355
784 1353
785 1356
786 1355
787 1357
788 1352
789 1355
790 1354
791 1355
792 1356
793 1357
794 1356
795 1358
796 1356
797 1358
798 1357
799 1357
800 1357
801 1354
802 1359
803 1357
804 1358
805 1356
806 1357
807 1356
808 1358
809 1358
810 1356
811 1357
812 1354
813 1352
814 1356
815 1357
816 1356
817 1354
818 1355
819 1353
820 1354
821 1353
822 1353
823 1352
824 1354
825 1356
826 1357
827 1357
828 1356
829 1353
830 1353
831 1356
832 1358
833 1355
834 1359
835 1356
836 1356
837 1356
838 1355
839 1355
840 1355
841 1358
842 1354
843 1357
844 1354
845 1354
846 1356
847 1358
848 1357
849 1356
850 1355
851 1355
852 1355
853 1357
854 1355
855 1355
856 1357
857 1358
858 1355
859 1356
860 1357
861 1355
862 1358
863 1355
864 1355
865 1354
866 1359
867 1356
868 1356
869 1355
870 1354
871 1353
872 1355
873 1355
874 1355
875 1354
876 1355
877 1354
878 1356
879 1356
880 1357
881 1356
882 1356
883 1354
884 1356
885 1355
886 1356
887 1352
888 1356
889 1357
890 1356
891 1356
892 1356
893 1357
894 1355
895 1356
896 1356
897 1357
898 1356
899 1356
900 1354
901 1356
902 1356
903 1352
904 1355
905 1353
906 1355
907 1355
908 1355
909 1355
910 1355
911 1351
912 1354
913 1353
914 1355
915 1353
916 1354
917 1355
918 1354
919 1354
920 1355
921 1356
922 1357
923 1356
924 1356
925 1357
926 1356
927 1356
928 1356
929 1355
930 1355
931 1357
932 1358
933 1355
934 1358
935 1353
936 1355
937 1357
938 1355
939 1356
940 1356
941 1356
942 1356
943 1355
944 1359
945 1354
946 1356
947 1354
948 1355
949 1355
950 1356
951 1353
952 1355
953 1357
954 1357
955 1359
956 1361
957 1359
958 1359
959 1357
960 1355
961 1354
962 1355
963 1358
964 1355
965 1357
966 1355
967 1359
968 1358
969 1357
970 1356
971 1354
972 1357
973 1354
974 1357
975 1354
976 1355
977 1354
978 1357
979 1355
980 1356
981 1357
982 1355
983 1354
984 1355
985 1360
986 1357
987 1358
988 1358
989 1355
990 1356
991 1355
992 1356
993 1357
994 1358
995 1357
996 1359
997 1357
998 1357
999 1355
1000 1354
1001 1355
1002 1359
1003 1355
1004 1358
1005 1354
1006 1355
1007 1358
1008 1358
1009 1356
1010 1358
1011 1356
1012 1361
1013 1357
1014 1356
1015 1355
1016 1356
1017 1355
1018 1356
1019 1356
1020 1358
1021 1355
1022 1357
1023 1356
1024 1354
1025 1356
1026 1357
1027 1357
1028 1360
1029 1356
1030 1357
1031 1356
1032 1358
1033 1356
1034 1356
1035 1352
1036 1354
1037 1353
1038 1358
1039 1354
1040 1357
1041 1358
1042 1358
1043 1354
1044 1355
1045 1355
1046 1359
1047 1356
1048 1355
1049 1351
1050 1356
1051 1357
1052 1357
1053 1354
1054 1354
1055 1354
1056 1355
1057 1357
1058 1354
1059 1356
1060 1357
1061 1357
1062 1355
1063 1355
1064 1355
1065 1354
1066 1357
1067 1355
1068 1355
1069 1357
1070 1355
1071 1356
1072 1355
1073 1355
1074 1356
1075 1355
1076 1356
1077 1356
1078 1353
1079 1354
1080 1357
1081 1356
1082 1356
1083 1352
1084 1354
1085 1354
1086 1355
1087 1355
1088 1358
1089 1356
1090 1356
1091 1352
1092 1354
1093 1357
1094 1357
1095 1354
1096 1355
1097 1357
1098 1358
1099 1358
1100 1357
1101 1356
1102 1358
1103 1357
1104 1354
1105 1357
1106 1353
1107 1353
1108 1356
1109 1355
1110 1355
1111 1356
1112 1356
1113 1352
1114 1356
1115 1355
1116 1357
1117 1353
1118 1356
1119 1356
1120 1356
1121 1355
1122 1356
1123 1356
1124 1356
1125 1354
1126 1354
1127 1354
1128 1355
1129 1356
1130 1355
1131 1354
1132 1355
1133 1356
1134 1358
1135 1358
1136 1358
1137 1356
1138 1357
1139 1357
1140 1356
1141 1356
1142 1356
1143 1355
1144 1355
1145 1357
1146 1355
1147 1355
1148 1356
1149 1356
1150 1356
1151 1355
1152 1356
1153 1357
1154 1356
1155 1354
1156 1357
1157 1356
1158 1356
1159 1356
1160 1357
1161 1354
1162 1357
1163 1355
1164 1357
1165 1354
1166 1359
1167 1355
1168 1356
1169 1355
1170 1355
1171 1354
1172 1358
1173 1357
1174 1354
1175 1355
1176 1357
1177 1357
1178 1356
1179 1354
1180 1354
1181 1356
1182 1356
1183 1356
1184 1356
1185 1354
1186 1357
1187 1360
1188 1355
1189 1355
1190 1353
1191 1355
1192 1357
1193 1355
1194 1354
1195 1354
1196 1356
1197 1357
1198 1356
1199 1358
1200 1357
1201 1359
1202 1358
1203 1357
1204 1354
1205 1357
1206 1354
1207 1355
1208 1360
1209 1357
1210 1353
1211 1354
1212 1356
1213 1359
1214 1357
1215 1354
1216 1355
1217 1354
1218 1356
1219 1356
1220 1356
1221 1357
1222 1353
1223 1356
1224 1355
1225 1356
1226 1358
1227 1357
1228 1357
1229 1357
1230 1355
1231 1358
1232 1358
1233 1356
1234 1356
1235 1356
1236 1356
1237 1354
1238 1356
1239 1351
1240 1353
1241 1356
1242 1359
1243 1358
1244 1356
1245 1356
1246 1355
1247 1358
1248 1356
1249 1356
1250 1354
1251 1354
1252 1354
1253 1357
1254 1356
1255 1355
1256 1357
1257 1357
1258 1357
1259 1356
1260 1357
1261 1355
1262 1356
1263 1355
1264 1355
1265 1354
1266 1353
1267 1353
1268 1355
1269 1355
1270 1356
1271 1354
1272 1353
1273 1354
1274 1354
1275 1355
1276 1355
1277 1353
1278 1355
1279 1355
1280 1354
1281 1354
1282 1356
1283 1358
1284 1356
1285 1357
1286 1355
1287 1355
1288 1356
1289 1355
1290 1356
1291 1358
1292 1355
1293 1352
1294 1357
1295 1354
1296 1356
1297 1356
1298 1355
1299 1355
1300 1356
1301 1355
1302 1355
1303 1354
1304 1356
1305 1354
1306 1357
1307 1357
1308 1357
1309 1355
1310 1356
1311 1357
1312 1357
1313 1354
1314 1355
1315 1353
1316 1355
1317 1357
1318 1355
1319 1353
1320 1356
1321 1354
1322 1356
1323 1355
1324 1359
1325 1355
1326 1358
1327 1356
1328 1356
1329 1356
1330 1356
1331 1356
1332 1355
1333 1354
1334 1355
1335 1356
1336 1352
1337 1357
1338 1356
1339 1356
1340 1358
1341 1357
1342 1357
1343 1356
1344 1354
1345 1356
1346 1358
1347 1356
1348 1358
1349 1357
1350 1356
1351 1356
1352 1356
1353 1356
1354 1354
1355 1354
1356 1355
1357 1355
1358 1357
1359 1355
1360 1356
1361 1357
1362 1354
1363 1356
1364 1358
1365 1356
1366 1359
1367 1356
1368 1358
1369 1356
1370 1355
1371 1354
1372 1356
1373 1353
1374 1353
1375 1355
1376 1356
1377 1354
1378 1355
1379 1355
1380 1357
1381 1356
1382 1357
1383 1353
1384 1357
1385 1357
1386 1357
1387 1354
1388 1357
1389 1355
1390 1354
1391 1355
1392 1355
1393 1355
1394 1355
1395 1352
1396 1355
1397 1355
1398 1356
1399 1356
1400 1354
1401 1356
1402 1358
1403 1356
1404 1353
1405 1356
1406 1355
1407 1358
1408 1357
1409 1358
1410 1358
1411 1357
1412 1357
1413 1357
1414 1356
1415 1356
1416 1356
1417 1357
1418 1357
1419 1356
1420 1356
1421 1355
1422 1354
1423 1358
1424 1354
1425 1355
1426 1356
1427 1354
1428 1355
1429 1356
1430 1357
1431 1357
1432 1356
1433 1355
1434 1356
1435 1356
1436 1357
1437 1353
1438 1359
1439 1358
1440 1357
1441 1356
1442 1359
1443 1359
1444 1361
1445 1356
1446 1357
1447 1353
1448 1357
1449 1356
1450 1359
1451 1355
1452 1356
1453 1353
1454 1355
1455 1353
1456 1355
1457 1357
1458 1355
1459 1357
1460 1358
1461 1356
1462 1356
1463 1355
1464 1355
1465 1356
1466 1357
1467 1353
1468 1354
1469 1356
1470 1356
1471 1357
1472 1356
1473 1354
1474 1357
1475 1356
1476 1356
1477 1355
1478 1357
1479 1357
1480 1356
1481 1358
1482 1357
1483 1356
1484 1358
1485 1357
1486 1357
1487 1356
1488 1357
1489 1358
1490 1358
1491 1356
1492 1354
1493 1354
1494 1356
1495 1357
1496 1357
1497 1353
1498 1355
1499 1357
1500 1355
1501 1359
1502 1359
1503 1354
1504 1354
1505 1353
1506 1360
1507 1358
1508 1357
1509 1357
1510 1356
1511 1355
1512 1358
1513 1353
1514 1357
1515 1357
1516 1357
1517 1356
1518 1355
1519 1354
1520 1355
1521 1357
1522 1356
1523 1355
1524 1359
1525 1354
1526 1358
1527 1356
1528 1356
1529 1355
1530 1356
1531 1355
1532 1357
1533 1357
1534 1356
1535 1358
1536 1359
1537 1355
1538 1358
1539 1357
1540 1357
1541 1355
1542 1358
1543 1355
1544 1357
1545 1358
1546 1359
1547 1356
1548 1357
1549 1355
1550 1356
1551 1356
1552 1356
1553 1355
1554 1358
1555 1358
1556 1356
1557 1353
1558 1357
1559 1356
1560 1356
1561 1355
1562 1357
1563 1355
1564 1357
1565 1355
1566 1357
1567 1356
1568 1355
1569 1354
1570 1356
1571 1357
1572 1358
1573 1357
1574 1359
1575 1356
1576 1358
1577 1357
1578 1358
1579 1355
1580 1356
1581 1357
1582 1357
1583 1357
1584 1355
1585 1356
1586 1358
1587 1356
1588 1356
1589 1355
1590 1357
1591 1357
1592 1357
1593 1355
1594 1356
1595 1357
1596 1357
1597 1354
1598 1358
1599 1357
1600 1355
1601 1356
1602 1356
1603 1357
1604 1356
1605 1356
1606 1355
1607 1354
1608 1356
1609 1353
1610 1354
1611 1350
1612 1355
1613 1354
1614 1355
1615 1360
1616 1361
1617 1357
1618 1357
1619 1354
1620 1359
1621 1356
1622 1356
1623 1354
1624 1355
1625 1357
1626 1358
1627 1356
1628 1358
1629 1357
1630 1358
1631 1356
1632 1357
1633 1358
1634 1357
1635 1358
1636 1357
1637 1355
1638 1357
1639 1355
1640 1356
1641 1354
1642 1357
1643 1351
1644 1357
1645 1353
1646 1354
1647 1354
1648 1356
1649 1354
1650 1356
1651 1355
1652 1353
1653 1355
1654 1353
1655 1356
1656 1356
1657 1357
1658 1358
1659 1357
1660 1359
1661 1357
1662 1357
1663 1356
1664 1353
1665 1357
1666 1356
1667 1358
1668 1357
1669 1357
1670 1356
1671 1356
1672 1356
1673 1355
1674 1356
1675 1358
1676 1360
1677 1358
1678 1355
1679 1354
1680 1356
1681 1355
1682 1357
1683 1356
1684 1356
1685 1356
1686 1356
1687 1355
1688 1357
1689 1355
1690 1357
1691 1356
1692 1355
1693 1354
1694 1356
1695 1353
1696 1355
1697 1353
1698 1355
1699 1355
1700 1356
1701 1356
1702 1356
1703 1356
1704 1355
1705 1355
1706 1355
1707 1356
1708 1354
1709 1357
1710 1358
1711 1357
1712 1356
1713 1357
1714 1357
1715 1357
1716 1357
1717 1358
1718 1357
1719 1356
1720 1355
1721 1355
1722 1357
1723 1355
1724 1356
1725 1353
1726 1356
1727 1355
1728 1355
1729 1350
1730 1354
1731 1356
1732 1355
1733 1353
1734 1355
1735 1355
1736 1356
1737 1355
1738 1354
1739 1354
1740 1354
1741 1356
1742 1358
1743 1357
1744 1358
1745 1354
1746 1357
1747 1356
1748 1355
1749 1352
1750 1355
1751 1357
1752 1356
1753 1357
1754 1355
1755 1357
1756 1357
1757 1357
1758 1357
1759 1354
1760 1359
1761 1355
1762 1356
1763 1354
1764 1358
1765 1354
1766 1355
1767 1355
1768 1355
1769 1353
1770 1358
1771 1354
1772 1355
1773 1353
1774 1355
1775 1356
1776 1357
1777 1356
1778 1357
1779 1357
1780 1357
1781 1356
1782 1356
1783 1357
1784 1358
1785 1357
1786 1355
1787 1354
1788 1356
1789 1353
1790 1357
1791 1356
1792 1357
1793 1356
1794 1358
1795 1358
1796 1355
1797 1355
1798 1357
1799 1356
1800 1356
1801 1356
1802 1359
1803 1357
1804 1354
1805 1356
1806 1356
1807 1355
1808 1356
1809 1356
1810 1356
1811 1358
1812 1355
1813 1353
1814 1355
1815 1357
1816 1357
1817 1356
1818 1357
1819 1355
1820 1358
1821 1357
1822 1353
1823 1353
1824 1356
1825 1355
1826 1354
1827 1357
1828 1357
1829 1357
1830 1354
1831 1354
1832 1354
1833 1356
1834 1354
1835 1354
1836 1356
1837 1355
1838 1357
1839 1357
1840 1358
1841 1357
1842 1357
1843 1354
1844 1356
1845 1357
1846 1356
1847 1356
1848 1358
1849 1354
1850 1358
1851 1356
1852 1355
1853 1355
1854 1354
1855 1354
1856 1354
1857 1355
1858 1355
1859 1358
1860 1356
1861 1356
1862 1356
1863 1356
1864 1354
1865 1355
1866 1355
1867 1357
1868 1351
1869 1356
1870 1354
1871 1355
1872 1356
1873 1356
1874 1355
1875 1359
1876 1357
1877 1355
1878 1356
1879 1355
1880 1355
1881 1354
1882 1354
1883 1357
1884 1354
1885 1354
1886 1356
1887 1355
1888 1355
1889 1356
1890 1356
1891 1357
1892 1357
1893 1356
1894 1356
1895 1356
1896 1356
1897 1356
1898 1354
1899 1356
1900 1354
1901 1357
1902 1357
1903 1356
1904 1357
1905 1356
1906 1355
1907 1356
1908 1356
1909 1355
1910 1355
1911 1359
1912 1354
1913 1355
1914 1355
1915 1355
1916 1358
1917 1359
1918 1357
1919 1355
1920 1356
1921 1357
1922 1357
1923 1355
1924 1357
1925 1357
1926 1358
1927 1357
1928 1356
1929 1356
1930 1357
1931 1355
1932 1358
1933 1356
1934 1353
1935 1353
1936 1357
1937 1355
1938 1356
1939 1357
1940 1354
1941 1359
1942 1357
1943 1359
1944 1355
1945 1355
1946 1357
1947 1357
1948 1357
1949 1356
1950 1356
1951 1356
1952 1357
1953 1354
1954 1354
1955 1356
1956 1355
1957 1354
1958 1356
1959 1356
1960 1356
1961 1356
1962 1359
1963 1358
1964 1357
1965 1358
1966 1357
1967 1356
1968 1356
1969 1356
1970 1356
1971 1354
1972 1356
1973 1356
1974 1356
1975 1356
1976 1357
1977 1356
1978 1356
1979 1355
1980 1355
1981 1355
1982 1357
1983 1353
1984 1357
1985 1356
1986 1357
1987 1356
1988 1358
1989 1357
1990 1358
1991 1355
1992 1356
1993 1357
1994 1357
1995 1357
1996 1357
1997 1357
1998 1356
1999 1355
2000 1357
2001 1357
2002 1357
2003 1356
2004 1357
2005 1355
2006 1359
2007 1356
2008 1356
2009 1356
2010 1357
2011 1356
2012 1357
2013 1353
2014 1354
2015 1355
2016 1356
2017 1354
2018 1353
2019 1354
2020 1356
2021 1355
2022 1357
2023 1353
2024 1356
2025 1359
2026 1355
2027 1356
2028 1354
2029 1353
2030 1354
2031 1358
2032 1358
2033 1358
2034 1358
2035 1355
2036 1356
2037 1358
2038 1357
2039 1356
2040 1355
2041 1354
2042 1360
2043 1358
2044 1356
2045 1356
2046 1357
2047 1354
2048 1355
2049 1357
2050 1357
2051 1357
2052 1359
2053 1358
2054 1357
2055 1355
2056 1355
2057 1357
2058 1356
2059 1358
2060 1358
2061 1357
2062 1358
2063 1358
2064 1359
2065 1355
2066 1354
2067 1354
2068 1356
2069 1356
2070 1356
2071 1358
2072 1357
2073 1357
2074 1358
2075 1355
2076 1357
2077 1360
2078 1357
2079 1358
2080 1358
2081 1355
2082 1359
2083 1355
2084 1356
2085 1357
2086 1357
2087 1357
2088 1357
2089 1356
2090 1358
2091 1356
2092 1357
2093 1356
2094 1356
2095 1352
2096 1356
2097 1355
2098 1358
2099 1357
2100 1356
2101 1356
2102 1355
2103 1354
2104 1356
2105 1354
2106 1356
2107 1358
2108 1356
2109 1358
2110 1356
2111 1355
2112 1357
2113 1356
2114 1357
2115 1356
2116 1355
2117 1359
2118 1358
2119 1353
2120 1358
2121 1358
2122 1357
2123 1355
2124 1357
2125 1360
2126 1356
2127 1357
2128 1358
2129 1353
2130 1354
2131 1354
2132 1356
2133 1356
2134 1358
2135 1357
2136 1360
2137 1357
2138 1353
2139 1353
2140 1356
2141 1356
2142 1356
2143 1356
2144 1356
2145 1358
2146 1358
2147 1356
2148 1358
2149 1355
2150 1357
2151 1357
2152 1358
2153 1355
2154 1356
2155 1357
2156 1354
2157 1356
2158 1355
2159 1357
2160 1356
2161 1354
2162 1356
2163 1355
2164 1352
2165 1354
2166 1356
2167 1357
2168 1353
2169 1356
2170 1356
2171 1356
2172 1358
2173 1354
2174 1358
2175 1354
2176 1356
2177 1355
2178 1355
2179 1357
2180 1354
2181 1357
2182 1355
2183 1357
2184 1357
2185 1359
2186 1355
2187 1359
2188 1355
2189 1355
2190 1352
2191 1357
2192 1356
2193 1357
2194 1356
2195 1354
2196 1357
2197 1358
2198 1356
2199 1359
2200 1358
2201 1355
2202 1356
2203 1356
2204 1355
2205 1360
2206 1356
2207 1355
2208 1358
2209 1358
2210 1357
2211 1359
2212 1359
2213 1358
2214 1357
2215 1356
2216 1356
2217 1358
2218 1359
2219 1358
2220 1357
2221 1356
2222 1356
2223 1358
2224 1354
2225 1357
2226 1356
2227 1357
2228 1357
2229 1356
2230 1355
2231 1356
2232 1356
2233 1358
2234 1356
2235 1357
2236 1353
2237 1354
2238 1358
2239 1354
2240 1355
2241 1356
2242 1355
2243 1356
2244 1358
2245 1354
2246 1354
2247 1356
2248 1356
2249 1357
2250 1356
2251 1358
2252 1357
2253 1357
2254 1359
2255 1354
2256 1356
2257 1355
2258 1356
2259 1356
2260 1356
2261 1357
2262 1358
2263 1359
2264 1356
2265 1357
2266 1355
2267 1356
2268 1358
2269 1359
2270 1356
2271 1357
2272 1354
2273 1357
2274 1354
2275 1356
2276 1356
2277 1357
2278 1354
2279 1355
2280 1354
2281 1356
2282 1356
2283 1356
2284 1356
2285 1359
2286 1356
2287 1356
2288 1355
2289 1354
2290 1355
2291 1356
2292 1356
2293 1356
2294 1356
2295 1357
2296 1359
2297 1357
2298 1355
2299 1358
2300 1356
2301 1355
2302 1355
2303 1358
2304 1356
2305 1355
2306 1357
2307 1355
2308 1356
2309 1353
2310 1356
2311 1357
2312 1356
2313 1355
2314 1356
2315 1355
2316 1354
2317 1356
2318 1358
2319 1357
2320 1358
2321 1355
2322 1357
2323 1353
2324 1355
2325 1356
2326 1353
2327 1357
2328 1357
2329 1357
2330 1355
2331 1357
2332 1356
2333 1356
2334 1354
2335 1355
2336 1357
2337 1357
2338 1358
2339 1355
2340 1356
2341 1357
2342 1355
2343 1355
2344 1355
2345 1355
2346 1358
2347 1357
2348 1354
2349 1356
2350 1358
2351 1357
2352 1355
2353 1357
2354 1356
2355 1355
2356 1356
2357 1356
2358 1357
2359 1358
2360 1356
2361 1353
2362 1356
2363 1355
2364 1355
2365 1353
2366 1356
2367 1356
2368 1357
2369 1356
2370 1357
2371 1355
2372 1357
2373 1354
2374 1355
2375 1354
2376 1355
2377 1356
2378 1355
2379 1354
2380 1355
2381 1355
2382 1358
2383 1355
2384 1354
2385 1355
2386 1356
2387 1356
2388 1358
2389 1354
2390 1354
2391 1354
2392 1356
2393 1358
2394 1359
2395 1358
2396 1354
2397 1355
2398 1355
2399 1354
2400 1352
2401 1355
2402 1355
2403 1355
2404 1355
2405 1355
2406 1356
2407 1357
2408 1355
2409 1355
2410 1355
2411 1354
2412 1355
2413 1355
2414 1353
2415 1353
2416 1357
2417 1357
2418 1353
2419 1353
2420 1354
2421 1357
2422 1355
2423 1354
2424 1354
2425 1355
2426 1357
2427 1353
2428 1357
2429 1356
2430 1357
2431 1356
2432 1356
2433 1353
2434 1355
2435 1355
2436 1358
2437 1357
2438 1355
2439 1355
2440 1357
2441 1356
2442 1355
2443 1356
2444 1357
2445 1356
2446 1356
2447 1357
2448 1357
2449 1356
2450 1355
2451 1355
2452 1355
2453 1353
2454 1354
2455 1359
2456 1355
2457 1356
2458 1356
2459 1355
2460 1356
2461 1354
2462 1356
2463 1357
2464 1354
2465 1355
2466 1355
2467 1356
2468 1355
2469 1356
2470 1356
2471 1355
2472 1353
2473 1356
2474 1358
2475 1357
2476 1354
2477 1355
2478 1356
2479 1356
2480 1357
2481 1356
2482 1354
2483 1354
2484 1354
2485 1356
2486 1354
2487 1356
2488 1354
2489 1355
2490 1356
2491 1357
2492 1355
2493 1357
2494 1355
2495 1358
2496 1357
2497 1355
2498 1354
2499 1354
2500 1356
2501 1354
2502 1356
2503 1357
2504 1354
2505 1357
2506 1357
2507 1358
2508 1357
2509 1357
2510 1357
2511 1357
2512 1357
2513 1354
2514 1356
2515 1354
2516 1356
2517 1354
2518 1355
2519 1355
2520 1356
2521 1353
2522 1355
2523 1358
2524 1357
2525 1357
2526 1358
2527 1355
2528 1356
2529 1356
2530 1355
2531 1356
2532 1356
2533 1357
2534 1355
2535 1355
2536 1357
2537 1358
2538 1358
2539 1355
2540 1354
2541 1357
2542 1358
2543 1357
2544 1359
2545 1359
2546 1356
2547 1357
2548 1354
2549 1357
2550 1358
2551 1356
2552 1359
2553 1357
2554 1356
2555 1354
2556 1355
2557 1352
2558 1354
2559 1355
2560 1354
2561 1354
2562 1354
2563 1355
2564 1357
2565 1357
2566 1357
2567 1357
2568 1357
2569 1357
2570 1356
2571 1357
2572 1357
2573 1357
2574 1358
2575 1355
2576 1359
2577 1358
2578 1356
2579 1353
2580 1356
2581 1358
2582 1354
2583 1356
2584 1356
2585 1355
2586 1354
2587 1354
2588 1354
2589 1356
2590 1357
2591 1354
2592 1353
2593 1355
2594 1358
2595 1357
2596 1357
2597 1357
2598 1356
2599 1355
2600 1357
2601 1356
2602 1353
2603 1354
2604 1356
2605 1359
2606 1355
2607 1357
2608 1357
2609 1356
2610 1358
2611 1354
2612 1356
2613 1359
2614 1357
2615 1356
2616 1355
2617 1356
2618 1356
2619 1358
2620 1357
2621 1357
2622 1358
2623 1357
2624 1356
2625 1355
2626 1355
2627 1358
2628 1355
2629 1353
2630 1353
2631 1355
2632 1355
2633 1355
2634 1354
2635 1356
2636 1357
2637 1354
2638 1353
2639 1354
2640 1354
2641 1356
2642 1356
2643 1356
2644 1358
2645 1358
2646 1355
2647 1357
2648 1356
2649 1354
2650 1356
2651 1359
2652 1356
2653 1352
2654 1357
2655 1357
2656 1356
2657 1357
2658 1357
2659 1358
2660 1358
2661 1358
2662 1355
2663 1357
2664 1355
2665 1355
2666 1354
2667 1354
2668 1354
2669 1356
2670 1355
2671 1358
2672 1354
2673 1357
2674 1356
2675 1357
2676 1356
2677 1357
2678 1353
2679 1354
2680 1354
2681 1355
2682 1355
2683 1355
2684 1354
2685 1355
2686 1354
2687 1355
2688 1356
2689 1357
2690 1354
2691 1357
2692 1354
2693 1359
2694 1356
2695 1354
2696 1357
2697 1356
2698 1355
2699 1355
2700 1356
2701 1357
2702 1355
2703 1354
2704 1353
2705 1355
2706 1355
2707 1357
2708 1355
2709 1357
2710 1356
2711 1358
2712 1353
2713 1352
2714 1353
2715 1357
2716 1356
2717 1358
2718 1356
2719 1355
2720 1355
2721 1355
2722 1356
2723 1357
2724 1357
2725 1358
2726 1356
2727 1357
2728 1357
2729 1355
2730 1359
2731 1357
2732 1355
2733 1357
2734 1355
2735 1354
2736 1359
2737 1355
2738 1355
2739 1355
2740 1356
2741 1355
2742 1355
2743 1354
2744 1354
2745 1354
2746 1355
2747 1354
2748 1356
2749 1356
2750 1358
2751 1355
2752 1357
2753 1358
2754 1356
2755 1357
2756 1357
2757 1356
2758 1358
2759 1358
2760 1355
2761 1357
2762 1358
2763 1357
2764 1357
2765 1355
2766 1356
2767 1352
2768 1356
2769 1357
2770 1356
2771 1356
2772 1356
2773 1357
2774 1355
2775 1354
2776 1356
2777 1357
2778 1357
2779 1356
2780 1354
2781 1357
2782 1355
2783 1357
2784 1356
2785 1356
2786 1356
2787 1357
2788 1356
2789 1356
2790 1358
2791 1357
2792 1359
2793 1355
2794 1355
2795 1353
2796 1354
2797 1353
2798 1354
2799 1354
2800 1355
2801 1356
2802 1356
2803 1356
2804 1354
2805 1353
2806 1355
2807 1355
2808 1356
2809 1355
2810 1354
2811 1356
2812 1355
2813 1353
2814 1353
2815 1353
2816 1356
2817 1357
2818 1357
2819 1357
2820 1355
2821 1355
2822 1354
2823 1356
2824 1359
2825 1358
2826 1356
2827 1358
2828 1355
2829 1357
2830 1353
2831 1352
2832 1354
2833 1354
2834 1353
2835 1357
2836 1358
2837 1356
2838 1357
2839 1356
2840 1356
2841 1358
2842 1353
2843 1356
2844 1357
2845 1356
2846 1355
2847 1353
2848 1355
2849 1357
2850 1357
2851 1357
2852 1358
2853 1356
2854 1356
2855 1357
2856 1355
2857 1356
2858 1353
2859 1357
2860 1356
2861 1356
2862 1356
2863 1353
2864 1356
2865 1352
2866 1356
2867 1356
2868 1356
2869 1357
2870 1358
2871 1355
2872 1357
2873 1356
2874 1355
2875 1357
2876 1358
2877 1357
2878 1356
2879 1357
2880 1356
2881 1356
2882 1357
2883 1357
2884 1359
2885 1358
2886 1356
2887 1357
2888 1355
2889 1357
2890 1357
2891 1357
2892 1356
2893 1355
2894 1356
2895 1356
2896 1356
2897 1357
2898 1356
2899 1355
2900 1355
2901 1353
2902 1355
2903 1357
2904 1356
2905 1356
2906 1358
2907 1356
2908 1357
2909 1354
2910 1356
2911 1358
2912 1358
2913 1356
2914 1357
2915 1357
2916 1358
2917 1360
2918 1355
2919 1356
2920 1355
2921 1357
2922 1356
2923 1355
2924 1356
2925 1356
2926 1357
2927 1356
2928 1353
2929 1353
2930 1357
2931 1357
2932 1361
2933 1358
2934 1358
2935 1357
2936 1354
2937 1357
2938 1356
2939 1359
2940 1357
2941 1356
2942 1357
2943 1355
2944 1356
2945 1354
2946 1357
2947 1356
2948 1356
2949 1355
2950 1356
2951 1356
2952 1357
2953 1356
2954 1359
2955 1359
2956 1358
2957 1357
2958 1356
2959 1355
2960 1355
2961 1359
2962 1356
2963 1356
2964 1358
2965 1357
2966 1359
2967 1357
2968 1355
2969 1356
2970 1355
2971 1355
2972 1355
2973 1355
2974 1354
2975 1356
2976 1356
2977 1355
2978 1355
2979 1354
2980 1355
2981 1354
2982 1355
2983 1357
2984 1357
2985 1355
2986 1356
2987 1355
2988 1358
2989 1356
2990 1357
2991 1355
2992 1358
2993 1356
2994 1358
2995 1356
2996 1354
2997 1355
2998 1357
2999 1357
3000 1354
3001 1355
3002 1356
3003 1357
3004 1356
3005 1354
3006 1355
3007 1353
3008 1357
3009 1357
3010 1357
3011 1356
3012 1356
3013 1355
3014 1354
3015 1354
3016 1356
3017 1355
3018 1353
3019 1355
3020 1357
3021 1355
3022 1357
3023 1354
3024 1356
3025 1354
3026 1356
3027 1356
3028 1360
3029 1355
3030 1356
3031 1356
3032 1358
3033 1356
3034 1353
3035 1355
3036 1357
3037 1355
3038 1355
3039 1356
3040 1356
3041 1353
3042 1356
3043 1352
3044 1354
3045 1355
3046 1356
3047 1355
3048 1353
3049 1354
3050 1355
3051 1354
3052 1357
3053 1354
3054 1356
3055 1356
3056 1357
3057 1356
3058 1359
3059 1354
3060 1357
3061 1356
3062 1358
3063 1354
3064 1355
3065 1355
3066 1356
3067 1354
3068 1356
3069 1356
3070 1355
3071 1354
3072 1358
3073 1354
3074 1355
3075 1356
3076 1357
3077 1355
3078 1354
3079 1355
3080 1354
3081 1355
3082 1354
3083 1357
3084 1354
3085 1355
3086 1357
3087 1356
3088 1357
3089 1354
3090 1356
3091 1353
3092 1356
3093 1356
3094 1357
3095 1355
3096 1356
3097 1355
3098 1358
3099 1354
3100 1353
3101 1354
3102 1358
3103 1355
3104 1356
3105 1352
3106 1355
3107 1351
3108 1356
3109 1353
3110 1358
3111 1353
3112 1357
3113 1356
3114 1356
3115 1353
3116 1356
3117 1355
3118 1357
3119 1354
3120 1358
3121 1355
3122 1357
3123 1356
3124 1357
3125 1355
3126 1357
3127 1355
3128 1354
3129 1357
3130 1358
3131 1357
3132 1356
3133 1353
3134 1355
3135 1355
3136 1356
3137 1356
3138 1355
3139 1355
3140 1354
3141 1355
3142 1356
3143 1354
3144 1357
3145 1357
3146 1356
3147 1355
3148 1356
3149 1356
3150 1355
3151 1355
3152 1355
3153 1358
3154 1356
3155 1356
3156 1355
3157 1355
3158 1354
3159 1356
3160 1357
3161 1353
3162 1354
3163 1356
3164 1356
3165 1355
3166 1355
3167 1355
3168 1355
3169 1356
3170 1356
3171 1354
3172 1358
3173 1355
3174 1354
3175 1355
3176 1354
3177 1357
3178 1358
3179 1357
3180 1358
3181 1357
3182 1355
3183 1353
3184 1358
3185 1357
3186 1355
3187 1356
3188 1354
3189 1356
3190 1356
3191 1357
3192 1356
3193 1355
3194 1356
3195 1360
3196 1358
3197 1356
3198 1355
3199 1352
3200 1357
3201 1358
3202 1359
3203 1357
3204 1356
3205 1359
3206 1360
3207 1357
3208 1358
3209 1356
3210 1356
3211 1357
3212 1357
3213 1355
3214 1356
3215 1354
3216 1356
3217 1360
3218 1357
3219 1357
3220 1356
3221 1357
3222 1355
3223 1356
3224 1358
3225 1357
3226 1355
3227 1357
3228 1357
3229 1357
3230 1357
3231 1354
3232 1355
3233 1357
3234 1356
3235 1357
3236 1358
3237 1357
3238 1358
3239 1356
3240 1356
3241 1356
3242 1358
3243 1357
3244 1355
3245 1357
3246 1356
3247 1357
3248 1356
3249 1356
3250 1355
3251 1357
3252 1355
3253 1355
3254 1354
3255 1358
3256 1357
3257 1358
3258 1355
3259 1355
3260 1357
3261 1356
3262 1352
3263 1357
3264 1355
3265 1357
3266 1354
3267 1355
3268 1356
3269 1354
3270 1356
3271 1359
3272 1356
3273 1357
3274 1357
3275 1356
3276 1355
3277 1357
3278 1356
3279 1356
3280 1356
3281 1357
3282 1355
3283 1356
3284 1355
3285 1357
3286 1357
3287 1359
3288 1354
3289 1356
3290 1354
3291 1355
3292 1354
3293 1357
3294 1355
3295 1356
3296 1357
3297 1358
3298 1356
3299 1355
3300 1356
3301 1358
3302 1356
3303 1357
3304 1357
3305 1357
3306 1357
3307 1357
3308 1356
3309 1356
3310 1356
3311 1356
3312 1358
3313 1359
3314 1356
3315 1359
3316 1356
3317 1357
3318 1357
3319 1357
3320 1356
3321 1357
3322 1355
3323 1352
3324 1356
3325 1358
3326 1355
3327 1356
3328 1356
3329 1356
3330 1355
3331 1354
3332 1356
3333 1355
3334 1355
3335 1356
3336 1357
3337 1356
3338 1356
3339 1357
3340 1356
3341 1358
3342 1356
3343 1356
3344 1357
3345 1355
3346 1356
3347 1357
3348 1357
3349 1354
3350 1354
3351 1357
3352 1357
3353 1356
3354 1355
3355 1360
3356 1358
3357 1356
3358 1357
3359 1354
3360 1358
3361 1357
3362 1355
3363 1357
3364 1356
3365 1357
3366 1355
3367 1359
3368 1356
3369 1357
3370 1354
3371 1356
3372 1355
3373 1357
3374 1356
3375 1358
3376 1356
3377 1357
3378 1355
3379 1355
3380 1356
3381 1356
3382 1355
3383 1357
3384 1357
3385 1357
3386 1357
3387 1358
3388 1357
3389 1356
3390 1358
3391 1359
3392 1356
3393 1357
3394 1355
3395 1356
3396 1357
3397 1356
3398 1356
3399 1357
3400 1356
3401 1359
3402 1357
3403 1354
3404 1354
3405 1358
3406 1355
3407 1355
3408 1356
3409 1358
3410 1356
3411 1357
3412 1355
3413 1355
3414 1355
3415 1356
3416 1353
3417 1353
3418 1353
3419 1357
3420 1355
3421 1359
3422 1355
3423 1357
3424 1356
3425 1358
3426 1355
3427 1360
3428 1355
3429 1357
3430 1356
3431 1356
3432 1355
3433 1355
3434 1353
3435 1356
3436 1356
3437 1357
3438 1354
3439 1357
3440 1359
3441 1355
3442 1354
3443 1356
3444 1355
3445 1353
3446 1353
3447 1356
3448 1355
3449 1356
3450 1355
3451 1356
3452 1356
3453 1358
3454 1356
3455 1355
3456 1352
3457 1358
3458 1356
3459 1357
3460 1356
3461 1357
3462 1356
3463 1356
3464 1355
3465 1358
3466 1356
3467 1359
3468 1358
3469 1357
3470 1356
3471 1356
3472 1356
3473 1357
3474 1355
3475 1354
3476 1354
3477 1356
3478 1355
3479 1357
3480 1355
3481 1355
3482 1356
3483 1357
3484 1355
3485 1358
3486 1356
3487 1357
3488 1356
3489 1355
3490 1355
3491 1357
3492 1353
3493 1357
3494 1353
3495 1357
3496 1353
3497 1355
3498 1355
3499 1356
3500 1355
3501 1356
3502 1353
3503 1357
3504 1355
3505 1357
3506 1355
3507 1355
3508 1355
3509 1355
3510 1356
3511 1357
3512 1353
3513 1359
3514 1359
3515 1357
3516 1353
3517 1357
3518 1353
3519 1357
3520 1354
3521 1357
3522 1355
3523 1358
3524 1356
3525 1357
3526 1356
3527 1358
3528 1357
3529 1355
3530 1355
3531 1353
3532 1352
3533 1354
3534 1355
3535 1358
3536 1358
3537 1357
3538 1353
3539 1357
3540 1357
3541 1358
3542 1356
3543 1356
3544 1356
3545 1361
3546 1355
3547 1357
3548 1354
3549 1357
3550 1357
3551 1358
3552 1356
3553 1354
3554 1358
3555 1356
3556 1356
3557 1352
3558 1356
3559 1355
3560 1356
3561 1354
3562 1356
3563 1356
3564 1355
3565 1357
3566 1356
3567 1358
3568 1356
3569 1359
3570 1354
3571 1358
3572 1354
3573 1355
3574 1355
3575 1355
3576 1356
3577 1355
3578 1357
3579 1356
3580 1356
3581 1356
3582 1356
3583 1354
3584 1355
3585 1359
3586 1357
3587 1354
3588 1358
3589 1357
3590 1356
3591 1357
3592 1356
3593 1352
3594 1354
3595 1356
3596 1356
3597 1356
3598 1356
3599 1356
3600 1357
3601 1357
3602 1360
3603 1358
3604 1354
3605 1358
3606 1355
3607 1355
3608 1356
3609 1357
3610 1358
3611 1358
3612 1356
3613 1354
3614 1357
3615 1357
3616 1358
3617 1359
3618 1357
3619 1354
3620 1357
3621 1356
3622 1355
3623 1353
3624 1356
3625 1355
3626 1355
3627 1355
3628 1355
3629 1356
3630 1356
3631 1359
3632 1357
3633 1357
3634 1356
3635 1354
3636 1357
3637 1357
3638 1356
3639 1355
3640 1356
3641 1354
3642 1355
3643 1355
3644 1356
3645 1356
3646 1356
3647 1356
3648 1354
3649 1354
3650 1358
3651 1355
3652 1356
3653 1354
3654 1354
3655 1358
3656 1356
3657 1355
3658 1356
3659 1355
3660 1355
3661 1355
3662 1358
3663 1354
3664 1354
3665 1354
3666 1356
3667 1355
3668 1357
3669 1357
3670 1357
3671 1358
3672 1356
3673 1357
3674 1357
3675 1355
3676 1357
3677 1358
3678 1354
3679 1354
3680 1354
3681 1354
3682 1354
3683 1354
3684 1352
3685 1353
3686 1357
3687 1356
3688 1356
3689 1355
3690 1354
3691 1358
3692 1357
3693 1354
3694 1355
3695 1357
3696 1357
3697 1356
3698 1356
3699 1355
3700 1355
3701 1359
3702 1358
3703 1355
3704 1356
3705 1356
3706 1355
3707 1353
3708 1358
3709 1357
3710 1355
3711 1355
3712 1356
3713 1357
3714 1355
3715 1354
3716 1353
3717 1357
3718 1358
3719 1355
3720 1353
3721 1352
3722 1353
3723 1356
3724 1358
3725 1357
3726 1356
3727 1357
3728 1356
3729 1355
3730 1353
3731 1357
3732 1356
3733 1355
3734 1356
3735 1355
3736 1358
3737 1357
3738 1354
3739 1356
3740 1356
3741 1359
3742 1356
3743 1356
3744 1355
3745 1354
3746 1356
3747 1357
3748 1356
3749 1354
3750 1353
3751 1354
3752 1356
3753 1356
3754 1356
3755 1354
3756 1355
3757 1354
3758 1356
3759 1355
3760 1357
3761 1356
3762 1355
3763 1356
3764 1356
3765 1357
3766 1355
3767 1355
3768 1358
3769 1358
3770 1358
3771 1356
3772 1355
3773 1357
3774 1355
3775 1356
3776 1357
3777 1354
3778 1354
3779 1353
3780 1355
3781 1354
3782 1357
3783 1354
3784 1356
3785 1355
3786 1358
3787 1355
3788 1359
3789 1357
3790 1359
3791 1359
3792 1356
3793 1357
3794 1354
3795 1357
3796 1355
3797 1356
3798 1355
3799 1355
3800 1354
3801 1355
3802 1356
3803 1356
3804 1358
3805 1354
3806 1356
3807 1356
3808 1356
3809 1354
3810 1358
3811 1357
3812 1354
3813 1354
3814 1356
3815 1354
3816 1357
3817 1355
3818 1355
3819 1359
3820 1357
3821 1357
3822 1356
3823 1356
3824 1357
3825 1359
3826 1354
3827 1357
3828 1355
3829 1357
3830 1355
3831 1357
3832 1355
3833 1354
3834 1356
3835 1357
3836 1357
3837 1356
3838 1357
3839 1355
3840 1354
3841 1353
3842 1353
3843 1353
3844 1356
3845 1357
3846 1358
3847 1356
3848 1355
3849 1356
3850 1358
3851 1356
3852 1356
3853 1356
3854 1355
3855 1357
3856 1356
3857 1359
3858 1356
3859 1355
3860 1358
3861 1359
3862 1356
3863 1354
3864 1354
3865 1357
3866 1358
3867 1352
3868 1356
3869 1355
3870 1354
3871 1354
3872 1356
3873 1355
3874 1354
3875 1353
3876 1354
3877 1358
3878 1357
3879 1357
3880 1356
3881 1357
3882 1353
3883 1353
3884 1356
3885 1357
3886 1354
3887 1358
3888 1356
3889 1356
3890 1356
3891 1354
3892 1355
3893 1356
3894 1354
3895 1354
3896 1356
3897 1355
3898 1355
3899 1351
3900 1354
3901 1357
3902 1354
3903 1355
3904 1354
3905 1352
3906 1355
3907 1353
3908 1354
3909 1353
3910 1357
3911 1358
3912 1358
3913 1353
3914 1356
3915 1356
3916 1356
3917 1357
3918 1356
3919 1354
3920 1357
3921 1357
3922 1356
3923 1355
3924 1356
3925 1355
3926 1356
3927 1355
3928 1354
3929 1353
3930 1355
3931 1358
3932 1357
3933 1357
3934 1354
3935 1355
3936 1354
3937 1357
3938 1357
3939 1357
3940 1357
3941 1354
3942 1358
3943 1356
3944 1354
3945 1356
3946 1355
3947 1354
3948 1357
3949 1355
3950 1358
3951 1357
3952 1357
3953 1356
3954 1357
3955 1356
3956 1357
3957 1354
3958 1355
3959 1354
3960 1355
3961 1355
3962 1355
3963 1354
3964 1357
3965 1352
3966 1355
3967 1354
3968 1356
3969 1356
3970 1357
3971 1355
3972 1358
3973 1356
3974 1357
3975 1355
3976 1356
3977 1355
3978 1356
3979 1355
3980 1357
3981 1354
3982 1357
3983 1353
3984 1357
3985 1356
3986 1357
3987 1356
3988 1357
3989 1358
3990 1358
3991 1355
3992 1356
3993 1356
3994 1356
3995 1355
3996 1358
3997 1355
3998 1359
3999 1354
