0 1359
1 1355
2 1354
3 1357
4 1356
5 1356
6 1355
7 1357
8 1355
9 1357
10 1355
11 1357
12 1355
13 1359
14 1357
15 1357
16 1354
17 1354
18 1356
19 1359
20 1357
21 1356
22 1357
23 1359
24 1358
25 1357
26 1357
27 1359
28 1359
29 1357
30 1357
31 1357
32 1357
33 1359
34 1358
35 1358
36 1356
37 1358
38 1356
39 1355
40 1356
41 1356
42 1361
43 1357
44 1357
45 1356
46 1357
47 1355
48 1355
49 1356
50 1356
51 1356
52 1356
53 1357
54 1355
55 1359
56 1357
57 1355
58 1356
59 1355
60 1357
61 1355
62 1355
63 1354
64 1357
65 1357
66 1356
67 1355
68 1357
69 1358
70 1358
71 1355
72 1357
73 1357
74 1357
75 1358
76 1355
77 1355
78 1357
79 1357
80 1355
81 1358
82 1356
83 1360
84 1356
85 1356
86 1354
87 1359
88 1357
89 1357
90 1357
91 1359
92 1356
93 1355
94 1353
95 1355
96 1354
97 1354
98 1357
99 1360
100 1359
101 1357
102 1355
103 1354
104 1355
105 1357
106 1357
107 1359
108 1354
109 1357
110 1355
111 1356
112 1356
113 1358
114 1357
115 1355
116 1355
117 1357
118 1357
119 1357
120 1355
121 1355
122 1356
123 1356
124 1356
125 1358
126 1357
127 1357
128 1358
129 1357
130 1355
131 1355
132 1358
133 1357
134 1355
135 1355
136 1357
137 1357
138 1358
139 1358
140 1355
141 1357
142 1358
143 1357
144 1356
145 1358
146 1355
147 1358
148 1357
149 1358
150 1357
151 1357
152 1357
153 1356
154 1358
155 1356
156 1354
157 1355
158 1356
159 1357
160 1358
161 1355
162 1356
163 1358
164 1357
165 1358
166 1357
167 1354
168 1356
169 1355
170 1358
171 1357
172 1360
173 1357
174 1358
175 1355
176 1356
177 1356
178 1356
179 1355
180 1359
181 1357
182 1356
183 1353
184 1355
185 1357
186 1356
187 1355
188 1356
189 1356
190 1357
191 1354
192 1354
193 1356
194 1354
195 1357
196 1356
197 1358
198 1356
199 1354
200 1355
201 1355
202 1358
203 1356
204 1357
205 1355
206 1358
207 1357
208 1356
209 1357
210 1355
211 1356
212 1355
213 1355
214 1356
215 1357
216 1356
217 1353
218 1353
219 1353
220 1356
221 1356
222 1356
223 1358
224 1354
225 1358
226 1354
227 1352
228 1354
229 1355
230 1357
231 1359
232 1356
233 1354
234 1358
235 1356
236 1354
237 1356
238 1356
239 1355
240 1359
241 1358
242 1355
243 1357
244 1357
245 1358
246 1358
247 1355
248 1356
249 1355
250 1355
251 1354
252 1353
253 1357
254 1356
255 1356
256 1358
257 1358
258 1357
259 1358
260 1357
261 1356
262 1359
263 1354
264 1356
265 1356
266 1356
267 1357
268 1357
269 1355
270 1358
271 1358
272 1358
273 1357
274 1355
275 1351
276 1355
277 1357
278 1355
279 1353
280 1355
281 1354
282 1355
283 1356
284 1356
285 1358
286 1357
287 1357
288 1358
289 1357
290 1357
291 1355
292 1356
293 1356
294 1357
295 1355
296 1357
297 1357
298 1357
299 1357
300 1356
301 1356
302 1356
303 1355
304 1357
305 1357
306 1358
307 1356
308 1356
309 1357
310 1356
311 1358
312 1356
313 1355
314 1358
315 1357
316 1360
317 1356
318 1359
319 1357
320 1357
321 1353
322 1358
323 1357
324 1358
325 1360
326 1358
327 1357
328 1358
329 1357
330 1357
331 1356
332 1360
333 1358
334 1359
335 1355
336 1357
337 1357
338 1357
339 1356
340 1356
341 1356
342 1356
343 1355
344 1358
345 1357
346 1357
347 1355
348 1357
349 1355
350 1360
351 1356
352 1359
353 1357
354 1357
355 1358
356 1357
357 1356
358 1358
359 1356
360 1356
361 1358
362 1354
363 1359
364 1357
365 1357
366 1359
367 1357
368 1357
369 1355
370 1358
371 1356
372 1355
373 1356
374 1359
375 1357
376 1358
377 1357
378 1358
379 1356
380 1356
381 1356
382 1356
383 1352
384 1355
385 1355
386 1356
387 1355
388 1359
389 1357
390 1357
391 1356
392 1355
393 1356
394 1356
395 1355
396 1356
397 1356
398 1355
399 1356
400 1358
401 1358
402 1355
403 1357
404 1354
405 1355
406 1356
407 1358
408 1356
409 1355
410 1359
411 1357
412 1357
413 1357
414 1357
415 1356
416 1355
417 1355
418 1357
419 1355
420 1357
421 1357
422 1358
423 1356
424 1356
425 1358
426 1356
427 1356
428 1358
429 1359
430 1358
431 1358
432 1358
433 1357
434 1357
435 1356
436 1356
437 1355
438 1357
439 1358
440 1357
441 1359
442 1357
443 1357
444 1356
445 1360
446 1357
447 1361
448 1357
449 1356
450 1356
451 1356
452 1358
453 1357
454 1355
455 1357
456 1355
457 1357
458 1357
459 1358
460 1358
461 1358
462 1358
463 1360
464 1358
465 1357
466 1357
467 1357
468 1359
469 1354
470 1357
471 1357
472 1356
473 1354
474 1357
475 1355
476 1358
477 1357
478 1358
479 1357
480 1357
481 1358
482 1358
483 1358
484 1358
485 1360
486 1356
487 1355
488 1356
489 1358
490 1356
491 1359
492 1358
493 1356
494 1357
495 1359
496 1356
497 1356
498 1357
499 1357
500 1359
501 1363
502 1364
503 1369
504 1378
505 1384
506 1390
507 1396
508 1406
509 1415
510 1420
511 1427
512 1436
513 1439
514 1447
515 1446
516 1453
517 1457
518 1462
519 1461
520 1464
521 1460
522 1463
523 1461
524 1466
525 1463
526 1461
527 1461
528 1459
529 1452
530 1449
531 1443
532 1439
533 1432
534 1428
535 1424
536 1419
537 1416
538 1414
539 1411
540 1409
541 1407
542 1401
543 1399
544 1397
545 1396
546 1394
547 1391
548 1388
549 1385
550 1381
551 1381
552 1381
553 1382
554 1378
555 1376
556 1371
557 1374
558 1372
559 1369
560 1365
561 1368
562 1371
563 1366
564 1367
565 1365
566 1366
567 1368
568 1366
569 1363
570 1367
571 1363
572 1365
573 1362
574 1361
575 1360
576 1360
577 1361
578 1360
579 1360
580 1359
581 1358
582 1360
583 1359
584 1359
585 1360
586 1359
587 1357
588 1357
589 1360
590 1355
591 1355
592 1358
593 1357
594 1360
595 1357
596 1357
597 1357
598 1357
599 1356
600 1356
601 1360
602 1356
603 1357
604 1357
605 1358
606 1357
607 1357
608 1359
609 1359
610 1358
611 1357
612 1355
613 1358
614 1359
615 1359
616 1357
617 1357
618 1356
619 1357
620 1358
621 1357
622 1356
623 1356
624 1356
625 1355
626 1356
627 1355
628 1356
629 1357
630 1356
631 1362
632 1357
633 1359
634 1356
635 1358
636 1359
637 1358
638 1358
639 1359
640 1360
641 1357
642 1357
643 1357
644 1354
645 1357
646 1356
647 1357
648 1356
649 1357
650 1357
651 1357
652 1356
653 1357
654 1356
655 1357
656 1356
657 1360
658 1357
659 1355
660 1356
661 1356
662 1357
663 1358
664 1358
665 1357
666 1355
667 1356
668 1357
669 1356
670 1354
671 1357
672 1356
673 1358
674 1357
675 1358
676 1356
677 1360
678 1356
679 1357
680 1356
681 1356
682 1356
683 1357
684 1358
685 1357
686 1357
687 1359
688 1357
689 1355
690 1358
691 1357
692 1357
693 1357
694 1356
695 1358
696 1357
697 1358
698 1356
699 1356
700 1354
701 1359
702 1357
703 1356
704 1355
705 1357
706 1357
707 1357
708 1357
709 1357
710 1358
711 1356
712 1358
713 1354
714 1356
715 1358
716 1356
717 1356
718 1356
719 1356
720 1357
721 1356
722 1356
723 1357
724 1357
725 1355
726 1356
727 1356
728 1359
729 1358
730 1356
731 1357
732 1357
733 1358
734 1356
735 1358
736 1357
737 1357
738 1356
739 1357
740 1357
741 1355
742 1357
743 1358
744 1355
745 1355
746 1358
747 1355
748 1357
749 1355
750 1358
751 1357
752 1357
753 1358
754 1356
755 1358
756 1357
757 1359
758 1356
759 1356
760 1355
761 1356
762 1357
763 1356
764 1353
765 1351
766 1356
767 1362
768 1359
769 1356
770 1350
771 1355
772 1357
773 1358
774 1355
775 1355
776 1354
777 1357
778 1356
779 1355
780 1354
781 1356
782 1358
783 1357
784 1356
785 1356
786 1356
787 1357
788 1360
789 1357
790 1356
791 1356
792 1357
793 1356
794 1355
795 1353
796 1355
797 1355
798 1354
799 1355
800 1359
801 1356
802 1357
803 1356
804 1355
805 1358
806 1356
807 1354
808 1357
809 1358
810 1358
811 1356
812 1357
813 1355
814 1357
815 1357
816 1357
817 1357
818 1358
819 1356
820 1360
821 1357
822 1355
823 1358
824 1357
825 1356
826 1358
827 1357
828 1357
829 1358
830 1356
831 1357
832 1356
833 1357
834 1356
835 1358
836 1358
837 1356
838 1354
839 1353
840 1356
841 1356
842 1359
843 1357
844 1356
845 1358
846 1357
847 1357
848 1355
849 1357
850 1354
851 1356
852 1358
853 1358
854 1354
855 1358
856 1358
857 1357
858 1355
859 1353
860 1355
861 1358
862 1357
863 1355
864 1356
865 1355
866 1356
867 1357
868 1357
869 1357
870 1356
871 1355
872 1356
873 1356
874 1357
875 1357
876 1359
877 1355
878 1357
879 1357
880 1358
881 1357
882 1355
883 1357
884 1357
885 1358
886 1356
887 1353
888 1353
889 1357
890 1357
891 1354
892 1353
893 1357
894 1358
895 1354
896 1356
897 1357
898 1359
899 1357
900 1357
901 1356
902 1357
903 1360
904 1357
905 1358
906 1356
907 1360
908 1360
909 1356
910 1357
911 1357
912 1356
913 1357
914 1353
915 1356
916 1352
917 1355
918 1356
919 1352
920 1355
921 1354
922 1357
923 1357
924 1355
925 1358
926 1354
927 1354
928 1352
929 1357
930 1357
931 1355
932 1357
933 1357
934 1356
935 1355
936 1355
937 1355
938 1354
939 1355
940 1358
941 1356
942 1359
943 1357
944 1354
945 1356
946 1358
947 1361
948 1360
949 1354
950 1352
951 1357
952 1358
953 1357
954 1355
955 1356
956 1355
957 1357
958 1357
959 1356
960 1356
961 1357
962 1357
963 1356
964 1354
965 1354
966 1355
967 1358
968 1356
969 1351
970 1352
971 1355
972 1357
973 1357
974 1357
975 1357
976 1356
977 1354
978 1355
979 1355
980 1356
981 1358
982 1358
983 1353
984 1357
985 1358
986 1357
987 1356
988 1358
989 1357
990 1358
991 1356
992 1357
993 1358
994 1355
995 1357
996 1358
997 1357
998 1358
999 1356
1000 1358
1001 1356
1002 1357
1003 1359
1004 1356
1005 1357
1006 1356
1007 1358
1008 1357
1009 1356
1010 1355
1011 1353
1012 1355
1013 1354
1014 1356
1015 1355
1016 1355
1017 1355
1018 1356
1019 1356
1020 1357
1021 1355
1022 1356
1023 1357
1024 1356
1025 1358
1026 1356
1027 1355
1028 1354
1029 1356
1030 1357
1031 1357
1032 1358
1033 1354
1034 1356
1035 1357
1036 1357
1037 1358
1038 1356
1039 1357
1040 1358
1041 1357
1042 1357
1043 1354
1044 1355
1045 1353
1046 1355
1047 1357
1048 1356
1049 1359
1050 1356
1051 1357
1052 1356
1053 1355
1054 1356
1055 1351
1056 1359
1057 1357
1058 1354
1059 1356
1060 1356
1061 1356
1062 1357
1063 1355
1064 1358
1065 1361
1066 1357
1067 1355
1068 1358
1069 1357
1070 1356
1071 1358
1072 1357
1073 1357
1074 1357
1075 1357
1076 1357
1077 1357
1078 1355
1079 1354
1080 1358
1081 1358
1082 1356
1083 1357
1084 1358
1085 1356
1086 1356
1087 1355
1088 1358
1089 1357
1090 1357
1091 1358
1092 1357
1093 1358
1094 1356
1095 1356
1096 1358
1097 1356
1098 1359
1099 1357
1100 1357
1101 1355
1102 1356
1103 1357
1104 1356
1105 1354
1106 1356
1107 1358
1108 1356
1109 1356
1110 1357
1111 1357
1112 1356
1113 1353
1114 1356
1115 1357
1116 1358
1117 1358
1118 1356
1119 1356
1120 1355
1121 1355
1122 1358
1123 1356
1124 1355
1125 1353
1126 1355
1127 1360
1128 1360
1129 1357
1130 1357
1131 1356
1132 1356
1133 1355
1134 1357
1135 1357
1136 1359
1137 1354
1138 1359
1139 1352
1140 1357
1141 1356
1142 1358
1143 1355
1144 1355
1145 1355
1146 1356
1147 1357
1148 1360
1149 1354
1150 1353
1151 1357
1152 1359
1153 1359
1154 1357
1155 1355
1156 1357
1157 1354
1158 1357
1159 1357
1160 1356
1161 1359
1162 1359
1163 1356
1164 1356
1165 1358
1166 1358
1167 1354
1168 1357
1169 1354
1170 1356
1171 1352
1172 1356
1173 1356
1174 1357
1175 1355
1176 1356
1177 1357
1178 1359
1179 1356
1180 1358
1181 1357
1182 1356
1183 1358
1184 1355
1185 1357
1186 1357
1187 1357
1188 1356
1189 1355
1190 1355
1191 1358
1192 1355
1193 1357
1194 1354
1195 1355
1196 1355
1197 1355
1198 1359
1199 1356
1200 1356
1201 1356
1202 1354
1203 1356
1204 1356
1205 1356
1206 1357
1207 1355
1208 1355
1209 1355
1210 1357
1211 1357
1212 1356
1213 1356
1214 1356
1215 1357
1216 1356
1217 1358
1218 1358
1219 1357
1220 1358
1221 1355
1222 1357
1223 1357
1224 1355
1225 1354
1226 1354
1227 1351
1228 1355
1229 1355
1230 1356
1231 1356
1232 1357
1233 1357
1234 1355
1235 1355
1236 1356
1237 1358
1238 1354
1239 1353
1240 1358
1241 1358
1242 1356
1243 1357
1244 1355
1245 1356
1246 1356
1247 1356
1248 1356
1249 1357
1250 1359
1251 1358
1252 1358
1253 1358
1254 1356
1255 1356
1256 1357
1257 1357
1258 1356
1259 1357
1260 1357
1261 1355
1262 1359
1263 1355
1264 1358
1265 1353
1266 1356
1267 1358
1268 1356
1269 1357
1270 1357
1271 1356
1272 1355
1273 1360
1274 1357
1275 1353
1276 1356
1277 1358
1278 1357
1279 1357
1280 1359
1281 1359
1282 1357
1283 1355
1284 1356
1285 1354
1286 1355
1287 1354
1288 1354
1289 1355
1290 1354
1291 1355
1292 1357
1293 1357
1294 1356
1295 1357
1296 1355
1297 1357
1298 1356
1299 1358
1300 1356
1301 1359
1302 1356
1303 1357
1304 1355
1305 1354
1306 1357
1307 1360
1308 1356
1309 1357
1310 1356
1311 1359
1312 1360
1313 1357
1314 1355
1315 1356
1316 1355
1317 1358
1318 1357
1319 1358
1320 1358
1321 1357
1322 1358
1323 1354
1324 1355
1325 1353
1326 1354
1327 1359
1328 1357
1329 1357
1330 1351
1331 1353
1332 1356
1333 1358
1334 1353
1335 1356
1336 1354
1337 1358
1338 1355
1339 1356
1340 1357
1341 1358
1342 1356
1343 1357
1344 1355
1345 1356
1346 1355
1347 1355
1348 1355
1349 1358
1350 1355
1351 1351
1352 1354
1353 1357
1354 1356
1355 1357
1356 1357
1357 1355
1358 1356
1359 1357
1360 1357
1361 1358
1362 1359
1363 1356
1364 1356
1365 1355
1366 1357
1367 1357
1368 1357
1369 1356
1370 1357
1371 1354
1372 1354
1373 1355
1374 1357
1375 1355
1376 1357
1377 1357
1378 1355
1379 1354
1380 1355
1381 1354
1382 1356
1383 1355
1384 1355
1385 1353
1386 1354
1387 1355
1388 1356
1389 1357
1390 1355
1391 1357
1392 1355
1393 1355
1394 1357
1395 1357
1396 1355
1397 1357
1398 1354
1399 1354
1400 1357
1401 1358
1402 1357
1403 1357
1404 1356
1405 1358
1406 1356
1407 1357
1408 1355
1409 1355
1410 1355
1411 1354
1412 1356
1413 1357
1414 1355
1415 1357
1416 1357
1417 1358
1418 1356
1419 1358
1420 1355
1421 1355
1422 1357
1423 1356
1424 1356
1425 1357
1426 1356
1427 1357
1428 1359
1429 1361
1430 1355
1431 1358
1432 1355
1433 1357
1434 1354
1435 1355
1436 1355
1437 1356
1438 1356
1439 1354
1440 1357
1441 1356
1442 1356
1443 1356
1444 1355
1445 1356
1446 1355
1447 1356
1448 1356
1449 1357
1450 1355
1451 1357
1452 1357
1453 1356
1454 1357
1455 1359
1456 1357
1457 1356
1458 1358
1459 1354
1460 1355
1461 1354
1462 1355
1463 1355
1464 1355
1465 1356
1466 1356
1467 1358
1468 1355
1469 1357
1470 1358
1471 1356
1472 1357
1473 1356
1474 1357
1475 1356
1476 1358
1477 1355
1478 1355
1479 1355
1480 1357
1481 1357
1482 1359
1483 1356
1484 1356
1485 1354
1486 1358
1487 1359
1488 1355
1489 1354
1490 1356
1491 1358
1492 1357
1493 1359
1494 1356
1495 1359
1496 1356
1497 1358
1498 1358
1499 1358
1500 1357
1501 1355
1502 1358
1503 1357
1504 1356
1505 1355
1506 1355
1507 1356
1508 1357
1509 1356
1510 1353
1511 1353
1512 1358
1513 1358
1514 1356
1515 1355
1516 1357
1517 1360
1518 1359
1519 1357
1520 1355
1521 1358
1522 1357
1523 1358
1524 1356
1525 1357
1526 1357
1527 1357
1528 1357
1529 1356
1530 1357
1531 1354
1532 1358
1533 1357
1534 1356
1535 1355
1536 1357
1537 1358
1538 1355
1539 1355
1540 1355
1541 1354
1542 1356
1543 1357
1544 1356
1545 1356
1546 1353
1547 1357
1548 1356
1549 1357
1550 1357
1551 1356
1552 1356
1553 1358
1554 1357
1555 1358
1556 1359
1557 1357
1558 1356
1559 1357
1560 1358
1561 1357
1562 1355
1563 1358
1564 1358
1565 1358
1566 1355
1567 1356
1568 1356
1569 1357
1570 1358
1571 1357
1572 1357
1573 1357
1574 1355
1575 1355
1576 1355
1577 1357
1578 1357
1579 1357
1580 1356
1581 1356
1582 1357
1583 1356
1584 1358
1585 1357
1586 1355
1587 1357
1588 1355
1589 1357
1590 1357
1591 1356
1592 1356
1593 1356
1594 1358
1595 1356
1596 1356
1597 1356
1598 1355
1599 1354
1600 1356
1601 1359
1602 1357
1603 1355
1604 1356
1605 1356
1606 1359
1607 1356
1608 1357
1609 1357
1610 1356
1611 1355
1612 1358
1613 1356
1614 1357
1615 1358
1616 1356
1617 1355
1618 1359
1619 1356
1620 1356
1621 1357
1622 1356
1623 1355
1624 1354
1625 1356
1626 1357
1627 1357
1628 1357
1629 1355
1630 1356
1631 1355
1632 1357
1633 1358
1634 1356
1635 1354
1636 1357
1637 1355
1638 1357
1639 1359
1640 1356
1641 1357
1642 1356
1643 1356
1644 1358
1645 1356
1646 1356
1647 1357
1648 1356
1649 1357
1650 1356
1651 1355
1652 1357
1653 1354
1654 1357
1655 1359
1656 1360
1657 1360
1658 1357
1659 1359
1660 1360
1661 1357
1662 1356
1663 1355
1664 1353
1665 1355
1666 1357
1667 1360
1668 1359
1669 1356
1670 1356
1671 1357
1672 1358
1673 1357
1674 1356
1675 1357
1676 1357
1677 1358
1678 1356
1679 1358
1680 1357
1681 1359
1682 1356
1683 1355
1684 1357
1685 1357
1686 1355
1687 1354
1688 1360
1689 1356
1690 1355
1691 1355
1692 1359
1693 1359
1694 1356
1695 1357
1696 1358
1697 1358
1698 1358
1699 1357
1700 1356
1701 1357
1702 1357
1703 1359
1704 1357
1705 1356
1706 1358
1707 1356
1708 1358
1709 1358
1710 1356
1711 1357
1712 1359
1713 1357
1714 1356
1715 1357
1716 1357
1717 1356
1718 1358
1719 1357
1720 1356
1721 1357
1722 1354
1723 1355
1724 1357
1725 1359
1726 1356
1727 1354
1728 1357
1729 1359
1730 1356
1731 1353
1732 1356
1733 1360
1734 1358
1735 1357
1736 1358
1737 1357
1738 1358
1739 1357
1740 1357
1741 1358
1742 1357
1743 1358
1744 1354
1745 1355
1746 1355
1747 1357
1748 1358
1749 1358
1750 1355
1751 1357
1752 1356
1753 1357
1754 1353
1755 1355
1756 1360
1757 1355
1758 1358
1759 1356
1760 1355
1761 1356
1762 1357
1763 1358
1764 1356
1765 1358
1766 1357
1767 1358
1768 1357
1769 1359
1770 1356
1771 1358
1772 1358
1773 1357
1774 1355
1775 1357
1776 1356
1777 1355
1778 1356
1779 1360
1780 1356
1781 1357
1782 1355
1783 1356
1784 1356
1785 1356
1786 1356
1787 1357
1788 1354
1789 1356
1790 1356
1791 1358
1792 1358
1793 1358
1794 1357
1795 1358
1796 1357
1797 1360
1798 1358
1799 1357
1800 1356
1801 1357
1802 1358
1803 1359
1804 1358
1805 1354
1806 1352
1807 1355
1808 1356
1809 1357
1810 1354
1811 1357
1812 1355
1813 1357
1814 1355
1815 1357
1816 1357
1817 1358
1818 1358
1819 1356
1820 1358
1821 1358
1822 1359
1823 1355
1824 1355
1825 1359
1826 1356
1827 1356
1828 1357
1829 1356
1830 1356
1831 1357
1832 1357
1833 1356
1834 1354
1835 1358
1836 1354
1837 1355
1838 1355
1839 1356
1840 1354
1841 1356
1842 1353
1843 1356
1844 1352
1845 1355
1846 1356
1847 1362
1848 1357
1849 1354
1850 1354
1851 1358
1852 1360
1853 1359
1854 1355
1855 1355
1856 1356
1857 1359
1858 1358
1859 1358
1860 1358
1861 1358
1862 1356
1863 1356
1864 1354
1865 1355
1866 1356
1867 1359
1868 1357
1869 1356
1870 1352
1871 1356
1872 1356
1873 1358
1874 1355
1875 1353
1876 1356
1877 1356
1878 1357
1879 1357
1880 1354
1881 1357
1882 1356
1883 1356
1884 1354
1885 1356
1886 1354
1887 1358
1888 1356
1889 1356
1890 1358
1891 1359
1892 1358
1893 1359
1894 1356
1895 1355
1896 1355
1897 1355
1898 1357
1899 1353
1900 1354
1901 1357
1902 1355
1903 1356
1904 1355
1905 1357
1906 1357
1907 1357
1908 1356
1909 1356
1910 1353
1911 1356
1912 1352
1913 1357
1914 1356
1915 1357
1916 1358
1917 1359
1918 1357
1919 1357
1920 1355
1921 1356
1922 1355
1923 1359
1924 1354
1925 1358
1926 1356
1927 1359
1928 1357
1929 1359
1930 1354
1931 1357
1932 1352
1933 1355
1934 1357
1935 1356
1936 1355
1937 1356
1938 1356
1939 1357
1940 1356
1941 1358
1942 1360
1943 1359
1944 1357
1945 1356
1946 1356
1947 1355
1948 1355
1949 1355
1950 1354
1951 1357
1952 1358
1953 1357
1954 1354
1955 1359
1956 1357
1957 1357
1958 1355
1959 1358
1960 1354
1961 1357
1962 1356
1963 1356
1964 1355
1965 1355
1966 1353
1967 1356
1968 1358
1969 1354
1970 1355
1971 1357
1972 1357
1973 1359
1974 1353
1975 1356
1976 1353
1977 1357
1978 1356
1979 1359
1980 1356
1981 1358
1982 1356
1983 1358
1984 1355
1985 1358
1986 1355
1987 1357
1988 1352
1989 1358
1990 1356
1991 1358
1992 1354
1993 1354
1994 1355
1995 1357
1996 1354
1997 1356
1998 1354
1999 1359
2000 1355
2001 1358
2002 1356
2003 1358
2004 1353
2005 1357
2006 1357
2007 1361
2008 1353
2009 1357
2010 1355
2011 1357
2012 1354
2013 1357
2014 1355
2015 1357
2016 1355
2017 1357
2018 1353
2019 1357
2020 1352
2021 1355
2022 1354
2023 1357
2024 1354
2025 1357
2026 1356
2027 1359
2028 1357
2029 1358
2030 1356
2031 1359
2032 1356
2033 1356
2034 1356
2035 1360
2036 1354
2037 1357
2038 1357
2039 1359
2040 1357
2041 1358
2042 1354
2043 1357
2044 1356
2045 1359
2046 1354
2047 1356
2048 1358
2049 1358
2050 1356
2051 1356
2052 1353
2053 1360
2054 1354
2055 1357
2056 1355
2057 1359
2058 1356
2059 1358
2060 1356
2061 1358
2062 1355
2063 1355
2064 1356
2065 1357
2066 1356
2067 1360
2068 1356
2069 1359
2070 1354
2071 1354
2072 1354
2073 1356
2074 1354
2075 1356
2076 1357
2077 1358
2078 1356
2079 1358
2080 1359
2081 1357
2082 1357
2083 1358
2084 1356
2085 1357
2086 1356
2087 1356
2088 1353
2089 1356
2090 1354
2091 1359
2092 1357
2093 1357
2094 1356
2095 1357
2096 1357
2097 1356
2098 1354
2099 1356
2100 1356
2101 1358
2102 1358
2103 1356
2104 1355
2105 1356
2106 1356
2107 1355
2108 1356
2109 1359
2110 1355
2111 1356
2112 1354
2113 1357
2114 1353
2115 1357
2116 1353
2117 1357
2118 1357
2119 1356
2120 1355
2121 1355
2122 1357
2123 1359
2124 1355
2125 1357
2126 1356
2127 1357
2128 1358
2129 1358
2130 1355
2131 1357
2132 1355
2133 1357
2134 1355
2135 1357
2136 1358
2137 1357
2138 1356
2139 1356
2140 1356
2141 1357
2142 1355
2143 1358
2144 1356
2145 1357
2146 1358
2147 1355
2148 1354
2149 1356
2150 1355
2151 1354
2152 1357
2153 1356
2154 1354
2155 1357
2156 1355
2157 1356
2158 1356
2159 1356
2160 1357
2161 1357
2162 1357
2163 1358
2164 1356
2165 1357
2166 1358
2167 1358
2168 1360
2169 1357
2170 1356
2171 1356
2172 1357
2173 1355
2174 1356
2175 1356
2176 1355
2177 1357
2178 1356
2179 1358
2180 1355
2181 1358
2182 1356
2183 1355
2184 1355
2185 1358
2186 1356
2187 1359
2188 1354
2189 1357
2190 1353
2191 1357
2192 1356
2193 1357
2194 1358
2195 1359
2196 1357
2197 1358
2198 1358
2199 1357
2200 1357
2201 1357
2202 1355
2203 1353
2204 1354
2205 1357
2206 1356
2207 1357
2208 1355
2209 1357
2210 1354
2211 1357
2212 1356
2213 1357
2214 1354
2215 1358
2216 1357
2217 1358
2218 1356
2219 1360
2220 1357
2221 1359
2222 1357
2223 1358
2224 1356
2225 1354
2226 1355
2227 1358
2228 1358
2229 1361
2230 1355
2231 1359
2232 1356
2233 1356
2234 1358
2235 1359
2236 1358
2237 1359
2238 1355
2239 1357
2240 1356
2241 1355
2242 1358
2243 1357
2244 1355
2245 1358
2246 1357
2247 1356
2248 1358
2249 1357
2250 1360
2251 1358
2252 1356
2253 1357
2254 1357
2255 1358
2256 1358
2257 1357
2258 1355
2259 1357
2260 1356
2261 1356
2262 1358
2263 1358
2264 1356
2265 1357
2266 1355
2267 1356
2268 1355
2269 1356
2270 1352
2271 1355
2272 1356
2273 1358
2274 1356
2275 1357
2276 1359
2277 1359
2278 1360
2279 1359
2280 1358
2281 1357
2282 1356
2283 1360
2284 1358
2285 1357
2286 1361
2287 1357
2288 1357
2289 1358
2290 1357
2291 1359
2292 1357
2293 1359
2294 1353
2295 1354
2296 1355
2297 1356
2298 1356
2299 1357
2300 1356
2301 1357
2302 1356
2303 1356
2304 1357
2305 1357
2306 1356
2307 1354
2308 1357
2309 1356
2310 1357
2311 1355
2312 1357
2313 1357
2314 1355
2315 1357
2316 1356
2317 1357
2318 1357
2319 1356
2320 1355
2321 1357
2322 1356
2323 1358
2324 1358
2325 1357
2326 1357
2327 1360
2328 1358
2329 1356
2330 1360
2331 1358
2332 1357
2333 1355
2334 1355
2335 1357
2336 1356
2337 1357
2338 1357
2339 1357
2340 1357
2341 1355
2342 1355
2343 1355
2344 1357
2345 1359
2346 1354
2347 1358
2348 1356
2349 1358
2350 1357
2351 1358
2352 1357
2353 1356
2354 1356
2355 1356
2356 1356
2357 1357
2358 1356
2359 1357
2360 1355
2361 1356
2362 1356
2363 1358
2364 1354
2365 1359
2366 1358
2367 1357
2368 1353
2369 1356
2370 1355
2371 1357
2372 1356
2373 1357
2374 1355
2375 1357
2376 1355
2377 1353
2378 1356
2379 1357
2380 1356
2381 1356
2382 1357
2383 1355
2384 1355
2385 1356
2386 1356
2387 1359
2388 1355
2389 1352
2390 1356
2391 1357
2392 1356
2393 1355
2394 1357
2395 1355
2396 1355
2397 1354
2398 1356
2399 1358
2400 1357
2401 1358
2402 1356
2403 1357
2404 1356
2405 1357
2406 1357
2407 1358
2408 1357
2409 1358
2410 1357
2411 1356
2412 1357
2413 1355
2414 1354
2415 1355
2416 1356
2417 1356
2418 1355
2419 1355
2420 1357
2421 1356
2422 1353
2423 1354
2424 1353
2425 1355
2426 1355
2427 1356
2428 1359
2429 1358
2430 1357
2431 1354
2432 1356
2433 1357
2434 1357
2435 1356
2436 1356
2437 1358
2438 1357
2439 1359
2440 1358
2441 1355
2442 1356
2443 1356
2444 1353
2445 1356
2446 1356
2447 1353
2448 1357
2449 1355
2450 1356
2451 1356
2452 1354
2453 1357
2454 1355
2455 1356
2456 1356
2457 1356
2458 1357
2459 1357
2460 1356
2461 1358
2462 1357
2463 1357
2464 1356
2465 1357
2466 1355
2467 1357
2468 1357
2469 1356
2470 1357
2471 1356
2472 1358
2473 1357
2474 1357
2475 1358
2476 1357
2477 1357
2478 1356
2479 1354
2480 1356
2481 1358
2482 1357
2483 1354
2484 1355
2485 1357
2486 1356
2487 1356
2488 1355
2489 1358
2490 1356
2491 1356
2492 1357
2493 1356
2494 1353
2495 1357
2496 1359
2497 1358
2498 1356
2499 1357
2500 1358
2501 1355
2502 1357
2503 1357
2504 1361
2505 1359
2506 1357
2507 1358
2508 1354
2509 1358
2510 1357
2511 1358
2512 1358
2513 1355
2514 1356
2515 1355
2516 1356
2517 1353
2518 1355
2519 1357
2520 1357
2521 1359
2522 1359
2523 1357
2524 1356
2525 1356
2526 1355
2527 1358
2528 1353
2529 1356
2530 1355
2531 1356
2532 1357
2533 1357
2534 1356
2535 1357
2536 1355
2537 1355
2538 1353
2539 1354
2540 1356
2541 1358
2542 1355
2543 1355
2544 1355
2545 1357
2546 1355
2547 1358
2548 1356
2549 1359
2550 1356
2551 1357
2552 1359
2553 1357
2554 1361
2555 1359
2556 1355
2557 1358
2558 1357
2559 1356
2560 1354
2561 1358
2562 1358
2563 1358
2564 1355
2565 1356
2566 1356
2567 1360
2568 1359
2569 1356
2570 1357
2571 1357
2572 1358
2573 1357
2574 1355
2575 1356
2576 1358
2577 1357
2578 1356
2579 1356
2580 1356
2581 1357
2582 1356
2583 1358
2584 1357
2585 1356
2586 1355
2587 1356
2588 1356
2589 1357
2590 1354
2591 1356
2592 1355
2593 1357
2594 1356
2595 1354
2596 1356
2597 1355
2598 1353
2599 1357
2600 1354
2601 1357
2602 1355
2603 1357
2604 1357
2605 1358
2606 1356
2607 1358
2608 1354
2609 1356
2610 1354
2611 1358
2612 1355
2613 1357
2614 1355
2615 1356
2616 1356
2617 1359
2618 1357
2619 1358
2620 1356
2621 1355
2622 1356
2623 1354
2624 1357
2625 1356
2626 1356
2627 1356
2628 1356
2629 1356
2630 1358
2631 1358
2632 1355
2633 1358
2634 1357
2635 1357
2636 1355
2637 1355
2638 1355
2639 1353
2640 1354
2641 1354
2642 1356
2643 1357
2644 1355
2645 1356
2646 1357
2647 1359
2648 1359
2649 1357
2650 1355
2651 1354
2652 1358
2653 1360
2654 1357
2655 1355
2656 1357
2657 1355
2658 1354
2659 1355
2660 1356
2661 1355
2662 1354
2663 1356
2664 1357
2665 1357
2666 1356
2667 1357
2668 1357
2669 1356
2670 1357
2671 1355
2672 1358
2673 1357
2674 1355
2675 1358
2676 1356
2677 1358
2678 1354
2679 1357
2680 1354
2681 1358
2682 1357
2683 1358
2684 1359
2685 1356
2686 1354
2687 1355
2688 1354
2689 1357
2690 1357
2691 1357
2692 1357
2693 1357
2694 1357
2695 1356
2696 1356
2697 1358
2698 1355
2699 1355
2700 1355
2701 1357
2702 1357
2703 1357
2704 1353
2705 1354
2706 1356
2707 1358
2708 1357
2709 1360
2710 1357
2711 1356
2712 1357
2713 1355
2714 1354
2715 1360
2716 1357
2717 1357
2718 1356
2719 1353
2720 1353
2721 1355
2722 1358
2723 1356
2724 1356
2725 1356
2726 1354
2727 1355
2728 1354
2729 1357
2730 1353
2731 1355
2732 1356
2733 1355
2734 1357
2735 1357
2736 1357
2737 1355
2738 1354
2739 1355
2740 1356
2741 1358
2742 1358
2743 1358
2744 1356
2745 1353
2746 1355
2747 1360
2748 1355
2749 1357
2750 1354
2751 1356
2752 1356
2753 1353
2754 1354
2755 1356
2756 1356
2757 1356
2758 1358
2759 1358
2760 1356
2761 1357
2762 1356
2763 1357
2764 1357
2765 1359
2766 1358
2767 1353
2768 1356
2769 1356
2770 1357
2771 1359
2772 1356
2773 1359
2774 1356
2775 1358
2776 1358
2777 1358
2778 1356
2779 1357
2780 1357
2781 1358
2782 1356
2783 1358
2784 1356
2785 1356
2786 1355
2787 1356
2788 1355
2789 1354
2790 1354
2791 1358
2792 1356
2793 1355
2794 1355
2795 1355
2796 1355
2797 1356
2798 1357
2799 1357
2800 1357
2801 1357
2802 1355
2803 1358
2804 1353
2805 1358
2806 1355
2807 1359
2808 1356
2809 1356
2810 1355
2811 1357
2812 1356
2813 1356
2814 1355
2815 1355
2816 1356
2817 1355
2818 1356
2819 1357
2820 1357
2821 1356
2822 1358
2823 1356
2824 1356
2825 1355
2826 1357
2827 1356
2828 1355
2829 1355
2830 1354
2831 1355
2832 1355
2833 1356
2834 1355
2835 1357
2836 1359
2837 1355
2838 1357
2839 1357
2840 1355
2841 1356
2842 1357
2843 1357
2844 1353
2845 1357
2846 1356
2847 1360
2848 1356
2849 1357
2850 1355
2851 1355
2852 1358
2853 1357
2854 1356
2855 1356
2856 1359
2857 1356
2858 1357
2859 1357
2860 1357
2861 1358
2862 1356
2863 1356
2864 1357
2865 1357
2866 1357
2867 1356
2868 1356
2869 1356
2870 1356
2871 1357
2872 1359
2873 1357
2874 1355
2875 1357
2876 1355
2877 1357
2878 1356
2879 1357
2880 1353
2881 1358
2882 1355
2883 1355
2884 1356
2885 1356
2886 1354
2887 1356
2888 1355
2889 1358
2890 1359
2891 1358
2892 1358
2893 1357
2894 1354
2895 1357
2896 1357
2897 1355
2898 1356
2899 1356
2900 1356
2901 1357
2902 1356
2903 1355
2904 1356
2905 1357
2906 1358
2907 1357
2908 1356
2909 1357
2910 1358
2911 1354
2912 1356
2913 1357
2914 1354
2915 1355
2916 1357
2917 1358
2918 1359
2919 1355
2920 1356
2921 1356
2922 1356
2923 1359
2924 1357
2925 1357
2926 1357
2927 1357
2928 1357
2929 1357
2930 1357
2931 1357
2932 1358
2933 1357
2934 1357
2935 1354
2936 1355
2937 1357
2938 1358
2939 1354
2940 1357
2941 1357
2942 1356
2943 1355
2944 1356
2945 1354
2946 1354
2947 1357
2948 1355
2949 1357
2950 1356
2951 1358
2952 1356
2953 1358
2954 1356
2955 1358
2956 1357
2957 1356
2958 1356
2959 1353
2960 1356
2961 1358
2962 1357
2963 1357
2964 1356
2965 1358
2966 1357
2967 1357
2968 1356
2969 1357
2970 1357
2971 1355
2972 1356
2973 1356
2974 1356
2975 1358
2976 1357
2977 1357
2978 1356
2979 1358
2980 1354
2981 1357
2982 1358
2983 1359
2984 1357
2985 1358
2986 1358
2987 1357
2988 1355
2989 1355
2990 1355
2991 1358
2992 1358
2993 1356
2994 1360
2995 1359
2996 1357
2997 1357
2998 1358
2999 1355
3000 1356
3001 1357
3002 1356
3003 1358
3004 1354
3005 1356
3006 1355
3007 1356
3008 1354
3009 1355
3010 1357
3011 1358
3012 1357
3013 1359
3014 1356
3015 1356
3016 1358
3017 1357
3018 1356
3019 1355
3020 1356
3021 1357
3022 1359
3023 1356
3024 1356
3025 1357
3026 1358
3027 1360
3028 1358
3029 1359
3030 1356
3031 1358
3032 1355
3033 1354
3034 1355
3035 1358
3036 1355
3037 1356
3038 1358
3039 1357
3040 1356
3041 1357
3042 1356
3043 1355
3044 1358
3045 1359
3046 1356
3047 1357
3048 1354
3049 1353
3050 1354
3051 1355
3052 1358
3053 1355
3054 1356
3055 1357
3056 1359
3057 1354
3058 1352
3059 1351
3060 1356
3061 1356
3062 1356
3063 1355
3064 1358
3065 1357
3066 1356
3067 1357
3068 1356
3069 1354
3070 1358
3071 1358
3072 1357
3073 1358
3074 1358
3075 1359
3076 1358
3077 1357
3078 1357
3079 1358
3080 1357
3081 1357
3082 1357
3083 1360
3084 1359
3085 1355
3086 1356
3087 1357
3088 1357
3089 1357
3090 1355
3091 1354
3092 1353
3093 1355
3094 1355
3095 1353
3096 1357
3097 1355
3098 1355
3099 1354
3100 1355
3101 1354
3102 1356
3103 1355
3104 1356
3105 1357
3106 1358
3107 1358
3108 1356
3109 1354
3110 1355
3111 1357
3112 1355
3113 1357
3114 1354
3115 1356
3116 1355
3117 1360
3118 1355
3119 1357
3120 1356
3121 1358
3122 1356
3123 1356
3124 1355
3125 1355
3126 1355
3127 1355
3128 1356
3129 1358
3130 1356
3131 1355
3132 1356
3133 1357
3134 1358
3135 1358
3136 1355
3137 1356
3138 1356
3139 1355
3140 1356
3141 1354
3142 1354
3143 1356
3144 1357
3145 1356
3146 1357
3147 1354
3148 1356
3149 1356
3150 1356
3151 1357
3152 1356
3153 1355
3154 1358
3155 1357
3156 1359
3157 1358
3158 1356
3159 1357
3160 1356
3161 1355
3162 1358
3163 1356
3164 1357
3165 1357
3166 1357
3167 1357
3168 1358
3169 1357
3170 1359
3171 1358
3172 1356
3173 1358
3174 1356
3175 1356
3176 1356
3177 1357
3178 1355
3179 1360
3180 1356
3181 1357
3182 1358
3183 1358
3184 1357
3185 1357
3186 1356
3187 1357
3188 1355
3189 1358
3190 1355
3191 1355
3192 1356
3193 1357
3194 1357
3195 1357
3196 1357
3197 1356
3198 1356
3199 1357
3200 1356
3201 1355
3202 1356
3203 1357
3204 1356
3205 1357
3206 1356
3207 1359
3208 1356
3209 1357
3210 1353
3211 1357
3212 1356
3213 1356
3214 1355
3215 1355
3216 1355
3217 1356
3218 1357
3219 1357
3220 1358
3221 1357
3222 1357
3223 1357
3224 1354
3225 1356
3226 1354
3227 1358
3228 1355
3229 1358
3230 1355
3231 1355
3232 1356
3233 1360
3234 1355
3235 1361
3236 1356
3237 1358
3238 1356
3239 1358
3240 1357
3241 1357
3242 1357
3243 1358
3244 1357
3245 1359
3246 1354
3247 1359
3248 1354
3249 1353
3250 1354
3251 1356
3252 1358
3253 1356
3254 1357
3255 1356
3256 1356
3257 1358
3258 1354
3259 1357
3260 1358
3261 1360
3262 1357
3263 1357
3264 1356
3265 1357
3266 1357
3267 1358
3268 1358
3269 1356
3270 1356
3271 1355
3272 1356
3273 1356
3274 1356
3275 1354
3276 1355
3277 1357
3278 1356
3279 1356
3280 1356
3281 1358
3282 1356
3283 1355
3284 1354
3285 1354
3286 1357
3287 1359
3288 1357
3289 1356
3290 1356
3291 1357
3292 1354
3293 1356
3294 1356
3295 1359
3296 1357
3297 1356
3298 1357
3299 1357
3300 1357
3301 1356
3302 1356
3303 1358
3304 1358
3305 1357
3306 1356
3307 1355
3308 1356
3309 1356
3310 1355
3311 1360
3312 1356
3313 1357
3314 1356
3315 1357
3316 1359
3317 1357
3318 1359
3319 1359
3320 1358
3321 1356
3322 1358
3323 1357
3324 1359
3325 1358
3326 1355
3327 1357
3328 1357
3329 1357
3330 1358
3331 1359
3332 1359
3333 1357
3334 1356
3335 1358
3336 1358
3337 1358
3338 1358
3339 1357
3340 1356
3341 1354
3342 1358
3343 1357
3344 1357
3345 1356
3346 1358
3347 1360
3348 1357
3349 1355
3350 1359
3351 1356
3352 1356
3353 1355
3354 1360
3355 1357
3356 1359
3357 1357
3358 1357
3359 1356
3360 1358
3361 1356
3362 1356
3363 1356
3364 1354
3365 1355
3366 1357
3367 1355
3368 1357
3369 1358
3370 1356
3371 1355
3372 1355
3373 1356
3374 1357
3375 1357
3376 1359
3377 1354
3378 1357
3379 1357
3380 1359
3381 1357
3382 1357
3383 1356
3384 1357
3385 1356
3386 1358
3387 1356
3388 1359
3389 1359
3390 1356
3391 1355
3392 1358
3393 1359
3394 1357
3395 1354
3396 1354
3397 1357
3398 1357
3399 1353
3400 1356
3401 1356
3402 1357
3403 1354
3404 1354
3405 1356
3406 1357
3407 1357
3408 1355
3409 1352
3410 1355
3411 1357
3412 1359
3413 1355
3414 1357
3415 1355
3416 1357
3417 1356
3418 1356
3419 1357
3420 1358
3421 1358
3422 1360
3423 1358
3424 1356
3425 1355
3426 1356
3427 1357
3428 1359
3429 1357
3430 1356
3431 1356
3432 1357
3433 1355
3434 1359
3435 1355
3436 1358
3437 1358
3438 1358
3439 1357
3440 1356
3441 1355
3442 1355
3443 1356
3444 1353
3445 1356
3446 1356
3447 1359
3448 1357
3449 1355
3450 1356
3451 1356
3452 1356
3453 1357
3454 1359
3455 1357
3456 1356
3457 1356
3458 1357
3459 1352
3460 1356
3461 1355
3462 1358
3463 1357
3464 1357
3465 1354
3466 1357
3467 1355
3468 1356
3469 1353
3470 1357
3471 1357
3472 1357
3473 1354
3474 1355
3475 1359
3476 1358
3477 1359
3478 1355
3479 1357
3480 1358
3481 1357
3482 1358
3483 1354
3484 1354
3485 1354
3486 1358
3487 1356
3488 1357
3489 1356
3490 1359
3491 1354
3492 1358
3493 1356
3494 1358
3495 1357
3496 1356
3497 1356
3498 1357
3499 1355
3500 1356
3501 1358
3502 1358
3503 1359
3504 1356
3505 1355
3506 1355
3507 1354
3508 1353
3509 1355
3510 1358
3511 1358
3512 1357
3513 1355
3514 1354
3515 1358
3516 1358
3517 1358
3518 1356
3519 1356
3520 1357
3521 1357
3522 1359
3523 1355
3524 1358
3525 1357
3526 1356
3527 1359
3528 1357
3529 1354
3530 1355
3531 1357
3532 1355
3533 1357
3534 1357
3535 1358
3536 1357
3537 1356
3538 1358
3539 1357
3540 1359
3541 1355
3542 1356
3543 1355
3544 1354
3545 1355
3546 1357
3547 1353
3548 1357
3549 1357
3550 1358
3551 1355
3552 1358
3553 1358
3554 1356
3555 1357
3556 1356
3557 1354
3558 1354
3559 1356
3560 1358
3561 1357
3562 1355
3563 1356
3564 1357
3565 1356
3566 1359
3567 1357
3568 1361
3569 1358
3570 1355
3571 1356
3572 1358
3573 1357
3574 1357
3575 1356
3576 1355
3577 1357
3578 1356
3579 1357
3580 1355
3581 1358
3582 1354
3583 1357
3584 1356
3585 1355
3586 1355
3587 1359
3588 1356
3589 1358
3590 1356
3591 1357
3592 1354
3593 1357
3594 1357
3595 1357
3596 1357
3597 1355
3598 1355
3599 1356
3600 1360
3601 1360
3602 1357
3603 1355
3604 1357
3605 1357
3606 1355
3607 1357
3608 1355
3609 1356
3610 1356
3611 1357
3612 1357
3613 1356
3614 1357
3615 1357
3616 1356
3617 1354
3618 1357
3619 1355
3620 1357
3621 1356
3622 1355
3623 1356
3624 1355
3625 1357
3626 1356
3627 1356
3628 1357
3629 1356
3630 1357
3631 1356
3632 1356
3633 1357
3634 1356
3635 1358
3636 1357
3637 1357
3638 1357
3639 1358
3640 1355
3641 1354
3642 1356
3643 1354
3644 1355
3645 1354
3646 1354
3647 1355
3648 1356
3649 1357
3650 1357
3651 1356
3652 1355
3653 1356
3654 1356
3655 1357
3656 1358
3657 1357
3658 1356
3659 1356
3660 1356
3661 1357
3662 1358
3663 1356
3664 1357
3665 1355
3666 1353
3667 1350
3668 1354
3669 1357
3670 1354
3671 1356
3672 1351
3673 1358
3674 1355
3675 1358
3676 1355
3677 1359
3678 1353
3679 1357
3680 1358
3681 1358
3682 1356
3683 1358
3684 1355
3685 1356
3686 1359
3687 1357
3688 1357
3689 1360
3690 1358
3691 1358
3692 1358
3693 1360
3694 1357
3695 1357
3696 1358
3697 1359
3698 1357
3699 1357
3700 1357
3701 1357
3702 1356
3703 1355
3704 1356
3705 1357
3706 1357
3707 1358
3708 1355
3709 1357
3710 1357
3711 1356
3712 1357
3713 1355
3714 1356
3715 1357
3716 1359
3717 1358
3718 1356
3719 1358
3720 1356
3721 1357
3722 1356
3723 1357
3724 1356
3725 1357
3726 1359
3727 1357
3728 1355
3729 1355
3730 1355
3731 1356
3732 1352
3733 1352
3734 1356
3735 1357
3736 1356
3737 1356
3738 1356
3739 1354
3740 1357
3741 1358
3742 1354
3743 1358
3744 1355
3745 1355
3746 1355
3747 1358
3748 1354
3749 1357
3750 1355
3751 1360
3752 1359
3753 1358
3754 1356
3755 1357
3756 1355
3757 1356
3758 1356
3759 1356
3760 1356
3761 1357
3762 1356
3763 1355
3764 1355
3765 1357
3766 1356
3767 1357
3768 1354
3769 1356
3770 1357
3771 1359
3772 1357
3773 1357
3774 1356
3775 1355
3776 1356
3777 1357
3778 1356
3779 1355
3780 1356
3781 1356
3782 1358
3783 1358
3784 1359
3785 1356
3786 1354
3787 1358
3788 1356
3789 1355
3790 1356
3791 1355
3792 1354
3793 1355
3794 1356
3795 1354
3796 1356
3797 1357
3798 1356
3799 1355
3800 1357
3801 1357
3802 1354
3803 1355
3804 1356
3805 1355
3806 1358
3807 1360
3808 1356
3809 1357
3810 1355
3811 1358
3812 1353
3813 1358
3814 1356
3815 1358
3816 1357
3817 1359
3818 1357
3819 1357
3820 1357
3821 1358
3822 1356
3823 1358
3824 1353
3825 1356
3826 1356
3827 1357
3828 1356
3829 1358
3830 1356
3831 1357
3832 1357
3833 1357
3834 1356
3835 1356
3836 1355
3837 1357
3838 1356
3839 1357
3840 1354
3841 1357
3842 1357
3843 1359
3844 1357
3845 1358
3846 1358
3847 1358
3848 1357
3849 1358
3850 1355
3851 1358
3852 1356
3853 1358
3854 1356
3855 1359
3856 1357
3857 1357
3858 1356
3859 1357
3860 1356
3861 1360
3862 1354
3863 1357
3864 1356
3865 1358
3866 1357
3867 1358
3868 1358
3869 1357
3870 1359
3871 1357
3872 1358
3873 1357
3874 1357
3875 1358
3876 1358
3877 1357
3878 1356
3879 1359
3880 1358
3881 1356
3882 1357
3883 1357
3884 1358
3885 1357
3886 1357
3887 1357
3888 1356
3889 1356
3890 1358
3891 1355
3892 1355
3893 1354
3894 1356
3895 1358
3896 1359
3897 1356
3898 1357
3899 1356
3900 1360
3901 1357
3902 1357
3903 1357
3904 1359
3905 1357
3906 1356
3907 1354
3908 1355
3909 1357
3910 1358
3911 1359
3912 1355
3913 1357
3914 1355
3915 1357
3916 1356
3917 1359
3918 1356
3919 1358
3920 1359
3921 1357
3922 1359
3923 1358
3924 1358
3925 1357
3926 1356
3927 1357
3928 1355
3929 1354
3930 1357
3931 1355
3932 1357
3933 1357
3934 1356
3935 1358
3936 1356
3937 1358
3938 1359
3939 1356
3940 1355
3941 1357
3942 1355
3943 1357
3944 1358
3945 1356
3946 1357
3947 1357
3948 1356
3949 1356
3950 1356
3951 1356
3952 1356
3953 1357
3954 1356
3955 1358
3956 1358
3957 1357
3958 1356
3959 1361
3960 1358
3961 1356
3962 1355
3963 1357
3964 1356
3965 1357
3966 1357
3967 1360
3968 1356
3969 1358
3970 1358
3971 1357
3972 1356
3973 1355
3974 1357
3975 1358
3976 1358
3977 1357
3978 1357
3979 1357
3980 1358
3981 1357
3982 1356
3983 1355
3984 1355
3985 1356
3986 1359
3987 1356
3988 1358
3989 1354
3990 1357
3991 1357
3992 1356
3993 1358
3994 1359
3995 1356
3996 1355
3997 1357
3998 1357
3999 1355
