0 1356
1 1355
2 1356
3 1354
4 1355
5 1356
6 1355
7 1357
8 1355
9 1356
10 1354
11 1354
12 1357
13 1353
14 1357
15 1357
16 1355
17 1356
18 1355
19 1356
20 1355
21 1356
22 1355
23 1357
24 1356
25 1354
26 1355
27 1357
28 1356
29 1353
30 1355
31 1355
32 1356
33 1355
34 1357
35 1357
36 1357
37 1354
38 1354
39 1355
40 1358
41 1356
42 1355
43 1353
44 1354
45 1354
46 1354
47 1356
48 1358
49 1357
50 1356
51 1353
52 1354
53 1353
54 1355
55 1355
56 1357
57 1357
58 1356
59 1353
60 1356
61 1356
62 1355
63 1353
64 1353
65 1357
66 1356
67 1356
68 1357
69 1356
70 1355
71 1356
72 1354
73 1357
74 1356
75 1354
76 1358
77 1357
78 1355
79 1355
80 1355
81 1356
82 1353
83 1354
84 1355
85 1355
86 1356
87 1356
88 1354
89 1356
90 1357
91 1355
92 1355
93 1355
94 1354
95 1358
96 1352
97 1353
98 1355
99 1355
100 1356
101 1357
102 1357
103 1353
104 1356
105 1355
106 1355
107 1357
108 1356
109 1354
110 1355
111 1355
112 1358
113 1357
114 1354
115 1354
116 1357
117 1356
118 1352
119 1352
120 1354
121 1357
122 1356
123 1351
124 1351
125 1354
126 1356
127 1354
128 1356
129 1356
130 1356
131 1358
132 1357
133 1356
134 1356
135 1356
136 1351
137 1355
138 1356
139 1359
140 1355
141 1356
142 1356
143 1359
144 1355
145 1353
146 1357
147 1357
148 1353
149 1356
150 1355
151 1354
152 1355
153 1352
154 1352
155 1356
156 1355
157 1356
158 1357
159 1357
160 1357
161 1355
162 1356
163 1357
164 1355
165 1357
166 1357
167 1357
168 1357
169 1357
170 1356
171 1356
172 1354
173 1357
174 1356
175 1357
176 1355
177 1356
178 1358
179 1354
180 1355
181 1356
182 1353
183 1357
184 1356
185 1355
186 1356
187 1357
188 1355
189 1354
190 1355
191 1354
192 1355
193 1354
194 1355
195 1356
196 1356
197 1355
198 1356
199 1355
200 1358
201 1356
202 1357
203 1355
204 1356
205 1357
206 1355
207 1356
208 1356
209 1353
210 1355
211 1357
212 1356
213 1355
214 1352
215 1354
216 1357
217 1356
218 1358
219 1357
220 1356
221 1357
222 1357
223 1358
224 1356
225 1358
226 1356
227 1357
228 1355
229 1354
230 1357
231 1357
232 1356
233 1357
234 1356
235 1354
236 1356
237 1357
238 1356
239 1352
240 1353
241 1356
242 1356
243 1353
244 1357
245 1356
246 1358
247 1356
248 1355
249 1354
250 1355
251 1359
252 1358
253 1360
254 1359
255 1356
256 1354
257 1354
258 1355
259 1357
260 1355
261 1357
262 1355
263 1356
264 1355
265 1358
266 1356
267 1358
268 1356
269 1355
270 1354
271 1354
272 1355
273 1355
274 1355
275 1355
276 1358
277 1356
278 1356
279 1354
280 1355
281 1358
282 1355
283 1357
284 1355
285 1355
286 1359
287 1358
288 1356
289 1357
290 1356
291 1354
292 1357
293 1354
294 1353
295 1355
296 1359
297 1357
298 1354
299 1354
300 1354
301 1357
302 1354
303 1353
304 1354
305 1353
306 1354
307 1354
308 1354
309 1357
310 1355
311 1355
312 1356
313 1356
314 1357
315 1359
316 1355
317 1355
318 1356
319 1357
320 1355
321 1354
322 1358
323 1354
324 1355
325 1357
326 1360
327 1357
328 1356
329 1357
330 1356
331 1359
332 1357
333 1356
334 1357
335 1356
336 1358
337 1355
338 1353
339 1354
340 1355
341 1356
342 1358
343 1360
344 1357
345 1354
346 1355
347 1355
348 1356
349 1355
350 1356
351 1355
352 1357
353 1357
354 1358
355 1354
356 1357
357 1357
358 1358
359 1354
360 1357
361 1356
362 1354
363 1356
364 1355
365 1357
366 1353
367 1356
368 1355
369 1354
370 1358
371 1359
372 1353
373 1353
374 1354
375 1356
376 1357
377 1358
378 1356
379 1356
380 1354
381 1356
382 1355
383 1357
384 1355
385 1355
386 1356
387 1355
388 1356
389 1358
390 1354
391 1356
392 1353
393 1354
394 1356
395 1354
396 1356
397 1355
398 1354
399 1356
400 1354
401 1354
402 1356
403 1356
404 1356
405 1355
406 1357
407 1354
408 1356
409 1356
410 1357
411 1355
412 1357
413 1352
414 1355
415 1357
416 1360
417 1356
418 1356
419 1355
420 1357
421 1354
422 1352
423 1353
424 1355
425 1354
426 1356
427 1357
428 1354
429 1355
430 1356
431 1352
432 1354
433 1357
434 1354
435 1355
436 1354
437 1353
438 1354
439 1355
440 1353
441 1355
442 1356
443 1355
444 1356
445 1355
446 1355
447 1355
448 1356
449 1358
450 1355
451 1357
452 1354
453 1357
454 1356
455 1355
456 1353
457 1355
458 1354
459 1354
460 1354
461 1356
462 1355
463 1353
464 1355
465 1356
466 1355
467 1360
468 1356
469 1355
470 1354
471 1356
472 1355
473 1355
474 1354
475 1356
476 1356
477 1357
478 1355
479 1352
480 1354
481 1355
482 1357
483 1355
484 1354
485 1354
486 1356
487 1354
488 1355
489 1355
490 1353
491 1357
492 1353
493 1356
494 1356
495 1357
496 1356
497 1359
498 1356
499 1352
500 1353
501 1357
502 1358
503 1359
504 1355
505 1356
506 1359
507 1358
508 1356
509 1356
510 1353
511 1361
512 1357
513 1353
514 1352
515 1355
516 1356
517 1357
518 1355
519 1356
520 1356
521 1356
522 1357
523 1357
524 1354
525 1357
526 1354
527 1358
528 1356
529 1353
530 1357
531 1357
532 1354
533 1359
534 1357
535 1357
536 1362
537 1363
538 1368
539 1379
540 1395
541 1421
542 1452
543 1491
544 1537
545 1595
546 1658
547 1719
548 1787
549 1852
550 1923
551 1985
552 2044
553 2091
554 2134
555 2172
556 2200
557 2227
558 2243
559 2254
560 2267
561 2261
562 2257
563 2245
564 2234
565 2216
566 2195
567 2167
568 2144
569 2117
570 2092
571 2061
572 2033
573 2000
574 1970
575 1934
576 1901
577 1871
578 1841
579 1811
580 1787
581 1761
582 1739
583 1717
584 1699
585 1677
586 1659
587 1643
588 1628
589 1608
590 1595
591 1581
592 1568
593 1549
594 1533
595 1524
596 1513
597 1502
598 1494
599 1483
600 1476
601 1467
602 1461
603 1453
604 1444
605 1439
606 1434
607 1428
608 1422
609 1419
610 1413
611 1409
612 1403
613 1404
614 1396
615 1397
616 1393
617 1395
618 1393
619 1390
620 1383
621 1383
622 1380
623 1380
624 1377
625 1376
626 1370
627 1373
628 1369
629 1366
630 1365
631 1367
632 1368
633 1368
634 1367
635 1366
636 1362
637 1366
638 1363
639 1365
640 1365
641 1365
642 1362
643 1362
644 1364
645 1362
646 1363
647 1360
648 1361
649 1361
650 1360
651 1360
652 1359
653 1364
654 1360
655 1357
656 1361
657 1364
658 1359
659 1356
660 1358
661 1363
662 1364
663 1357
664 1355
665 1360
666 1360
667 1359
668 1356
669 1357
670 1359
671 1357
672 1360
673 1358
674 1358
675 1358
676 1356
677 1353
678 1358
679 1357
680 1354
681 1357
682 1357
683 1360
684 1357
685 1355
686 1356
687 1359
688 1358
689 1357
690 1357
691 1357
692 1359
693 1358
694 1358
695 1354
696 1356
697 1356
698 1354
699 1355
700 1356
701 1355
702 1361
703 1357
704 1356
705 1357
706 1355
707 1356
708 1357
709 1357
710 1358
711 1357
712 1354
713 1357
714 1357
715 1356
716 1358
717 1355
718 1356
719 1357
720 1357
721 1355
722 1358
723 1354
724 1355
725 1359
726 1356
727 1358
728 1355
729 1356
730 1356
731 1356
732 1356
733 1355
734 1356
735 1355
736 1355
737 1355
738 1354
739 1355
740 1355
741 1356
742 1354
743 1357
744 1356
745 1353
746 1358
747 1355
748 1355
749 1356
750 1356
751 1359
752 1355
753 1357
754 1356
755 1353
756 1355
757 1357
758 1355
759 1357
760 1356
761 1356
762 1358
763 1355
764 1355
765 1355
766 1356
767 1357
768 1356
769 1357
770 1357
771 1356
772 1354
773 1356
774 1357
775 1357
776 1357
777 1357
778 1357
779 1358
780 1356
781 1355
782 1358
783 1355
784 1359
785 1355
786 1358
787 1360
788 1356
789 1353
790 1354
791 1356
792 1357
793 1356
794 1355
795 1357
796 1356
797 1356
798 1356
799 1357
800 1356
801 1357
802 1355
803 1355
804 1355
805 1357
806 1355
807 1357
808 1358
809 1356
810 1354
811 1355
812 1356
813 1357
814 1356
815 1357
816 1358
817 1357
818 1357
819 1356
820 1357
821 1355
822 1354
823 1354
824 1356
825 1358
826 1354
827 1358
828 1355
829 1357
830 1353
831 1355
832 1356
833 1357
834 1355
835 1357
836 1356
837 1357
838 1357
839 1357
840 1356
841 1359
842 1358
843 1357
844 1356
845 1357
846 1353
847 1357
848 1354
849 1354
850 1357
851 1357
852 1357
853 1358
854 1352
855 1354
856 1356
857 1355
858 1355
859 1353
860 1354
861 1357
862 1354
863 1356
864 1354
865 1355
866 1358
867 1358
868 1355
869 1354
870 1356
871 1358
872 1355
873 1356
874 1355
875 1358
876 1355
877 1358
878 1355
879 1355
880 1355
881 1356
882 1356
883 1357
884 1355
885 1357
886 1356
887 1353
888 1355
889 1353
890 1355
891 1356
892 1355
893 1356
894 1353
895 1354
896 1356
897 1355
898 1353
899 1356
900 1355
901 1357
902 1357
903 1357
904 1357
905 1357
906 1358
907 1356
908 1357
909 1355
910 1353
911 1357
912 1356
913 1354
914 1354
915 1356
916 1356
917 1357
918 1355
919 1354
920 1354
921 1354
922 1357
923 1350
924 1356
925 1355
926 1356
927 1357
928 1356
929 1357
930 1359
931 1357
932 1355
933 1358
934 1353
935 1356
936 1355
937 1358
938 1354
939 1358
940 1355
941 1356
942 1356
943 1358
944 1356
945 1355
946 1356
947 1358
948 1356
949 1358
950 1357
951 1356
952 1355
953 1355
954 1356
955 1355
956 1356
957 1357
958 1356
959 1355
960 1355
961 1358
962 1359
963 1357
964 1356
965 1358
966 1356
967 1355
968 1354
969 1352
970 1353
971 1357
972 1354
973 1354
974 1353
975 1355
976 1355
977 1357
978 1356
979 1355
980 1353
981 1357
982 1356
983 1358
984 1355
985 1355
986 1354
987 1356
988 1356
989 1355
990 1355
991 1357
992 1357
993 1357
994 1356
995 1357
996 1354
997 1355
998 1356
999 1357
1000 1356
1001 1355
1002 1356
1003 1356
1004 1357
1005 1357
1006 1358
1007 1358
1008 1354
1009 1354
1010 1356
1011 1356
1012 1357
1013 1354
1014 1356
1015 1355
1016 1357
1017 1358
1018 1356
1019 1356
1020 1357
1021 1356
1022 1356
1023 1356
1024 1355
1025 1355
1026 1353
1027 1356
1028 1356
1029 1357
1030 1358
1031 1356
1032 1354
1033 1355
1034 1353
1035 1356
1036 1357
1037 1357
1038 1354
1039 1356
1040 1355
1041 1353
1042 1355
1043 1355
1044 1356
1045 1355
1046 1354
1047 1356
1048 1354
1049 1355
1050 1356
1051 1356
1052 1355
1053 1354
1054 1354
1055 1356
1056 1355
1057 1355
1058 1354
1059 1356
1060 1355
1061 1357
1062 1353
1063 1355
1064 1357
1065 1358
1066 1354
1067 1356
1068 1354
1069 1355
1070 1354
1071 1357
1072 1356
1073 1357
1074 1358
1075 1356
1076 1356
1077 1355
1078 1353
1079 1357
1080 1354
1081 1356
1082 1356
1083 1357
1084 1355
1085 1357
1086 1355
1087 1359
1088 1357
1089 1358
1090 1357
1091 1361
1092 1356
1093 1353
1094 1355
1095 1359
1096 1356
1097 1357
1098 1353
1099 1355
1100 1355
1101 1354
1102 1354
1103 1354
1104 1355
1105 1356
1106 1355
1107 1357
1108 1356
1109 1357
1110 1354
1111 1359
1112 1355
1113 1357
1114 1353
1115 1354
1116 1357
1117 1355
1118 1358
1119 1357
1120 1357
1121 1357
1122 1357
1123 1355
1124 1355
1125 1357
1126 1360
1127 1355
1128 1354
1129 1355
1130 1355
1131 1357
1132 1355
1133 1356
1134 1356
1135 1356
1136 1354
1137 1356
1138 1356
1139 1358
1140 1356
1141 1357
1142 1356
1143 1355
1144 1356
1145 1354
1146 1355
1147 1357
1148 1355
1149 1355
1150 1355
1151 1357
1152 1354
1153 1352
1154 1356
1155 1356
1156 1358
1157 1355
1158 1355
1159 1355
1160 1354
1161 1353
1162 1353
1163 1352
1164 1355
1165 1353
1166 1357
1167 1356
1168 1357
1169 1358
1170 1357
1171 1357
1172 1354
1173 1355
1174 1357
1175 1355
1176 1359
1177 1357
1178 1356
1179 1357
1180 1354
1181 1353
1182 1354
1183 1354
1184 1355
1185 1353
1186 1356
1187 1357
1188 1356
1189 1358
1190 1354
1191 1354
1192 1356
1193 1354
1194 1356
1195 1355
1196 1357
1197 1355
1198 1356
1199 1353
1200 1355
1201 1360
1202 1357
1203 1357
1204 1358
1205 1354
1206 1354
1207 1353
1208 1355
1209 1355
1210 1356
1211 1357
1212 1355
1213 1357
1214 1357
1215 1357
1216 1355
1217 1357
1218 1356
1219 1357
1220 1354
1221 1355
1222 1356
1223 1357
1224 1355
1225 1356
1226 1356
1227 1356
1228 1355
1229 1356
1230 1354
1231 1352
1232 1355
1233 1354
1234 1356
1235 1357
1236 1356
1237 1355
1238 1357
1239 1357
1240 1354
1241 1357
1242 1355
1243 1355
1244 1354
1245 1356
1246 1354
1247 1352
1248 1354
1249 1355
1250 1358
1251 1358
1252 1355
1253 1355
1254 1356
1255 1356
1256 1356
1257 1356
1258 1356
1259 1357
1260 1358
1261 1355
1262 1358
1263 1357
1264 1356
1265 1355
1266 1357
1267 1357
1268 1356
1269 1359
1270 1356
1271 1356
1272 1356
1273 1353
1274 1354
1275 1356
1276 1354
1277 1356
1278 1355
1279 1354
1280 1356
1281 1357
1282 1356
1283 1354
1284 1356
1285 1353
1286 1355
1287 1355
1288 1358
1289 1354
1290 1353
1291 1354
1292 1355
1293 1356
1294 1355
1295 1356
1296 1354
1297 1356
1298 1355
1299 1358
1300 1355
1301 1357
1302 1355
1303 1357
1304 1356
1305 1355
1306 1354
1307 1356
1308 1353
1309 1353
1310 1355
1311 1358
1312 1356
1313 1356
1314 1355
1315 1357
1316 1354
1317 1356
1318 1356
1319 1353
1320 1354
1321 1356
1322 1355
1323 1353
1324 1355
1325 1354
1326 1354
1327 1356
1328 1358
1329 1356
1330 1355
1331 1354
1332 1355
1333 1355
1334 1356
1335 1354
1336 1355
1337 1356
1338 1358
1339 1358
1340 1354
1341 1357
1342 1354
1343 1355
1344 1355
1345 1355
1346 1356
1347 1357
1348 1355
1349 1356
1350 1356
1351 1353
1352 1356
1353 1357
1354 1355
1355 1355
1356 1358
1357 1355
1358 1353
1359 1354
1360 1354
1361 1353
1362 1358
1363 1355
1364 1358
1365 1356
1366 1355
1367 1355
1368 1356
1369 1355
1370 1355
1371 1356
1372 1355
1373 1355
1374 1356
1375 1353
1376 1358
1377 1358
1378 1355
1379 1356
1380 1355
1381 1356
1382 1357
1383 1356
1384 1356
1385 1355
1386 1357
1387 1357
1388 1359
1389 1357
1390 1357
1391 1356
1392 1357
1393 1359
1394 1358
1395 1358
1396 1358
1397 1356
1398 1355
1399 1355
1400 1355
1401 1354
1402 1357
1403 1354
1404 1356
1405 1352
1406 1355
1407 1356
1408 1357
1409 1355
1410 1355
1411 1357
1412 1358
1413 1355
1414 1353
1415 1358
1416 1357
1417 1356
1418 1354
1419 1354
1420 1355
1421 1356
1422 1358
1423 1355
1424 1355
1425 1355
1426 1358
1427 1357
1428 1358
1429 1356
1430 1354
1431 1355
1432 1354
1433 1356
1434 1355
1435 1354
1436 1355
1437 1357
1438 1357
1439 1356
1440 1356
1441 1357
1442 1355
1443 1354
1444 1354
1445 1355
1446 1355
1447 1358
1448 1357
1449 1359
1450 1355
1451 1357
1452 1355
1453 1355
1454 1357
1455 1354
1456 1357
1457 1354
1458 1355
1459 1355
1460 1355
1461 1357
1462 1355
1463 1353
1464 1357
1465 1356
1466 1355
1467 1356
1468 1354
1469 1356
1470 1354
1471 1355
1472 1356
1473 1357
1474 1355
1475 1355
1476 1356
1477 1357
1478 1356
1479 1353
1480 1355
1481 1354
1482 1356
1483 1358
1484 1357
1485 1357
1486 1356
1487 1355
1488 1356
1489 1356
1490 1357
1491 1356
1492 1357
1493 1354
1494 1354
1495 1357
1496 1359
1497 1355
1498 1355
1499 1353
1500 1358
1501 1356
1502 1357
1503 1354
1504 1356
1505 1357
1506 1356
1507 1356
1508 1355
1509 1358
1510 1358
1511 1356
1512 1356
1513 1355
1514 1356
1515 1357
1516 1356
1517 1357
1518 1357
1519 1355
1520 1355
1521 1355
1522 1356
1523 1355
1524 1356
1525 1355
1526 1357
1527 1357
1528 1358
1529 1355
1530 1354
1531 1357
1532 1356
1533 1356
1534 1355
1535 1357
1536 1355
1537 1357
1538 1355
1539 1356
1540 1356
1541 1358
1542 1356
1543 1357
1544 1354
1545 1352
1546 1357
1547 1357
1548 1356
1549 1357
1550 1354
1551 1353
1552 1354
1553 1352
1554 1354
1555 1354
1556 1353
1557 1357
1558 1353
1559 1355
1560 1354
1561 1356
1562 1358
1563 1354
1564 1357
1565 1355
1566 1356
1567 1356
1568 1356
1569 1357
1570 1356
1571 1352
1572 1355
1573 1357
1574 1355
1575 1358
1576 1353
1577 1356
1578 1355
1579 1354
1580 1357
1581 1359
1582 1356
1583 1358
1584 1357
1585 1354
1586 1356
1587 1355
1588 1355
1589 1355
1590 1356
1591 1355
1592 1356
1593 1356
1594 1355
1595 1356
1596 1356
1597 1357
1598 1354
1599 1353
1600 1355
1601 1356
1602 1356
1603 1356
1604 1358
1605 1355
1606 1357
1607 1355
1608 1356
1609 1358
1610 1357
1611 1356
1612 1356
1613 1352
1614 1356
1615 1357
1616 1355
1617 1356
1618 1354
1619 1354
1620 1356
1621 1353
1622 1354
1623 1357
1624 1357
1625 1356
1626 1355
1627 1356
1628 1354
1629 1358
1630 1356
1631 1357
1632 1359
1633 1358
1634 1355
1635 1359
1636 1355
1637 1355
1638 1354
1639 1357
1640 1356
1641 1357
1642 1355
1643 1358
1644 1356
1645 1354
1646 1357
1647 1354
1648 1354
1649 1356
1650 1357
1651 1356
1652 1359
1653 1357
1654 1356
1655 1355
1656 1355
1657 1356
1658 1356
1659 1354
1660 1356
1661 1358
1662 1357
1663 1357
1664 1356
1665 1355
1666 1355
1667 1358
1668 1353
1669 1357
1670 1357
1671 1354
1672 1353
1673 1359
1674 1355
1675 1357
1676 1355
1677 1356
1678 1355
1679 1356
1680 1355
1681 1356
1682 1355
1683 1355
1684 1354
1685 1358
1686 1358
1687 1358
1688 1355
1689 1357
1690 1355
1691 1353
1692 1353
1693 1358
1694 1355
1695 1357
1696 1355
1697 1356
1698 1357
1699 1356
1700 1354
1701 1354
1702 1356
1703 1356
1704 1356
1705 1354
1706 1355
1707 1357
1708 1356
1709 1356
1710 1353
1711 1355
1712 1357
1713 1356
1714 1358
1715 1357
1716 1358
1717 1358
1718 1357
1719 1356
1720 1355
1721 1356
1722 1355
1723 1357
1724 1355
1725 1356
1726 1355
1727 1357
1728 1356
1729 1355
1730 1357
1731 1358
1732 1357
1733 1356
1734 1357
1735 1358
1736 1356
1737 1354
1738 1355
1739 1356
1740 1354
1741 1356
1742 1355
1743 1356
1744 1355
1745 1353
1746 1356
1747 1354
1748 1354
1749 1356
1750 1356
1751 1357
1752 1355
1753 1356
1754 1354
1755 1358
1756 1356
1757 1355
1758 1356
1759 1357
1760 1355
1761 1356
1762 1355
1763 1356
1764 1353
1765 1357
1766 1354
1767 1355
1768 1353
1769 1357
1770 1355
1771 1356
1772 1357
1773 1356
1774 1356
1775 1356
1776 1357
1777 1357
1778 1356
1779 1356
1780 1357
1781 1358
1782 1357
1783 1357
1784 1360
1785 1358
1786 1356
1787 1355
1788 1358
1789 1357
1790 1357
1791 1353
1792 1356
1793 1354
1794 1354
1795 1354
1796 1355
1797 1356
1798 1355
1799 1357
1800 1353
1801 1354
1802 1356
1803 1357
1804 1355
1805 1355
1806 1353
1807 1355
1808 1355
1809 1354
1810 1353
1811 1357
1812 1355
1813 1357
1814 1356
1815 1357
1816 1357
1817 1358
1818 1356
1819 1356
1820 1353
1821 1352
1822 1356
1823 1354
1824 1355
1825 1357
1826 1353
1827 1357
1828 1357
1829 1354
1830 1354
1831 1355
1832 1352
1833 1357
1834 1355
1835 1355
1836 1352
1837 1354
1838 1353
1839 1355
1840 1356
1841 1358
1842 1354
1843 1359
1844 1355
1845 1358
1846 1356
1847 1356
1848 1356
1849 1356
1850 1353
1851 1355
1852 1355
1853 1357
1854 1357
1855 1359
1856 1357
1857 1355
1858 1355
1859 1357
1860 1354
1861 1357
1862 1353
1863 1355
1864 1353
1865 1356
1866 1354
1867 1353
1868 1353
1869 1358
1870 1356
1871 1357
1872 1358
1873 1358
1874 1355
1875 1359
1876 1357
1877 1358
1878 1356
1879 1357
1880 1356
1881 1357
1882 1357
1883 1359
1884 1356
1885 1357
1886 1355
1887 1352
1888 1355
1889 1356
1890 1355
1891 1356
1892 1356
1893 1355
1894 1354
1895 1355
1896 1354
1897 1355
1898 1357
1899 1356
1900 1356
1901 1357
1902 1355
1903 1356
1904 1356
1905 1356
1906 1358
1907 1354
1908 1356
1909 1356
1910 1357
1911 1357
1912 1358
1913 1354
1914 1358
1915 1359
1916 1359
1917 1356
1918 1355
1919 1357
1920 1352
1921 1358
1922 1354
1923 1358
1924 1356
1925 1357
1926 1356
1927 1354
1928 1354
1929 1356
1930 1355
1931 1353
1932 1354
1933 1354
1934 1354
1935 1355
1936 1357
1937 1357
1938 1354
1939 1357
1940 1358
1941 1353
1942 1356
1943 1356
1944 1356
1945 1353
1946 1357
1947 1357
1948 1357
1949 1358
1950 1356
1951 1356
1952 1353
1953 1354
1954 1356
1955 1357
1956 1355
1957 1356
1958 1354
1959 1352
1960 1353
1961 1357
1962 1354
1963 1357
1964 1358
1965 1356
1966 1356
1967 1355
1968 1355
1969 1357
1970 1356
1971 1355
1972 1354
1973 1355
1974 1353
1975 1357
1976 1355
1977 1357
1978 1356
1979 1359
1980 1355
1981 1356
1982 1356
1983 1356
1984 1355
1985 1357
1986 1354
1987 1357
1988 1356
1989 1359
1990 1354
1991 1356
1992 1356
1993 1355
1994 1359
1995 1355
1996 1355
1997 1356
1998 1356
1999 1357
2000 1355
2001 1357
2002 1360
2003 1356
2004 1354
2005 1358
2006 1359
2007 1360
2008 1355
2009 1357
2010 1356
2011 1358
2012 1357
2013 1356
2014 1354
2015 1357
2016 1353
2017 1357
2018 1356
2019 1357
2020 1355
2021 1357
2022 1355
2023 1356
2024 1355
2025 1353
2026 1355
2027 1358
2028 1355
2029 1357
2030 1355
2031 1357
2032 1355
2033 1356
2034 1358
2035 1355
2036 1355
2037 1356
2038 1355
2039 1355
2040 1355
2041 1356
2042 1356
2043 1358
2044 1355
2045 1358
2046 1356
2047 1355
2048 1355
2049 1355
2050 1354
2051 1357
2052 1356
2053 1357
2054 1358
2055 1356
2056 1356
2057 1357
2058 1357
2059 1356
2060 1354
2061 1356
2062 1356
2063 1357
2064 1356
2065 1355
2066 1356
2067 1357
2068 1357
2069 1357
2070 1354
2071 1356
2072 1354
2073 1356
2074 1354
2075 1358
2076 1355
2077 1358
2078 1359
2079 1357
2080 1354
2081 1357
2082 1354
2083 1355
2084 1356
2085 1357
2086 1355
2087 1358
2088 1355
2089 1357
2090 1354
2091 1356
2092 1355
2093 1356
2094 1355
2095 1357
2096 1356
2097 1356
2098 1356
2099 1358
2100 1355
2101 1360
2102 1355
2103 1356
2104 1354
2105 1357
2106 1353
2107 1354
2108 1353
2109 1354
2110 1356
2111 1357
2112 1356
2113 1356
2114 1353
2115 1354
2116 1354
2117 1356
2118 1356
2119 1356
2120 1357
2121 1356
2122 1354
2123 1356
2124 1354
2125 1357
2126 1356
2127 1357
2128 1355
2129 1357
2130 1354
2131 1358
2132 1352
2133 1357
2134 1353
2135 1355
2136 1355
2137 1356
2138 1356
2139 1357
2140 1356
2141 1356
2142 1356
2143 1357
2144 1357
2145 1358
2146 1356
2147 1357
2148 1356
2149 1357
2150 1356
2151 1356
2152 1357
2153 1356
2154 1356
2155 1357
2156 1356
2157 1356
2158 1356
2159 1355
2160 1354
2161 1355
2162 1357
2163 1357
2164 1358
2165 1357
2166 1356
2167 1355
2168 1355
2169 1354
2170 1354
2171 1357
2172 1355
2173 1357
2174 1356
2175 1357
2176 1355
2177 1354
2178 1356
2179 1358
2180 1356
2181 1358
2182 1359
2183 1357
2184 1355
2185 1353
2186 1352
2187 1354
2188 1355
2189 1355
2190 1356
2191 1355
2192 1355
2193 1356
2194 1355
2195 1354
2196 1358
2197 1355
2198 1354
2199 1354
2200 1355
2201 1356
2202 1354
2203 1357
2204 1355
2205 1356
2206 1355
2207 1356
2208 1354
2209 1358
2210 1357
2211 1355
2212 1353
2213 1357
2214 1354
2215 1356
2216 1356
2217 1356
2218 1357
2219 1358
2220 1356
2221 1356
2222 1356
2223 1355
2224 1355
2225 1356
2226 1356
2227 1357
2228 1354
2229 1356
2230 1354
2231 1356
2232 1356
2233 1354
2234 1353
2235 1355
2236 1355
2237 1356
2238 1355
2239 1355
2240 1354
2241 1353
2242 1356
2243 1356
2244 1354
2245 1354
2246 1354
2247 1357
2248 1356
2249 1355
2250 1355
2251 1354
2252 1355
2253 1356
2254 1354
2255 1357
2256 1353
2257 1359
2258 1357
2259 1358
2260 1356
2261 1358
2262 1356
2263 1357
2264 1354
2265 1357
2266 1357
2267 1362
2268 1357
2269 1358
2270 1358
2271 1356
2272 1357
2273 1357
2274 1356
2275 1356
2276 1355
2277 1356
2278 1353
2279 1356
2280 1356
2281 1356
2282 1356
2283 1357
2284 1355
2285 1355
2286 1354
2287 1357
2288 1355
2289 1356
2290 1355
2291 1356
2292 1356
2293 1357
2294 1354
2295 1355
2296 1353
2297 1356
2298 1355
2299 1357
2300 1356
2301 1353
2302 1355
2303 1358
2304 1352
2305 1358
2306 1356
2307 1355
2308 1356
2309 1357
2310 1354
2311 1359
2312 1354
2313 1356
2314 1352
2315 1353
2316 1352
2317 1356
2318 1354
2319 1354
2320 1354
2321 1357
2322 1359
2323 1355
2324 1353
2325 1354
2326 1354
2327 1354
2328 1351
2329 1354
2330 1354
2331 1358
2332 1357
2333 1354
2334 1355
2335 1357
2336 1359
2337 1358
2338 1354
2339 1357
2340 1358
2341 1358
2342 1355
2343 1357
2344 1356
2345 1355
2346 1356
2347 1356
2348 1355
2349 1355
2350 1355
2351 1356
2352 1357
2353 1356
2354 1355
2355 1356
2356 1357
2357 1355
2358 1356
2359 1355
2360 1354
2361 1356
2362 1356
2363 1356
2364 1356
2365 1355
2366 1357
2367 1357
2368 1358
2369 1355
2370 1356
2371 1357
2372 1358
2373 1355
2374 1355
2375 1354
2376 1356
2377 1358
2378 1356
2379 1356
2380 1359
2381 1360
2382 1356
2383 1356
2384 1357
2385 1356
2386 1357
2387 1358
2388 1359
2389 1357
2390 1356
2391 1356
2392 1355
2393 1354
2394 1354
2395 1357
2396 1356
2397 1354
2398 1356
2399 1354
2400 1356
2401 1358
2402 1356
2403 1357
2404 1356
2405 1355
2406 1354
2407 1355
2408 1354
2409 1357
2410 1355
2411 1358
2412 1354
2413 1355
2414 1355
2415 1357
2416 1353
2417 1353
2418 1352
2419 1354
2420 1355
2421 1357
2422 1355
2423 1355
2424 1357
2425 1355
2426 1355
2427 1356
2428 1356
2429 1356
2430 1355
2431 1356
2432 1353
2433 1357
2434 1353
2435 1355
2436 1358
2437 1353
2438 1354
2439 1357
2440 1357
2441 1359
2442 1354
2443 1356
2444 1356
2445 1357
2446 1354
2447 1357
2448 1354
2449 1353
2450 1354
2451 1359
2452 1356
2453 1358
2454 1356
2455 1357
2456 1354
2457 1358
2458 1356
2459 1358
2460 1355
2461 1358
2462 1360
2463 1359
2464 1357
2465 1355
2466 1358
2467 1357
2468 1357
2469 1354
2470 1356
2471 1358
2472 1355
2473 1354
2474 1354
2475 1354
2476 1355
2477 1356
2478 1355
2479 1354
2480 1354
2481 1353
2482 1356
2483 1356
2484 1356
2485 1355
2486 1358
2487 1358
2488 1354
2489 1358
2490 1360
2491 1360
2492 1356
2493 1354
2494 1357
2495 1356
2496 1354
2497 1353
2498 1354
2499 1355
2500 1355
2501 1355
2502 1358
2503 1355
2504 1355
2505 1358
2506 1358
2507 1354
2508 1354
2509 1352
2510 1357
2511 1356
2512 1353
2513 1354
2514 1354
2515 1357
2516 1359
2517 1356
2518 1354
2519 1357
2520 1356
2521 1358
2522 1356
2523 1356
2524 1356
2525 1357
2526 1357
2527 1359
2528 1358
2529 1356
2530 1356
2531 1355
2532 1357
2533 1355
2534 1356
2535 1355
2536 1356
2537 1354
2538 1355
2539 1353
2540 1357
2541 1357
2542 1357
2543 1355
2544 1354
2545 1358
2546 1358
2547 1355
2548 1354
2549 1355
2550 1354
2551 1355
2552 1355
2553 1357
2554 1358
2555 1358
2556 1356
2557 1356
2558 1355
2559 1353
2560 1356
2561 1358
2562 1357
2563 1353
2564 1353
2565 1357
2566 1355
2567 1357
2568 1356
2569 1357
2570 1357
2571 1360
2572 1358
2573 1354
2574 1357
2575 1355
2576 1357
2577 1355
2578 1356
2579 1356
2580 1357
2581 1356
2582 1357
2583 1355
2584 1357
2585 1358
2586 1357
2587 1357
2588 1356
2589 1353
2590 1357
2591 1354
2592 1359
2593 1356
2594 1356
2595 1355
2596 1355
2597 1357
2598 1357
2599 1358
2600 1355
2601 1355
2602 1355
2603 1355
2604 1355
2605 1356
2606 1357
2607 1357
2608 1357
2609 1356
2610 1356
2611 1356
2612 1356
2613 1355
2614 1354
2615 1357
2616 1359
2617 1355
2618 1355
2619 1354
2620 1356
2621 1355
2622 1354
2623 1353
2624 1356
2625 1355
2626 1354
2627 1355
2628 1355
2629 1355
2630 1356
2631 1357
2632 1359
2633 1355
2634 1356
2635 1357
2636 1355
2637 1356
2638 1357
2639 1355
2640 1357
2641 1357
2642 1357
2643 1357
2644 1361
2645 1358
2646 1356
2647 1357
2648 1356
2649 1355
2650 1355
2651 1355
2652 1358
2653 1357
2654 1356
2655 1354
2656 1356
2657 1356
2658 1359
2659 1357
2660 1358
2661 1360
2662 1362
2663 1358
2664 1359
2665 1359
2666 1357
2667 1358
2668 1356
2669 1356
2670 1356
2671 1355
2672 1356
2673 1357
2674 1358
2675 1357
2676 1361
2677 1357
2678 1356
2679 1357
2680 1356
2681 1356
2682 1357
2683 1357
2684 1357
2685 1356
2686 1357
2687 1356
2688 1354
2689 1353
2690 1356
2691 1355
2692 1355
2693 1356
2694 1356
2695 1355
2696 1353
2697 1356
2698 1355
2699 1356
2700 1355
2701 1355
2702 1354
2703 1355
2704 1357
2705 1358
2706 1356
2707 1356
2708 1355
2709 1352
2710 1355
2711 1356
2712 1354
2713 1354
2714 1356
2715 1356
2716 1355
2717 1358
2718 1356
2719 1354
2720 1354
2721 1355
2722 1355
2723 1356
2724 1356
2725 1358
2726 1356
2727 1356
2728 1354
2729 1357
2730 1355
2731 1354
2732 1356
2733 1357
2734 1356
2735 1355
2736 1357
2737 1356
2738 1354
2739 1352
2740 1355
2741 1356
2742 1356
2743 1357
2744 1355
2745 1355
2746 1354
2747 1355
2748 1356
2749 1356
2750 1356
2751 1356
2752 1357
2753 1354
2754 1354
2755 1355
2756 1355
2757 1357
2758 1355
2759 1355
2760 1354
2761 1355
2762 1357
2763 1355
2764 1357
2765 1358
2766 1356
2767 1355
2768 1355
2769 1356
2770 1358
2771 1356
2772 1356
2773 1353
2774 1355
2775 1358
2776 1356
2777 1354
2778 1355
2779 1355
2780 1356
2781 1356
2782 1356
2783 1357
2784 1356
2785 1357
2786 1354
2787 1356
2788 1356
2789 1357
2790 1356
2791 1357
2792 1358
2793 1355
2794 1356
2795 1356
2796 1356
2797 1356
2798 1355
2799 1355
2800 1356
2801 1355
2802 1356
2803 1357
2804 1357
2805 1355
2806 1354
2807 1356
2808 1355
2809 1355
2810 1355
2811 1356
2812 1352
2813 1357
2814 1355
2815 1356
2816 1354
2817 1356
2818 1358
2819 1359
2820 1356
2821 1354
2822 1354
2823 1357
2824 1359
2825 1358
2826 1355
2827 1356
2828 1355
2829 1356
2830 1356
2831 1353
2832 1357
2833 1356
2834 1355
2835 1354
2836 1354
2837 1357
2838 1358
2839 1356
2840 1355
2841 1355
2842 1355
2843 1356
2844 1354
2845 1356
2846 1356
2847 1356
2848 1354
2849 1353
2850 1355
2851 1355
2852 1356
2853 1354
2854 1355
2855 1355
2856 1356
2857 1354
2858 1356
2859 1355
2860 1356
2861 1357
2862 1354
2863 1358
2864 1354
2865 1355
2866 1355
2867 1357
2868 1356
2869 1357
2870 1355
2871 1357
2872 1353
2873 1356
2874 1355
2875 1359
2876 1356
2877 1357
2878 1359
2879 1355
2880 1356
2881 1355
2882 1355
2883 1355
2884 1354
2885 1357
2886 1358
2887 1357
2888 1358
2889 1356
2890 1353
2891 1357
2892 1357
2893 1357
2894 1356
2895 1355
2896 1355
2897 1358
2898 1355
2899 1356
2900 1356
2901 1356
2902 1356
2903 1356
2904 1357
2905 1355
2906 1356
2907 1354
2908 1349
2909 1356
2910 1357
2911 1358
2912 1356
2913 1356
2914 1354
2915 1356
2916 1356
2917 1355
2918 1358
2919 1357
2920 1359
2921 1354
2922 1356
2923 1355
2924 1354
2925 1354
2926 1357
2927 1356
2928 1357
2929 1355
2930 1356
2931 1354
2932 1354
2933 1354
2934 1356
2935 1357
2936 1356
2937 1357
2938 1355
2939 1356
2940 1354
2941 1354
2942 1358
2943 1357
2944 1354
2945 1352
2946 1356
2947 1355
2948 1356
2949 1356
2950 1357
2951 1355
2952 1358
2953 1354
2954 1353
2955 1356
2956 1356
2957 1356
2958 1353
2959 1355
2960 1356
2961 1355
2962 1357
2963 1356
2964 1353
2965 1355
2966 1356
2967 1354
2968 1356
2969 1354
2970 1357
2971 1355
2972 1356
2973 1356
2974 1355
2975 1358
2976 1355
2977 1356
2978 1354
2979 1355
2980 1356
2981 1354
2982 1356
2983 1355
2984 1355
2985 1355
2986 1354
2987 1356
2988 1355
2989 1355
2990 1355
2991 1356
2992 1358
2993 1355
2994 1357
2995 1356
2996 1354
2997 1355
2998 1354
2999 1355
3000 1356
3001 1355
3002 1355
3003 1353
3004 1356
3005 1359
3006 1358
3007 1358
3008 1357
3009 1356
3010 1357
3011 1357
3012 1356
3013 1355
3014 1354
3015 1354
3016 1356
3017 1355
3018 1356
3019 1357
3020 1357
3021 1355
3022 1356
3023 1353
3024 1355
3025 1357
3026 1352
3027 1356
3028 1355
3029 1355
3030 1356
3031 1355
3032 1355
3033 1354
3034 1357
3035 1357
3036 1356
3037 1358
3038 1356
3039 1356
3040 1356
3041 1357
3042 1355
3043 1353
3044 1354
3045 1356
3046 1355
3047 1357
3048 1355
3049 1357
3050 1355
3051 1354
3052 1355
3053 1354
3054 1356
3055 1356
3056 1355
3057 1354
3058 1355
3059 1357
3060 1356
3061 1356
3062 1356
3063 1356
3064 1356
3065 1355
3066 1356
3067 1356
3068 1354
3069 1356
3070 1356
3071 1357
3072 1355
3073 1357
3074 1355
3075 1356
3076 1356
3077 1355
3078 1354
3079 1353
3080 1356
3081 1355
3082 1354
3083 1356
3084 1355
3085 1356
3086 1355
3087 1356
3088 1357
3089 1356
3090 1356
3091 1354
3092 1357
3093 1354
3094 1354
3095 1354
3096 1354
3097 1356
3098 1354
3099 1357
3100 1357
3101 1357
3102 1355
3103 1356
3104 1356
3105 1357
3106 1354
3107 1355
3108 1354
3109 1354
3110 1356
3111 1356
3112 1354
3113 1353
3114 1354
3115 1356
3116 1354
3117 1357
3118 1357
3119 1358
3120 1355
3121 1356
3122 1356
3123 1355
3124 1356
3125 1356
3126 1355
3127 1357
3128 1355
3129 1357
3130 1354
3131 1359
3132 1356
3133 1358
3134 1354
3135 1358
3136 1355
3137 1357
3138 1356
3139 1354
3140 1355
3141 1354
3142 1353
3143 1357
3144 1356
3145 1356
3146 1355
3147 1355
3148 1353
3149 1357
3150 1356
3151 1357
3152 1355
3153 1355
3154 1355
3155 1359
3156 1357
3157 1355
3158 1356
3159 1357
3160 1357
3161 1357
3162 1356
3163 1353
3164 1358
3165 1358
3166 1356
3167 1357
3168 1358
3169 1359
3170 1354
3171 1355
3172 1353
3173 1356
3174 1356
3175 1353
3176 1353
3177 1357
3178 1356
3179 1358
3180 1356
3181 1357
3182 1359
3183 1357
3184 1357
3185 1357
3186 1359
3187 1355
3188 1354
3189 1356
3190 1354
3191 1357
3192 1354
3193 1357
3194 1359
3195 1354
3196 1357
3197 1356
3198 1354
3199 1355
3200 1354
3201 1356
3202 1354
3203 1353
3204 1354
3205 1356
3206 1357
3207 1356
3208 1355
3209 1356
3210 1357
3211 1357
3212 1357
3213 1356
3214 1356
3215 1357
3216 1356
3217 1357
3218 1357
3219 1359
3220 1357
3221 1359
3222 1358
3223 1356
3224 1357
3225 1355
3226 1356
3227 1357
3228 1356
3229 1358
3230 1357
3231 1355
3232 1357
3233 1358
3234 1356
3235 1357
3236 1353
3237 1354
3238 1356
3239 1355
3240 1355
3241 1356
3242 1355
3243 1354
3244 1353
3245 1354
3246 1356
3247 1357
3248 1356
3249 1357
3250 1360
3251 1354
3252 1355
3253 1357
3254 1359
3255 1356
3256 1356
3257 1355
3258 1356
3259 1356
3260 1355
3261 1355
3262 1356
3263 1355
3264 1355
3265 1358
3266 1356
3267 1353
3268 1354
3269 1357
3270 1357
3271 1354
3272 1355
3273 1354
3274 1355
3275 1356
3276 1359
3277 1359
3278 1359
3279 1356
3280 1356
3281 1356
3282 1357
3283 1355
3284 1355
3285 1358
3286 1356
3287 1357
3288 1355
3289 1355
3290 1357
3291 1356
3292 1356
3293 1357
3294 1357
3295 1355
3296 1356
3297 1355
3298 1359
3299 1357
3300 1355
3301 1356
3302 1355
3303 1356
3304 1355
3305 1357
3306 1356
3307 1358
3308 1360
3309 1359
3310 1357
3311 1358
3312 1357
3313 1358
3314 1356
3315 1357
3316 1355
3317 1358
3318 1356
3319 1356
3320 1355
3321 1355
3322 1357
3323 1357
3324 1358
3325 1357
3326 1357
3327 1357
3328 1357
3329 1355
3330 1354
3331 1358
3332 1355
3333 1356
3334 1355
3335 1356
3336 1356
3337 1353
3338 1354
3339 1356
3340 1352
3341 1356
3342 1354
3343 1356
3344 1356
3345 1355
3346 1356
3347 1356
3348 1355
3349 1357
3350 1357
3351 1358
3352 1354
3353 1354
3354 1355
3355 1355
3356 1354
3357 1356
3358 1356
3359 1355
3360 1352
3361 1357
3362 1355
3363 1355
3364 1355
3365 1357
3366 1355
3367 1353
3368 1354
3369 1355
3370 1353
3371 1358
3372 1357
3373 1357
3374 1355
3375 1353
3376 1358
3377 1356
3378 1355
3379 1358
3380 1356
3381 1357
3382 1355
3383 1353
3384 1354
3385 1355
3386 1356
3387 1355
3388 1351
3389 1350
3390 1353
3391 1353
3392 1351
3393 1355
3394 1356
3395 1355
3396 1353
3397 1355
3398 1352
3399 1357
3400 1356
3401 1358
3402 1355
3403 1355
3404 1352
3405 1355
3406 1357
3407 1357
3408 1356
3409 1356
3410 1355
3411 1357
3412 1355
3413 1355
3414 1356
3415 1355
3416 1357
3417 1356
3418 1358
3419 1356
3420 1358
3421 1357
3422 1357
3423 1356
3424 1355
3425 1356
3426 1356
3427 1353
3428 1353
3429 1356
3430 1354
3431 1356
3432 1357
3433 1356
3434 1357
3435 1355
3436 1355
3437 1355
3438 1357
3439 1357
3440 1358
3441 1357
3442 1355
3443 1354
3444 1355
3445 1357
3446 1354
3447 1356
3448 1354
3449 1355
3450 1353
3451 1355
3452 1353
3453 1357
3454 1357
3455 1356
3456 1356
3457 1358
3458 1356
3459 1356
3460 1355
3461 1356
3462 1355
3463 1355
3464 1355
3465 1357
3466 1357
3467 1356
3468 1358
3469 1358
3470 1358
3471 1357
3472 1358
3473 1355
3474 1355
3475 1357
3476 1357
3477 1358
3478 1355
3479 1353
3480 1354
3481 1354
3482 1353
3483 1356
3484 1353
3485 1355
3486 1356
3487 1356
3488 1354
3489 1356
3490 1357
3491 1357
3492 1356
3493 1356
3494 1354
3495 1357
3496 1357
3497 1359
3498 1355
3499 1356
3500 1356
3501 1355
3502 1355
3503 1357
3504 1355
3505 1354
3506 1355
3507 1357
3508 1355
3509 1357
3510 1355
3511 1354
3512 1353
3513 1353
3514 1357
3515 1356
3516 1355
3517 1355
3518 1353
3519 1354
3520 1355
3521 1357
3522 1352
3523 1353
3524 1354
3525 1355
3526 1355
3527 1355
3528 1355
3529 1355
3530 1353
3531 1357
3532 1356
3533 1356
3534 1353
3535 1355
3536 1355
3537 1355
3538 1354
3539 1355
3540 1354
3541 1356
3542 1355
3543 1356
3544 1356
3545 1356
3546 1354
3547 1357
3548 1355
3549 1354
3550 1356
3551 1356
3552 1355
3553 1356
3554 1355
3555 1357
3556 1358
3557 1357
3558 1353
3559 1353
3560 1355
3561 1352
3562 1357
3563 1353
3564 1352
3565 1355
3566 1355
3567 1356
3568 1354
3569 1355
3570 1356
3571 1356
3572 1356
3573 1355
3574 1353
3575 1355
3576 1352
3577 1357
3578 1356
3579 1354
3580 1353
3581 1356
3582 1354
3583 1355
3584 1352
3585 1353
3586 1357
3587 1356
3588 1356
3589 1357
3590 1356
3591 1356
3592 1357
3593 1356
3594 1357
3595 1357
3596 1356
3597 1359
3598 1359
3599 1357
3600 1355
3601 1351
3602 1354
3603 1355
3604 1354
3605 1357
3606 1355
3607 1356
3608 1352
3609 1353
3610 1354
3611 1357
3612 1353
3613 1356
3614 1356
3615 1351
3616 1357
3617 1355
3618 1357
3619 1355
3620 1355
3621 1355
3622 1357
3623 1357
3624 1357
3625 1354
3626 1355
3627 1356
3628 1352
3629 1355
3630 1354
3631 1355
3632 1357
3633 1355
3634 1356
3635 1356
3636 1355
3637 1354
3638 1354
3639 1354
3640 1356
3641 1354
3642 1358
3643 1357
3644 1355
3645 1355
3646 1357
3647 1355
3648 1355
3649 1354
3650 1355
3651 1353
3652 1354
3653 1356
3654 1357
3655 1355
3656 1355
3657 1356
3658 1357
3659 1355
3660 1353
3661 1356
3662 1355
3663 1354
3664 1355
3665 1356
3666 1355
3667 1356
3668 1356
3669 1354
3670 1355
3671 1355
3672 1356
3673 1356
3674 1356
3675 1354
3676 1356
3677 1355
3678 1356
3679 1354
3680 1354
3681 1356
3682 1356
3683 1354
3684 1356
3685 1355
3686 1357
3687 1357
3688 1355
3689 1355
3690 1355
3691 1357
3692 1354
3693 1355
3694 1354
3695 1355
3696 1359
3697 1356
3698 1357
3699 1357
3700 1354
3701 1353
3702 1354
3703 1354
3704 1355
3705 1355
3706 1357
3707 1356
3708 1358
3709 1354
3710 1355
3711 1355
3712 1358
3713 1357
3714 1355
3715 1355
3716 1355
3717 1358
3718 1358
3719 1358
3720 1355
3721 1351
3722 1355
3723 1356
3724 1355
3725 1355
3726 1354
3727 1354
3728 1355
3729 1354
3730 1355
3731 1357
3732 1355
3733 1354
3734 1356
3735 1355
3736 1355
3737 1357
3738 1354
3739 1355
3740 1355
3741 1358
3742 1357
3743 1357
3744 1353
3745 1355
3746 1356
3747 1356
3748 1354
3749 1353
3750 1355
3751 1355
3752 1355
3753 1353
3754 1355
3755 1354
3756 1355
3757 1357
3758 1356
3759 1353
3760 1354
3761 1356
3762 1357
3763 1356
3764 1354
3765 1354
3766 1355
3767 1356
3768 1356
3769 1354
3770 1355
3771 1356
3772 1355
3773 1355
3774 1354
3775 1358
3776 1355
3777 1361
3778 1356
3779 1357
3780 1355
3781 1356
3782 1356
3783 1357
3784 1357
3785 1356
3786 1355
3787 1353
3788 1355
3789 1355
3790 1354
3791 1355
3792 1355
3793 1356
3794 1353
3795 1356
3796 1355
3797 1357
3798 1357
3799 1356
3800 1354
3801 1356
3802 1356
3803 1358
3804 1354
3805 1356
3806 1354
3807 1357
3808 1357
3809 1357
3810 1357
3811 1357
3812 1354
3813 1356
3814 1353
3815 1356
3816 1353
3817 1357
3818 1351
3819 1355
3820 1353
3821 1357
3822 1357
3823 1357
3824 1356
3825 1361
3826 1358
3827 1355
3828 1355
3829 1355
3830 1355
3831 1357
3832 1355
3833 1358
3834 1357
3835 1357
3836 1355
3837 1356
3838 1354
3839 1356
3840 1356
3841 1355
3842 1355
3843 1356
3844 1353
3845 1357
3846 1356
3847 1358
3848 1357
3849 1359
3850 1354
3851 1353
3852 1355
3853 1357
3854 1355
3855 1357
3856 1357
3857 1357
3858 1354
3859 1356
3860 1356
3861 1355
3862 1354
3863 1358
3864 1356
3865 1357
3866 1356
3867 1356
3868 1355
3869 1358
3870 1356
3871 1355
3872 1355
3873 1355
3874 1354
3875 1356
3876 1354
3877 1354
3878 1355
3879 1354
3880 1355
3881 1353
3882 1351
3883 1358
3884 1355
3885 1358
3886 1355
3887 1357
3888 1355
3889 1353
3890 1354
3891 1357
3892 1357
3893 1357
3894 1355
3895 1358
3896 1358
3897 1359
3898 1358
3899 1357
3900 1357
3901 1357
3902 1355
3903 1355
3904 1355
3905 1354
3906 1357
3907 1356
3908 1356
3909 1355
3910 1353
3911 1355
3912 1356
3913 1357
3914 1355
3915 1356
3916 1356
3917 1354
3918 1357
3919 1360
3920 1355
3921 1356
3922 1357
3923 1357
3924 1357
3925 1356
3926 1355
3927 1356
3928 1353
3929 1354
3930 1357
3931 1359
3932 1357
3933 1354
3934 1354
3935 1354
3936 1359
3937 1357
3938 1356
3939 1353
3940 1357
3941 1357
3942 1356
3943 1356
3944 1356
3945 1357
3946 1355
3947 1355
3948 1356
3949 1356
3950 1356
3951 1355
3952 1357
3953 1356
3954 1356
3955 1357
3956 1355
3957 1354
3958 1355
3959 1357
3960 1356
3961 1355
3962 1355
3963 1355
3964 1356
3965 1355
3966 1356
3967 1355
3968 1353
3969 1355
3970 1356
3971 1357
3972 1355
3973 1352
3974 1355
3975 1357
3976 1355
3977 1357
3978 1355
3979 1355
3980 1355
3981 1355
3982 1355
3983 1357
3984 1354
3985 1354
3986 1356
3987 1355
3988 1356
3989 1355
3990 1356
3991 1355
3992 1354
3993 1353
3994 1356
3995 1359
3996 1356
3997 1352
3998 1353
3999 1354
