0 1357
1 1353
2 1357
3 1356
4 1353
5 1356
6 1357
7 1358
8 1358
9 1354
10 1356
11 1354
12 1356
13 1356
14 1356
15 1354
16 1356
17 1358
18 1355
19 1356
20 1355
21 1355
22 1354
23 1353
24 1357
25 1354
26 1354
27 1353
28 1356
29 1355
30 1355
31 1355
32 1360
33 1354
34 1353
35 1354
36 1354
37 1354
38 1355
39 1354
40 1357
41 1356
42 1357
43 1356
44 1356
45 1353
46 1355
47 1353
48 1356
49 1356
50 1354
51 1353
52 1354
53 1355
54 1357
55 1354
56 1355
57 1355
58 1355
59 1354
60 1354
61 1354
62 1357
63 1356
64 1357
65 1354
66 1357
67 1354
68 1356
69 1354
70 1357
71 1356
72 1357
73 1355
74 1357
75 1355
76 1356
77 1356
78 1355
79 1357
80 1358
81 1355
82 1355
83 1355
84 1355
85 1356
86 1361
87 1356
88 1354
89 1356
90 1357
91 1353
92 1354
93 1357
94 1358
95 1357
96 1359
97 1354
98 1357
99 1356
100 1359
101 1354
102 1356
103 1353
104 1356
105 1356
106 1357
107 1356
108 1354
109 1354
110 1356
111 1355
112 1356
113 1355
114 1357
115 1356
116 1357
117 1357
118 1357
119 1355
120 1357
121 1357
122 1357
123 1356
124 1358
125 1357
126 1355
127 1356
128 1356
129 1355
130 1355
131 1356
132 1357
133 1357
134 1356
135 1354
136 1357
137 1355
138 1355
139 1354
140 1353
141 1354
142 1356
143 1357
144 1355
145 1358
146 1357
147 1355
148 1355
149 1357
150 1355
151 1356
152 1357
153 1356
154 1358
155 1355
156 1356
157 1356
158 1356
159 1356
160 1356
161 1357
162 1357
163 1358
164 1353
165 1356
166 1355
167 1357
168 1356
169 1356
170 1354
171 1355
172 1357
173 1354
174 1357
175 1354
176 1355
177 1356
178 1356
179 1356
180 1357
181 1356
182 1354
183 1352
184 1356
185 1353
186 1354
187 1355
188 1355
189 1354
190 1351
191 1354
192 1354
193 1354
194 1355
195 1358
196 1357
197 1354
198 1357
199 1356
200 1356
201 1355
202 1355
203 1356
204 1354
205 1357
206 1354
207 1353
208 1355
209 1352
210 1358
211 1356
212 1355
213 1355
214 1356
215 1357
216 1356
217 1358
218 1357
219 1351
220 1354
221 1354
222 1356
223 1354
224 1355
225 1354
226 1356
227 1355
228 1358
229 1356
230 1357
231 1356
232 1354
233 1356
234 1354
235 1355
236 1355
237 1355
238 1357
239 1354
240 1355
241 1355
242 1353
243 1356
244 1353
245 1355
246 1354
247 1355
248 1354
249 1353
250 1355
251 1357
252 1355
253 1352
254 1358
255 1354
256 1356
257 1356
258 1356
259 1357
260 1357
261 1356
262 1356
263 1355
264 1358
265 1355
266 1359
267 1355
268 1356
269 1354
270 1356
271 1355
272 1355
273 1354
274 1354
275 1356
276 1355
277 1354
278 1356
279 1354
280 1355
281 1353
282 1354
283 1357
284 1357
285 1357
286 1357
287 1357
288 1357
289 1355
290 1355
291 1356
292 1354
293 1355
294 1354
295 1354
296 1357
297 1356
298 1356
299 1356
300 1356
301 1359
302 1356
303 1356
304 1355
305 1356
306 1356
307 1356
308 1356
309 1352
310 1357
311 1356
312 1354
313 1355
314 1357
315 1357
316 1354
317 1355
318 1353
319 1355
320 1354
321 1355
322 1354
323 1355
324 1355
325 1355
326 1355
327 1357
328 1356
329 1356
330 1355
331 1355
332 1354
333 1356
334 1357
335 1354
336 1357
337 1358
338 1355
339 1354
340 1354
341 1354
342 1353
343 1355
344 1353
345 1352
346 1354
347 1354
348 1355
349 1352
350 1357
351 1354
352 1353
353 1354
354 1357
355 1354
356 1356
357 1355
358 1357
359 1353
360 1356
361 1354
362 1355
363 1355
364 1357
365 1356
366 1355
367 1355
368 1357
369 1354
370 1356
371 1354
372 1354
373 1354
374 1355
375 1356
376 1356
377 1356
378 1354
379 1356
380 1356
381 1354
382 1355
383 1356
384 1356
385 1358
386 1356
387 1358
388 1355
389 1355
390 1355
391 1354
392 1355
393 1355
394 1359
395 1357
396 1355
397 1356
398 1358
399 1357
400 1355
401 1352
402 1353
403 1352
404 1355
405 1354
406 1354
407 1355
408 1356
409 1355
410 1352
411 1353
412 1361
413 1357
414 1356
415 1353
416 1357
417 1356
418 1357
419 1355
420 1356
421 1357
422 1357
423 1357
424 1357
425 1354
426 1357
427 1356
428 1356
429 1355
430 1356
431 1356
432 1356
433 1354
434 1356
435 1355
436 1356
437 1355
438 1358
439 1355
440 1357
441 1357
442 1357
443 1356
444 1353
445 1355
446 1357
447 1356
448 1355
449 1356
450 1356
451 1355
452 1357
453 1356
454 1358
455 1356
456 1357
457 1355
458 1354
459 1355
460 1359
461 1354
462 1357
463 1353
464 1356
465 1353
466 1354
467 1358
468 1357
469 1356
470 1355
471 1356
472 1355
473 1357
474 1356
475 1356
476 1354
477 1355
478 1355
479 1353
480 1357
481 1355
482 1359
483 1356
484 1353
485 1355
486 1356
487 1357
488 1358
489 1355
490 1357
491 1355
492 1357
493 1355
494 1355
495 1355
496 1353
497 1356
498 1354
499 1354
500 1354
501 1355
502 1356
503 1356
504 1353
505 1356
506 1356
507 1356
508 1358
509 1355
510 1355
511 1355
512 1356
513 1353
514 1354
515 1358
516 1355
517 1355
518 1357
519 1356
520 1356
521 1356
522 1357
523 1355
524 1355
525 1356
526 1358
527 1354
528 1357
529 1356
530 1353
531 1357
532 1357
533 1358
534 1356
535 1356
536 1357
537 1360
538 1365
539 1367
540 1376
541 1393
542 1405
543 1421
544 1442
545 1468
546 1490
547 1512
548 1534
549 1556
550 1584
551 1609
552 1629
553 1644
554 1658
555 1671
556 1681
557 1684
558 1689
559 1692
560 1692
561 1687
562 1689
563 1680
564 1674
565 1665
566 1653
567 1646
568 1631
569 1623
570 1614
571 1603
572 1587
573 1572
574 1557
575 1546
576 1536
577 1523
578 1516
579 1507
580 1498
581 1492
582 1482
583 1476
584 1466
585 1460
586 1455
587 1448
588 1438
589 1430
590 1428
591 1424
592 1420
593 1414
594 1412
595 1406
596 1405
597 1401
598 1398
599 1395
600 1393
601 1391
602 1387
603 1387
604 1385
605 1382
606 1381
607 1379
608 1374
609 1373
610 1372
611 1375
612 1371
613 1373
614 1369
615 1370
616 1371
617 1369
618 1367
619 1364
620 1365
621 1365
622 1363
623 1365
624 1363
625 1364
626 1364
627 1363
628 1360
629 1360
630 1361
631 1360
632 1360
633 1359
634 1360
635 1359
636 1361
637 1361
638 1360
639 1360
640 1358
641 1357
642 1359
643 1358
644 1358
645 1357
646 1358
647 1356
648 1357
649 1355
650 1358
651 1358
652 1356
653 1358
654 1359
655 1357
656 1357
657 1357
658 1355
659 1356
660 1357
661 1355
662 1358
663 1359
664 1355
665 1356
666 1357
667 1357
668 1356
669 1356
670 1355
671 1356
672 1355
673 1356
674 1356
675 1355
676 1357
677 1356
678 1357
679 1356
680 1355
681 1356
682 1359
683 1355
684 1357
685 1357
686 1357
687 1357
688 1353
689 1355
690 1356
691 1352
692 1357
693 1359
694 1355
695 1353
696 1355
697 1356
698 1358
699 1355
700 1355
701 1356
702 1357
703 1355
704 1356
705 1359
706 1351
707 1355
708 1358
709 1355
710 1359
711 1356
712 1356
713 1352
714 1355
715 1354
716 1358
717 1357
718 1353
719 1357
720 1356
721 1356
722 1355
723 1354
724 1354
725 1357
726 1355
727 1354
728 1353
729 1355
730 1357
731 1354
732 1355
733 1353
734 1356
735 1358
736 1357
737 1356
738 1355
739 1355
740 1357
741 1354
742 1358
743 1354
744 1356
745 1353
746 1355
747 1354
748 1355
749 1354
750 1357
751 1355
752 1357
753 1354
754 1356
755 1356
756 1356
757 1357
758 1356
759 1354
760 1356
761 1356
762 1356
763 1356
764 1355
765 1355
766 1357
767 1357
768 1357
769 1356
770 1358
771 1356
772 1358
773 1355
774 1356
775 1354
776 1357
777 1355
778 1355
779 1355
780 1354
781 1356
782 1357
783 1356
784 1354
785 1357
786 1354
787 1356
788 1356
789 1355
790 1355
791 1356
792 1355
793 1357
794 1358
795 1354
796 1357
797 1354
798 1355
799 1356
800 1355
801 1354
802 1355
803 1355
804 1357
805 1354
806 1356
807 1353
808 1355
809 1355
810 1357
811 1355
812 1355
813 1353
814 1355
815 1355
816 1358
817 1356
818 1357
819 1356
820 1360
821 1356
822 1357
823 1356
824 1358
825 1358
826 1358
827 1354
828 1353
829 1355
830 1357
831 1358
832 1356
833 1355
834 1356
835 1356
836 1352
837 1356
838 1357
839 1356
840 1354
841 1357
842 1357
843 1357
844 1358
845 1353
846 1357
847 1355
848 1358
849 1355
850 1356
851 1356
852 1357
853 1358
854 1356
855 1357
856 1355
857 1356
858 1355
859 1354
860 1354
861 1355
862 1354
863 1354
864 1355
865 1354
866 1357
867 1354
868 1357
869 1356
870 1357
871 1355
872 1356
873 1356
874 1357
875 1356
876 1356
877 1355
878 1356
879 1355
880 1352
881 1354
882 1358
883 1359
884 1352
885 1354
886 1353
887 1357
888 1359
889 1354
890 1354
891 1355
892 1355
893 1355
894 1355
895 1354
896 1356
897 1356
898 1357
899 1357
900 1356
901 1356
902 1353
903 1358
904 1356
905 1356
906 1356
907 1355
908 1355
909 1356
910 1356
911 1356
912 1357
913 1355
914 1356
915 1356
916 1356
917 1354
918 1357
919 1356
920 1356
921 1354
922 1357
923 1359
924 1355
925 1353
926 1355
927 1356
928 1354
929 1355
930 1357
931 1355
932 1356
933 1358
934 1357
935 1356
936 1356
937 1358
938 1356
939 1358
940 1355
941 1359
942 1355
943 1355
944 1355
945 1355
946 1359
947 1354
948 1356
949 1357
950 1354
951 1356
952 1356
953 1355
954 1356
955 1356
956 1354
957 1354
958 1355
959 1353
960 1355
961 1356
962 1357
963 1358
964 1355
965 1351
966 1354
967 1354
968 1355
969 1356
970 1356
971 1358
972 1359
973 1356
974 1353
975 1355
976 1354
977 1356
978 1356
979 1358
980 1357
981 1356
982 1354
983 1356
984 1356
985 1354
986 1354
987 1355
988 1357
989 1356
990 1354
991 1357
992 1359
993 1358
994 1356
995 1356
996 1355
997 1355
998 1356
999 1355
1000 1357
1001 1354
1002 1355
1003 1357
1004 1354
1005 1355
1006 1359
1007 1356
1008 1357
1009 1355
1010 1357
1011 1355
1012 1356
1013 1354
1014 1357
1015 1357
1016 1356
1017 1358
1018 1355
1019 1355
1020 1356
1021 1356
1022 1353
1023 1354
1024 1357
1025 1357
1026 1356
1027 1355
1028 1354
1029 1356
1030 1357
1031 1359
1032 1357
1033 1357
1034 1357
1035 1355
1036 1357
1037 1354
1038 1356
1039 1354
1040 1355
1041 1357
1042 1354
1043 1356
1044 1353
1045 1355
1046 1354
1047 1355
1048 1353
1049 1356
1050 1357
1051 1355
1052 1355
1053 1356
1054 1357
1055 1357
1056 1354
1057 1354
1058 1354
1059 1356
1060 1357
1061 1356
1062 1355
1063 1356
1064 1357
1065 1357
1066 1357
1067 1356
1068 1356
1069 1353
1070 1354
1071 1354
1072 1355
1073 1355
1074 1356
1075 1356
1076 1357
1077 1353
1078 1355
1079 1357
1080 1356
1081 1356
1082 1355
1083 1355
1084 1357
1085 1356
1086 1357
1087 1355
1088 1354
1089 1355
1090 1353
1091 1356
1092 1357
1093 1354
1094 1355
1095 1356
1096 1356
1097 1356
1098 1352
1099 1355
1100 1355
1101 1354
1102 1357
1103 1357
1104 1356
1105 1360
1106 1355
1107 1358
1108 1354
1109 1359
1110 1353
1111 1355
1112 1354
1113 1356
1114 1353
1115 1354
1116 1356
1117 1355
1118 1353
1119 1354
1120 1355
1121 1354
1122 1356
1123 1355
1124 1353
1125 1355
1126 1353
1127 1355
1128 1358
1129 1355
1130 1358
1131 1355
1132 1357
1133 1356
1134 1357
1135 1353
1136 1358
1137 1356
1138 1357
1139 1356
1140 1356
1141 1355
1142 1353
1143 1356
1144 1357
1145 1356
1146 1354
1147 1355
1148 1358
1149 1353
1150 1354
1151 1353
1152 1355
1153 1356
1154 1353
1155 1355
1156 1357
1157 1358
1158 1357
1159 1355
1160 1357
1161 1355
1162 1358
1163 1358
1164 1357
1165 1355
1166 1355
1167 1355
1168 1356
1169 1356
1170 1355
1171 1355
1172 1358
1173 1356
1174 1356
1175 1355
1176 1358
1177 1357
1178 1357
1179 1353
1180 1354
1181 1354
1182 1352
1183 1355
1184 1358
1185 1355
1186 1356
1187 1354
1188 1357
1189 1354
1190 1357
1191 1354
1192 1355
1193 1355
1194 1356
1195 1357
1196 1354
1197 1354
1198 1357
1199 1355
1200 1354
1201 1353
1202 1358
1203 1356
1204 1355
1205 1352
1206 1353
1207 1353
1208 1356
1209 1353
1210 1355
1211 1351
1212 1354
1213 1356
1214 1357
1215 1357
1216 1357
1217 1353
1218 1357
1219 1356
1220 1358
1221 1353
1222 1356
1223 1354
1224 1357
1225 1355
1226 1353
1227 1352
1228 1357
1229 1355
1230 1357
1231 1355
1232 1353
1233 1355
1234 1356
1235 1354
1236 1355
1237 1356
1238 1356
1239 1355
1240 1354
1241 1353
1242 1355
1243 1354
1244 1357
1245 1354
1246 1359
1247 1357
1248 1357
1249 1353
1250 1356
1251 1356
1252 1357
1253 1354
1254 1357
1255 1353
1256 1358
1257 1356
1258 1355
1259 1355
1260 1357
1261 1356
1262 1356
1263 1355
1264 1355
1265 1356
1266 1356
1267 1356
1268 1355
1269 1356
1270 1355
1271 1356
1272 1357
1273 1355
1274 1356
1275 1355
1276 1355
1277 1356
1278 1357
1279 1356
1280 1354
1281 1357
1282 1355
1283 1358
1284 1354
1285 1355
1286 1355
1287 1356
1288 1357
1289 1356
1290 1355
1291 1358
1292 1355
1293 1353
1294 1357
1295 1356
1296 1357
1297 1358
1298 1356
1299 1356
1300 1355
1301 1355
1302 1355
1303 1357
1304 1356
1305 1356
1306 1357
1307 1356
1308 1356
1309 1354
1310 1358
1311 1355
1312 1357
1313 1356
1314 1355
1315 1356
1316 1354
1317 1354
1318 1357
1319 1356
1320 1353
1321 1354
1322 1357
1323 1351
1324 1354
1325 1356
1326 1355
1327 1357
1328 1354
1329 1355
1330 1357
1331 1357
1332 1356
1333 1354
1334 1358
1335 1356
1336 1358
1337 1357
1338 1355
1339 1357
1340 1356
1341 1356
1342 1355
1343 1357
1344 1357
1345 1359
1346 1357
1347 1356
1348 1356
1349 1356
1350 1354
1351 1354
1352 1354
1353 1353
1354 1355
1355 1355
1356 1357
1357 1352
1358 1354
1359 1355
1360 1354
1361 1355
1362 1354
1363 1354
1364 1354
1365 1356
1366 1356
1367 1355
1368 1357
1369 1353
1370 1356
1371 1354
1372 1354
1373 1354
1374 1355
1375 1354
1376 1357
1377 1355
1378 1354
1379 1354
1380 1355
1381 1356
1382 1356
1383 1352
1384 1353
1385 1354
1386 1357
1387 1357
1388 1358
1389 1353
1390 1354
1391 1354
1392 1356
1393 1357
1394 1356
1395 1357
1396 1357
1397 1356
1398 1356
1399 1356
1400 1357
1401 1357
1402 1355
1403 1354
1404 1355
1405 1355
1406 1356
1407 1357
1408 1357
1409 1355
1410 1356
1411 1355
1412 1356
1413 1355
1414 1356
1415 1355
1416 1357
1417 1354
1418 1357
1419 1354
1420 1356
1421 1354
1422 1356
1423 1356
1424 1356
1425 1356
1426 1357
1427 1357
1428 1357
1429 1356
1430 1359
1431 1356
1432 1357
1433 1353
1434 1354
1435 1356
1436 1356
1437 1356
1438 1356
1439 1356
1440 1355
1441 1355
1442 1356
1443 1354
1444 1355
1445 1357
1446 1358
1447 1356
1448 1358
1449 1355
1450 1356
1451 1353
1452 1358
1453 1355
1454 1359
1455 1357
1456 1355
1457 1355
1458 1357
1459 1357
1460 1357
1461 1357
1462 1357
1463 1356
1464 1354
1465 1354
1466 1357
1467 1356
1468 1358
1469 1353
1470 1355
1471 1353
1472 1357
1473 1356
1474 1357
1475 1354
1476 1356
1477 1356
1478 1355
1479 1354
1480 1356
1481 1355
1482 1355
1483 1355
1484 1357
1485 1356
1486 1357
1487 1354
1488 1356
1489 1356
1490 1355
1491 1357
1492 1357
1493 1354
1494 1357
1495 1355
1496 1357
1497 1355
1498 1356
1499 1357
1500 1355
1501 1355
1502 1356
1503 1354
1504 1357
1505 1357
1506 1356
1507 1356
1508 1354
1509 1353
1510 1355
1511 1355
1512 1355
1513 1355
1514 1356
1515 1358
1516 1357
1517 1354
1518 1355
1519 1358
1520 1356
1521 1359
1522 1354
1523 1353
1524 1355
1525 1357
1526 1356
1527 1354
1528 1355
1529 1356
1530 1356
1531 1356
1532 1355
1533 1356
1534 1358
1535 1356
1536 1355
1537 1354
1538 1353
1539 1351
1540 1355
1541 1355
1542 1356
1543 1355
1544 1358
1545 1355
1546 1356
1547 1356
1548 1357
1549 1356
1550 1353
1551 1356
1552 1356
1553 1356
1554 1357
1555 1356
1556 1357
1557 1356
1558 1353
1559 1355
1560 1355
1561 1354
1562 1357
1563 1355
1564 1354
1565 1354
1566 1355
1567 1356
1568 1354
1569 1353
1570 1353
1571 1354
1572 1352
1573 1354
1574 1356
1575 1354
1576 1356
1577 1353
1578 1357
1579 1356
1580 1353
1581 1355
1582 1356
1583 1354
1584 1356
1585 1356
1586 1354
1587 1356
1588 1358
1589 1355
1590 1355
1591 1353
1592 1355
1593 1355
1594 1353
1595 1355
1596 1354
1597 1355
1598 1356
1599 1354
1600 1354
1601 1352
1602 1355
1603 1356
1604 1356
1605 1356
1606 1356
1607 1356
1608 1355
1609 1355
1610 1357
1611 1356
1612 1357
1613 1355
1614 1355
1615 1354
1616 1356
1617 1356
1618 1356
1619 1354
1620 1355
1621 1355
1622 1357
1623 1355
1624 1353
1625 1355
1626 1355
1627 1356
1628 1356
1629 1357
1630 1353
1631 1357
1632 1354
1633 1355
1634 1355
1635 1357
1636 1356
1637 1354
1638 1354
1639 1353
1640 1354
1641 1354
1642 1355
1643 1356
1644 1355
1645 1355
1646 1355
1647 1353
1648 1356
1649 1354
1650 1355
1651 1355
1652 1357
1653 1353
1654 1356
1655 1353
1656 1356
1657 1359
1658 1355
1659 1355
1660 1356
1661 1353
1662 1357
1663 1356
1664 1355
1665 1354
1666 1357
1667 1355
1668 1357
1669 1354
1670 1357
1671 1356
1672 1357
1673 1358
1674 1353
1675 1355
1676 1353
1677 1355
1678 1356
1679 1353
1680 1354
1681 1354
1682 1353
1683 1354
1684 1357
1685 1354
1686 1357
1687 1354
1688 1353
1689 1354
1690 1354
1691 1356
1692 1357
1693 1355
1694 1357
1695 1355
1696 1356
1697 1352
1698 1353
1699 1356
1700 1356
1701 1357
1702 1357
1703 1357
1704 1356
1705 1354
1706 1357
1707 1358
1708 1357
1709 1352
1710 1355
1711 1353
1712 1351
1713 1355
1714 1354
1715 1354
1716 1354
1717 1353
1718 1356
1719 1352
1720 1353
1721 1353
1722 1356
1723 1356
1724 1357
1725 1354
1726 1354
1727 1355
1728 1358
1729 1354
1730 1358
1731 1355
1732 1356
1733 1357
1734 1358
1735 1355
1736 1354
1737 1355
1738 1355
1739 1356
1740 1357
1741 1355
1742 1356
1743 1355
1744 1354
1745 1351
1746 1354
1747 1356
1748 1354
1749 1354
1750 1355
1751 1353
1752 1358
1753 1353
1754 1355
1755 1353
1756 1354
1757 1354
1758 1357
1759 1355
1760 1356
1761 1354
1762 1352
1763 1354
1764 1356
1765 1354
1766 1354
1767 1354
1768 1357
1769 1356
1770 1355
1771 1355
1772 1352
1773 1354
1774 1353
1775 1352
1776 1354
1777 1355
1778 1357
1779 1351
1780 1355
1781 1354
1782 1355
1783 1355
1784 1355
1785 1353
1786 1353
1787 1350
1788 1354
1789 1356
1790 1354
1791 1356
1792 1359
1793 1355
1794 1357
1795 1355
1796 1354
1797 1353
1798 1356
1799 1354
1800 1355
1801 1354
1802 1354
1803 1356
1804 1354
1805 1354
1806 1354
1807 1355
1808 1355
1809 1353
1810 1355
1811 1356
1812 1356
1813 1356
1814 1355
1815 1355
1816 1355
1817 1353
1818 1357
1819 1353
1820 1356
1821 1355
1822 1354
1823 1355
1824 1354
1825 1355
1826 1355
1827 1356
1828 1357
1829 1353
1830 1356
1831 1354
1832 1357
1833 1356
1834 1356
1835 1357
1836 1355
1837 1354
1838 1353
1839 1356
1840 1354
1841 1352
1842 1354
1843 1352
1844 1351
1845 1352
1846 1352
1847 1356
1848 1357
1849 1353
1850 1356
1851 1354
1852 1356
1853 1353
1854 1355
1855 1354
1856 1352
1857 1355
1858 1357
1859 1355
1860 1354
1861 1356
1862 1355
1863 1356
1864 1350
1865 1354
1866 1354
1867 1354
1868 1354
1869 1354
1870 1354
1871 1354
1872 1354
1873 1356
1874 1356
1875 1355
1876 1356
1877 1355
1878 1355
1879 1352
1880 1353
1881 1353
1882 1354
1883 1354
1884 1353
1885 1354
1886 1354
1887 1353
1888 1356
1889 1356
1890 1357
1891 1359
1892 1356
1893 1354
1894 1357
1895 1353
1896 1354
1897 1354
1898 1356
1899 1353
1900 1357
1901 1356
1902 1355
1903 1357
1904 1357
1905 1355
1906 1354
1907 1355
1908 1357
1909 1356
1910 1357
1911 1352
1912 1357
1913 1354
1914 1357
1915 1354
1916 1357
1917 1354
1918 1353
1919 1355
1920 1356
1921 1354
1922 1357
1923 1357
1924 1355
1925 1357
1926 1357
1927 1357
1928 1354
1929 1354
1930 1355
1931 1354
1932 1354
1933 1355
1934 1355
1935 1355
1936 1353
1937 1353
1938 1355
1939 1354
1940 1354
1941 1355
1942 1354
1943 1356
1944 1357
1945 1356
1946 1355
1947 1353
1948 1354
1949 1353
1950 1360
1951 1356
1952 1356
1953 1354
1954 1355
1955 1354
1956 1356
1957 1354
1958 1354
1959 1354
1960 1355
1961 1355
1962 1355
1963 1356
1964 1357
1965 1355
1966 1358
1967 1355
1968 1357
1969 1354
1970 1355
1971 1356
1972 1354
1973 1356
1974 1355
1975 1356
1976 1352
1977 1355
1978 1357
1979 1357
1980 1356
1981 1354
1982 1354
1983 1354
1984 1356
1985 1354
1986 1354
1987 1354
1988 1357
1989 1354
1990 1357
1991 1356
1992 1353
1993 1354
1994 1355
1995 1355
1996 1356
1997 1355
1998 1353
1999 1355
2000 1356
2001 1355
2002 1356
2003 1356
2004 1355
2005 1355
2006 1357
2007 1355
2008 1357
2009 1356
2010 1355
2011 1355
2012 1356
2013 1356
2014 1358
2015 1355
2016 1356
2017 1352
2018 1351
2019 1353
2020 1357
2021 1354
2022 1355
2023 1354
2024 1354
2025 1354
2026 1357
2027 1354
2028 1353
2029 1354
2030 1356
2031 1353
2032 1355
2033 1353
2034 1356
2035 1355
2036 1357
2037 1356
2038 1354
2039 1355
2040 1356
2041 1356
2042 1357
2043 1356
2044 1357
2045 1356
2046 1355
2047 1358
2048 1356
2049 1355
2050 1353
2051 1355
2052 1355
2053 1354
2054 1356
2055 1357
2056 1357
2057 1353
2058 1356
2059 1356
2060 1356
2061 1354
2062 1354
2063 1355
2064 1355
2065 1354
2066 1357
2067 1355
2068 1356
2069 1356
2070 1357
2071 1357
2072 1357
2073 1357
2074 1357
2075 1353
2076 1358
2077 1352
2078 1354
2079 1355
2080 1357
2081 1357
2082 1356
2083 1356
2084 1354
2085 1354
2086 1356
2087 1356
2088 1355
2089 1355
2090 1356
2091 1356
2092 1357
2093 1354
2094 1354
2095 1354
2096 1355
2097 1356
2098 1357
2099 1354
2100 1356
2101 1355
2102 1359
2103 1357
2104 1359
2105 1357
2106 1359
2107 1354
2108 1357
2109 1357
2110 1362
2111 1354
2112 1356
2113 1352
2114 1355
2115 1355
2116 1354
2117 1355
2118 1356
2119 1354
2120 1354
2121 1357
2122 1353
2123 1354
2124 1355
2125 1355
2126 1353
2127 1355
2128 1357
2129 1354
2130 1354
2131 1356
2132 1356
2133 1357
2134 1357
2135 1358
2136 1355
2137 1355
2138 1356
2139 1355
2140 1355
2141 1356
2142 1355
2143 1354
2144 1356
2145 1354
2146 1355
2147 1356
2148 1353
2149 1356
2150 1354
2151 1355
2152 1354
2153 1355
2154 1357
2155 1357
2156 1357
2157 1355
2158 1355
2159 1355
2160 1356
2161 1354
2162 1357
2163 1357
2164 1357
2165 1355
2166 1357
2167 1356
2168 1355
2169 1355
2170 1357
2171 1353
2172 1357
2173 1355
2174 1356
2175 1356
2176 1354
2177 1353
2178 1357
2179 1352
2180 1354
2181 1354
2182 1354
2183 1351
2184 1355
2185 1354
2186 1356
2187 1358
2188 1355
2189 1356
2190 1355
2191 1353
2192 1356
2193 1353
2194 1357
2195 1356
2196 1355
2197 1356
2198 1354
2199 1355
2200 1356
2201 1356
2202 1355
2203 1354
2204 1357
2205 1354
2206 1358
2207 1355
2208 1356
2209 1358
2210 1355
2211 1354
2212 1355
2213 1353
2214 1357
2215 1356
2216 1359
2217 1355
2218 1356
2219 1357
2220 1353
2221 1356
2222 1355
2223 1354
2224 1355
2225 1355
2226 1357
2227 1356
2228 1355
2229 1354
2230 1359
2231 1358
2232 1357
2233 1353
2234 1355
2235 1353
2236 1356
2237 1356
2238 1355
2239 1355
2240 1356
2241 1353
2242 1357
2243 1355
2244 1357
2245 1355
2246 1356
2247 1354
2248 1355
2249 1356
2250 1355
2251 1356
2252 1356
2253 1354
2254 1357
2255 1354
2256 1357
2257 1353
2258 1352
2259 1352
2260 1353
2261 1356
2262 1355
2263 1354
2264 1354
2265 1355
2266 1356
2267 1354
2268 1353
2269 1352
2270 1356
2271 1353
2272 1355
2273 1351
2274 1356
2275 1353
2276 1357
2277 1354
2278 1354
2279 1353
2280 1357
2281 1356
2282 1356
2283 1357
2284 1356
2285 1358
2286 1357
2287 1353
2288 1357
2289 1354
2290 1357
2291 1358
2292 1356
2293 1354
2294 1353
2295 1353
2296 1353
2297 1355
2298 1355
2299 1354
2300 1355
2301 1354
2302 1352
2303 1354
2304 1354
2305 1353
2306 1353
2307 1352
2308 1355
2309 1352
2310 1354
2311 1354
2312 1353
2313 1355
2314 1357
2315 1356
2316 1355
2317 1353
2318 1358
2319 1354
2320 1356
2321 1353
2322 1358
2323 1355
2324 1356
2325 1357
2326 1359
2327 1356
2328 1356
2329 1354
2330 1355
2331 1356
2332 1357
2333 1355
2334 1356
2335 1356
2336 1356
2337 1353
2338 1355
2339 1356
2340 1357
2341 1354
2342 1355
2343 1354
2344 1356
2345 1355
2346 1356
2347 1355
2348 1356
2349 1355
2350 1357
2351 1354
2352 1355
2353 1356
2354 1356
2355 1356
2356 1358
2357 1356
2358 1356
2359 1354
2360 1357
2361 1354
2362 1354
2363 1353
2364 1355
2365 1353
2366 1353
2367 1355
2368 1354
2369 1358
2370 1355
2371 1355
2372 1357
2373 1354
2374 1355
2375 1356
2376 1356
2377 1354
2378 1358
2379 1356
2380 1356
2381 1354
2382 1357
2383 1354
2384 1355
2385 1353
2386 1359
2387 1354
2388 1355
2389 1353
2390 1356
2391 1356
2392 1355
2393 1355
2394 1356
2395 1353
2396 1357
2397 1356
2398 1357
2399 1354
2400 1356
2401 1354
2402 1355
2403 1353
2404 1356
2405 1354
2406 1357
2407 1358
2408 1356
2409 1355
2410 1356
2411 1356
2412 1354
2413 1354
2414 1355
2415 1353
2416 1357
2417 1352
2418 1355
2419 1352
2420 1354
2421 1354
2422 1355
2423 1353
2424 1357
2425 1356
2426 1355
2427 1355
2428 1357
2429 1356
2430 1355
2431 1353
2432 1354
2433 1354
2434 1354
2435 1354
2436 1358
2437 1356
2438 1358
2439 1356
2440 1356
2441 1355
2442 1358
2443 1357
2444 1358
2445 1356
2446 1354
2447 1356
2448 1354
2449 1355
2450 1355
2451 1354
2452 1357
2453 1354
2454 1357
2455 1356
2456 1355
2457 1354
2458 1357
2459 1356
2460 1354
2461 1354
2462 1357
2463 1352
2464 1357
2465 1355
2466 1355
2467 1354
2468 1355
2469 1356
2470 1357
2471 1355
2472 1356
2473 1353
2474 1354
2475 1355
2476 1357
2477 1358
2478 1357
2479 1355
2480 1358
2481 1355
2482 1355
2483 1355
2484 1356
2485 1354
2486 1355
2487 1354
2488 1357
2489 1355
2490 1356
2491 1357
2492 1356
2493 1357
2494 1358
2495 1352
2496 1357
2497 1354
2498 1357
2499 1352
2500 1355
2501 1358
2502 1355
2503 1354
2504 1356
2505 1356
2506 1356
2507 1356
2508 1355
2509 1353
2510 1356
2511 1355
2512 1355
2513 1355
2514 1353
2515 1356
2516 1357
2517 1355
2518 1357
2519 1356
2520 1354
2521 1355
2522 1356
2523 1354
2524 1355
2525 1353
2526 1353
2527 1354
2528 1355
2529 1355
2530 1356
2531 1357
2532 1354
2533 1355
2534 1356
2535 1357
2536 1358
2537 1356
2538 1358
2539 1356
2540 1357
2541 1356
2542 1357
2543 1355
2544 1357
2545 1355
2546 1355
2547 1353
2548 1358
2549 1356
2550 1354
2551 1353
2552 1352
2553 1357
2554 1360
2555 1355
2556 1353
2557 1355
2558 1356
2559 1355
2560 1356
2561 1355
2562 1356
2563 1357
2564 1356
2565 1356
2566 1356
2567 1358
2568 1356
2569 1357
2570 1351
2571 1355
2572 1353
2573 1357
2574 1357
2575 1356
2576 1355
2577 1356
2578 1357
2579 1353
2580 1355
2581 1358
2582 1356
2583 1357
2584 1355
2585 1354
2586 1357
2587 1357
2588 1356
2589 1356
2590 1355
2591 1354
2592 1357
2593 1356
2594 1357
2595 1355
2596 1355
2597 1355
2598 1356
2599 1356
2600 1355
2601 1353
2602 1354
2603 1355
2604 1357
2605 1357
2606 1354
2607 1355
2608 1356
2609 1355
2610 1359
2611 1355
2612 1354
2613 1356
2614 1358
2615 1358
2616 1355
2617 1356
2618 1357
2619 1356
2620 1358
2621 1353
2622 1355
2623 1356
2624 1357
2625 1355
2626 1358
2627 1357
2628 1358
2629 1357
2630 1356
2631 1354
2632 1357
2633 1355
2634 1356
2635 1354
2636 1358
2637 1357
2638 1355
2639 1353
2640 1357
2641 1357
2642 1356
2643 1358
2644 1355
2645 1356
2646 1356
2647 1357
2648 1356
2649 1354
2650 1356
2651 1356
2652 1358
2653 1358
2654 1356
2655 1356
2656 1355
2657 1355
2658 1355
2659 1356
2660 1356
2661 1355
2662 1356
2663 1357
2664 1355
2665 1357
2666 1358
2667 1355
2668 1356
2669 1353
2670 1354
2671 1356
2672 1357
2673 1355
2674 1356
2675 1354
2676 1359
2677 1357
2678 1357
2679 1356
2680 1354
2681 1356
2682 1355
2683 1356
2684 1355
2685 1358
2686 1355
2687 1356
2688 1354
2689 1353
2690 1354
2691 1358
2692 1358
2693 1355
2694 1355
2695 1357
2696 1357
2697 1356
2698 1356
2699 1356
2700 1356
2701 1356
2702 1355
2703 1356
2704 1356
2705 1357
2706 1355
2707 1357
2708 1352
2709 1356
2710 1353
2711 1357
2712 1356
2713 1353
2714 1354
2715 1356
2716 1355
2717 1353
2718 1356
2719 1354
2720 1356
2721 1356
2722 1358
2723 1356
2724 1357
2725 1355
2726 1353
2727 1355
2728 1357
2729 1355
2730 1353
2731 1357
2732 1356
2733 1357
2734 1355
2735 1357
2736 1352
2737 1357
2738 1357
2739 1354
2740 1355
2741 1355
2742 1352
2743 1356
2744 1359
2745 1356
2746 1355
2747 1355
2748 1355
2749 1354
2750 1356
2751 1356
2752 1357
2753 1355
2754 1356
2755 1356
2756 1354
2757 1354
2758 1354
2759 1354
2760 1358
2761 1354
2762 1357
2763 1354
2764 1355
2765 1356
2766 1354
2767 1353
2768 1354
2769 1356
2770 1357
2771 1356
2772 1355
2773 1354
2774 1355
2775 1355
2776 1356
2777 1356
2778 1352
2779 1356
2780 1357
2781 1353
2782 1357
2783 1355
2784 1359
2785 1353
2786 1352
2787 1355
2788 1357
2789 1355
2790 1355
2791 1355
2792 1355
2793 1356
2794 1355
2795 1353
2796 1356
2797 1356
2798 1355
2799 1354
2800 1354
2801 1354
2802 1357
2803 1354
2804 1354
2805 1355
2806 1357
2807 1356
2808 1355
2809 1354
2810 1354
2811 1353
2812 1355
2813 1356
2814 1356
2815 1353
2816 1354
2817 1354
2818 1356
2819 1356
2820 1355
2821 1353
2822 1355
2823 1353
2824 1356
2825 1356
2826 1355
2827 1355
2828 1355
2829 1356
2830 1351
2831 1355
2832 1355
2833 1356
2834 1357
2835 1356
2836 1355
2837 1355
2838 1356
2839 1356
2840 1356
2841 1356
2842 1357
2843 1355
2844 1355
2845 1356
2846 1356
2847 1356
2848 1357
2849 1357
2850 1356
2851 1354
2852 1357
2853 1355
2854 1356
2855 1355
2856 1354
2857 1354
2858 1355
2859 1357
2860 1355
2861 1357
2862 1354
2863 1356
2864 1357
2865 1354
2866 1354
2867 1356
2868 1356
2869 1357
2870 1355
2871 1357
2872 1353
2873 1356
2874 1355
2875 1356
2876 1355
2877 1357
2878 1353
2879 1355
2880 1356
2881 1359
2882 1356
2883 1356
2884 1357
2885 1355
2886 1356
2887 1356
2888 1357
2889 1356
2890 1357
2891 1351
2892 1354
2893 1356
2894 1355
2895 1356
2896 1353
2897 1355
2898 1355
2899 1355
2900 1353
2901 1355
2902 1357
2903 1355
2904 1357
2905 1354
2906 1358
2907 1357
2908 1357
2909 1349
2910 1355
2911 1354
2912 1356
2913 1351
2914 1355
2915 1356
2916 1357
2917 1356
2918 1352
2919 1354
2920 1357
2921 1356
2922 1359
2923 1354
2924 1357
2925 1354
2926 1357
2927 1353
2928 1356
2929 1358
2930 1357
2931 1355
2932 1354
2933 1353
2934 1355
2935 1357
2936 1356
2937 1354
2938 1355
2939 1354
2940 1353
2941 1353
2942 1355
2943 1354
2944 1356
2945 1354
2946 1354
2947 1355
2948 1353
2949 1354
2950 1353
2951 1353
2952 1354
2953 1354
2954 1355
2955 1357
2956 1355
2957 1357
2958 1355
2959 1357
2960 1356
2961 1355
2962 1352
2963 1358
2964 1353
2965 1356
2966 1357
2967 1357
2968 1357
2969 1356
2970 1352
2971 1354
2972 1354
2973 1355
2974 1355
2975 1356
2976 1353
2977 1356
2978 1354
2979 1356
2980 1357
2981 1356
2982 1356
2983 1354
2984 1352
2985 1355
2986 1357
2987 1357
2988 1357
2989 1357
2990 1355
2991 1355
2992 1354
2993 1354
2994 1354
2995 1356
2996 1357
2997 1356
2998 1354
2999 1357
3000 1355
3001 1357
3002 1352
3003 1354
3004 1354
3005 1356
3006 1355
3007 1357
3008 1353
3009 1355
3010 1354
3011 1354
3012 1356
3013 1356
3014 1355
3015 1356
3016 1354
3017 1356
3018 1356
3019 1356
3020 1355
3021 1355
3022 1354
3023 1353
3024 1357
3025 1355
3026 1356
3027 1358
3028 1356
3029 1357
3030 1357
3031 1357
3032 1355
3033 1358
3034 1356
3035 1356
3036 1357
3037 1355
3038 1356
3039 1356
3040 1355
3041 1355
3042 1355
3043 1355
3044 1355
3045 1356
3046 1357
3047 1356
3048 1357
3049 1353
3050 1355
3051 1356
3052 1353
3053 1355
3054 1356
3055 1357
3056 1357
3057 1356
3058 1356
3059 1355
3060 1355
3061 1358
3062 1353
3063 1355
3064 1354
3065 1356
3066 1354
3067 1354
3068 1356
3069 1356
3070 1354
3071 1352
3072 1354
3073 1356
3074 1357
3075 1358
3076 1354
3077 1354
3078 1354
3079 1355
3080 1353
3081 1356
3082 1357
3083 1357
3084 1357
3085 1357
3086 1354
3087 1356
3088 1354
3089 1357
3090 1356
3091 1353
3092 1355
3093 1354
3094 1354
3095 1353
3096 1352
3097 1354
3098 1355
3099 1355
3100 1354
3101 1356
3102 1352
3103 1354
3104 1355
3105 1355
3106 1355
3107 1356
3108 1355
3109 1356
3110 1354
3111 1355
3112 1354
3113 1355
3114 1355
3115 1355
3116 1355
3117 1356
3118 1356
3119 1354
3120 1354
3121 1358
3122 1354
3123 1355
3124 1353
3125 1356
3126 1357
3127 1356
3128 1354
3129 1356
3130 1357
3131 1357
3132 1354
3133 1354
3134 1355
3135 1358
3136 1356
3137 1357
3138 1356
3139 1354
3140 1355
3141 1353
3142 1355
3143 1355
3144 1357
3145 1355
3146 1354
3147 1357
3148 1353
3149 1357
3150 1355
3151 1359
3152 1356
3153 1356
3154 1356
3155 1357
3156 1357
3157 1356
3158 1355
3159 1355
3160 1355
3161 1355
3162 1356
3163 1356
3164 1357
3165 1354
3166 1357
3167 1356
3168 1357
3169 1356
3170 1359
3171 1356
3172 1360
3173 1356
3174 1358
3175 1355
3176 1356
3177 1355
3178 1356
3179 1355
3180 1358
3181 1355
3182 1357
3183 1356
3184 1354
3185 1357
3186 1355
3187 1356
3188 1356
3189 1353
3190 1356
3191 1355
3192 1353
3193 1354
3194 1356
3195 1356
3196 1356
3197 1356
3198 1356
3199 1356
3200 1355
3201 1355
3202 1352
3203 1355
3204 1358
3205 1356
3206 1354
3207 1356
3208 1359
3209 1358
3210 1357
3211 1356
3212 1355
3213 1357
3214 1356
3215 1354
3216 1357
3217 1356
3218 1355
3219 1352
3220 1356
3221 1355
3222 1357
3223 1356
3224 1356
3225 1357
3226 1358
3227 1358
3228 1354
3229 1356
3230 1359
3231 1357
3232 1357
3233 1357
3234 1357
3235 1355
3236 1355
3237 1356
3238 1355
3239 1356
3240 1357
3241 1355
3242 1357
3243 1356
3244 1356
3245 1355
3246 1354
3247 1356
3248 1353
3249 1354
3250 1355
3251 1356
3252 1356
3253 1356
3254 1356
3255 1355
3256 1357
3257 1356
3258 1354
3259 1356
3260 1356
3261 1357
3262 1359
3263 1356
3264 1356
3265 1357
3266 1357
3267 1360
3268 1360
3269 1356
3270 1355
3271 1355
3272 1355
3273 1355
3274 1357
3275 1354
3276 1354
3277 1355
3278 1355
3279 1352
3280 1353
3281 1354
3282 1356
3283 1354
3284 1353
3285 1355
3286 1354
3287 1356
3288 1355
3289 1353
3290 1354
3291 1356
3292 1358
3293 1357
3294 1356
3295 1355
3296 1357
3297 1355
3298 1353
3299 1355
3300 1357
3301 1356
3302 1357
3303 1355
3304 1359
3305 1354
3306 1356
3307 1356
3308 1355
3309 1356
3310 1354
3311 1356
3312 1356
3313 1355
3314 1355
3315 1353
3316 1357
3317 1353
3318 1355
3319 1354
3320 1353
3321 1355
3322 1357
3323 1354
3324 1354
3325 1357
3326 1355
3327 1355
3328 1356
3329 1356
3330 1354
3331 1356
3332 1357
3333 1357
3334 1357
3335 1355
3336 1355
3337 1354
3338 1357
3339 1355
3340 1355
3341 1353
3342 1355
3343 1353
3344 1355
3345 1355
3346 1357
3347 1354
3348 1356
3349 1355
3350 1355
3351 1355
3352 1359
3353 1356
3354 1357
3355 1356
3356 1356
3357 1358
3358 1356
3359 1355
3360 1353
3361 1355
3362 1355
3363 1355
3364 1354
3365 1355
3366 1357
3367 1357
3368 1355
3369 1357
3370 1357
3371 1358
3372 1357
3373 1356
3374 1356
3375 1358
3376 1356
3377 1356
3378 1354
3379 1356
3380 1354
3381 1357
3382 1356
3383 1357
3384 1357
3385 1358
3386 1357
3387 1358
3388 1356
3389 1354
3390 1354
3391 1356
3392 1355
3393 1355
3394 1358
3395 1359
3396 1359
3397 1357
3398 1352
3399 1355
3400 1357
3401 1356
3402 1357
3403 1354
3404 1355
3405 1356
3406 1350
3407 1352
3408 1355
3409 1354
3410 1355
3411 1356
3412 1358
3413 1357
3414 1358
3415 1359
3416 1355
3417 1355
3418 1355
3419 1356
3420 1355
3421 1354
3422 1355
3423 1352
3424 1355
3425 1356
3426 1356
3427 1357
3428 1357
3429 1353
3430 1355
3431 1355
3432 1355
3433 1354
3434 1352
3435 1355
3436 1355
3437 1355
3438 1356
3439 1355
3440 1354
3441 1356
3442 1356
3443 1354
3444 1355
3445 1355
3446 1357
3447 1359
3448 1357
3449 1358
3450 1355
3451 1356
3452 1353
3453 1355
3454 1354
3455 1354
3456 1356
3457 1356
3458 1355
3459 1355
3460 1356
3461 1355
3462 1356
3463 1354
3464 1355
3465 1354
3466 1357
3467 1358
3468 1354
3469 1356
3470 1354
3471 1354
3472 1355
3473 1356
3474 1356
3475 1355
3476 1355
3477 1355
3478 1359
3479 1353
3480 1352
3481 1357
3482 1357
3483 1358
3484 1356
3485 1355
3486 1357
3487 1356
3488 1356
3489 1354
3490 1353
3491 1355
3492 1354
3493 1354
3494 1354
3495 1355
3496 1353
3497 1355
3498 1355
3499 1357
3500 1357
3501 1356
3502 1355
3503 1355
3504 1354
3505 1355
3506 1351
3507 1355
3508 1358
3509 1355
3510 1357
3511 1355
3512 1356
3513 1356
3514 1354
3515 1353
3516 1357
3517 1356
3518 1354
3519 1357
3520 1357
3521 1356
3522 1355
3523 1355
3524 1353
3525 1356
3526 1354
3527 1355
3528 1350
3529 1356
3530 1359
3531 1357
3532 1357
3533 1353
3534 1356
3535 1356
3536 1353
3537 1354
3538 1357
3539 1355
3540 1357
3541 1355
3542 1353
3543 1354
3544 1354
3545 1353
3546 1356
3547 1354
3548 1356
3549 1355
3550 1357
3551 1357
3552 1359
3553 1356
3554 1354
3555 1354
3556 1353
3557 1358
3558 1358
3559 1354
3560 1356
3561 1354
3562 1357
3563 1355
3564 1355
3565 1355
3566 1357
3567 1357
3568 1355
3569 1356
3570 1358
3571 1357
3572 1356
3573 1355
3574 1357
3575 1359
3576 1357
3577 1358
3578 1355
3579 1355
3580 1356
3581 1355
3582 1356
3583 1356
3584 1355
3585 1354
3586 1356
3587 1356
3588 1357
3589 1354
3590 1357
3591 1355
3592 1359
3593 1355
3594 1357
3595 1354
3596 1357
3597 1356
3598 1354
3599 1355
3600 1357
3601 1355
3602 1355
3603 1355
3604 1357
3605 1356
3606 1357
3607 1356
3608 1356
3609 1355
3610 1359
3611 1354
3612 1357
3613 1357
3614 1355
3615 1357
3616 1355
3617 1356
3618 1354
3619 1356
3620 1356
3621 1356
3622 1357
3623 1356
3624 1356
3625 1356
3626 1358
3627 1356
3628 1358
3629 1354
3630 1356
3631 1357
3632 1355
3633 1356
3634 1355
3635 1355
3636 1357
3637 1354
3638 1354
3639 1356
3640 1357
3641 1354
3642 1356
3643 1355
3644 1356
3645 1355
3646 1355
3647 1355
3648 1355
3649 1355
3650 1354
3651 1356
3652 1353
3653 1356
3654 1354
3655 1354
3656 1353
3657 1355
3658 1357
3659 1357
3660 1353
3661 1356
3662 1356
3663 1356
3664 1353
3665 1355
3666 1356
3667 1357
3668 1359
3669 1355
3670 1357
3671 1358
3672 1354
3673 1356
3674 1355
3675 1355
3676 1353
3677 1356
3678 1355
3679 1354
3680 1356
3681 1354
3682 1357
3683 1356
3684 1353
3685 1356
3686 1354
3687 1353
3688 1357
3689 1355
3690 1356
3691 1355
3692 1357
3693 1355
3694 1357
3695 1356
3696 1355
3697 1353
3698 1353
3699 1354
3700 1355
3701 1355
3702 1356
3703 1353
3704 1356
3705 1355
3706 1357
3707 1355
3708 1355
3709 1355
3710 1356
3711 1356
3712 1355
3713 1356
3714 1353
3715 1357
3716 1359
3717 1356
3718 1356
3719 1356
3720 1356
3721 1356
3722 1355
3723 1356
3724 1355
3725 1354
3726 1356
3727 1358
3728 1355
3729 1358
3730 1354
3731 1352
3732 1355
3733 1356
3734 1356
3735 1354
3736 1357
3737 1358
3738 1356
3739 1351
3740 1353
3741 1356
3742 1356
3743 1356
3744 1353
3745 1355
3746 1356
3747 1354
3748 1357
3749 1356
3750 1360
3751 1356
3752 1354
3753 1356
3754 1356
3755 1357
3756 1357
3757 1358
3758 1354
3759 1355
3760 1356
3761 1356
3762 1353
3763 1356
3764 1355
3765 1356
3766 1356
3767 1354
3768 1352
3769 1353
3770 1354
3771 1354
3772 1355
3773 1357
3774 1355
3775 1356
3776 1353
3777 1355
3778 1355
3779 1357
3780 1354
3781 1357
3782 1354
3783 1356
3784 1358
3785 1358
3786 1355
3787 1356
3788 1355
3789 1356
3790 1354
3791 1355
3792 1355
3793 1356
3794 1355
3795 1355
3796 1353
3797 1355
3798 1356
3799 1354
3800 1353
3801 1354
3802 1354
3803 1356
3804 1353
3805 1356
3806 1354
3807 1356
3808 1354
3809 1355
3810 1356
3811 1356
3812 1353
3813 1356
3814 1355
3815 1356
3816 1357
3817 1355
3818 1354
3819 1358
3820 1353
3821 1354
3822 1355
3823 1356
3824 1353
3825 1354
3826 1354
3827 1356
3828 1356
3829 1356
3830 1355
3831 1355
3832 1353
3833 1354
3834 1355
3835 1354
3836 1354
3837 1354
3838 1353
3839 1355
3840 1356
3841 1355
3842 1355
3843 1355
3844 1355
3845 1355
3846 1354
3847 1352
3848 1354
3849 1356
3850 1356
3851 1354
3852 1356
3853 1356
3854 1357
3855 1352
3856 1354
3857 1354
3858 1355
3859 1353
3860 1354
3861 1355
3862 1356
3863 1356
3864 1354
3865 1357
3866 1353
3867 1356
3868 1355
3869 1354
3870 1354
3871 1356
3872 1355
3873 1356
3874 1355
3875 1357
3876 1355
3877 1357
3878 1353
3879 1355
3880 1355
3881 1356
3882 1357
3883 1356
3884 1358
3885 1357
3886 1355
3887 1355
3888 1354
3889 1353
3890 1356
3891 1356
3892 1355
3893 1356
3894 1356
3895 1356
3896 1354
3897 1352
3898 1357
3899 1356
3900 1357
3901 1354
3902 1355
3903 1355
3904 1356
3905 1354
3906 1355
3907 1356
3908 1356
3909 1355
3910 1356
3911 1353
3912 1355
3913 1354
3914 1357
3915 1355
3916 1355
3917 1355
3918 1356
3919 1355
3920 1357
3921 1354
3922 1357
3923 1353
3924 1352
3925 1355
3926 1355
3927 1357
3928 1359
3929 1357
3930 1355
3931 1356
3932 1355
3933 1355
3934 1355
3935 1360
3936 1354
3937 1356
3938 1355
3939 1354
3940 1356
3941 1357
3942 1357
3943 1354
3944 1353
3945 1355
3946 1353
3947 1354
3948 1353
3949 1356
3950 1356
3951 1353
3952 1353
3953 1354
3954 1354
3955 1355
3956 1354
3957 1354
3958 1352
3959 1355
3960 1356
3961 1354
3962 1355
3963 1356
3964 1357
3965 1357
3966 1355
3967 1356
3968 1356
3969 1356
3970 1354
3971 1354
3972 1354
3973 1355
3974 1358
3975 1355
3976 1357
3977 1356
3978 1354
3979 1353
3980 1359
3981 1358
3982 1357
3983 1356
3984 1355
3985 1356
3986 1355
3987 1355
3988 1352
3989 1356
3990 1354
3991 1355
3992 1357
3993 1354
3994 1355
3995 1355
3996 1355
3997 1356
3998 1352
3999 1356
