0 1358
1 1359
2 1356
3 1358
4 1359
5 1356
6 1355
7 1357
8 1355
9 1357
10 1355
11 1357
12 1354
13 1358
14 1356
15 1356
16 1356
17 1354
18 1355
19 1356
20 1356
21 1357
22 1356
23 1356
24 1357
25 1355
26 1357
27 1358
28 1356
29 1359
30 1356
31 1355
32 1355
33 1354
34 1355
35 1357
36 1352
37 1357
38 1355
39 1358
40 1357
41 1356
42 1354
43 1357
44 1354
45 1354
46 1356
47 1356
48 1355
49 1358
50 1356
51 1358
52 1356
53 1358
54 1355
55 1358
56 1357
57 1356
58 1353
59 1354
60 1355
61 1356
62 1357
63 1356
64 1355
65 1355
66 1354
67 1356
68 1354
69 1357
70 1358
71 1360
72 1355
73 1356
74 1357
75 1356
76 1356
77 1353
78 1352
79 1358
80 1356
81 1355
82 1356
83 1358
84 1357
85 1356
86 1353
87 1354
88 1356
89 1358
90 1354
91 1357
92 1356
93 1358
94 1355
95 1357
96 1356
97 1361
98 1356
99 1351
100 1353
101 1356
102 1358
103 1357
104 1354
105 1355
106 1356
107 1356
108 1356
109 1357
110 1356
111 1354
112 1357
113 1355
114 1358
115 1357
116 1356
117 1353
118 1356
119 1357
120 1358
121 1358
122 1356
123 1355
124 1357
125 1357
126 1356
127 1356
128 1358
129 1357
130 1356
131 1357
132 1358
133 1358
134 1358
135 1355
136 1355
137 1356
138 1358
139 1356
140 1353
141 1356
142 1357
143 1356
144 1356
145 1357
146 1352
147 1357
148 1355
149 1353
150 1356
151 1355
152 1357
153 1358
154 1357
155 1354
156 1355
157 1354
158 1355
159 1359
160 1356
161 1353
162 1355
163 1357
164 1358
165 1358
166 1361
167 1358
168 1356
169 1355
170 1357
171 1357
172 1358
173 1357
174 1356
175 1356
176 1355
177 1355
178 1355
179 1357
180 1355
181 1355
182 1356
183 1357
184 1355
185 1356
186 1356
187 1357
188 1356
189 1358
190 1355
191 1355
192 1356
193 1352
194 1354
195 1355
196 1355
197 1355
198 1355
199 1354
200 1352
201 1355
202 1355
203 1356
204 1355
205 1356
206 1354
207 1358
208 1356
209 1357
210 1358
211 1357
212 1359
213 1358
214 1357
215 1358
216 1356
217 1361
218 1355
219 1357
220 1356
221 1355
222 1354
223 1357
224 1358
225 1357
226 1359
227 1359
228 1357
229 1354
230 1352
231 1358
232 1355
233 1357
234 1354
235 1353
236 1357
237 1356
238 1353
239 1355
240 1356
241 1353
242 1354
243 1355
244 1354
245 1355
246 1357
247 1359
248 1355
249 1356
250 1356
251 1357
252 1355
253 1358
254 1356
255 1357
256 1356
257 1354
258 1354
259 1355
260 1357
261 1358
262 1356
263 1357
264 1357
265 1358
266 1355
267 1356
268 1357
269 1358
270 1357
271 1358
272 1357
273 1357
274 1356
275 1357
276 1352
277 1355
278 1357
279 1353
280 1357
281 1356
282 1359
283 1354
284 1354
285 1356
286 1356
287 1357
288 1354
289 1357
290 1357
291 1357
292 1357
293 1357
294 1355
295 1357
296 1355
297 1355
298 1357
299 1355
300 1355
301 1357
302 1355
303 1358
304 1356
305 1358
306 1357
307 1355
308 1357
309 1356
310 1356
311 1357
312 1356
313 1357
314 1354
315 1357
316 1357
317 1357
318 1357
319 1357
320 1356
321 1356
322 1354
323 1358
324 1355
325 1354
326 1356
327 1353
328 1355
329 1355
330 1356
331 1358
332 1356
333 1358
334 1355
335 1359
336 1357
337 1357
338 1356
339 1359
340 1358
341 1358
342 1356
343 1357
344 1355
345 1357
346 1356
347 1357
348 1355
349 1358
350 1358
351 1358
352 1357
353 1356
354 1354
355 1355
356 1354
357 1356
358 1355
359 1357
360 1355
361 1357
362 1356
363 1352
364 1354
365 1357
366 1359
367 1358
368 1356
369 1357
370 1355
371 1357
372 1356
373 1357
374 1356
375 1354
376 1355
377 1358
378 1357
379 1355
380 1356
381 1358
382 1355
383 1358
384 1355
385 1357
386 1359
387 1359
388 1357
389 1356
390 1354
391 1353
392 1354
393 1360
394 1358
395 1360
396 1355
397 1358
398 1355
399 1358
400 1359
401 1358
402 1356
403 1356
404 1356
405 1358
406 1356
407 1359
408 1355
409 1359
410 1354
411 1354
412 1354
413 1356
414 1356
415 1356
416 1359
417 1356
418 1354
419 1355
420 1355
421 1356
422 1357
423 1357
424 1357
425 1355
426 1357
427 1356
428 1357
429 1357
430 1358
431 1356
432 1356
433 1354
434 1354
435 1355
436 1356
437 1355
438 1356
439 1357
440 1356
441 1358
442 1356
443 1354
444 1356
445 1355
446 1356
447 1355
448 1356
449 1355
450 1355
451 1355
452 1360
453 1355
454 1356
455 1354
456 1357
457 1356
458 1358
459 1357
460 1355
461 1357
462 1356
463 1355
464 1356
465 1358
466 1355
467 1358
468 1358
469 1355
470 1356
471 1356
472 1354
473 1353
474 1353
475 1356
476 1356
477 1357
478 1355
479 1356
480 1354
481 1355
482 1355
483 1356
484 1352
485 1356
486 1356
487 1358
488 1356
489 1357
490 1355
491 1354
492 1354
493 1356
494 1356
495 1356
496 1356
497 1356
498 1356
499 1357
500 1354
501 1357
502 1354
503 1358
504 1354
505 1352
506 1356
507 1358
508 1356
509 1354
510 1358
511 1358
512 1354
513 1356
514 1356
515 1356
516 1356
517 1355
518 1356
519 1357
520 1359
521 1357
522 1359
523 1356
524 1355
525 1357
526 1356
527 1357
528 1357
529 1354
530 1355
531 1355
532 1357
533 1358
534 1357
535 1360
536 1363
537 1367
538 1379
539 1390
540 1411
541 1445
542 1490
543 1550
544 1626
545 1714
546 1807
547 1907
548 2013
549 2116
550 2215
551 2301
552 2386
553 2458
554 2527
555 2584
556 2631
557 2668
558 2698
559 2715
560 2727
561 2722
562 2717
563 2695
564 2670
565 2641
566 2609
567 2567
568 2526
569 2476
570 2433
571 2381
572 2343
573 2287
574 2242
575 2195
576 2153
577 2110
578 2067
579 2024
580 1989
581 1953
582 1915
583 1879
584 1844
585 1814
586 1784
587 1756
588 1733
589 1707
590 1683
591 1667
592 1646
593 1625
594 1609
595 1591
596 1575
597 1557
598 1541
599 1528
600 1518
601 1506
602 1498
603 1488
604 1480
605 1469
606 1460
607 1451
608 1447
609 1437
610 1433
611 1425
612 1420
613 1417
614 1412
615 1404
616 1400
617 1398
618 1396
619 1393
620 1391
621 1388
622 1386
623 1386
624 1383
625 1379
626 1379
627 1375
628 1373
629 1372
630 1371
631 1372
632 1372
633 1371
634 1372
635 1370
636 1371
637 1368
638 1369
639 1367
640 1365
641 1367
642 1366
643 1363
644 1361
645 1362
646 1363
647 1363
648 1362
649 1361
650 1361
651 1361
652 1364
653 1363
654 1363
655 1360
656 1359
657 1360
658 1360
659 1359
660 1358
661 1356
662 1359
663 1356
664 1359
665 1359
666 1358
667 1359
668 1358
669 1357
670 1359
671 1359
672 1359
673 1358
674 1355
675 1357
676 1359
677 1360
678 1358
679 1357
680 1355
681 1358
682 1358
683 1356
684 1358
685 1358
686 1361
687 1359
688 1357
689 1357
690 1359
691 1357
692 1356
693 1357
694 1357
695 1357
696 1356
697 1357
698 1355
699 1357
700 1356
701 1357
702 1358
703 1358
704 1355
705 1357
706 1357
707 1358
708 1355
709 1358
710 1357
711 1356
712 1357
713 1356
714 1358
715 1356
716 1356
717 1356
718 1355
719 1354
720 1356
721 1357
722 1357
723 1355
724 1358
725 1357
726 1358
727 1357
728 1356
729 1355
730 1356
731 1356
732 1357
733 1357
734 1358
735 1358
736 1357
737 1357
738 1356
739 1356
740 1356
741 1356
742 1355
743 1358
744 1355
745 1355
746 1356
747 1357
748 1356
749 1358
750 1356
751 1356
752 1355
753 1356
754 1354
755 1356
756 1356
757 1358
758 1355
759 1358
760 1357
761 1357
762 1357
763 1356
764 1359
765 1358
766 1356
767 1355
768 1357
769 1358
770 1358
771 1357
772 1357
773 1358
774 1361
775 1357
776 1358
777 1354
778 1356
779 1357
780 1357
781 1355
782 1358
783 1354
784 1355
785 1356
786 1355
787 1355
788 1356
789 1355
790 1357
791 1355
792 1359
793 1359
794 1355
795 1357
796 1358
797 1355
798 1354
799 1358
800 1358
801 1359
802 1357
803 1357
804 1353
805 1356
806 1359
807 1357
808 1356
809 1357
810 1358
811 1358
812 1357
813 1355
814 1356
815 1358
816 1354
817 1356
818 1356
819 1356
820 1353
821 1357
822 1358
823 1358
824 1358
825 1357
826 1358
827 1358
828 1359
829 1357
830 1355
831 1359
832 1356
833 1356
834 1357
835 1355
836 1356
837 1357
838 1355
839 1357
840 1356
841 1357
842 1357
843 1356
844 1354
845 1357
846 1354
847 1357
848 1355
849 1357
850 1356
851 1356
852 1358
853 1357
854 1356
855 1357
856 1357
857 1357
858 1355
859 1358
860 1356
861 1357
862 1357
863 1356
864 1356
865 1355
866 1357
867 1358
868 1355
869 1357
870 1353
871 1355
872 1356
873 1358
874 1358
875 1357
876 1355
877 1357
878 1356
879 1356
880 1358
881 1355
882 1356
883 1359
884 1357
885 1357
886 1356
887 1358
888 1357
889 1357
890 1358
891 1357
892 1358
893 1358
894 1357
895 1358
896 1356
897 1356
898 1356
899 1358
900 1356
901 1355
902 1359
903 1355
904 1355
905 1355
906 1356
907 1357
908 1357
909 1356
910 1357
911 1356
912 1356
913 1358
914 1358
915 1355
916 1355
917 1356
918 1357
919 1355
920 1356
921 1355
922 1358
923 1354
924 1351
925 1356
926 1357
927 1355
928 1359
929 1354
930 1355
931 1359
932 1354
933 1356
934 1353
935 1357
936 1356
937 1356
938 1352
939 1355
940 1357
941 1357
942 1356
943 1356
944 1355
945 1357
946 1357
947 1357
948 1356
949 1357
950 1357
951 1355
952 1356
953 1354
954 1356
955 1354
956 1355
957 1356
958 1359
959 1354
960 1358
961 1355
962 1358
963 1355
964 1356
965 1354
966 1357
967 1358
968 1356
969 1355
970 1356
971 1355
972 1355
973 1356
974 1357
975 1356
976 1356
977 1353
978 1356
979 1354
980 1357
981 1356
982 1358
983 1357
984 1357
985 1356
986 1358
987 1358
988 1358
989 1355
990 1356
991 1357
992 1356
993 1357
994 1354
995 1354
996 1356
997 1359
998 1360
999 1355
1000 1356
1001 1354
1002 1357
1003 1353
1004 1356
1005 1358
1006 1358
1007 1359
1008 1356
1009 1356
1010 1356
1011 1355
1012 1357
1013 1357
1014 1357
1015 1354
1016 1358
1017 1356
1018 1356
1019 1354
1020 1356
1021 1357
1022 1357
1023 1357
1024 1356
1025 1355
1026 1356
1027 1356
1028 1355
1029 1353
1030 1357
1031 1358
1032 1356
1033 1358
1034 1356
1035 1357
1036 1358
1037 1357
1038 1357
1039 1357
1040 1356
1041 1356
1042 1356
1043 1355
1044 1355
1045 1358
1046 1358
1047 1357
1048 1356
1049 1358
1050 1357
1051 1358
1052 1356
1053 1355
1054 1356
1055 1356
1056 1356
1057 1356
1058 1354
1059 1355
1060 1355
1061 1357
1062 1354
1063 1357
1064 1357
1065 1357
1066 1359
1067 1355
1068 1357
1069 1358
1070 1356
1071 1358
1072 1355
1073 1357
1074 1355
1075 1356
1076 1358
1077 1356
1078 1355
1079 1355
1080 1355
1081 1357
1082 1356
1083 1357
1084 1356
1085 1357
1086 1355
1087 1357
1088 1357
1089 1356
1090 1355
1091 1356
1092 1353
1093 1357
1094 1355
1095 1357
1096 1357
1097 1357
1098 1358
1099 1357
1100 1354
1101 1355
1102 1356
1103 1358
1104 1358
1105 1358
1106 1357
1107 1354
1108 1356
1109 1358
1110 1357
1111 1357
1112 1356
1113 1356
1114 1355
1115 1358
1116 1357
1117 1357
1118 1356
1119 1358
1120 1357
1121 1357
1122 1355
1123 1357
1124 1358
1125 1354
1126 1357
1127 1356
1128 1356
1129 1357
1130 1358
1131 1357
1132 1356
1133 1356
1134 1356
1135 1358
1136 1358
1137 1356
1138 1356
1139 1352
1140 1358
1141 1359
1142 1356
1143 1358
1144 1357
1145 1357
1146 1359
1147 1357
1148 1357
1149 1356
1150 1355
1151 1357
1152 1356
1153 1357
1154 1355
1155 1353
1156 1358
1157 1356
1158 1356
1159 1357
1160 1358
1161 1355
1162 1356
1163 1356
1164 1359
1165 1358
1166 1357
1167 1355
1168 1355
1169 1357
1170 1357
1171 1357
1172 1359
1173 1357
1174 1358
1175 1355
1176 1356
1177 1355
1178 1356
1179 1355
1180 1356
1181 1354
1182 1356
1183 1356
1184 1357
1185 1357
1186 1355
1187 1355
1188 1356
1189 1355
1190 1359
1191 1360
1192 1357
1193 1357
1194 1356
1195 1354
1196 1354
1197 1357
1198 1356
1199 1356
1200 1356
1201 1360
1202 1355
1203 1356
1204 1356
1205 1358
1206 1354
1207 1355
1208 1356
1209 1354
1210 1355
1211 1357
1212 1356
1213 1356
1214 1355
1215 1358
1216 1355
1217 1356
1218 1357
1219 1355
1220 1357
1221 1358
1222 1359
1223 1360
1224 1356
1225 1355
1226 1357
1227 1355
1228 1355
1229 1356
1230 1356
1231 1357
1232 1357
1233 1355
1234 1358
1235 1356
1236 1357
1237 1356
1238 1357
1239 1356
1240 1358
1241 1354
1242 1357
1243 1355
1244 1355
1245 1356
1246 1356
1247 1357
1248 1356
1249 1353
1250 1354
1251 1355
1252 1358
1253 1355
1254 1358
1255 1357
1256 1358
1257 1358
1258 1357
1259 1357
1260 1356
1261 1357
1262 1356
1263 1358
1264 1356
1265 1358
1266 1356
1267 1356
1268 1355
1269 1355
1270 1353
1271 1357
1272 1360
1273 1355
1274 1356
1275 1357
1276 1357
1277 1356
1278 1356
1279 1355
1280 1360
1281 1355
1282 1356
1283 1356
1284 1357
1285 1357
1286 1356
1287 1356
1288 1356
1289 1354
1290 1355
1291 1357
1292 1356
1293 1358
1294 1357
1295 1357
1296 1356
1297 1358
1298 1355
1299 1357
1300 1356
1301 1357
1302 1355
1303 1358
1304 1356
1305 1357
1306 1357
1307 1355
1308 1355
1309 1354
1310 1355
1311 1356
1312 1355
1313 1356
1314 1355
1315 1357
1316 1357
1317 1357
1318 1356
1319 1357
1320 1354
1321 1355
1322 1358
1323 1357
1324 1357
1325 1356
1326 1355
1327 1353
1328 1355
1329 1357
1330 1357
1331 1355
1332 1355
1333 1356
1334 1356
1335 1357
1336 1356
1337 1356
1338 1358
1339 1355
1340 1356
1341 1356
1342 1356
1343 1357
1344 1357
1345 1355
1346 1358
1347 1357
1348 1357
1349 1357
1350 1357
1351 1354
1352 1358
1353 1356
1354 1357
1355 1353
1356 1358
1357 1357
1358 1359
1359 1357
1360 1355
1361 1357
1362 1356
1363 1357
1364 1353
1365 1355
1366 1357
1367 1356
1368 1356
1369 1357
1370 1356
1371 1357
1372 1357
1373 1357
1374 1354
1375 1358
1376 1358
1377 1357
1378 1356
1379 1356
1380 1357
1381 1358
1382 1356
1383 1357
1384 1354
1385 1355
1386 1358
1387 1356
1388 1358
1389 1356
1390 1357
1391 1356
1392 1355
1393 1355
1394 1355
1395 1355
1396 1356
1397 1355
1398 1357
1399 1357
1400 1357
1401 1357
1402 1357
1403 1356
1404 1357
1405 1357
1406 1357
1407 1356
1408 1355
1409 1357
1410 1361
1411 1357
1412 1357
1413 1354
1414 1355
1415 1357
1416 1355
1417 1357
1418 1355
1419 1357
1420 1355
1421 1354
1422 1356
1423 1353
1424 1357
1425 1357
1426 1356
1427 1353
1428 1357
1429 1354
1430 1355
1431 1357
1432 1356
1433 1357
1434 1356
1435 1357
1436 1359
1437 1357
1438 1356
1439 1355
1440 1353
1441 1357
1442 1357
1443 1357
1444 1356
1445 1358
1446 1357
1447 1357
1448 1354
1449 1353
1450 1358
1451 1357
1452 1357
1453 1356
1454 1358
1455 1358
1456 1359
1457 1357
1458 1356
1459 1353
1460 1357
1461 1357
1462 1356
1463 1358
1464 1357
1465 1356
1466 1355
1467 1357
1468 1358
1469 1354
1470 1357
1471 1357
1472 1359
1473 1361
1474 1359
1475 1355
1476 1355
1477 1357
1478 1356
1479 1356
1480 1354
1481 1355
1482 1356
1483 1357
1484 1357
1485 1358
1486 1356
1487 1357
1488 1355
1489 1357
1490 1355
1491 1359
1492 1355
1493 1357
1494 1354
1495 1355
1496 1357
1497 1357
1498 1356
1499 1356
1500 1357
1501 1358
1502 1359
1503 1360
1504 1358
1505 1357
1506 1355
1507 1356
1508 1357
1509 1357
1510 1356
1511 1358
1512 1354
1513 1355
1514 1353
1515 1359
1516 1356
1517 1358
1518 1358
1519 1356
1520 1358
1521 1357
1522 1355
1523 1356
1524 1356
1525 1358
1526 1356
1527 1357
1528 1358
1529 1356
1530 1357
1531 1357
1532 1358
1533 1359
1534 1355
1535 1355
1536 1356
1537 1358
1538 1356
1539 1356
1540 1356
1541 1358
1542 1357
1543 1357
1544 1356
1545 1357
1546 1355
1547 1359
1548 1357
1549 1357
1550 1356
1551 1357
1552 1355
1553 1355
1554 1356
1555 1352
1556 1354
1557 1360
1558 1360
1559 1358
1560 1354
1561 1356
1562 1358
1563 1358
1564 1357
1565 1357
1566 1358
1567 1356
1568 1356
1569 1355
1570 1356
1571 1357
1572 1358
1573 1356
1574 1356
1575 1358
1576 1356
1577 1356
1578 1359
1579 1358
1580 1353
1581 1354
1582 1357
1583 1356
1584 1356
1585 1357
1586 1353
1587 1356
1588 1355
1589 1357
1590 1359
1591 1359
1592 1357
1593 1357
1594 1356
1595 1356
1596 1357
1597 1356
1598 1356
1599 1357
1600 1358
1601 1353
1602 1355
1603 1357
1604 1356
1605 1356
1606 1355
1607 1358
1608 1356
1609 1357
1610 1356
1611 1356
1612 1356
1613 1355
1614 1357
1615 1359
1616 1356
1617 1358
1618 1357
1619 1359
1620 1356
1621 1359
1622 1356
1623 1358
1624 1358
1625 1357
1626 1357
1627 1356
1628 1359
1629 1354
1630 1356
1631 1357
1632 1357
1633 1361
1634 1357
1635 1358
1636 1355
1637 1355
1638 1354
1639 1358
1640 1357
1641 1359
1642 1355
1643 1357
1644 1356
1645 1357
1646 1355
1647 1355
1648 1357
1649 1357
1650 1356
1651 1356
1652 1356
1653 1359
1654 1357
1655 1358
1656 1358
1657 1360
1658 1358
1659 1356
1660 1356
1661 1357
1662 1356
1663 1355
1664 1354
1665 1357
1666 1355
1667 1355
1668 1356
1669 1355
1670 1353
1671 1355
1672 1355
1673 1357
1674 1353
1675 1356
1676 1360
1677 1357
1678 1356
1679 1356
1680 1353
1681 1354
1682 1355
1683 1360
1684 1355
1685 1354
1686 1358
1687 1360
1688 1357
1689 1357
1690 1358
1691 1357
1692 1356
1693 1357
1694 1357
1695 1357
1696 1359
1697 1357
1698 1357
1699 1355
1700 1358
1701 1358
1702 1356
1703 1357
1704 1356
1705 1357
1706 1356
1707 1358
1708 1354
1709 1355
1710 1355
1711 1357
1712 1355
1713 1355
1714 1360
1715 1360
1716 1357
1717 1357
1718 1357
1719 1357
1720 1355
1721 1357
1722 1355
1723 1356
1724 1357
1725 1357
1726 1357
1727 1356
1728 1358
1729 1355
1730 1355
1731 1356
1732 1358
1733 1356
1734 1353
1735 1355
1736 1356
1737 1360
1738 1357
1739 1357
1740 1354
1741 1357
1742 1355
1743 1357
1744 1356
1745 1355
1746 1356
1747 1356
1748 1355
1749 1359
1750 1359
1751 1356
1752 1354
1753 1359
1754 1359
1755 1356
1756 1356
1757 1358
1758 1359
1759 1358
1760 1356
1761 1357
1762 1360
1763 1357
1764 1355
1765 1354
1766 1354
1767 1356
1768 1357
1769 1354
1770 1356
1771 1357
1772 1356
1773 1354
1774 1353
1775 1357
1776 1358
1777 1358
1778 1356
1779 1358
1780 1355
1781 1357
1782 1356
1783 1356
1784 1354
1785 1353
1786 1354
1787 1357
1788 1355
1789 1357
1790 1356
1791 1355
1792 1357
1793 1356
1794 1357
1795 1357
1796 1357
1797 1357
1798 1356
1799 1355
1800 1356
1801 1356
1802 1355
1803 1355
1804 1355
1805 1356
1806 1356
1807 1357
1808 1356
1809 1356
1810 1356
1811 1356
1812 1356
1813 1356
1814 1358
1815 1357
1816 1357
1817 1355
1818 1355
1819 1356
1820 1355
1821 1356
1822 1357
1823 1355
1824 1358
1825 1355
1826 1353
1827 1356
1828 1355
1829 1357
1830 1356
1831 1359
1832 1356
1833 1355
1834 1358
1835 1359
1836 1358
1837 1359
1838 1358
1839 1357
1840 1356
1841 1356
1842 1354
1843 1357
1844 1354
1845 1357
1846 1358
1847 1357
1848 1355
1849 1356
1850 1358
1851 1359
1852 1357
1853 1356
1854 1356
1855 1357
1856 1359
1857 1357
1858 1356
1859 1357
1860 1356
1861 1357
1862 1356
1863 1360
1864 1357
1865 1356
1866 1356
1867 1357
1868 1356
1869 1357
1870 1358
1871 1358
1872 1357
1873 1358
1874 1356
1875 1355
1876 1357
1877 1359
1878 1357
1879 1356
1880 1357
1881 1356
1882 1358
1883 1356
1884 1355
1885 1355
1886 1354
1887 1355
1888 1353
1889 1357
1890 1356
1891 1358
1892 1356
1893 1357
1894 1353
1895 1354
1896 1356
1897 1357
1898 1356
1899 1357
1900 1356
1901 1358
1902 1357
1903 1358
1904 1356
1905 1358
1906 1356
1907 1357
1908 1357
1909 1354
1910 1355
1911 1357
1912 1355
1913 1357
1914 1354
1915 1353
1916 1355
1917 1361
1918 1357
1919 1357
1920 1356
1921 1356
1922 1358
1923 1357
1924 1356
1925 1357
1926 1358
1927 1356
1928 1358
1929 1357
1930 1356
1931 1358
1932 1357
1933 1359
1934 1358
1935 1356
1936 1356
1937 1357
1938 1358
1939 1354
1940 1351
1941 1352
1942 1356
1943 1356
1944 1353
1945 1354
1946 1357
1947 1360
1948 1355
1949 1354
1950 1355
1951 1357
1952 1360
1953 1358
1954 1359
1955 1357
1956 1359
1957 1356
1958 1356
1959 1358
1960 1359
1961 1360
1962 1359
1963 1356
1964 1356
1965 1354
1966 1356
1967 1357
1968 1357
1969 1354
1970 1354
1971 1359
1972 1358
1973 1357
1974 1355
1975 1356
1976 1355
1977 1356
1978 1356
1979 1357
1980 1355
1981 1358
1982 1357
1983 1358
1984 1354
1985 1357
1986 1356
1987 1355
1988 1358
1989 1358
1990 1357
1991 1357
1992 1354
1993 1357
1994 1357
1995 1357
1996 1354
1997 1359
1998 1354
1999 1358
2000 1356
2001 1357
2002 1354
2003 1355
2004 1355
2005 1356
2006 1357
2007 1356
2008 1356
2009 1359
2010 1356
2011 1356
2012 1360
2013 1357
2014 1356
2015 1357
2016 1357
2017 1357
2018 1354
2019 1357
2020 1357
2021 1357
2022 1356
2023 1356
2024 1356
2025 1355
2026 1355
2027 1355
2028 1356
2029 1357
2030 1355
2031 1354
2032 1355
2033 1356
2034 1356
2035 1357
2036 1356
2037 1357
2038 1356
2039 1356
2040 1358
2041 1359
2042 1356
2043 1354
2044 1357
2045 1358
2046 1356
2047 1359
2048 1358
2049 1357
2050 1359
2051 1355
2052 1358
2053 1357
2054 1355
2055 1358
2056 1355
2057 1359
2058 1355
2059 1357
2060 1354
2061 1357
2062 1354
2063 1354
2064 1354
2065 1356
2066 1356
2067 1355
2068 1358
2069 1356
2070 1356
2071 1354
2072 1357
2073 1358
2074 1357
2075 1356
2076 1356
2077 1358
2078 1356
2079 1357
2080 1356
2081 1356
2082 1359
2083 1358
2084 1357
2085 1361
2086 1358
2087 1357
2088 1356
2089 1356
2090 1354
2091 1355
2092 1357
2093 1356
2094 1354
2095 1354
2096 1357
2097 1362
2098 1357
2099 1355
2100 1354
2101 1359
2102 1358
2103 1360
2104 1354
2105 1353
2106 1354
2107 1355
2108 1357
2109 1357
2110 1357
2111 1358
2112 1358
2113 1359
2114 1354
2115 1355
2116 1356
2117 1357
2118 1359
2119 1356
2120 1353
2121 1354
2122 1357
2123 1357
2124 1355
2125 1354
2126 1354
2127 1358
2128 1356
2129 1355
2130 1355
2131 1357
2132 1358
2133 1357
2134 1356
2135 1358
2136 1359
2137 1360
2138 1358
2139 1357
2140 1356
2141 1351
2142 1357
2143 1356
2144 1356
2145 1355
2146 1355
2147 1355
2148 1356
2149 1356
2150 1356
2151 1355
2152 1356
2153 1356
2154 1356
2155 1354
2156 1356
2157 1358
2158 1356
2159 1355
2160 1354
2161 1356
2162 1355
2163 1352
2164 1355
2165 1358
2166 1359
2167 1354
2168 1356
2169 1355
2170 1360
2171 1358
2172 1353
2173 1355
2174 1356
2175 1357
2176 1357
2177 1355
2178 1355
2179 1355
2180 1356
2181 1354
2182 1354
2183 1353
2184 1355
2185 1354
2186 1357
2187 1355
2188 1355
2189 1354
2190 1356
2191 1353
2192 1358
2193 1353
2194 1358
2195 1357
2196 1359
2197 1357
2198 1359
2199 1354
2200 1356
2201 1357
2202 1356
2203 1356
2204 1355
2205 1353
2206 1358
2207 1358
2208 1356
2209 1356
2210 1357
2211 1358
2212 1357
2213 1357
2214 1355
2215 1352
2216 1353
2217 1355
2218 1357
2219 1356
2220 1356
2221 1357
2222 1357
2223 1357
2224 1355
2225 1355
2226 1356
2227 1355
2228 1358
2229 1357
2230 1355
2231 1357
2232 1356
2233 1357
2234 1358
2235 1358
2236 1355
2237 1357
2238 1356
2239 1355
2240 1357
2241 1356
2242 1355
2243 1357
2244 1356
2245 1354
2246 1357
2247 1351
2248 1355
2249 1356
2250 1356
2251 1357
2252 1357
2253 1356
2254 1356
2255 1357
2256 1359
2257 1358
2258 1355
2259 1355
2260 1356
2261 1357
2262 1358
2263 1357
2264 1358
2265 1356
2266 1358
2267 1354
2268 1358
2269 1355
2270 1355
2271 1357
2272 1358
2273 1358
2274 1356
2275 1355
2276 1357
2277 1358
2278 1355
2279 1352
2280 1356
2281 1357
2282 1359
2283 1357
2284 1356
2285 1356
2286 1359
2287 1356
2288 1357
2289 1357
2290 1358
2291 1359
2292 1358
2293 1357
2294 1357
2295 1356
2296 1356
2297 1356
2298 1360
2299 1360
2300 1359
2301 1351
2302 1355
2303 1358
2304 1358
2305 1355
2306 1356
2307 1356
2308 1355
2309 1356
2310 1354
2311 1357
2312 1358
2313 1355
2314 1356
2315 1357
2316 1359
2317 1357
2318 1356
2319 1357
2320 1355
2321 1354
2322 1357
2323 1353
2324 1356
2325 1355
2326 1356
2327 1356
2328 1361
2329 1356
2330 1356
2331 1357
2332 1357
2333 1357
2334 1355
2335 1356
2336 1355
2337 1356
2338 1355
2339 1354
2340 1355
2341 1356
2342 1355
2343 1356
2344 1356
2345 1356
2346 1357
2347 1357
2348 1358
2349 1357
2350 1356
2351 1356
2352 1355
2353 1358
2354 1355
2355 1357
2356 1357
2357 1358
2358 1355
2359 1356
2360 1356
2361 1356
2362 1356
2363 1357
2364 1357
2365 1357
2366 1356
2367 1355
2368 1359
2369 1356
2370 1356
2371 1356
2372 1356
2373 1355
2374 1356
2375 1356
2376 1359
2377 1357
2378 1356
2379 1353
2380 1357
2381 1357
2382 1353
2383 1355
2384 1358
2385 1356
2386 1356
2387 1357
2388 1357
2389 1356
2390 1356
2391 1355
2392 1354
2393 1357
2394 1356
2395 1357
2396 1356
2397 1358
2398 1355
2399 1353
2400 1354
2401 1354
2402 1355
2403 1355
2404 1354
2405 1355
2406 1354
2407 1357
2408 1357
2409 1357
2410 1356
2411 1358
2412 1356
2413 1358
2414 1355
2415 1357
2416 1355
2417 1356
2418 1357
2419 1356
2420 1357
2421 1357
2422 1357
2423 1355
2424 1357
2425 1357
2426 1353
2427 1357
2428 1355
2429 1356
2430 1356
2431 1356
2432 1353
2433 1354
2434 1355
2435 1357
2436 1354
2437 1356
2438 1356
2439 1357
2440 1356
2441 1356
2442 1357
2443 1356
2444 1357
2445 1357
2446 1357
2447 1355
2448 1359
2449 1357
2450 1358
2451 1358
2452 1356
2453 1356
2454 1355
2455 1355
2456 1355
2457 1358
2458 1356
2459 1356
2460 1355
2461 1357
2462 1355
2463 1356
2464 1354
2465 1353
2466 1357
2467 1357
2468 1355
2469 1355
2470 1357
2471 1357
2472 1355
2473 1355
2474 1356
2475 1358
2476 1354
2477 1354
2478 1354
2479 1358
2480 1355
2481 1354
2482 1356
2483 1358
2484 1359
2485 1356
2486 1356
2487 1357
2488 1357
2489 1354
2490 1357
2491 1356
2492 1356
2493 1356
2494 1354
2495 1354
2496 1357
2497 1358
2498 1356
2499 1355
2500 1354
2501 1355
2502 1355
2503 1358
2504 1352
2505 1355
2506 1355
2507 1357
2508 1354
2509 1355
2510 1358
2511 1358
2512 1355
2513 1357
2514 1356
2515 1359
2516 1358
2517 1356
2518 1355
2519 1357
2520 1356
2521 1357
2522 1358
2523 1356
2524 1357
2525 1356
2526 1358
2527 1354
2528 1356
2529 1356
2530 1354
2531 1358
2532 1356
2533 1358
2534 1357
2535 1358
2536 1356
2537 1356
2538 1357
2539 1358
2540 1357
2541 1356
2542 1357
2543 1359
2544 1358
2545 1357
2546 1358
2547 1357
2548 1356
2549 1358
2550 1354
2551 1357
2552 1355
2553 1358
2554 1358
2555 1360
2556 1361
2557 1359
2558 1353
2559 1353
2560 1356
2561 1358
2562 1356
2563 1360
2564 1357
2565 1356
2566 1359
2567 1357
2568 1354
2569 1357
2570 1357
2571 1358
2572 1357
2573 1359
2574 1358
2575 1358
2576 1358
2577 1357
2578 1356
2579 1358
2580 1358
2581 1360
2582 1354
2583 1355
2584 1355
2585 1357
2586 1356
2587 1354
2588 1356
2589 1354
2590 1356
2591 1354
2592 1355
2593 1357
2594 1356
2595 1358
2596 1357
2597 1357
2598 1356
2599 1357
2600 1356
2601 1356
2602 1356
2603 1357
2604 1354
2605 1355
2606 1355
2607 1358
2608 1356
2609 1355
2610 1353
2611 1356
2612 1354
2613 1355
2614 1355
2615 1356
2616 1356
2617 1356
2618 1354
2619 1356
2620 1355
2621 1354
2622 1356
2623 1355
2624 1356
2625 1359
2626 1355
2627 1358
2628 1354
2629 1356
2630 1355
2631 1354
2632 1355
2633 1355
2634 1355
2635 1353
2636 1355
2637 1360
2638 1357
2639 1355
2640 1352
2641 1355
2642 1356
2643 1358
2644 1357
2645 1357
2646 1356
2647 1354
2648 1355
2649 1354
2650 1356
2651 1357
2652 1356
2653 1355
2654 1357
2655 1356
2656 1355
2657 1362
2658 1359
2659 1356
2660 1351
2661 1352
2662 1357
2663 1360
2664 1357
2665 1357
2666 1357
2667 1359
2668 1358
2669 1357
2670 1356
2671 1359
2672 1357
2673 1356
2674 1356
2675 1354
2676 1357
2677 1357
2678 1356
2679 1356
2680 1356
2681 1358
2682 1359
2683 1358
2684 1354
2685 1357
2686 1356
2687 1360
2688 1356
2689 1357
2690 1355
2691 1359
2692 1356
2693 1357
2694 1356
2695 1357
2696 1354
2697 1356
2698 1356
2699 1358
2700 1355
2701 1357
2702 1356
2703 1356
2704 1355
2705 1357
2706 1359
2707 1358
2708 1356
2709 1358
2710 1353
2711 1355
2712 1354
2713 1356
2714 1356
2715 1357
2716 1354
2717 1355
2718 1356
2719 1357
2720 1355
2721 1355
2722 1354
2723 1357
2724 1355
2725 1357
2726 1356
2727 1357
2728 1353
2729 1355
2730 1355
2731 1356
2732 1355
2733 1355
2734 1355
2735 1358
2736 1355
2737 1358
2738 1355
2739 1352
2740 1355
2741 1356
2742 1352
2743 1355
2744 1354
2745 1357
2746 1356
2747 1358
2748 1353
2749 1357
2750 1357
2751 1357
2752 1356
2753 1359
2754 1355
2755 1358
2756 1353
2757 1359
2758 1357
2759 1359
2760 1355
2761 1357
2762 1356
2763 1357
2764 1357
2765 1356
2766 1356
2767 1354
2768 1354
2769 1355
2770 1354
2771 1358
2772 1357
2773 1357
2774 1355
2775 1358
2776 1356
2777 1355
2778 1354
2779 1354
2780 1356
2781 1357
2782 1355
2783 1358
2784 1354
2785 1355
2786 1356
2787 1354
2788 1352
2789 1358
2790 1355
2791 1359
2792 1356
2793 1354
2794 1354
2795 1355
2796 1356
2797 1358
2798 1358
2799 1357
2800 1353
2801 1357
2802 1353
2803 1358
2804 1355
2805 1357
2806 1358
2807 1357
2808 1354
2809 1355
2810 1356
2811 1357
2812 1352
2813 1356
2814 1357
2815 1357
2816 1358
2817 1360
2818 1356
2819 1355
2820 1356
2821 1357
2822 1356
2823 1358
2824 1353
2825 1354
2826 1354
2827 1356
2828 1353
2829 1357
2830 1356
2831 1357
2832 1356
2833 1357
2834 1353
2835 1356
2836 1356
2837 1356
2838 1358
2839 1359
2840 1355
2841 1355
2842 1354
2843 1360
2844 1358
2845 1356
2846 1356
2847 1358
2848 1356
2849 1353
2850 1354
2851 1357
2852 1358
2853 1358
2854 1353
2855 1353
2856 1358
2857 1360
2858 1356
2859 1356
2860 1356
2861 1356
2862 1353
2863 1356
2864 1355
2865 1358
2866 1356
2867 1357
2868 1356
2869 1359
2870 1357
2871 1357
2872 1356
2873 1355
2874 1357
2875 1360
2876 1357
2877 1356
2878 1356
2879 1357
2880 1357
2881 1356
2882 1356
2883 1354
2884 1355
2885 1357
2886 1355
2887 1358
2888 1356
2889 1358
2890 1357
2891 1357
2892 1356
2893 1355
2894 1354
2895 1357
2896 1356
2897 1354
2898 1356
2899 1354
2900 1355
2901 1358
2902 1356
2903 1357
2904 1354
2905 1357
2906 1356
2907 1356
2908 1356
2909 1361
2910 1356
2911 1354
2912 1356
2913 1357
2914 1358
2915 1357
2916 1356
2917 1355
2918 1353
2919 1355
2920 1355
2921 1355
2922 1356
2923 1356
2924 1356
2925 1356
2926 1357
2927 1356
2928 1355
2929 1355
2930 1355
2931 1357
2932 1356
2933 1354
2934 1356
2935 1357
2936 1356
2937 1359
2938 1360
2939 1359
2940 1356
2941 1359
2942 1355
2943 1355
2944 1356
2945 1357
2946 1360
2947 1357
2948 1356
2949 1357
2950 1356
2951 1354
2952 1357
2953 1356
2954 1358
2955 1358
2956 1356
2957 1357
2958 1356
2959 1355
2960 1356
2961 1356
2962 1354
2963 1357
2964 1357
2965 1359
2966 1358
2967 1358
2968 1357
2969 1357
2970 1357
2971 1355
2972 1355
2973 1355
2974 1356
2975 1357
2976 1354
2977 1357
2978 1355
2979 1357
2980 1356
2981 1356
2982 1356
2983 1356
2984 1358
2985 1356
2986 1356
2987 1356
2988 1358
2989 1356
2990 1357
2991 1356
2992 1357
2993 1355
2994 1356
2995 1356
2996 1356
2997 1356
2998 1356
2999 1355
3000 1354
3001 1357
3002 1354
3003 1355
3004 1355
3005 1354
3006 1356
3007 1357
3008 1355
3009 1353
3010 1356
3011 1359
3012 1354
3013 1354
3014 1355
3015 1355
3016 1356
3017 1354
3018 1356
3019 1355
3020 1356
3021 1357
3022 1356
3023 1358
3024 1357
3025 1357
3026 1358
3027 1356
3028 1356
3029 1356
3030 1358
3031 1357
3032 1355
3033 1357
3034 1356
3035 1356
3036 1357
3037 1358
3038 1356
3039 1358
3040 1355
3041 1353
3042 1355
3043 1356
3044 1355
3045 1357
3046 1356
3047 1353
3048 1355
3049 1357
3050 1356
3051 1356
3052 1356
3053 1356
3054 1354
3055 1355
3056 1356
3057 1358
3058 1357
3059 1357
3060 1354
3061 1356
3062 1357
3063 1357
3064 1356
3065 1356
3066 1357
3067 1354
3068 1356
3069 1355
3070 1354
3071 1355
3072 1355
3073 1355
3074 1355
3075 1355
3076 1355
3077 1358
3078 1357
3079 1357
3080 1353
3081 1355
3082 1356
3083 1357
3084 1357
3085 1356
3086 1357
3087 1357
3088 1355
3089 1355
3090 1356
3091 1355
3092 1358
3093 1357
3094 1356
3095 1355
3096 1358
3097 1357
3098 1359
3099 1357
3100 1356
3101 1356
3102 1358
3103 1356
3104 1358
3105 1356
3106 1358
3107 1356
3108 1357
3109 1353
3110 1358
3111 1357
3112 1356
3113 1356
3114 1357
3115 1356
3116 1356
3117 1357
3118 1358
3119 1356
3120 1356
3121 1355
3122 1355
3123 1356
3124 1356
3125 1353
3126 1354
3127 1355
3128 1353
3129 1356
3130 1356
3131 1355
3132 1358
3133 1355
3134 1356
3135 1354
3136 1356
3137 1357
3138 1354
3139 1355
3140 1355
3141 1356
3142 1356
3143 1357
3144 1355
3145 1353
3146 1356
3147 1358
3148 1358
3149 1356
3150 1355
3151 1357
3152 1356
3153 1357
3154 1355
3155 1357
3156 1356
3157 1357
3158 1355
3159 1356
3160 1355
3161 1354
3162 1356
3163 1355
3164 1357
3165 1357
3166 1356
3167 1357
3168 1353
3169 1354
3170 1356
3171 1357
3172 1356
3173 1357
3174 1356
3175 1355
3176 1357
3177 1359
3178 1356
3179 1357
3180 1357
3181 1358
3182 1356
3183 1357
3184 1357
3185 1358
3186 1357
3187 1357
3188 1356
3189 1354
3190 1355
3191 1357
3192 1356
3193 1356
3194 1356
3195 1357
3196 1356
3197 1355
3198 1355
3199 1355
3200 1356
3201 1357
3202 1356
3203 1358
3204 1356
3205 1357
3206 1357
3207 1358
3208 1357
3209 1356
3210 1358
3211 1356
3212 1355
3213 1358
3214 1358
3215 1356
3216 1359
3217 1357
3218 1357
3219 1355
3220 1354
3221 1356
3222 1352
3223 1356
3224 1358
3225 1354
3226 1356
3227 1355
3228 1355
3229 1357
3230 1353
3231 1355
3232 1356
3233 1354
3234 1354
3235 1357
3236 1357
3237 1357
3238 1356
3239 1357
3240 1356
3241 1357
3242 1356
3243 1357
3244 1357
3245 1356
3246 1356
3247 1353
3248 1357
3249 1356
3250 1357
3251 1357
3252 1357
3253 1357
3254 1356
3255 1357
3256 1357
3257 1354
3258 1356
3259 1357
3260 1359
3261 1358
3262 1358
3263 1356
3264 1355
3265 1356
3266 1358
3267 1354
3268 1356
3269 1357
3270 1357
3271 1355
3272 1358
3273 1359
3274 1357
3275 1357
3276 1356
3277 1357
3278 1359
3279 1356
3280 1357
3281 1357
3282 1357
3283 1356
3284 1357
3285 1357
3286 1354
3287 1357
3288 1356
3289 1359
3290 1357
3291 1355
3292 1356
3293 1357
3294 1357
3295 1356
3296 1356
3297 1357
3298 1355
3299 1356
3300 1356
3301 1357
3302 1360
3303 1358
3304 1357
3305 1355
3306 1357
3307 1355
3308 1356
3309 1355
3310 1355
3311 1355
3312 1356
3313 1354
3314 1354
3315 1356
3316 1357
3317 1357
3318 1356
3319 1355
3320 1354
3321 1352
3322 1353
3323 1356
3324 1355
3325 1354
3326 1359
3327 1358
3328 1356
3329 1355
3330 1356
3331 1357
3332 1357
3333 1356
3334 1356
3335 1357
3336 1356
3337 1357
3338 1356
3339 1355
3340 1359
3341 1360
3342 1357
3343 1353
3344 1357
3345 1356
3346 1360
3347 1355
3348 1356
3349 1356
3350 1354
3351 1356
3352 1353
3353 1352
3354 1354
3355 1357
3356 1358
3357 1358
3358 1356
3359 1355
3360 1354
3361 1357
3362 1357
3363 1357
3364 1355
3365 1355
3366 1356
3367 1357
3368 1357
3369 1358
3370 1356
3371 1357
3372 1356
3373 1355
3374 1355
3375 1356
3376 1356
3377 1356
3378 1357
3379 1357
3380 1355
3381 1356
3382 1355
3383 1357
3384 1356
3385 1355
3386 1356
3387 1357
3388 1355
3389 1357
3390 1357
3391 1356
3392 1356
3393 1355
3394 1355
3395 1356
3396 1356
3397 1355
3398 1356
3399 1357
3400 1357
3401 1354
3402 1354
3403 1357
3404 1355
3405 1356
3406 1358
3407 1355
3408 1356
3409 1355
3410 1357
3411 1357
3412 1355
3413 1357
3414 1356
3415 1355
3416 1355
3417 1356
3418 1356
3419 1357
3420 1357
3421 1357
3422 1359
3423 1359
3424 1356
3425 1357
3426 1356
3427 1356
3428 1358
3429 1358
3430 1358
3431 1357
3432 1355
3433 1357
3434 1352
3435 1355
3436 1355
3437 1356
3438 1355
3439 1354
3440 1354
3441 1357
3442 1355
3443 1353
3444 1353
3445 1357
3446 1354
3447 1355
3448 1356
3449 1356
3450 1357
3451 1357
3452 1355
3453 1356
3454 1354
3455 1359
3456 1358
3457 1359
3458 1357
3459 1359
3460 1356
3461 1356
3462 1354
3463 1357
3464 1358
3465 1359
3466 1355
3467 1356
3468 1358
3469 1357
3470 1355
3471 1357
3472 1355
3473 1357
3474 1358
3475 1358
3476 1355
3477 1355
3478 1355
3479 1356
3480 1356
3481 1354
3482 1354
3483 1359
3484 1357
3485 1357
3486 1355
3487 1359
3488 1357
3489 1357
3490 1359
3491 1357
3492 1354
3493 1356
3494 1356
3495 1356
3496 1358
3497 1357
3498 1358
3499 1355
3500 1355
3501 1357
3502 1357
3503 1356
3504 1357
3505 1356
3506 1356
3507 1356
3508 1357
3509 1356
3510 1359
3511 1357
3512 1355
3513 1357
3514 1357
3515 1358
3516 1356
3517 1358
3518 1357
3519 1357
3520 1356
3521 1355
3522 1357
3523 1355
3524 1355
3525 1357
3526 1355
3527 1357
3528 1356
3529 1356
3530 1355
3531 1355
3532 1356
3533 1356
3534 1356
3535 1355
3536 1357
3537 1357
3538 1357
3539 1357
3540 1355
3541 1359
3542 1358
3543 1359
3544 1354
3545 1357
3546 1357
3547 1357
3548 1356
3549 1356
3550 1358
3551 1357
3552 1356
3553 1358
3554 1358
3555 1357
3556 1355
3557 1354
3558 1358
3559 1356
3560 1356
3561 1355
3562 1355
3563 1356
3564 1357
3565 1357
3566 1357
3567 1359
3568 1358
3569 1356
3570 1356
3571 1357
3572 1357
3573 1357
3574 1355
3575 1356
3576 1356
3577 1356
3578 1357
3579 1356
3580 1356
3581 1361
3582 1358
3583 1356
3584 1357
3585 1357
3586 1357
3587 1354
3588 1354
3589 1357
3590 1358
3591 1356
3592 1355
3593 1357
3594 1357
3595 1356
3596 1357
3597 1356
3598 1355
3599 1357
3600 1359
3601 1356
3602 1359
3603 1357
3604 1357
3605 1356
3606 1358
3607 1356
3608 1358
3609 1357
3610 1356
3611 1356
3612 1355
3613 1356
3614 1354
3615 1356
3616 1355
3617 1356
3618 1358
3619 1357
3620 1354
3621 1356
3622 1355
3623 1356
3624 1355
3625 1355
3626 1357
3627 1357
3628 1355
3629 1356
3630 1354
3631 1357
3632 1356
3633 1357
3634 1355
3635 1356
3636 1355
3637 1356
3638 1355
3639 1358
3640 1356
3641 1357
3642 1357
3643 1356
3644 1355
3645 1358
3646 1357
3647 1355
3648 1358
3649 1356
3650 1358
3651 1357
3652 1354
3653 1356
3654 1356
3655 1357
3656 1357
3657 1357
3658 1354
3659 1355
3660 1355
3661 1358
3662 1355
3663 1357
3664 1357
3665 1355
3666 1359
3667 1357
3668 1356
3669 1356
3670 1355
3671 1357
3672 1356
3673 1356
3674 1357
3675 1357
3676 1356
3677 1355
3678 1356
3679 1354
3680 1355
3681 1355
3682 1354
3683 1356
3684 1354
3685 1355
3686 1357
3687 1356
3688 1355
3689 1354
3690 1356
3691 1354
3692 1355
3693 1353
3694 1353
3695 1357
3696 1356
3697 1357
3698 1353
3699 1357
3700 1354
3701 1357
3702 1357
3703 1357
3704 1356
3705 1356
3706 1356
3707 1358
3708 1355
3709 1356
3710 1357
3711 1357
3712 1356
3713 1358
3714 1356
3715 1355
3716 1357
3717 1356
3718 1356
3719 1357
3720 1355
3721 1357
3722 1355
3723 1359
3724 1356
3725 1359
3726 1359
3727 1358
3728 1358
3729 1359
3730 1358
3731 1358
3732 1356
3733 1357
3734 1355
3735 1358
3736 1358
3737 1358
3738 1357
3739 1357
3740 1356
3741 1356
3742 1358
3743 1358
3744 1354
3745 1353
3746 1356
3747 1357
3748 1356
3749 1359
3750 1353
3751 1356
3752 1359
3753 1358
3754 1357
3755 1357
3756 1355
3757 1357
3758 1357
3759 1355
3760 1355
3761 1356
3762 1353
3763 1353
3764 1357
3765 1359
3766 1358
3767 1357
3768 1355
3769 1357
3770 1354
3771 1357
3772 1356
3773 1357
3774 1352
3775 1354
3776 1354
3777 1357
3778 1356
3779 1358
3780 1356
3781 1354
3782 1354
3783 1354
3784 1355
3785 1357
3786 1357
3787 1356
3788 1352
3789 1355
3790 1355
3791 1358
3792 1352
3793 1357
3794 1354
3795 1357
3796 1357
3797 1357
3798 1356
3799 1357
3800 1355
3801 1359
3802 1356
3803 1357
3804 1357
3805 1355
3806 1355
3807 1356
3808 1355
3809 1355
3810 1358
3811 1357
3812 1357
3813 1357
3814 1356
3815 1358
3816 1356
3817 1355
3818 1355
3819 1357
3820 1355
3821 1356
3822 1352
3823 1357
3824 1356
3825 1357
3826 1357
3827 1357
3828 1356
3829 1357
3830 1355
3831 1359
3832 1357
3833 1362
3834 1357
3835 1356
3836 1355
3837 1354
3838 1354
3839 1358
3840 1355
3841 1356
3842 1354
3843 1357
3844 1355
3845 1359
3846 1355
3847 1357
3848 1357
3849 1358
3850 1354
3851 1357
3852 1356
3853 1357
3854 1358
3855 1356
3856 1355
3857 1356
3858 1353
3859 1355
3860 1356
3861 1357
3862 1355
3863 1355
3864 1354
3865 1357
3866 1356
3867 1356
3868 1353
3869 1355
3870 1357
3871 1358
3872 1355
3873 1357
3874 1356
3875 1357
3876 1355
3877 1356
3878 1356
3879 1357
3880 1357
3881 1357
3882 1356
3883 1355
3884 1356
3885 1356
3886 1355
3887 1355
3888 1356
3889 1357
3890 1357
3891 1354
3892 1356
3893 1358
3894 1356
3895 1355
3896 1356
3897 1356
3898 1354
3899 1355
3900 1354
3901 1357
3902 1355
3903 1356
3904 1354
3905 1356
3906 1356
3907 1357
3908 1356
3909 1356
3910 1354
3911 1356
3912 1356
3913 1358
3914 1355
3915 1354
3916 1355
3917 1356
3918 1356
3919 1358
3920 1354
3921 1356
3922 1354
3923 1355
3924 1355
3925 1358
3926 1352
3927 1357
3928 1356
3929 1355
3930 1351
3931 1354
3932 1354
3933 1356
3934 1356
3935 1356
3936 1356
3937 1354
3938 1354
3939 1356
3940 1356
3941 1357
3942 1356
3943 1356
3944 1354
3945 1357
3946 1357
3947 1356
3948 1355
3949 1356
3950 1356
3951 1357
3952 1352
3953 1357
3954 1356
3955 1357
3956 1353
3957 1355
3958 1353
3959 1358
3960 1356
3961 1357
3962 1357
3963 1358
3964 1354
3965 1354
3966 1355
3967 1356
3968 1358
3969 1354
3970 1355
3971 1357
3972 1356
3973 1357
3974 1355
3975 1357
3976 1356
3977 1357
3978 1356
3979 1358
3980 1355
3981 1358
3982 1355
3983 1356
3984 1356
3985 1356
3986 1357
3987 1357
3988 1356
3989 1357
3990 1356
3991 1358
3992 1355
3993 1357
3994 1356
3995 1354
3996 1352
3997 1357
3998 1355
3999 1357
