0 1356
1 1356
2 1353
3 1355
4 1355
5 1356
6 1353
7 1357
8 1355
9 1354
10 1356
11 1354
12 1357
13 1354
14 1353
15 1356
16 1354
17 1356
18 1356
19 1356
20 1354
21 1356
22 1354
23 1356
24 1357
25 1357
26 1354
27 1357
28 1357
29 1355
30 1352
31 1356
32 1360
33 1360
34 1354
35 1354
36 1354
37 1356
38 1357
39 1355
40 1351
41 1354
42 1353
43 1354
44 1354
45 1353
46 1355
47 1355
48 1357
49 1354
50 1354
51 1352
52 1356
53 1356
54 1356
55 1352
56 1351
57 1354
58 1356
59 1353
60 1355
61 1355
62 1358
63 1356
64 1356
65 1356
66 1356
67 1354
68 1356
69 1353
70 1356
71 1357
72 1353
73 1355
74 1357
75 1354
76 1354
77 1355
78 1352
79 1354
80 1354
81 1353
82 1353
83 1356
84 1356
85 1354
86 1356
87 1355
88 1354
89 1355
90 1357
91 1356
92 1355
93 1355
94 1355
95 1356
96 1354
97 1355
98 1355
99 1356
100 1354
101 1354
102 1353
103 1356
104 1354
105 1356
106 1355
107 1355
108 1354
109 1356
110 1353
111 1356
112 1356
113 1350
114 1355
115 1353
116 1354
117 1352
118 1356
119 1355
120 1356
121 1356
122 1355
123 1355
124 1357
125 1355
126 1356
127 1354
128 1354
129 1353
130 1352
131 1354
132 1356
133 1353
134 1355
135 1355
136 1354
137 1353
138 1355
139 1355
140 1354
141 1352
142 1357
143 1356
144 1358
145 1356
146 1356
147 1356
148 1354
149 1357
150 1358
151 1353
152 1352
153 1355
154 1357
155 1355
156 1355
157 1356
158 1355
159 1354
160 1354
161 1352
162 1354
163 1356
164 1357
165 1357
166 1355
167 1356
168 1357
169 1355
170 1356
171 1356
172 1354
173 1353
174 1356
175 1356
176 1354
177 1356
178 1356
179 1356
180 1356
181 1353
182 1357
183 1355
184 1355
185 1354
186 1357
187 1357
188 1354
189 1355
190 1356
191 1356
192 1355
193 1356
194 1352
195 1353
196 1357
197 1355
198 1356
199 1353
200 1355
201 1356
202 1354
203 1356
204 1354
205 1354
206 1355
207 1356
208 1354
209 1355
210 1352
211 1357
212 1358
213 1357
214 1355
215 1353
216 1357
217 1358
218 1356
219 1355
220 1356
221 1355
222 1353
223 1354
224 1354
225 1354
226 1355
227 1357
228 1354
229 1358
230 1353
231 1356
232 1356
233 1357
234 1354
235 1353
236 1355
237 1355
238 1354
239 1356
240 1357
241 1358
242 1357
243 1355
244 1354
245 1357
246 1357
247 1358
248 1354
249 1354
250 1355
251 1358
252 1356
253 1357
254 1359
255 1356
256 1355
257 1354
258 1358
259 1356
260 1356
261 1353
262 1356
263 1359
264 1355
265 1356
266 1357
267 1358
268 1358
269 1356
270 1353
271 1354
272 1354
273 1354
274 1356
275 1358
276 1356
277 1357
278 1358
279 1354
280 1358
281 1356
282 1357
283 1357
284 1356
285 1356
286 1357
287 1358
288 1357
289 1354
290 1353
291 1354
292 1355
293 1357
294 1356
295 1357
296 1357
297 1351
298 1358
299 1357
300 1357
301 1358
302 1355
303 1358
304 1356
305 1356
306 1356
307 1355
308 1354
309 1356
310 1353
311 1356
312 1353
313 1354
314 1357
315 1357
316 1356
317 1355
318 1357
319 1355
320 1354
321 1353
322 1353
323 1353
324 1357
325 1355
326 1353
327 1357
328 1357
329 1357
330 1356
331 1356
332 1357
333 1359
334 1356
335 1355
336 1355
337 1356
338 1355
339 1354
340 1355
341 1359
342 1359
343 1356
344 1354
345 1356
346 1357
347 1354
348 1354
349 1353
350 1355
351 1357
352 1356
353 1355
354 1354
355 1356
356 1357
357 1354
358 1356
359 1355
360 1354
361 1356
362 1355
363 1353
364 1356
365 1355
366 1358
367 1356
368 1356
369 1356
370 1354
371 1357
372 1352
373 1357
374 1355
375 1353
376 1356
377 1354
378 1355
379 1355
380 1355
381 1353
382 1355
383 1356
384 1354
385 1355
386 1357
387 1357
388 1353
389 1352
390 1351
391 1357
392 1361
393 1359
394 1355
395 1355
396 1357
397 1358
398 1358
399 1356
400 1356
401 1357
402 1355
403 1361
404 1357
405 1356
406 1356
407 1356
408 1355
409 1355
410 1355
411 1356
412 1356
413 1356
414 1356
415 1352
416 1354
417 1357
418 1357
419 1354
420 1356
421 1355
422 1356
423 1354
424 1353
425 1356
426 1357
427 1354
428 1356
429 1352
430 1355
431 1358
432 1358
433 1357
434 1358
435 1356
436 1354
437 1356
438 1357
439 1356
440 1354
441 1356
442 1354
443 1356
444 1354
445 1358
446 1353
447 1359
448 1356
449 1355
450 1353
451 1356
452 1354
453 1355
454 1353
455 1357
456 1354
457 1354
458 1354
459 1353
460 1352
461 1357
462 1355
463 1356
464 1356
465 1356
466 1354
467 1353
468 1355
469 1352
470 1357
471 1354
472 1355
473 1355
474 1356
475 1355
476 1353
477 1354
478 1357
479 1354
480 1354
481 1351
482 1354
483 1355
484 1355
485 1354
486 1356
487 1354
488 1357
489 1357
490 1358
491 1356
492 1357
493 1357
494 1357
495 1356
496 1357
497 1356
498 1358
499 1355
500 1352
501 1354
502 1353
503 1356
504 1354
505 1356
506 1355
507 1354
508 1356
509 1354
510 1356
511 1355
512 1353
513 1356
514 1356
515 1355
516 1355
517 1356
518 1357
519 1353
520 1354
521 1352
522 1356
523 1353
524 1354
525 1356
526 1356
527 1356
528 1350
529 1354
530 1356
531 1354
532 1355
533 1356
534 1358
535 1357
536 1362
537 1363
538 1373
539 1385
540 1403
541 1436
542 1476
543 1535
544 1612
545 1709
546 1816
547 1936
548 2059
549 2181
550 2295
551 2410
552 2517
553 2619
554 2710
555 2791
556 2859
557 2909
558 2949
559 2977
560 2987
561 2994
562 2985
563 2974
564 2942
565 2914
566 2872
567 2831
568 2783
569 2737
570 2683
571 2635
572 2576
573 2517
574 2457
575 2399
576 2346
577 2294
578 2242
579 2188
580 2139
581 2092
582 2045
583 1999
584 1955
585 1919
586 1881
587 1848
588 1813
589 1777
590 1752
591 1722
592 1701
593 1678
594 1655
595 1636
596 1619
597 1602
598 1586
599 1569
600 1551
601 1536
602 1523
603 1513
604 1503
605 1494
606 1484
607 1476
608 1466
609 1459
610 1453
611 1449
612 1440
613 1435
614 1429
615 1421
616 1415
617 1411
618 1408
619 1405
620 1401
621 1395
622 1398
623 1393
624 1389
625 1384
626 1382
627 1380
628 1380
629 1379
630 1376
631 1375
632 1374
633 1370
634 1373
635 1370
636 1370
637 1366
638 1365
639 1368
640 1365
641 1365
642 1365
643 1365
644 1364
645 1361
646 1362
647 1363
648 1362
649 1363
650 1360
651 1359
652 1363
653 1358
654 1359
655 1358
656 1360
657 1360
658 1360
659 1358
660 1358
661 1358
662 1358
663 1358
664 1358
665 1361
666 1361
667 1357
668 1358
669 1359
670 1359
671 1359
672 1359
673 1357
674 1357
675 1355
676 1354
677 1356
678 1356
679 1358
680 1357
681 1356
682 1358
683 1357
684 1357
685 1357
686 1358
687 1357
688 1357
689 1355
690 1354
691 1357
692 1358
693 1356
694 1357
695 1355
696 1353
697 1357
698 1356
699 1356
700 1354
701 1357
702 1357
703 1356
704 1355
705 1355
706 1353
707 1356
708 1354
709 1356
710 1355
711 1355
712 1357
713 1354
714 1357
715 1356
716 1356
717 1354
718 1353
719 1353
720 1357
721 1355
722 1355
723 1357
724 1358
725 1359
726 1356
727 1356
728 1357
729 1354
730 1353
731 1357
732 1357
733 1355
734 1357
735 1355
736 1357
737 1355
738 1358
739 1356
740 1354
741 1355
742 1354
743 1357
744 1353
745 1357
746 1354
747 1355
748 1353
749 1355
750 1352
751 1357
752 1359
753 1356
754 1354
755 1353
756 1357
757 1356
758 1355
759 1352
760 1354
761 1357
762 1357
763 1359
764 1357
765 1356
766 1357
767 1358
768 1357
769 1357
770 1357
771 1355
772 1353
773 1357
774 1361
775 1355
776 1351
777 1354
778 1356
779 1354
780 1354
781 1356
782 1356
783 1361
784 1357
785 1354
786 1357
787 1358
788 1353
789 1354
790 1356
791 1358
792 1356
793 1357
794 1357
795 1358
796 1358
797 1357
798 1356
799 1356
800 1352
801 1354
802 1357
803 1355
804 1356
805 1354
806 1355
807 1357
808 1357
809 1355
810 1358
811 1357
812 1357
813 1356
814 1355
815 1355
816 1355
817 1356
818 1358
819 1357
820 1355
821 1356
822 1356
823 1357
824 1355
825 1356
826 1355
827 1356
828 1356
829 1354
830 1353
831 1354
832 1355
833 1351
834 1356
835 1354
836 1355
837 1355
838 1356
839 1351
840 1356
841 1359
842 1356
843 1356
844 1355
845 1355
846 1357
847 1355
848 1354
849 1355
850 1355
851 1356
852 1357
853 1355
854 1354
855 1354
856 1355
857 1356
858 1358
859 1359
860 1357
861 1356
862 1354
863 1356
864 1354
865 1352
866 1357
867 1357
868 1356
869 1356
870 1357
871 1355
872 1357
873 1355
874 1356
875 1357
876 1357
877 1357
878 1360
879 1358
880 1357
881 1357
882 1356
883 1358
884 1358
885 1355
886 1354
887 1358
888 1356
889 1356
890 1357
891 1354
892 1355
893 1355
894 1355
895 1355
896 1353
897 1355
898 1355
899 1356
900 1355
901 1355
902 1354
903 1355
904 1357
905 1359
906 1355
907 1355
908 1358
909 1354
910 1357
911 1356
912 1352
913 1358
914 1357
915 1353
916 1355
917 1356
918 1358
919 1355
920 1357
921 1355
922 1357
923 1355
924 1354
925 1353
926 1358
927 1358
928 1356
929 1354
930 1352
931 1355
932 1361
933 1357
934 1355
935 1355
936 1358
937 1356
938 1358
939 1352
940 1355
941 1355
942 1354
943 1353
944 1356
945 1354
946 1356
947 1355
948 1357
949 1355
950 1356
951 1354
952 1357
953 1356
954 1354
955 1352
956 1352
957 1353
958 1355
959 1355
960 1353
961 1357
962 1357
963 1356
964 1354
965 1356
966 1358
967 1356
968 1357
969 1355
970 1355
971 1356
972 1355
973 1354
974 1356
975 1355
976 1355
977 1359
978 1358
979 1356
980 1357
981 1353
982 1356
983 1354
984 1355
985 1355
986 1356
987 1354
988 1353
989 1353
990 1352
991 1357
992 1353
993 1353
994 1357
995 1356
996 1355
997 1354
998 1353
999 1357
1000 1357
1001 1355
1002 1354
1003 1354
1004 1355
1005 1356
1006 1358
1007 1357
1008 1354
1009 1356
1010 1360
1011 1356
1012 1356
1013 1356
1014 1355
1015 1354
1016 1355
1017 1354
1018 1356
1019 1353
1020 1357
1021 1357
1022 1356
1023 1356
1024 1355
1025 1355
1026 1357
1027 1356
1028 1355
1029 1355
1030 1355
1031 1355
1032 1355
1033 1355
1034 1356
1035 1354
1036 1357
1037 1354
1038 1358
1039 1356
1040 1357
1041 1354
1042 1353
1043 1355
1044 1354
1045 1354
1046 1356
1047 1355
1048 1356
1049 1354
1050 1357
1051 1357
1052 1357
1053 1354
1054 1354
1055 1355
1056 1355
1057 1356
1058 1357
1059 1358
1060 1354
1061 1356
1062 1356
1063 1354
1064 1355
1065 1355
1066 1356
1067 1355
1068 1355
1069 1353
1070 1357
1071 1356
1072 1356
1073 1357
1074 1356
1075 1358
1076 1357
1077 1354
1078 1356
1079 1356
1080 1357
1081 1356
1082 1357
1083 1356
1084 1357
1085 1355
1086 1354
1087 1356
1088 1355
1089 1352
1090 1356
1091 1355
1092 1356
1093 1352
1094 1357
1095 1358
1096 1355
1097 1358
1098 1355
1099 1355
1100 1356
1101 1358
1102 1357
1103 1358
1104 1358
1105 1355
1106 1358
1107 1356
1108 1358
1109 1357
1110 1356
1111 1351
1112 1358
1113 1355
1114 1356
1115 1353
1116 1355
1117 1354
1118 1353
1119 1354
1120 1355
1121 1353
1122 1354
1123 1356
1124 1355
1125 1355
1126 1356
1127 1358
1128 1358
1129 1355
1130 1357
1131 1356
1132 1356
1133 1357
1134 1357
1135 1352
1136 1353
1137 1355
1138 1357
1139 1357
1140 1356
1141 1355
1142 1355
1143 1356
1144 1355
1145 1353
1146 1352
1147 1354
1148 1358
1149 1356
1150 1351
1151 1355
1152 1357
1153 1356
1154 1356
1155 1353
1156 1357
1157 1358
1158 1355
1159 1353
1160 1355
1161 1353
1162 1356
1163 1355
1164 1355
1165 1355
1166 1355
1167 1355
1168 1355
1169 1354
1170 1356
1171 1356
1172 1357
1173 1355
1174 1356
1175 1355
1176 1356
1177 1353
1178 1354
1179 1355
1180 1356
1181 1359
1182 1357
1183 1357
1184 1354
1185 1354
1186 1356
1187 1356
1188 1355
1189 1354
1190 1357
1191 1354
1192 1354
1193 1356
1194 1355
1195 1353
1196 1355
1197 1355
1198 1357
1199 1356
1200 1356
1201 1354
1202 1356
1203 1354
1204 1358
1205 1353
1206 1354
1207 1353
1208 1354
1209 1356
1210 1357
1211 1353
1212 1356
1213 1356
1214 1354
1215 1356
1216 1358
1217 1352
1218 1354
1219 1350
1220 1355
1221 1355
1222 1357
1223 1357
1224 1356
1225 1357
1226 1355
1227 1356
1228 1356
1229 1354
1230 1353
1231 1356
1232 1357
1233 1354
1234 1354
1235 1354
1236 1355
1237 1355
1238 1356
1239 1357
1240 1355
1241 1357
1242 1355
1243 1354
1244 1356
1245 1359
1246 1357
1247 1357
1248 1355
1249 1353
1250 1359
1251 1354
1252 1354
1253 1352
1254 1356
1255 1356
1256 1355
1257 1357
1258 1355
1259 1354
1260 1354
1261 1354
1262 1354
1263 1353
1264 1357
1265 1355
1266 1355
1267 1356
1268 1357
1269 1356
1270 1354
1271 1355
1272 1358
1273 1355
1274 1357
1275 1354
1276 1354
1277 1356
1278 1354
1279 1356
1280 1355
1281 1354
1282 1357
1283 1353
1284 1355
1285 1356
1286 1354
1287 1356
1288 1354
1289 1354
1290 1355
1291 1353
1292 1357
1293 1358
1294 1353
1295 1353
1296 1354
1297 1354
1298 1355
1299 1352
1300 1351
1301 1351
1302 1355
1303 1357
1304 1353
1305 1356
1306 1356
1307 1357
1308 1355
1309 1354
1310 1354
1311 1356
1312 1355
1313 1354
1314 1357
1315 1356
1316 1352
1317 1354
1318 1357
1319 1356
1320 1355
1321 1353
1322 1355
1323 1356
1324 1355
1325 1355
1326 1355
1327 1353
1328 1355
1329 1354
1330 1352
1331 1353
1332 1355
1333 1357
1334 1352
1335 1356
1336 1354
1337 1357
1338 1356
1339 1357
1340 1357
1341 1354
1342 1357
1343 1356
1344 1355
1345 1355
1346 1356
1347 1353
1348 1358
1349 1354
1350 1355
1351 1351
1352 1353
1353 1354
1354 1355
1355 1357
1356 1355
1357 1357
1358 1356
1359 1358
1360 1354
1361 1356
1362 1354
1363 1355
1364 1353
1365 1354
1366 1356
1367 1354
1368 1356
1369 1356
1370 1355
1371 1355
1372 1358
1373 1355
1374 1355
1375 1357
1376 1354
1377 1355
1378 1355
1379 1355
1380 1360
1381 1355
1382 1355
1383 1356
1384 1353
1385 1353
1386 1351
1387 1357
1388 1357
1389 1356
1390 1355
1391 1355
1392 1357
1393 1354
1394 1355
1395 1355
1396 1355
1397 1356
1398 1352
1399 1356
1400 1355
1401 1359
1402 1357
1403 1357
1404 1354
1405 1358
1406 1355
1407 1356
1408 1351
1409 1355
1410 1356
1411 1355
1412 1354
1413 1356
1414 1356
1415 1357
1416 1355
1417 1355
1418 1353
1419 1356
1420 1356
1421 1356
1422 1356
1423 1356
1424 1353
1425 1356
1426 1353
1427 1356
1428 1355
1429 1356
1430 1355
1431 1355
1432 1355
1433 1357
1434 1357
1435 1357
1436 1357
1437 1354
1438 1356
1439 1355
1440 1355
1441 1355
1442 1355
1443 1356
1444 1354
1445 1355
1446 1356
1447 1359
1448 1354
1449 1356
1450 1353
1451 1356
1452 1353
1453 1356
1454 1352
1455 1357
1456 1351
1457 1358
1458 1354
1459 1356
1460 1355
1461 1354
1462 1355
1463 1354
1464 1355
1465 1355
1466 1353
1467 1358
1468 1354
1469 1356
1470 1355
1471 1356
1472 1359
1473 1358
1474 1355
1475 1358
1476 1357
1477 1357
1478 1356
1479 1355
1480 1357
1481 1356
1482 1354
1483 1356
1484 1355
1485 1356
1486 1353
1487 1357
1488 1355
1489 1357
1490 1355
1491 1358
1492 1355
1493 1356
1494 1357
1495 1358
1496 1355
1497 1359
1498 1356
1499 1357
1500 1357
1501 1354
1502 1355
1503 1354
1504 1353
1505 1356
1506 1356
1507 1354
1508 1355
1509 1353
1510 1356
1511 1356
1512 1354
1513 1357
1514 1355
1515 1355
1516 1353
1517 1356
1518 1354
1519 1357
1520 1355
1521 1357
1522 1356
1523 1358
1524 1357
1525 1357
1526 1355
1527 1358
1528 1354
1529 1355
1530 1355
1531 1357
1532 1356
1533 1356
1534 1353
1535 1355
1536 1353
1537 1354
1538 1355
1539 1356
1540 1358
1541 1357
1542 1354
1543 1355
1544 1355
1545 1353
1546 1354
1547 1356
1548 1356
1549 1357
1550 1357
1551 1355
1552 1357
1553 1356
1554 1356
1555 1356
1556 1356
1557 1356
1558 1354
1559 1355
1560 1354
1561 1357
1562 1356
1563 1356
1564 1359
1565 1356
1566 1353
1567 1357
1568 1357
1569 1356
1570 1357
1571 1356
1572 1356
1573 1354
1574 1356
1575 1357
1576 1357
1577 1356
1578 1354
1579 1355
1580 1355
1581 1355
1582 1356
1583 1354
1584 1354
1585 1355
1586 1353
1587 1355
1588 1355
1589 1353
1590 1355
1591 1356
1592 1356
1593 1356
1594 1357
1595 1357
1596 1358
1597 1355
1598 1357
1599 1353
1600 1357
1601 1357
1602 1355
1603 1353
1604 1355
1605 1356
1606 1356
1607 1355
1608 1354
1609 1350
1610 1356
1611 1357
1612 1357
1613 1356
1614 1357
1615 1354
1616 1358
1617 1356
1618 1356
1619 1354
1620 1355
1621 1354
1622 1357
1623 1355
1624 1357
1625 1357
1626 1355
1627 1356
1628 1355
1629 1353
1630 1355
1631 1357
1632 1352
1633 1354
1634 1352
1635 1355
1636 1355
1637 1355
1638 1353
1639 1353
1640 1354
1641 1356
1642 1356
1643 1354
1644 1352
1645 1354
1646 1356
1647 1357
1648 1357
1649 1355
1650 1355
1651 1354
1652 1357
1653 1354
1654 1353
1655 1356
1656 1357
1657 1358
1658 1355
1659 1353
1660 1356
1661 1358
1662 1355
1663 1354
1664 1356
1665 1356
1666 1355
1667 1356
1668 1356
1669 1357
1670 1358
1671 1356
1672 1356
1673 1355
1674 1353
1675 1354
1676 1359
1677 1355
1678 1357
1679 1357
1680 1356
1681 1354
1682 1356
1683 1354
1684 1357
1685 1355
1686 1355
1687 1354
1688 1354
1689 1354
1690 1356
1691 1353
1692 1357
1693 1355
1694 1354
1695 1356
1696 1359
1697 1355
1698 1354
1699 1353
1700 1356
1701 1352
1702 1355
1703 1355
1704 1357
1705 1357
1706 1357
1707 1358
1708 1356
1709 1355
1710 1356
1711 1353
1712 1357
1713 1354
1714 1356
1715 1358
1716 1356
1717 1355
1718 1354
1719 1354
1720 1356
1721 1356
1722 1356
1723 1356
1724 1355
1725 1352
1726 1354
1727 1355
1728 1356
1729 1353
1730 1356
1731 1356
1732 1359
1733 1355
1734 1357
1735 1359
1736 1357
1737 1356
1738 1357
1739 1355
1740 1357
1741 1359
1742 1356
1743 1355
1744 1357
1745 1356
1746 1358
1747 1356
1748 1357
1749 1354
1750 1355
1751 1355
1752 1357
1753 1354
1754 1356
1755 1354
1756 1357
1757 1353
1758 1356
1759 1353
1760 1354
1761 1354
1762 1357
1763 1356
1764 1356
1765 1352
1766 1356
1767 1352
1768 1358
1769 1356
1770 1357
1771 1354
1772 1358
1773 1354
1774 1356
1775 1353
1776 1357
1777 1355
1778 1356
1779 1354
1780 1355
1781 1354
1782 1355
1783 1355
1784 1357
1785 1356
1786 1357
1787 1354
1788 1355
1789 1354
1790 1358
1791 1356
1792 1356
1793 1355
1794 1356
1795 1355
1796 1358
1797 1354
1798 1358
1799 1355
1800 1358
1801 1354
1802 1357
1803 1354
1804 1355
1805 1355
1806 1358
1807 1354
1808 1359
1809 1356
1810 1358
1811 1355
1812 1357
1813 1356
1814 1357
1815 1356
1816 1357
1817 1356
1818 1356
1819 1357
1820 1356
1821 1356
1822 1360
1823 1355
1824 1358
1825 1354
1826 1360
1827 1355
1828 1357
1829 1356
1830 1357
1831 1356
1832 1356
1833 1355
1834 1357
1835 1356
1836 1357
1837 1354
1838 1355
1839 1352
1840 1356
1841 1355
1842 1356
1843 1356
1844 1355
1845 1352
1846 1357
1847 1357
1848 1355
1849 1356
1850 1357
1851 1355
1852 1355
1853 1353
1854 1355
1855 1351
1856 1355
1857 1354
1858 1357
1859 1354
1860 1358
1861 1355
1862 1357
1863 1356
1864 1359
1865 1356
1866 1354
1867 1353
1868 1354
1869 1353
1870 1356
1871 1353
1872 1356
1873 1352
1874 1355
1875 1355
1876 1355
1877 1356
1878 1356
1879 1354
1880 1357
1881 1355
1882 1354
1883 1355
1884 1357
1885 1355
1886 1357
1887 1356
1888 1353
1889 1354
1890 1356
1891 1355
1892 1357
1893 1354
1894 1357
1895 1355
1896 1354
1897 1354
1898 1356
1899 1355
1900 1354
1901 1355
1902 1356
1903 1355
1904 1353
1905 1354
1906 1354
1907 1353
1908 1354
1909 1354
1910 1358
1911 1354
1912 1355
1913 1353
1914 1353
1915 1354
1916 1357
1917 1355
1918 1357
1919 1353
1920 1354
1921 1354
1922 1357
1923 1353
1924 1358
1925 1355
1926 1355
1927 1356
1928 1357
1929 1354
1930 1354
1931 1354
1932 1357
1933 1352
1934 1357
1935 1356
1936 1357
1937 1355
1938 1355
1939 1353
1940 1357
1941 1355
1942 1357
1943 1355
1944 1358
1945 1353
1946 1358
1947 1354
1948 1357
1949 1353
1950 1354
1951 1353
1952 1356
1953 1354
1954 1356
1955 1355
1956 1357
1957 1355
1958 1357
1959 1354
1960 1356
1961 1354
1962 1354
1963 1353
1964 1354
1965 1351
1966 1352
1967 1355
1968 1355
1969 1352
1970 1353
1971 1353
1972 1355
1973 1356
1974 1354
1975 1353
1976 1358
1977 1355
1978 1358
1979 1357
1980 1360
1981 1356
1982 1356
1983 1354
1984 1357
1985 1356
1986 1353
1987 1353
1988 1357
1989 1356
1990 1356
1991 1354
1992 1356
1993 1355
1994 1357
1995 1353
1996 1355
1997 1356
1998 1355
1999 1354
2000 1353
2001 1356
2002 1355
2003 1356
2004 1356
2005 1352
2006 1357
2007 1354
2008 1355
2009 1352
2010 1355
2011 1355
2012 1357
2013 1356
2014 1356
2015 1353
2016 1355
2017 1353
2018 1356
2019 1354
2020 1355
2021 1355
2022 1355
2023 1353
2024 1357
2025 1357
2026 1358
2027 1355
2028 1355
2029 1355
2030 1354
2031 1358
2032 1356
2033 1356
2034 1354
2035 1356
2036 1355
2037 1356
2038 1354
2039 1354
2040 1355
2041 1355
2042 1356
2043 1356
2044 1355
2045 1354
2046 1355
2047 1356
2048 1354
2049 1356
2050 1353
2051 1353
2052 1358
2053 1355
2054 1354
2055 1355
2056 1357
2057 1356
2058 1355
2059 1355
2060 1357
2061 1356
2062 1354
2063 1354
2064 1353
2065 1356
2066 1355
2067 1354
2068 1355
2069 1352
2070 1355
2071 1354
2072 1357
2073 1356
2074 1354
2075 1356
2076 1358
2077 1358
2078 1357
2079 1357
2080 1357
2081 1355
2082 1357
2083 1357
2084 1356
2085 1356
2086 1354
2087 1353
2088 1354
2089 1353
2090 1358
2091 1355
2092 1353
2093 1354
2094 1356
2095 1354
2096 1356
2097 1354
2098 1355
2099 1354
2100 1357
2101 1356
2102 1354
2103 1356
2104 1355
2105 1357
2106 1353
2107 1356
2108 1354
2109 1355
2110 1356
2111 1352
2112 1357
2113 1356
2114 1357
2115 1356
2116 1355
2117 1354
2118 1352
2119 1354
2120 1355
2121 1354
2122 1354
2123 1352
2124 1353
2125 1354
2126 1356
2127 1354
2128 1356
2129 1358
2130 1356
2131 1355
2132 1355
2133 1356
2134 1353
2135 1356
2136 1357
2137 1356
2138 1358
2139 1354
2140 1354
2141 1357
2142 1358
2143 1355
2144 1356
2145 1357
2146 1356
2147 1356
2148 1358
2149 1356
2150 1357
2151 1355
2152 1357
2153 1354
2154 1355
2155 1355
2156 1357
2157 1355
2158 1356
2159 1354
2160 1358
2161 1357
2162 1356
2163 1355
2164 1354
2165 1355
2166 1357
2167 1358
2168 1356
2169 1356
2170 1355
2171 1357
2172 1357
2173 1356
2174 1355
2175 1355
2176 1356
2177 1354
2178 1356
2179 1355
2180 1355
2181 1355
2182 1357
2183 1355
2184 1355
2185 1354
2186 1355
2187 1356
2188 1357
2189 1355
2190 1356
2191 1358
2192 1359
2193 1357
2194 1357
2195 1357
2196 1356
2197 1356
2198 1356
2199 1355
2200 1357
2201 1355
2202 1356
2203 1356
2204 1358
2205 1355
2206 1354
2207 1356
2208 1357
2209 1356
2210 1353
2211 1357
2212 1356
2213 1357
2214 1357
2215 1357
2216 1357
2217 1356
2218 1357
2219 1354
2220 1357
2221 1356
2222 1354
2223 1356
2224 1356
2225 1358
2226 1357
2227 1356
2228 1354
2229 1351
2230 1356
2231 1356
2232 1356
2233 1356
2234 1355
2235 1355
2236 1354
2237 1355
2238 1355
2239 1356
2240 1358
2241 1355
2242 1356
2243 1354
2244 1356
2245 1354
2246 1355
2247 1355
2248 1360
2249 1356
2250 1359
2251 1356
2252 1354
2253 1355
2254 1356
2255 1354
2256 1358
2257 1354
2258 1356
2259 1356
2260 1356
2261 1356
2262 1357
2263 1356
2264 1355
2265 1356
2266 1357
2267 1354
2268 1358
2269 1356
2270 1355
2271 1353
2272 1355
2273 1357
2274 1355
2275 1355
2276 1357
2277 1354
2278 1355
2279 1356
2280 1359
2281 1356
2282 1353
2283 1357
2284 1356
2285 1353
2286 1356
2287 1358
2288 1357
2289 1354
2290 1355
2291 1357
2292 1357
2293 1358
2294 1356
2295 1357
2296 1358
2297 1354
2298 1355
2299 1356
2300 1358
2301 1356
2302 1356
2303 1356
2304 1356
2305 1356
2306 1356
2307 1356
2308 1355
2309 1355
2310 1354
2311 1352
2312 1355
2313 1358
2314 1356
2315 1356
2316 1356
2317 1355
2318 1355
2319 1354
2320 1357
2321 1356
2322 1357
2323 1355
2324 1357
2325 1356
2326 1357
2327 1360
2328 1356
2329 1355
2330 1356
2331 1358
2332 1357
2333 1359
2334 1356
2335 1355
2336 1354
2337 1356
2338 1355
2339 1354
2340 1353
2341 1355
2342 1356
2343 1356
2344 1355
2345 1356
2346 1356
2347 1357
2348 1356
2349 1357
2350 1355
2351 1358
2352 1358
2353 1357
2354 1355
2355 1356
2356 1357
2357 1357
2358 1354
2359 1356
2360 1356
2361 1356
2362 1355
2363 1356
2364 1354
2365 1355
2366 1355
2367 1355
2368 1355
2369 1357
2370 1355
2371 1356
2372 1354
2373 1356
2374 1356
2375 1356
2376 1355
2377 1356
2378 1354
2379 1354
2380 1354
2381 1357
2382 1358
2383 1355
2384 1355
2385 1357
2386 1357
2387 1354
2388 1353
2389 1355
2390 1356
2391 1355
2392 1355
2393 1354
2394 1353
2395 1353
2396 1353
2397 1355
2398 1355
2399 1355
2400 1355
2401 1355
2402 1355
2403 1357
2404 1357
2405 1358
2406 1357
2407 1355
2408 1356
2409 1357
2410 1356
2411 1358
2412 1357
2413 1359
2414 1355
2415 1355
2416 1358
2417 1358
2418 1356
2419 1355
2420 1355
2421 1357
2422 1357
2423 1356
2424 1354
2425 1355
2426 1357
2427 1357
2428 1353
2429 1356
2430 1356
2431 1354
2432 1357
2433 1356
2434 1357
2435 1356
2436 1357
2437 1357
2438 1356
2439 1355
2440 1355
2441 1355
2442 1357
2443 1354
2444 1357
2445 1356
2446 1358
2447 1356
2448 1358
2449 1356
2450 1356
2451 1354
2452 1356
2453 1357
2454 1353
2455 1354
2456 1357
2457 1356
2458 1357
2459 1356
2460 1357
2461 1356
2462 1356
2463 1353
2464 1354
2465 1356
2466 1356
2467 1356
2468 1357
2469 1355
2470 1357
2471 1355
2472 1354
2473 1356
2474 1355
2475 1357
2476 1356
2477 1356
2478 1356
2479 1354
2480 1357
2481 1356
2482 1357
2483 1354
2484 1352
2485 1353
2486 1354
2487 1356
2488 1353
2489 1355
2490 1355
2491 1356
2492 1358
2493 1357
2494 1357
2495 1356
2496 1356
2497 1354
2498 1355
2499 1357
2500 1355
2501 1356
2502 1356
2503 1356
2504 1358
2505 1355
2506 1357
2507 1356
2508 1355
2509 1356
2510 1357
2511 1358
2512 1355
2513 1355
2514 1357
2515 1355
2516 1356
2517 1353
2518 1356
2519 1354
2520 1358
2521 1354
2522 1354
2523 1356
2524 1355
2525 1353
2526 1356
2527 1355
2528 1354
2529 1354
2530 1355
2531 1353
2532 1358
2533 1355
2534 1355
2535 1355
2536 1356
2537 1352
2538 1354
2539 1355
2540 1353
2541 1354
2542 1354
2543 1354
2544 1354
2545 1353
2546 1357
2547 1357
2548 1353
2549 1354
2550 1355
2551 1353
2552 1358
2553 1355
2554 1357
2555 1356
2556 1357
2557 1356
2558 1357
2559 1356
2560 1354
2561 1356
2562 1356
2563 1356
2564 1355
2565 1359
2566 1354
2567 1353
2568 1354
2569 1355
2570 1354
2571 1354
2572 1355
2573 1359
2574 1356
2575 1356
2576 1355
2577 1356
2578 1357
2579 1356
2580 1355
2581 1353
2582 1354
2583 1354
2584 1355
2585 1354
2586 1356
2587 1357
2588 1357
2589 1355
2590 1355
2591 1356
2592 1354
2593 1355
2594 1357
2595 1358
2596 1358
2597 1356
2598 1357
2599 1357
2600 1353
2601 1354
2602 1351
2603 1353
2604 1357
2605 1356
2606 1356
2607 1354
2608 1354
2609 1355
2610 1357
2611 1356
2612 1355
2613 1356
2614 1357
2615 1355
2616 1357
2617 1354
2618 1353
2619 1356
2620 1356
2621 1356
2622 1354
2623 1356
2624 1359
2625 1355
2626 1355
2627 1354
2628 1356
2629 1355
2630 1356
2631 1354
2632 1354
2633 1354
2634 1357
2635 1354
2636 1357
2637 1354
2638 1356
2639 1353
2640 1356
2641 1359
2642 1357
2643 1356
2644 1355
2645 1354
2646 1358
2647 1356
2648 1358
2649 1355
2650 1354
2651 1354
2652 1356
2653 1355
2654 1353
2655 1356
2656 1355
2657 1356
2658 1355
2659 1357
2660 1355
2661 1355
2662 1357
2663 1356
2664 1354
2665 1356
2666 1356
2667 1356
2668 1353
2669 1354
2670 1355
2671 1355
2672 1356
2673 1353
2674 1353
2675 1355
2676 1356
2677 1356
2678 1355
2679 1357
2680 1357
2681 1356
2682 1357
2683 1358
2684 1356
2685 1354
2686 1359
2687 1355
2688 1355
2689 1356
2690 1358
2691 1355
2692 1357
2693 1357
2694 1359
2695 1354
2696 1357
2697 1356
2698 1357
2699 1355
2700 1355
2701 1354
2702 1356
2703 1355
2704 1354
2705 1353
2706 1355
2707 1354
2708 1355
2709 1357
2710 1357
2711 1354
2712 1355
2713 1355
2714 1357
2715 1360
2716 1357
2717 1354
2718 1355
2719 1355
2720 1358
2721 1355
2722 1356
2723 1354
2724 1356
2725 1356
2726 1355
2727 1356
2728 1353
2729 1353
2730 1353
2731 1354
2732 1355
2733 1356
2734 1358
2735 1354
2736 1356
2737 1354
2738 1356
2739 1357
2740 1356
2741 1356
2742 1356
2743 1355
2744 1358
2745 1355
2746 1357
2747 1356
2748 1356
2749 1355
2750 1354
2751 1356
2752 1358
2753 1357
2754 1357
2755 1356
2756 1357
2757 1356
2758 1358
2759 1355
2760 1355
2761 1356
2762 1355
2763 1356
2764 1356
2765 1354
2766 1356
2767 1356
2768 1357
2769 1357
2770 1357
2771 1360
2772 1358
2773 1356
2774 1354
2775 1356
2776 1356
2777 1356
2778 1354
2779 1359
2780 1356
2781 1357
2782 1357
2783 1354
2784 1354
2785 1355
2786 1353
2787 1353
2788 1355
2789 1353
2790 1357
2791 1354
2792 1357
2793 1357
2794 1355
2795 1355
2796 1357
2797 1355
2798 1358
2799 1357
2800 1356
2801 1357
2802 1356
2803 1357
2804 1357
2805 1356
2806 1354
2807 1355
2808 1357
2809 1357
2810 1356
2811 1356
2812 1357
2813 1357
2814 1357
2815 1354
2816 1357
2817 1353
2818 1353
2819 1355
2820 1353
2821 1354
2822 1357
2823 1354
2824 1355
2825 1351
2826 1355
2827 1359
2828 1356
2829 1354
2830 1355
2831 1355
2832 1356
2833 1353
2834 1353
2835 1356
2836 1360
2837 1357
2838 1355
2839 1356
2840 1355
2841 1356
2842 1356
2843 1356
2844 1355
2845 1356
2846 1356
2847 1355
2848 1354
2849 1356
2850 1357
2851 1356
2852 1355
2853 1355
2854 1355
2855 1354
2856 1356
2857 1354
2858 1356
2859 1354
2860 1353
2861 1355
2862 1358
2863 1357
2864 1355
2865 1357
2866 1354
2867 1355
2868 1355
2869 1356
2870 1356
2871 1355
2872 1359
2873 1355
2874 1357
2875 1359
2876 1357
2877 1357
2878 1355
2879 1356
2880 1357
2881 1356
2882 1354
2883 1353
2884 1355
2885 1353
2886 1356
2887 1354
2888 1355
2889 1357
2890 1357
2891 1356
2892 1356
2893 1359
2894 1355
2895 1356
2896 1356
2897 1354
2898 1355
2899 1354
2900 1355
2901 1355
2902 1356
2903 1357
2904 1357
2905 1357
2906 1358
2907 1353
2908 1355
2909 1357
2910 1357
2911 1356
2912 1355
2913 1360
2914 1356
2915 1356
2916 1356
2917 1354
2918 1354
2919 1354
2920 1357
2921 1358
2922 1357
2923 1358
2924 1353
2925 1357
2926 1355
2927 1353
2928 1357
2929 1358
2930 1356
2931 1358
2932 1356
2933 1356
2934 1356
2935 1356
2936 1357
2937 1360
2938 1356
2939 1355
2940 1354
2941 1356
2942 1355
2943 1358
2944 1354
2945 1356
2946 1356
2947 1357
2948 1355
2949 1355
2950 1354
2951 1353
2952 1354
2953 1358
2954 1357
2955 1355
2956 1357
2957 1353
2958 1356
2959 1353
2960 1357
2961 1355
2962 1352
2963 1355
2964 1356
2965 1354
2966 1355
2967 1358
2968 1354
2969 1354
2970 1356
2971 1357
2972 1357
2973 1354
2974 1354
2975 1356
2976 1355
2977 1354
2978 1356
2979 1354
2980 1356
2981 1357
2982 1354
2983 1355
2984 1355
2985 1356
2986 1356
2987 1355
2988 1357
2989 1354
2990 1355
2991 1354
2992 1357
2993 1356
2994 1360
2995 1356
2996 1358
2997 1354
2998 1357
2999 1354
3000 1356
3001 1355
3002 1356
3003 1353
3004 1353
3005 1354
3006 1356
3007 1353
3008 1354
3009 1354
3010 1355
3011 1356
3012 1356
3013 1355
3014 1357
3015 1357
3016 1357
3017 1355
3018 1356
3019 1356
3020 1354
3021 1356
3022 1354
3023 1357
3024 1358
3025 1356
3026 1357
3027 1354
3028 1355
3029 1357
3030 1355
3031 1355
3032 1356
3033 1354
3034 1356
3035 1355
3036 1355
3037 1353
3038 1356
3039 1357
3040 1356
3041 1358
3042 1354
3043 1354
3044 1357
3045 1355
3046 1353
3047 1356
3048 1356
3049 1356
3050 1355
3051 1356
3052 1355
3053 1356
3054 1356
3055 1356
3056 1356
3057 1357
3058 1353
3059 1353
3060 1356
3061 1354
3062 1354
3063 1354
3064 1355
3065 1356
3066 1357
3067 1353
3068 1356
3069 1356
3070 1357
3071 1355
3072 1355
3073 1355
3074 1355
3075 1356
3076 1357
3077 1356
3078 1357
3079 1356
3080 1357
3081 1356
3082 1357
3083 1357
3084 1357
3085 1357
3086 1356
3087 1357
3088 1354
3089 1356
3090 1356
3091 1355
3092 1354
3093 1353
3094 1352
3095 1353
3096 1356
3097 1356
3098 1353
3099 1356
3100 1356
3101 1353
3102 1356
3103 1354
3104 1355
3105 1355
3106 1355
3107 1354
3108 1354
3109 1356
3110 1356
3111 1354
3112 1357
3113 1354
3114 1355
3115 1357
3116 1354
3117 1354
3118 1353
3119 1354
3120 1356
3121 1355
3122 1353
3123 1355
3124 1354
3125 1355
3126 1355
3127 1355
3128 1356
3129 1354
3130 1353
3131 1356
3132 1357
3133 1354
3134 1355
3135 1354
3136 1354
3137 1352
3138 1354
3139 1356
3140 1357
3141 1357
3142 1357
3143 1355
3144 1355
3145 1356
3146 1354
3147 1355
3148 1356
3149 1356
3150 1357
3151 1356
3152 1353
3153 1354
3154 1354
3155 1355
3156 1353
3157 1356
3158 1356
3159 1353
3160 1353
3161 1357
3162 1356
3163 1357
3164 1353
3165 1355
3166 1355
3167 1353
3168 1357
3169 1356
3170 1357
3171 1356
3172 1357
3173 1355
3174 1355
3175 1358
3176 1359
3177 1355
3178 1357
3179 1357
3180 1355
3181 1358
3182 1356
3183 1356
3184 1355
3185 1353
3186 1357
3187 1355
3188 1357
3189 1355
3190 1354
3191 1353
3192 1355
3193 1356
3194 1356
3195 1355
3196 1355
3197 1355
3198 1357
3199 1355
3200 1358
3201 1357
3202 1357
3203 1356
3204 1356
3205 1355
3206 1355
3207 1354
3208 1358
3209 1356
3210 1355
3211 1356
3212 1353
3213 1352
3214 1354
3215 1357
3216 1356
3217 1354
3218 1354
3219 1355
3220 1353
3221 1355
3222 1354
3223 1356
3224 1355
3225 1354
3226 1356
3227 1356
3228 1360
3229 1355
3230 1357
3231 1357
3232 1354
3233 1356
3234 1355
3235 1356
3236 1355
3237 1358
3238 1355
3239 1357
3240 1356
3241 1356
3242 1355
3243 1355
3244 1358
3245 1356
3246 1357
3247 1353
3248 1352
3249 1353
3250 1355
3251 1354
3252 1352
3253 1354
3254 1353
3255 1354
3256 1355
3257 1355
3258 1352
3259 1353
3260 1355
3261 1358
3262 1356
3263 1354
3264 1357
3265 1356
3266 1357
3267 1359
3268 1356
3269 1356
3270 1354
3271 1356
3272 1356
3273 1354
3274 1352
3275 1355
3276 1354
3277 1356
3278 1353
3279 1355
3280 1354
3281 1358
3282 1356
3283 1356
3284 1353
3285 1352
3286 1355
3287 1356
3288 1354
3289 1356
3290 1355
3291 1357
3292 1354
3293 1353
3294 1355
3295 1353
3296 1357
3297 1356
3298 1353
3299 1355
3300 1356
3301 1356
3302 1357
3303 1355
3304 1356
3305 1356
3306 1355
3307 1358
3308 1354
3309 1355
3310 1354
3311 1356
3312 1356
3313 1353
3314 1353
3315 1355
3316 1355
3317 1356
3318 1354
3319 1354
3320 1356
3321 1358
3322 1356
3323 1356
3324 1355
3325 1357
3326 1354
3327 1358
3328 1354
3329 1357
3330 1356
3331 1356
3332 1355
3333 1354
3334 1353
3335 1353
3336 1353
3337 1354
3338 1356
3339 1355
3340 1352
3341 1353
3342 1354
3343 1356
3344 1354
3345 1356
3346 1356
3347 1353
3348 1355
3349 1358
3350 1357
3351 1353
3352 1355
3353 1354
3354 1354
3355 1354
3356 1355
3357 1358
3358 1352
3359 1354
3360 1355
3361 1356
3362 1355
3363 1355
3364 1354
3365 1355
3366 1355
3367 1354
3368 1355
3369 1351
3370 1354
3371 1354
3372 1354
3373 1355
3374 1353
3375 1356
3376 1356
3377 1353
3378 1355
3379 1355
3380 1355
3381 1356
3382 1354
3383 1353
3384 1353
3385 1355
3386 1355
3387 1356
3388 1355
3389 1353
3390 1355
3391 1355
3392 1355
3393 1355
3394 1355
3395 1355
3396 1355
3397 1354
3398 1356
3399 1355
3400 1355
3401 1353
3402 1356
3403 1354
3404 1354
3405 1354
3406 1355
3407 1356
3408 1353
3409 1352
3410 1353
3411 1354
3412 1354
3413 1355
3414 1357
3415 1352
3416 1357
3417 1356
3418 1356
3419 1354
3420 1357
3421 1355
3422 1355
3423 1355
3424 1356
3425 1355
3426 1356
3427 1355
3428 1354
3429 1357
3430 1356
3431 1358
3432 1358
3433 1357
3434 1355
3435 1356
3436 1353
3437 1355
3438 1359
3439 1359
3440 1359
3441 1358
3442 1356
3443 1355
3444 1353
3445 1356
3446 1354
3447 1358
3448 1354
3449 1354
3450 1355
3451 1353
3452 1360
3453 1357
3454 1355
3455 1355
3456 1355
3457 1356
3458 1356
3459 1356
3460 1354
3461 1355
3462 1355
3463 1354
3464 1352
3465 1356
3466 1358
3467 1357
3468 1355
3469 1355
3470 1355
3471 1355
3472 1356
3473 1354
3474 1357
3475 1356
3476 1356
3477 1354
3478 1356
3479 1355
3480 1356
3481 1354
3482 1355
3483 1354
3484 1353
3485 1355
3486 1355
3487 1355
3488 1356
3489 1356
3490 1353
3491 1354
3492 1353
3493 1351
3494 1355
3495 1354
3496 1354
3497 1357
3498 1354
3499 1356
3500 1357
3501 1355
3502 1355
3503 1354
3504 1353
3505 1352
3506 1356
3507 1355
3508 1355
3509 1353
3510 1354
3511 1355
3512 1355
3513 1356
3514 1353
3515 1355
3516 1354
3517 1357
3518 1356
3519 1354
3520 1354
3521 1353
3522 1357
3523 1354
3524 1355
3525 1355
3526 1355
3527 1355
3528 1354
3529 1356
3530 1355
3531 1355
3532 1353
3533 1355
3534 1356
3535 1357
3536 1356
3537 1358
3538 1355
3539 1355
3540 1358
3541 1357
3542 1357
3543 1357
3544 1356
3545 1355
3546 1353
3547 1356
3548 1355
3549 1355
3550 1355
3551 1356
3552 1354
3553 1352
3554 1353
3555 1353
3556 1353
3557 1354
3558 1355
3559 1355
3560 1355
3561 1356
3562 1357
3563 1356
3564 1354
3565 1356
3566 1357
3567 1353
3568 1353
3569 1359
3570 1356
3571 1356
3572 1356
3573 1356
3574 1356
3575 1356
3576 1354
3577 1354
3578 1356
3579 1357
3580 1357
3581 1356
3582 1357
3583 1355
3584 1352
3585 1354
3586 1356
3587 1353
3588 1354
3589 1355
3590 1355
3591 1356
3592 1357
3593 1355
3594 1354
3595 1354
3596 1356
3597 1358
3598 1356
3599 1357
3600 1355
3601 1358
3602 1356
3603 1356
3604 1357
3605 1356
3606 1358
3607 1356
3608 1356
3609 1357
3610 1355
3611 1359
3612 1356
3613 1356
3614 1355
3615 1354
3616 1354
3617 1353
3618 1357
3619 1355
3620 1353
3621 1354
3622 1354
3623 1354
3624 1353
3625 1355
3626 1353
3627 1355
3628 1356
3629 1355
3630 1356
3631 1356
3632 1355
3633 1356
3634 1354
3635 1355
3636 1355
3637 1356
3638 1352
3639 1355
3640 1357
3641 1359
3642 1356
3643 1354
3644 1352
3645 1355
3646 1355
3647 1356
3648 1353
3649 1355
3650 1355
3651 1355
3652 1358
3653 1354
3654 1356
3655 1353
3656 1353
3657 1356
3658 1356
3659 1356
3660 1356
3661 1354
3662 1357
3663 1356
3664 1357
3665 1354
3666 1356
3667 1355
3668 1356
3669 1355
3670 1353
3671 1358
3672 1357
3673 1354
3674 1354
3675 1355
3676 1354
3677 1355
3678 1352
3679 1352
3680 1356
3681 1353
3682 1354
3683 1354
3684 1352
3685 1355
3686 1353
3687 1356
3688 1355
3689 1353
3690 1354
3691 1354
3692 1354
3693 1355
3694 1355
3695 1353
3696 1354
3697 1352
3698 1355
3699 1356
3700 1353
3701 1356
3702 1355
3703 1356
3704 1355
3705 1357
3706 1357
3707 1353
3708 1355
3709 1354
3710 1353
3711 1355
3712 1355
3713 1354
3714 1355
3715 1351
3716 1355
3717 1355
3718 1354
3719 1354
3720 1359
3721 1359
3722 1358
3723 1356
3724 1357
3725 1354
3726 1354
3727 1355
3728 1354
3729 1352
3730 1355
3731 1353
3732 1353
3733 1356
3734 1357
3735 1355
3736 1356
3737 1354
3738 1357
3739 1356
3740 1356
3741 1355
3742 1356
3743 1354
3744 1356
3745 1355
3746 1355
3747 1353
3748 1354
3749 1355
3750 1354
3751 1357
3752 1355
3753 1355
3754 1355
3755 1355
3756 1354
3757 1356
3758 1357
3759 1352
3760 1353
3761 1354
3762 1356
3763 1353
3764 1354
3765 1352
3766 1359
3767 1356
3768 1356
3769 1351
3770 1354
3771 1354
3772 1355
3773 1353
3774 1355
3775 1354
3776 1354
3777 1354
3778 1352
3779 1355
3780 1357
3781 1356
3782 1358
3783 1356
3784 1354
3785 1354
3786 1357
3787 1357
3788 1356
3789 1355
3790 1353
3791 1356
3792 1358
3793 1354
3794 1356
3795 1354
3796 1356
3797 1354
3798 1354
3799 1351
3800 1356
3801 1356
3802 1357
3803 1355
3804 1355
3805 1355
3806 1355
3807 1354
3808 1357
3809 1355
3810 1355
3811 1356
3812 1355
3813 1354
3814 1356
3815 1356
3816 1356
3817 1352
3818 1354
3819 1355
3820 1355
3821 1354
3822 1356
3823 1355
3824 1357
3825 1356
3826 1358
3827 1354
3828 1355
3829 1355
3830 1354
3831 1355
3832 1356
3833 1355
3834 1354
3835 1354
3836 1356
3837 1354
3838 1356
3839 1356
3840 1355
3841 1355
3842 1357
3843 1355
3844 1358
3845 1357
3846 1356
3847 1355
3848 1356
3849 1356
3850 1357
3851 1356
3852 1356
3853 1352
3854 1356
3855 1356
3856 1358
3857 1353
3858 1353
3859 1353
3860 1355
3861 1354
3862 1354
3863 1355
3864 1356
3865 1354
3866 1357
3867 1355
3868 1357
3869 1357
3870 1357
3871 1354
3872 1354
3873 1358
3874 1357
3875 1354
3876 1354
3877 1356
3878 1357
3879 1356
3880 1357
3881 1354
3882 1356
3883 1355
3884 1356
3885 1355
3886 1357
3887 1356
3888 1357
3889 1356
3890 1356
3891 1355
3892 1354
3893 1356
3894 1353
3895 1355
3896 1357
3897 1355
3898 1353
3899 1356
3900 1356
3901 1356
3902 1357
3903 1358
3904 1359
3905 1355
3906 1356
3907 1354
3908 1355
3909 1355
3910 1353
3911 1356
3912 1358
3913 1355
3914 1357
3915 1355
3916 1356
3917 1355
3918 1357
3919 1356
3920 1356
3921 1353
3922 1358
3923 1356
3924 1354
3925 1352
3926 1357
3927 1356
3928 1355
3929 1354
3930 1357
3931 1353
3932 1355
3933 1355
3934 1357
3935 1356
3936 1357
3937 1354
3938 1355
3939 1358
3940 1355
3941 1355
3942 1356
3943 1352
3944 1353
3945 1356
3946 1357
3947 1355
3948 1353
3949 1354
3950 1355
3951 1356
3952 1355
3953 1355
3954 1355
3955 1354
3956 1354
3957 1352
3958 1353
3959 1351
3960 1353
3961 1355
3962 1356
3963 1354
3964 1356
3965 1354
3966 1355
3967 1352
3968 1355
3969 1354
3970 1354
3971 1354
3972 1357
3973 1355
3974 1356
3975 1354
3976 1355
3977 1355
3978 1356
3979 1353
3980 1357
3981 1354
3982 1356
3983 1353
3984 1357
3985 1353
3986 1356
3987 1353
3988 1354
3989 1356
3990 1356
3991 1356
3992 1357
3993 1354
3994 1356
3995 1356
3996 1355
3997 1354
3998 1356
3999 1356
