0 1358
1 1354
2 1353
3 1355
4 1356
5 1356
6 1353
7 1352
8 1354
9 1355
10 1356
11 1355
12 1354
13 1355
14 1353
15 1355
16 1355
17 1357
18 1356
19 1355
20 1355
21 1352
22 1355
23 1354
24 1356
25 1356
26 1357
27 1353
28 1356
29 1357
30 1356
31 1354
32 1353
33 1355
34 1357
35 1356
36 1355
37 1357
38 1356
39 1354
40 1355
41 1353
42 1356
43 1357
44 1354
45 1353
46 1355
47 1355
48 1350
49 1356
50 1354
51 1356
52 1356
53 1354
54 1354
55 1351
56 1355
57 1356
58 1351
59 1355
60 1355
61 1356
62 1356
63 1353
64 1354
65 1356
66 1356
67 1358
68 1357
69 1353
70 1354
71 1357
72 1355
73 1355
74 1352
75 1353
76 1356
77 1354
78 1352
79 1352
80 1352
81 1355
82 1353
83 1356
84 1351
85 1353
86 1353
87 1355
88 1353
89 1350
90 1353
91 1356
92 1355
93 1356
94 1354
95 1357
96 1355
97 1353
98 1354
99 1356
100 1356
101 1357
102 1354
103 1353
104 1353
105 1355
106 1353
107 1353
108 1354
109 1357
110 1352
111 1354
112 1355
113 1355
114 1353
115 1354
116 1353
117 1355
118 1354
119 1354
120 1353
121 1357
122 1357
123 1357
124 1353
125 1356
126 1354
127 1353
128 1354
129 1355
130 1354
131 1356
132 1355
133 1355
134 1357
135 1357
136 1353
137 1353
138 1354
139 1353
140 1353
141 1355
142 1355
143 1355
144 1357
145 1355
146 1356
147 1354
148 1354
149 1355
150 1358
151 1356
152 1356
153 1355
154 1354
155 1352
156 1355
157 1356
158 1354
159 1353
160 1354
161 1355
162 1354
163 1354
164 1355
165 1354
166 1356
167 1353
168 1356
169 1354
170 1355
171 1355
172 1353
173 1354
174 1356
175 1353
176 1352
177 1352
178 1355
179 1351
180 1352
181 1354
182 1354
183 1356
184 1356
185 1351
186 1355
187 1353
188 1352
189 1354
190 1356
191 1356
192 1355
193 1354
194 1354
195 1353
196 1355
197 1356
198 1354
199 1352
200 1355
201 1355
202 1354
203 1352
204 1351
205 1353
206 1356
207 1357
208 1352
209 1355
210 1357
211 1354
212 1354
213 1354
214 1355
215 1354
216 1354
217 1357
218 1356
219 1356
220 1357
221 1355
222 1356
223 1357
224 1356
225 1358
226 1356
227 1355
228 1356
229 1355
230 1354
231 1354
232 1355
233 1353
234 1353
235 1351
236 1354
237 1354
238 1352
239 1351
240 1352
241 1353
242 1355
243 1352
244 1352
245 1355
246 1356
247 1358
248 1356
249 1353
250 1356
251 1357
252 1360
253 1357
254 1353
255 1353
256 1353
257 1357
258 1354
259 1357
260 1357
261 1355
262 1352
263 1353
264 1354
265 1357
266 1356
267 1359
268 1356
269 1357
270 1351
271 1353
272 1356
273 1355
274 1354
275 1355
276 1354
277 1353
278 1352
279 1354
280 1356
281 1356
282 1355
283 1353
284 1355
285 1358
286 1358
287 1355
288 1356
289 1357
290 1354
291 1353
292 1356
293 1353
294 1353
295 1353
296 1353
297 1355
298 1353
299 1355
300 1356
301 1354
302 1355
303 1355
304 1356
305 1354
306 1356
307 1357
308 1353
309 1355
310 1356
311 1354
312 1354
313 1354
314 1356
315 1355
316 1354
317 1355
318 1355
319 1357
320 1354
321 1354
322 1355
323 1355
324 1356
325 1355
326 1354
327 1358
328 1355
329 1354
330 1356
331 1354
332 1357
333 1356
334 1353
335 1351
336 1356
337 1357
338 1352
339 1355
340 1354
341 1352
342 1355
343 1354
344 1356
345 1354
346 1358
347 1355
348 1354
349 1355
350 1356
351 1353
352 1355
353 1355
354 1354
355 1356
356 1355
357 1356
358 1354
359 1353
360 1353
361 1354
362 1354
363 1353
364 1356
365 1353
366 1357
367 1352
368 1354
369 1353
370 1353
371 1355
372 1358
373 1355
374 1356
375 1354
376 1356
377 1355
378 1356
379 1356
380 1354
381 1355
382 1357
383 1354
384 1355
385 1355
386 1353
387 1356
388 1355
389 1354
390 1356
391 1355
392 1355
393 1355
394 1355
395 1355
396 1354
397 1353
398 1357
399 1355
400 1356
401 1355
402 1356
403 1354
404 1355
405 1356
406 1355
407 1353
408 1358
409 1352
410 1354
411 1353
412 1357
413 1353
414 1355
415 1352
416 1356
417 1353
418 1354
419 1355
420 1354
421 1356
422 1353
423 1354
424 1353
425 1353
426 1358
427 1357
428 1355
429 1353
430 1353
431 1358
432 1356
433 1354
434 1354
435 1352
436 1353
437 1354
438 1354
439 1352
440 1354
441 1357
442 1353
443 1352
444 1355
445 1354
446 1354
447 1355
448 1356
449 1354
450 1349
451 1352
452 1354
453 1357
454 1352
455 1350
456 1353
457 1355
458 1355
459 1355
460 1354
461 1354
462 1354
463 1354
464 1355
465 1353
466 1355
467 1354
468 1351
469 1357
470 1353
471 1355
472 1353
473 1354
474 1354
475 1357
476 1353
477 1355
478 1354
479 1350
480 1355
481 1354
482 1355
483 1356
484 1355
485 1355
486 1356
487 1356
488 1356
489 1355
490 1354
491 1358
492 1352
493 1355
494 1352
495 1353
496 1353
497 1359
498 1355
499 1350
500 1353
501 1356
502 1356
503 1354
504 1355
505 1356
506 1354
507 1354
508 1351
509 1352
510 1355
511 1354
512 1353
513 1353
514 1353
515 1357
516 1356
517 1354
518 1355
519 1356
520 1353
521 1356
522 1355
523 1356
524 1357
525 1355
526 1354
527 1355
528 1356
529 1357
530 1355
531 1355
532 1356
533 1355
534 1356
535 1357
536 1357
537 1360
538 1369
539 1379
540 1393
541 1414
542 1441
543 1479
544 1522
545 1580
546 1641
547 1701
548 1775
549 1844
550 1906
551 1974
552 2036
553 2091
554 2139
555 2178
556 2211
557 2236
558 2256
559 2265
560 2274
561 2279
562 2277
563 2269
564 2255
565 2238
566 2220
567 2193
568 2164
569 2128
570 2096
571 2066
572 2035
573 2004
574 1975
575 1941
576 1914
577 1882
578 1856
579 1829
580 1801
581 1779
582 1755
583 1727
584 1707
585 1682
586 1660
587 1641
588 1623
589 1606
590 1589
591 1578
592 1564
593 1545
594 1528
595 1519
596 1511
597 1499
598 1489
599 1477
600 1471
601 1461
602 1454
603 1446
604 1438
605 1433
606 1429
607 1428
608 1419
609 1416
610 1410
611 1412
612 1408
613 1403
614 1402
615 1398
616 1391
617 1394
618 1390
619 1387
620 1386
621 1385
622 1377
623 1380
624 1377
625 1375
626 1373
627 1374
628 1375
629 1372
630 1370
631 1368
632 1370
633 1370
634 1366
635 1367
636 1367
637 1367
638 1365
639 1364
640 1363
641 1366
642 1361
643 1358
644 1362
645 1364
646 1362
647 1361
648 1362
649 1360
650 1359
651 1361
652 1361
653 1361
654 1360
655 1359
656 1359
657 1358
658 1359
659 1357
660 1358
661 1358
662 1357
663 1359
664 1360
665 1355
666 1358
667 1357
668 1355
669 1355
670 1356
671 1356
672 1361
673 1358
674 1357
675 1358
676 1357
677 1358
678 1356
679 1357
680 1355
681 1354
682 1356
683 1352
684 1353
685 1356
686 1356
687 1357
688 1357
689 1357
690 1358
691 1357
692 1353
693 1355
694 1353
695 1357
696 1356
697 1354
698 1356
699 1354
700 1355
701 1356
702 1356
703 1355
704 1355
705 1353
706 1355
707 1354
708 1356
709 1355
710 1355
711 1354
712 1355
713 1357
714 1356
715 1354
716 1355
717 1355
718 1357
719 1357
720 1358
721 1354
722 1353
723 1350
724 1356
725 1355
726 1355
727 1355
728 1357
729 1355
730 1357
731 1358
732 1357
733 1356
734 1355
735 1356
736 1356
737 1356
738 1355
739 1353
740 1357
741 1355
742 1357
743 1351
744 1356
745 1355
746 1356
747 1354
748 1357
749 1357
750 1356
751 1356
752 1355
753 1354
754 1353
755 1354
756 1355
757 1357
758 1355
759 1355
760 1355
761 1356
762 1356
763 1356
764 1356
765 1355
766 1355
767 1355
768 1355
769 1356
770 1357
771 1353
772 1356
773 1357
774 1359
775 1358
776 1356
777 1355
778 1355
779 1353
780 1356
781 1354
782 1358
783 1357
784 1355
785 1353
786 1356
787 1359
788 1359
789 1355
790 1352
791 1354
792 1357
793 1352
794 1357
795 1354
796 1356
797 1357
798 1356
799 1355
800 1355
801 1354
802 1357
803 1354
804 1356
805 1354
806 1355
807 1355
808 1357
809 1353
810 1352
811 1356
812 1358
813 1357
814 1353
815 1358
816 1355
817 1357
818 1356
819 1352
820 1355
821 1357
822 1354
823 1354
824 1355
825 1356
826 1356
827 1356
828 1356
829 1356
830 1354
831 1353
832 1358
833 1355
834 1354
835 1352
836 1356
837 1357
838 1356
839 1355
840 1357
841 1357
842 1357
843 1357
844 1355
845 1356
846 1355
847 1356
848 1356
849 1351
850 1356
851 1353
852 1356
853 1351
854 1353
855 1353
856 1355
857 1354
858 1356
859 1356
860 1357
861 1356
862 1354
863 1355
864 1350
865 1355
866 1353
867 1354
868 1356
869 1356
870 1356
871 1354
872 1358
873 1357
874 1355
875 1355
876 1356
877 1355
878 1356
879 1355
880 1356
881 1357
882 1354
883 1354
884 1356
885 1353
886 1356
887 1357
888 1356
889 1355
890 1354
891 1354
892 1356
893 1353
894 1354
895 1356
896 1356
897 1355
898 1355
899 1353
900 1356
901 1356
902 1354
903 1353
904 1354
905 1356
906 1355
907 1357
908 1357
909 1354
910 1356
911 1352
912 1353
913 1355
914 1354
915 1353
916 1354
917 1357
918 1356
919 1353
920 1354
921 1355
922 1354
923 1355
924 1354
925 1355
926 1357
927 1355
928 1357
929 1357
930 1353
931 1355
932 1355
933 1353
934 1355
935 1355
936 1356
937 1353
938 1356
939 1355
940 1353
941 1354
942 1356
943 1354
944 1354
945 1356
946 1353
947 1351
948 1356
949 1353
950 1353
951 1356
952 1352
953 1354
954 1355
955 1355
956 1356
957 1353
958 1355
959 1354
960 1356
961 1354
962 1356
963 1355
964 1351
965 1353
966 1356
967 1356
968 1354
969 1352
970 1353
971 1356
972 1354
973 1354
974 1353
975 1352
976 1356
977 1353
978 1353
979 1354
980 1355
981 1356
982 1356
983 1359
984 1357
985 1353
986 1353
987 1356
988 1359
989 1357
990 1356
991 1353
992 1355
993 1355
994 1350
995 1355
996 1353
997 1353
998 1353
999 1355
1000 1356
1001 1355
1002 1354
1003 1354
1004 1354
1005 1353
1006 1358
1007 1357
1008 1355
1009 1353
1010 1355
1011 1357
1012 1354
1013 1356
1014 1356
1015 1354
1016 1355
1017 1353
1018 1353
1019 1353
1020 1353
1021 1356
1022 1356
1023 1354
1024 1353
1025 1355
1026 1356
1027 1354
1028 1355
1029 1353
1030 1352
1031 1353
1032 1352
1033 1353
1034 1353
1035 1354
1036 1356
1037 1354
1038 1354
1039 1353
1040 1355
1041 1354
1042 1353
1043 1352
1044 1356
1045 1354
1046 1355
1047 1354
1048 1355
1049 1357
1050 1355
1051 1355
1052 1355
1053 1355
1054 1354
1055 1355
1056 1355
1057 1355
1058 1353
1059 1353
1060 1352
1061 1353
1062 1354
1063 1356
1064 1354
1065 1355
1066 1351
1067 1357
1068 1353
1069 1357
1070 1354
1071 1355
1072 1356
1073 1356
1074 1354
1075 1353
1076 1350
1077 1355
1078 1354
1079 1355
1080 1353
1081 1354
1082 1354
1083 1354
1084 1355
1085 1355
1086 1352
1087 1353
1088 1352
1089 1352
1090 1351
1091 1353
1092 1353
1093 1354
1094 1355
1095 1353
1096 1353
1097 1354
1098 1355
1099 1356
1100 1353
1101 1353
1102 1355
1103 1353
1104 1352
1105 1353
1106 1356
1107 1356
1108 1354
1109 1351
1110 1354
1111 1355
1112 1353
1113 1353
1114 1353
1115 1354
1116 1354
1117 1355
1118 1354
1119 1355
1120 1352
1121 1353
1122 1353
1123 1353
1124 1353
1125 1354
1126 1354
1127 1355
1128 1353
1129 1354
1130 1354
1131 1353
1132 1356
1133 1358
1134 1355
1135 1355
1136 1355
1137 1355
1138 1351
1139 1355
1140 1354
1141 1356
1142 1351
1143 1357
1144 1355
1145 1356
1146 1356
1147 1358
1148 1355
1149 1353
1150 1352
1151 1357
1152 1353
1153 1352
1154 1355
1155 1354
1156 1354
1157 1355
1158 1356
1159 1358
1160 1357
1161 1357
1162 1357
1163 1358
1164 1354
1165 1355
1166 1354
1167 1357
1168 1353
1169 1354
1170 1353
1171 1354
1172 1355
1173 1354
1174 1355
1175 1354
1176 1355
1177 1355
1178 1356
1179 1358
1180 1353
1181 1354
1182 1354
1183 1354
1184 1355
1185 1354
1186 1353
1187 1353
1188 1353
1189 1354
1190 1354
1191 1356
1192 1354
1193 1355
1194 1353
1195 1357
1196 1356
1197 1352
1198 1355
1199 1358
1200 1356
1201 1354
1202 1355
1203 1357
1204 1356
1205 1356
1206 1354
1207 1355
1208 1354
1209 1356
1210 1356
1211 1355
1212 1355
1213 1356
1214 1355
1215 1353
1216 1355
1217 1356
1218 1354
1219 1355
1220 1353
1221 1354
1222 1355
1223 1355
1224 1352
1225 1355
1226 1357
1227 1354
1228 1354
1229 1354
1230 1354
1231 1355
1232 1352
1233 1354
1234 1354
1235 1354
1236 1352
1237 1354
1238 1355
1239 1355
1240 1354
1241 1352
1242 1356
1243 1349
1244 1352
1245 1359
1246 1356
1247 1357
1248 1355
1249 1354
1250 1353
1251 1357
1252 1352
1253 1353
1254 1353
1255 1356
1256 1354
1257 1354
1258 1354
1259 1355
1260 1354
1261 1356
1262 1353
1263 1356
1264 1354
1265 1356
1266 1353
1267 1355
1268 1354
1269 1354
1270 1356
1271 1354
1272 1355
1273 1353
1274 1353
1275 1355
1276 1356
1277 1356
1278 1352
1279 1354
1280 1354
1281 1355
1282 1356
1283 1354
1284 1353
1285 1355
1286 1356
1287 1354
1288 1355
1289 1357
1290 1355
1291 1355
1292 1354
1293 1357
1294 1353
1295 1354
1296 1356
1297 1357
1298 1355
1299 1355
1300 1354
1301 1356
1302 1355
1303 1356
1304 1357
1305 1355
1306 1357
1307 1356
1308 1356
1309 1353
1310 1353
1311 1355
1312 1354
1313 1354
1314 1354
1315 1354
1316 1357
1317 1356
1318 1356
1319 1356
1320 1358
1321 1357
1322 1354
1323 1355
1324 1353
1325 1357
1326 1356
1327 1355
1328 1355
1329 1353
1330 1352
1331 1358
1332 1353
1333 1352
1334 1354
1335 1357
1336 1357
1337 1354
1338 1352
1339 1358
1340 1355
1341 1355
1342 1355
1343 1354
1344 1354
1345 1358
1346 1354
1347 1351
1348 1355
1349 1357
1350 1357
1351 1353
1352 1354
1353 1356
1354 1355
1355 1354
1356 1353
1357 1356
1358 1355
1359 1355
1360 1356
1361 1353
1362 1354
1363 1354
1364 1352
1365 1355
1366 1356
1367 1354
1368 1356
1369 1355
1370 1353
1371 1354
1372 1357
1373 1353
1374 1355
1375 1356
1376 1357
1377 1353
1378 1356
1379 1356
1380 1356
1381 1357
1382 1356
1383 1356
1384 1355
1385 1354
1386 1354
1387 1352
1388 1356
1389 1356
1390 1355
1391 1352
1392 1356
1393 1355
1394 1355
1395 1357
1396 1355
1397 1355
1398 1356
1399 1355
1400 1354
1401 1355
1402 1357
1403 1355
1404 1355
1405 1353
1406 1352
1407 1355
1408 1354
1409 1356
1410 1356
1411 1356
1412 1352
1413 1357
1414 1356
1415 1355
1416 1358
1417 1356
1418 1355
1419 1355
1420 1355
1421 1358
1422 1356
1423 1358
1424 1354
1425 1354
1426 1356
1427 1357
1428 1356
1429 1353
1430 1355
1431 1357
1432 1355
1433 1356
1434 1355
1435 1356
1436 1355
1437 1357
1438 1354
1439 1355
1440 1355
1441 1357
1442 1353
1443 1356
1444 1354
1445 1357
1446 1354
1447 1358
1448 1354
1449 1356
1450 1355
1451 1356
1452 1355
1453 1351
1454 1351
1455 1352
1456 1355
1457 1353
1458 1354
1459 1355
1460 1352
1461 1356
1462 1355
1463 1355
1464 1354
1465 1356
1466 1356
1467 1358
1468 1354
1469 1356
1470 1354
1471 1354
1472 1355
1473 1357
1474 1356
1475 1357
1476 1357
1477 1355
1478 1354
1479 1359
1480 1354
1481 1357
1482 1355
1483 1353
1484 1355
1485 1356
1486 1355
1487 1355
1488 1354
1489 1351
1490 1351
1491 1352
1492 1352
1493 1353
1494 1352
1495 1355
1496 1354
1497 1354
1498 1357
1499 1353
1500 1356
1501 1356
1502 1354
1503 1355
1504 1356
1505 1353
1506 1356
1507 1357
1508 1355
1509 1353
1510 1351
1511 1354
1512 1355
1513 1357
1514 1356
1515 1356
1516 1354
1517 1354
1518 1354
1519 1353
1520 1355
1521 1357
1522 1355
1523 1356
1524 1355
1525 1356
1526 1358
1527 1357
1528 1356
1529 1357
1530 1356
1531 1354
1532 1354
1533 1353
1534 1353
1535 1355
1536 1354
1537 1354
1538 1354
1539 1355
1540 1359
1541 1357
1542 1355
1543 1353
1544 1354
1545 1353
1546 1354
1547 1354
1548 1353
1549 1353
1550 1353
1551 1355
1552 1354
1553 1355
1554 1354
1555 1356
1556 1353
1557 1353
1558 1352
1559 1355
1560 1357
1561 1357
1562 1354
1563 1353
1564 1356
1565 1355
1566 1355
1567 1353
1568 1355
1569 1355
1570 1355
1571 1358
1572 1356
1573 1355
1574 1355
1575 1356
1576 1356
1577 1356
1578 1354
1579 1356
1580 1355
1581 1355
1582 1353
1583 1353
1584 1355
1585 1354
1586 1351
1587 1355
1588 1353
1589 1357
1590 1355
1591 1357
1592 1354
1593 1356
1594 1357
1595 1355
1596 1356
1597 1356
1598 1356
1599 1355
1600 1356
1601 1355
1602 1356
1603 1354
1604 1353
1605 1354
1606 1354
1607 1356
1608 1354
1609 1354
1610 1352
1611 1355
1612 1351
1613 1357
1614 1355
1615 1357
1616 1356
1617 1358
1618 1353
1619 1357
1620 1353
1621 1356
1622 1358
1623 1356
1624 1357
1625 1355
1626 1354
1627 1353
1628 1355
1629 1353
1630 1354
1631 1358
1632 1355
1633 1355
1634 1354
1635 1357
1636 1354
1637 1356
1638 1351
1639 1356
1640 1354
1641 1356
1642 1356
1643 1354
1644 1355
1645 1356
1646 1353
1647 1357
1648 1354
1649 1355
1650 1353
1651 1355
1652 1354
1653 1357
1654 1355
1655 1356
1656 1356
1657 1353
1658 1353
1659 1356
1660 1354
1661 1357
1662 1356
1663 1357
1664 1353
1665 1355
1666 1353
1667 1355
1668 1356
1669 1356
1670 1354
1671 1354
1672 1356
1673 1355
1674 1355
1675 1355
1676 1353
1677 1356
1678 1354
1679 1355
1680 1354
1681 1354
1682 1352
1683 1355
1684 1354
1685 1356
1686 1355
1687 1355
1688 1356
1689 1351
1690 1355
1691 1358
1692 1359
1693 1357
1694 1356
1695 1356
1696 1352
1697 1355
1698 1355
1699 1355
1700 1353
1701 1354
1702 1354
1703 1356
1704 1350
1705 1357
1706 1355
1707 1352
1708 1352
1709 1355
1710 1355
1711 1356
1712 1354
1713 1356
1714 1354
1715 1357
1716 1352
1717 1355
1718 1355
1719 1356
1720 1355
1721 1357
1722 1355
1723 1355
1724 1352
1725 1358
1726 1356
1727 1353
1728 1353
1729 1355
1730 1354
1731 1355
1732 1356
1733 1354
1734 1352
1735 1356
1736 1354
1737 1355
1738 1352
1739 1355
1740 1356
1741 1356
1742 1357
1743 1353
1744 1356
1745 1357
1746 1355
1747 1357
1748 1356
1749 1357
1750 1356
1751 1356
1752 1356
1753 1354
1754 1356
1755 1357
1756 1358
1757 1357
1758 1355
1759 1354
1760 1353
1761 1355
1762 1354
1763 1354
1764 1354
1765 1354
1766 1355
1767 1356
1768 1354
1769 1353
1770 1353
1771 1354
1772 1355
1773 1354
1774 1356
1775 1355
1776 1356
1777 1357
1778 1356
1779 1358
1780 1353
1781 1354
1782 1355
1783 1353
1784 1352
1785 1354
1786 1353
1787 1356
1788 1355
1789 1356
1790 1354
1791 1353
1792 1351
1793 1355
1794 1355
1795 1356
1796 1352
1797 1357
1798 1355
1799 1353
1800 1354
1801 1354
1802 1355
1803 1354
1804 1353
1805 1353
1806 1355
1807 1357
1808 1355
1809 1356
1810 1355
1811 1355
1812 1354
1813 1355
1814 1356
1815 1355
1816 1354
1817 1354
1818 1353
1819 1355
1820 1355
1821 1356
1822 1352
1823 1354
1824 1354
1825 1356
1826 1353
1827 1356
1828 1356
1829 1355
1830 1352
1831 1354
1832 1354
1833 1356
1834 1357
1835 1356
1836 1356
1837 1356
1838 1353
1839 1352
1840 1356
1841 1355
1842 1355
1843 1355
1844 1354
1845 1356
1846 1353
1847 1355
1848 1354
1849 1356
1850 1354
1851 1355
1852 1355
1853 1356
1854 1352
1855 1353
1856 1356
1857 1353
1858 1356
1859 1355
1860 1354
1861 1356
1862 1355
1863 1353
1864 1354
1865 1356
1866 1356
1867 1356
1868 1357
1869 1353
1870 1356
1871 1352
1872 1355
1873 1353
1874 1355
1875 1357
1876 1356
1877 1354
1878 1353
1879 1355
1880 1354
1881 1354
1882 1355
1883 1354
1884 1353
1885 1352
1886 1352
1887 1351
1888 1353
1889 1353
1890 1354
1891 1353
1892 1356
1893 1354
1894 1355
1895 1357
1896 1355
1897 1355
1898 1355
1899 1353
1900 1354
1901 1355
1902 1356
1903 1353
1904 1357
1905 1353
1906 1356
1907 1357
1908 1354
1909 1355
1910 1354
1911 1356
1912 1356
1913 1355
1914 1357
1915 1354
1916 1356
1917 1354
1918 1356
1919 1357
1920 1355
1921 1355
1922 1353
1923 1353
1924 1355
1925 1355
1926 1357
1927 1355
1928 1355
1929 1357
1930 1355
1931 1357
1932 1356
1933 1354
1934 1356
1935 1357
1936 1356
1937 1353
1938 1355
1939 1354
1940 1355
1941 1356
1942 1355
1943 1352
1944 1354
1945 1354
1946 1354
1947 1357
1948 1356
1949 1353
1950 1355
1951 1355
1952 1354
1953 1354
1954 1353
1955 1354
1956 1356
1957 1357
1958 1356
1959 1357
1960 1357
1961 1357
1962 1355
1963 1355
1964 1355
1965 1351
1966 1355
1967 1355
1968 1356
1969 1357
1970 1355
1971 1358
1972 1356
1973 1355
1974 1356
1975 1353
1976 1356
1977 1354
1978 1354
1979 1354
1980 1355
1981 1356
1982 1352
1983 1355
1984 1353
1985 1355
1986 1356
1987 1355
1988 1350
1989 1350
1990 1356
1991 1354
1992 1355
1993 1354
1994 1356
1995 1354
1996 1354
1997 1355
1998 1355
1999 1354
2000 1355
2001 1353
2002 1354
2003 1354
2004 1356
2005 1355
2006 1353
2007 1355
2008 1356
2009 1356
2010 1354
2011 1356
2012 1353
2013 1353
2014 1355
2015 1356
2016 1355
2017 1352
2018 1353
2019 1355
2020 1355
2021 1354
2022 1357
2023 1358
2024 1356
2025 1356
2026 1354
2027 1353
2028 1355
2029 1355
2030 1353
2031 1354
2032 1354
2033 1354
2034 1355
2035 1355
2036 1353
2037 1355
2038 1353
2039 1356
2040 1356
2041 1356
2042 1355
2043 1353
2044 1355
2045 1357
2046 1354
2047 1355
2048 1355
2049 1356
2050 1356
2051 1354
2052 1353
2053 1354
2054 1355
2055 1355
2056 1353
2057 1357
2058 1356
2059 1354
2060 1355
2061 1356
2062 1356
2063 1354
2064 1355
2065 1355
2066 1354
2067 1353
2068 1355
2069 1355
2070 1355
2071 1355
2072 1354
2073 1352
2074 1356
2075 1356
2076 1356
2077 1357
2078 1354
2079 1352
2080 1353
2081 1356
2082 1354
2083 1355
2084 1354
2085 1355
2086 1354
2087 1356
2088 1353
2089 1358
2090 1355
2091 1359
2092 1355
2093 1354
2094 1355
2095 1354
2096 1353
2097 1352
2098 1354
2099 1355
2100 1355
2101 1354
2102 1354
2103 1357
2104 1356
2105 1357
2106 1354
2107 1355
2108 1354
2109 1354
2110 1356
2111 1357
2112 1352
2113 1353
2114 1356
2115 1356
2116 1357
2117 1356
2118 1355
2119 1354
2120 1353
2121 1355
2122 1356
2123 1355
2124 1354
2125 1354
2126 1355
2127 1356
2128 1355
2129 1355
2130 1353
2131 1353
2132 1352
2133 1355
2134 1356
2135 1354
2136 1355
2137 1354
2138 1352
2139 1355
2140 1353
2141 1356
2142 1356
2143 1356
2144 1354
2145 1359
2146 1356
2147 1356
2148 1354
2149 1355
2150 1353
2151 1353
2152 1353
2153 1358
2154 1355
2155 1355
2156 1354
2157 1356
2158 1352
2159 1355
2160 1356
2161 1353
2162 1356
2163 1358
2164 1353
2165 1357
2166 1356
2167 1357
2168 1354
2169 1350
2170 1354
2171 1357
2172 1354
2173 1350
2174 1354
2175 1357
2176 1352
2177 1352
2178 1352
2179 1356
2180 1356
2181 1356
2182 1355
2183 1355
2184 1357
2185 1354
2186 1358
2187 1356
2188 1354
2189 1356
2190 1356
2191 1353
2192 1354
2193 1355
2194 1354
2195 1351
2196 1354
2197 1357
2198 1356
2199 1356
2200 1355
2201 1355
2202 1356
2203 1354
2204 1353
2205 1355
2206 1356
2207 1356
2208 1357
2209 1356
2210 1357
2211 1355
2212 1355
2213 1352
2214 1354
2215 1356
2216 1355
2217 1353
2218 1352
2219 1355
2220 1356
2221 1354
2222 1356
2223 1353
2224 1354
2225 1357
2226 1356
2227 1355
2228 1352
2229 1354
2230 1357
2231 1356
2232 1353
2233 1353
2234 1352
2235 1356
2236 1356
2237 1354
2238 1355
2239 1354
2240 1356
2241 1355
2242 1354
2243 1354
2244 1354
2245 1354
2246 1356
2247 1356
2248 1353
2249 1355
2250 1355
2251 1354
2252 1355
2253 1352
2254 1353
2255 1355
2256 1353
2257 1356
2258 1355
2259 1354
2260 1352
2261 1355
2262 1353
2263 1355
2264 1355
2265 1355
2266 1355
2267 1355
2268 1356
2269 1357
2270 1355
2271 1354
2272 1355
2273 1352
2274 1354
2275 1354
2276 1355
2277 1356
2278 1354
2279 1354
2280 1355
2281 1353
2282 1357
2283 1352
2284 1357
2285 1355
2286 1356
2287 1355
2288 1353
2289 1355
2290 1352
2291 1357
2292 1357
2293 1357
2294 1357
2295 1354
2296 1356
2297 1354
2298 1353
2299 1356
2300 1357
2301 1355
2302 1353
2303 1356
2304 1357
2305 1354
2306 1354
2307 1353
2308 1356
2309 1356
2310 1355
2311 1354
2312 1352
2313 1351
2314 1354
2315 1356
2316 1355
2317 1355
2318 1355
2319 1356
2320 1353
2321 1355
2322 1352
2323 1354
2324 1355
2325 1355
2326 1357
2327 1355
2328 1357
2329 1356
2330 1356
2331 1353
2332 1360
2333 1355
2334 1354
2335 1356
2336 1356
2337 1355
2338 1356
2339 1356
2340 1357
2341 1357
2342 1355
2343 1354
2344 1355
2345 1355
2346 1353
2347 1355
2348 1354
2349 1353
2350 1356
2351 1354
2352 1354
2353 1356
2354 1354
2355 1353
2356 1353
2357 1354
2358 1355
2359 1357
2360 1353
2361 1353
2362 1355
2363 1356
2364 1357
2365 1356
2366 1356
2367 1353
2368 1356
2369 1355
2370 1356
2371 1357
2372 1354
2373 1354
2374 1356
2375 1353
2376 1356
2377 1356
2378 1356
2379 1355
2380 1356
2381 1354
2382 1351
2383 1357
2384 1358
2385 1356
2386 1356
2387 1356
2388 1355
2389 1353
2390 1356
2391 1356
2392 1356
2393 1351
2394 1354
2395 1353
2396 1355
2397 1360
2398 1355
2399 1352
2400 1356
2401 1357
2402 1355
2403 1354
2404 1354
2405 1353
2406 1352
2407 1354
2408 1354
2409 1354
2410 1352
2411 1353
2412 1354
2413 1355
2414 1354
2415 1359
2416 1361
2417 1356
2418 1354
2419 1354
2420 1353
2421 1355
2422 1355
2423 1354
2424 1358
2425 1354
2426 1355
2427 1355
2428 1353
2429 1353
2430 1355
2431 1354
2432 1353
2433 1354
2434 1353
2435 1351
2436 1353
2437 1356
2438 1355
2439 1352
2440 1354
2441 1357
2442 1357
2443 1355
2444 1353
2445 1354
2446 1354
2447 1356
2448 1356
2449 1354
2450 1354
2451 1356
2452 1354
2453 1353
2454 1358
2455 1356
2456 1353
2457 1350
2458 1355
2459 1354
2460 1355
2461 1355
2462 1354
2463 1356
2464 1356
2465 1354
2466 1356
2467 1352
2468 1356
2469 1356
2470 1354
2471 1353
2472 1354
2473 1354
2474 1355
2475 1352
2476 1354
2477 1355
2478 1356
2479 1357
2480 1356
2481 1354
2482 1357
2483 1355
2484 1355
2485 1356
2486 1357
2487 1353
2488 1356
2489 1352
2490 1355
2491 1357
2492 1356
2493 1356
2494 1356
2495 1355
2496 1354
2497 1351
2498 1353
2499 1354
2500 1354
2501 1354
2502 1354
2503 1353
2504 1353
2505 1355
2506 1357
2507 1353
2508 1355
2509 1356
2510 1356
2511 1355
2512 1352
2513 1355
2514 1353
2515 1357
2516 1353
2517 1352
2518 1355
2519 1355
2520 1355
2521 1354
2522 1353
2523 1356
2524 1355
2525 1353
2526 1352
2527 1352
2528 1354
2529 1355
2530 1354
2531 1353
2532 1352
2533 1354
2534 1357
2535 1353
2536 1354
2537 1353
2538 1356
2539 1353
2540 1355
2541 1355
2542 1355
2543 1355
2544 1355
2545 1355
2546 1357
2547 1351
2548 1352
2549 1353
2550 1354
2551 1355
2552 1356
2553 1354
2554 1355
2555 1356
2556 1358
2557 1355
2558 1357
2559 1356
2560 1356
2561 1355
2562 1356
2563 1356
2564 1354
2565 1354
2566 1356
2567 1352
2568 1352
2569 1351
2570 1355
2571 1357
2572 1355
2573 1353
2574 1356
2575 1356
2576 1356
2577 1353
2578 1354
2579 1356
2580 1359
2581 1355
2582 1354
2583 1355
2584 1356
2585 1354
2586 1356
2587 1356
2588 1353
2589 1354
2590 1355
2591 1353
2592 1356
2593 1354
2594 1354
2595 1353
2596 1356
2597 1354
2598 1355
2599 1354
2600 1354
2601 1353
2602 1353
2603 1356
2604 1356
2605 1354
2606 1357
2607 1355
2608 1356
2609 1353
2610 1355
2611 1355
2612 1355
2613 1356
2614 1354
2615 1356
2616 1356
2617 1354
2618 1356
2619 1354
2620 1355
2621 1357
2622 1354
2623 1353
2624 1356
2625 1353
2626 1357
2627 1356
2628 1355
2629 1355
2630 1354
2631 1356
2632 1354
2633 1357
2634 1355
2635 1355
2636 1356
2637 1356
2638 1357
2639 1356
2640 1353
2641 1355
2642 1353
2643 1353
2644 1356
2645 1354
2646 1356
2647 1353
2648 1354
2649 1355
2650 1354
2651 1353
2652 1355
2653 1354
2654 1355
2655 1354
2656 1355
2657 1355
2658 1353
2659 1355
2660 1354
2661 1353
2662 1354
2663 1358
2664 1358
2665 1358
2666 1355
2667 1356
2668 1354
2669 1354
2670 1355
2671 1353
2672 1354
2673 1355
2674 1356
2675 1355
2676 1354
2677 1356
2678 1353
2679 1356
2680 1354
2681 1353
2682 1353
2683 1353
2684 1353
2685 1354
2686 1353
2687 1355
2688 1356
2689 1356
2690 1354
2691 1357
2692 1356
2693 1354
2694 1356
2695 1351
2696 1355
2697 1354
2698 1356
2699 1354
2700 1356
2701 1355
2702 1356
2703 1355
2704 1356
2705 1354
2706 1354
2707 1356
2708 1356
2709 1356
2710 1356
2711 1356
2712 1356
2713 1353
2714 1355
2715 1350
2716 1356
2717 1354
2718 1354
2719 1354
2720 1356
2721 1357
2722 1354
2723 1352
2724 1354
2725 1354
2726 1356
2727 1352
2728 1356
2729 1356
2730 1353
2731 1353
2732 1356
2733 1356
2734 1356
2735 1356
2736 1356
2737 1354
2738 1354
2739 1355
2740 1353
2741 1354
2742 1355
2743 1353
2744 1354
2745 1355
2746 1356
2747 1354
2748 1354
2749 1354
2750 1359
2751 1356
2752 1356
2753 1356
2754 1358
2755 1356
2756 1358
2757 1357
2758 1356
2759 1357
2760 1355
2761 1357
2762 1356
2763 1355
2764 1356
2765 1353
2766 1354
2767 1355
2768 1356
2769 1354
2770 1355
2771 1353
2772 1353
2773 1355
2774 1355
2775 1354
2776 1355
2777 1357
2778 1354
2779 1353
2780 1354
2781 1353
2782 1355
2783 1355
2784 1356
2785 1355
2786 1354
2787 1352
2788 1354
2789 1353
2790 1356
2791 1357
2792 1356
2793 1355
2794 1355
2795 1354
2796 1355
2797 1354
2798 1357
2799 1353
2800 1356
2801 1353
2802 1352
2803 1355
2804 1355
2805 1357
2806 1354
2807 1353
2808 1356
2809 1354
2810 1353
2811 1357
2812 1352
2813 1355
2814 1355
2815 1354
2816 1356
2817 1353
2818 1355
2819 1355
2820 1354
2821 1355
2822 1356
2823 1355
2824 1356
2825 1356
2826 1355
2827 1356
2828 1355
2829 1355
2830 1354
2831 1357
2832 1352
2833 1355
2834 1354
2835 1355
2836 1355
2837 1355
2838 1354
2839 1354
2840 1354
2841 1354
2842 1358
2843 1356
2844 1358
2845 1354
2846 1355
2847 1352
2848 1354
2849 1354
2850 1358
2851 1356
2852 1355
2853 1357
2854 1354
2855 1357
2856 1356
2857 1358
2858 1354
2859 1355
2860 1357
2861 1358
2862 1356
2863 1357
2864 1353
2865 1351
2866 1355
2867 1353
2868 1356
2869 1357
2870 1357
2871 1358
2872 1354
2873 1355
2874 1356
2875 1353
2876 1356
2877 1355
2878 1356
2879 1356
2880 1355
2881 1355
2882 1355
2883 1354
2884 1357
2885 1353
2886 1356
2887 1355
2888 1354
2889 1354
2890 1352
2891 1352
2892 1355
2893 1354
2894 1354
2895 1353
2896 1354
2897 1357
2898 1357
2899 1355
2900 1354
2901 1355
2902 1355
2903 1356
2904 1355
2905 1355
2906 1356
2907 1354
2908 1356
2909 1355
2910 1354
2911 1353
2912 1354
2913 1356
2914 1355
2915 1353
2916 1355
2917 1354
2918 1354
2919 1357
2920 1356
2921 1354
2922 1354
2923 1354
2924 1353
2925 1350
2926 1355
2927 1355
2928 1355
2929 1354
2930 1354
2931 1358
2932 1358
2933 1356
2934 1355
2935 1355
2936 1354
2937 1356
2938 1357
2939 1356
2940 1355
2941 1353
2942 1353
2943 1354
2944 1355
2945 1353
2946 1354
2947 1353
2948 1352
2949 1355
2950 1358
2951 1354
2952 1353
2953 1353
2954 1353
2955 1353
2956 1354
2957 1353
2958 1355
2959 1355
2960 1357
2961 1356
2962 1356
2963 1355
2964 1357
2965 1353
2966 1354
2967 1354
2968 1355
2969 1358
2970 1355
2971 1355
2972 1355
2973 1356
2974 1353
2975 1354
2976 1356
2977 1357
2978 1354
2979 1356
2980 1356
2981 1356
2982 1355
2983 1356
2984 1354
2985 1355
2986 1352
2987 1354
2988 1354
2989 1354
2990 1354
2991 1355
2992 1354
2993 1353
2994 1353
2995 1355
2996 1355
2997 1357
2998 1355
2999 1355
3000 1357
3001 1356
3002 1354
3003 1353
3004 1356
3005 1355
3006 1353
3007 1354
3008 1356
3009 1358
3010 1354
3011 1354
3012 1354
3013 1359
3014 1354
3015 1354
3016 1353
3017 1354
3018 1356
3019 1353
3020 1352
3021 1356
3022 1356
3023 1355
3024 1353
3025 1355
3026 1356
3027 1357
3028 1355
3029 1352
3030 1354
3031 1355
3032 1354
3033 1352
3034 1356
3035 1358
3036 1356
3037 1356
3038 1354
3039 1354
3040 1354
3041 1351
3042 1349
3043 1350
3044 1354
3045 1353
3046 1354
3047 1352
3048 1351
3049 1356
3050 1353
3051 1354
3052 1355
3053 1356
3054 1355
3055 1355
3056 1351
3057 1353
3058 1353
3059 1353
3060 1354
3061 1356
3062 1355
3063 1359
3064 1354
3065 1357
3066 1356
3067 1356
3068 1354
3069 1355
3070 1354
3071 1355
3072 1351
3073 1354
3074 1356
3075 1355
3076 1354
3077 1355
3078 1351
3079 1353
3080 1355
3081 1351
3082 1352
3083 1353
3084 1356
3085 1353
3086 1353
3087 1356
3088 1356
3089 1358
3090 1356
3091 1355
3092 1356
3093 1352
3094 1355
3095 1357
3096 1356
3097 1353
3098 1355
3099 1356
3100 1356
3101 1354
3102 1354
3103 1357
3104 1356
3105 1353
3106 1357
3107 1356
3108 1357
3109 1355
3110 1357
3111 1355
3112 1356
3113 1357
3114 1356
3115 1355
3116 1354
3117 1355
3118 1355
3119 1353
3120 1358
3121 1355
3122 1356
3123 1356
3124 1355
3125 1358
3126 1355
3127 1356
3128 1356
3129 1355
3130 1356
3131 1357
3132 1353
3133 1354
3134 1352
3135 1357
3136 1353
3137 1356
3138 1355
3139 1354
3140 1355
3141 1354
3142 1354
3143 1354
3144 1354
3145 1351
3146 1351
3147 1355
3148 1355
3149 1355
3150 1354
3151 1356
3152 1355
3153 1355
3154 1356
3155 1355
3156 1356
3157 1357
3158 1357
3159 1353
3160 1355
3161 1354
3162 1353
3163 1352
3164 1354
3165 1355
3166 1353
3167 1354
3168 1355
3169 1352
3170 1354
3171 1357
3172 1356
3173 1353
3174 1356
3175 1356
3176 1356
3177 1353
3178 1357
3179 1357
3180 1356
3181 1355
3182 1356
3183 1355
3184 1358
3185 1353
3186 1353
3187 1357
3188 1354
3189 1354
3190 1353
3191 1354
3192 1354
3193 1353
3194 1354
3195 1353
3196 1356
3197 1355
3198 1356
3199 1356
3200 1354
3201 1354
3202 1354
3203 1356
3204 1356
3205 1356
3206 1355
3207 1353
3208 1357
3209 1353
3210 1354
3211 1355
3212 1357
3213 1354
3214 1356
3215 1356
3216 1356
3217 1357
3218 1355
3219 1354
3220 1353
3221 1352
3222 1356
3223 1354
3224 1353
3225 1353
3226 1354
3227 1353
3228 1354
3229 1354
3230 1357
3231 1355
3232 1356
3233 1353
3234 1354
3235 1355
3236 1356
3237 1353
3238 1355
3239 1355
3240 1353
3241 1354
3242 1357
3243 1357
3244 1357
3245 1357
3246 1354
3247 1357
3248 1356
3249 1354
3250 1356
3251 1357
3252 1357
3253 1357
3254 1356
3255 1355
3256 1353
3257 1354
3258 1356
3259 1355
3260 1355
3261 1355
3262 1357
3263 1356
3264 1355
3265 1356
3266 1359
3267 1356
3268 1356
3269 1358
3270 1358
3271 1358
3272 1355
3273 1356
3274 1357
3275 1357
3276 1357
3277 1355
3278 1356
3279 1358
3280 1355
3281 1355
3282 1356
3283 1355
3284 1356
3285 1353
3286 1356
3287 1354
3288 1355
3289 1354
3290 1357
3291 1357
3292 1352
3293 1357
3294 1357
3295 1355
3296 1354
3297 1354
3298 1354
3299 1354
3300 1353
3301 1357
3302 1354
3303 1355
3304 1353
3305 1354
3306 1359
3307 1355
3308 1358
3309 1356
3310 1355
3311 1353
3312 1354
3313 1354
3314 1355
3315 1357
3316 1355
3317 1356
3318 1356
3319 1357
3320 1356
3321 1357
3322 1354
3323 1356
3324 1356
3325 1354
3326 1354
3327 1354
3328 1355
3329 1352
3330 1353
3331 1356
3332 1353
3333 1356
3334 1355
3335 1357
3336 1354
3337 1357
3338 1354
3339 1356
3340 1356
3341 1355
3342 1357
3343 1355
3344 1355
3345 1353
3346 1354
3347 1354
3348 1354
3349 1352
3350 1355
3351 1353
3352 1354
3353 1356
3354 1354
3355 1356
3356 1353
3357 1355
3358 1353
3359 1354
3360 1356
3361 1355
3362 1354
3363 1356
3364 1356
3365 1355
3366 1354
3367 1354
3368 1354
3369 1355
3370 1356
3371 1357
3372 1357
3373 1355
3374 1356
3375 1352
3376 1354
3377 1355
3378 1354
3379 1355
3380 1356
3381 1353
3382 1356
3383 1353
3384 1357
3385 1355
3386 1357
3387 1353
3388 1354
3389 1354
3390 1357
3391 1352
3392 1353
3393 1355
3394 1359
3395 1357
3396 1352
3397 1357
3398 1352
3399 1352
3400 1356
3401 1357
3402 1354
3403 1354
3404 1352
3405 1356
3406 1356
3407 1353
3408 1356
3409 1355
3410 1356
3411 1356
3412 1356
3413 1357
3414 1357
3415 1356
3416 1356
3417 1355
3418 1354
3419 1354
3420 1356
3421 1355
3422 1355
3423 1355
3424 1356
3425 1359
3426 1357
3427 1356
3428 1356
3429 1354
3430 1355
3431 1357
3432 1355
3433 1354
3434 1355
3435 1353
3436 1354
3437 1355
3438 1355
3439 1355
3440 1353
3441 1356
3442 1356
3443 1354
3444 1356
3445 1357
3446 1356
3447 1354
3448 1353
3449 1355
3450 1354
3451 1354
3452 1353
3453 1351
3454 1355
3455 1355
3456 1356
3457 1356
3458 1356
3459 1353
3460 1355
3461 1355
3462 1357
3463 1356
3464 1354
3465 1353
3466 1354
3467 1357
3468 1356
3469 1357
3470 1356
3471 1354
3472 1355
3473 1355
3474 1354
3475 1356
3476 1355
3477 1352
3478 1352
3479 1354
3480 1354
3481 1357
3482 1354
3483 1355
3484 1355
3485 1355
3486 1353
3487 1355
3488 1354
3489 1355
3490 1354
3491 1354
3492 1353
3493 1356
3494 1354
3495 1352
3496 1354
3497 1353
3498 1355
3499 1357
3500 1354
3501 1354
3502 1352
3503 1352
3504 1353
3505 1355
3506 1355
3507 1355
3508 1355
3509 1354
3510 1353
3511 1354
3512 1354
3513 1355
3514 1353
3515 1355
3516 1356
3517 1356
3518 1355
3519 1350
3520 1353
3521 1356
3522 1355
3523 1355
3524 1355
3525 1356
3526 1354
3527 1358
3528 1355
3529 1354
3530 1355
3531 1355
3532 1353
3533 1353
3534 1355
3535 1354
3536 1355
3537 1354
3538 1354
3539 1353
3540 1353
3541 1357
3542 1356
3543 1357
3544 1353
3545 1354
3546 1356
3547 1357
3548 1358
3549 1356
3550 1355
3551 1354
3552 1357
3553 1356
3554 1356
3555 1355
3556 1357
3557 1353
3558 1354
3559 1355
3560 1354
3561 1356
3562 1355
3563 1355
3564 1355
3565 1353
3566 1354
3567 1356
3568 1356
3569 1353
3570 1357
3571 1357
3572 1354
3573 1355
3574 1355
3575 1355
3576 1356
3577 1355
3578 1356
3579 1353
3580 1356
3581 1356
3582 1354
3583 1355
3584 1352
3585 1355
3586 1352
3587 1354
3588 1356
3589 1353
3590 1353
3591 1355
3592 1354
3593 1353
3594 1355
3595 1354
3596 1354
3597 1354
3598 1354
3599 1353
3600 1355
3601 1354
3602 1355
3603 1354
3604 1354
3605 1355
3606 1354
3607 1354
3608 1356
3609 1357
3610 1355
3611 1353
3612 1353
3613 1354
3614 1354
3615 1356
3616 1356
3617 1355
3618 1355
3619 1353
3620 1355
3621 1357
3622 1356
3623 1355
3624 1355
3625 1356
3626 1354
3627 1355
3628 1355
3629 1354
3630 1354
3631 1354
3632 1354
3633 1353
3634 1355
3635 1355
3636 1354
3637 1353
3638 1355
3639 1351
3640 1355
3641 1354
3642 1354
3643 1352
3644 1354
3645 1352
3646 1356
3647 1355
3648 1355
3649 1355
3650 1355
3651 1355
3652 1353
3653 1355
3654 1354
3655 1353
3656 1353
3657 1354
3658 1352
3659 1353
3660 1357
3661 1357
3662 1354
3663 1351
3664 1354
3665 1356
3666 1355
3667 1355
3668 1355
3669 1354
3670 1353
3671 1353
3672 1356
3673 1355
3674 1353
3675 1353
3676 1356
3677 1353
3678 1355
3679 1354
3680 1356
3681 1352
3682 1353
3683 1353
3684 1353
3685 1355
3686 1356
3687 1355
3688 1353
3689 1355
3690 1356
3691 1356
3692 1354
3693 1352
3694 1355
3695 1358
3696 1358
3697 1359
3698 1356
3699 1355
3700 1354
3701 1357
3702 1357
3703 1354
3704 1355
3705 1355
3706 1353
3707 1355
3708 1354
3709 1353
3710 1356
3711 1354
3712 1353
3713 1354
3714 1355
3715 1355
3716 1356
3717 1356
3718 1356
3719 1356
3720 1357
3721 1355
3722 1355
3723 1355
3724 1356
3725 1356
3726 1353
3727 1354
3728 1356
3729 1357
3730 1356
3731 1355
3732 1358
3733 1357
3734 1354
3735 1355
3736 1355
3737 1352
3738 1354
3739 1354
3740 1355
3741 1355
3742 1353
3743 1354
3744 1356
3745 1354
3746 1353
3747 1357
3748 1354
3749 1356
3750 1355
3751 1354
3752 1355
3753 1355
3754 1356
3755 1354
3756 1354
3757 1355
3758 1357
3759 1356
3760 1355
3761 1354
3762 1355
3763 1353
3764 1354
3765 1357
3766 1358
3767 1355
3768 1355
3769 1353
3770 1354
3771 1356
3772 1356
3773 1356
3774 1354
3775 1355
3776 1354
3777 1353
3778 1354
3779 1353
3780 1355
3781 1356
3782 1355
3783 1351
3784 1351
3785 1353
3786 1353
3787 1356
3788 1354
3789 1355
3790 1352
3791 1353
3792 1356
3793 1356
3794 1355
3795 1353
3796 1354
3797 1355
3798 1354
3799 1357
3800 1359
3801 1355
3802 1355
3803 1354
3804 1354
3805 1356
3806 1353
3807 1357
3808 1354
3809 1355
3810 1352
3811 1356
3812 1356
3813 1354
3814 1353
3815 1353
3816 1353
3817 1352
3818 1356
3819 1355
3820 1357
3821 1357
3822 1356
3823 1357
3824 1354
3825 1356
3826 1356
3827 1354
3828 1356
3829 1358
3830 1357
3831 1356
3832 1354
3833 1354
3834 1354
3835 1354
3836 1352
3837 1355
3838 1356
3839 1356
3840 1354
3841 1353
3842 1356
3843 1356
3844 1356
3845 1354
3846 1352
3847 1353
3848 1356
3849 1356
3850 1353
3851 1356
3852 1355
3853 1353
3854 1355
3855 1353
3856 1356
3857 1356
3858 1354
3859 1356
3860 1357
3861 1356
3862 1356
3863 1355
3864 1351
3865 1355
3866 1353
3867 1354
3868 1351
3869 1355
3870 1354
3871 1356
3872 1355
3873 1353
3874 1355
3875 1356
3876 1356
3877 1354
3878 1353
3879 1352
3880 1356
3881 1355
3882 1354
3883 1356
3884 1355
3885 1356
3886 1355
3887 1357
3888 1355
3889 1357
3890 1353
3891 1354
3892 1353
3893 1354
3894 1355
3895 1355
3896 1355
3897 1354
3898 1353
3899 1354
3900 1354
3901 1356
3902 1354
3903 1352
3904 1356
3905 1354
3906 1353
3907 1355
3908 1354
3909 1355
3910 1357
3911 1358
3912 1356
3913 1357
3914 1355
3915 1354
3916 1354
3917 1355
3918 1354
3919 1357
3920 1357
3921 1357
3922 1354
3923 1357
3924 1356
3925 1356
3926 1355
3927 1353
3928 1354
3929 1356
3930 1355
3931 1356
3932 1355
3933 1355
3934 1354
3935 1355
3936 1354
3937 1354
3938 1353
3939 1354
3940 1354
3941 1355
3942 1356
3943 1357
3944 1354
3945 1357
3946 1355
3947 1354
3948 1356
3949 1357
3950 1356
3951 1356
3952 1356
3953 1357
3954 1357
3955 1357
3956 1355
3957 1355
3958 1354
3959 1355
3960 1356
3961 1354
3962 1352
3963 1353
3964 1355
3965 1354
3966 1354
3967 1353
3968 1355
3969 1356
3970 1358
3971 1357
3972 1354
3973 1354
3974 1357
3975 1357
3976 1356
3977 1354
3978 1353
3979 1355
3980 1356
3981 1354
3982 1352
3983 1357
3984 1354
3985 1355
3986 1356
3987 1356
3988 1357
3989 1358
3990 1356
3991 1356
3992 1351
3993 1354
3994 1352
3995 1354
3996 1358
3997 1357
3998 1351
3999 1353
