0 1354
1 1351
2 1352
3 1357
4 1352
5 1354
6 1351
7 1355
8 1352
9 1356
10 1352
11 1353
12 1350
13 1353
14 1353
15 1355
16 1357
17 1353
18 1353
19 1352
20 1352
21 1353
22 1352
23 1353
24 1352
25 1352
26 1352
27 1352
28 1355
29 1350
30 1353
31 1352
32 1352
33 1353
34 1354
35 1354
36 1350
37 1352
38 1354
39 1352
40 1354
41 1355
42 1354
43 1354
44 1353
45 1353
46 1353
47 1354
48 1353
49 1351
50 1353
51 1354
52 1353
53 1353
54 1352
55 1356
56 1353
57 1352
58 1352
59 1353
60 1355
61 1356
62 1351
63 1352
64 1355
65 1355
66 1352
67 1353
68 1352
69 1353
70 1354
71 1356
72 1354
73 1354
74 1354
75 1356
76 1353
77 1355
78 1352
79 1355
80 1354
81 1355
82 1352
83 1352
84 1356
85 1356
86 1355
87 1351
88 1353
89 1356
90 1353
91 1352
92 1353
93 1354
94 1354
95 1353
96 1351
97 1352
98 1355
99 1353
100 1353
101 1354
102 1353
103 1355
104 1355
105 1354
106 1355
107 1353
108 1354
109 1351
110 1356
111 1353
112 1355
113 1355
114 1353
115 1355
116 1356
117 1355
118 1353
119 1355
120 1352
121 1352
122 1354
123 1354
124 1354
125 1353
126 1353
127 1353
128 1354
129 1356
130 1354
131 1355
132 1354
133 1353
134 1354
135 1357
136 1354
137 1353
138 1355
139 1355
140 1355
141 1353
142 1356
143 1352
144 1355
145 1356
146 1354
147 1356
148 1351
149 1354
150 1354
151 1354
152 1357
153 1355
154 1352
155 1353
156 1355
157 1353
158 1355
159 1353
160 1356
161 1352
162 1356
163 1352
164 1353
165 1355
166 1354
167 1354
168 1355
169 1354
170 1352
171 1353
172 1351
173 1352
174 1356
175 1353
176 1354
177 1354
178 1354
179 1352
180 1354
181 1356
182 1355
183 1356
184 1355
185 1356
186 1355
187 1355
188 1354
189 1353
190 1353
191 1354
192 1353
193 1354
194 1354
195 1354
196 1355
197 1355
198 1354
199 1355
200 1353
201 1353
202 1357
203 1357
204 1354
205 1354
206 1352
207 1354
208 1354
209 1352
210 1355
211 1354
212 1357
213 1352
214 1353
215 1353
216 1353
217 1354
218 1352
219 1354
220 1354
221 1352
222 1356
223 1353
224 1353
225 1355
226 1357
227 1354
228 1354
229 1354
230 1355
231 1355
232 1354
233 1355
234 1355
235 1354
236 1354
237 1355
238 1354
239 1353
240 1353
241 1353
242 1353
243 1356
244 1352
245 1354
246 1352
247 1353
248 1353
249 1354
250 1351
251 1353
252 1355
253 1352
254 1352
255 1353
256 1354
257 1356
258 1357
259 1355
260 1356
261 1352
262 1353
263 1354
264 1353
265 1353
266 1352
267 1356
268 1353
269 1354
270 1353
271 1354
272 1354
273 1352
274 1352
275 1353
276 1352
277 1353
278 1354
279 1352
280 1354
281 1353
282 1351
283 1354
284 1356
285 1354
286 1355
287 1357
288 1354
289 1353
290 1352
291 1354
292 1355
293 1356
294 1353
295 1353
296 1353
297 1355
298 1353
299 1354
300 1353
301 1352
302 1353
303 1354
304 1353
305 1350
306 1354
307 1352
308 1353
309 1354
310 1354
311 1357
312 1353
313 1355
314 1354
315 1356
316 1353
317 1353
318 1353
319 1356
320 1356
321 1357
322 1353
323 1351
324 1356
325 1353
326 1354
327 1355
328 1353
329 1354
330 1352
331 1354
332 1352
333 1353
334 1350
335 1350
336 1354
337 1352
338 1356
339 1352
340 1352
341 1352
342 1356
343 1351
344 1351
345 1353
346 1356
347 1354
348 1353
349 1353
350 1354
351 1353
352 1356
353 1352
354 1353
355 1352
356 1352
357 1353
358 1356
359 1354
360 1354
361 1352
362 1353
363 1355
364 1352
365 1354
366 1354
367 1354
368 1355
369 1352
370 1356
371 1352
372 1354
373 1353
374 1355
375 1352
376 1355
377 1352
378 1352
379 1351
380 1352
381 1350
382 1353
383 1353
384 1355
385 1352
386 1350
387 1354
388 1354
389 1352
390 1355
391 1353
392 1351
393 1354
394 1356
395 1352
396 1354
397 1353
398 1353
399 1353
400 1351
401 1354
402 1356
403 1357
404 1353
405 1353
406 1353
407 1353
408 1351
409 1353
410 1353
411 1354
412 1356
413 1353
414 1353
415 1352
416 1355
417 1355
418 1353
419 1355
420 1353
421 1351
422 1352
423 1353
424 1353
425 1356
426 1354
427 1351
428 1355
429 1354
430 1353
431 1355
432 1353
433 1353
434 1352
435 1354
436 1356
437 1355
438 1353
439 1352
440 1352
441 1355
442 1353
443 1354
444 1353
445 1355
446 1356
447 1354
448 1352
449 1354
450 1351
451 1355
452 1355
453 1356
454 1356
455 1353
456 1354
457 1352
458 1355
459 1353
460 1355
461 1355
462 1355
463 1355
464 1355
465 1353
466 1353
467 1355
468 1357
469 1357
470 1356
471 1356
472 1353
473 1353
474 1354
475 1354
476 1354
477 1353
478 1357
479 1353
480 1357
481 1351
482 1352
483 1355
484 1353
485 1353
486 1352
487 1353
488 1357
489 1353
490 1355
491 1354
492 1355
493 1355
494 1355
495 1354
496 1355
497 1354
498 1353
499 1355
500 1353
501 1355
502 1354
503 1356
504 1355
505 1354
506 1353
507 1354
508 1355
509 1352
510 1350
511 1355
512 1360
513 1356
514 1353
515 1349
516 1354
517 1358
518 1358
519 1351
520 1355
521 1355
522 1354
523 1356
524 1355
525 1357
526 1353
527 1356
528 1353
529 1356
530 1352
531 1355
532 1358
533 1358
534 1357
535 1360
536 1358
537 1365
538 1375
539 1385
540 1405
541 1435
542 1471
543 1517
544 1569
545 1632
546 1697
547 1764
548 1830
549 1900
550 1962
551 2018
552 2065
553 2108
554 2145
555 2175
556 2203
557 2228
558 2237
559 2252
560 2252
561 2249
562 2236
563 2226
564 2201
565 2179
566 2153
567 2127
568 2101
569 2077
570 2045
571 2013
572 1984
573 1959
574 1927
575 1893
576 1864
577 1838
578 1811
579 1783
580 1758
581 1732
582 1709
583 1685
584 1667
585 1650
586 1635
587 1620
588 1603
589 1588
590 1569
591 1553
592 1544
593 1530
594 1519
595 1511
596 1501
597 1494
598 1485
599 1472
600 1463
601 1454
602 1446
603 1442
604 1433
605 1427
606 1421
607 1416
608 1412
609 1408
610 1407
611 1400
612 1400
613 1396
614 1390
615 1388
616 1390
617 1385
618 1381
619 1378
620 1376
621 1375
622 1374
623 1374
624 1371
625 1371
626 1372
627 1368
628 1368
629 1366
630 1368
631 1365
632 1366
633 1364
634 1365
635 1363
636 1365
637 1363
638 1364
639 1363
640 1361
641 1359
642 1361
643 1361
644 1360
645 1360
646 1359
647 1358
648 1361
649 1363
650 1364
651 1361
652 1356
653 1357
654 1357
655 1356
656 1357
657 1358
658 1355
659 1357
660 1358
661 1358
662 1357
663 1355
664 1357
665 1356
666 1357
667 1357
668 1355
669 1355
670 1356
671 1354
672 1356
673 1354
674 1354
675 1355
676 1357
677 1356
678 1357
679 1356
680 1355
681 1354
682 1353
683 1356
684 1351
685 1355
686 1354
687 1355
688 1353
689 1353
690 1352
691 1357
692 1357
693 1357
694 1352
695 1356
696 1356
697 1357
698 1353
699 1350
700 1354
701 1357
702 1355
703 1353
704 1355
705 1357
706 1353
707 1356
708 1350
709 1353
710 1353
711 1354
712 1359
713 1358
714 1355
715 1353
716 1353
717 1358
718 1355
719 1354
720 1353
721 1354
722 1353
723 1353
724 1353
725 1351
726 1354
727 1353
728 1353
729 1353
730 1356
731 1357
732 1353
733 1355
734 1354
735 1353
736 1353
737 1354
738 1353
739 1353
740 1353
741 1353
742 1357
743 1356
744 1354
745 1355
746 1355
747 1354
748 1354
749 1353
750 1352
751 1353
752 1350
753 1353
754 1354
755 1353
756 1354
757 1352
758 1356
759 1354
760 1356
761 1350
762 1353
763 1356
764 1355
765 1354
766 1353
767 1352
768 1351
769 1354
770 1357
771 1352
772 1356
773 1353
774 1354
775 1353
776 1352
777 1354
778 1356
779 1355
780 1354
781 1353
782 1353
783 1355
784 1353
785 1351
786 1351
787 1355
788 1349
789 1352
790 1351
791 1353
792 1355
793 1355
794 1353
795 1353
796 1354
797 1354
798 1354
799 1354
800 1355
801 1354
802 1355
803 1355
804 1355
805 1356
806 1354
807 1354
808 1356
809 1353
810 1354
811 1348
812 1353
813 1355
814 1356
815 1356
816 1353
817 1352
818 1351
819 1353
820 1355
821 1353
822 1357
823 1350
824 1353
825 1353
826 1350
827 1354
828 1356
829 1355
830 1351
831 1350
832 1353
833 1354
834 1353
835 1354
836 1356
837 1357
838 1356
839 1353
840 1352
841 1355
842 1353
843 1354
844 1356
845 1354
846 1353
847 1351
848 1352
849 1355
850 1355
851 1354
852 1355
853 1352
854 1353
855 1351
856 1353
857 1351
858 1355
859 1352
860 1350
861 1352
862 1354
863 1353
864 1352
865 1353
866 1354
867 1351
868 1354
869 1352
870 1351
871 1356
872 1358
873 1358
874 1354
875 1354
876 1353
877 1354
878 1354
879 1354
880 1353
881 1355
882 1350
883 1354
884 1353
885 1355
886 1353
887 1353
888 1354
889 1356
890 1351
891 1354
892 1356
893 1354
894 1355
895 1351
896 1355
897 1355
898 1354
899 1355
900 1352
901 1354
902 1353
903 1356
904 1350
905 1354
906 1354
907 1352
908 1354
909 1354
910 1355
911 1356
912 1353
913 1355
914 1356
915 1356
916 1356
917 1354
918 1357
919 1354
920 1353
921 1349
922 1353
923 1356
924 1357
925 1352
926 1354
927 1353
928 1352
929 1356
930 1355
931 1355
932 1356
933 1355
934 1356
935 1355
936 1352
937 1355
938 1351
939 1356
940 1356
941 1357
942 1353
943 1356
944 1354
945 1352
946 1356
947 1353
948 1351
949 1353
950 1353
951 1353
952 1354
953 1354
954 1356
955 1353
956 1351
957 1352
958 1352
959 1353
960 1353
961 1355
962 1352
963 1355
964 1356
965 1351
966 1352
967 1356
968 1354
969 1354
970 1356
971 1354
972 1355
973 1356
974 1355
975 1356
976 1353
977 1355
978 1355
979 1353
980 1353
981 1353
982 1354
983 1355
984 1353
985 1351
986 1353
987 1355
988 1355
989 1354
990 1353
991 1356
992 1354
993 1353
994 1353
995 1353
996 1355
997 1355
998 1356
999 1354
1000 1354
1001 1353
1002 1354
1003 1353
1004 1355
1005 1355
1006 1356
1007 1356
1008 1355
1009 1351
1010 1352
1011 1354
1012 1355
1013 1351
1014 1354
1015 1353
1016 1352
1017 1352
1018 1354
1019 1355
1020 1353
1021 1350
1022 1355
1023 1354
1024 1352
1025 1354
1026 1355
1027 1354
1028 1355
1029 1351
1030 1357
1031 1355
1032 1357
1033 1353
1034 1352
1035 1355
1036 1357
1037 1357
1038 1355
1039 1354
1040 1352
1041 1353
1042 1357
1043 1355
1044 1353
1045 1353
1046 1357
1047 1355
1048 1354
1049 1353
1050 1352
1051 1354
1052 1359
1053 1356
1054 1353
1055 1352
1056 1355
1057 1355
1058 1355
1059 1350
1060 1353
1061 1354
1062 1352
1063 1354
1064 1355
1065 1353
1066 1353
1067 1352
1068 1354
1069 1354
1070 1352
1071 1356
1072 1356
1073 1355
1074 1352
1075 1351
1076 1356
1077 1361
1078 1357
1079 1353
1080 1353
1081 1355
1082 1353
1083 1354
1084 1354
1085 1353
1086 1354
1087 1355
1088 1351
1089 1351
1090 1353
1091 1353
1092 1353
1093 1353
1094 1354
1095 1354
1096 1357
1097 1354
1098 1351
1099 1356
1100 1355
1101 1352
1102 1355
1103 1351
1104 1354
1105 1353
1106 1355
1107 1354
1108 1357
1109 1353
1110 1354
1111 1354
1112 1355
1113 1354
1114 1356
1115 1353
1116 1355
1117 1353
1118 1353
1119 1353
1120 1356
1121 1352
1122 1352
1123 1354
1124 1353
1125 1352
1126 1355
1127 1354
1128 1353
1129 1353
1130 1353
1131 1354
1132 1357
1133 1353
1134 1354
1135 1352
1136 1354
1137 1354
1138 1355
1139 1356
1140 1354
1141 1355
1142 1355
1143 1354
1144 1354
1145 1355
1146 1356
1147 1354
1148 1354
1149 1353
1150 1354
1151 1354
1152 1355
1153 1355
1154 1353
1155 1353
1156 1353
1157 1353
1158 1355
1159 1355
1160 1355
1161 1354
1162 1352
1163 1352
1164 1354
1165 1350
1166 1352
1167 1352
1168 1354
1169 1353
1170 1353
1171 1352
1172 1353
1173 1353
1174 1353
1175 1354
1176 1355
1177 1354
1178 1355
1179 1355
1180 1352
1181 1355
1182 1354
1183 1354
1184 1352
1185 1353
1186 1355
1187 1354
1188 1355
1189 1351
1190 1355
1191 1354
1192 1352
1193 1352
1194 1353
1195 1351
1196 1353
1197 1354
1198 1354
1199 1351
1200 1354
1201 1356
1202 1356
1203 1353
1204 1354
1205 1351
1206 1351
1207 1353
1208 1353
1209 1354
1210 1357
1211 1355
1212 1353
1213 1354
1214 1355
1215 1353
1216 1355
1217 1353
1218 1354
1219 1353
1220 1355
1221 1354
1222 1354
1223 1353
1224 1354
1225 1353
1226 1355
1227 1356
1228 1356
1229 1353
1230 1352
1231 1358
1232 1356
1233 1356
1234 1353
1235 1352
1236 1354
1237 1355
1238 1353
1239 1352
1240 1352
1241 1354
1242 1353
1243 1352
1244 1352
1245 1355
1246 1355
1247 1353
1248 1354
1249 1351
1250 1351
1251 1352
1252 1349
1253 1356
1254 1355
1255 1353
1256 1351
1257 1354
1258 1355
1259 1354
1260 1351
1261 1352
1262 1354
1263 1356
1264 1355
1265 1354
1266 1355
1267 1354
1268 1352
1269 1355
1270 1353
1271 1352
1272 1351
1273 1350
1274 1351
1275 1355
1276 1355
1277 1351
1278 1352
1279 1353
1280 1353
1281 1355
1282 1351
1283 1356
1284 1353
1285 1352
1286 1354
1287 1353
1288 1353
1289 1354
1290 1352
1291 1350
1292 1355
1293 1353
1294 1355
1295 1351
1296 1352
1297 1355
1298 1354
1299 1354
1300 1353
1301 1355
1302 1354
1303 1356
1304 1354
1305 1354
1306 1354
1307 1354
1308 1351
1309 1353
1310 1354
1311 1355
1312 1353
1313 1352
1314 1352
1315 1353
1316 1355
1317 1354
1318 1355
1319 1354
1320 1356
1321 1355
1322 1354
1323 1354
1324 1354
1325 1356
1326 1355
1327 1354
1328 1354
1329 1356
1330 1357
1331 1354
1332 1355
1333 1353
1334 1351
1335 1353
1336 1355
1337 1356
1338 1353
1339 1355
1340 1354
1341 1355
1342 1354
1343 1353
1344 1355
1345 1355
1346 1353
1347 1353
1348 1355
1349 1352
1350 1352
1351 1353
1352 1353
1353 1352
1354 1356
1355 1354
1356 1356
1357 1356
1358 1352
1359 1353
1360 1353
1361 1354
1362 1351
1363 1355
1364 1351
1365 1350
1366 1352
1367 1354
1368 1352
1369 1353
1370 1353
1371 1353
1372 1353
1373 1353
1374 1355
1375 1356
1376 1353
1377 1353
1378 1353
1379 1353
1380 1354
1381 1356
1382 1354
1383 1355
1384 1353
1385 1353
1386 1356
1387 1355
1388 1355
1389 1354
1390 1352
1391 1353
1392 1353
1393 1355
1394 1354
1395 1355
1396 1353
1397 1353
1398 1350
1399 1352
1400 1352
1401 1354
1402 1353
1403 1354
1404 1355
1405 1356
1406 1355
1407 1353
1408 1351
1409 1350
1410 1352
1411 1357
1412 1358
1413 1356
1414 1352
1415 1353
1416 1355
1417 1355
1418 1353
1419 1351
1420 1353
1421 1356
1422 1356
1423 1353
1424 1355
1425 1353
1426 1353
1427 1353
1428 1354
1429 1353
1430 1351
1431 1353
1432 1351
1433 1356
1434 1354
1435 1354
1436 1354
1437 1356
1438 1355
1439 1352
1440 1351
1441 1353
1442 1352
1443 1355
1444 1353
1445 1354
1446 1357
1447 1356
1448 1354
1449 1351
1450 1354
1451 1354
1452 1353
1453 1356
1454 1354
1455 1352
1456 1354
1457 1354
1458 1354
1459 1353
1460 1354
1461 1353
1462 1353
1463 1354
1464 1355
1465 1354
1466 1354
1467 1355
1468 1353
1469 1353
1470 1352
1471 1353
1472 1353
1473 1353
1474 1356
1475 1355
1476 1353
1477 1354
1478 1353
1479 1354
1480 1355
1481 1354
1482 1356
1483 1353
1484 1353
1485 1356
1486 1354
1487 1353
1488 1353
1489 1349
1490 1353
1491 1353
1492 1353
1493 1352
1494 1354
1495 1353
1496 1352
1497 1352
1498 1352
1499 1353
1500 1353
1501 1353
1502 1352
1503 1353
1504 1355
1505 1355
1506 1352
1507 1351
1508 1351
1509 1354
1510 1356
1511 1354
1512 1355
1513 1353
1514 1356
1515 1352
1516 1352
1517 1353
1518 1352
1519 1353
1520 1356
1521 1354
1522 1355
1523 1354
1524 1352
1525 1350
1526 1353
1527 1352
1528 1353
1529 1352
1530 1353
1531 1353
1532 1355
1533 1354
1534 1357
1535 1356
1536 1353
1537 1355
1538 1355
1539 1353
1540 1355
1541 1351
1542 1353
1543 1352
1544 1354
1545 1356
1546 1357
1547 1353
1548 1354
1549 1353
1550 1353
1551 1351
1552 1355
1553 1356
1554 1356
1555 1355
1556 1351
1557 1353
1558 1353
1559 1352
1560 1352
1561 1355
1562 1350
1563 1353
1564 1350
1565 1351
1566 1352
1567 1352
1568 1356
1569 1354
1570 1355
1571 1353
1572 1351
1573 1354
1574 1355
1575 1353
1576 1355
1577 1356
1578 1355
1579 1352
1580 1355
1581 1351
1582 1353
1583 1352
1584 1353
1585 1351
1586 1351
1587 1355
1588 1354
1589 1354
1590 1351
1591 1355
1592 1356
1593 1354
1594 1351
1595 1355
1596 1353
1597 1355
1598 1353
1599 1352
1600 1351
1601 1355
1602 1353
1603 1354
1604 1356
1605 1355
1606 1355
1607 1355
1608 1353
1609 1352
1610 1354
1611 1351
1612 1355
1613 1357
1614 1352
1615 1351
1616 1350
1617 1356
1618 1356
1619 1355
1620 1353
1621 1354
1622 1353
1623 1354
1624 1351
1625 1355
1626 1353
1627 1354
1628 1354
1629 1353
1630 1353
1631 1356
1632 1357
1633 1354
1634 1352
1635 1354
1636 1353
1637 1352
1638 1353
1639 1351
1640 1355
1641 1355
1642 1352
1643 1351
1644 1354
1645 1353
1646 1354
1647 1352
1648 1352
1649 1352
1650 1355
1651 1353
1652 1354
1653 1356
1654 1356
1655 1353
1656 1354
1657 1353
1658 1354
1659 1354
1660 1356
1661 1355
1662 1353
1663 1353
1664 1354
1665 1354
1666 1354
1667 1354
1668 1353
1669 1354
1670 1354
1671 1356
1672 1353
1673 1354
1674 1355
1675 1354
1676 1353
1677 1354
1678 1353
1679 1353
1680 1351
1681 1352
1682 1353
1683 1354
1684 1353
1685 1355
1686 1353
1687 1354
1688 1354
1689 1355
1690 1352
1691 1352
1692 1355
1693 1354
1694 1354
1695 1355
1696 1355
1697 1355
1698 1354
1699 1353
1700 1354
1701 1352
1702 1353
1703 1352
1704 1350
1705 1350
1706 1354
1707 1352
1708 1352
1709 1355
1710 1356
1711 1356
1712 1356
1713 1354
1714 1353
1715 1353
1716 1351
1717 1354
1718 1352
1719 1353
1720 1352
1721 1352
1722 1354
1723 1354
1724 1356
1725 1354
1726 1354
1727 1354
1728 1355
1729 1351
1730 1351
1731 1350
1732 1354
1733 1353
1734 1352
1735 1354
1736 1353
1737 1353
1738 1357
1739 1354
1740 1355
1741 1355
1742 1357
1743 1356
1744 1352
1745 1354
1746 1355
1747 1357
1748 1355
1749 1352
1750 1353
1751 1356
1752 1355
1753 1354
1754 1351
1755 1354
1756 1357
1757 1355
1758 1355
1759 1355
1760 1357
1761 1355
1762 1352
1763 1353
1764 1352
1765 1354
1766 1356
1767 1353
1768 1351
1769 1354
1770 1351
1771 1353
1772 1357
1773 1354
1774 1355
1775 1351
1776 1355
1777 1353
1778 1356
1779 1352
1780 1352
1781 1354
1782 1354
1783 1352
1784 1352
1785 1356
1786 1357
1787 1356
1788 1355
1789 1354
1790 1355
1791 1350
1792 1354
1793 1356
1794 1357
1795 1354
1796 1353
1797 1356
1798 1355
1799 1355
1800 1352
1801 1354
1802 1354
1803 1355
1804 1349
1805 1353
1806 1354
1807 1349
1808 1352
1809 1350
1810 1357
1811 1357
1812 1354
1813 1354
1814 1353
1815 1354
1816 1354
1817 1355
1818 1356
1819 1350
1820 1350
1821 1351
1822 1354
1823 1352
1824 1354
1825 1354
1826 1353
1827 1355
1828 1352
1829 1355
1830 1353
1831 1352
1832 1357
1833 1351
1834 1353
1835 1351
1836 1353
1837 1353
1838 1356
1839 1353
1840 1355
1841 1354
1842 1355
1843 1356
1844 1354
1845 1354
1846 1352
1847 1354
1848 1354
1849 1354
1850 1351
1851 1355
1852 1355
1853 1354
1854 1355
1855 1352
1856 1354
1857 1353
1858 1353
1859 1354
1860 1353
1861 1355
1862 1355
1863 1353
1864 1352
1865 1353
1866 1352
1867 1357
1868 1356
1869 1354
1870 1356
1871 1354
1872 1353
1873 1356
1874 1355
1875 1354
1876 1353
1877 1354
1878 1353
1879 1355
1880 1352
1881 1353
1882 1353
1883 1354
1884 1353
1885 1354
1886 1350
1887 1350
1888 1352
1889 1353
1890 1354
1891 1355
1892 1354
1893 1355
1894 1351
1895 1353
1896 1356
1897 1354
1898 1353
1899 1356
1900 1353
1901 1354
1902 1351
1903 1351
1904 1354
1905 1350
1906 1355
1907 1352
1908 1353
1909 1352
1910 1355
1911 1355
1912 1351
1913 1354
1914 1353
1915 1355
1916 1353
1917 1353
1918 1354
1919 1353
1920 1354
1921 1353
1922 1355
1923 1353
1924 1350
1925 1353
1926 1355
1927 1354
1928 1354
1929 1355
1930 1356
1931 1355
1932 1353
1933 1352
1934 1352
1935 1354
1936 1356
1937 1357
1938 1352
1939 1352
1940 1356
1941 1356
1942 1354
1943 1353
1944 1353
1945 1354
1946 1353
1947 1353
1948 1351
1949 1353
1950 1351
1951 1354
1952 1357
1953 1355
1954 1350
1955 1357
1956 1353
1957 1356
1958 1353
1959 1352
1960 1355
1961 1355
1962 1354
1963 1353
1964 1351
1965 1353
1966 1355
1967 1355
1968 1355
1969 1353
1970 1356
1971 1355
1972 1354
1973 1352
1974 1355
1975 1353
1976 1352
1977 1352
1978 1353
1979 1350
1980 1354
1981 1351
1982 1353
1983 1353
1984 1353
1985 1355
1986 1354
1987 1353
1988 1352
1989 1352
1990 1354
1991 1354
1992 1353
1993 1353
1994 1351
1995 1352
1996 1356
1997 1355
1998 1356
1999 1354
2000 1354
2001 1354
2002 1356
2003 1354
2004 1351
2005 1354
2006 1353
2007 1354
2008 1354
2009 1355
2010 1354
2011 1353
2012 1355
2013 1356
2014 1354
2015 1352
2016 1350
2017 1350
2018 1352
2019 1354
2020 1354
2021 1356
2022 1353
2023 1353
2024 1356
2025 1355
2026 1356
2027 1355
2028 1352
2029 1353
2030 1352
2031 1354
2032 1354
2033 1354
2034 1350
2035 1353
2036 1355
2037 1352
2038 1349
2039 1354
2040 1353
2041 1354
2042 1355
2043 1353
2044 1353
2045 1355
2046 1353
2047 1355
2048 1351
2049 1350
2050 1353
2051 1350
2052 1355
2053 1354
2054 1350
2055 1352
2056 1355
2057 1356
2058 1354
2059 1355
2060 1354
2061 1353
2062 1353
2063 1355
2064 1354
2065 1352
2066 1356
2067 1357
2068 1357
2069 1354
2070 1352
2071 1353
2072 1353
2073 1353
2074 1352
2075 1355
2076 1353
2077 1355
2078 1354
2079 1351
2080 1354
2081 1353
2082 1354
2083 1354
2084 1350
2085 1352
2086 1354
2087 1352
2088 1356
2089 1352
2090 1351
2091 1353
2092 1354
2093 1352
2094 1352
2095 1350
2096 1354
2097 1354
2098 1351
2099 1354
2100 1354
2101 1354
2102 1354
2103 1353
2104 1351
2105 1353
2106 1353
2107 1353
2108 1353
2109 1355
2110 1352
2111 1355
2112 1352
2113 1354
2114 1353
2115 1353
2116 1355
2117 1353
2118 1351
2119 1352
2120 1353
2121 1355
2122 1354
2123 1354
2124 1354
2125 1353
2126 1353
2127 1352
2128 1354
2129 1352
2130 1352
2131 1353
2132 1350
2133 1352
2134 1350
2135 1352
2136 1355
2137 1351
2138 1351
2139 1353
2140 1355
2141 1354
2142 1351
2143 1352
2144 1355
2145 1351
2146 1355
2147 1352
2148 1353
2149 1356
2150 1353
2151 1352
2152 1356
2153 1356
2154 1354
2155 1354
2156 1354
2157 1353
2158 1353
2159 1352
2160 1353
2161 1353
2162 1355
2163 1355
2164 1354
2165 1351
2166 1353
2167 1354
2168 1355
2169 1352
2170 1354
2171 1351
2172 1353
2173 1350
2174 1350
2175 1354
2176 1354
2177 1353
2178 1354
2179 1355
2180 1354
2181 1356
2182 1351
2183 1353
2184 1354
2185 1350
2186 1355
2187 1353
2188 1352
2189 1353
2190 1354
2191 1352
2192 1355
2193 1352
2194 1354
2195 1353
2196 1354
2197 1353
2198 1353
2199 1352
2200 1355
2201 1355
2202 1352
2203 1351
2204 1355
2205 1354
2206 1353
2207 1354
2208 1352
2209 1352
2210 1353
2211 1353
2212 1357
2213 1354
2214 1354
2215 1354
2216 1352
2217 1353
2218 1354
2219 1354
2220 1353
2221 1352
2222 1354
2223 1353
2224 1353
2225 1355
2226 1354
2227 1354
2228 1351
2229 1354
2230 1354
2231 1353
2232 1351
2233 1352
2234 1352
2235 1354
2236 1353
2237 1350
2238 1354
2239 1352
2240 1354
2241 1353
2242 1355
2243 1352
2244 1353
2245 1353
2246 1356
2247 1357
2248 1351
2249 1352
2250 1352
2251 1355
2252 1355
2253 1353
2254 1351
2255 1356
2256 1352
2257 1354
2258 1350
2259 1353
2260 1353
2261 1350
2262 1353
2263 1355
2264 1352
2265 1354
2266 1352
2267 1354
2268 1351
2269 1355
2270 1354
2271 1353
2272 1353
2273 1354
2274 1352
2275 1351
2276 1353
2277 1356
2278 1354
2279 1353
2280 1352
2281 1353
2282 1353
2283 1353
2284 1353
2285 1353
2286 1352
2287 1354
2288 1353
2289 1355
2290 1355
2291 1357
2292 1351
2293 1353
2294 1353
2295 1353
2296 1355
2297 1354
2298 1352
2299 1354
2300 1353
2301 1355
2302 1355
2303 1351
2304 1353
2305 1354
2306 1355
2307 1356
2308 1354
2309 1353
2310 1351
2311 1355
2312 1354
2313 1355
2314 1354
2315 1352
2316 1354
2317 1354
2318 1353
2319 1354
2320 1353
2321 1351
2322 1352
2323 1354
2324 1352
2325 1353
2326 1355
2327 1354
2328 1354
2329 1355
2330 1355
2331 1351
2332 1354
2333 1355
2334 1351
2335 1354
2336 1354
2337 1356
2338 1355
2339 1352
2340 1353
2341 1355
2342 1351
2343 1351
2344 1353
2345 1352
2346 1352
2347 1351
2348 1352
2349 1353
2350 1357
2351 1354
2352 1353
2353 1354
2354 1352
2355 1355
2356 1353
2357 1353
2358 1353
2359 1353
2360 1354
2361 1350
2362 1356
2363 1356
2364 1353
2365 1352
2366 1353
2367 1353
2368 1354
2369 1354
2370 1355
2371 1354
2372 1352
2373 1355
2374 1353
2375 1355
2376 1351
2377 1351
2378 1354
2379 1354
2380 1356
2381 1354
2382 1353
2383 1353
2384 1351
2385 1353
2386 1351
2387 1354
2388 1354
2389 1352
2390 1355
2391 1354
2392 1353
2393 1353
2394 1355
2395 1354
2396 1354
2397 1351
2398 1353
2399 1354
2400 1355
2401 1353
2402 1354
2403 1350
2404 1354
2405 1354
2406 1355
2407 1353
2408 1353
2409 1353
2410 1353
2411 1354
2412 1353
2413 1352
2414 1352
2415 1355
2416 1353
2417 1351
2418 1353
2419 1353
2420 1353
2421 1352
2422 1352
2423 1354
2424 1354
2425 1352
2426 1355
2427 1354
2428 1354
2429 1354
2430 1352
2431 1354
2432 1354
2433 1354
2434 1352
2435 1355
2436 1356
2437 1357
2438 1354
2439 1353
2440 1353
2441 1355
2442 1353
2443 1355
2444 1353
2445 1351
2446 1354
2447 1355
2448 1355
2449 1352
2450 1353
2451 1351
2452 1356
2453 1352
2454 1352
2455 1353
2456 1354
2457 1356
2458 1354
2459 1354
2460 1351
2461 1353
2462 1354
2463 1350
2464 1352
2465 1355
2466 1355
2467 1354
2468 1354
2469 1355
2470 1354
2471 1354
2472 1352
2473 1352
2474 1353
2475 1353
2476 1351
2477 1351
2478 1353
2479 1353
2480 1354
2481 1352
2482 1353
2483 1353
2484 1355
2485 1352
2486 1354
2487 1352
2488 1353
2489 1350
2490 1356
2491 1352
2492 1352
2493 1349
2494 1353
2495 1352
2496 1352
2497 1353
2498 1354
2499 1353
2500 1355
2501 1354
2502 1353
2503 1354
2504 1354
2505 1353
2506 1353
2507 1350
2508 1353
2509 1353
2510 1353
2511 1351
2512 1355
2513 1355
2514 1355
2515 1353
2516 1353
2517 1352
2518 1355
2519 1351
2520 1355
2521 1353
2522 1353
2523 1352
2524 1354
2525 1353
2526 1355
2527 1351
2528 1352
2529 1353
2530 1353
2531 1354
2532 1355
2533 1355
2534 1351
2535 1352
2536 1353
2537 1353
2538 1354
2539 1350
2540 1356
2541 1352
2542 1355
2543 1350
2544 1352
2545 1355
2546 1355
2547 1355
2548 1350
2549 1351
2550 1355
2551 1353
2552 1351
2553 1352
2554 1353
2555 1352
2556 1353
2557 1352
2558 1351
2559 1352
2560 1352
2561 1356
2562 1351
2563 1352
2564 1352
2565 1354
2566 1355
2567 1355
2568 1352
2569 1354
2570 1355
2571 1356
2572 1354
2573 1353
2574 1352
2575 1353
2576 1354
2577 1358
2578 1356
2579 1352
2580 1355
2581 1355
2582 1354
2583 1351
2584 1354
2585 1355
2586 1355
2587 1355
2588 1351
2589 1353
2590 1354
2591 1355
2592 1355
2593 1353
2594 1352
2595 1353
2596 1353
2597 1350
2598 1355
2599 1352
2600 1354
2601 1353
2602 1356
2603 1352
2604 1354
2605 1354
2606 1352
2607 1354
2608 1355
2609 1353
2610 1352
2611 1355
2612 1353
2613 1355
2614 1352
2615 1352
2616 1354
2617 1355
2618 1352
2619 1353
2620 1352
2621 1350
2622 1353
2623 1353
2624 1353
2625 1352
2626 1351
2627 1354
2628 1350
2629 1353
2630 1355
2631 1355
2632 1352
2633 1350
2634 1354
2635 1354
2636 1355
2637 1354
2638 1352
2639 1354
2640 1353
2641 1355
2642 1353
2643 1353
2644 1353
2645 1353
2646 1353
2647 1354
2648 1351
2649 1355
2650 1357
2651 1353
2652 1353
2653 1355
2654 1353
2655 1352
2656 1352
2657 1351
2658 1355
2659 1354
2660 1353
2661 1354
2662 1354
2663 1351
2664 1351
2665 1352
2666 1354
2667 1356
2668 1355
2669 1355
2670 1351
2671 1354
2672 1353
2673 1355
2674 1352
2675 1356
2676 1356
2677 1354
2678 1352
2679 1355
2680 1354
2681 1351
2682 1351
2683 1353
2684 1352
2685 1353
2686 1354
2687 1355
2688 1354
2689 1351
2690 1352
2691 1352
2692 1353
2693 1353
2694 1354
2695 1352
2696 1355
2697 1353
2698 1352
2699 1353
2700 1353
2701 1354
2702 1353
2703 1353
2704 1355
2705 1352
2706 1354
2707 1352
2708 1353
2709 1353
2710 1353
2711 1352
2712 1354
2713 1352
2714 1349
2715 1356
2716 1354
2717 1352
2718 1352
2719 1355
2720 1353
2721 1351
2722 1353
2723 1353
2724 1355
2725 1354
2726 1355
2727 1354
2728 1352
2729 1356
2730 1356
2731 1356
2732 1357
2733 1355
2734 1353
2735 1356
2736 1355
2737 1354
2738 1354
2739 1351
2740 1354
2741 1352
2742 1351
2743 1355
2744 1352
2745 1355
2746 1352
2747 1349
2748 1350
2749 1352
2750 1353
2751 1354
2752 1356
2753 1355
2754 1354
2755 1353
2756 1355
2757 1356
2758 1352
2759 1353
2760 1356
2761 1356
2762 1352
2763 1354
2764 1352
2765 1353
2766 1354
2767 1353
2768 1353
2769 1354
2770 1355
2771 1355
2772 1354
2773 1354
2774 1350
2775 1353
2776 1353
2777 1355
2778 1354
2779 1353
2780 1355
2781 1354
2782 1354
2783 1354
2784 1353
2785 1354
2786 1353
2787 1354
2788 1354
2789 1355
2790 1356
2791 1355
2792 1354
2793 1354
2794 1356
2795 1353
2796 1355
2797 1353
2798 1351
2799 1355
2800 1357
2801 1356
2802 1353
2803 1350
2804 1355
2805 1355
2806 1354
2807 1354
2808 1353
2809 1353
2810 1355
2811 1355
2812 1356
2813 1352
2814 1354
2815 1355
2816 1354
2817 1352
2818 1352
2819 1352
2820 1354
2821 1355
2822 1355
2823 1354
2824 1354
2825 1357
2826 1354
2827 1355
2828 1354
2829 1353
2830 1353
2831 1352
2832 1355
2833 1353
2834 1354
2835 1355
2836 1354
2837 1353
2838 1354
2839 1352
2840 1353
2841 1355
2842 1355
2843 1352
2844 1354
2845 1353
2846 1354
2847 1355
2848 1355
2849 1355
2850 1355
2851 1356
2852 1352
2853 1355
2854 1353
2855 1354
2856 1354
2857 1354
2858 1352
2859 1354
2860 1351
2861 1353
2862 1355
2863 1352
2864 1352
2865 1351
2866 1354
2867 1354
2868 1353
2869 1354
2870 1356
2871 1355
2872 1353
2873 1352
2874 1352
2875 1353
2876 1354
2877 1354
2878 1353
2879 1352
2880 1353
2881 1355
2882 1354
2883 1356
2884 1354
2885 1354
2886 1353
2887 1356
2888 1352
2889 1354
2890 1354
2891 1354
2892 1353
2893 1351
2894 1353
2895 1353
2896 1355
2897 1353
2898 1352
2899 1352
2900 1355
2901 1354
2902 1357
2903 1352
2904 1354
2905 1355
2906 1356
2907 1355
2908 1354
2909 1353
2910 1355
2911 1355
2912 1353
2913 1354
2914 1353
2915 1355
2916 1354
2917 1352
2918 1355
2919 1351
2920 1352
2921 1350
2922 1355
2923 1353
2924 1355
2925 1352
2926 1353
2927 1354
2928 1353
2929 1355
2930 1354
2931 1354
2932 1354
2933 1354
2934 1353
2935 1352
2936 1354
2937 1356
2938 1356
2939 1355
2940 1356
2941 1352
2942 1354
2943 1352
2944 1357
2945 1352
2946 1355
2947 1352
2948 1351
2949 1353
2950 1353
2951 1355
2952 1354
2953 1352
2954 1349
2955 1354
2956 1354
2957 1353
2958 1354
2959 1352
2960 1354
2961 1353
2962 1352
2963 1351
2964 1355
2965 1356
2966 1355
2967 1351
2968 1351
2969 1353
2970 1355
2971 1353
2972 1352
2973 1354
2974 1354
2975 1354
2976 1354
2977 1353
2978 1354
2979 1354
2980 1353
2981 1352
2982 1353
2983 1353
2984 1351
2985 1350
2986 1352
2987 1351
2988 1353
2989 1354
2990 1355
2991 1351
2992 1353
2993 1353
2994 1351
2995 1352
2996 1353
2997 1353
2998 1355
2999 1354
3000 1352
3001 1352
3002 1354
3003 1355
3004 1352
3005 1353
3006 1353
3007 1354
3008 1354
3009 1353
3010 1356
3011 1351
3012 1352
3013 1354
3014 1353
3015 1352
3016 1352
3017 1355
3018 1353
3019 1352
3020 1350
3021 1354
3022 1354
3023 1353
3024 1354
3025 1355
3026 1354
3027 1351
3028 1352
3029 1351
3030 1351
3031 1351
3032 1355
3033 1354
3034 1353
3035 1356
3036 1355
3037 1353
3038 1355
3039 1352
3040 1354
3041 1355
3042 1353
3043 1353
3044 1354
3045 1354
3046 1354
3047 1355
3048 1354
3049 1355
3050 1353
3051 1355
3052 1357
3053 1353
3054 1353
3055 1354
3056 1355
3057 1353
3058 1351
3059 1353
3060 1353
3061 1355
3062 1356
3063 1355
3064 1353
3065 1356
3066 1356
3067 1356
3068 1355
3069 1354
3070 1355
3071 1356
3072 1354
3073 1355
3074 1353
3075 1353
3076 1356
3077 1353
3078 1349
3079 1354
3080 1352
3081 1356
3082 1352
3083 1353
3084 1357
3085 1355
3086 1356
3087 1354
3088 1351
3089 1352
3090 1352
3091 1353
3092 1353
3093 1354
3094 1355
3095 1352
3096 1353
3097 1353
3098 1355
3099 1353
3100 1350
3101 1353
3102 1353
3103 1355
3104 1350
3105 1354
3106 1354
3107 1356
3108 1354
3109 1356
3110 1352
3111 1353
3112 1354
3113 1354
3114 1354
3115 1351
3116 1353
3117 1353
3118 1353
3119 1351
3120 1353
3121 1353
3122 1352
3123 1354
3124 1353
3125 1355
3126 1354
3127 1355
3128 1355
3129 1355
3130 1353
3131 1355
3132 1352
3133 1355
3134 1354
3135 1356
3136 1356
3137 1355
3138 1355
3139 1353
3140 1351
3141 1355
3142 1352
3143 1354
3144 1353
3145 1354
3146 1351
3147 1351
3148 1353
3149 1351
3150 1352
3151 1354
3152 1354
3153 1354
3154 1352
3155 1355
3156 1353
3157 1352
3158 1355
3159 1353
3160 1355
3161 1355
3162 1353
3163 1356
3164 1356
3165 1355
3166 1353
3167 1353
3168 1350
3169 1352
3170 1354
3171 1355
3172 1354
3173 1353
3174 1354
3175 1355
3176 1354
3177 1354
3178 1355
3179 1357
3180 1354
3181 1354
3182 1352
3183 1354
3184 1357
3185 1355
3186 1353
3187 1356
3188 1354
3189 1357
3190 1356
3191 1354
3192 1354
3193 1356
3194 1355
3195 1353
3196 1353
3197 1353
3198 1354
3199 1354
3200 1355
3201 1356
3202 1351
3203 1356
3204 1352
3205 1356
3206 1351
3207 1354
3208 1352
3209 1352
3210 1352
3211 1354
3212 1355
3213 1354
3214 1353
3215 1354
3216 1353
3217 1354
3218 1356
3219 1354
3220 1353
3221 1354
3222 1354
3223 1353
3224 1355
3225 1353
3226 1354
3227 1354
3228 1355
3229 1356
3230 1351
3231 1353
3232 1353
3233 1355
3234 1355
3235 1353
3236 1352
3237 1354
3238 1355
3239 1351
3240 1353
3241 1354
3242 1351
3243 1354
3244 1352
3245 1356
3246 1355
3247 1354
3248 1353
3249 1356
3250 1354
3251 1356
3252 1352
3253 1354
3254 1353
3255 1354
3256 1355
3257 1351
3258 1352
3259 1353
3260 1351
3261 1353
3262 1354
3263 1356
3264 1354
3265 1357
3266 1354
3267 1353
3268 1354
3269 1353
3270 1354
3271 1354
3272 1352
3273 1354
3274 1353
3275 1354
3276 1353
3277 1354
3278 1354
3279 1354
3280 1353
3281 1353
3282 1356
3283 1356
3284 1351
3285 1352
3286 1355
3287 1352
3288 1353
3289 1353
3290 1350
3291 1353
3292 1355
3293 1356
3294 1356
3295 1355
3296 1355
3297 1356
3298 1355
3299 1353
3300 1355
3301 1352
3302 1350
3303 1354
3304 1351
3305 1354
3306 1353
3307 1353
3308 1352
3309 1354
3310 1351
3311 1355
3312 1356
3313 1354
3314 1355
3315 1354
3316 1350
3317 1355
3318 1351
3319 1352
3320 1352
3321 1354
3322 1353
3323 1352
3324 1352
3325 1351
3326 1350
3327 1353
3328 1352
3329 1353
3330 1355
3331 1352
3332 1354
3333 1356
3334 1352
3335 1354
3336 1355
3337 1356
3338 1354
3339 1354
3340 1355
3341 1353
3342 1354
3343 1352
3344 1352
3345 1354
3346 1354
3347 1355
3348 1352
3349 1355
3350 1355
3351 1355
3352 1355
3353 1353
3354 1353
3355 1353
3356 1354
3357 1355
3358 1355
3359 1354
3360 1354
3361 1355
3362 1353
3363 1354
3364 1353
3365 1353
3366 1354
3367 1353
3368 1354
3369 1355
3370 1353
3371 1353
3372 1355
3373 1358
3374 1354
3375 1354
3376 1353
3377 1354
3378 1355
3379 1353
3380 1354
3381 1353
3382 1352
3383 1352
3384 1352
3385 1354
3386 1354
3387 1354
3388 1352
3389 1355
3390 1356
3391 1353
3392 1350
3393 1354
3394 1352
3395 1355
3396 1352
3397 1354
3398 1352
3399 1355
3400 1354
3401 1353
3402 1353
3403 1354
3404 1355
3405 1352
3406 1354
3407 1352
3408 1355
3409 1353
3410 1353
3411 1351
3412 1355
3413 1352
3414 1354
3415 1354
3416 1352
3417 1353
3418 1351
3419 1352
3420 1357
3421 1354
3422 1352
3423 1353
3424 1353
3425 1354
3426 1355
3427 1354
3428 1353
3429 1355
3430 1355
3431 1355
3432 1353
3433 1355
3434 1355
3435 1355
3436 1353
3437 1353
3438 1353
3439 1355
3440 1353
3441 1353
3442 1351
3443 1353
3444 1351
3445 1352
3446 1353
3447 1353
3448 1353
3449 1351
3450 1355
3451 1355
3452 1355
3453 1354
3454 1355
3455 1353
3456 1351
3457 1352
3458 1355
3459 1353
3460 1355
3461 1356
3462 1355
3463 1354
3464 1353
3465 1356
3466 1355
3467 1353
3468 1354
3469 1355
3470 1353
3471 1355
3472 1350
3473 1352
3474 1351
3475 1355
3476 1353
3477 1356
3478 1352
3479 1353
3480 1354
3481 1356
3482 1356
3483 1356
3484 1353
3485 1356
3486 1353
3487 1355
3488 1355
3489 1356
3490 1354
3491 1354
3492 1353
3493 1354
3494 1353
3495 1355
3496 1354
3497 1356
3498 1354
3499 1355
3500 1353
3501 1355
3502 1355
3503 1357
3504 1351
3505 1353
3506 1355
3507 1356
3508 1351
3509 1355
3510 1353
3511 1355
3512 1355
3513 1355
3514 1352
3515 1356
3516 1353
3517 1354
3518 1354
3519 1352
3520 1356
3521 1354
3522 1355
3523 1354
3524 1354
3525 1353
3526 1355
3527 1354
3528 1353
3529 1352
3530 1354
3531 1354
3532 1353
3533 1350
3534 1354
3535 1352
3536 1352
3537 1353
3538 1356
3539 1352
3540 1353
3541 1354
3542 1353
3543 1352
3544 1353
3545 1352
3546 1353
3547 1353
3548 1355
3549 1354
3550 1355
3551 1355
3552 1356
3553 1353
3554 1355
3555 1356
3556 1356
3557 1355
3558 1354
3559 1355
3560 1355
3561 1355
3562 1358
3563 1355
3564 1356
3565 1354
3566 1354
3567 1355
3568 1355
3569 1349
3570 1355
3571 1355
3572 1354
3573 1355
3574 1356
3575 1354
3576 1351
3577 1355
3578 1356
3579 1355
3580 1353
3581 1355
3582 1357
3583 1354
3584 1353
3585 1354
3586 1354
3587 1354
3588 1355
3589 1355
3590 1355
3591 1356
3592 1353
3593 1351
3594 1355
3595 1354
3596 1357
3597 1354
3598 1355
3599 1354
3600 1355
3601 1353
3602 1353
3603 1352
3604 1355
3605 1355
3606 1354
3607 1352
3608 1353
3609 1353
3610 1357
3611 1354
3612 1353
3613 1354
3614 1353
3615 1354
3616 1352
3617 1355
3618 1356
3619 1353
3620 1354
3621 1354
3622 1354
3623 1354
3624 1357
3625 1354
3626 1352
3627 1353
3628 1355
3629 1353
3630 1356
3631 1355
3632 1353
3633 1352
3634 1354
3635 1354
3636 1355
3637 1354
3638 1354
3639 1350
3640 1355
3641 1353
3642 1355
3643 1352
3644 1357
3645 1352
3646 1352
3647 1352
3648 1354
3649 1356
3650 1353
3651 1354
3652 1355
3653 1352
3654 1354
3655 1355
3656 1355
3657 1355
3658 1355
3659 1353
3660 1353
3661 1355
3662 1353
3663 1353
3664 1354
3665 1354
3666 1350
3667 1354
3668 1354
3669 1355
3670 1354
3671 1355
3672 1352
3673 1353
3674 1351
3675 1354
3676 1351
3677 1356
3678 1355
3679 1356
3680 1354
3681 1355
3682 1352
3683 1355
3684 1353
3685 1355
3686 1355
3687 1355
3688 1354
3689 1354
3690 1353
3691 1354
3692 1354
3693 1353
3694 1353
3695 1353
3696 1353
3697 1354
3698 1352
3699 1353
3700 1355
3701 1354
3702 1355
3703 1357
3704 1355
3705 1355
3706 1352
3707 1355
3708 1353
3709 1354
3710 1354
3711 1354
3712 1354
3713 1354
3714 1352
3715 1355
3716 1355
3717 1353
3718 1350
3719 1352
3720 1353
3721 1354
3722 1354
3723 1353
3724 1354
3725 1354
3726 1354
3727 1354
3728 1356
3729 1353
3730 1353
3731 1354
3732 1352
3733 1353
3734 1354
3735 1354
3736 1357
3737 1354
3738 1353
3739 1352
3740 1354
3741 1356
3742 1355
3743 1355
3744 1355
3745 1355
3746 1352
3747 1353
3748 1350
3749 1352
3750 1355
3751 1352
3752 1353
3753 1353
3754 1353
3755 1351
3756 1353
3757 1354
3758 1353
3759 1353
3760 1353
3761 1356
3762 1354
3763 1352
3764 1351
3765 1355
3766 1355
3767 1355
3768 1353
3769 1353
3770 1355
3771 1355
3772 1354
3773 1354
3774 1351
3775 1354
3776 1352
3777 1353
3778 1353
3779 1354
3780 1353
3781 1356
3782 1357
3783 1351
3784 1353
3785 1355
3786 1353
3787 1356
3788 1354
3789 1352
3790 1352
3791 1355
3792 1353
3793 1356
3794 1354
3795 1353
3796 1355
3797 1356
3798 1353
3799 1355
3800 1353
3801 1356
3802 1353
3803 1352
3804 1351
3805 1354
3806 1354
3807 1355
3808 1352
3809 1356
3810 1357
3811 1355
3812 1353
3813 1356
3814 1357
3815 1356
3816 1354
3817 1353
3818 1353
3819 1356
3820 1352
3821 1354
3822 1352
3823 1354
3824 1354
3825 1356
3826 1355
3827 1354
3828 1354
3829 1355
3830 1353
3831 1354
3832 1352
3833 1354
3834 1356
3835 1355
3836 1353
3837 1353
3838 1351
3839 1354
3840 1358
3841 1355
3842 1356
3843 1353
3844 1353
3845 1356
3846 1354
3847 1353
3848 1353
3849 1349
3850 1351
3851 1351
3852 1352
3853 1356
3854 1354
3855 1354
3856 1355
3857 1352
3858 1354
3859 1355
3860 1353
3861 1353
3862 1351
3863 1351
3864 1356
3865 1355
3866 1354
3867 1353
3868 1355
3869 1354
3870 1354
3871 1351
3872 1351
3873 1354
3874 1354
3875 1353
3876 1354
3877 1354
3878 1351
3879 1353
3880 1358
3881 1356
3882 1354
3883 1354
3884 1353
3885 1354
3886 1355
3887 1353
3888 1352
3889 1353
3890 1354
3891 1356
3892 1355
3893 1352
3894 1353
3895 1354
3896 1355
3897 1355
3898 1353
3899 1356
3900 1354
3901 1354
3902 1354
3903 1353
3904 1354
3905 1354
3906 1353
3907 1354
3908 1355
3909 1353
3910 1353
3911 1353
3912 1352
3913 1350
3914 1354
3915 1352
3916 1352
3917 1350
3918 1351
3919 1354
3920 1354
3921 1351
3922 1356
3923 1354
3924 1353
3925 1354
3926 1353
3927 1354
3928 1353
3929 1352
3930 1352
3931 1352
3932 1354
3933 1351
3934 1353
3935 1356
3936 1355
3937 1355
3938 1354
3939 1353
3940 1354
3941 1354
3942 1355
3943 1353
3944 1352
3945 1350
3946 1351
3947 1353
3948 1350
3949 1353
3950 1355
3951 1354
3952 1354
3953 1354
3954 1354
3955 1355
3956 1356
3957 1354
3958 1353
3959 1353
3960 1356
3961 1353
3962 1352
3963 1354
3964 1353
3965 1352
3966 1356
3967 1354
3968 1354
3969 1353
3970 1351
3971 1353
3972 1353
3973 1354
3974 1355
3975 1354
3976 1356
3977 1353
3978 1354
3979 1355
3980 1354
3981 1356
3982 1353
3983 1354
3984 1353
3985 1352
3986 1352
3987 1354
3988 1353
3989 1352
3990 1357
3991 1354
3992 1353
3993 1352
3994 1350
3995 1355
3996 1353
3997 1353
3998 1356
3999 1354
