0 1360
1 1353
2 1357
3 1354
4 1357
5 1354
6 1358
7 1355
8 1356
9 1356
10 1355
11 1357
12 1357
13 1356
14 1356
15 1358
16 1359
17 1358
18 1358
19 1356
20 1359
21 1356
22 1357
23 1358
24 1357
25 1356
26 1356
27 1356
28 1356
29 1356
30 1356
31 1356
32 1355
33 1358
34 1357
35 1357
36 1355
37 1354
38 1354
39 1356
40 1355
41 1357
42 1355
43 1357
44 1357
45 1357
46 1358
47 1355
48 1357
49 1356
50 1354
51 1355
52 1355
53 1357
54 1355
55 1354
56 1355
57 1356
58 1357
59 1356
60 1359
61 1355
62 1356
63 1355
64 1356
65 1355
66 1355
67 1354
68 1355
69 1357
70 1354
71 1355
72 1358
73 1358
74 1356
75 1356
76 1354
77 1355
78 1355
79 1357
80 1356
81 1356
82 1358
83 1357
84 1356
85 1355
86 1355
87 1356
88 1357
89 1355
90 1357
91 1357
92 1353
93 1355
94 1355
95 1355
96 1358
97 1356
98 1355
99 1352
100 1353
101 1354
102 1358
103 1356
104 1356
105 1352
106 1355
107 1359
108 1358
109 1351
110 1355
111 1354
112 1359
113 1356
114 1355
115 1356
116 1357
117 1356
118 1356
119 1356
120 1355
121 1355
122 1355
123 1359
124 1356
125 1354
126 1353
127 1353
128 1358
129 1355
130 1354
131 1356
132 1357
133 1354
134 1357
135 1358
136 1356
137 1353
138 1355
139 1355
140 1355
141 1356
142 1358
143 1357
144 1357
145 1355
146 1356
147 1356
148 1357
149 1356
150 1354
151 1355
152 1353
153 1352
154 1355
155 1354
156 1355
157 1355
158 1357
159 1356
160 1354
161 1352
162 1354
163 1355
164 1360
165 1355
166 1356
167 1356
168 1355
169 1356
170 1353
171 1356
172 1359
173 1358
174 1357
175 1356
176 1355
177 1355
178 1356
179 1354
180 1359
181 1355
182 1356
183 1355
184 1354
185 1354
186 1358
187 1355
188 1357
189 1355
190 1359
191 1357
192 1354
193 1355
194 1355
195 1354
196 1352
197 1355
198 1358
199 1356
200 1358
201 1356
202 1356
203 1356
204 1357
205 1357
206 1358
207 1358
208 1357
209 1358
210 1358
211 1355
212 1358
213 1355
214 1357
215 1355
216 1356
217 1355
218 1353
219 1354
220 1356
221 1353
222 1355
223 1353
224 1355
225 1353
226 1354
227 1355
228 1359
229 1356
230 1356
231 1355
232 1355
233 1357
234 1356
235 1359
236 1355
237 1355
238 1357
239 1356
240 1358
241 1358
242 1357
243 1355
244 1354
245 1354
246 1355
247 1358
248 1357
249 1357
250 1355
251 1357
252 1357
253 1356
254 1357
255 1356
256 1357
257 1355
258 1355
259 1356
260 1357
261 1359
262 1359
263 1355
264 1357
265 1355
266 1356
267 1356
268 1355
269 1357
270 1357
271 1356
272 1357
273 1356
274 1360
275 1359
276 1356
277 1357
278 1355
279 1352
280 1355
281 1355
282 1356
283 1358
284 1356
285 1353
286 1357
287 1358
288 1358
289 1360
290 1356
291 1356
292 1356
293 1356
294 1357
295 1357
296 1357
297 1357
298 1359
299 1356
300 1357
301 1358
302 1353
303 1358
304 1359
305 1355
306 1356
307 1357
308 1357
309 1355
310 1354
311 1354
312 1358
313 1353
314 1356
315 1357
316 1358
317 1357
318 1354
319 1355
320 1355
321 1356
322 1357
323 1357
324 1357
325 1357
326 1353
327 1359
328 1358
329 1356
330 1356
331 1355
332 1359
333 1356
334 1357
335 1356
336 1359
337 1358
338 1357
339 1356
340 1355
341 1356
342 1356
343 1356
344 1354
345 1356
346 1357
347 1356
348 1354
349 1353
350 1359
351 1358
352 1356
353 1354
354 1355
355 1356
356 1356
357 1358
358 1359
359 1356
360 1357
361 1356
362 1355
363 1357
364 1355
365 1355
366 1359
367 1358
368 1357
369 1353
370 1355
371 1355
372 1355
373 1353
374 1355
375 1356
376 1356
377 1356
378 1352
379 1355
380 1357
381 1356
382 1356
383 1356
384 1356
385 1360
386 1354
387 1356
388 1357
389 1359
390 1360
391 1355
392 1359
393 1356
394 1357
395 1357
396 1357
397 1356
398 1357
399 1355
400 1357
401 1356
402 1357
403 1357
404 1353
405 1356
406 1355
407 1357
408 1354
409 1356
410 1355
411 1356
412 1356
413 1357
414 1355
415 1356
416 1359
417 1356
418 1355
419 1356
420 1355
421 1357
422 1359
423 1356
424 1357
425 1355
426 1357
427 1357
428 1355
429 1358
430 1358
431 1359
432 1357
433 1359
434 1358
435 1358
436 1355
437 1356
438 1356
439 1357
440 1355
441 1355
442 1358
443 1357
444 1357
445 1359
446 1358
447 1355
448 1358
449 1356
450 1358
451 1359
452 1357
453 1357
454 1356
455 1355
456 1353
457 1357
458 1357
459 1358
460 1355
461 1357
462 1357
463 1358
464 1358
465 1356
466 1356
467 1358
468 1355
469 1356
470 1358
471 1358
472 1355
473 1357
474 1355
475 1356
476 1358
477 1358
478 1357
479 1357
480 1357
481 1356
482 1354
483 1359
484 1355
485 1357
486 1355
487 1356
488 1356
489 1356
490 1357
491 1357
492 1356
493 1358
494 1356
495 1358
496 1355
497 1357
498 1354
499 1356
500 1354
501 1359
502 1355
503 1359
504 1354
505 1358
506 1355
507 1355
508 1356
509 1358
510 1356
511 1355
512 1356
513 1357
514 1357
515 1359
516 1357
517 1358
518 1355
519 1356
520 1355
521 1360
522 1354
523 1358
524 1356
525 1356
526 1353
527 1357
528 1357
529 1357
530 1357
531 1356
532 1356
533 1359
534 1358
535 1360
536 1362
537 1367
538 1372
539 1382
540 1395
541 1412
542 1439
543 1471
544 1502
545 1540
546 1579
547 1615
548 1660
549 1696
550 1726
551 1755
552 1780
553 1800
554 1818
555 1828
556 1839
557 1849
558 1855
559 1855
560 1850
561 1847
562 1837
563 1834
564 1821
565 1808
566 1790
567 1774
568 1755
569 1739
570 1720
571 1704
572 1685
573 1667
574 1651
575 1634
576 1619
577 1603
578 1588
579 1580
580 1566
581 1554
582 1545
583 1530
584 1519
585 1507
586 1500
587 1492
588 1481
589 1476
590 1468
591 1463
592 1453
593 1448
594 1442
595 1441
596 1433
597 1426
598 1425
599 1420
600 1413
601 1410
602 1410
603 1405
604 1403
605 1400
606 1395
607 1392
608 1391
609 1388
610 1388
611 1387
612 1381
613 1379
614 1381
615 1376
616 1376
617 1375
618 1374
619 1374
620 1371
621 1369
622 1367
623 1370
624 1366
625 1366
626 1366
627 1366
628 1367
629 1368
630 1366
631 1363
632 1366
633 1362
634 1361
635 1363
636 1363
637 1362
638 1358
639 1361
640 1358
641 1359
642 1357
643 1361
644 1358
645 1358
646 1357
647 1360
648 1357
649 1359
650 1360
651 1358
652 1358
653 1358
654 1358
655 1358
656 1358
657 1358
658 1357
659 1361
660 1360
661 1359
662 1354
663 1356
664 1357
665 1358
666 1358
667 1358
668 1357
669 1356
670 1356
671 1357
672 1354
673 1356
674 1356
675 1354
676 1355
677 1356
678 1355
679 1356
680 1355
681 1359
682 1356
683 1355
684 1353
685 1353
686 1356
687 1356
688 1356
689 1355
690 1357
691 1356
692 1357
693 1354
694 1355
695 1356
696 1353
697 1355
698 1357
699 1356
700 1355
701 1354
702 1356
703 1355
704 1354
705 1356
706 1354
707 1359
708 1359
709 1357
710 1356
711 1356
712 1360
713 1356
714 1353
715 1356
716 1356
717 1356
718 1353
719 1355
720 1355
721 1359
722 1353
723 1354
724 1354
725 1356
726 1357
727 1356
728 1355
729 1359
730 1357
731 1354
732 1357
733 1354
734 1355
735 1356
736 1355
737 1353
738 1354
739 1356
740 1355
741 1355
742 1357
743 1355
744 1356
745 1355
746 1357
747 1357
748 1356
749 1356
750 1356
751 1356
752 1357
753 1357
754 1357
755 1358
756 1357
757 1359
758 1358
759 1357
760 1355
761 1357
762 1357
763 1354
764 1357
765 1355
766 1354
767 1355
768 1354
769 1351
770 1356
771 1356
772 1354
773 1354
774 1357
775 1355
776 1354
777 1355
778 1356
779 1356
780 1355
781 1355
782 1355
783 1356
784 1355
785 1354
786 1354
787 1357
788 1357
789 1356
790 1355
791 1357
792 1355
793 1359
794 1358
795 1358
796 1359
797 1356
798 1357
799 1354
800 1356
801 1353
802 1356
803 1355
804 1355
805 1356
806 1357
807 1357
808 1357
809 1358
810 1357
811 1357
812 1356
813 1356
814 1354
815 1356
816 1358
817 1356
818 1357
819 1354
820 1354
821 1354
822 1357
823 1355
824 1355
825 1358
826 1357
827 1357
828 1357
829 1354
830 1357
831 1358
832 1355
833 1358
834 1355
835 1356
836 1355
837 1355
838 1356
839 1358
840 1357
841 1354
842 1355
843 1358
844 1356
845 1356
846 1355
847 1356
848 1358
849 1357
850 1355
851 1355
852 1355
853 1355
854 1355
855 1357
856 1357
857 1357
858 1356
859 1358
860 1355
861 1355
862 1355
863 1354
864 1355
865 1359
866 1355
867 1356
868 1356
869 1356
870 1357
871 1356
872 1354
873 1355
874 1358
875 1355
876 1356
877 1357
878 1354
879 1356
880 1357
881 1356
882 1358
883 1356
884 1356
885 1355
886 1358
887 1355
888 1354
889 1355
890 1355
891 1357
892 1356
893 1357
894 1355
895 1356
896 1356
897 1356
898 1355
899 1358
900 1356
901 1357
902 1355
903 1357
904 1355
905 1357
906 1357
907 1357
908 1356
909 1354
910 1356
911 1359
912 1359
913 1358
914 1358
915 1355
916 1353
917 1357
918 1354
919 1356
920 1355
921 1354
922 1356
923 1357
924 1355
925 1356
926 1357
927 1356
928 1357
929 1356
930 1357
931 1354
932 1355
933 1356
934 1358
935 1356
936 1358
937 1357
938 1355
939 1356
940 1356
941 1354
942 1350
943 1352
944 1355
945 1356
946 1354
947 1355
948 1354
949 1356
950 1356
951 1355
952 1352
953 1356
954 1355
955 1354
956 1354
957 1357
958 1355
959 1357
960 1354
961 1357
962 1357
963 1356
964 1357
965 1356
966 1354
967 1354
968 1355
969 1356
970 1358
971 1355
972 1357
973 1356
974 1355
975 1357
976 1356
977 1357
978 1354
979 1356
980 1354
981 1356
982 1357
983 1358
984 1356
985 1356
986 1354
987 1355
988 1355
989 1356
990 1356
991 1358
992 1354
993 1357
994 1355
995 1356
996 1356
997 1356
998 1357
999 1358
1000 1355
1001 1356
1002 1358
1003 1355
1004 1354
1005 1356
1006 1358
1007 1359
1008 1357
1009 1356
1010 1357
1011 1357
1012 1355
1013 1357
1014 1354
1015 1355
1016 1355
1017 1357
1018 1354
1019 1358
1020 1354
1021 1355
1022 1357
1023 1354
1024 1354
1025 1357
1026 1355
1027 1357
1028 1357
1029 1355
1030 1356
1031 1354
1032 1356
1033 1356
1034 1357
1035 1356
1036 1356
1037 1353
1038 1354
1039 1353
1040 1354
1041 1352
1042 1355
1043 1354
1044 1353
1045 1356
1046 1359
1047 1353
1048 1357
1049 1357
1050 1353
1051 1356
1052 1355
1053 1357
1054 1357
1055 1357
1056 1353
1057 1354
1058 1354
1059 1355
1060 1356
1061 1355
1062 1357
1063 1356
1064 1356
1065 1355
1066 1353
1067 1358
1068 1357
1069 1352
1070 1356
1071 1356
1072 1355
1073 1356
1074 1356
1075 1354
1076 1355
1077 1356
1078 1356
1079 1354
1080 1358
1081 1355
1082 1354
1083 1355
1084 1357
1085 1356
1086 1356
1087 1355
1088 1354
1089 1355
1090 1356
1091 1356
1092 1359
1093 1355
1094 1357
1095 1355
1096 1357
1097 1358
1098 1357
1099 1354
1100 1355
1101 1355
1102 1356
1103 1355
1104 1356
1105 1355
1106 1357
1107 1357
1108 1356
1109 1354
1110 1357
1111 1357
1112 1356
1113 1356
1114 1356
1115 1358
1116 1355
1117 1358
1118 1355
1119 1355
1120 1357
1121 1360
1122 1357
1123 1357
1124 1357
1125 1357
1126 1358
1127 1355
1128 1353
1129 1354
1130 1355
1131 1356
1132 1355
1133 1353
1134 1356
1135 1356
1136 1356
1137 1356
1138 1357
1139 1353
1140 1355
1141 1355
1142 1355
1143 1355
1144 1356
1145 1357
1146 1358
1147 1354
1148 1355
1149 1357
1150 1354
1151 1355
1152 1356
1153 1356
1154 1354
1155 1356
1156 1356
1157 1356
1158 1356
1159 1357
1160 1357
1161 1357
1162 1356
1163 1357
1164 1355
1165 1355
1166 1355
1167 1357
1168 1357
1169 1356
1170 1354
1171 1357
1172 1357
1173 1355
1174 1355
1175 1352
1176 1353
1177 1356
1178 1356
1179 1356
1180 1357
1181 1355
1182 1356
1183 1354
1184 1356
1185 1356
1186 1358
1187 1358
1188 1355
1189 1355
1190 1358
1191 1359
1192 1356
1193 1357
1194 1353
1195 1355
1196 1355
1197 1356
1198 1354
1199 1355
1200 1355
1201 1356
1202 1356
1203 1354
1204 1352
1205 1355
1206 1355
1207 1358
1208 1356
1209 1353
1210 1356
1211 1358
1212 1356
1213 1352
1214 1353
1215 1354
1216 1355
1217 1356
1218 1355
1219 1356
1220 1360
1221 1357
1222 1354
1223 1354
1224 1356
1225 1356
1226 1356
1227 1357
1228 1356
1229 1358
1230 1357
1231 1354
1232 1351
1233 1357
1234 1357
1235 1355
1236 1355
1237 1358
1238 1358
1239 1359
1240 1358
1241 1357
1242 1354
1243 1358
1244 1357
1245 1358
1246 1357
1247 1356
1248 1354
1249 1354
1250 1356
1251 1354
1252 1353
1253 1357
1254 1355
1255 1355
1256 1354
1257 1355
1258 1356
1259 1358
1260 1358
1261 1355
1262 1356
1263 1357
1264 1355
1265 1356
1266 1361
1267 1356
1268 1356
1269 1355
1270 1356
1271 1353
1272 1357
1273 1356
1274 1355
1275 1354
1276 1358
1277 1354
1278 1357
1279 1356
1280 1356
1281 1356
1282 1356
1283 1356
1284 1356
1285 1354
1286 1356
1287 1356
1288 1356
1289 1357
1290 1356
1291 1356
1292 1356
1293 1356
1294 1357
1295 1357
1296 1356
1297 1356
1298 1356
1299 1358
1300 1358
1301 1359
1302 1356
1303 1356
1304 1356
1305 1358
1306 1358
1307 1358
1308 1358
1309 1357
1310 1355
1311 1356
1312 1356
1313 1355
1314 1355
1315 1355
1316 1355
1317 1356
1318 1355
1319 1356
1320 1354
1321 1355
1322 1355
1323 1356
1324 1352
1325 1355
1326 1353
1327 1355
1328 1357
1329 1356
1330 1357
1331 1357
1332 1354
1333 1356
1334 1356
1335 1356
1336 1357
1337 1357
1338 1357
1339 1357
1340 1354
1341 1355
1342 1358
1343 1356
1344 1356
1345 1358
1346 1356
1347 1359
1348 1355
1349 1355
1350 1357
1351 1357
1352 1355
1353 1358
1354 1357
1355 1354
1356 1357
1357 1357
1358 1357
1359 1356
1360 1359
1361 1358
1362 1355
1363 1356
1364 1354
1365 1353
1366 1355
1367 1355
1368 1354
1369 1356
1370 1357
1371 1356
1372 1353
1373 1356
1374 1354
1375 1356
1376 1355
1377 1356
1378 1357
1379 1356
1380 1357
1381 1353
1382 1357
1383 1356
1384 1357
1385 1357
1386 1356
1387 1356
1388 1357
1389 1356
1390 1356
1391 1357
1392 1356
1393 1356
1394 1353
1395 1356
1396 1357
1397 1356
1398 1356
1399 1353
1400 1354
1401 1353
1402 1355
1403 1355
1404 1351
1405 1352
1406 1352
1407 1355
1408 1357
1409 1355
1410 1351
1411 1356
1412 1355
1413 1353
1414 1356
1415 1356
1416 1355
1417 1355
1418 1355
1419 1354
1420 1354
1421 1356
1422 1354
1423 1356
1424 1355
1425 1358
1426 1356
1427 1355
1428 1357
1429 1355
1430 1357
1431 1359
1432 1357
1433 1356
1434 1358
1435 1357
1436 1356
1437 1358
1438 1357
1439 1356
1440 1353
1441 1356
1442 1355
1443 1355
1444 1357
1445 1353
1446 1353
1447 1355
1448 1354
1449 1356
1450 1353
1451 1355
1452 1353
1453 1356
1454 1354
1455 1352
1456 1353
1457 1359
1458 1357
1459 1358
1460 1356
1461 1356
1462 1356
1463 1358
1464 1353
1465 1357
1466 1354
1467 1355
1468 1355
1469 1356
1470 1357
1471 1355
1472 1357
1473 1353
1474 1352
1475 1355
1476 1357
1477 1357
1478 1355
1479 1356
1480 1352
1481 1354
1482 1355
1483 1356
1484 1352
1485 1357
1486 1357
1487 1357
1488 1356
1489 1353
1490 1354
1491 1356
1492 1350
1493 1356
1494 1356
1495 1354
1496 1355
1497 1356
1498 1353
1499 1354
1500 1355
1501 1358
1502 1354
1503 1355
1504 1354
1505 1355
1506 1353
1507 1356
1508 1357
1509 1355
1510 1356
1511 1358
1512 1355
1513 1355
1514 1357
1515 1355
1516 1355
1517 1355
1518 1357
1519 1354
1520 1355
1521 1356
1522 1354
1523 1356
1524 1353
1525 1356
1526 1357
1527 1356
1528 1356
1529 1358
1530 1355
1531 1351
1532 1354
1533 1358
1534 1355
1535 1354
1536 1353
1537 1356
1538 1358
1539 1356
1540 1354
1541 1356
1542 1355
1543 1357
1544 1353
1545 1355
1546 1356
1547 1357
1548 1355
1549 1356
1550 1355
1551 1356
1552 1358
1553 1359
1554 1355
1555 1356
1556 1353
1557 1354
1558 1355
1559 1358
1560 1356
1561 1357
1562 1356
1563 1356
1564 1354
1565 1358
1566 1356
1567 1356
1568 1357
1569 1357
1570 1357
1571 1355
1572 1353
1573 1356
1574 1356
1575 1355
1576 1356
1577 1357
1578 1356
1579 1356
1580 1354
1581 1355
1582 1355
1583 1357
1584 1355
1585 1354
1586 1358
1587 1354
1588 1353
1589 1356
1590 1355
1591 1354
1592 1355
1593 1357
1594 1356
1595 1358
1596 1357
1597 1357
1598 1357
1599 1354
1600 1357
1601 1355
1602 1358
1603 1354
1604 1356
1605 1357
1606 1356
1607 1358
1608 1357
1609 1357
1610 1356
1611 1357
1612 1358
1613 1355
1614 1354
1615 1356
1616 1358
1617 1355
1618 1356
1619 1356
1620 1355
1621 1357
1622 1356
1623 1357
1624 1355
1625 1355
1626 1357
1627 1356
1628 1355
1629 1357
1630 1354
1631 1356
1632 1354
1633 1356
1634 1357
1635 1355
1636 1358
1637 1355
1638 1357
1639 1356
1640 1356
1641 1356
1642 1356
1643 1356
1644 1356
1645 1356
1646 1356
1647 1356
1648 1359
1649 1356
1650 1357
1651 1354
1652 1355
1653 1355
1654 1354
1655 1356
1656 1357
1657 1355
1658 1357
1659 1353
1660 1358
1661 1356
1662 1357
1663 1357
1664 1355
1665 1356
1666 1355
1667 1356
1668 1356
1669 1356
1670 1355
1671 1357
1672 1357
1673 1355
1674 1355
1675 1356
1676 1361
1677 1359
1678 1357
1679 1354
1680 1357
1681 1355
1682 1354
1683 1357
1684 1357
1685 1356
1686 1357
1687 1356
1688 1356
1689 1358
1690 1357
1691 1358
1692 1355
1693 1356
1694 1355
1695 1356
1696 1357
1697 1357
1698 1354
1699 1357
1700 1357
1701 1356
1702 1353
1703 1358
1704 1356
1705 1357
1706 1357
1707 1357
1708 1358
1709 1356
1710 1354
1711 1355
1712 1356
1713 1356
1714 1357
1715 1357
1716 1359
1717 1357
1718 1357
1719 1354
1720 1355
1721 1358
1722 1357
1723 1355
1724 1353
1725 1357
1726 1355
1727 1354
1728 1355
1729 1355
1730 1354
1731 1356
1732 1353
1733 1354
1734 1353
1735 1355
1736 1354
1737 1356
1738 1357
1739 1356
1740 1355
1741 1357
1742 1357
1743 1357
1744 1358
1745 1355
1746 1354
1747 1354
1748 1355
1749 1355
1750 1355
1751 1357
1752 1358
1753 1357
1754 1357
1755 1356
1756 1357
1757 1355
1758 1355
1759 1356
1760 1357
1761 1357
1762 1354
1763 1355
1764 1353
1765 1355
1766 1355
1767 1356
1768 1355
1769 1354
1770 1357
1771 1354
1772 1357
1773 1357
1774 1354
1775 1354
1776 1355
1777 1357
1778 1355
1779 1356
1780 1357
1781 1354
1782 1357
1783 1356
1784 1355
1785 1358
1786 1357
1787 1358
1788 1356
1789 1356
1790 1354
1791 1357
1792 1359
1793 1359
1794 1357
1795 1355
1796 1357
1797 1354
1798 1354
1799 1356
1800 1356
1801 1355
1802 1356
1803 1353
1804 1355
1805 1353
1806 1355
1807 1356
1808 1356
1809 1353
1810 1354
1811 1357
1812 1357
1813 1354
1814 1359
1815 1358
1816 1357
1817 1357
1818 1354
1819 1354
1820 1357
1821 1357
1822 1358
1823 1358
1824 1355
1825 1355
1826 1357
1827 1356
1828 1354
1829 1355
1830 1354
1831 1354
1832 1354
1833 1355
1834 1353
1835 1355
1836 1355
1837 1356
1838 1357
1839 1353
1840 1353
1841 1357
1842 1356
1843 1356
1844 1355
1845 1353
1846 1356
1847 1356
1848 1357
1849 1359
1850 1362
1851 1356
1852 1357
1853 1355
1854 1358
1855 1358
1856 1357
1857 1357
1858 1354
1859 1357
1860 1353
1861 1356
1862 1357
1863 1358
1864 1356
1865 1355
1866 1353
1867 1354
1868 1355
1869 1355
1870 1357
1871 1357
1872 1355
1873 1356
1874 1354
1875 1358
1876 1357
1877 1357
1878 1358
1879 1359
1880 1356
1881 1355
1882 1354
1883 1356
1884 1353
1885 1358
1886 1357
1887 1356
1888 1355
1889 1355
1890 1356
1891 1356
1892 1357
1893 1353
1894 1358
1895 1356
1896 1357
1897 1358
1898 1355
1899 1355
1900 1353
1901 1354
1902 1357
1903 1353
1904 1354
1905 1353
1906 1357
1907 1355
1908 1355
1909 1356
1910 1354
1911 1355
1912 1357
1913 1354
1914 1357
1915 1354
1916 1358
1917 1357
1918 1356
1919 1356
1920 1354
1921 1355
1922 1356
1923 1355
1924 1354
1925 1355
1926 1354
1927 1356
1928 1353
1929 1353
1930 1356
1931 1357
1932 1355
1933 1356
1934 1355
1935 1353
1936 1357
1937 1354
1938 1353
1939 1355
1940 1356
1941 1356
1942 1356
1943 1356
1944 1356
1945 1355
1946 1356
1947 1357
1948 1353
1949 1354
1950 1358
1951 1356
1952 1357
1953 1353
1954 1355
1955 1353
1956 1356
1957 1355
1958 1356
1959 1355
1960 1357
1961 1359
1962 1357
1963 1353
1964 1355
1965 1354
1966 1356
1967 1356
1968 1355
1969 1354
1970 1352
1971 1355
1972 1354
1973 1354
1974 1357
1975 1356
1976 1357
1977 1355
1978 1356
1979 1356
1980 1353
1981 1355
1982 1358
1983 1357
1984 1358
1985 1355
1986 1355
1987 1356
1988 1356
1989 1356
1990 1357
1991 1356
1992 1356
1993 1358
1994 1354
1995 1356
1996 1356
1997 1356
1998 1355
1999 1356
2000 1356
2001 1356
2002 1357
2003 1359
2004 1354
2005 1357
2006 1357
2007 1357
2008 1357
2009 1356
2010 1358
2011 1359
2012 1353
2013 1355
2014 1357
2015 1356
2016 1355
2017 1358
2018 1354
2019 1357
2020 1357
2021 1356
2022 1354
2023 1356
2024 1357
2025 1358
2026 1359
2027 1356
2028 1357
2029 1357
2030 1359
2031 1356
2032 1354
2033 1353
2034 1355
2035 1358
2036 1357
2037 1356
2038 1355
2039 1356
2040 1355
2041 1354
2042 1357
2043 1355
2044 1357
2045 1356
2046 1358
2047 1357
2048 1357
2049 1357
2050 1355
2051 1358
2052 1356
2053 1358
2054 1357
2055 1355
2056 1356
2057 1356
2058 1354
2059 1357
2060 1357
2061 1357
2062 1355
2063 1357
2064 1356
2065 1356
2066 1357
2067 1355
2068 1358
2069 1357
2070 1359
2071 1357
2072 1357
2073 1356
2074 1353
2075 1356
2076 1356
2077 1355
2078 1357
2079 1355
2080 1356
2081 1358
2082 1355
2083 1360
2084 1356
2085 1354
2086 1355
2087 1354
2088 1356
2089 1355
2090 1356
2091 1355
2092 1353
2093 1357
2094 1357
2095 1357
2096 1355
2097 1356
2098 1352
2099 1353
2100 1357
2101 1356
2102 1357
2103 1355
2104 1354
2105 1358
2106 1358
2107 1357
2108 1356
2109 1355
2110 1354
2111 1355
2112 1356
2113 1354
2114 1353
2115 1356
2116 1356
2117 1359
2118 1357
2119 1355
2120 1357
2121 1356
2122 1358
2123 1359
2124 1358
2125 1356
2126 1356
2127 1356
2128 1354
2129 1356
2130 1357
2131 1359
2132 1356
2133 1356
2134 1356
2135 1356
2136 1357
2137 1355
2138 1355
2139 1356
2140 1355
2141 1358
2142 1355
2143 1355
2144 1353
2145 1354
2146 1355
2147 1357
2148 1356
2149 1356
2150 1358
2151 1356
2152 1357
2153 1357
2154 1357
2155 1358
2156 1356
2157 1356
2158 1356
2159 1354
2160 1357
2161 1358
2162 1357
2163 1355
2164 1357
2165 1354
2166 1356
2167 1353
2168 1358
2169 1353
2170 1353
2171 1355
2172 1360
2173 1359
2174 1358
2175 1354
2176 1354
2177 1355
2178 1356
2179 1354
2180 1352
2181 1350
2182 1353
2183 1356
2184 1354
2185 1354
2186 1356
2187 1355
2188 1358
2189 1355
2190 1357
2191 1356
2192 1355
2193 1358
2194 1360
2195 1355
2196 1356
2197 1356
2198 1358
2199 1360
2200 1355
2201 1355
2202 1357
2203 1356
2204 1358
2205 1355
2206 1358
2207 1356
2208 1356
2209 1353
2210 1358
2211 1356
2212 1357
2213 1353
2214 1356
2215 1355
2216 1357
2217 1356
2218 1359
2219 1357
2220 1358
2221 1356
2222 1357
2223 1358
2224 1357
2225 1356
2226 1358
2227 1355
2228 1359
2229 1359
2230 1357
2231 1356
2232 1356
2233 1356
2234 1356
2235 1357
2236 1356
2237 1356
2238 1354
2239 1355
2240 1354
2241 1357
2242 1360
2243 1358
2244 1357
2245 1354
2246 1354
2247 1356
2248 1356
2249 1356
2250 1360
2251 1357
2252 1356
2253 1356
2254 1355
2255 1357
2256 1357
2257 1357
2258 1356
2259 1358
2260 1354
2261 1358
2262 1356
2263 1357
2264 1357
2265 1356
2266 1356
2267 1358
2268 1356
2269 1358
2270 1356
2271 1357
2272 1355
2273 1356
2274 1353
2275 1355
2276 1353
2277 1356
2278 1356
2279 1358
2280 1357
2281 1356
2282 1356
2283 1356
2284 1356
2285 1358
2286 1357
2287 1356
2288 1356
2289 1355
2290 1356
2291 1357
2292 1356
2293 1356
2294 1358
2295 1357
2296 1357
2297 1354
2298 1357
2299 1353
2300 1356
2301 1353
2302 1356
2303 1355
2304 1357
2305 1360
2306 1357
2307 1354
2308 1355
2309 1359
2310 1358
2311 1358
2312 1357
2313 1357
2314 1358
2315 1357
2316 1359
2317 1356
2318 1358
2319 1357
2320 1357
2321 1360
2322 1355
2323 1357
2324 1357
2325 1359
2326 1356
2327 1355
2328 1355
2329 1356
2330 1356
2331 1356
2332 1356
2333 1354
2334 1357
2335 1355
2336 1354
2337 1356
2338 1355
2339 1356
2340 1358
2341 1357
2342 1357
2343 1354
2344 1356
2345 1357
2346 1359
2347 1356
2348 1353
2349 1351
2350 1354
2351 1359
2352 1361
2353 1356
2354 1351
2355 1354
2356 1360
2357 1354
2358 1354
2359 1352
2360 1355
2361 1354
2362 1357
2363 1355
2364 1355
2365 1356
2366 1357
2367 1357
2368 1356
2369 1353
2370 1354
2371 1356
2372 1357
2373 1356
2374 1356
2375 1355
2376 1357
2377 1357
2378 1356
2379 1357
2380 1356
2381 1356
2382 1354
2383 1356
2384 1354
2385 1357
2386 1354
2387 1356
2388 1354
2389 1355
2390 1356
2391 1358
2392 1354
2393 1356
2394 1359
2395 1355
2396 1355
2397 1356
2398 1358
2399 1356
2400 1357
2401 1358
2402 1358
2403 1357
2404 1356
2405 1356
2406 1357
2407 1357
2408 1355
2409 1355
2410 1354
2411 1355
2412 1356
2413 1356
2414 1354
2415 1356
2416 1357
2417 1358
2418 1358
2419 1354
2420 1354
2421 1356
2422 1356
2423 1357
2424 1356
2425 1354
2426 1355
2427 1357
2428 1356
2429 1354
2430 1353
2431 1356
2432 1356
2433 1355
2434 1355
2435 1358
2436 1356
2437 1357
2438 1356
2439 1354
2440 1355
2441 1357
2442 1356
2443 1359
2444 1357
2445 1356
2446 1354
2447 1355
2448 1354
2449 1353
2450 1353
2451 1354
2452 1354
2453 1354
2454 1355
2455 1359
2456 1356
2457 1356
2458 1358
2459 1356
2460 1357
2461 1357
2462 1357
2463 1355
2464 1355
2465 1354
2466 1357
2467 1357
2468 1357
2469 1356
2470 1357
2471 1357
2472 1355
2473 1355
2474 1353
2475 1355
2476 1356
2477 1356
2478 1357
2479 1355
2480 1357
2481 1357
2482 1358
2483 1355
2484 1355
2485 1356
2486 1356
2487 1356
2488 1356
2489 1355
2490 1355
2491 1355
2492 1356
2493 1356
2494 1357
2495 1358
2496 1355
2497 1357
2498 1355
2499 1356
2500 1355
2501 1356
2502 1357
2503 1355
2504 1354
2505 1354
2506 1358
2507 1356
2508 1357
2509 1356
2510 1356
2511 1354
2512 1354
2513 1352
2514 1355
2515 1358
2516 1355
2517 1358
2518 1356
2519 1357
2520 1356
2521 1355
2522 1353
2523 1356
2524 1358
2525 1357
2526 1356
2527 1356
2528 1357
2529 1354
2530 1353
2531 1356
2532 1360
2533 1358
2534 1357
2535 1356
2536 1356
2537 1357
2538 1357
2539 1353
2540 1353
2541 1354
2542 1356
2543 1356
2544 1355
2545 1356
2546 1355
2547 1357
2548 1357
2549 1359
2550 1355
2551 1357
2552 1357
2553 1358
2554 1355
2555 1353
2556 1351
2557 1358
2558 1359
2559 1355
2560 1354
2561 1355
2562 1356
2563 1355
2564 1354
2565 1356
2566 1357
2567 1357
2568 1357
2569 1355
2570 1355
2571 1357
2572 1354
2573 1355
2574 1358
2575 1358
2576 1357
2577 1355
2578 1355
2579 1355
2580 1352
2581 1355
2582 1354
2583 1355
2584 1355
2585 1355
2586 1356
2587 1357
2588 1358
2589 1354
2590 1358
2591 1360
2592 1358
2593 1356
2594 1355
2595 1356
2596 1355
2597 1356
2598 1356
2599 1355
2600 1356
2601 1355
2602 1356
2603 1357
2604 1356
2605 1355
2606 1353
2607 1355
2608 1354
2609 1353
2610 1357
2611 1358
2612 1354
2613 1356
2614 1356
2615 1358
2616 1357
2617 1356
2618 1355
2619 1357
2620 1355
2621 1357
2622 1357
2623 1355
2624 1358
2625 1356
2626 1358
2627 1358
2628 1358
2629 1355
2630 1357
2631 1354
2632 1353
2633 1356
2634 1354
2635 1358
2636 1356
2637 1356
2638 1357
2639 1355
2640 1358
2641 1356
2642 1354
2643 1356
2644 1355
2645 1355
2646 1355
2647 1357
2648 1356
2649 1356
2650 1356
2651 1358
2652 1356
2653 1358
2654 1356
2655 1355
2656 1353
2657 1356
2658 1355
2659 1356
2660 1351
2661 1354
2662 1356
2663 1357
2664 1358
2665 1358
2666 1354
2667 1355
2668 1355
2669 1356
2670 1356
2671 1353
2672 1356
2673 1356
2674 1358
2675 1355
2676 1357
2677 1357
2678 1354
2679 1358
2680 1355
2681 1358
2682 1354
2683 1354
2684 1355
2685 1356
2686 1357
2687 1355
2688 1354
2689 1355
2690 1354
2691 1359
2692 1355
2693 1355
2694 1355
2695 1356
2696 1355
2697 1357
2698 1357
2699 1357
2700 1356
2701 1357
2702 1355
2703 1356
2704 1355
2705 1356
2706 1357
2707 1357
2708 1358
2709 1354
2710 1352
2711 1356
2712 1356
2713 1360
2714 1353
2715 1352
2716 1355
2717 1357
2718 1358
2719 1355
2720 1350
2721 1352
2722 1358
2723 1356
2724 1354
2725 1357
2726 1357
2727 1358
2728 1355
2729 1356
2730 1357
2731 1355
2732 1357
2733 1361
2734 1359
2735 1357
2736 1353
2737 1353
2738 1355
2739 1356
2740 1356
2741 1354
2742 1357
2743 1355
2744 1353
2745 1356
2746 1357
2747 1357
2748 1356
2749 1355
2750 1354
2751 1358
2752 1356
2753 1352
2754 1355
2755 1355
2756 1353
2757 1357
2758 1355
2759 1355
2760 1355
2761 1355
2762 1353
2763 1357
2764 1357
2765 1358
2766 1356
2767 1359
2768 1358
2769 1358
2770 1356
2771 1357
2772 1359
2773 1358
2774 1355
2775 1356
2776 1353
2777 1355
2778 1355
2779 1355
2780 1355
2781 1355
2782 1354
2783 1355
2784 1354
2785 1354
2786 1357
2787 1357
2788 1357
2789 1356
2790 1353
2791 1356
2792 1354
2793 1357
2794 1353
2795 1356
2796 1356
2797 1357
2798 1357
2799 1355
2800 1354
2801 1354
2802 1356
2803 1353
2804 1353
2805 1356
2806 1355
2807 1353
2808 1356
2809 1359
2810 1355
2811 1354
2812 1356
2813 1356
2814 1355
2815 1356
2816 1354
2817 1356
2818 1355
2819 1354
2820 1354
2821 1356
2822 1356
2823 1355
2824 1355
2825 1356
2826 1354
2827 1359
2828 1357
2829 1356
2830 1357
2831 1357
2832 1356
2833 1356
2834 1357
2835 1356
2836 1355
2837 1358
2838 1354
2839 1359
2840 1357
2841 1357
2842 1356
2843 1356
2844 1355
2845 1358
2846 1359
2847 1356
2848 1358
2849 1357
2850 1356
2851 1356
2852 1355
2853 1357
2854 1356
2855 1356
2856 1354
2857 1355
2858 1355
2859 1357
2860 1358
2861 1357
2862 1356
2863 1355
2864 1355
2865 1357
2866 1357
2867 1355
2868 1357
2869 1355
2870 1359
2871 1356
2872 1357
2873 1356
2874 1356
2875 1355
2876 1355
2877 1357
2878 1356
2879 1356
2880 1355
2881 1357
2882 1355
2883 1359
2884 1355
2885 1356
2886 1357
2887 1356
2888 1357
2889 1356
2890 1352
2891 1359
2892 1362
2893 1359
2894 1355
2895 1356
2896 1356
2897 1359
2898 1355
2899 1352
2900 1354
2901 1357
2902 1357
2903 1356
2904 1355
2905 1358
2906 1356
2907 1357
2908 1356
2909 1354
2910 1354
2911 1356
2912 1355
2913 1356
2914 1357
2915 1355
2916 1353
2917 1357
2918 1357
2919 1356
2920 1354
2921 1355
2922 1358
2923 1357
2924 1357
2925 1357
2926 1355
2927 1356
2928 1354
2929 1355
2930 1356
2931 1357
2932 1356
2933 1357
2934 1355
2935 1355
2936 1356
2937 1355
2938 1356
2939 1355
2940 1354
2941 1355
2942 1356
2943 1355
2944 1356
2945 1355
2946 1358
2947 1356
2948 1356
2949 1356
2950 1355
2951 1355
2952 1358
2953 1358
2954 1357
2955 1357
2956 1357
2957 1358
2958 1355
2959 1356
2960 1356
2961 1356
2962 1356
2963 1355
2964 1354
2965 1356
2966 1357
2967 1358
2968 1355
2969 1356
2970 1355
2971 1355
2972 1355
2973 1356
2974 1355
2975 1352
2976 1356
2977 1356
2978 1355
2979 1356
2980 1357
2981 1356
2982 1354
2983 1358
2984 1358
2985 1356
2986 1358
2987 1358
2988 1357
2989 1356
2990 1356
2991 1359
2992 1356
2993 1356
2994 1356
2995 1357
2996 1356
2997 1355
2998 1357
2999 1355
3000 1353
3001 1354
3002 1354
3003 1356
3004 1357
3005 1357
3006 1356
3007 1354
3008 1357
3009 1358
3010 1356
3011 1357
3012 1354
3013 1358
3014 1354
3015 1356
3016 1358
3017 1360
3018 1358
3019 1357
3020 1356
3021 1356
3022 1355
3023 1357
3024 1357
3025 1356
3026 1355
3027 1356
3028 1359
3029 1359
3030 1358
3031 1356
3032 1355
3033 1356
3034 1356
3035 1358
3036 1355
3037 1354
3038 1358
3039 1356
3040 1357
3041 1357
3042 1355
3043 1355
3044 1356
3045 1357
3046 1357
3047 1358
3048 1357
3049 1355
3050 1356
3051 1356
3052 1357
3053 1355
3054 1351
3055 1357
3056 1356
3057 1353
3058 1357
3059 1356
3060 1356
3061 1354
3062 1356
3063 1355
3064 1356
3065 1355
3066 1355
3067 1356
3068 1358
3069 1356
3070 1356
3071 1359
3072 1364
3073 1360
3074 1354
3075 1354
3076 1356
3077 1357
3078 1357
3079 1356
3080 1357
3081 1356
3082 1354
3083 1354
3084 1354
3085 1356
3086 1356
3087 1356
3088 1356
3089 1357
3090 1356
3091 1357
3092 1355
3093 1358
3094 1358
3095 1356
3096 1354
3097 1355
3098 1359
3099 1358
3100 1356
3101 1357
3102 1356
3103 1358
3104 1354
3105 1358
3106 1357
3107 1357
3108 1355
3109 1356
3110 1354
3111 1356
3112 1359
3113 1356
3114 1355
3115 1357
3116 1358
3117 1360
3118 1357
3119 1356
3120 1354
3121 1356
3122 1355
3123 1356
3124 1354
3125 1356
3126 1356
3127 1357
3128 1357
3129 1357
3130 1356
3131 1358
3132 1357
3133 1357
3134 1355
3135 1358
3136 1355
3137 1359
3138 1354
3139 1356
3140 1357
3141 1357
3142 1355
3143 1355
3144 1355
3145 1355
3146 1353
3147 1356
3148 1355
3149 1356
3150 1356
3151 1356
3152 1352
3153 1358
3154 1357
3155 1359
3156 1354
3157 1355
3158 1357
3159 1360
3160 1355
3161 1357
3162 1356
3163 1356
3164 1352
3165 1354
3166 1357
3167 1356
3168 1356
3169 1355
3170 1356
3171 1355
3172 1356
3173 1356
3174 1355
3175 1357
3176 1357
3177 1354
3178 1351
3179 1353
3180 1356
3181 1359
3182 1355
3183 1355
3184 1356
3185 1358
3186 1355
3187 1356
3188 1356
3189 1356
3190 1357
3191 1357
3192 1356
3193 1356
3194 1354
3195 1356
3196 1356
3197 1357
3198 1349
3199 1353
3200 1355
3201 1357
3202 1358
3203 1357
3204 1354
3205 1358
3206 1355
3207 1357
3208 1355
3209 1357
3210 1357
3211 1357
3212 1352
3213 1356
3214 1356
3215 1357
3216 1355
3217 1358
3218 1357
3219 1359
3220 1354
3221 1354
3222 1353
3223 1355
3224 1356
3225 1356
3226 1357
3227 1358
3228 1358
3229 1358
3230 1356
3231 1356
3232 1355
3233 1354
3234 1356
3235 1356
3236 1357
3237 1357
3238 1356
3239 1355
3240 1354
3241 1356
3242 1357
3243 1357
3244 1356
3245 1357
3246 1357
3247 1357
3248 1356
3249 1357
3250 1355
3251 1357
3252 1359
3253 1360
3254 1356
3255 1354
3256 1356
3257 1357
3258 1358
3259 1356
3260 1355
3261 1356
3262 1359
3263 1355
3264 1355
3265 1358
3266 1353
3267 1357
3268 1355
3269 1357
3270 1355
3271 1354
3272 1354
3273 1357
3274 1356
3275 1354
3276 1352
3277 1354
3278 1359
3279 1356
3280 1356
3281 1357
3282 1355
3283 1354
3284 1352
3285 1352
3286 1354
3287 1356
3288 1357
3289 1358
3290 1355
3291 1357
3292 1355
3293 1357
3294 1355
3295 1357
3296 1355
3297 1352
3298 1354
3299 1354
3300 1358
3301 1356
3302 1353
3303 1357
3304 1357
3305 1356
3306 1359
3307 1358
3308 1359
3309 1359
3310 1357
3311 1357
3312 1356
3313 1356
3314 1353
3315 1357
3316 1356
3317 1355
3318 1358
3319 1358
3320 1358
3321 1356
3322 1356
3323 1355
3324 1355
3325 1357
3326 1357
3327 1357
3328 1357
3329 1359
3330 1354
3331 1355
3332 1354
3333 1356
3334 1358
3335 1358
3336 1356
3337 1355
3338 1356
3339 1355
3340 1357
3341 1356
3342 1359
3343 1357
3344 1360
3345 1357
3346 1357
3347 1356
3348 1358
3349 1356
3350 1356
3351 1359
3352 1357
3353 1356
3354 1356
3355 1356
3356 1354
3357 1357
3358 1357
3359 1356
3360 1356
3361 1356
3362 1355
3363 1356
3364 1357
3365 1355
3366 1356
3367 1353
3368 1354
3369 1352
3370 1355
3371 1355
3372 1356
3373 1358
3374 1356
3375 1355
3376 1355
3377 1355
3378 1357
3379 1354
3380 1356
3381 1355
3382 1359
3383 1359
3384 1356
3385 1357
3386 1357
3387 1355
3388 1357
3389 1356
3390 1358
3391 1357
3392 1355
3393 1357
3394 1356
3395 1355
3396 1355
3397 1357
3398 1357
3399 1357
3400 1356
3401 1357
3402 1355
3403 1357
3404 1357
3405 1356
3406 1353
3407 1355
3408 1358
3409 1358
3410 1358
3411 1355
3412 1356
3413 1356
3414 1356
3415 1358
3416 1355
3417 1354
3418 1356
3419 1355
3420 1356
3421 1356
3422 1355
3423 1354
3424 1353
3425 1357
3426 1357
3427 1356
3428 1356
3429 1354
3430 1355
3431 1354
3432 1359
3433 1357
3434 1354
3435 1354
3436 1355
3437 1356
3438 1355
3439 1356
3440 1354
3441 1355
3442 1355
3443 1353
3444 1357
3445 1356
3446 1357
3447 1355
3448 1355
3449 1356
3450 1355
3451 1356
3452 1356
3453 1362
3454 1358
3455 1352
3456 1355
3457 1355
3458 1361
3459 1358
3460 1355
3461 1354
3462 1359
3463 1359
3464 1356
3465 1356
3466 1357
3467 1355
3468 1355
3469 1357
3470 1354
3471 1357
3472 1359
3473 1356
3474 1355
3475 1354
3476 1355
3477 1356
3478 1359
3479 1354
3480 1358
3481 1355
3482 1356
3483 1356
3484 1355
3485 1356
3486 1357
3487 1357
3488 1355
3489 1356
3490 1355
3491 1354
3492 1356
3493 1356
3494 1359
3495 1356
3496 1357
3497 1357
3498 1359
3499 1356
3500 1357
3501 1356
3502 1357
3503 1356
3504 1354
3505 1356
3506 1356
3507 1358
3508 1356
3509 1356
3510 1356
3511 1357
3512 1357
3513 1356
3514 1354
3515 1357
3516 1357
3517 1356
3518 1358
3519 1355
3520 1355
3521 1357
3522 1357
3523 1355
3524 1357
3525 1355
3526 1357
3527 1354
3528 1356
3529 1358
3530 1357
3531 1357
3532 1353
3533 1356
3534 1353
3535 1353
3536 1355
3537 1353
3538 1357
3539 1356
3540 1356
3541 1355
3542 1356
3543 1355
3544 1355
3545 1354
3546 1356
3547 1356
3548 1357
3549 1358
3550 1354
3551 1354
3552 1358
3553 1352
3554 1356
3555 1360
3556 1357
3557 1357
3558 1356
3559 1358
3560 1357
3561 1358
3562 1355
3563 1356
3564 1356
3565 1358
3566 1356
3567 1358
3568 1360
3569 1357
3570 1354
3571 1355
3572 1356
3573 1354
3574 1354
3575 1357
3576 1357
3577 1356
3578 1356
3579 1355
3580 1356
3581 1357
3582 1354
3583 1356
3584 1356
3585 1355
3586 1356
3587 1356
3588 1355
3589 1351
3590 1352
3591 1357
3592 1357
3593 1358
3594 1355
3595 1356
3596 1357
3597 1355
3598 1353
3599 1357
3600 1355
3601 1357
3602 1356
3603 1357
3604 1354
3605 1354
3606 1353
3607 1357
3608 1351
3609 1357
3610 1354
3611 1356
3612 1357
3613 1356
3614 1357
3615 1356
3616 1355
3617 1355
3618 1357
3619 1355
3620 1356
3621 1354
3622 1354
3623 1355
3624 1358
3625 1356
3626 1358
3627 1356
3628 1353
3629 1356
3630 1356
3631 1354
3632 1354
3633 1355
3634 1357
3635 1358
3636 1356
3637 1357
3638 1353
3639 1355
3640 1355
3641 1355
3642 1355
3643 1357
3644 1354
3645 1356
3646 1355
3647 1353
3648 1355
3649 1356
3650 1356
3651 1357
3652 1354
3653 1354
3654 1359
3655 1357
3656 1354
3657 1356
3658 1357
3659 1357
3660 1356
3661 1355
3662 1358
3663 1358
3664 1357
3665 1357
3666 1357
3667 1355
3668 1354
3669 1355
3670 1356
3671 1353
3672 1353
3673 1354
3674 1357
3675 1356
3676 1355
3677 1356
3678 1356
3679 1358
3680 1360
3681 1359
3682 1358
3683 1357
3684 1356
3685 1358
3686 1358
3687 1357
3688 1357
3689 1356
3690 1355
3691 1356
3692 1357
3693 1357
3694 1359
3695 1357
3696 1356
3697 1357
3698 1356
3699 1356
3700 1356
3701 1356
3702 1354
3703 1357
3704 1354
3705 1356
3706 1354
3707 1356
3708 1357
3709 1356
3710 1356
3711 1356
3712 1357
3713 1358
3714 1355
3715 1356
3716 1359
3717 1356
3718 1357
3719 1355
3720 1354
3721 1354
3722 1356
3723 1358
3724 1355
3725 1355
3726 1356
3727 1355
3728 1357
3729 1353
3730 1354
3731 1354
3732 1353
3733 1351
3734 1356
3735 1354
3736 1355
3737 1353
3738 1357
3739 1357
3740 1357
3741 1355
3742 1356
3743 1352
3744 1356
3745 1356
3746 1360
3747 1357
3748 1359
3749 1355
3750 1358
3751 1356
3752 1356
3753 1356
3754 1356
3755 1357
3756 1355
3757 1355
3758 1356
3759 1355
3760 1353
3761 1357
3762 1355
3763 1354
3764 1358
3765 1355
3766 1357
3767 1354
3768 1356
3769 1354
3770 1357
3771 1356
3772 1357
3773 1356
3774 1354
3775 1355
3776 1357
3777 1358
3778 1358
3779 1356
3780 1358
3781 1356
3782 1355
3783 1355
3784 1355
3785 1356
3786 1355
3787 1357
3788 1355
3789 1354
3790 1355
3791 1355
3792 1354
3793 1355
3794 1354
3795 1354
3796 1354
3797 1355
3798 1357
3799 1354
3800 1355
3801 1356
3802 1356
3803 1354
3804 1358
3805 1358
3806 1357
3807 1356
3808 1356
3809 1354
3810 1356
3811 1358
3812 1357
3813 1356
3814 1356
3815 1357
3816 1353
3817 1355
3818 1357
3819 1357
3820 1358
3821 1358
3822 1356
3823 1356
3824 1358
3825 1354
3826 1355
3827 1356
3828 1359
3829 1355
3830 1357
3831 1356
3832 1357
3833 1355
3834 1356
3835 1361
3836 1359
3837 1355
3838 1357
3839 1356
3840 1356
3841 1357
3842 1358
3843 1356
3844 1356
3845 1354
3846 1357
3847 1356
3848 1356
3849 1356
3850 1356
3851 1355
3852 1357
3853 1355
3854 1355
3855 1355
3856 1356
3857 1357
3858 1356
3859 1354
3860 1354
3861 1355
3862 1358
3863 1357
3864 1357
3865 1357
3866 1357
3867 1355
3868 1357
3869 1356
3870 1356
3871 1357
3872 1355
3873 1356
3874 1353
3875 1355
3876 1358
3877 1355
3878 1356
3879 1357
3880 1356
3881 1360
3882 1358
3883 1355
3884 1355
3885 1356
3886 1354
3887 1356
3888 1355
3889 1355
3890 1354
3891 1355
3892 1357
3893 1355
3894 1355
3895 1354
3896 1356
3897 1356
3898 1357
3899 1357
3900 1354
3901 1358
3902 1354
3903 1356
3904 1354
3905 1353
3906 1356
3907 1356
3908 1356
3909 1355
3910 1357
3911 1357
3912 1355
3913 1356
3914 1355
3915 1356
3916 1355
3917 1357
3918 1357
3919 1355
3920 1354
3921 1354
3922 1356
3923 1360
3924 1357
3925 1358
3926 1355
3927 1358
3928 1358
3929 1356
3930 1355
3931 1359
3932 1358
3933 1356
3934 1359
3935 1359
3936 1357
3937 1353
3938 1356
3939 1356
3940 1357
3941 1353
3942 1354
3943 1356
3944 1357
3945 1358
3946 1357
3947 1355
3948 1355
3949 1354
3950 1353
3951 1356
3952 1355
3953 1354
3954 1354
3955 1356
3956 1355
3957 1354
3958 1356
3959 1358
3960 1356
3961 1358
3962 1356
3963 1357
3964 1354
3965 1355
3966 1353
3967 1357
3968 1357
3969 1354
3970 1357
3971 1355
3972 1358
3973 1357
3974 1355
3975 1356
3976 1358
3977 1355
3978 1355
3979 1357
3980 1355
3981 1355
3982 1356
3983 1357
3984 1358
3985 1358
3986 1359
3987 1356
3988 1357
3989 1355
3990 1357
3991 1358
3992 1358
3993 1356
3994 1356
3995 1355
3996 1355
3997 1356
3998 1358
3999 1356
