0 1353
1 1352
2 1351
3 1353
4 1357
5 1351
6 1350
7 1351
8 1354
9 1351
10 1352
11 1352
12 1354
13 1354
14 1353
15 1351
16 1352
17 1353
18 1352
19 1354
20 1352
21 1352
22 1352
23 1352
24 1353
25 1353
26 1355
27 1355
28 1353
29 1353
30 1352
31 1351
32 1351
33 1353
34 1355
35 1354
36 1350
37 1354
38 1352
39 1354
40 1353
41 1350
42 1352
43 1351
44 1355
45 1354
46 1353
47 1356
48 1352
49 1353
50 1356
51 1355
52 1354
53 1353
54 1352
55 1352
56 1354
57 1353
58 1354
59 1350
60 1354
61 1351
62 1352
63 1351
64 1355
65 1352
66 1354
67 1353
68 1355
69 1353
70 1352
71 1353
72 1355
73 1353
74 1353
75 1352
76 1354
77 1353
78 1354
79 1350
80 1351
81 1356
82 1357
83 1355
84 1352
85 1353
86 1355
87 1354
88 1355
89 1350
90 1354
91 1352
92 1355
93 1354
94 1353
95 1354
96 1354
97 1353
98 1353
99 1353
100 1352
101 1352
102 1353
103 1356
104 1353
105 1350
106 1353
107 1356
108 1355
109 1352
110 1354
111 1355
112 1355
113 1351
114 1350
115 1352
116 1357
117 1356
118 1352
119 1349
120 1352
121 1354
122 1353
123 1356
124 1356
125 1354
126 1354
127 1353
128 1355
129 1354
130 1353
131 1352
132 1352
133 1353
134 1353
135 1352
136 1355
137 1354
138 1353
139 1354
140 1352
141 1353
142 1350
143 1356
144 1352
145 1354
146 1354
147 1355
148 1352
149 1353
150 1353
151 1352
152 1349
153 1353
154 1353
155 1352
156 1353
157 1354
158 1352
159 1354
160 1354
161 1353
162 1352
163 1352
164 1353
165 1352
166 1351
167 1351
168 1350
169 1354
170 1357
171 1353
172 1354
173 1354
174 1351
175 1355
176 1353
177 1350
178 1354
179 1351
180 1350
181 1354
182 1351
183 1352
184 1351
185 1352
186 1354
187 1352
188 1351
189 1354
190 1353
191 1352
192 1352
193 1353
194 1352
195 1349
196 1353
197 1353
198 1352
199 1354
200 1352
201 1356
202 1353
203 1353
204 1352
205 1350
206 1354
207 1354
208 1354
209 1353
210 1353
211 1352
212 1354
213 1352
214 1353
215 1348
216 1350
217 1351
218 1352
219 1351
220 1353
221 1354
222 1351
223 1352
224 1353
225 1353
226 1355
227 1351
228 1353
229 1354
230 1353
231 1355
232 1354
233 1353
234 1353
235 1353
236 1351
237 1350
238 1350
239 1353
240 1354
241 1353
242 1350
243 1352
244 1352
245 1352
246 1352
247 1354
248 1353
249 1352
250 1352
251 1351
252 1353
253 1354
254 1349
255 1353
256 1351
257 1354
258 1353
259 1353
260 1352
261 1352
262 1356
263 1354
264 1351
265 1353
266 1354
267 1356
268 1355
269 1352
270 1355
271 1355
272 1354
273 1355
274 1353
275 1354
276 1353
277 1353
278 1352
279 1351
280 1351
281 1351
282 1355
283 1354
284 1353
285 1352
286 1353
287 1355
288 1355
289 1352
290 1350
291 1353
292 1354
293 1354
294 1352
295 1351
296 1351
297 1353
298 1355
299 1353
300 1355
301 1354
302 1353
303 1353
304 1352
305 1354
306 1355
307 1356
308 1349
309 1352
310 1353
311 1353
312 1354
313 1355
314 1351
315 1356
316 1351
317 1357
318 1353
319 1354
320 1353
321 1354
322 1351
323 1352
324 1354
325 1354
326 1354
327 1354
328 1352
329 1353
330 1353
331 1352
332 1352
333 1353
334 1352
335 1354
336 1349
337 1350
338 1349
339 1349
340 1353
341 1355
342 1354
343 1353
344 1352
345 1351
346 1351
347 1352
348 1352
349 1354
350 1353
351 1352
352 1352
353 1353
354 1350
355 1352
356 1352
357 1352
358 1353
359 1353
360 1351
361 1353
362 1352
363 1355
364 1355
365 1352
366 1350
367 1351
368 1352
369 1352
370 1351
371 1351
372 1352
373 1353
374 1352
375 1351
376 1354
377 1353
378 1354
379 1352
380 1352
381 1351
382 1352
383 1353
384 1351
385 1354
386 1355
387 1354
388 1353
389 1355
390 1354
391 1353
392 1352
393 1351
394 1353
395 1352
396 1356
397 1354
398 1351
399 1355
400 1351
401 1352
402 1351
403 1353
404 1357
405 1354
406 1350
407 1354
408 1352
409 1355
410 1354
411 1355
412 1355
413 1357
414 1356
415 1355
416 1354
417 1352
418 1355
419 1353
420 1351
421 1351
422 1353
423 1354
424 1352
425 1354
426 1354
427 1352
428 1351
429 1351
430 1352
431 1354
432 1353
433 1354
434 1355
435 1350
436 1352
437 1351
438 1353
439 1354
440 1349
441 1353
442 1360
443 1356
444 1354
445 1352
446 1354
447 1355
448 1352
449 1349
450 1353
451 1354
452 1353
453 1354
454 1352
455 1351
456 1354
457 1353
458 1354
459 1351
460 1355
461 1354
462 1352
463 1352
464 1356
465 1355
466 1351
467 1352
468 1353
469 1354
470 1351
471 1355
472 1354
473 1353
474 1354
475 1356
476 1353
477 1354
478 1356
479 1355
480 1353
481 1354
482 1354
483 1353
484 1354
485 1356
486 1352
487 1354
488 1354
489 1354
490 1351
491 1351
492 1350
493 1351
494 1352
495 1352
496 1351
497 1351
498 1354
499 1353
500 1351
501 1353
502 1353
503 1351
504 1351
505 1350
506 1354
507 1352
508 1353
509 1352
510 1357
511 1352
512 1355
513 1353
514 1351
515 1352
516 1356
517 1353
518 1351
519 1352
520 1355
521 1352
522 1352
523 1352
524 1357
525 1353
526 1354
527 1355
528 1356
529 1354
530 1356
531 1358
532 1359
533 1362
534 1366
535 1373
536 1385
537 1404
538 1432
539 1466
540 1512
541 1567
542 1624
543 1695
544 1760
545 1831
546 1899
547 1966
548 2028
549 2084
550 2131
551 2174
552 2209
553 2238
554 2258
555 2265
556 2275
557 2268
558 2264
559 2254
560 2239
561 2224
562 2202
563 2179
564 2162
565 2131
566 2104
567 2070
568 2044
569 2011
570 1981
571 1952
572 1917
573 1887
574 1857
575 1827
576 1800
577 1773
578 1749
579 1723
580 1700
581 1676
582 1654
583 1640
584 1620
585 1602
586 1583
587 1564
588 1550
589 1538
590 1526
591 1516
592 1509
593 1499
594 1491
595 1484
596 1471
597 1465
598 1457
599 1448
600 1445
601 1435
602 1430
603 1423
604 1422
605 1415
606 1412
607 1405
608 1404
609 1396
610 1397
611 1393
612 1391
613 1385
614 1384
615 1381
616 1380
617 1378
618 1376
619 1371
620 1372
621 1372
622 1370
623 1368
624 1367
625 1364
626 1368
627 1365
628 1364
629 1364
630 1365
631 1363
632 1363
633 1361
634 1361
635 1362
636 1358
637 1358
638 1361
639 1356
640 1360
641 1359
642 1359
643 1356
644 1357
645 1355
646 1356
647 1355
648 1357
649 1355
650 1356
651 1357
652 1359
653 1355
654 1356
655 1355
656 1356
657 1354
658 1356
659 1354
660 1357
661 1355
662 1357
663 1356
664 1357
665 1354
666 1356
667 1355
668 1355
669 1355
670 1355
671 1355
672 1357
673 1356
674 1356
675 1355
676 1356
677 1353
678 1356
679 1356
680 1356
681 1355
682 1354
683 1355
684 1357
685 1354
686 1356
687 1355
688 1353
689 1353
690 1355
691 1352
692 1354
693 1354
694 1353
695 1355
696 1354
697 1351
698 1353
699 1353
700 1353
701 1353
702 1351
703 1350
704 1351
705 1352
706 1353
707 1353
708 1357
709 1353
710 1352
711 1353
712 1353
713 1351
714 1352
715 1354
716 1352
717 1353
718 1356
719 1355
720 1354
721 1354
722 1356
723 1354
724 1353
725 1350
726 1355
727 1352
728 1354
729 1354
730 1354
731 1353
732 1353
733 1353
734 1353
735 1353
736 1352
737 1350
738 1352
739 1351
740 1351
741 1354
742 1356
743 1352
744 1355
745 1354
746 1354
747 1353
748 1353
749 1354
750 1354
751 1353
752 1354
753 1354
754 1352
755 1350
756 1353
757 1353
758 1354
759 1355
760 1352
761 1352
762 1353
763 1352
764 1352
765 1351
766 1352
767 1351
768 1353
769 1351
770 1352
771 1353
772 1353
773 1353
774 1353
775 1354
776 1355
777 1356
778 1356
779 1354
780 1356
781 1353
782 1355
783 1355
784 1355
785 1355
786 1354
787 1353
788 1353
789 1352
790 1352
791 1351
792 1351
793 1353
794 1353
795 1349
796 1355
797 1352
798 1353
799 1352
800 1354
801 1354
802 1353
803 1350
804 1352
805 1350
806 1353
807 1354
808 1352
809 1352
810 1354
811 1352
812 1354
813 1355
814 1354
815 1354
816 1353
817 1354
818 1352
819 1351
820 1352
821 1352
822 1352
823 1352
824 1355
825 1353
826 1352
827 1353
828 1354
829 1352
830 1354
831 1353
832 1354
833 1353
834 1352
835 1353
836 1350
837 1353
838 1355
839 1350
840 1358
841 1352
842 1353
843 1353
844 1352
845 1354
846 1355
847 1354
848 1354
849 1352
850 1353
851 1354
852 1353
853 1351
854 1356
855 1355
856 1353
857 1352
858 1354
859 1351
860 1352
861 1356
862 1355
863 1353
864 1355
865 1355
866 1354
867 1355
868 1353
869 1350
870 1353
871 1355
872 1354
873 1353
874 1353
875 1352
876 1354
877 1354
878 1353
879 1356
880 1354
881 1352
882 1351
883 1353
884 1355
885 1351
886 1353
887 1354
888 1354
889 1353
890 1354
891 1355
892 1353
893 1350
894 1355
895 1354
896 1355
897 1352
898 1351
899 1354
900 1354
901 1351
902 1355
903 1354
904 1355
905 1352
906 1354
907 1357
908 1352
909 1353
910 1353
911 1353
912 1355
913 1354
914 1353
915 1352
916 1354
917 1351
918 1353
919 1351
920 1352
921 1352
922 1355
923 1352
924 1354
925 1353
926 1353
927 1353
928 1353
929 1353
930 1352
931 1349
932 1354
933 1354
934 1353
935 1352
936 1353
937 1353
938 1356
939 1354
940 1353
941 1353
942 1353
943 1354
944 1350
945 1351
946 1355
947 1353
948 1351
949 1352
950 1353
951 1351
952 1356
953 1353
954 1352
955 1354
956 1356
957 1353
958 1353
959 1351
960 1354
961 1355
962 1355
963 1354
964 1352
965 1352
966 1351
967 1352
968 1356
969 1353
970 1354
971 1351
972 1353
973 1355
974 1353
975 1354
976 1354
977 1355
978 1352
979 1355
980 1351
981 1353
982 1355
983 1353
984 1348
985 1351
986 1352
987 1354
988 1356
989 1353
990 1354
991 1351
992 1355
993 1353
994 1353
995 1353
996 1352
997 1355
998 1356
999 1354
1000 1353
1001 1353
1002 1353
1003 1356
1004 1354
1005 1351
1006 1351
1007 1354
1008 1356
1009 1354
1010 1355
1011 1349
1012 1352
1013 1355
1014 1354
1015 1350
1016 1353
1017 1353
1018 1356
1019 1353
1020 1354
1021 1354
1022 1354
1023 1355
1024 1351
1025 1355
1026 1356
1027 1353
1028 1355
1029 1352
1030 1354
1031 1353
1032 1352
1033 1353
1034 1357
1035 1354
1036 1353
1037 1355
1038 1353
1039 1352
1040 1355
1041 1353
1042 1355
1043 1352
1044 1355
1045 1354
1046 1352
1047 1353
1048 1349
1049 1352
1050 1352
1051 1354
1052 1356
1053 1354
1054 1354
1055 1353
1056 1353
1057 1355
1058 1353
1059 1355
1060 1354
1061 1350
1062 1353
1063 1353
1064 1356
1065 1353
1066 1354
1067 1352
1068 1354
1069 1351
1070 1353
1071 1350
1072 1355
1073 1352
1074 1352
1075 1352
1076 1355
1077 1354
1078 1355
1079 1353
1080 1354
1081 1352
1082 1354
1083 1352
1084 1355
1085 1351
1086 1352
1087 1351
1088 1354
1089 1353
1090 1353
1091 1352
1092 1353
1093 1354
1094 1354
1095 1355
1096 1353
1097 1352
1098 1351
1099 1354
1100 1355
1101 1352
1102 1354
1103 1351
1104 1355
1105 1354
1106 1355
1107 1353
1108 1354
1109 1354
1110 1352
1111 1353
1112 1357
1113 1356
1114 1355
1115 1352
1116 1354
1117 1353
1118 1352
1119 1350
1120 1357
1121 1352
1122 1355
1123 1354
1124 1356
1125 1353
1126 1353
1127 1352
1128 1353
1129 1352
1130 1353
1131 1351
1132 1352
1133 1351
1134 1353
1135 1351
1136 1354
1137 1353
1138 1351
1139 1352
1140 1354
1141 1352
1142 1352
1143 1354
1144 1354
1145 1353
1146 1354
1147 1353
1148 1353
1149 1351
1150 1355
1151 1353
1152 1353
1153 1353
1154 1353
1155 1352
1156 1354
1157 1351
1158 1354
1159 1352
1160 1352
1161 1355
1162 1355
1163 1355
1164 1355
1165 1354
1166 1353
1167 1354
1168 1354
1169 1352
1170 1357
1171 1353
1172 1356
1173 1352
1174 1352
1175 1355
1176 1354
1177 1354
1178 1353
1179 1353
1180 1356
1181 1352
1182 1353
1183 1354
1184 1354
1185 1350
1186 1353
1187 1351
1188 1353
1189 1351
1190 1354
1191 1353
1192 1354
1193 1353
1194 1353
1195 1353
1196 1355
1197 1353
1198 1352
1199 1354
1200 1354
1201 1353
1202 1356
1203 1351
1204 1353
1205 1355
1206 1352
1207 1348
1208 1355
1209 1352
1210 1353
1211 1355
1212 1354
1213 1352
1214 1354
1215 1352
1216 1350
1217 1353
1218 1355
1219 1351
1220 1353
1221 1352
1222 1351
1223 1353
1224 1354
1225 1354
1226 1353
1227 1350
1228 1352
1229 1352
1230 1350
1231 1353
1232 1353
1233 1351
1234 1352
1235 1354
1236 1351
1237 1352
1238 1350
1239 1351
1240 1352
1241 1355
1242 1353
1243 1355
1244 1354
1245 1352
1246 1356
1247 1354
1248 1353
1249 1355
1250 1353
1251 1353
1252 1352
1253 1353
1254 1353
1255 1352
1256 1354
1257 1354
1258 1352
1259 1354
1260 1356
1261 1355
1262 1354
1263 1354
1264 1354
1265 1350
1266 1354
1267 1356
1268 1354
1269 1354
1270 1353
1271 1352
1272 1351
1273 1356
1274 1354
1275 1354
1276 1353
1277 1353
1278 1354
1279 1355
1280 1355
1281 1351
1282 1355
1283 1353
1284 1352
1285 1353
1286 1352
1287 1354
1288 1353
1289 1350
1290 1351
1291 1351
1292 1354
1293 1354
1294 1354
1295 1353
1296 1357
1297 1354
1298 1352
1299 1355
1300 1353
1301 1353
1302 1356
1303 1354
1304 1353
1305 1353
1306 1355
1307 1352
1308 1356
1309 1355
1310 1359
1311 1351
1312 1353
1313 1353
1314 1353
1315 1351
1316 1351
1317 1352
1318 1352
1319 1353
1320 1352
1321 1352
1322 1354
1323 1353
1324 1352
1325 1354
1326 1355
1327 1355
1328 1355
1329 1353
1330 1352
1331 1356
1332 1354
1333 1354
1334 1353
1335 1354
1336 1355
1337 1354
1338 1351
1339 1354
1340 1352
1341 1352
1342 1355
1343 1353
1344 1352
1345 1354
1346 1352
1347 1352
1348 1350
1349 1353
1350 1352
1351 1353
1352 1357
1353 1353
1354 1355
1355 1351
1356 1349
1357 1352
1358 1352
1359 1353
1360 1355
1361 1354
1362 1355
1363 1354
1364 1354
1365 1351
1366 1356
1367 1354
1368 1353
1369 1350
1370 1353
1371 1354
1372 1354
1373 1352
1374 1354
1375 1351
1376 1355
1377 1354
1378 1355
1379 1349
1380 1353
1381 1354
1382 1353
1383 1352
1384 1353
1385 1353
1386 1351
1387 1351
1388 1352
1389 1354
1390 1354
1391 1353
1392 1356
1393 1354
1394 1350
1395 1353
1396 1353
1397 1352
1398 1352
1399 1353
1400 1353
1401 1354
1402 1353
1403 1356
1404 1354
1405 1352
1406 1354
1407 1351
1408 1351
1409 1351
1410 1355
1411 1351
1412 1351
1413 1352
1414 1353
1415 1354
1416 1353
1417 1352
1418 1353
1419 1356
1420 1353
1421 1353
1422 1354
1423 1354
1424 1352
1425 1354
1426 1356
1427 1354
1428 1352
1429 1354
1430 1352
1431 1354
1432 1355
1433 1353
1434 1353
1435 1351
1436 1354
1437 1353
1438 1353
1439 1352
1440 1350
1441 1351
1442 1353
1443 1354
1444 1355
1445 1352
1446 1354
1447 1353
1448 1351
1449 1351
1450 1353
1451 1351
1452 1356
1453 1354
1454 1355
1455 1354
1456 1354
1457 1353
1458 1352
1459 1351
1460 1355
1461 1354
1462 1353
1463 1355
1464 1355
1465 1352
1466 1354
1467 1353
1468 1351
1469 1350
1470 1352
1471 1351
1472 1352
1473 1352
1474 1353
1475 1354
1476 1353
1477 1353
1478 1354
1479 1353
1480 1353
1481 1355
1482 1353
1483 1351
1484 1355
1485 1353
1486 1352
1487 1355
1488 1355
1489 1351
1490 1351
1491 1353
1492 1355
1493 1354
1494 1350
1495 1354
1496 1352
1497 1352
1498 1352
1499 1350
1500 1350
1501 1356
1502 1354
1503 1353
1504 1350
1505 1353
1506 1354
1507 1351
1508 1356
1509 1351
1510 1353
1511 1352
1512 1352
1513 1351
1514 1352
1515 1354
1516 1353
1517 1349
1518 1354
1519 1355
1520 1353
1521 1350
1522 1352
1523 1350
1524 1352
1525 1352
1526 1352
1527 1353
1528 1354
1529 1352
1530 1353
1531 1349
1532 1350
1533 1353
1534 1352
1535 1351
1536 1353
1537 1354
1538 1352
1539 1352
1540 1353
1541 1352
1542 1352
1543 1352
1544 1352
1545 1353
1546 1351
1547 1352
1548 1350
1549 1350
1550 1350
1551 1351
1552 1353
1553 1351
1554 1353
1555 1353
1556 1357
1557 1355
1558 1355
1559 1350
1560 1352
1561 1352
1562 1352
1563 1350
1564 1353
1565 1352
1566 1353
1567 1353
1568 1355
1569 1351
1570 1354
1571 1356
1572 1354
1573 1353
1574 1353
1575 1352
1576 1352
1577 1350
1578 1352
1579 1354
1580 1354
1581 1352
1582 1355
1583 1353
1584 1356
1585 1352
1586 1353
1587 1353
1588 1350
1589 1353
1590 1355
1591 1355
1592 1354
1593 1354
1594 1353
1595 1353
1596 1352
1597 1354
1598 1353
1599 1353
1600 1352
1601 1352
1602 1354
1603 1355
1604 1352
1605 1352
1606 1355
1607 1352
1608 1354
1609 1353
1610 1354
1611 1353
1612 1354
1613 1351
1614 1354
1615 1351
1616 1354
1617 1350
1618 1352
1619 1354
1620 1354
1621 1352
1622 1353
1623 1351
1624 1352
1625 1351
1626 1352
1627 1351
1628 1351
1629 1354
1630 1354
1631 1353
1632 1353
1633 1354
1634 1353
1635 1353
1636 1354
1637 1353
1638 1351
1639 1352
1640 1353
1641 1355
1642 1354
1643 1352
1644 1353
1645 1352
1646 1355
1647 1351
1648 1351
1649 1354
1650 1353
1651 1350
1652 1356
1653 1351
1654 1354
1655 1353
1656 1354
1657 1354
1658 1353
1659 1351
1660 1355
1661 1353
1662 1355
1663 1354
1664 1352
1665 1351
1666 1356
1667 1351
1668 1356
1669 1352
1670 1354
1671 1353
1672 1354
1673 1352
1674 1355
1675 1353
1676 1354
1677 1353
1678 1354
1679 1352
1680 1355
1681 1351
1682 1352
1683 1352
1684 1352
1685 1353
1686 1354
1687 1353
1688 1354
1689 1351
1690 1356
1691 1353
1692 1353
1693 1353
1694 1353
1695 1351
1696 1353
1697 1353
1698 1355
1699 1351
1700 1352
1701 1351
1702 1354
1703 1353
1704 1355
1705 1353
1706 1351
1707 1352
1708 1355
1709 1353
1710 1353
1711 1352
1712 1354
1713 1350
1714 1355
1715 1349
1716 1354
1717 1354
1718 1353
1719 1353
1720 1353
1721 1353
1722 1352
1723 1353
1724 1354
1725 1354
1726 1354
1727 1353
1728 1355
1729 1352
1730 1354
1731 1353
1732 1352
1733 1353
1734 1353
1735 1352
1736 1353
1737 1351
1738 1349
1739 1351
1740 1352
1741 1355
1742 1350
1743 1349
1744 1352
1745 1352
1746 1352
1747 1353
1748 1354
1749 1353
1750 1352
1751 1350
1752 1355
1753 1354
1754 1356
1755 1353
1756 1353
1757 1351
1758 1354
1759 1352
1760 1353
1761 1352
1762 1353
1763 1354
1764 1351
1765 1350
1766 1350
1767 1351
1768 1353
1769 1351
1770 1353
1771 1352
1772 1355
1773 1352
1774 1354
1775 1355
1776 1350
1777 1350
1778 1353
1779 1353
1780 1357
1781 1352
1782 1354
1783 1351
1784 1357
1785 1352
1786 1354
1787 1352
1788 1354
1789 1349
1790 1353
1791 1354
1792 1353
1793 1353
1794 1354
1795 1353
1796 1357
1797 1352
1798 1355
1799 1352
1800 1352
1801 1353
1802 1353
1803 1352
1804 1351
1805 1352
1806 1354
1807 1352
1808 1353
1809 1351
1810 1354
1811 1353
1812 1354
1813 1354
1814 1353
1815 1352
1816 1352
1817 1352
1818 1354
1819 1353
1820 1354
1821 1354
1822 1356
1823 1355
1824 1354
1825 1351
1826 1354
1827 1355
1828 1355
1829 1353
1830 1354
1831 1355
1832 1354
1833 1353
1834 1354
1835 1351
1836 1353
1837 1351
1838 1357
1839 1353
1840 1354
1841 1355
1842 1355
1843 1354
1844 1354
1845 1351
1846 1355
1847 1349
1848 1353
1849 1354
1850 1351
1851 1351
1852 1356
1853 1352
1854 1351
1855 1351
1856 1352
1857 1351
1858 1351
1859 1352
1860 1353
1861 1354
1862 1357
1863 1356
1864 1355
1865 1353
1866 1352
1867 1354
1868 1353
1869 1353
1870 1352
1871 1353
1872 1353
1873 1351
1874 1353
1875 1353
1876 1354
1877 1354
1878 1355
1879 1352
1880 1356
1881 1352
1882 1352
1883 1354
1884 1355
1885 1354
1886 1356
1887 1354
1888 1355
1889 1353
1890 1354
1891 1353
1892 1351
1893 1353
1894 1353
1895 1352
1896 1353
1897 1352
1898 1354
1899 1351
1900 1352
1901 1354
1902 1352
1903 1354
1904 1356
1905 1352
1906 1354
1907 1353
1908 1353
1909 1352
1910 1352
1911 1355
1912 1353
1913 1354
1914 1352
1915 1355
1916 1354
1917 1353
1918 1351
1919 1353
1920 1352
1921 1355
1922 1355
1923 1353
1924 1353
1925 1353
1926 1355
1927 1355
1928 1351
1929 1351
1930 1354
1931 1355
1932 1353
1933 1353
1934 1353
1935 1355
1936 1355
1937 1352
1938 1352
1939 1353
1940 1355
1941 1354
1942 1356
1943 1354
1944 1351
1945 1353
1946 1353
1947 1355
1948 1354
1949 1353
1950 1353
1951 1354
1952 1353
1953 1356
1954 1352
1955 1357
1956 1351
1957 1351
1958 1353
1959 1355
1960 1352
1961 1355
1962 1356
1963 1352
1964 1352
1965 1353
1966 1355
1967 1356
1968 1354
1969 1353
1970 1352
1971 1353
1972 1354
1973 1353
1974 1351
1975 1354
1976 1350
1977 1352
1978 1354
1979 1352
1980 1352
1981 1354
1982 1353
1983 1349
1984 1353
1985 1349
1986 1352
1987 1354
1988 1353
1989 1354
1990 1355
1991 1351
1992 1351
1993 1357
1994 1352
1995 1355
1996 1354
1997 1354
1998 1353
1999 1354
2000 1351
2001 1354
2002 1354
2003 1356
2004 1354
2005 1355
2006 1351
2007 1351
2008 1355
2009 1353
2010 1353
2011 1352
2012 1352
2013 1354
2014 1352
2015 1352
2016 1352
2017 1351
2018 1353
2019 1353
2020 1353
2021 1354
2022 1355
2023 1351
2024 1352
2025 1351
2026 1352
2027 1354
2028 1355
2029 1356
2030 1353
2031 1352
2032 1352
2033 1354
2034 1353
2035 1355
2036 1353
2037 1354
2038 1353
2039 1354
2040 1353
2041 1351
2042 1352
2043 1354
2044 1354
2045 1355
2046 1354
2047 1355
2048 1354
2049 1351
2050 1352
2051 1351
2052 1353
2053 1351
2054 1352
2055 1352
2056 1354
2057 1349
2058 1350
2059 1355
2060 1357
2061 1353
2062 1355
2063 1352
2064 1352
2065 1352
2066 1354
2067 1353
2068 1353
2069 1353
2070 1354
2071 1351
2072 1352
2073 1354
2074 1355
2075 1351
2076 1353
2077 1354
2078 1352
2079 1352
2080 1349
2081 1349
2082 1352
2083 1351
2084 1352
2085 1352
2086 1350
2087 1354
2088 1354
2089 1354
2090 1353
2091 1352
2092 1350
2093 1351
2094 1351
2095 1350
2096 1355
2097 1354
2098 1354
2099 1354
2100 1355
2101 1357
2102 1355
2103 1348
2104 1354
2105 1354
2106 1354
2107 1351
2108 1353
2109 1352
2110 1354
2111 1352
2112 1354
2113 1353
2114 1354
2115 1353
2116 1353
2117 1353
2118 1356
2119 1354
2120 1354
2121 1356
2122 1352
2123 1353
2124 1352
2125 1351
2126 1353
2127 1354
2128 1356
2129 1352
2130 1353
2131 1352
2132 1355
2133 1355
2134 1353
2135 1351
2136 1355
2137 1352
2138 1352
2139 1352
2140 1352
2141 1350
2142 1350
2143 1350
2144 1353
2145 1355
2146 1355
2147 1354
2148 1355
2149 1350
2150 1354
2151 1351
2152 1353
2153 1351
2154 1352
2155 1349
2156 1353
2157 1353
2158 1351
2159 1352
2160 1356
2161 1353
2162 1353
2163 1352
2164 1351
2165 1350
2166 1355
2167 1350
2168 1351
2169 1353
2170 1354
2171 1352
2172 1353
2173 1351
2174 1351
2175 1355
2176 1354
2177 1355
2178 1354
2179 1352
2180 1354
2181 1354
2182 1353
2183 1351
2184 1355
2185 1355
2186 1350
2187 1351
2188 1354
2189 1353
2190 1357
2191 1355
2192 1353
2193 1351
2194 1353
2195 1352
2196 1353
2197 1354
2198 1353
2199 1353
2200 1353
2201 1353
2202 1351
2203 1353
2204 1352
2205 1353
2206 1353
2207 1353
2208 1350
2209 1353
2210 1356
2211 1352
2212 1356
2213 1351
2214 1352
2215 1354
2216 1354
2217 1352
2218 1354
2219 1354
2220 1353
2221 1356
2222 1352
2223 1355
2224 1350
2225 1353
2226 1350
2227 1350
2228 1354
2229 1352
2230 1352
2231 1353
2232 1351
2233 1351
2234 1352
2235 1353
2236 1357
2237 1354
2238 1353
2239 1352
2240 1351
2241 1353
2242 1356
2243 1354
2244 1354
2245 1351
2246 1355
2247 1353
2248 1354
2249 1355
2250 1353
2251 1356
2252 1351
2253 1355
2254 1354
2255 1354
2256 1353
2257 1350
2258 1353
2259 1354
2260 1354
2261 1356
2262 1355
2263 1352
2264 1351
2265 1353
2266 1355
2267 1354
2268 1354
2269 1355
2270 1355
2271 1352
2272 1353
2273 1352
2274 1353
2275 1356
2276 1353
2277 1353
2278 1352
2279 1354
2280 1355
2281 1351
2282 1352
2283 1354
2284 1353
2285 1354
2286 1352
2287 1349
2288 1353
2289 1352
2290 1356
2291 1355
2292 1351
2293 1352
2294 1352
2295 1353
2296 1353
2297 1349
2298 1353
2299 1355
2300 1353
2301 1355
2302 1352
2303 1355
2304 1355
2305 1353
2306 1354
2307 1354
2308 1352
2309 1353
2310 1354
2311 1353
2312 1354
2313 1352
2314 1353
2315 1354
2316 1352
2317 1352
2318 1355
2319 1353
2320 1354
2321 1354
2322 1355
2323 1355
2324 1350
2325 1351
2326 1354
2327 1353
2328 1353
2329 1353
2330 1350
2331 1350
2332 1352
2333 1353
2334 1353
2335 1353
2336 1355
2337 1353
2338 1351
2339 1353
2340 1356
2341 1352
2342 1352
2343 1354
2344 1354
2345 1353
2346 1353
2347 1353
2348 1351
2349 1353
2350 1351
2351 1353
2352 1351
2353 1353
2354 1351
2355 1351
2356 1355
2357 1356
2358 1357
2359 1355
2360 1354
2361 1353
2362 1351
2363 1353
2364 1354
2365 1356
2366 1356
2367 1356
2368 1353
2369 1353
2370 1351
2371 1354
2372 1354
2373 1356
2374 1354
2375 1353
2376 1354
2377 1356
2378 1353
2379 1354
2380 1352
2381 1352
2382 1352
2383 1355
2384 1350
2385 1351
2386 1348
2387 1353
2388 1353
2389 1355
2390 1352
2391 1352
2392 1350
2393 1353
2394 1355
2395 1355
2396 1351
2397 1353
2398 1352
2399 1350
2400 1353
2401 1355
2402 1351
2403 1358
2404 1354
2405 1354
2406 1353
2407 1353
2408 1352
2409 1355
2410 1354
2411 1352
2412 1352
2413 1354
2414 1352
2415 1352
2416 1355
2417 1354
2418 1356
2419 1354
2420 1353
2421 1353
2422 1350
2423 1352
2424 1352
2425 1352
2426 1353
2427 1354
2428 1354
2429 1353
2430 1354
2431 1354
2432 1353
2433 1354
2434 1353
2435 1354
2436 1351
2437 1352
2438 1354
2439 1353
2440 1355
2441 1352
2442 1351
2443 1353
2444 1351
2445 1351
2446 1350
2447 1355
2448 1350
2449 1352
2450 1350
2451 1350
2452 1351
2453 1353
2454 1352
2455 1350
2456 1354
2457 1355
2458 1353
2459 1354
2460 1355
2461 1353
2462 1352
2463 1356
2464 1353
2465 1355
2466 1354
2467 1353
2468 1355
2469 1352
2470 1355
2471 1350
2472 1356
2473 1352
2474 1349
2475 1353
2476 1351
2477 1354
2478 1352
2479 1355
2480 1354
2481 1352
2482 1352
2483 1352
2484 1353
2485 1352
2486 1351
2487 1351
2488 1353
2489 1352
2490 1350
2491 1355
2492 1355
2493 1356
2494 1351
2495 1355
2496 1353
2497 1351
2498 1354
2499 1353
2500 1356
2501 1350
2502 1353
2503 1352
2504 1348
2505 1353
2506 1349
2507 1351
2508 1353
2509 1351
2510 1354
2511 1353
2512 1352
2513 1354
2514 1353
2515 1353
2516 1352
2517 1354
2518 1354
2519 1354
2520 1353
2521 1353
2522 1352
2523 1352
2524 1354
2525 1354
2526 1354
2527 1351
2528 1353
2529 1351
2530 1351
2531 1354
2532 1351
2533 1350
2534 1353
2535 1353
2536 1353
2537 1352
2538 1354
2539 1351
2540 1351
2541 1353
2542 1354
2543 1353
2544 1352
2545 1352
2546 1356
2547 1352
2548 1353
2549 1355
2550 1354
2551 1354
2552 1350
2553 1353
2554 1355
2555 1353
2556 1353
2557 1353
2558 1353
2559 1352
2560 1356
2561 1352
2562 1355
2563 1353
2564 1354
2565 1353
2566 1353
2567 1354
2568 1355
2569 1353
2570 1355
2571 1353
2572 1353
2573 1353
2574 1354
2575 1354
2576 1356
2577 1351
2578 1354
2579 1355
2580 1355
2581 1353
2582 1354
2583 1352
2584 1352
2585 1352
2586 1352
2587 1353
2588 1353
2589 1352
2590 1353
2591 1351
2592 1353
2593 1353
2594 1352
2595 1355
2596 1353
2597 1355
2598 1356
2599 1354
2600 1353
2601 1353
2602 1352
2603 1355
2604 1355
2605 1350
2606 1354
2607 1355
2608 1356
2609 1353
2610 1351
2611 1351
2612 1353
2613 1353
2614 1354
2615 1353
2616 1353
2617 1353
2618 1351
2619 1350
2620 1350
2621 1353
2622 1350
2623 1352
2624 1356
2625 1353
2626 1352
2627 1356
2628 1353
2629 1352
2630 1355
2631 1353
2632 1357
2633 1354
2634 1355
2635 1353
2636 1355
2637 1353
2638 1354
2639 1353
2640 1354
2641 1354
2642 1351
2643 1356
2644 1355
2645 1354
2646 1354
2647 1352
2648 1353
2649 1354
2650 1355
2651 1354
2652 1352
2653 1353
2654 1353
2655 1352
2656 1351
2657 1351
2658 1354
2659 1353
2660 1353
2661 1354
2662 1353
2663 1352
2664 1353
2665 1352
2666 1355
2667 1353
2668 1352
2669 1356
2670 1355
2671 1355
2672 1354
2673 1355
2674 1355
2675 1353
2676 1353
2677 1353
2678 1351
2679 1353
2680 1357
2681 1354
2682 1353
2683 1352
2684 1353
2685 1353
2686 1352
2687 1354
2688 1353
2689 1353
2690 1353
2691 1353
2692 1352
2693 1351
2694 1353
2695 1354
2696 1350
2697 1352
2698 1352
2699 1353
2700 1355
2701 1353
2702 1352
2703 1353
2704 1357
2705 1351
2706 1355
2707 1354
2708 1353
2709 1351
2710 1353
2711 1351
2712 1353
2713 1352
2714 1353
2715 1353
2716 1355
2717 1351
2718 1353
2719 1354
2720 1352
2721 1351
2722 1352
2723 1356
2724 1353
2725 1354
2726 1351
2727 1355
2728 1352
2729 1355
2730 1357
2731 1356
2732 1353
2733 1352
2734 1353
2735 1355
2736 1355
2737 1358
2738 1355
2739 1352
2740 1351
2741 1352
2742 1350
2743 1354
2744 1351
2745 1353
2746 1351
2747 1351
2748 1354
2749 1354
2750 1350
2751 1353
2752 1354
2753 1351
2754 1352
2755 1354
2756 1353
2757 1351
2758 1353
2759 1353
2760 1354
2761 1353
2762 1353
2763 1353
2764 1352
2765 1350
2766 1351
2767 1353
2768 1353
2769 1353
2770 1354
2771 1354
2772 1355
2773 1352
2774 1352
2775 1354
2776 1352
2777 1352
2778 1354
2779 1351
2780 1352
2781 1352
2782 1351
2783 1355
2784 1352
2785 1349
2786 1354
2787 1353
2788 1353
2789 1353
2790 1352
2791 1352
2792 1352
2793 1353
2794 1352
2795 1354
2796 1354
2797 1351
2798 1353
2799 1353
2800 1355
2801 1352
2802 1354
2803 1355
2804 1353
2805 1355
2806 1356
2807 1354
2808 1354
2809 1353
2810 1355
2811 1353
2812 1351
2813 1355
2814 1356
2815 1351
2816 1352
2817 1351
2818 1353
2819 1355
2820 1353
2821 1354
2822 1352
2823 1353
2824 1351
2825 1351
2826 1355
2827 1356
2828 1353
2829 1352
2830 1352
2831 1354
2832 1355
2833 1354
2834 1353
2835 1355
2836 1353
2837 1353
2838 1353
2839 1352
2840 1353
2841 1352
2842 1353
2843 1353
2844 1352
2845 1352
2846 1354
2847 1353
2848 1353
2849 1354
2850 1357
2851 1354
2852 1354
2853 1354
2854 1355
2855 1353
2856 1351
2857 1355
2858 1356
2859 1354
2860 1350
2861 1354
2862 1355
2863 1353
2864 1355
2865 1352
2866 1354
2867 1354
2868 1353
2869 1351
2870 1349
2871 1354
2872 1352
2873 1354
2874 1353
2875 1354
2876 1354
2877 1353
2878 1353
2879 1351
2880 1353
2881 1351
2882 1352
2883 1354
2884 1353
2885 1352
2886 1355
2887 1354
2888 1352
2889 1353
2890 1357
2891 1354
2892 1352
2893 1352
2894 1351
2895 1354
2896 1353
2897 1354
2898 1352
2899 1353
2900 1353
2901 1355
2902 1354
2903 1352
2904 1356
2905 1352
2906 1354
2907 1351
2908 1352
2909 1351
2910 1348
2911 1352
2912 1352
2913 1354
2914 1355
2915 1355
2916 1356
2917 1353
2918 1352
2919 1353
2920 1355
2921 1353
2922 1358
2923 1354
2924 1354
2925 1354
2926 1357
2927 1354
2928 1351
2929 1351
2930 1354
2931 1352
2932 1352
2933 1351
2934 1353
2935 1353
2936 1356
2937 1353
2938 1352
2939 1355
2940 1355
2941 1356
2942 1351
2943 1355
2944 1354
2945 1353
2946 1355
2947 1354
2948 1353
2949 1356
2950 1353
2951 1352
2952 1352
2953 1354
2954 1354
2955 1354
2956 1353
2957 1354
2958 1352
2959 1354
2960 1353
2961 1353
2962 1353
2963 1357
2964 1353
2965 1353
2966 1352
2967 1353
2968 1351
2969 1351
2970 1351
2971 1357
2972 1355
2973 1354
2974 1351
2975 1355
2976 1352
2977 1350
2978 1350
2979 1353
2980 1356
2981 1359
2982 1353
2983 1352
2984 1352
2985 1353
2986 1352
2987 1354
2988 1352
2989 1353
2990 1352
2991 1352
2992 1350
2993 1351
2994 1352
2995 1351
2996 1353
2997 1352
2998 1353
2999 1353
3000 1352
3001 1351
3002 1351
3003 1353
3004 1352
3005 1354
3006 1352
3007 1356
3008 1354
3009 1355
3010 1354
3011 1353
3012 1353
3013 1355
3014 1354
3015 1354
3016 1354
3017 1352
3018 1352
3019 1351
3020 1352
3021 1351
3022 1355
3023 1352
3024 1353
3025 1353
3026 1354
3027 1351
3028 1353
3029 1351
3030 1354
3031 1354
3032 1352
3033 1351
3034 1353
3035 1354
3036 1353
3037 1356
3038 1353
3039 1352
3040 1354
3041 1354
3042 1354
3043 1351
3044 1352
3045 1356
3046 1355
3047 1350
3048 1353
3049 1352
3050 1351
3051 1351
3052 1355
3053 1352
3054 1353
3055 1352
3056 1353
3057 1351
3058 1352
3059 1352
3060 1357
3061 1352
3062 1353
3063 1354
3064 1352
3065 1353
3066 1351
3067 1353
3068 1353
3069 1352
3070 1354
3071 1353
3072 1351
3073 1355
3074 1356
3075 1353
3076 1350
3077 1352
3078 1351
3079 1350
3080 1352
3081 1352
3082 1352
3083 1353
3084 1354
3085 1355
3086 1355
3087 1351
3088 1352
3089 1352
3090 1354
3091 1355
3092 1354
3093 1354
3094 1354
3095 1353
3096 1356
3097 1353
3098 1355
3099 1351
3100 1352
3101 1352
3102 1352
3103 1354
3104 1351
3105 1353
3106 1354
3107 1353
3108 1350
3109 1349
3110 1352
3111 1353
3112 1353
3113 1352
3114 1352
3115 1350
3116 1350
3117 1349
3118 1352
3119 1354
3120 1352
3121 1355
3122 1350
3123 1353
3124 1354
3125 1355
3126 1351
3127 1356
3128 1351
3129 1351
3130 1350
3131 1355
3132 1352
3133 1353
3134 1352
3135 1353
3136 1357
3137 1353
3138 1351
3139 1352
3140 1352
3141 1351
3142 1351
3143 1353
3144 1353
3145 1353
3146 1348
3147 1351
3148 1353
3149 1350
3150 1352
3151 1351
3152 1351
3153 1349
3154 1351
3155 1353
3156 1353
3157 1348
3158 1351
3159 1352
3160 1351
3161 1354
3162 1352
3163 1351
3164 1350
3165 1351
3166 1352
3167 1353
3168 1354
3169 1351
3170 1354
3171 1351
3172 1353
3173 1352
3174 1353
3175 1349
3176 1353
3177 1352
3178 1350
3179 1351
3180 1354
3181 1351
3182 1350
3183 1354
3184 1352
3185 1354
3186 1352
3187 1352
3188 1353
3189 1354
3190 1352
3191 1355
3192 1353
3193 1352
3194 1352
3195 1354
3196 1353
3197 1354
3198 1350
3199 1350
3200 1350
3201 1353
3202 1353
3203 1355
3204 1352
3205 1350
3206 1352
3207 1354
3208 1353
3209 1352
3210 1349
3211 1352
3212 1351
3213 1351
3214 1353
3215 1354
3216 1354
3217 1351
3218 1354
3219 1356
3220 1353
3221 1354
3222 1352
3223 1350
3224 1352
3225 1351
3226 1352
3227 1353
3228 1352
3229 1354
3230 1350
3231 1352
3232 1354
3233 1353
3234 1351
3235 1352
3236 1355
3237 1353
3238 1353
3239 1352
3240 1352
3241 1354
3242 1353
3243 1355
3244 1353
3245 1353
3246 1351
3247 1354
3248 1353
3249 1353
3250 1353
3251 1353
3252 1353
3253 1354
3254 1350
3255 1353
3256 1354
3257 1352
3258 1353
3259 1353
3260 1352
3261 1355
3262 1353
3263 1354
3264 1354
3265 1353
3266 1354
3267 1353
3268 1352
3269 1353
3270 1355
3271 1355
3272 1354
3273 1350
3274 1353
3275 1351
3276 1353
3277 1352
3278 1353
3279 1349
3280 1353
3281 1352
3282 1352
3283 1352
3284 1356
3285 1356
3286 1354
3287 1351
3288 1354
3289 1354
3290 1355
3291 1351
3292 1355
3293 1355
3294 1353
3295 1355
3296 1354
3297 1353
3298 1355
3299 1349
3300 1351
3301 1356
3302 1354
3303 1353
3304 1354
3305 1351
3306 1353
3307 1353
3308 1350
3309 1352
3310 1352
3311 1352
3312 1352
3313 1355
3314 1355
3315 1353
3316 1356
3317 1354
3318 1351
3319 1352
3320 1354
3321 1356
3322 1355
3323 1352
3324 1354
3325 1353
3326 1353
3327 1351
3328 1351
3329 1351
3330 1352
3331 1352
3332 1351
3333 1353
3334 1353
3335 1352
3336 1354
3337 1355
3338 1352
3339 1352
3340 1352
3341 1352
3342 1355
3343 1352
3344 1356
3345 1356
3346 1352
3347 1352
3348 1353
3349 1352
3350 1351
3351 1353
3352 1354
3353 1353
3354 1353
3355 1353
3356 1355
3357 1353
3358 1353
3359 1350
3360 1352
3361 1354
3362 1351
3363 1352
3364 1353
3365 1355
3366 1356
3367 1354
3368 1354
3369 1353
3370 1353
3371 1354
3372 1352
3373 1355
3374 1354
3375 1352
3376 1353
3377 1353
3378 1352
3379 1352
3380 1354
3381 1356
3382 1352
3383 1354
3384 1353
3385 1352
3386 1350
3387 1356
3388 1350
3389 1352
3390 1351
3391 1352
3392 1353
3393 1355
3394 1353
3395 1352
3396 1353
3397 1352
3398 1353
3399 1354
3400 1355
3401 1352
3402 1353
3403 1355
3404 1353
3405 1354
3406 1354
3407 1351
3408 1353
3409 1354
3410 1355
3411 1354
3412 1353
3413 1353
3414 1352
3415 1353
3416 1353
3417 1353
3418 1355
3419 1354
3420 1352
3421 1352
3422 1354
3423 1356
3424 1351
3425 1351
3426 1353
3427 1350
3428 1353
3429 1354
3430 1352
3431 1350
3432 1354
3433 1354
3434 1352
3435 1353
3436 1350
3437 1357
3438 1354
3439 1353
3440 1353
3441 1351
3442 1351
3443 1354
3444 1356
3445 1351
3446 1350
3447 1353
3448 1352
3449 1352
3450 1352
3451 1355
3452 1354
3453 1354
3454 1350
3455 1349
3456 1349
3457 1356
3458 1352
3459 1354
3460 1355
3461 1355
3462 1352
3463 1352
3464 1350
3465 1353
3466 1355
3467 1354
3468 1351
3469 1353
3470 1355
3471 1354
3472 1353
3473 1353
3474 1352
3475 1354
3476 1354
3477 1354
3478 1354
3479 1354
3480 1349
3481 1355
3482 1353
3483 1352
3484 1355
3485 1353
3486 1352
3487 1353
3488 1354
3489 1351
3490 1354
3491 1355
3492 1354
3493 1355
3494 1352
3495 1354
3496 1357
3497 1353
3498 1352
3499 1355
3500 1353
3501 1355
3502 1354
3503 1352
3504 1355
3505 1354
3506 1354
3507 1353
3508 1351
3509 1352
3510 1349
3511 1352
3512 1351
3513 1351
3514 1353
3515 1355
3516 1351
3517 1353
3518 1351
3519 1350
3520 1349
3521 1352
3522 1357
3523 1350
3524 1352
3525 1355
3526 1352
3527 1354
3528 1354
3529 1353
3530 1353
3531 1355
3532 1352
3533 1352
3534 1354
3535 1353
3536 1353
3537 1355
3538 1354
3539 1355
3540 1353
3541 1351
3542 1353
3543 1350
3544 1352
3545 1353
3546 1355
3547 1352
3548 1351
3549 1355
3550 1355
3551 1354
3552 1352
3553 1352
3554 1350
3555 1352
3556 1352
3557 1353
3558 1354
3559 1356
3560 1354
3561 1354
3562 1354
3563 1354
3564 1351
3565 1352
3566 1353
3567 1353
3568 1355
3569 1355
3570 1354
3571 1351
3572 1352
3573 1354
3574 1351
3575 1352
3576 1352
3577 1350
3578 1353
3579 1351
3580 1353
3581 1351
3582 1355
3583 1353
3584 1350
3585 1349
3586 1353
3587 1354
3588 1353
3589 1353
3590 1355
3591 1353
3592 1355
3593 1352
3594 1353
3595 1352
3596 1354
3597 1353
3598 1353
3599 1355
3600 1353
3601 1352
3602 1353
3603 1352
3604 1352
3605 1351
3606 1352
3607 1353
3608 1354
3609 1353
3610 1354
3611 1352
3612 1358
3613 1353
3614 1353
3615 1352
3616 1354
3617 1352
3618 1355
3619 1352
3620 1354
3621 1350
3622 1353
3623 1355
3624 1354
3625 1352
3626 1353
3627 1351
3628 1356
3629 1353
3630 1352
3631 1351
3632 1355
3633 1352
3634 1350
3635 1349
3636 1353
3637 1353
3638 1353
3639 1352
3640 1355
3641 1353
3642 1356
3643 1352
3644 1353
3645 1351
3646 1356
3647 1353
3648 1351
3649 1355
3650 1354
3651 1354
3652 1354
3653 1352
3654 1353
3655 1355
3656 1355
3657 1355
3658 1350
3659 1351
3660 1352
3661 1356
3662 1351
3663 1352
3664 1355
3665 1352
3666 1352
3667 1353
3668 1352
3669 1352
3670 1354
3671 1353
3672 1356
3673 1353
3674 1354
3675 1354
3676 1353
3677 1351
3678 1353
3679 1353
3680 1355
3681 1352
3682 1353
3683 1354
3684 1353
3685 1351
3686 1353
3687 1353
3688 1355
3689 1353
3690 1353
3691 1352
3692 1355
3693 1354
3694 1352
3695 1351
3696 1351
3697 1351
3698 1353
3699 1350
3700 1353
3701 1350
3702 1352
3703 1355
3704 1352
3705 1352
3706 1353
3707 1353
3708 1354
3709 1354
3710 1351
3711 1350
3712 1354
3713 1353
3714 1352
3715 1353
3716 1355
3717 1352
3718 1355
3719 1353
3720 1354
3721 1352
3722 1352
3723 1354
3724 1353
3725 1351
3726 1353
3727 1354
3728 1352
3729 1355
3730 1352
3731 1352
3732 1355
3733 1352
3734 1352
3735 1352
3736 1352
3737 1353
3738 1353
3739 1352
3740 1353
3741 1351
3742 1354
3743 1352
3744 1353
3745 1353
3746 1352
3747 1352
3748 1351
3749 1351
3750 1353
3751 1352
3752 1354
3753 1353
3754 1353
3755 1354
3756 1355
3757 1352
3758 1353
3759 1351
3760 1351
3761 1353
3762 1351
3763 1352
3764 1353
3765 1354
3766 1352
3767 1351
3768 1352
3769 1351
3770 1354
3771 1353
3772 1353
3773 1354
3774 1355
3775 1353
3776 1352
3777 1354
3778 1352
3779 1351
3780 1354
3781 1352
3782 1356
3783 1350
3784 1353
3785 1350
3786 1351
3787 1354
3788 1352
3789 1350
3790 1350
3791 1350
3792 1355
3793 1350
3794 1353
3795 1352
3796 1353
3797 1356
3798 1352
3799 1353
3800 1353
3801 1352
3802 1352
3803 1351
3804 1352
3805 1355
3806 1354
3807 1349
3808 1350
3809 1352
3810 1353
3811 1354
3812 1357
3813 1350
3814 1352
3815 1350
3816 1352
3817 1353
3818 1354
3819 1349
3820 1354
3821 1355
3822 1354
3823 1352
3824 1351
3825 1353
3826 1355
3827 1354
3828 1352
3829 1353
3830 1353
3831 1353
3832 1353
3833 1353
3834 1353
3835 1350
3836 1355
3837 1353
3838 1353
3839 1352
3840 1354
3841 1353
3842 1353
3843 1355
3844 1356
3845 1354
3846 1354
3847 1351
3848 1356
3849 1353
3850 1350
3851 1353
3852 1355
3853 1352
3854 1350
3855 1350
3856 1353
3857 1354
3858 1350
3859 1352
3860 1354
3861 1356
3862 1353
3863 1352
3864 1354
3865 1356
3866 1353
3867 1352
3868 1351
3869 1356
3870 1355
3871 1355
3872 1355
3873 1352
3874 1353
3875 1352
3876 1353
3877 1354
3878 1351
3879 1350
3880 1351
3881 1352
3882 1353
3883 1353
3884 1353
3885 1353
3886 1355
3887 1352
3888 1357
3889 1352
3890 1352
3891 1354
3892 1354
3893 1356
3894 1350
3895 1353
3896 1353
3897 1356
3898 1352
3899 1353
3900 1357
3901 1352
3902 1353
3903 1355
3904 1353
3905 1354
3906 1354
3907 1352
3908 1350
3909 1351
3910 1357
3911 1354
3912 1350
3913 1352
3914 1351
3915 1352
3916 1352
3917 1352
3918 1354
3919 1355
3920 1355
3921 1351
3922 1353
3923 1352
3924 1354
3925 1356
3926 1351
3927 1354
3928 1353
3929 1353
3930 1354
3931 1354
3932 1354
3933 1353
3934 1352
3935 1350
3936 1350
3937 1349
3938 1352
3939 1354
3940 1354
3941 1353
3942 1350
3943 1350
3944 1351
3945 1351
3946 1350
3947 1353
3948 1349
3949 1351
3950 1354
3951 1352
3952 1352
3953 1353
3954 1353
3955 1354
3956 1354
3957 1354
3958 1352
3959 1350
3960 1352
3961 1354
3962 1354
3963 1350
3964 1353
3965 1356
3966 1353
3967 1355
3968 1355
3969 1353
3970 1354
3971 1352
3972 1351
3973 1353
3974 1354
3975 1354
3976 1350
3977 1353
3978 1354
3979 1350
3980 1353
3981 1354
3982 1354
3983 1352
3984 1355
3985 1353
3986 1356
3987 1352
3988 1351
3989 1352
3990 1354
3991 1352
3992 1352
3993 1353
3994 1355
3995 1354
3996 1353
3997 1352
3998 1352
3999 1351
