0 1355
1 1355
2 1354
3 1356
4 1357
5 1356
6 1358
7 1354
8 1355
9 1356
10 1355
11 1356
12 1354
13 1354
14 1356
15 1353
16 1355
17 1356
18 1355
19 1356
20 1354
21 1356
22 1354
23 1356
24 1357
25 1357
26 1355
27 1356
28 1358
29 1352
30 1357
31 1356
32 1357
33 1356
34 1354
35 1357
36 1357
37 1358
38 1353
39 1353
40 1358
41 1357
42 1356
43 1354
44 1354
45 1352
46 1357
47 1354
48 1354
49 1353
50 1356
51 1354
52 1357
53 1355
54 1353
55 1357
56 1356
57 1357
58 1355
59 1356
60 1357
61 1357
62 1355
63 1354
64 1355
65 1354
66 1355
67 1355
68 1357
69 1351
70 1353
71 1354
72 1358
73 1358
74 1358
75 1355
76 1354
77 1353
78 1355
79 1355
80 1356
81 1354
82 1358
83 1356
84 1357
85 1355
86 1352
87 1354
88 1357
89 1355
90 1357
91 1359
92 1355
93 1355
94 1355
95 1354
96 1355
97 1356
98 1358
99 1355
100 1356
101 1357
102 1357
103 1356
104 1357
105 1356
106 1358
107 1357
108 1357
109 1356
110 1358
111 1357
112 1358
113 1358
114 1355
115 1357
116 1357
117 1360
118 1356
119 1357
120 1358
121 1355
122 1357
123 1356
124 1357
125 1356
126 1356
127 1356
128 1356
129 1356
130 1356
131 1355
132 1354
133 1356
134 1357
135 1354
136 1355
137 1356
138 1357
139 1356
140 1356
141 1354
142 1354
143 1355
144 1355
145 1356
146 1354
147 1355
148 1358
149 1354
150 1355
151 1357
152 1357
153 1355
154 1356
155 1354
156 1356
157 1354
158 1354
159 1355
160 1356
161 1353
162 1355
163 1355
164 1353
165 1354
166 1357
167 1356
168 1355
169 1358
170 1356
171 1357
172 1357
173 1355
174 1356
175 1355
176 1357
177 1355
178 1359
179 1355
180 1357
181 1356
182 1356
183 1356
184 1357
185 1359
186 1357
187 1356
188 1356
189 1354
190 1357
191 1357
192 1356
193 1356
194 1357
195 1355
196 1357
197 1354
198 1353
199 1355
200 1356
201 1356
202 1355
203 1353
204 1354
205 1354
206 1353
207 1355
208 1357
209 1354
210 1353
211 1357
212 1357
213 1354
214 1356
215 1356
216 1355
217 1355
218 1356
219 1355
220 1358
221 1355
222 1356
223 1356
224 1355
225 1356
226 1355
227 1354
228 1356
229 1357
230 1356
231 1355
232 1355
233 1355
234 1354
235 1358
236 1357
237 1356
238 1356
239 1356
240 1356
241 1356
242 1355
243 1355
244 1356
245 1356
246 1354
247 1357
248 1354
249 1355
250 1355
251 1357
252 1355
253 1354
254 1354
255 1353
256 1357
257 1356
258 1355
259 1355
260 1355
261 1355
262 1355
263 1354
264 1358
265 1353
266 1358
267 1355
268 1351
269 1355
270 1356
271 1356
272 1353
273 1356
274 1354
275 1354
276 1355
277 1355
278 1354
279 1355
280 1354
281 1357
282 1352
283 1355
284 1355
285 1356
286 1355
287 1358
288 1357
289 1357
290 1354
291 1355
292 1356
293 1355
294 1353
295 1354
296 1357
297 1353
298 1353
299 1356
300 1354
301 1356
302 1354
303 1356
304 1356
305 1355
306 1357
307 1354
308 1356
309 1354
310 1356
311 1356
312 1356
313 1355
314 1353
315 1354
316 1353
317 1355
318 1354
319 1355
320 1355
321 1354
322 1353
323 1358
324 1350
325 1352
326 1355
327 1356
328 1355
329 1355
330 1356
331 1355
332 1357
333 1355
334 1355
335 1357
336 1355
337 1359
338 1357
339 1355
340 1354
341 1356
342 1353
343 1356
344 1354
345 1356
346 1356
347 1356
348 1354
349 1355
350 1357
351 1355
352 1357
353 1352
354 1352
355 1358
356 1354
357 1356
358 1356
359 1353
360 1355
361 1355
362 1355
363 1355
364 1358
365 1354
366 1356
367 1355
368 1356
369 1356
370 1355
371 1359
372 1354
373 1357
374 1355
375 1356
376 1356
377 1355
378 1356
379 1355
380 1355
381 1354
382 1358
383 1356
384 1353
385 1355
386 1354
387 1355
388 1356
389 1356
390 1355
391 1358
392 1358
393 1356
394 1354
395 1356
396 1355
397 1354
398 1355
399 1355
400 1357
401 1355
402 1356
403 1354
404 1353
405 1356
406 1356
407 1356
408 1353
409 1354
410 1356
411 1356
412 1357
413 1358
414 1355
415 1356
416 1357
417 1354
418 1355
419 1354
420 1357
421 1355
422 1357
423 1356
424 1355
425 1356
426 1355
427 1356
428 1355
429 1358
430 1354
431 1354
432 1356
433 1355
434 1354
435 1356
436 1357
437 1356
438 1355
439 1354
440 1355
441 1356
442 1357
443 1355
444 1357
445 1355
446 1356
447 1356
448 1357
449 1354
450 1357
451 1355
452 1357
453 1356
454 1357
455 1352
456 1355
457 1355
458 1356
459 1356
460 1358
461 1354
462 1357
463 1355
464 1356
465 1355
466 1353
467 1354
468 1356
469 1352
470 1354
471 1355
472 1353
473 1354
474 1355
475 1356
476 1355
477 1355
478 1357
479 1355
480 1356
481 1353
482 1355
483 1354
484 1353
485 1357
486 1354
487 1355
488 1355
489 1354
490 1355
491 1355
492 1356
493 1355
494 1353
495 1354
496 1355
497 1355
498 1355
499 1355
500 1357
501 1354
502 1353
503 1354
504 1354
505 1353
506 1353
507 1354
508 1353
509 1356
510 1355
511 1356
512 1357
513 1357
514 1355
515 1356
516 1356
517 1356
518 1353
519 1355
520 1360
521 1358
522 1356
523 1357
524 1356
525 1354
526 1355
527 1352
528 1356
529 1356
530 1356
531 1354
532 1352
533 1356
534 1354
535 1354
536 1357
537 1356
538 1356
539 1360
540 1366
541 1368
542 1374
543 1382
544 1393
545 1406
546 1421
547 1435
548 1447
549 1462
550 1469
551 1483
552 1496
553 1506
554 1515
555 1523
556 1533
557 1535
558 1540
559 1539
560 1539
561 1538
562 1535
563 1528
564 1524
565 1515
566 1514
567 1505
568 1502
569 1494
570 1489
571 1483
572 1482
573 1472
574 1466
575 1464
576 1458
577 1450
578 1446
579 1444
580 1434
581 1430
582 1429
583 1419
584 1417
585 1415
586 1414
587 1410
588 1409
589 1404
590 1403
591 1402
592 1402
593 1397
594 1395
595 1389
596 1387
597 1382
598 1382
599 1378
600 1377
601 1374
602 1375
603 1373
604 1374
605 1368
606 1371
607 1369
608 1367
609 1365
610 1365
611 1366
612 1365
613 1363
614 1361
615 1361
616 1365
617 1361
618 1363
619 1360
620 1362
621 1360
622 1361
623 1359
624 1359
625 1359
626 1358
627 1358
628 1361
629 1358
630 1358
631 1356
632 1360
633 1357
634 1357
635 1360
636 1358
637 1358
638 1358
639 1356
640 1356
641 1357
642 1357
643 1356
644 1359
645 1357
646 1355
647 1354
648 1356
649 1356
650 1357
651 1355
652 1358
653 1356
654 1358
655 1357
656 1356
657 1357
658 1357
659 1355
660 1356
661 1356
662 1357
663 1356
664 1357
665 1355
666 1356
667 1355
668 1356
669 1355
670 1357
671 1358
672 1358
673 1358
674 1354
675 1353
676 1355
677 1354
678 1354
679 1355
680 1356
681 1353
682 1354
683 1352
684 1357
685 1355
686 1356
687 1353
688 1354
689 1354
690 1359
691 1358
692 1355
693 1355
694 1355
695 1357
696 1354
697 1356
698 1353
699 1354
700 1354
701 1354
702 1357
703 1356
704 1357
705 1355
706 1355
707 1352
708 1351
709 1354
710 1355
711 1356
712 1354
713 1354
714 1354
715 1354
716 1354
717 1355
718 1357
719 1353
720 1354
721 1356
722 1355
723 1356
724 1355
725 1354
726 1354
727 1354
728 1354
729 1355
730 1355
731 1353
732 1357
733 1355
734 1354
735 1352
736 1354
737 1354
738 1356
739 1355
740 1353
741 1356
742 1355
743 1355
744 1352
745 1352
746 1352
747 1356
748 1355
749 1354
750 1353
751 1353
752 1356
753 1353
754 1354
755 1354
756 1353
757 1354
758 1350
759 1355
760 1354
761 1354
762 1357
763 1356
764 1354
765 1355
766 1356
767 1356
768 1354
769 1354
770 1355
771 1356
772 1355
773 1355
774 1353
775 1354
776 1355
777 1353
778 1353
779 1353
780 1353
781 1353
782 1354
783 1354
784 1355
785 1356
786 1355
787 1354
788 1354
789 1356
790 1352
791 1355
792 1353
793 1352
794 1352
795 1354
796 1355
797 1354
798 1351
799 1355
800 1355
801 1354
802 1356
803 1353
804 1353
805 1357
806 1356
807 1353
808 1354
809 1352
810 1353
811 1354
812 1353
813 1353
814 1354
815 1353
816 1355
817 1355
818 1354
819 1356
820 1353
821 1355
822 1355
823 1356
824 1354
825 1357
826 1356
827 1355
828 1354
829 1353
830 1354
831 1356
832 1354
833 1356
834 1355
835 1354
836 1357
837 1352
838 1356
839 1354
840 1355
841 1353
842 1353
843 1357
844 1357
845 1356
846 1355
847 1354
848 1353
849 1356
850 1355
851 1354
852 1355
853 1356
854 1353
855 1354
856 1353
857 1358
858 1355
859 1353
860 1355
861 1354
862 1355
863 1353
864 1352
865 1352
866 1355
867 1355
868 1353
869 1354
870 1355
871 1354
872 1353
873 1352
874 1352
875 1355
876 1356
877 1353
878 1352
879 1353
880 1357
881 1354
882 1356
883 1357
884 1354
885 1353
886 1354
887 1353
888 1355
889 1356
890 1356
891 1355
892 1351
893 1355
894 1357
895 1356
896 1357
897 1358
898 1353
899 1353
900 1354
901 1355
902 1359
903 1354
904 1355
905 1351
906 1354
907 1353
908 1354
909 1355
910 1355
911 1355
912 1355
913 1358
914 1357
915 1356
916 1354
917 1354
918 1355
919 1352
920 1353
921 1353
922 1355
923 1353
924 1354
925 1353
926 1356
927 1355
928 1355
929 1353
930 1353
931 1356
932 1357
933 1356
934 1354
935 1353
936 1354
937 1354
938 1355
939 1351
940 1354
941 1354
942 1354
943 1353
944 1354
945 1354
946 1356
947 1354
948 1354
949 1355
950 1356
951 1356
952 1356
953 1353
954 1354
955 1355
956 1355
957 1356
958 1356
959 1354
960 1352
961 1353
962 1353
963 1352
964 1355
965 1354
966 1357
967 1355
968 1352
969 1351
970 1356
971 1355
972 1355
973 1354
974 1355
975 1356
976 1355
977 1354
978 1355
979 1358
980 1354
981 1356
982 1357
983 1354
984 1355
985 1355
986 1355
987 1356
988 1357
989 1355
990 1355
991 1356
992 1356
993 1356
994 1355
995 1355
996 1355
997 1356
998 1355
999 1354
1000 1352
1001 1355
1002 1352
1003 1352
1004 1357
1005 1354
1006 1355
1007 1357
1008 1357
1009 1354
1010 1355
1011 1354
1012 1355
1013 1356
1014 1353
1015 1354
1016 1357
1017 1353
1018 1355
1019 1353
1020 1355
1021 1352
1022 1357
1023 1354
1024 1352
1025 1353
1026 1355
1027 1354
1028 1356
1029 1355
1030 1357
1031 1355
1032 1355
1033 1353
1034 1357
1035 1354
1036 1354
1037 1355
1038 1356
1039 1353
1040 1354
1041 1354
1042 1355
1043 1354
1044 1354
1045 1354
1046 1355
1047 1353
1048 1354
1049 1352
1050 1355
1051 1355
1052 1356
1053 1355
1054 1356
1055 1351
1056 1355
1057 1354
1058 1356
1059 1354
1060 1352
1061 1355
1062 1357
1063 1355
1064 1352
1065 1355
1066 1358
1067 1354
1068 1358
1069 1353
1070 1355
1071 1354
1072 1357
1073 1356
1074 1354
1075 1354
1076 1356
1077 1355
1078 1354
1079 1353
1080 1356
1081 1358
1082 1355
1083 1355
1084 1352
1085 1353
1086 1355
1087 1354
1088 1357
1089 1354
1090 1356
1091 1355
1092 1355
1093 1355
1094 1353
1095 1353
1096 1352
1097 1355
1098 1356
1099 1356
1100 1353
1101 1354
1102 1354
1103 1354
1104 1354
1105 1354
1106 1354
1107 1356
1108 1355
1109 1355
1110 1354
1111 1356
1112 1356
1113 1354
1114 1355
1115 1355
1116 1354
1117 1353
1118 1354
1119 1355
1120 1356
1121 1356
1122 1358
1123 1356
1124 1353
1125 1354
1126 1356
1127 1356
1128 1358
1129 1356
1130 1357
1131 1355
1132 1354
1133 1354
1134 1353
1135 1353
1136 1357
1137 1354
1138 1356
1139 1355
1140 1353
1141 1354
1142 1355
1143 1355
1144 1357
1145 1356
1146 1354
1147 1355
1148 1356
1149 1354
1150 1353
1151 1352
1152 1359
1153 1356
1154 1354
1155 1358
1156 1357
1157 1357
1158 1354
1159 1355
1160 1360
1161 1356
1162 1354
1163 1351
1164 1357
1165 1354
1166 1357
1167 1356
1168 1355
1169 1353
1170 1356
1171 1354
1172 1354
1173 1353
1174 1357
1175 1353
1176 1355
1177 1353
1178 1354
1179 1354
1180 1354
1181 1353
1182 1354
1183 1355
1184 1354
1185 1354
1186 1356
1187 1357
1188 1357
1189 1356
1190 1357
1191 1353
1192 1355
1193 1355
1194 1355
1195 1356
1196 1353
1197 1352
1198 1354
1199 1354
1200 1353
1201 1351
1202 1356
1203 1354
1204 1354
1205 1357
1206 1356
1207 1355
1208 1357
1209 1356
1210 1358
1211 1357
1212 1356
1213 1353
1214 1353
1215 1355
1216 1354
1217 1357
1218 1357
1219 1357
1220 1355
1221 1357
1222 1355
1223 1356
1224 1356
1225 1356
1226 1355
1227 1356
1228 1355
1229 1356
1230 1357
1231 1352
1232 1355
1233 1354
1234 1354
1235 1356
1236 1358
1237 1356
1238 1354
1239 1354
1240 1352
1241 1354
1242 1354
1243 1355
1244 1357
1245 1356
1246 1352
1247 1355
1248 1356
1249 1355
1250 1355
1251 1354
1252 1357
1253 1354
1254 1357
1255 1354
1256 1352
1257 1353
1258 1354
1259 1356
1260 1356
1261 1356
1262 1359
1263 1356
1264 1356
1265 1354
1266 1356
1267 1357
1268 1355
1269 1355
1270 1355
1271 1354
1272 1355
1273 1355
1274 1355
1275 1354
1276 1356
1277 1356
1278 1354
1279 1354
1280 1353
1281 1356
1282 1355
1283 1355
1284 1355
1285 1351
1286 1357
1287 1355
1288 1356
1289 1352
1290 1356
1291 1354
1292 1357
1293 1356
1294 1357
1295 1356
1296 1356
1297 1354
1298 1352
1299 1355
1300 1359
1301 1354
1302 1357
1303 1355
1304 1354
1305 1353
1306 1357
1307 1356
1308 1356
1309 1357
1310 1357
1311 1355
1312 1353
1313 1355
1314 1356
1315 1355
1316 1355
1317 1356
1318 1353
1319 1353
1320 1355
1321 1355
1322 1355
1323 1355
1324 1352
1325 1358
1326 1357
1327 1356
1328 1356
1329 1355
1330 1357
1331 1354
1332 1354
1333 1354
1334 1353
1335 1355
1336 1355
1337 1354
1338 1355
1339 1356
1340 1355
1341 1356
1342 1355
1343 1356
1344 1356
1345 1356
1346 1355
1347 1356
1348 1357
1349 1356
1350 1355
1351 1355
1352 1357
1353 1355
1354 1355
1355 1357
1356 1356
1357 1354
1358 1353
1359 1354
1360 1355
1361 1356
1362 1355
1363 1355
1364 1353
1365 1354
1366 1355
1367 1356
1368 1352
1369 1354
1370 1358
1371 1354
1372 1358
1373 1356
1374 1358
1375 1357
1376 1357
1377 1356
1378 1352
1379 1355
1380 1353
1381 1355
1382 1356
1383 1354
1384 1354
1385 1354
1386 1358
1387 1355
1388 1356
1389 1356
1390 1356
1391 1354
1392 1356
1393 1354
1394 1357
1395 1356
1396 1359
1397 1355
1398 1358
1399 1356
1400 1355
1401 1355
1402 1357
1403 1356
1404 1354
1405 1356
1406 1356
1407 1356
1408 1357
1409 1352
1410 1351
1411 1354
1412 1353
1413 1354
1414 1356
1415 1356
1416 1356
1417 1355
1418 1355
1419 1355
1420 1356
1421 1354
1422 1357
1423 1352
1424 1355
1425 1354
1426 1356
1427 1354
1428 1357
1429 1356
1430 1357
1431 1356
1432 1357
1433 1356
1434 1357
1435 1357
1436 1355
1437 1353
1438 1355
1439 1356
1440 1356
1441 1354
1442 1354
1443 1354
1444 1357
1445 1354
1446 1355
1447 1355
1448 1354
1449 1355
1450 1354
1451 1354
1452 1357
1453 1356
1454 1357
1455 1354
1456 1355
1457 1354
1458 1356
1459 1352
1460 1353
1461 1356
1462 1357
1463 1356
1464 1355
1465 1356
1466 1355
1467 1357
1468 1354
1469 1354
1470 1356
1471 1356
1472 1357
1473 1354
1474 1356
1475 1355
1476 1356
1477 1355
1478 1355
1479 1352
1480 1354
1481 1355
1482 1357
1483 1356
1484 1354
1485 1356
1486 1357
1487 1353
1488 1355
1489 1351
1490 1353
1491 1354
1492 1360
1493 1355
1494 1354
1495 1353
1496 1355
1497 1359
1498 1356
1499 1356
1500 1357
1501 1355
1502 1354
1503 1354
1504 1353
1505 1355
1506 1358
1507 1356
1508 1355
1509 1354
1510 1355
1511 1358
1512 1356
1513 1353
1514 1356
1515 1357
1516 1357
1517 1354
1518 1358
1519 1357
1520 1355
1521 1355
1522 1354
1523 1353
1524 1356
1525 1352
1526 1356
1527 1354
1528 1359
1529 1353
1530 1353
1531 1354
1532 1355
1533 1356
1534 1356
1535 1354
1536 1355
1537 1356
1538 1356
1539 1356
1540 1358
1541 1354
1542 1358
1543 1357
1544 1357
1545 1356
1546 1357
1547 1355
1548 1353
1549 1354
1550 1354
1551 1353
1552 1356
1553 1356
1554 1355
1555 1356
1556 1354
1557 1355
1558 1357
1559 1358
1560 1358
1561 1354
1562 1356
1563 1356
1564 1355
1565 1356
1566 1357
1567 1356
1568 1356
1569 1357
1570 1355
1571 1353
1572 1355
1573 1356
1574 1355
1575 1355
1576 1352
1577 1357
1578 1355
1579 1358
1580 1356
1581 1356
1582 1357
1583 1358
1584 1360
1585 1356
1586 1357
1587 1355
1588 1355
1589 1355
1590 1355
1591 1354
1592 1358
1593 1357
1594 1357
1595 1357
1596 1356
1597 1354
1598 1356
1599 1354
1600 1357
1601 1353
1602 1356
1603 1355
1604 1353
1605 1354
1606 1355
1607 1355
1608 1357
1609 1355
1610 1357
1611 1356
1612 1355
1613 1353
1614 1353
1615 1356
1616 1356
1617 1354
1618 1355
1619 1355
1620 1357
1621 1357
1622 1357
1623 1357
1624 1353
1625 1355
1626 1356
1627 1356
1628 1353
1629 1356
1630 1356
1631 1354
1632 1357
1633 1354
1634 1352
1635 1354
1636 1353
1637 1354
1638 1356
1639 1356
1640 1356
1641 1354
1642 1353
1643 1354
1644 1356
1645 1355
1646 1354
1647 1356
1648 1356
1649 1356
1650 1357
1651 1358
1652 1358
1653 1355
1654 1356
1655 1356
1656 1355
1657 1357
1658 1358
1659 1357
1660 1354
1661 1356
1662 1354
1663 1357
1664 1354
1665 1355
1666 1355
1667 1354
1668 1355
1669 1357
1670 1356
1671 1354
1672 1354
1673 1354
1674 1354
1675 1356
1676 1357
1677 1357
1678 1358
1679 1354
1680 1356
1681 1355
1682 1351
1683 1354
1684 1357
1685 1355
1686 1355
1687 1353
1688 1355
1689 1354
1690 1354
1691 1353
1692 1354
1693 1354
1694 1355
1695 1352
1696 1355
1697 1356
1698 1351
1699 1355
1700 1353
1701 1356
1702 1355
1703 1356
1704 1353
1705 1355
1706 1355
1707 1356
1708 1358
1709 1357
1710 1357
1711 1356
1712 1353
1713 1355
1714 1355
1715 1353
1716 1355
1717 1355
1718 1355
1719 1354
1720 1353
1721 1353
1722 1356
1723 1356
1724 1356
1725 1354
1726 1355
1727 1357
1728 1356
1729 1355
1730 1356
1731 1356
1732 1355
1733 1354
1734 1353
1735 1352
1736 1355
1737 1357
1738 1353
1739 1354
1740 1351
1741 1356
1742 1360
1743 1361
1744 1355
1745 1354
1746 1355
1747 1356
1748 1355
1749 1357
1750 1354
1751 1356
1752 1354
1753 1356
1754 1355
1755 1354
1756 1355
1757 1357
1758 1355
1759 1356
1760 1354
1761 1354
1762 1355
1763 1355
1764 1355
1765 1354
1766 1353
1767 1356
1768 1355
1769 1356
1770 1353
1771 1357
1772 1358
1773 1355
1774 1355
1775 1356
1776 1356
1777 1355
1778 1354
1779 1356
1780 1357
1781 1355
1782 1353
1783 1357
1784 1359
1785 1355
1786 1357
1787 1353
1788 1355
1789 1354
1790 1354
1791 1355
1792 1355
1793 1357
1794 1355
1795 1357
1796 1356
1797 1354
1798 1354
1799 1355
1800 1356
1801 1355
1802 1357
1803 1357
1804 1358
1805 1355
1806 1355
1807 1355
1808 1356
1809 1357
1810 1355
1811 1358
1812 1357
1813 1357
1814 1358
1815 1356
1816 1357
1817 1356
1818 1356
1819 1353
1820 1356
1821 1354
1822 1354
1823 1356
1824 1356
1825 1356
1826 1357
1827 1356
1828 1354
1829 1355
1830 1358
1831 1355
1832 1359
1833 1356
1834 1356
1835 1353
1836 1359
1837 1353
1838 1357
1839 1355
1840 1359
1841 1353
1842 1356
1843 1354
1844 1354
1845 1356
1846 1356
1847 1355
1848 1355
1849 1355
1850 1357
1851 1356
1852 1358
1853 1356
1854 1357
1855 1357
1856 1357
1857 1357
1858 1356
1859 1355
1860 1357
1861 1356
1862 1355
1863 1353
1864 1356
1865 1354
1866 1355
1867 1357
1868 1354
1869 1355
1870 1357
1871 1356
1872 1358
1873 1355
1874 1354
1875 1357
1876 1355
1877 1355
1878 1351
1879 1354
1880 1358
1881 1353
1882 1356
1883 1355
1884 1355
1885 1354
1886 1355
1887 1353
1888 1355
1889 1355
1890 1355
1891 1355
1892 1357
1893 1352
1894 1357
1895 1357
1896 1356
1897 1356
1898 1357
1899 1355
1900 1355
1901 1357
1902 1357
1903 1354
1904 1353
1905 1355
1906 1357
1907 1356
1908 1355
1909 1354
1910 1356
1911 1354
1912 1356
1913 1354
1914 1354
1915 1355
1916 1358
1917 1356
1918 1353
1919 1355
1920 1357
1921 1358
1922 1360
1923 1356
1924 1354
1925 1354
1926 1360
1927 1357
1928 1353
1929 1353
1930 1356
1931 1354
1932 1356
1933 1356
1934 1353
1935 1355
1936 1356
1937 1354
1938 1358
1939 1355
1940 1354
1941 1355
1942 1357
1943 1357
1944 1352
1945 1351
1946 1354
1947 1355
1948 1355
1949 1356
1950 1354
1951 1355
1952 1357
1953 1353
1954 1353
1955 1354
1956 1358
1957 1356
1958 1354
1959 1356
1960 1359
1961 1355
1962 1354
1963 1353
1964 1359
1965 1356
1966 1355
1967 1353
1968 1351
1969 1353
1970 1355
1971 1354
1972 1355
1973 1355
1974 1356
1975 1357
1976 1357
1977 1356
1978 1354
1979 1355
1980 1356
1981 1356
1982 1356
1983 1354
1984 1354
1985 1354
1986 1353
1987 1353
1988 1354
1989 1356
1990 1355
1991 1356
1992 1355
1993 1353
1994 1354
1995 1356
1996 1353
1997 1354
1998 1352
1999 1353
2000 1355
2001 1355
2002 1356
2003 1353
2004 1355
2005 1355
2006 1355
2007 1356
2008 1358
2009 1356
2010 1356
2011 1357
2012 1357
2013 1354
2014 1354
2015 1352
2016 1354
2017 1355
2018 1356
2019 1355
2020 1353
2021 1357
2022 1357
2023 1356
2024 1356
2025 1352
2026 1357
2027 1356
2028 1356
2029 1354
2030 1354
2031 1355
2032 1354
2033 1352
2034 1352
2035 1352
2036 1354
2037 1355
2038 1355
2039 1355
2040 1358
2041 1355
2042 1356
2043 1353
2044 1352
2045 1353
2046 1357
2047 1358
2048 1358
2049 1356
2050 1357
2051 1356
2052 1356
2053 1355
2054 1354
2055 1355
2056 1357
2057 1356
2058 1356
2059 1355
2060 1356
2061 1354
2062 1356
2063 1355
2064 1357
2065 1355
2066 1357
2067 1357
2068 1357
2069 1355
2070 1357
2071 1355
2072 1355
2073 1355
2074 1353
2075 1354
2076 1357
2077 1355
2078 1357
2079 1354
2080 1356
2081 1355
2082 1355
2083 1354
2084 1354
2085 1356
2086 1358
2087 1357
2088 1356
2089 1356
2090 1356
2091 1356
2092 1357
2093 1355
2094 1354
2095 1354
2096 1356
2097 1359
2098 1355
2099 1352
2100 1354
2101 1356
2102 1363
2103 1357
2104 1356
2105 1355
2106 1356
2107 1356
2108 1357
2109 1353
2110 1356
2111 1354
2112 1353
2113 1356
2114 1354
2115 1356
2116 1357
2117 1355
2118 1355
2119 1354
2120 1354
2121 1357
2122 1360
2123 1356
2124 1356
2125 1356
2126 1354
2127 1356
2128 1357
2129 1354
2130 1354
2131 1353
2132 1354
2133 1355
2134 1355
2135 1357
2136 1357
2137 1356
2138 1356
2139 1356
2140 1357
2141 1355
2142 1353
2143 1356
2144 1358
2145 1353
2146 1356
2147 1354
2148 1356
2149 1355
2150 1356
2151 1354
2152 1357
2153 1357
2154 1353
2155 1356
2156 1355
2157 1355
2158 1356
2159 1355
2160 1354
2161 1354
2162 1357
2163 1357
2164 1357
2165 1355
2166 1356
2167 1354
2168 1357
2169 1356
2170 1356
2171 1356
2172 1356
2173 1355
2174 1355
2175 1355
2176 1356
2177 1356
2178 1356
2179 1356
2180 1355
2181 1353
2182 1354
2183 1353
2184 1356
2185 1354
2186 1355
2187 1356
2188 1354
2189 1354
2190 1356
2191 1356
2192 1358
2193 1355
2194 1358
2195 1354
2196 1357
2197 1355
2198 1354
2199 1352
2200 1356
2201 1354
2202 1357
2203 1353
2204 1351
2205 1356
2206 1357
2207 1356
2208 1356
2209 1356
2210 1356
2211 1356
2212 1357
2213 1356
2214 1356
2215 1355
2216 1357
2217 1355
2218 1357
2219 1357
2220 1354
2221 1356
2222 1355
2223 1355
2224 1357
2225 1356
2226 1356
2227 1354
2228 1356
2229 1354
2230 1356
2231 1356
2232 1356
2233 1357
2234 1357
2235 1356
2236 1356
2237 1356
2238 1359
2239 1356
2240 1357
2241 1355
2242 1353
2243 1354
2244 1356
2245 1355
2246 1358
2247 1353
2248 1355
2249 1354
2250 1356
2251 1356
2252 1355
2253 1354
2254 1355
2255 1357
2256 1356
2257 1355
2258 1357
2259 1354
2260 1357
2261 1356
2262 1354
2263 1358
2264 1357
2265 1357
2266 1356
2267 1355
2268 1354
2269 1352
2270 1354
2271 1354
2272 1354
2273 1357
2274 1352
2275 1357
2276 1357
2277 1355
2278 1353
2279 1352
2280 1352
2281 1356
2282 1359
2283 1360
2284 1354
2285 1355
2286 1357
2287 1357
2288 1355
2289 1352
2290 1354
2291 1354
2292 1356
2293 1354
2294 1356
2295 1356
2296 1356
2297 1357
2298 1357
2299 1351
2300 1354
2301 1354
2302 1355
2303 1358
2304 1355
2305 1352
2306 1351
2307 1353
2308 1355
2309 1357
2310 1357
2311 1355
2312 1351
2313 1354
2314 1355
2315 1353
2316 1357
2317 1357
2318 1354
2319 1352
2320 1355
2321 1357
2322 1357
2323 1353
2324 1356
2325 1353
2326 1354
2327 1356
2328 1351
2329 1354
2330 1354
2331 1356
2332 1356
2333 1355
2334 1355
2335 1354
2336 1356
2337 1356
2338 1352
2339 1354
2340 1357
2341 1355
2342 1354
2343 1356
2344 1359
2345 1357
2346 1353
2347 1353
2348 1357
2349 1356
2350 1354
2351 1354
2352 1356
2353 1357
2354 1358
2355 1356
2356 1355
2357 1353
2358 1358
2359 1356
2360 1356
2361 1356
2362 1356
2363 1357
2364 1354
2365 1356
2366 1353
2367 1355
2368 1353
2369 1352
2370 1354
2371 1354
2372 1356
2373 1355
2374 1353
2375 1352
2376 1355
2377 1354
2378 1356
2379 1356
2380 1359
2381 1356
2382 1353
2383 1355
2384 1356
2385 1356
2386 1355
2387 1357
2388 1357
2389 1355
2390 1354
2391 1352
2392 1355
2393 1352
2394 1354
2395 1355
2396 1356
2397 1355
2398 1354
2399 1353
2400 1353
2401 1355
2402 1356
2403 1355
2404 1356
2405 1353
2406 1355
2407 1355
2408 1356
2409 1355
2410 1355
2411 1353
2412 1357
2413 1356
2414 1355
2415 1351
2416 1354
2417 1355
2418 1358
2419 1356
2420 1353
2421 1356
2422 1356
2423 1356
2424 1355
2425 1355
2426 1353
2427 1356
2428 1359
2429 1355
2430 1356
2431 1352
2432 1356
2433 1354
2434 1357
2435 1357
2436 1358
2437 1355
2438 1357
2439 1354
2440 1357
2441 1356
2442 1357
2443 1356
2444 1355
2445 1354
2446 1354
2447 1354
2448 1354
2449 1356
2450 1354
2451 1354
2452 1357
2453 1355
2454 1356
2455 1354
2456 1356
2457 1356
2458 1355
2459 1354
2460 1357
2461 1358
2462 1357
2463 1359
2464 1355
2465 1354
2466 1357
2467 1353
2468 1355
2469 1356
2470 1357
2471 1358
2472 1355
2473 1354
2474 1354
2475 1354
2476 1356
2477 1357
2478 1356
2479 1356
2480 1355
2481 1353
2482 1355
2483 1356
2484 1357
2485 1355
2486 1354
2487 1355
2488 1358
2489 1356
2490 1357
2491 1356
2492 1357
2493 1353
2494 1355
2495 1354
2496 1358
2497 1357
2498 1356
2499 1354
2500 1356
2501 1356
2502 1357
2503 1355
2504 1355
2505 1354
2506 1353
2507 1355
2508 1357
2509 1356
2510 1355
2511 1354
2512 1355
2513 1357
2514 1356
2515 1356
2516 1355
2517 1355
2518 1356
2519 1353
2520 1353
2521 1355
2522 1355
2523 1356
2524 1355
2525 1354
2526 1356
2527 1357
2528 1356
2529 1351
2530 1354
2531 1355
2532 1355
2533 1353
2534 1354
2535 1356
2536 1357
2537 1356
2538 1353
2539 1357
2540 1357
2541 1357
2542 1355
2543 1355
2544 1354
2545 1353
2546 1354
2547 1351
2548 1354
2549 1353
2550 1355
2551 1356
2552 1358
2553 1358
2554 1354
2555 1353
2556 1353
2557 1354
2558 1355
2559 1355
2560 1352
2561 1355
2562 1354
2563 1356
2564 1357
2565 1356
2566 1355
2567 1354
2568 1356
2569 1355
2570 1356
2571 1354
2572 1354
2573 1356
2574 1356
2575 1353
2576 1354
2577 1354
2578 1353
2579 1355
2580 1354
2581 1356
2582 1354
2583 1356
2584 1354
2585 1356
2586 1358
2587 1356
2588 1356
2589 1354
2590 1357
2591 1352
2592 1354
2593 1356
2594 1357
2595 1356
2596 1355
2597 1355
2598 1356
2599 1356
2600 1354
2601 1354
2602 1354
2603 1357
2604 1355
2605 1356
2606 1354
2607 1352
2608 1357
2609 1356
2610 1354
2611 1354
2612 1357
2613 1354
2614 1355
2615 1357
2616 1356
2617 1356
2618 1355
2619 1355
2620 1355
2621 1357
2622 1356
2623 1357
2624 1356
2625 1354
2626 1354
2627 1356
2628 1354
2629 1355
2630 1356
2631 1356
2632 1353
2633 1356
2634 1353
2635 1355
2636 1355
2637 1357
2638 1354
2639 1351
2640 1352
2641 1356
2642 1358
2643 1354
2644 1354
2645 1354
2646 1355
2647 1356
2648 1354
2649 1352
2650 1353
2651 1356
2652 1353
2653 1357
2654 1357
2655 1357
2656 1356
2657 1354
2658 1353
2659 1353
2660 1356
2661 1353
2662 1353
2663 1358
2664 1357
2665 1355
2666 1352
2667 1353
2668 1357
2669 1355
2670 1353
2671 1354
2672 1355
2673 1355
2674 1355
2675 1353
2676 1354
2677 1356
2678 1357
2679 1356
2680 1355
2681 1356
2682 1354
2683 1355
2684 1356
2685 1354
2686 1353
2687 1356
2688 1356
2689 1354
2690 1351
2691 1354
2692 1358
2693 1357
2694 1355
2695 1355
2696 1356
2697 1355
2698 1354
2699 1356
2700 1353
2701 1355
2702 1353
2703 1353
2704 1356
2705 1356
2706 1355
2707 1351
2708 1352
2709 1355
2710 1354
2711 1356
2712 1359
2713 1354
2714 1354
2715 1356
2716 1355
2717 1356
2718 1353
2719 1355
2720 1356
2721 1355
2722 1355
2723 1352
2724 1350
2725 1353
2726 1355
2727 1356
2728 1353
2729 1354
2730 1354
2731 1357
2732 1354
2733 1356
2734 1354
2735 1354
2736 1354
2737 1353
2738 1353
2739 1356
2740 1355
2741 1355
2742 1356
2743 1355
2744 1355
2745 1352
2746 1355
2747 1356
2748 1355
2749 1354
2750 1354
2751 1356
2752 1353
2753 1356
2754 1353
2755 1355
2756 1356
2757 1356
2758 1351
2759 1356
2760 1353
2761 1355
2762 1356
2763 1353
2764 1354
2765 1354
2766 1354
2767 1356
2768 1355
2769 1357
2770 1357
2771 1355
2772 1357
2773 1357
2774 1356
2775 1356
2776 1356
2777 1356
2778 1353
2779 1356
2780 1355
2781 1357
2782 1357
2783 1357
2784 1355
2785 1352
2786 1355
2787 1356
2788 1353
2789 1355
2790 1355
2791 1354
2792 1354
2793 1355
2794 1356
2795 1356
2796 1354
2797 1356
2798 1355
2799 1355
2800 1355
2801 1357
2802 1355
2803 1355
2804 1356
2805 1354
2806 1355
2807 1355
2808 1355
2809 1357
2810 1358
2811 1354
2812 1355
2813 1355
2814 1355
2815 1356
2816 1355
2817 1356
2818 1355
2819 1353
2820 1354
2821 1353
2822 1353
2823 1357
2824 1356
2825 1354
2826 1353
2827 1352
2828 1355
2829 1354
2830 1352
2831 1356
2832 1357
2833 1354
2834 1357
2835 1358
2836 1357
2837 1356
2838 1357
2839 1356
2840 1356
2841 1353
2842 1357
2843 1356
2844 1355
2845 1355
2846 1356
2847 1355
2848 1357
2849 1355
2850 1354
2851 1356
2852 1354
2853 1353
2854 1353
2855 1353
2856 1354
2857 1359
2858 1352
2859 1354
2860 1355
2861 1355
2862 1356
2863 1356
2864 1353
2865 1353
2866 1354
2867 1356
2868 1353
2869 1357
2870 1356
2871 1355
2872 1356
2873 1358
2874 1354
2875 1355
2876 1356
2877 1355
2878 1353
2879 1356
2880 1357
2881 1353
2882 1356
2883 1353
2884 1357
2885 1357
2886 1355
2887 1354
2888 1356
2889 1352
2890 1357
2891 1354
2892 1356
2893 1354
2894 1357
2895 1355
2896 1355
2897 1357
2898 1357
2899 1355
2900 1357
2901 1354
2902 1356
2903 1356
2904 1357
2905 1355
2906 1356
2907 1356
2908 1356
2909 1355
2910 1354
2911 1356
2912 1356
2913 1355
2914 1354
2915 1356
2916 1358
2917 1355
2918 1354
2919 1353
2920 1356
2921 1356
2922 1353
2923 1355
2924 1353
2925 1354
2926 1354
2927 1354
2928 1353
2929 1356
2930 1356
2931 1356
2932 1354
2933 1356
2934 1354
2935 1355
2936 1357
2937 1356
2938 1354
2939 1352
2940 1357
2941 1353
2942 1355
2943 1354
2944 1355
2945 1354
2946 1357
2947 1356
2948 1357
2949 1354
2950 1355
2951 1351
2952 1354
2953 1354
2954 1355
2955 1356
2956 1352
2957 1357
2958 1356
2959 1354
2960 1354
2961 1354
2962 1355
2963 1355
2964 1355
2965 1355
2966 1354
2967 1354
2968 1354
2969 1356
2970 1353
2971 1356
2972 1355
2973 1358
2974 1356
2975 1354
2976 1356
2977 1355
2978 1354
2979 1353
2980 1354
2981 1355
2982 1355
2983 1355
2984 1353
2985 1355
2986 1354
2987 1356
2988 1357
2989 1358
2990 1356
2991 1355
2992 1355
2993 1354
2994 1354
2995 1355
2996 1355
2997 1356
2998 1355
2999 1354
3000 1354
3001 1352
3002 1356
3003 1358
3004 1353
3005 1353
3006 1354
3007 1354
3008 1356
3009 1354
3010 1352
3011 1356
3012 1356
3013 1354
3014 1353
3015 1357
3016 1356
3017 1356
3018 1357
3019 1355
3020 1357
3021 1355
3022 1356
3023 1359
3024 1357
3025 1354
3026 1351
3027 1352
3028 1356
3029 1355
3030 1353
3031 1355
3032 1355
3033 1352
3034 1351
3035 1353
3036 1356
3037 1356
3038 1357
3039 1356
3040 1354
3041 1355
3042 1354
3043 1353
3044 1352
3045 1356
3046 1356
3047 1357
3048 1353
3049 1356
3050 1356
3051 1354
3052 1357
3053 1354
3054 1357
3055 1357
3056 1353
3057 1354
3058 1354
3059 1355
3060 1353
3061 1355
3062 1355
3063 1357
3064 1356
3065 1356
3066 1354
3067 1357
3068 1353
3069 1356
3070 1353
3071 1357
3072 1354
3073 1355
3074 1355
3075 1355
3076 1356
3077 1356
3078 1352
3079 1354
3080 1356
3081 1357
3082 1357
3083 1357
3084 1356
3085 1356
3086 1354
3087 1356
3088 1354
3089 1358
3090 1357
3091 1354
3092 1356
3093 1357
3094 1356
3095 1356
3096 1356
3097 1355
3098 1355
3099 1356
3100 1354
3101 1354
3102 1354
3103 1355
3104 1353
3105 1356
3106 1355
3107 1354
3108 1357
3109 1356
3110 1357
3111 1357
3112 1355
3113 1356
3114 1359
3115 1357
3116 1356
3117 1356
3118 1355
3119 1355
3120 1356
3121 1356
3122 1356
3123 1355
3124 1355
3125 1353
3126 1355
3127 1355
3128 1354
3129 1351
3130 1354
3131 1355
3132 1354
3133 1354
3134 1352
3135 1355
3136 1357
3137 1354
3138 1355
3139 1354
3140 1354
3141 1353
3142 1356
3143 1354
3144 1356
3145 1354
3146 1357
3147 1355
3148 1354
3149 1355
3150 1357
3151 1355
3152 1357
3153 1356
3154 1355
3155 1353
3156 1354
3157 1354
3158 1352
3159 1350
3160 1355
3161 1355
3162 1357
3163 1354
3164 1354
3165 1352
3166 1356
3167 1355
3168 1356
3169 1353
3170 1356
3171 1357
3172 1357
3173 1356
3174 1356
3175 1356
3176 1354
3177 1353
3178 1355
3179 1354
3180 1358
3181 1355
3182 1354
3183 1354
3184 1354
3185 1352
3186 1354
3187 1355
3188 1355
3189 1352
3190 1353
3191 1354
3192 1356
3193 1353
3194 1354
3195 1353
3196 1354
3197 1353
3198 1354
3199 1352
3200 1357
3201 1357
3202 1356
3203 1354
3204 1356
3205 1358
3206 1355
3207 1356
3208 1355
3209 1352
3210 1356
3211 1355
3212 1357
3213 1354
3214 1356
3215 1356
3216 1356
3217 1354
3218 1353
3219 1353
3220 1353
3221 1356
3222 1355
3223 1355
3224 1354
3225 1355
3226 1355
3227 1350
3228 1352
3229 1355
3230 1356
3231 1356
3232 1355
3233 1354
3234 1354
3235 1354
3236 1353
3237 1358
3238 1358
3239 1358
3240 1357
3241 1354
3242 1357
3243 1355
3244 1358
3245 1357
3246 1355
3247 1353
3248 1352
3249 1353
3250 1356
3251 1356
3252 1357
3253 1354
3254 1355
3255 1354
3256 1355
3257 1354
3258 1354
3259 1355
3260 1355
3261 1355
3262 1357
3263 1355
3264 1354
3265 1357
3266 1353
3267 1356
3268 1355
3269 1356
3270 1357
3271 1357
3272 1357
3273 1355
3274 1354
3275 1354
3276 1355
3277 1355
3278 1356
3279 1354
3280 1355
3281 1355
3282 1354
3283 1357
3284 1354
3285 1354
3286 1355
3287 1355
3288 1355
3289 1357
3290 1355
3291 1355
3292 1355
3293 1356
3294 1354
3295 1355
3296 1356
3297 1355
3298 1352
3299 1357
3300 1356
3301 1356
3302 1354
3303 1358
3304 1354
3305 1354
3306 1359
3307 1355
3308 1354
3309 1354
3310 1354
3311 1354
3312 1355
3313 1352
3314 1357
3315 1354
3316 1355
3317 1356
3318 1355
3319 1353
3320 1357
3321 1353
3322 1354
3323 1355
3324 1355
3325 1355
3326 1354
3327 1354
3328 1357
3329 1357
3330 1358
3331 1357
3332 1355
3333 1354
3334 1354
3335 1354
3336 1355
3337 1356
3338 1354
3339 1355
3340 1356
3341 1353
3342 1354
3343 1356
3344 1354
3345 1353
3346 1358
3347 1358
3348 1357
3349 1353
3350 1353
3351 1353
3352 1356
3353 1356
3354 1355
3355 1356
3356 1357
3357 1359
3358 1357
3359 1355
3360 1354
3361 1357
3362 1358
3363 1358
3364 1354
3365 1356
3366 1357
3367 1355
3368 1352
3369 1354
3370 1355
3371 1355
3372 1354
3373 1356
3374 1355
3375 1356
3376 1355
3377 1354
3378 1357
3379 1355
3380 1355
3381 1355
3382 1355
3383 1357
3384 1354
3385 1357
3386 1356
3387 1357
3388 1357
3389 1357
3390 1355
3391 1355
3392 1356
3393 1358
3394 1355
3395 1357
3396 1354
3397 1356
3398 1353
3399 1354
3400 1354
3401 1355
3402 1355
3403 1354
3404 1354
3405 1354
3406 1355
3407 1355
3408 1354
3409 1353
3410 1354
3411 1356
3412 1355
3413 1357
3414 1355
3415 1355
3416 1354
3417 1356
3418 1355
3419 1356
3420 1356
3421 1354
3422 1357
3423 1357
3424 1356
3425 1359
3426 1354
3427 1357
3428 1354
3429 1355
3430 1355
3431 1358
3432 1357
3433 1355
3434 1355
3435 1353
3436 1355
3437 1354
3438 1352
3439 1353
3440 1354
3441 1357
3442 1354
3443 1355
3444 1355
3445 1356
3446 1358
3447 1354
3448 1354
3449 1356
3450 1357
3451 1356
3452 1358
3453 1356
3454 1356
3455 1357
3456 1356
3457 1355
3458 1354
3459 1356
3460 1356
3461 1358
3462 1357
3463 1355
3464 1357
3465 1356
3466 1353
3467 1356
3468 1355
3469 1355
3470 1355
3471 1355
3472 1356
3473 1356
3474 1357
3475 1356
3476 1356
3477 1353
3478 1358
3479 1356
3480 1357
3481 1354
3482 1356
3483 1354
3484 1358
3485 1355
3486 1354
3487 1357
3488 1357
3489 1356
3490 1355
3491 1356
3492 1353
3493 1356
3494 1356
3495 1356
3496 1354
3497 1351
3498 1353
3499 1353
3500 1352
3501 1355
3502 1356
3503 1356
3504 1355
3505 1355
3506 1354
3507 1355
3508 1357
3509 1356
3510 1357
3511 1358
3512 1355
3513 1352
3514 1355
3515 1354
3516 1357
3517 1355
3518 1354
3519 1354
3520 1358
3521 1355
3522 1357
3523 1357
3524 1352
3525 1357
3526 1359
3527 1354
3528 1354
3529 1354
3530 1354
3531 1354
3532 1357
3533 1352
3534 1355
3535 1354
3536 1354
3537 1354
3538 1355
3539 1357
3540 1355
3541 1356
3542 1358
3543 1353
3544 1357
3545 1357
3546 1357
3547 1355
3548 1356
3549 1354
3550 1357
3551 1355
3552 1356
3553 1351
3554 1355
3555 1354
3556 1355
3557 1355
3558 1356
3559 1355
3560 1356
3561 1356
3562 1354
3563 1355
3564 1353
3565 1354
3566 1354
3567 1354
3568 1356
3569 1358
3570 1353
3571 1354
3572 1355
3573 1354
3574 1354
3575 1355
3576 1354
3577 1355
3578 1355
3579 1354
3580 1353
3581 1356
3582 1355
3583 1353
3584 1356
3585 1354
3586 1357
3587 1354
3588 1357
3589 1351
3590 1355
3591 1354
3592 1357
3593 1355
3594 1357
3595 1356
3596 1359
3597 1355
3598 1357
3599 1355
3600 1358
3601 1355
3602 1357
3603 1356
3604 1355
3605 1357
3606 1356
3607 1355
3608 1358
3609 1355
3610 1355
3611 1356
3612 1357
3613 1354
3614 1355
3615 1353
3616 1354
3617 1352
3618 1351
3619 1354
3620 1353
3621 1356
3622 1357
3623 1354
3624 1356
3625 1356
3626 1357
3627 1356
3628 1357
3629 1352
3630 1355
3631 1354
3632 1353
3633 1357
3634 1360
3635 1360
3636 1356
3637 1354
3638 1355
3639 1353
3640 1355
3641 1357
3642 1356
3643 1354
3644 1354
3645 1354
3646 1358
3647 1354
3648 1358
3649 1352
3650 1352
3651 1354
3652 1357
3653 1354
3654 1357
3655 1353
3656 1352
3657 1353
3658 1353
3659 1355
3660 1355
3661 1355
3662 1355
3663 1354
3664 1357
3665 1355
3666 1352
3667 1356
3668 1356
3669 1354
3670 1355
3671 1355
3672 1357
3673 1355
3674 1356
3675 1353
3676 1356
3677 1356
3678 1356
3679 1355
3680 1354
3681 1356
3682 1357
3683 1353
3684 1353
3685 1353
3686 1355
3687 1354
3688 1354
3689 1355
3690 1356
3691 1355
3692 1359
3693 1355
3694 1354
3695 1356
3696 1358
3697 1356
3698 1355
3699 1354
3700 1356
3701 1356
3702 1357
3703 1353
3704 1355
3705 1355
3706 1356
3707 1355
3708 1352
3709 1355
3710 1355
3711 1356
3712 1355
3713 1353
3714 1354
3715 1354
3716 1357
3717 1356
3718 1355
3719 1355
3720 1352
3721 1355
3722 1354
3723 1355
3724 1353
3725 1353
3726 1355
3727 1351
3728 1354
3729 1353
3730 1356
3731 1358
3732 1356
3733 1357
3734 1357
3735 1355
3736 1358
3737 1356
3738 1354
3739 1354
3740 1353
3741 1355
3742 1356
3743 1357
3744 1353
3745 1354
3746 1354
3747 1356
3748 1356
3749 1356
3750 1357
3751 1357
3752 1355
3753 1356
3754 1352
3755 1356
3756 1356
3757 1354
3758 1356
3759 1354
3760 1354
3761 1355
3762 1357
3763 1355
3764 1357
3765 1354
3766 1357
3767 1353
3768 1353
3769 1354
3770 1354
3771 1351
3772 1355
3773 1353
3774 1355
3775 1354
3776 1356
3777 1353
3778 1355
3779 1354
3780 1355
3781 1355
3782 1357
3783 1352
3784 1354
3785 1354
3786 1357
3787 1355
3788 1356
3789 1354
3790 1357
3791 1358
3792 1354
3793 1353
3794 1355
3795 1359
3796 1353
3797 1354
3798 1354
3799 1353
3800 1355
3801 1358
3802 1356
3803 1354
3804 1354
3805 1355
3806 1354
3807 1357
3808 1354
3809 1356
3810 1355
3811 1356
3812 1356
3813 1355
3814 1354
3815 1353
3816 1357
3817 1354
3818 1356
3819 1353
3820 1357
3821 1357
3822 1355
3823 1355
3824 1355
3825 1354
3826 1354
3827 1354
3828 1354
3829 1352
3830 1355
3831 1350
3832 1353
3833 1355
3834 1355
3835 1352
3836 1355
3837 1356
3838 1358
3839 1355
3840 1357
3841 1355
3842 1357
3843 1355
3844 1356
3845 1352
3846 1356
3847 1356
3848 1355
3849 1354
3850 1357
3851 1356
3852 1355
3853 1354
3854 1352
3855 1354
3856 1356
3857 1356
3858 1355
3859 1356
3860 1355
3861 1354
3862 1356
3863 1353
3864 1357
3865 1354
3866 1355
3867 1357
3868 1356
3869 1353
3870 1355
3871 1354
3872 1355
3873 1354
3874 1356
3875 1356
3876 1356
3877 1355
3878 1355
3879 1356
3880 1356
3881 1356
3882 1356
3883 1355
3884 1355
3885 1353
3886 1356
3887 1356
3888 1357
3889 1356
3890 1356
3891 1356
3892 1356
3893 1352
3894 1357
3895 1356
3896 1355
3897 1356
3898 1354
3899 1355
3900 1355
3901 1354
3902 1357
3903 1354
3904 1355
3905 1357
3906 1355
3907 1356
3908 1354
3909 1354
3910 1354
3911 1357
3912 1356
3913 1357
3914 1357
3915 1355
3916 1357
3917 1354
3918 1358
3919 1352
3920 1356
3921 1355
3922 1355
3923 1355
3924 1355
3925 1355
3926 1355
3927 1357
3928 1356
3929 1355
3930 1357
3931 1359
3932 1357
3933 1355
3934 1354
3935 1355
3936 1358
3937 1354
3938 1356
3939 1355
3940 1355
3941 1359
3942 1355
3943 1354
3944 1355
3945 1355
3946 1353
3947 1355
3948 1356
3949 1354
3950 1356
3951 1354
3952 1355
3953 1357
3954 1355
3955 1356
3956 1355
3957 1358
3958 1356
3959 1356
3960 1350
3961 1355
3962 1356
3963 1357
3964 1353
3965 1357
3966 1354
3967 1359
3968 1357
3969 1355
3970 1354
3971 1356
3972 1356
3973 1356
3974 1355
3975 1355
3976 1354
3977 1356
3978 1356
3979 1355
3980 1356
3981 1352
3982 1356
3983 1356
3984 1354
3985 1354
3986 1355
3987 1354
3988 1356
3989 1353
3990 1353
3991 1354
3992 1355
3993 1355
3994 1356
3995 1357
3996 1357
3997 1354
3998 1353
3999 1357
