0 1354
1 1355
2 1354
3 1354
4 1355
5 1354
6 1354
7 1357
8 1354
9 1356
10 1357
11 1356
12 1356
13 1355
14 1355
15 1356
16 1354
17 1355
18 1355
19 1356
20 1355
21 1357
22 1354
23 1354
24 1356
25 1358
26 1356
27 1356
28 1352
29 1353
30 1352
31 1354
32 1354
33 1354
34 1353
35 1355
36 1356
37 1357
38 1355
39 1358
40 1354
41 1357
42 1356
43 1353
44 1352
45 1355
46 1353
47 1355
48 1356
49 1355
50 1354
51 1355
52 1355
53 1355
54 1355
55 1355
56 1358
57 1354
58 1354
59 1357
60 1356
61 1355
62 1357
63 1354
64 1353
65 1352
66 1356
67 1355
68 1356
69 1355
70 1356
71 1356
72 1352
73 1355
74 1355
75 1354
76 1355
77 1355
78 1355
79 1355
80 1356
81 1355
82 1354
83 1354
84 1355
85 1358
86 1355
87 1358
88 1354
89 1356
90 1355
91 1357
92 1352
93 1354
94 1355
95 1352
96 1353
97 1354
98 1354
99 1356
100 1355
101 1352
102 1353
103 1356
104 1353
105 1357
106 1354
107 1353
108 1353
109 1357
110 1355
111 1356
112 1354
113 1357
114 1353
115 1355
116 1356
117 1356
118 1355
119 1353
120 1355
121 1357
122 1355
123 1355
124 1353
125 1357
126 1354
127 1353
128 1352
129 1353
130 1352
131 1354
132 1354
133 1355
134 1353
135 1355
136 1354
137 1356
138 1355
139 1354
140 1355
141 1357
142 1356
143 1356
144 1356
145 1357
146 1354
147 1355
148 1355
149 1354
150 1353
151 1353
152 1354
153 1356
154 1353
155 1357
156 1355
157 1357
158 1353
159 1356
160 1356
161 1356
162 1352
163 1357
164 1356
165 1354
166 1354
167 1356
168 1354
169 1357
170 1358
171 1356
172 1355
173 1354
174 1356
175 1355
176 1357
177 1357
178 1355
179 1354
180 1355
181 1356
182 1355
183 1356
184 1355
185 1356
186 1356
187 1354
188 1356
189 1352
190 1355
191 1352
192 1353
193 1355
194 1354
195 1356
196 1354
197 1358
198 1357
199 1357
200 1357
201 1358
202 1358
203 1358
204 1356
205 1355
206 1356
207 1355
208 1357
209 1355
210 1354
211 1355
212 1352
213 1358
214 1357
215 1355
216 1355
217 1356
218 1354
219 1354
220 1354
221 1355
222 1352
223 1356
224 1355
225 1357
226 1356
227 1354
228 1355
229 1358
230 1355
231 1354
232 1354
233 1355
234 1356
235 1357
236 1356
237 1357
238 1354
239 1357
240 1355
241 1354
242 1355
243 1356
244 1352
245 1353
246 1355
247 1354
248 1356
249 1355
250 1354
251 1359
252 1355
253 1355
254 1353
255 1357
256 1356
257 1353
258 1354
259 1357
260 1356
261 1357
262 1353
263 1354
264 1353
265 1358
266 1357
267 1357
268 1354
269 1353
270 1354
271 1353
272 1354
273 1355
274 1355
275 1359
276 1352
277 1356
278 1355
279 1354
280 1355
281 1356
282 1353
283 1355
284 1353
285 1356
286 1352
287 1352
288 1352
289 1354
290 1357
291 1356
292 1357
293 1356
294 1356
295 1355
296 1353
297 1355
298 1355
299 1355
300 1354
301 1355
302 1358
303 1355
304 1353
305 1358
306 1355
307 1356
308 1353
309 1356
310 1354
311 1351
312 1352
313 1354
314 1355
315 1356
316 1355
317 1354
318 1352
319 1355
320 1355
321 1353
322 1355
323 1355
324 1355
325 1356
326 1356
327 1356
328 1355
329 1355
330 1356
331 1357
332 1355
333 1355
334 1355
335 1355
336 1355
337 1356
338 1354
339 1355
340 1355
341 1354
342 1355
343 1353
344 1352
345 1353
346 1353
347 1353
348 1356
349 1355
350 1355
351 1356
352 1354
353 1356
354 1355
355 1358
356 1356
357 1358
358 1354
359 1356
360 1354
361 1356
362 1355
363 1353
364 1354
365 1356
366 1356
367 1352
368 1353
369 1356
370 1352
371 1353
372 1353
373 1354
374 1351
375 1352
376 1353
377 1355
378 1353
379 1353
380 1353
381 1355
382 1354
383 1355
384 1353
385 1353
386 1352
387 1357
388 1353
389 1354
390 1355
391 1354
392 1354
393 1353
394 1354
395 1356
396 1356
397 1357
398 1353
399 1355
400 1356
401 1358
402 1356
403 1352
404 1353
405 1355
406 1354
407 1355
408 1353
409 1352
410 1353
411 1353
412 1355
413 1356
414 1355
415 1356
416 1354
417 1354
418 1354
419 1356
420 1355
421 1356
422 1357
423 1357
424 1353
425 1354
426 1354
427 1355
428 1355
429 1356
430 1354
431 1356
432 1352
433 1357
434 1355
435 1357
436 1355
437 1352
438 1352
439 1353
440 1353
441 1356
442 1357
443 1354
444 1356
445 1356
446 1358
447 1354
448 1354
449 1356
450 1354
451 1354
452 1353
453 1358
454 1356
455 1356
456 1355
457 1353
458 1353
459 1355
460 1353
461 1353
462 1354
463 1357
464 1354
465 1355
466 1353
467 1353
468 1353
469 1356
470 1356
471 1356
472 1355
473 1355
474 1352
475 1355
476 1356
477 1357
478 1357
479 1351
480 1353
481 1353
482 1351
483 1357
484 1354
485 1354
486 1355
487 1353
488 1353
489 1356
490 1357
491 1358
492 1357
493 1355
494 1356
495 1354
496 1354
497 1357
498 1356
499 1357
500 1360
501 1363
502 1367
503 1372
504 1374
505 1381
506 1389
507 1395
508 1400
509 1406
510 1412
511 1414
512 1417
513 1423
514 1425
515 1426
516 1428
517 1431
518 1434
519 1435
520 1436
521 1434
522 1439
523 1433
524 1429
525 1429
526 1424
527 1423
528 1420
529 1418
530 1415
531 1411
532 1411
533 1407
534 1401
535 1400
536 1396
537 1395
538 1393
539 1390
540 1387
541 1388
542 1386
543 1386
544 1379
545 1380
546 1382
547 1381
548 1380
549 1376
550 1374
551 1379
552 1374
553 1373
554 1372
555 1371
556 1369
557 1369
558 1366
559 1368
560 1364
561 1363
562 1361
563 1361
564 1360
565 1361
566 1357
567 1358
568 1356
569 1357
570 1358
571 1359
572 1357
573 1358
574 1360
575 1358
576 1356
577 1358
578 1356
579 1357
580 1358
581 1359
582 1355
583 1357
584 1357
585 1355
586 1354
587 1354
588 1355
589 1358
590 1356
591 1357
592 1356
593 1355
594 1354
595 1355
596 1352
597 1357
598 1355
599 1356
600 1356
601 1355
602 1354
603 1356
604 1353
605 1354
606 1356
607 1356
608 1353
609 1353
610 1351
611 1353
612 1352
613 1357
614 1355
615 1356
616 1355
617 1354
618 1353
619 1355
620 1352
621 1357
622 1354
623 1354
624 1354
625 1356
626 1357
627 1353
628 1355
629 1356
630 1356
631 1355
632 1355
633 1357
634 1357
635 1357
636 1356
637 1355
638 1354
639 1354
640 1356
641 1356
642 1356
643 1355
644 1355
645 1356
646 1353
647 1357
648 1356
649 1356
650 1357
651 1355
652 1355
653 1355
654 1354
655 1355
656 1355
657 1354
658 1353
659 1353
660 1353
661 1354
662 1353
663 1359
664 1355
665 1357
666 1356
667 1357
668 1357
669 1355
670 1356
671 1353
672 1356
673 1353
674 1353
675 1357
676 1354
677 1356
678 1356
679 1354
680 1354
681 1355
682 1355
683 1355
684 1357
685 1356
686 1355
687 1357
688 1357
689 1355
690 1357
691 1355
692 1354
693 1358
694 1353
695 1356
696 1354
697 1358
698 1356
699 1354
700 1355
701 1354
702 1357
703 1356
704 1355
705 1357
706 1354
707 1355
708 1356
709 1357
710 1355
711 1354
712 1357
713 1357
714 1356
715 1353
716 1357
717 1355
718 1355
719 1354
720 1356
721 1354
722 1356
723 1357
724 1355
725 1355
726 1355
727 1355
728 1356
729 1355
730 1356
731 1355
732 1356
733 1354
734 1354
735 1352
736 1356
737 1358
738 1356
739 1356
740 1355
741 1357
742 1353
743 1355
744 1356
745 1355
746 1354
747 1355
748 1352
749 1355
750 1355
751 1356
752 1356
753 1357
754 1353
755 1356
756 1353
757 1354
758 1354
759 1353
760 1356
761 1357
762 1354
763 1355
764 1353
765 1356
766 1353
767 1353
768 1353
769 1352
770 1354
771 1354
772 1358
773 1354
774 1355
775 1353
776 1356
777 1355
778 1353
779 1356
780 1358
781 1355
782 1355
783 1351
784 1353
785 1355
786 1356
787 1353
788 1354
789 1356
790 1355
791 1355
792 1356
793 1355
794 1355
795 1356
796 1355
797 1356
798 1357
799 1357
800 1356
801 1355
802 1354
803 1357
804 1353
805 1355
806 1356
807 1355
808 1355
809 1355
810 1356
811 1356
812 1355
813 1354
814 1352
815 1358
816 1355
817 1356
818 1357
819 1358
820 1357
821 1356
822 1355
823 1355
824 1356
825 1357
826 1355
827 1357
828 1357
829 1355
830 1356
831 1354
832 1355
833 1355
834 1358
835 1356
836 1357
837 1357
838 1356
839 1354
840 1353
841 1353
842 1356
843 1356
844 1359
845 1357
846 1356
847 1359
848 1356
849 1358
850 1356
851 1356
852 1356
853 1356
854 1356
855 1354
856 1355
857 1356
858 1355
859 1354
860 1356
861 1354
862 1356
863 1353
864 1355
865 1355
866 1358
867 1355
868 1356
869 1357
870 1359
871 1356
872 1356
873 1357
874 1355
875 1356
876 1355
877 1355
878 1355
879 1356
880 1354
881 1355
882 1359
883 1355
884 1355
885 1355
886 1355
887 1356
888 1354
889 1356
890 1354
891 1353
892 1357
893 1355
894 1354
895 1351
896 1354
897 1354
898 1359
899 1358
900 1356
901 1353
902 1356
903 1355
904 1356
905 1357
906 1354
907 1355
908 1357
909 1355
910 1356
911 1354
912 1356
913 1357
914 1353
915 1356
916 1354
917 1357
918 1355
919 1354
920 1354
921 1355
922 1355
923 1355
924 1354
925 1355
926 1355
927 1355
928 1356
929 1357
930 1355
931 1353
932 1355
933 1356
934 1357
935 1352
936 1355
937 1354
938 1353
939 1358
940 1354
941 1356
942 1353
943 1357
944 1355
945 1357
946 1356
947 1353
948 1357
949 1357
950 1357
951 1355
952 1356
953 1355
954 1353
955 1353
956 1356
957 1356
958 1356
959 1354
960 1354
961 1356
962 1352
963 1355
964 1356
965 1355
966 1354
967 1355
968 1353
969 1357
970 1357
971 1356
972 1353
973 1356
974 1355
975 1358
976 1355
977 1360
978 1355
979 1355
980 1353
981 1357
982 1353
983 1358
984 1355
985 1358
986 1357
987 1357
988 1353
989 1357
990 1355
991 1357
992 1353
993 1356
994 1357
995 1355
996 1356
997 1356
998 1354
999 1357
1000 1354
1001 1358
1002 1356
1003 1356
1004 1354
1005 1356
1006 1356
1007 1354
1008 1355
1009 1353
1010 1356
1011 1357
1012 1358
1013 1357
1014 1355
1015 1357
1016 1357
1017 1357
1018 1355
1019 1355
1020 1356
1021 1355
1022 1356
1023 1357
1024 1356
1025 1358
1026 1356
1027 1354
1028 1355
1029 1354
1030 1354
1031 1356
1032 1358
1033 1354
1034 1355
1035 1355
1036 1355
1037 1355
1038 1355
1039 1356
1040 1354
1041 1357
1042 1352
1043 1354
1044 1357
1045 1358
1046 1357
1047 1355
1048 1355
1049 1357
1050 1355
1051 1359
1052 1357
1053 1358
1054 1356
1055 1356
1056 1357
1057 1357
1058 1353
1059 1356
1060 1357
1061 1357
1062 1356
1063 1356
1064 1358
1065 1357
1066 1353
1067 1358
1068 1356
1069 1357
1070 1354
1071 1356
1072 1356
1073 1358
1074 1357
1075 1357
1076 1357
1077 1359
1078 1356
1079 1353
1080 1354
1081 1356
1082 1356
1083 1357
1084 1356
1085 1359
1086 1357
1087 1357
1088 1354
1089 1353
1090 1355
1091 1359
1092 1357
1093 1356
1094 1355
1095 1358
1096 1356
1097 1358
1098 1355
1099 1356
1100 1356
1101 1357
1102 1354
1103 1355
1104 1356
1105 1356
1106 1356
1107 1355
1108 1355
1109 1357
1110 1353
1111 1355
1112 1355
1113 1354
1114 1353
1115 1357
1116 1356
1117 1359
1118 1360
1119 1357
1120 1354
1121 1357
1122 1354
1123 1357
1124 1354
1125 1354
1126 1356
1127 1358
1128 1357
1129 1355
1130 1352
1131 1357
1132 1352
1133 1357
1134 1355
1135 1357
1136 1355
1137 1358
1138 1355
1139 1356
1140 1355
1141 1357
1142 1352
1143 1355
1144 1355
1145 1356
1146 1354
1147 1354
1148 1355
1149 1357
1150 1355
1151 1357
1152 1355
1153 1355
1154 1357
1155 1355
1156 1354
1157 1356
1158 1353
1159 1355
1160 1356
1161 1356
1162 1354
1163 1355
1164 1356
1165 1353
1166 1355
1167 1355
1168 1354
1169 1357
1170 1356
1171 1357
1172 1356
1173 1356
1174 1356
1175 1355
1176 1356
1177 1355
1178 1355
1179 1356
1180 1353
1181 1355
1182 1354
1183 1357
1184 1356
1185 1356
1186 1354
1187 1355
1188 1353
1189 1354
1190 1356
1191 1357
1192 1356
1193 1356
1194 1355
1195 1353
1196 1354
1197 1358
1198 1353
1199 1356
1200 1356
1201 1357
1202 1353
1203 1353
1204 1354
1205 1354
1206 1353
1207 1355
1208 1356
1209 1357
1210 1356
1211 1354
1212 1355
1213 1353
1214 1354
1215 1356
1216 1358
1217 1354
1218 1355
1219 1359
1220 1356
1221 1354
1222 1354
1223 1355
1224 1354
1225 1356
1226 1354
1227 1355
1228 1353
1229 1353
1230 1355
1231 1354
1232 1353
1233 1356
1234 1354
1235 1356
1236 1354
1237 1353
1238 1355
1239 1356
1240 1353
1241 1355
1242 1357
1243 1357
1244 1356
1245 1356
1246 1356
1247 1358
1248 1352
1249 1356
1250 1354
1251 1356
1252 1354
1253 1355
1254 1354
1255 1354
1256 1354
1257 1355
1258 1354
1259 1357
1260 1355
1261 1358
1262 1356
1263 1356
1264 1355
1265 1358
1266 1357
1267 1356
1268 1356
1269 1355
1270 1354
1271 1354
1272 1355
1273 1354
1274 1356
1275 1356
1276 1357
1277 1356
1278 1355
1279 1355
1280 1354
1281 1353
1282 1355
1283 1355
1284 1353
1285 1355
1286 1355
1287 1355
1288 1353
1289 1357
1290 1353
1291 1356
1292 1356
1293 1356
1294 1355
1295 1357
1296 1357
1297 1358
1298 1357
1299 1357
1300 1356
1301 1356
1302 1356
1303 1356
1304 1353
1305 1356
1306 1355
1307 1357
1308 1356
1309 1359
1310 1358
1311 1357
1312 1358
1313 1357
1314 1354
1315 1354
1316 1357
1317 1354
1318 1356
1319 1356
1320 1356
1321 1357
1322 1357
1323 1357
1324 1353
1325 1355
1326 1354
1327 1356
1328 1356
1329 1355
1330 1355
1331 1357
1332 1357
1333 1358
1334 1357
1335 1356
1336 1355
1337 1354
1338 1354
1339 1355
1340 1354
1341 1357
1342 1355
1343 1357
1344 1357
1345 1352
1346 1354
1347 1357
1348 1354
1349 1355
1350 1353
1351 1352
1352 1355
1353 1355
1354 1357
1355 1355
1356 1355
1357 1354
1358 1354
1359 1359
1360 1356
1361 1354
1362 1358
1363 1355
1364 1355
1365 1355
1366 1357
1367 1357
1368 1353
1369 1354
1370 1354
1371 1355
1372 1356
1373 1357
1374 1355
1375 1353
1376 1354
1377 1354
1378 1356
1379 1356
1380 1355
1381 1356
1382 1356
1383 1356
1384 1355
1385 1354
1386 1356
1387 1356
1388 1356
1389 1356
1390 1357
1391 1355
1392 1358
1393 1356
1394 1357
1395 1356
1396 1356
1397 1355
1398 1356
1399 1352
1400 1356
1401 1352
1402 1355
1403 1352
1404 1354
1405 1354
1406 1354
1407 1354
1408 1355
1409 1356
1410 1352
1411 1355
1412 1355
1413 1356
1414 1354
1415 1353
1416 1357
1417 1357
1418 1354
1419 1356
1420 1357
1421 1357
1422 1353
1423 1356
1424 1356
1425 1356
1426 1356
1427 1357
1428 1355
1429 1356
1430 1352
1431 1359
1432 1356
1433 1356
1434 1354
1435 1356
1436 1354
1437 1353
1438 1353
1439 1355
1440 1353
1441 1357
1442 1356
1443 1355
1444 1353
1445 1355
1446 1356
1447 1353
1448 1357
1449 1354
1450 1354
1451 1358
1452 1357
1453 1357
1454 1354
1455 1355
1456 1356
1457 1355
1458 1356
1459 1356
1460 1353
1461 1357
1462 1355
1463 1355
1464 1355
1465 1357
1466 1354
1467 1356
1468 1354
1469 1354
1470 1354
1471 1354
1472 1355
1473 1354
1474 1353
1475 1356
1476 1355
1477 1355
1478 1356
1479 1353
1480 1354
1481 1355
1482 1356
1483 1355
1484 1356
1485 1357
1486 1356
1487 1357
1488 1353
1489 1355
1490 1354
1491 1354
1492 1355
1493 1355
1494 1355
1495 1354
1496 1355
1497 1354
1498 1355
1499 1354
1500 1355
1501 1357
1502 1354
1503 1354
1504 1351
1505 1353
1506 1353
1507 1356
1508 1353
1509 1352
1510 1356
1511 1357
1512 1356
1513 1355
1514 1354
1515 1355
1516 1356
1517 1353
1518 1356
1519 1356
1520 1353
1521 1357
1522 1355
1523 1354
1524 1355
1525 1355
1526 1354
1527 1356
1528 1355
1529 1356
1530 1356
1531 1356
1532 1356
1533 1355
1534 1356
1535 1356
1536 1357
1537 1356
1538 1357
1539 1353
1540 1356
1541 1357
1542 1356
1543 1356
1544 1355
1545 1357
1546 1356
1547 1353
1548 1355
1549 1354
1550 1353
1551 1355
1552 1354
1553 1353
1554 1354
1555 1357
1556 1355
1557 1358
1558 1357
1559 1356
1560 1354
1561 1353
1562 1355
1563 1353
1564 1354
1565 1352
1566 1356
1567 1354
1568 1354
1569 1355
1570 1357
1571 1357
1572 1356
1573 1356
1574 1354
1575 1354
1576 1355
1577 1354
1578 1356
1579 1357
1580 1355
1581 1357
1582 1354
1583 1352
1584 1354
1585 1351
1586 1352
1587 1353
1588 1356
1589 1356
1590 1354
1591 1354
1592 1352
1593 1355
1594 1354
1595 1354
1596 1357
1597 1356
1598 1355
1599 1355
1600 1355
1601 1357
1602 1354
1603 1355
1604 1354
1605 1355
1606 1355
1607 1354
1608 1356
1609 1355
1610 1356
1611 1356
1612 1353
1613 1355
1614 1355
1615 1359
1616 1355
1617 1355
1618 1352
1619 1354
1620 1355
1621 1355
1622 1354
1623 1355
1624 1356
1625 1352
1626 1357
1627 1357
1628 1354
1629 1355
1630 1359
1631 1356
1632 1357
1633 1354
1634 1354
1635 1354
1636 1353
1637 1358
1638 1355
1639 1357
1640 1355
1641 1355
1642 1355
1643 1353
1644 1352
1645 1355
1646 1357
1647 1359
1648 1357
1649 1355
1650 1354
1651 1356
1652 1356
1653 1358
1654 1355
1655 1352
1656 1352
1657 1355
1658 1353
1659 1351
1660 1357
1661 1358
1662 1359
1663 1357
1664 1357
1665 1356
1666 1355
1667 1358
1668 1359
1669 1357
1670 1356
1671 1356
1672 1359
1673 1359
1674 1356
1675 1355
1676 1357
1677 1355
1678 1355
1679 1355
1680 1357
1681 1355
1682 1356
1683 1355
1684 1356
1685 1357
1686 1358
1687 1356
1688 1355
1689 1356
1690 1356
1691 1355
1692 1357
1693 1354
1694 1356
1695 1355
1696 1357
1697 1353
1698 1356
1699 1354
1700 1355
1701 1355
1702 1357
1703 1355
1704 1357
1705 1359
1706 1354
1707 1357
1708 1356
1709 1355
1710 1358
1711 1355
1712 1354
1713 1355
1714 1356
1715 1354
1716 1353
1717 1353
1718 1353
1719 1357
1720 1355
1721 1355
1722 1355
1723 1356
1724 1353
1725 1357
1726 1357
1727 1356
1728 1355
1729 1356
1730 1357
1731 1354
1732 1355
1733 1354
1734 1354
1735 1353
1736 1356
1737 1355
1738 1356
1739 1355
1740 1356
1741 1355
1742 1358
1743 1354
1744 1354
1745 1352
1746 1357
1747 1356
1748 1357
1749 1353
1750 1356
1751 1357
1752 1357
1753 1356
1754 1355
1755 1353
1756 1354
1757 1353
1758 1356
1759 1355
1760 1353
1761 1353
1762 1356
1763 1353
1764 1356
1765 1356
1766 1356
1767 1351
1768 1354
1769 1356
1770 1355
1771 1356
1772 1353
1773 1355
1774 1356
1775 1354
1776 1358
1777 1356
1778 1356
1779 1355
1780 1355
1781 1357
1782 1356
1783 1352
1784 1354
1785 1354
1786 1356
1787 1357
1788 1355
1789 1356
1790 1356
1791 1357
1792 1354
1793 1356
1794 1353
1795 1355
1796 1356
1797 1358
1798 1357
1799 1354
1800 1355
1801 1353
1802 1355
1803 1357
1804 1355
1805 1354
1806 1355
1807 1354
1808 1357
1809 1355
1810 1356
1811 1354
1812 1355
1813 1356
1814 1353
1815 1353
1816 1356
1817 1354
1818 1355
1819 1356
1820 1356
1821 1356
1822 1355
1823 1352
1824 1352
1825 1353
1826 1355
1827 1357
1828 1356
1829 1355
1830 1354
1831 1357
1832 1356
1833 1356
1834 1355
1835 1356
1836 1353
1837 1353
1838 1355
1839 1356
1840 1353
1841 1357
1842 1354
1843 1355
1844 1353
1845 1354
1846 1356
1847 1357
1848 1358
1849 1357
1850 1351
1851 1355
1852 1356
1853 1356
1854 1351
1855 1353
1856 1353
1857 1354
1858 1354
1859 1357
1860 1354
1861 1354
1862 1355
1863 1354
1864 1352
1865 1355
1866 1356
1867 1354
1868 1356
1869 1358
1870 1358
1871 1355
1872 1355
1873 1353
1874 1354
1875 1352
1876 1355
1877 1357
1878 1356
1879 1353
1880 1356
1881 1357
1882 1357
1883 1358
1884 1356
1885 1355
1886 1354
1887 1354
1888 1355
1889 1353
1890 1354
1891 1354
1892 1354
1893 1356
1894 1355
1895 1352
1896 1354
1897 1354
1898 1353
1899 1359
1900 1353
1901 1354
1902 1353
1903 1356
1904 1355
1905 1354
1906 1353
1907 1354
1908 1358
1909 1357
1910 1355
1911 1357
1912 1357
1913 1356
1914 1351
1915 1355
1916 1354
1917 1357
1918 1354
1919 1353
1920 1355
1921 1356
1922 1356
1923 1356
1924 1354
1925 1356
1926 1356
1927 1355
1928 1355
1929 1357
1930 1356
1931 1355
1932 1354
1933 1354
1934 1355
1935 1357
1936 1357
1937 1358
1938 1359
1939 1357
1940 1354
1941 1357
1942 1354
1943 1354
1944 1354
1945 1357
1946 1356
1947 1356
1948 1357
1949 1355
1950 1354
1951 1354
1952 1354
1953 1355
1954 1354
1955 1353
1956 1355
1957 1354
1958 1355
1959 1353
1960 1353
1961 1355
1962 1355
1963 1354
1964 1349
1965 1355
1966 1358
1967 1357
1968 1356
1969 1357
1970 1354
1971 1355
1972 1354
1973 1355
1974 1354
1975 1356
1976 1353
1977 1354
1978 1355
1979 1355
1980 1355
1981 1357
1982 1354
1983 1354
1984 1356
1985 1354
1986 1356
1987 1357
1988 1356
1989 1354
1990 1353
1991 1357
1992 1354
1993 1356
1994 1356
1995 1357
1996 1353
1997 1355
1998 1357
1999 1356
2000 1355
2001 1357
2002 1356
2003 1357
2004 1356
2005 1353
2006 1357
2007 1359
2008 1357
2009 1355
2010 1352
2011 1355
2012 1356
2013 1355
2014 1356
2015 1353
2016 1353
2017 1356
2018 1354
2019 1356
2020 1352
2021 1354
2022 1355
2023 1355
2024 1356
2025 1356
2026 1353
2027 1357
2028 1357
2029 1357
2030 1355
2031 1352
2032 1355
2033 1356
2034 1355
2035 1355
2036 1356
2037 1356
2038 1356
2039 1353
2040 1353
2041 1353
2042 1355
2043 1352
2044 1355
2045 1356
2046 1356
2047 1356
2048 1356
2049 1359
2050 1355
2051 1354
2052 1354
2053 1357
2054 1354
2055 1354
2056 1354
2057 1354
2058 1357
2059 1357
2060 1354
2061 1359
2062 1356
2063 1358
2064 1357
2065 1357
2066 1354
2067 1350
2068 1353
2069 1355
2070 1356
2071 1355
2072 1355
2073 1355
2074 1355
2075 1356
2076 1356
2077 1356
2078 1356
2079 1355
2080 1353
2081 1355
2082 1351
2083 1352
2084 1356
2085 1355
2086 1354
2087 1353
2088 1354
2089 1353
2090 1353
2091 1355
2092 1354
2093 1356
2094 1353
2095 1356
2096 1358
2097 1357
2098 1355
2099 1357
2100 1356
2101 1359
2102 1354
2103 1355
2104 1354
2105 1355
2106 1353
2107 1353
2108 1354
2109 1356
2110 1355
2111 1356
2112 1355
2113 1351
2114 1352
2115 1356
2116 1353
2117 1351
2118 1354
2119 1354
2120 1356
2121 1358
2122 1353
2123 1355
2124 1356
2125 1355
2126 1352
2127 1354
2128 1354
2129 1355
2130 1357
2131 1354
2132 1356
2133 1354
2134 1354
2135 1353
2136 1352
2137 1355
2138 1356
2139 1357
2140 1356
2141 1356
2142 1351
2143 1354
2144 1355
2145 1357
2146 1353
2147 1356
2148 1353
2149 1355
2150 1354
2151 1355
2152 1355
2153 1356
2154 1356
2155 1356
2156 1353
2157 1355
2158 1351
2159 1351
2160 1356
2161 1358
2162 1357
2163 1356
2164 1354
2165 1357
2166 1355
2167 1356
2168 1354
2169 1353
2170 1354
2171 1355
2172 1355
2173 1354
2174 1353
2175 1353
2176 1354
2177 1352
2178 1355
2179 1355
2180 1354
2181 1355
2182 1355
2183 1353
2184 1354
2185 1352
2186 1356
2187 1361
2188 1358
2189 1356
2190 1352
2191 1356
2192 1358
2193 1357
2194 1353
2195 1354
2196 1355
2197 1354
2198 1356
2199 1356
2200 1353
2201 1356
2202 1355
2203 1357
2204 1355
2205 1353
2206 1354
2207 1358
2208 1358
2209 1355
2210 1354
2211 1353
2212 1355
2213 1356
2214 1355
2215 1356
2216 1354
2217 1356
2218 1355
2219 1352
2220 1356
2221 1356
2222 1355
2223 1354
2224 1354
2225 1356
2226 1357
2227 1357
2228 1353
2229 1357
2230 1355
2231 1352
2232 1354
2233 1357
2234 1353
2235 1355
2236 1356
2237 1356
2238 1354
2239 1354
2240 1353
2241 1356
2242 1355
2243 1356
2244 1356
2245 1356
2246 1356
2247 1356
2248 1356
2249 1357
2250 1357
2251 1357
2252 1353
2253 1354
2254 1355
2255 1357
2256 1355
2257 1355
2258 1354
2259 1357
2260 1354
2261 1355
2262 1354
2263 1354
2264 1354
2265 1353
2266 1355
2267 1357
2268 1354
2269 1355
2270 1353
2271 1353
2272 1354
2273 1356
2274 1355
2275 1352
2276 1356
2277 1354
2278 1356
2279 1357
2280 1353
2281 1356
2282 1355
2283 1352
2284 1356
2285 1357
2286 1355
2287 1354
2288 1357
2289 1355
2290 1356
2291 1353
2292 1357
2293 1356
2294 1356
2295 1356
2296 1355
2297 1351
2298 1353
2299 1353
2300 1355
2301 1355
2302 1356
2303 1356
2304 1355
2305 1354
2306 1355
2307 1356
2308 1355
2309 1356
2310 1355
2311 1355
2312 1354
2313 1356
2314 1354
2315 1355
2316 1354
2317 1354
2318 1355
2319 1354
2320 1356
2321 1357
2322 1356
2323 1357
2324 1355
2325 1354
2326 1355
2327 1355
2328 1355
2329 1354
2330 1355
2331 1355
2332 1356
2333 1354
2334 1355
2335 1356
2336 1358
2337 1355
2338 1355
2339 1355
2340 1354
2341 1355
2342 1355
2343 1357
2344 1355
2345 1355
2346 1354
2347 1356
2348 1356
2349 1353
2350 1356
2351 1355
2352 1355
2353 1356
2354 1354
2355 1354
2356 1354
2357 1353
2358 1355
2359 1354
2360 1353
2361 1355
2362 1352
2363 1356
2364 1355
2365 1354
2366 1356
2367 1358
2368 1360
2369 1353
2370 1352
2371 1358
2372 1360
2373 1355
2374 1354
2375 1356
2376 1355
2377 1357
2378 1356
2379 1354
2380 1356
2381 1357
2382 1357
2383 1355
2384 1353
2385 1355
2386 1355
2387 1354
2388 1356
2389 1358
2390 1350
2391 1353
2392 1358
2393 1359
2394 1355
2395 1353
2396 1356
2397 1362
2398 1355
2399 1353
2400 1355
2401 1359
2402 1355
2403 1355
2404 1353
2405 1355
2406 1358
2407 1358
2408 1356
2409 1354
2410 1354
2411 1356
2412 1355
2413 1356
2414 1352
2415 1353
2416 1356
2417 1356
2418 1355
2419 1353
2420 1356
2421 1358
2422 1353
2423 1357
2424 1355
2425 1355
2426 1355
2427 1356
2428 1358
2429 1357
2430 1356
2431 1357
2432 1357
2433 1354
2434 1355
2435 1355
2436 1355
2437 1355
2438 1352
2439 1356
2440 1354
2441 1355
2442 1355
2443 1354
2444 1356
2445 1356
2446 1354
2447 1357
2448 1359
2449 1357
2450 1357
2451 1356
2452 1355
2453 1356
2454 1356
2455 1356
2456 1357
2457 1357
2458 1357
2459 1357
2460 1356
2461 1357
2462 1357
2463 1356
2464 1356
2465 1356
2466 1354
2467 1355
2468 1357
2469 1357
2470 1356
2471 1355
2472 1356
2473 1352
2474 1355
2475 1353
2476 1354
2477 1357
2478 1356
2479 1353
2480 1354
2481 1355
2482 1354
2483 1354
2484 1356
2485 1357
2486 1356
2487 1357
2488 1358
2489 1354
2490 1356
2491 1357
2492 1355
2493 1355
2494 1355
2495 1354
2496 1356
2497 1357
2498 1354
2499 1356
2500 1357
2501 1355
2502 1358
2503 1356
2504 1354
2505 1351
2506 1355
2507 1357
2508 1354
2509 1356
2510 1353
2511 1356
2512 1355
2513 1357
2514 1356
2515 1357
2516 1358
2517 1357
2518 1357
2519 1356
2520 1356
2521 1356
2522 1358
2523 1359
2524 1357
2525 1359
2526 1356
2527 1356
2528 1356
2529 1356
2530 1355
2531 1355
2532 1355
2533 1356
2534 1357
2535 1352
2536 1356
2537 1357
2538 1356
2539 1356
2540 1355
2541 1355
2542 1356
2543 1356
2544 1354
2545 1355
2546 1356
2547 1363
2548 1356
2549 1355
2550 1354
2551 1357
2552 1359
2553 1356
2554 1354
2555 1356
2556 1356
2557 1357
2558 1352
2559 1355
2560 1356
2561 1356
2562 1355
2563 1354
2564 1358
2565 1352
2566 1353
2567 1354
2568 1355
2569 1356
2570 1352
2571 1352
2572 1357
2573 1358
2574 1357
2575 1355
2576 1353
2577 1355
2578 1357
2579 1357
2580 1356
2581 1355
2582 1355
2583 1355
2584 1352
2585 1356
2586 1356
2587 1354
2588 1353
2589 1354
2590 1354
2591 1353
2592 1356
2593 1352
2594 1356
2595 1355
2596 1354
2597 1356
2598 1354
2599 1353
2600 1356
2601 1353
2602 1353
2603 1353
2604 1353
2605 1355
2606 1356
2607 1356
2608 1356
2609 1356
2610 1355
2611 1355
2612 1357
2613 1357
2614 1356
2615 1356
2616 1356
2617 1355
2618 1355
2619 1354
2620 1356
2621 1358
2622 1355
2623 1355
2624 1353
2625 1358
2626 1356
2627 1356
2628 1356
2629 1353
2630 1355
2631 1352
2632 1356
2633 1354
2634 1354
2635 1353
2636 1354
2637 1354
2638 1354
2639 1356
2640 1354
2641 1355
2642 1356
2643 1355
2644 1354
2645 1354
2646 1355
2647 1356
2648 1358
2649 1354
2650 1353
2651 1354
2652 1354
2653 1356
2654 1357
2655 1357
2656 1358
2657 1355
2658 1357
2659 1355
2660 1355
2661 1353
2662 1355
2663 1355
2664 1355
2665 1353
2666 1356
2667 1354
2668 1358
2669 1355
2670 1359
2671 1353
2672 1357
2673 1355
2674 1354
2675 1355
2676 1355
2677 1355
2678 1356
2679 1356
2680 1355
2681 1356
2682 1356
2683 1353
2684 1354
2685 1353
2686 1356
2687 1357
2688 1356
2689 1354
2690 1355
2691 1355
2692 1356
2693 1353
2694 1356
2695 1352
2696 1352
2697 1355
2698 1355
2699 1355
2700 1357
2701 1356
2702 1352
2703 1355
2704 1356
2705 1356
2706 1356
2707 1354
2708 1356
2709 1355
2710 1355
2711 1354
2712 1354
2713 1353
2714 1355
2715 1355
2716 1355
2717 1355
2718 1353
2719 1355
2720 1356
2721 1355
2722 1353
2723 1354
2724 1353
2725 1352
2726 1352
2727 1356
2728 1356
2729 1354
2730 1353
2731 1351
2732 1353
2733 1355
2734 1356
2735 1354
2736 1353
2737 1354
2738 1357
2739 1361
2740 1356
2741 1354
2742 1356
2743 1358
2744 1355
2745 1355
2746 1353
2747 1359
2748 1356
2749 1356
2750 1354
2751 1353
2752 1356
2753 1357
2754 1352
2755 1353
2756 1354
2757 1357
2758 1354
2759 1357
2760 1353
2761 1356
2762 1353
2763 1355
2764 1354
2765 1357
2766 1357
2767 1358
2768 1353
2769 1352
2770 1354
2771 1354
2772 1356
2773 1357
2774 1353
2775 1351
2776 1352
2777 1356
2778 1355
2779 1354
2780 1356
2781 1357
2782 1358
2783 1356
2784 1354
2785 1354
2786 1356
2787 1354
2788 1356
2789 1355
2790 1358
2791 1356
2792 1359
2793 1357
2794 1356
2795 1355
2796 1357
2797 1359
2798 1356
2799 1356
2800 1356
2801 1355
2802 1355
2803 1355
2804 1352
2805 1353
2806 1354
2807 1354
2808 1355
2809 1354
2810 1354
2811 1352
2812 1354
2813 1353
2814 1356
2815 1354
2816 1352
2817 1354
2818 1356
2819 1358
2820 1355
2821 1357
2822 1356
2823 1355
2824 1357
2825 1357
2826 1356
2827 1358
2828 1356
2829 1357
2830 1359
2831 1354
2832 1358
2833 1356
2834 1357
2835 1355
2836 1358
2837 1357
2838 1360
2839 1355
2840 1355
2841 1355
2842 1354
2843 1356
2844 1355
2845 1355
2846 1356
2847 1355
2848 1356
2849 1354
2850 1356
2851 1355
2852 1355
2853 1355
2854 1355
2855 1355
2856 1357
2857 1359
2858 1357
2859 1357
2860 1355
2861 1357
2862 1358
2863 1357
2864 1359
2865 1355
2866 1357
2867 1356
2868 1357
2869 1354
2870 1355
2871 1355
2872 1356
2873 1355
2874 1356
2875 1356
2876 1357
2877 1356
2878 1355
2879 1356
2880 1356
2881 1353
2882 1355
2883 1356
2884 1357
2885 1355
2886 1356
2887 1354
2888 1358
2889 1357
2890 1353
2891 1354
2892 1356
2893 1356
2894 1355
2895 1354
2896 1353
2897 1355
2898 1357
2899 1356
2900 1355
2901 1355
2902 1356
2903 1356
2904 1354
2905 1351
2906 1354
2907 1359
2908 1357
2909 1357
2910 1356
2911 1354
2912 1356
2913 1358
2914 1356
2915 1356
2916 1355
2917 1357
2918 1352
2919 1355
2920 1355
2921 1356
2922 1357
2923 1355
2924 1358
2925 1355
2926 1355
2927 1353
2928 1357
2929 1359
2930 1356
2931 1353
2932 1355
2933 1361
2934 1357
2935 1355
2936 1355
2937 1355
2938 1356
2939 1353
2940 1356
2941 1356
2942 1356
2943 1354
2944 1355
2945 1354
2946 1357
2947 1357
2948 1358
2949 1355
2950 1357
2951 1355
2952 1356
2953 1356
2954 1352
2955 1354
2956 1358
2957 1356
2958 1355
2959 1357
2960 1356
2961 1355
2962 1356
2963 1355
2964 1355
2965 1353
2966 1353
2967 1356
2968 1357
2969 1355
2970 1354
2971 1354
2972 1354
2973 1356
2974 1356
2975 1356
2976 1356
2977 1354
2978 1356
2979 1355
2980 1356
2981 1356
2982 1355
2983 1354
2984 1354
2985 1355
2986 1356
2987 1354
2988 1356
2989 1356
2990 1356
2991 1354
2992 1356
2993 1358
2994 1356
2995 1354
2996 1355
2997 1356
2998 1355
2999 1355
3000 1356
3001 1356
3002 1355
3003 1357
3004 1355
3005 1357
3006 1357
3007 1353
3008 1357
3009 1356
3010 1357
3011 1358
3012 1356
3013 1355
3014 1356
3015 1356
3016 1356
3017 1357
3018 1355
3019 1352
3020 1357
3021 1356
3022 1357
3023 1356
3024 1358
3025 1356
3026 1355
3027 1356
3028 1356
3029 1354
3030 1357
3031 1356
3032 1355
3033 1356
3034 1356
3035 1356
3036 1356
3037 1356
3038 1357
3039 1355
3040 1358
3041 1354
3042 1354
3043 1357
3044 1356
3045 1356
3046 1355
3047 1357
3048 1356
3049 1356
3050 1356
3051 1354
3052 1356
3053 1353
3054 1355
3055 1355
3056 1357
3057 1355
3058 1356
3059 1354
3060 1356
3061 1353
3062 1358
3063 1355
3064 1357
3065 1359
3066 1357
3067 1356
3068 1356
3069 1355
3070 1357
3071 1355
3072 1358
3073 1354
3074 1356
3075 1355
3076 1356
3077 1354
3078 1356
3079 1355
3080 1357
3081 1357
3082 1358
3083 1356
3084 1356
3085 1351
3086 1354
3087 1355
3088 1356
3089 1352
3090 1355
3091 1355
3092 1352
3093 1355
3094 1355
3095 1356
3096 1355
3097 1358
3098 1356
3099 1356
3100 1356
3101 1356
3102 1357
3103 1356
3104 1357
3105 1357
3106 1358
3107 1355
3108 1356
3109 1358
3110 1357
3111 1354
3112 1355
3113 1356
3114 1357
3115 1355
3116 1354
3117 1353
3118 1354
3119 1355
3120 1356
3121 1356
3122 1358
3123 1357
3124 1358
3125 1358
3126 1353
3127 1357
3128 1355
3129 1357
3130 1355
3131 1357
3132 1356
3133 1356
3134 1356
3135 1357
3136 1356
3137 1353
3138 1356
3139 1355
3140 1354
3141 1357
3142 1356
3143 1357
3144 1357
3145 1355
3146 1355
3147 1353
3148 1357
3149 1353
3150 1353
3151 1353
3152 1354
3153 1357
3154 1355
3155 1353
3156 1354
3157 1356
3158 1358
3159 1357
3160 1356
3161 1355
3162 1355
3163 1355
3164 1356
3165 1356
3166 1357
3167 1354
3168 1355
3169 1353
3170 1354
3171 1357
3172 1355
3173 1358
3174 1355
3175 1354
3176 1357
3177 1355
3178 1353
3179 1353
3180 1354
3181 1353
3182 1355
3183 1353
3184 1355
3185 1354
3186 1353
3187 1355
3188 1356
3189 1358
3190 1355
3191 1355
3192 1356
3193 1356
3194 1356
3195 1355
3196 1356
3197 1357
3198 1353
3199 1357
3200 1356
3201 1357
3202 1355
3203 1353
3204 1357
3205 1355
3206 1355
3207 1352
3208 1353
3209 1354
3210 1353
3211 1356
3212 1356
3213 1352
3214 1356
3215 1357
3216 1357
3217 1358
3218 1352
3219 1357
3220 1356
3221 1353
3222 1356
3223 1354
3224 1355
3225 1353
3226 1356
3227 1357
3228 1357
3229 1353
3230 1353
3231 1357
3232 1357
3233 1357
3234 1352
3235 1357
3236 1357
3237 1357
3238 1353
3239 1358
3240 1356
3241 1359
3242 1353
3243 1354
3244 1350
3245 1356
3246 1357
3247 1356
3248 1355
3249 1356
3250 1356
3251 1355
3252 1355
3253 1353
3254 1356
3255 1356
3256 1356
3257 1356
3258 1356
3259 1356
3260 1356
3261 1355
3262 1356
3263 1355
3264 1353
3265 1353
3266 1352
3267 1356
3268 1358
3269 1356
3270 1353
3271 1355
3272 1354
3273 1356
3274 1357
3275 1352
3276 1355
3277 1353
3278 1355
3279 1357
3280 1354
3281 1355
3282 1356
3283 1355
3284 1356
3285 1356
3286 1355
3287 1354
3288 1357
3289 1356
3290 1354
3291 1353
3292 1354
3293 1354
3294 1355
3295 1355
3296 1354
3297 1355
3298 1356
3299 1355
3300 1357
3301 1357
3302 1358
3303 1357
3304 1355
3305 1353
3306 1355
3307 1356
3308 1354
3309 1355
3310 1354
3311 1356
3312 1357
3313 1358
3314 1354
3315 1358
3316 1357
3317 1356
3318 1356
3319 1355
3320 1356
3321 1359
3322 1357
3323 1359
3324 1354
3325 1356
3326 1355
3327 1356
3328 1355
3329 1359
3330 1355
3331 1356
3332 1356
3333 1355
3334 1356
3335 1356
3336 1356
3337 1356
3338 1354
3339 1353
3340 1354
3341 1354
3342 1355
3343 1358
3344 1356
3345 1359
3346 1355
3347 1357
3348 1356
3349 1354
3350 1356
3351 1355
3352 1357
3353 1354
3354 1355
3355 1356
3356 1356
3357 1354
3358 1354
3359 1354
3360 1356
3361 1355
3362 1354
3363 1352
3364 1353
3365 1356
3366 1356
3367 1357
3368 1355
3369 1354
3370 1357
3371 1358
3372 1356
3373 1356
3374 1358
3375 1357
3376 1355
3377 1357
3378 1354
3379 1354
3380 1354
3381 1354
3382 1354
3383 1354
3384 1356
3385 1356
3386 1355
3387 1354
3388 1356
3389 1356
3390 1357
3391 1355
3392 1354
3393 1355
3394 1353
3395 1352
3396 1354
3397 1353
3398 1354
3399 1356
3400 1355
3401 1356
3402 1354
3403 1355
3404 1357
3405 1356
3406 1354
3407 1355
3408 1356
3409 1356
3410 1354
3411 1355
3412 1356
3413 1355
3414 1354
3415 1357
3416 1356
3417 1356
3418 1356
3419 1356
3420 1354
3421 1354
3422 1356
3423 1354
3424 1352
3425 1352
3426 1356
3427 1354
3428 1353
3429 1353
3430 1354
3431 1354
3432 1354
3433 1355
3434 1355
3435 1356
3436 1354
3437 1357
3438 1358
3439 1357
3440 1356
3441 1354
3442 1355
3443 1356
3444 1356
3445 1353
3446 1356
3447 1357
3448 1358
3449 1354
3450 1355
3451 1353
3452 1355
3453 1355
3454 1353
3455 1357
3456 1353
3457 1355
3458 1355
3459 1355
3460 1354
3461 1355
3462 1355
3463 1355
3464 1354
3465 1356
3466 1355
3467 1353
3468 1355
3469 1357
3470 1354
3471 1355
3472 1353
3473 1352
3474 1356
3475 1352
3476 1354
3477 1354
3478 1356
3479 1353
3480 1355
3481 1353
3482 1354
3483 1354
3484 1355
3485 1355
3486 1356
3487 1353
3488 1354
3489 1352
3490 1354
3491 1356
3492 1355
3493 1355
3494 1356
3495 1356
3496 1354
3497 1355
3498 1354
3499 1355
3500 1355
3501 1356
3502 1356
3503 1358
3504 1356
3505 1355
3506 1355
3507 1356
3508 1356
3509 1355
3510 1354
3511 1354
3512 1356
3513 1353
3514 1356
3515 1355
3516 1356
3517 1354
3518 1354
3519 1354
3520 1357
3521 1355
3522 1354
3523 1357
3524 1356
3525 1357
3526 1357
3527 1357
3528 1358
3529 1358
3530 1355
3531 1357
3532 1352
3533 1357
3534 1356
3535 1357
3536 1353
3537 1356
3538 1358
3539 1354
3540 1355
3541 1357
3542 1354
3543 1356
3544 1353
3545 1352
3546 1353
3547 1355
3548 1356
3549 1353
3550 1354
3551 1353
3552 1355
3553 1357
3554 1357
3555 1358
3556 1354
3557 1355
3558 1353
3559 1353
3560 1354
3561 1355
3562 1353
3563 1354
3564 1356
3565 1356
3566 1355
3567 1355
3568 1354
3569 1358
3570 1353
3571 1356
3572 1356
3573 1354
3574 1354
3575 1354
3576 1356
3577 1358
3578 1357
3579 1352
3580 1353
3581 1357
3582 1360
3583 1357
3584 1357
3585 1358
3586 1356
3587 1359
3588 1356
3589 1355
3590 1356
3591 1357
3592 1354
3593 1356
3594 1353
3595 1355
3596 1352
3597 1355
3598 1355
3599 1357
3600 1355
3601 1355
3602 1355
3603 1356
3604 1353
3605 1357
3606 1353
3607 1355
3608 1356
3609 1357
3610 1355
3611 1354
3612 1353
3613 1353
3614 1354
3615 1354
3616 1354
3617 1357
3618 1355
3619 1358
3620 1356
3621 1357
3622 1356
3623 1356
3624 1353
3625 1352
3626 1354
3627 1357
3628 1357
3629 1357
3630 1357
3631 1355
3632 1356
3633 1355
3634 1355
3635 1357
3636 1356
3637 1354
3638 1353
3639 1352
3640 1352
3641 1355
3642 1354
3643 1355
3644 1353
3645 1353
3646 1356
3647 1356
3648 1353
3649 1355
3650 1355
3651 1354
3652 1354
3653 1354
3654 1354
3655 1355
3656 1355
3657 1355
3658 1356
3659 1354
3660 1355
3661 1353
3662 1358
3663 1356
3664 1354
3665 1355
3666 1355
3667 1352
3668 1354
3669 1353
3670 1355
3671 1358
3672 1355
3673 1356
3674 1354
3675 1357
3676 1355
3677 1358
3678 1355
3679 1358
3680 1355
3681 1357
3682 1352
3683 1355
3684 1356
3685 1356
3686 1355
3687 1353
3688 1353
3689 1357
3690 1356
3691 1358
3692 1357
3693 1357
3694 1354
3695 1358
3696 1354
3697 1356
3698 1353
3699 1352
3700 1356
3701 1351
3702 1354
3703 1356
3704 1355
3705 1357
3706 1356
3707 1357
3708 1354
3709 1355
3710 1355
3711 1356
3712 1356
3713 1356
3714 1356
3715 1357
3716 1354
3717 1357
3718 1356
3719 1356
3720 1355
3721 1354
3722 1357
3723 1354
3724 1355
3725 1354
3726 1354
3727 1354
3728 1355
3729 1353
3730 1357
3731 1357
3732 1356
3733 1357
3734 1357
3735 1355
3736 1356
3737 1355
3738 1354
3739 1356
3740 1355
3741 1357
3742 1357
3743 1355
3744 1355
3745 1351
3746 1355
3747 1357
3748 1355
3749 1355
3750 1353
3751 1353
3752 1355
3753 1355
3754 1355
3755 1358
3756 1354
3757 1353
3758 1357
3759 1356
3760 1353
3761 1354
3762 1355
3763 1357
3764 1355
3765 1357
3766 1356
3767 1355
3768 1355
3769 1356
3770 1357
3771 1355
3772 1355
3773 1353
3774 1355
3775 1356
3776 1356
3777 1355
3778 1354
3779 1354
3780 1354
3781 1357
3782 1356
3783 1358
3784 1355
3785 1357
3786 1354
3787 1357
3788 1354
3789 1356
3790 1354
3791 1356
3792 1354
3793 1357
3794 1356
3795 1356
3796 1357
3797 1355
3798 1355
3799 1354
3800 1352
3801 1356
3802 1356
3803 1355
3804 1354
3805 1356
3806 1355
3807 1355
3808 1358
3809 1356
3810 1355
3811 1356
3812 1356
3813 1355
3814 1354
3815 1355
3816 1356
3817 1356
3818 1352
3819 1354
3820 1354
3821 1354
3822 1355
3823 1355
3824 1355
3825 1354
3826 1356
3827 1357
3828 1356
3829 1354
3830 1354
3831 1357
3832 1358
3833 1357
3834 1356
3835 1356
3836 1357
3837 1355
3838 1356
3839 1356
3840 1355
3841 1354
3842 1352
3843 1356
3844 1357
3845 1355
3846 1355
3847 1356
3848 1354
3849 1359
3850 1355
3851 1357
3852 1355
3853 1356
3854 1355
3855 1357
3856 1354
3857 1354
3858 1354
3859 1356
3860 1355
3861 1357
3862 1353
3863 1355
3864 1356
3865 1355
3866 1355
3867 1358
3868 1355
3869 1355
3870 1353
3871 1356
3872 1356
3873 1356
3874 1357
3875 1357
3876 1354
3877 1358
3878 1352
3879 1354
3880 1356
3881 1353
3882 1356
3883 1355
3884 1356
3885 1353
3886 1355
3887 1357
3888 1353
3889 1353
3890 1356
3891 1355
3892 1354
3893 1354
3894 1357
3895 1356
3896 1359
3897 1358
3898 1355
3899 1356
3900 1357
3901 1357
3902 1356
3903 1355
3904 1358
3905 1357
3906 1357
3907 1355
3908 1356
3909 1356
3910 1353
3911 1354
3912 1354
3913 1356
3914 1354
3915 1357
3916 1356
3917 1355
3918 1354
3919 1356
3920 1355
3921 1356
3922 1356
3923 1357
3924 1357
3925 1354
3926 1358
3927 1357
3928 1354
3929 1357
3930 1355
3931 1356
3932 1355
3933 1354
3934 1355
3935 1354
3936 1357
3937 1355
3938 1355
3939 1353
3940 1354
3941 1355
3942 1357
3943 1356
3944 1355
3945 1355
3946 1356
3947 1353
3948 1355
3949 1353
3950 1351
3951 1355
3952 1357
3953 1353
3954 1356
3955 1356
3956 1355
3957 1354
3958 1356
3959 1352
3960 1357
3961 1354
3962 1354
3963 1356
3964 1356
3965 1356
3966 1355
3967 1354
3968 1357
3969 1355
3970 1355
3971 1356
3972 1355
3973 1351
3974 1353
3975 1354
3976 1355
3977 1356
3978 1356
3979 1355
3980 1355
3981 1354
3982 1357
3983 1355
3984 1355
3985 1355
3986 1356
3987 1356
3988 1356
3989 1354
3990 1354
3991 1356
3992 1355
3993 1355
3994 1356
3995 1353
3996 1355
3997 1355
3998 1357
3999 1356
