0 1358
1 1356
2 1356
3 1356
4 1356
5 1352
6 1354
7 1355
8 1354
9 1354
10 1356
11 1354
12 1355
13 1354
14 1358
15 1354
16 1353
17 1356
18 1355
19 1356
20 1354
21 1357
22 1356
23 1355
24 1354
25 1354
26 1353
27 1357
28 1354
29 1353
30 1355
31 1355
32 1355
33 1355
34 1356
35 1355
36 1355
37 1354
38 1356
39 1351
40 1354
41 1355
42 1355
43 1354
44 1356
45 1356
46 1356
47 1355
48 1353
49 1353
50 1354
51 1356
52 1356
53 1353
54 1356
55 1354
56 1355
57 1355
58 1352
59 1355
60 1356
61 1353
62 1356
63 1355
64 1356
65 1355
66 1354
67 1353
68 1355
69 1353
70 1354
71 1353
72 1353
73 1353
74 1355
75 1356
76 1356
77 1355
78 1357
79 1355
80 1356
81 1356
82 1355
83 1353
84 1354
85 1355
86 1353
87 1355
88 1358
89 1357
90 1358
91 1357
92 1355
93 1357
94 1355
95 1354
96 1356
97 1358
98 1356
99 1355
100 1356
101 1351
102 1354
103 1357
104 1355
105 1354
106 1355
107 1355
108 1357
109 1352
110 1355
111 1353
112 1357
113 1355
114 1356
115 1356
116 1355
117 1353
118 1354
119 1354
120 1357
121 1357
122 1357
123 1355
124 1356
125 1357
126 1357
127 1357
128 1356
129 1352
130 1354
131 1356
132 1357
133 1354
134 1357
135 1353
136 1355
137 1355
138 1352
139 1355
140 1355
141 1354
142 1356
143 1354
144 1355
145 1357
146 1354
147 1355
148 1357
149 1356
150 1356
151 1357
152 1356
153 1356
154 1355
155 1354
156 1356
157 1354
158 1354
159 1352
160 1355
161 1354
162 1357
163 1355
164 1356
165 1352
166 1354
167 1354
168 1354
169 1354
170 1352
171 1353
172 1351
173 1352
174 1356
175 1358
176 1355
177 1352
178 1356
179 1356
180 1354
181 1357
182 1354
183 1356
184 1355
185 1355
186 1358
187 1356
188 1357
189 1357
190 1355
191 1357
192 1355
193 1353
194 1353
195 1357
196 1355
197 1357
198 1357
199 1355
200 1354
201 1356
202 1355
203 1354
204 1355
205 1354
206 1353
207 1357
208 1357
209 1358
210 1356
211 1352
212 1354
213 1356
214 1356
215 1355
216 1354
217 1357
218 1354
219 1357
220 1354
221 1356
222 1355
223 1354
224 1356
225 1354
226 1355
227 1354
228 1355
229 1357
230 1357
231 1356
232 1356
233 1354
234 1355
235 1358
236 1355
237 1353
238 1355
239 1355
240 1356
241 1354
242 1355
243 1355
244 1355
245 1356
246 1356
247 1358
248 1355
249 1357
250 1356
251 1355
252 1354
253 1355
254 1354
255 1355
256 1352
257 1354
258 1352
259 1356
260 1353
261 1352
262 1354
263 1354
264 1354
265 1355
266 1355
267 1354
268 1354
269 1355
270 1356
271 1354
272 1358
273 1355
274 1357
275 1356
276 1357
277 1355
278 1356
279 1355
280 1355
281 1357
282 1356
283 1353
284 1355
285 1353
286 1356
287 1357
288 1355
289 1354
290 1354
291 1356
292 1354
293 1356
294 1355
295 1356
296 1355
297 1355
298 1356
299 1353
300 1355
301 1355
302 1353
303 1352
304 1353
305 1356
306 1353
307 1354
308 1355
309 1355
310 1354
311 1355
312 1353
313 1355
314 1355
315 1354
316 1355
317 1355
318 1354
319 1355
320 1356
321 1352
322 1354
323 1355
324 1354
325 1355
326 1355
327 1354
328 1353
329 1354
330 1355
331 1357
332 1354
333 1355
334 1357
335 1358
336 1358
337 1353
338 1355
339 1357
340 1355
341 1356
342 1356
343 1355
344 1356
345 1356
346 1353
347 1353
348 1356
349 1356
350 1356
351 1357
352 1355
353 1355
354 1352
355 1355
356 1354
357 1356
358 1354
359 1355
360 1355
361 1357
362 1354
363 1353
364 1355
365 1355
366 1354
367 1354
368 1354
369 1354
370 1355
371 1357
372 1352
373 1355
374 1353
375 1356
376 1353
377 1356
378 1355
379 1355
380 1355
381 1354
382 1354
383 1355
384 1352
385 1356
386 1356
387 1354
388 1357
389 1354
390 1355
391 1355
392 1354
393 1352
394 1354
395 1357
396 1356
397 1355
398 1355
399 1354
400 1354
401 1355
402 1353
403 1357
404 1353
405 1353
406 1352
407 1354
408 1354
409 1356
410 1356
411 1355
412 1355
413 1355
414 1355
415 1353
416 1355
417 1353
418 1356
419 1356
420 1356
421 1352
422 1353
423 1354
424 1355
425 1354
426 1356
427 1356
428 1356
429 1355
430 1356
431 1352
432 1352
433 1355
434 1356
435 1351
436 1354
437 1353
438 1353
439 1354
440 1355
441 1357
442 1355
443 1355
444 1355
445 1352
446 1356
447 1355
448 1354
449 1352
450 1355
451 1354
452 1355
453 1355
454 1353
455 1354
456 1354
457 1355
458 1355
459 1355
460 1355
461 1355
462 1353
463 1352
464 1355
465 1357
466 1356
467 1353
468 1356
469 1356
470 1358
471 1353
472 1356
473 1354
474 1356
475 1352
476 1356
477 1357
478 1356
479 1354
480 1355
481 1353
482 1356
483 1353
484 1354
485 1353
486 1353
487 1355
488 1355
489 1355
490 1357
491 1358
492 1356
493 1356
494 1354
495 1354
496 1355
497 1355
498 1356
499 1354
500 1353
501 1355
502 1355
503 1355
504 1353
505 1355
506 1354
507 1354
508 1353
509 1355
510 1353
511 1355
512 1355
513 1355
514 1353
515 1352
516 1354
517 1357
518 1355
519 1356
520 1357
521 1352
522 1353
523 1352
524 1356
525 1357
526 1354
527 1353
528 1353
529 1355
530 1356
531 1357
532 1354
533 1357
534 1357
535 1357
536 1360
537 1363
538 1368
539 1372
540 1379
541 1387
542 1394
543 1410
544 1420
545 1430
546 1444
547 1453
548 1466
549 1476
550 1483
551 1488
552 1498
553 1500
554 1508
555 1509
556 1509
557 1507
558 1507
559 1509
560 1508
561 1506
562 1503
563 1497
564 1494
565 1485
566 1481
567 1473
568 1472
569 1466
570 1465
571 1457
572 1451
573 1449
574 1446
575 1443
576 1437
577 1429
578 1425
579 1419
580 1414
581 1413
582 1406
583 1399
584 1397
585 1396
586 1393
587 1388
588 1389
589 1387
590 1384
591 1383
592 1380
593 1379
594 1376
595 1375
596 1373
597 1372
598 1369
599 1372
600 1371
601 1373
602 1368
603 1365
604 1364
605 1366
606 1363
607 1365
608 1365
609 1363
610 1363
611 1362
612 1357
613 1362
614 1362
615 1363
616 1359
617 1359
618 1359
619 1362
620 1357
621 1359
622 1357
623 1358
624 1357
625 1356
626 1356
627 1356
628 1354
629 1358
630 1356
631 1358
632 1355
633 1357
634 1355
635 1357
636 1354
637 1357
638 1356
639 1357
640 1358
641 1357
642 1354
643 1354
644 1357
645 1360
646 1356
647 1355
648 1355
649 1355
650 1356
651 1355
652 1353
653 1357
654 1352
655 1355
656 1354
657 1354
658 1354
659 1355
660 1355
661 1354
662 1356
663 1355
664 1352
665 1355
666 1356
667 1356
668 1354
669 1354
670 1355
671 1357
672 1353
673 1353
674 1355
675 1359
676 1356
677 1357
678 1355
679 1354
680 1357
681 1357
682 1357
683 1356
684 1353
685 1353
686 1356
687 1355
688 1356
689 1355
690 1354
691 1353
692 1351
693 1357
694 1357
695 1355
696 1356
697 1357
698 1358
699 1359
700 1356
701 1358
702 1355
703 1357
704 1354
705 1357
706 1355
707 1354
708 1356
709 1356
710 1355
711 1358
712 1355
713 1354
714 1354
715 1357
716 1355
717 1357
718 1353
719 1355
720 1357
721 1356
722 1352
723 1355
724 1353
725 1357
726 1356
727 1356
728 1356
729 1357
730 1356
731 1356
732 1353
733 1357
734 1358
735 1357
736 1354
737 1353
738 1355
739 1357
740 1358
741 1356
742 1353
743 1353
744 1356
745 1357
746 1354
747 1355
748 1355
749 1354
750 1350
751 1355
752 1355
753 1356
754 1356
755 1355
756 1355
757 1356
758 1355
759 1357
760 1353
761 1357
762 1355
763 1353
764 1352
765 1353
766 1355
767 1357
768 1355
769 1357
770 1353
771 1353
772 1350
773 1353
774 1353
775 1357
776 1358
777 1356
778 1356
779 1354
780 1356
781 1356
782 1351
783 1353
784 1355
785 1357
786 1356
787 1355
788 1354
789 1357
790 1356
791 1357
792 1355
793 1354
794 1355
795 1357
796 1352
797 1354
798 1353
799 1356
800 1355
801 1356
802 1353
803 1357
804 1355
805 1355
806 1355
807 1353
808 1355
809 1355
810 1354
811 1355
812 1356
813 1357
814 1356
815 1356
816 1357
817 1357
818 1358
819 1358
820 1356
821 1355
822 1354
823 1357
824 1353
825 1355
826 1356
827 1357
828 1357
829 1353
830 1355
831 1355
832 1355
833 1357
834 1356
835 1358
836 1354
837 1354
838 1352
839 1352
840 1356
841 1357
842 1356
843 1357
844 1357
845 1354
846 1355
847 1353
848 1355
849 1354
850 1355
851 1356
852 1352
853 1356
854 1352
855 1353
856 1355
857 1355
858 1355
859 1356
860 1356
861 1357
862 1356
863 1356
864 1355
865 1354
866 1355
867 1353
868 1354
869 1355
870 1352
871 1355
872 1355
873 1353
874 1355
875 1354
876 1355
877 1358
878 1356
879 1355
880 1354
881 1355
882 1357
883 1353
884 1354
885 1354
886 1355
887 1356
888 1355
889 1356
890 1353
891 1355
892 1355
893 1356
894 1353
895 1353
896 1355
897 1353
898 1353
899 1354
900 1353
901 1353
902 1354
903 1351
904 1356
905 1357
906 1356
907 1352
908 1354
909 1358
910 1358
911 1354
912 1356
913 1355
914 1353
915 1353
916 1355
917 1353
918 1357
919 1356
920 1354
921 1356
922 1356
923 1356
924 1357
925 1356
926 1357
927 1355
928 1355
929 1357
930 1354
931 1358
932 1356
933 1357
934 1356
935 1357
936 1357
937 1352
938 1355
939 1355
940 1357
941 1354
942 1356
943 1353
944 1354
945 1357
946 1355
947 1354
948 1357
949 1355
950 1354
951 1355
952 1355
953 1354
954 1356
955 1356
956 1354
957 1354
958 1355
959 1352
960 1355
961 1355
962 1353
963 1352
964 1354
965 1357
966 1354
967 1354
968 1355
969 1354
970 1353
971 1351
972 1355
973 1355
974 1357
975 1356
976 1357
977 1354
978 1358
979 1353
980 1356
981 1357
982 1356
983 1351
984 1356
985 1356
986 1356
987 1355
988 1358
989 1354
990 1353
991 1354
992 1354
993 1353
994 1356
995 1356
996 1355
997 1354
998 1354
999 1353
1000 1354
1001 1354
1002 1356
1003 1354
1004 1355
1005 1353
1006 1353
1007 1354
1008 1357
1009 1356
1010 1355
1011 1352
1012 1356
1013 1352
1014 1356
1015 1355
1016 1357
1017 1353
1018 1355
1019 1358
1020 1356
1021 1354
1022 1354
1023 1353
1024 1356
1025 1354
1026 1353
1027 1355
1028 1354
1029 1353
1030 1356
1031 1355
1032 1353
1033 1356
1034 1352
1035 1355
1036 1354
1037 1358
1038 1356
1039 1356
1040 1357
1041 1354
1042 1356
1043 1352
1044 1353
1045 1354
1046 1354
1047 1355
1048 1355
1049 1356
1050 1355
1051 1353
1052 1353
1053 1353
1054 1355
1055 1354
1056 1355
1057 1355
1058 1354
1059 1354
1060 1354
1061 1354
1062 1354
1063 1356
1064 1354
1065 1355
1066 1353
1067 1354
1068 1356
1069 1353
1070 1355
1071 1354
1072 1356
1073 1355
1074 1353
1075 1353
1076 1355
1077 1355
1078 1354
1079 1352
1080 1354
1081 1354
1082 1353
1083 1355
1084 1353
1085 1354
1086 1356
1087 1352
1088 1354
1089 1356
1090 1354
1091 1357
1092 1355
1093 1352
1094 1354
1095 1358
1096 1356
1097 1355
1098 1356
1099 1357
1100 1358
1101 1357
1102 1356
1103 1357
1104 1355
1105 1354
1106 1354
1107 1356
1108 1355
1109 1356
1110 1356
1111 1356
1112 1357
1113 1357
1114 1356
1115 1356
1116 1355
1117 1355
1118 1355
1119 1355
1120 1355
1121 1357
1122 1357
1123 1354
1124 1357
1125 1357
1126 1356
1127 1357
1128 1355
1129 1358
1130 1354
1131 1354
1132 1352
1133 1352
1134 1355
1135 1353
1136 1354
1137 1355
1138 1353
1139 1356
1140 1353
1141 1354
1142 1354
1143 1355
1144 1354
1145 1356
1146 1353
1147 1354
1148 1354
1149 1353
1150 1352
1151 1355
1152 1355
1153 1353
1154 1357
1155 1358
1156 1355
1157 1355
1158 1354
1159 1356
1160 1357
1161 1356
1162 1356
1163 1355
1164 1354
1165 1356
1166 1357
1167 1354
1168 1356
1169 1357
1170 1354
1171 1353
1172 1353
1173 1354
1174 1353
1175 1352
1176 1355
1177 1356
1178 1357
1179 1355
1180 1355
1181 1353
1182 1353
1183 1353
1184 1356
1185 1356
1186 1355
1187 1355
1188 1353
1189 1354
1190 1355
1191 1355
1192 1356
1193 1356
1194 1357
1195 1355
1196 1357
1197 1357
1198 1357
1199 1356
1200 1353
1201 1354
1202 1351
1203 1354
1204 1354
1205 1354
1206 1354
1207 1356
1208 1353
1209 1353
1210 1355
1211 1354
1212 1355
1213 1354
1214 1355
1215 1359
1216 1357
1217 1357
1218 1355
1219 1355
1220 1355
1221 1356
1222 1356
1223 1356
1224 1355
1225 1352
1226 1354
1227 1356
1228 1356
1229 1354
1230 1356
1231 1355
1232 1355
1233 1355
1234 1352
1235 1352
1236 1354
1237 1353
1238 1356
1239 1354
1240 1355
1241 1355
1242 1353
1243 1355
1244 1356
1245 1354
1246 1356
1247 1351
1248 1357
1249 1354
1250 1353
1251 1355
1252 1356
1253 1356
1254 1354
1255 1355
1256 1356
1257 1354
1258 1355
1259 1354
1260 1355
1261 1356
1262 1355
1263 1354
1264 1356
1265 1355
1266 1354
1267 1355
1268 1356
1269 1353
1270 1357
1271 1354
1272 1357
1273 1354
1274 1358
1275 1356
1276 1356
1277 1354
1278 1355
1279 1353
1280 1353
1281 1356
1282 1355
1283 1353
1284 1356
1285 1358
1286 1357
1287 1355
1288 1353
1289 1353
1290 1356
1291 1354
1292 1357
1293 1352
1294 1354
1295 1354
1296 1353
1297 1352
1298 1355
1299 1354
1300 1356
1301 1354
1302 1355
1303 1355
1304 1357
1305 1357
1306 1357
1307 1356
1308 1355
1309 1356
1310 1356
1311 1355
1312 1357
1313 1354
1314 1354
1315 1357
1316 1356
1317 1356
1318 1355
1319 1354
1320 1354
1321 1353
1322 1352
1323 1355
1324 1354
1325 1352
1326 1355
1327 1353
1328 1354
1329 1353
1330 1355
1331 1352
1332 1354
1333 1353
1334 1355
1335 1356
1336 1354
1337 1357
1338 1353
1339 1355
1340 1355
1341 1356
1342 1354
1343 1353
1344 1354
1345 1356
1346 1356
1347 1354
1348 1356
1349 1355
1350 1358
1351 1359
1352 1355
1353 1354
1354 1355
1355 1357
1356 1357
1357 1353
1358 1355
1359 1353
1360 1355
1361 1354
1362 1355
1363 1354
1364 1355
1365 1354
1366 1354
1367 1356
1368 1355
1369 1355
1370 1353
1371 1356
1372 1355
1373 1355
1374 1357
1375 1357
1376 1355
1377 1355
1378 1355
1379 1355
1380 1356
1381 1355
1382 1356
1383 1354
1384 1353
1385 1353
1386 1353
1387 1355
1388 1354
1389 1354
1390 1354
1391 1357
1392 1354
1393 1355
1394 1355
1395 1355
1396 1356
1397 1354
1398 1354
1399 1353
1400 1356
1401 1357
1402 1354
1403 1353
1404 1353
1405 1357
1406 1353
1407 1352
1408 1353
1409 1355
1410 1353
1411 1357
1412 1353
1413 1356
1414 1354
1415 1355
1416 1357
1417 1354
1418 1355
1419 1354
1420 1355
1421 1354
1422 1354
1423 1357
1424 1354
1425 1353
1426 1354
1427 1355
1428 1355
1429 1357
1430 1357
1431 1357
1432 1357
1433 1355
1434 1354
1435 1355
1436 1353
1437 1356
1438 1356
1439 1355
1440 1354
1441 1357
1442 1356
1443 1356
1444 1356
1445 1355
1446 1356
1447 1352
1448 1355
1449 1353
1450 1355
1451 1357
1452 1357
1453 1353
1454 1357
1455 1352
1456 1355
1457 1354
1458 1353
1459 1355
1460 1356
1461 1356
1462 1354
1463 1355
1464 1356
1465 1358
1466 1356
1467 1357
1468 1357
1469 1356
1470 1356
1471 1356
1472 1353
1473 1351
1474 1355
1475 1359
1476 1354
1477 1357
1478 1356
1479 1356
1480 1356
1481 1356
1482 1356
1483 1354
1484 1355
1485 1356
1486 1356
1487 1357
1488 1355
1489 1357
1490 1356
1491 1358
1492 1356
1493 1356
1494 1356
1495 1356
1496 1357
1497 1356
1498 1355
1499 1353
1500 1353
1501 1356
1502 1356
1503 1353
1504 1355
1505 1355
1506 1356
1507 1356
1508 1355
1509 1352
1510 1357
1511 1355
1512 1353
1513 1353
1514 1356
1515 1355
1516 1357
1517 1353
1518 1355
1519 1352
1520 1359
1521 1358
1522 1356
1523 1357
1524 1360
1525 1357
1526 1354
1527 1353
1528 1356
1529 1356
1530 1357
1531 1355
1532 1356
1533 1355
1534 1357
1535 1356
1536 1356
1537 1355
1538 1355
1539 1352
1540 1355
1541 1358
1542 1356
1543 1354
1544 1354
1545 1351
1546 1355
1547 1357
1548 1353
1549 1354
1550 1355
1551 1353
1552 1354
1553 1352
1554 1356
1555 1355
1556 1359
1557 1355
1558 1354
1559 1353
1560 1356
1561 1355
1562 1354
1563 1353
1564 1356
1565 1357
1566 1355
1567 1355
1568 1355
1569 1353
1570 1354
1571 1355
1572 1357
1573 1357
1574 1355
1575 1352
1576 1354
1577 1353
1578 1357
1579 1355
1580 1359
1581 1354
1582 1361
1583 1358
1584 1357
1585 1356
1586 1358
1587 1357
1588 1357
1589 1352
1590 1355
1591 1355
1592 1353
1593 1351
1594 1355
1595 1356
1596 1356
1597 1354
1598 1356
1599 1356
1600 1356
1601 1356
1602 1356
1603 1353
1604 1356
1605 1355
1606 1356
1607 1357
1608 1353
1609 1355
1610 1353
1611 1357
1612 1355
1613 1356
1614 1352
1615 1353
1616 1355
1617 1357
1618 1356
1619 1354
1620 1356
1621 1354
1622 1355
1623 1358
1624 1355
1625 1354
1626 1356
1627 1354
1628 1355
1629 1355
1630 1356
1631 1357
1632 1356
1633 1357
1634 1355
1635 1358
1636 1354
1637 1358
1638 1354
1639 1357
1640 1356
1641 1356
1642 1357
1643 1354
1644 1355
1645 1357
1646 1355
1647 1357
1648 1353
1649 1356
1650 1356
1651 1356
1652 1355
1653 1355
1654 1355
1655 1355
1656 1353
1657 1357
1658 1354
1659 1355
1660 1356
1661 1355
1662 1353
1663 1350
1664 1354
1665 1355
1666 1355
1667 1356
1668 1355
1669 1356
1670 1356
1671 1355
1672 1355
1673 1354
1674 1353
1675 1356
1676 1355
1677 1354
1678 1355
1679 1354
1680 1358
1681 1358
1682 1359
1683 1356
1684 1356
1685 1356
1686 1356
1687 1356
1688 1356
1689 1355
1690 1355
1691 1357
1692 1355
1693 1356
1694 1357
1695 1356
1696 1355
1697 1356
1698 1357
1699 1355
1700 1356
1701 1357
1702 1355
1703 1353
1704 1355
1705 1357
1706 1357
1707 1355
1708 1357
1709 1356
1710 1359
1711 1356
1712 1358
1713 1356
1714 1355
1715 1356
1716 1354
1717 1356
1718 1355
1719 1355
1720 1354
1721 1355
1722 1354
1723 1352
1724 1357
1725 1358
1726 1356
1727 1355
1728 1355
1729 1356
1730 1355
1731 1355
1732 1353
1733 1357
1734 1355
1735 1354
1736 1355
1737 1356
1738 1356
1739 1355
1740 1354
1741 1354
1742 1356
1743 1357
1744 1355
1745 1355
1746 1357
1747 1355
1748 1354
1749 1355
1750 1356
1751 1354
1752 1354
1753 1353
1754 1356
1755 1358
1756 1356
1757 1356
1758 1355
1759 1355
1760 1355
1761 1353
1762 1356
1763 1357
1764 1355
1765 1356
1766 1354
1767 1356
1768 1354
1769 1353
1770 1357
1771 1355
1772 1356
1773 1357
1774 1356
1775 1357
1776 1355
1777 1352
1778 1356
1779 1355
1780 1356
1781 1350
1782 1351
1783 1352
1784 1354
1785 1357
1786 1356
1787 1353
1788 1355
1789 1356
1790 1357
1791 1357
1792 1355
1793 1356
1794 1354
1795 1358
1796 1356
1797 1357
1798 1356
1799 1355
1800 1357
1801 1356
1802 1357
1803 1357
1804 1353
1805 1354
1806 1356
1807 1357
1808 1354
1809 1355
1810 1354
1811 1357
1812 1355
1813 1355
1814 1357
1815 1357
1816 1358
1817 1353
1818 1356
1819 1354
1820 1355
1821 1354
1822 1356
1823 1355
1824 1355
1825 1357
1826 1357
1827 1353
1828 1354
1829 1357
1830 1354
1831 1357
1832 1353
1833 1355
1834 1355
1835 1357
1836 1355
1837 1356
1838 1355
1839 1354
1840 1356
1841 1353
1842 1354
1843 1355
1844 1355
1845 1353
1846 1355
1847 1356
1848 1353
1849 1355
1850 1356
1851 1356
1852 1353
1853 1354
1854 1356
1855 1357
1856 1356
1857 1355
1858 1355
1859 1357
1860 1353
1861 1353
1862 1355
1863 1357
1864 1357
1865 1356
1866 1354
1867 1355
1868 1353
1869 1356
1870 1356
1871 1354
1872 1356
1873 1355
1874 1355
1875 1354
1876 1354
1877 1353
1878 1355
1879 1355
1880 1356
1881 1356
1882 1355
1883 1356
1884 1355
1885 1357
1886 1356
1887 1356
1888 1355
1889 1354
1890 1354
1891 1358
1892 1356
1893 1357
1894 1355
1895 1355
1896 1357
1897 1357
1898 1355
1899 1356
1900 1356
1901 1356
1902 1354
1903 1354
1904 1354
1905 1355
1906 1355
1907 1354
1908 1354
1909 1356
1910 1353
1911 1354
1912 1355
1913 1357
1914 1356
1915 1357
1916 1354
1917 1354
1918 1355
1919 1357
1920 1357
1921 1353
1922 1354
1923 1355
1924 1354
1925 1357
1926 1353
1927 1354
1928 1358
1929 1357
1930 1354
1931 1355
1932 1355
1933 1357
1934 1356
1935 1358
1936 1357
1937 1357
1938 1356
1939 1356
1940 1354
1941 1356
1942 1354
1943 1355
1944 1357
1945 1359
1946 1356
1947 1355
1948 1356
1949 1355
1950 1355
1951 1355
1952 1355
1953 1355
1954 1358
1955 1355
1956 1357
1957 1351
1958 1355
1959 1355
1960 1355
1961 1358
1962 1358
1963 1352
1964 1354
1965 1355
1966 1357
1967 1354
1968 1354
1969 1357
1970 1356
1971 1357
1972 1352
1973 1350
1974 1356
1975 1359
1976 1355
1977 1354
1978 1357
1979 1355
1980 1358
1981 1357
1982 1356
1983 1356
1984 1356
1985 1357
1986 1357
1987 1358
1988 1356
1989 1356
1990 1355
1991 1356
1992 1353
1993 1354
1994 1356
1995 1355
1996 1354
1997 1357
1998 1355
1999 1356
2000 1355
2001 1355
2002 1356
2003 1355
2004 1354
2005 1355
2006 1355
2007 1357
2008 1356
2009 1355
2010 1358
2011 1356
2012 1359
2013 1357
2014 1358
2015 1355
2016 1357
2017 1356
2018 1356
2019 1356
2020 1356
2021 1358
2022 1356
2023 1354
2024 1357
2025 1355
2026 1357
2027 1354
2028 1354
2029 1354
2030 1356
2031 1355
2032 1357
2033 1354
2034 1354
2035 1350
2036 1355
2037 1354
2038 1356
2039 1358
2040 1356
2041 1355
2042 1353
2043 1354
2044 1357
2045 1357
2046 1359
2047 1357
2048 1356
2049 1355
2050 1356
2051 1355
2052 1355
2053 1356
2054 1356
2055 1357
2056 1357
2057 1357
2058 1353
2059 1354
2060 1356
2061 1356
2062 1354
2063 1356
2064 1355
2065 1357
2066 1356
2067 1356
2068 1356
2069 1355
2070 1356
2071 1355
2072 1354
2073 1356
2074 1356
2075 1356
2076 1358
2077 1357
2078 1357
2079 1356
2080 1358
2081 1355
2082 1356
2083 1353
2084 1355
2085 1355
2086 1354
2087 1355
2088 1357
2089 1355
2090 1354
2091 1355
2092 1356
2093 1354
2094 1356
2095 1355
2096 1355
2097 1354
2098 1354
2099 1354
2100 1354
2101 1356
2102 1355
2103 1354
2104 1356
2105 1357
2106 1355
2107 1356
2108 1354
2109 1357
2110 1355
2111 1357
2112 1358
2113 1356
2114 1356
2115 1355
2116 1354
2117 1354
2118 1354
2119 1357
2120 1356
2121 1355
2122 1355
2123 1353
2124 1356
2125 1355
2126 1354
2127 1353
2128 1356
2129 1353
2130 1355
2131 1352
2132 1353
2133 1356
2134 1357
2135 1355
2136 1355
2137 1353
2138 1356
2139 1353
2140 1356
2141 1354
2142 1354
2143 1352
2144 1355
2145 1352
2146 1353
2147 1354
2148 1354
2149 1355
2150 1354
2151 1353
2152 1355
2153 1354
2154 1357
2155 1354
2156 1355
2157 1354
2158 1353
2159 1356
2160 1357
2161 1356
2162 1356
2163 1354
2164 1356
2165 1360
2166 1355
2167 1356
2168 1356
2169 1357
2170 1357
2171 1357
2172 1357
2173 1357
2174 1358
2175 1355
2176 1354
2177 1356
2178 1356
2179 1358
2180 1356
2181 1356
2182 1355
2183 1356
2184 1356
2185 1359
2186 1357
2187 1353
2188 1354
2189 1357
2190 1354
2191 1355
2192 1356
2193 1356
2194 1356
2195 1355
2196 1355
2197 1355
2198 1355
2199 1358
2200 1356
2201 1355
2202 1354
2203 1356
2204 1355
2205 1356
2206 1355
2207 1352
2208 1355
2209 1356
2210 1358
2211 1355
2212 1356
2213 1354
2214 1353
2215 1354
2216 1352
2217 1357
2218 1354
2219 1355
2220 1355
2221 1357
2222 1356
2223 1357
2224 1356
2225 1357
2226 1356
2227 1357
2228 1355
2229 1359
2230 1355
2231 1356
2232 1353
2233 1354
2234 1355
2235 1354
2236 1357
2237 1356
2238 1355
2239 1356
2240 1355
2241 1359
2242 1355
2243 1357
2244 1355
2245 1353
2246 1355
2247 1355
2248 1352
2249 1357
2250 1356
2251 1356
2252 1354
2253 1354
2254 1355
2255 1358
2256 1355
2257 1356
2258 1357
2259 1357
2260 1356
2261 1355
2262 1356
2263 1352
2264 1358
2265 1359
2266 1355
2267 1354
2268 1354
2269 1357
2270 1355
2271 1358
2272 1357
2273 1355
2274 1356
2275 1357
2276 1353
2277 1355
2278 1351
2279 1355
2280 1356
2281 1357
2282 1356
2283 1355
2284 1355
2285 1360
2286 1356
2287 1357
2288 1356
2289 1358
2290 1356
2291 1357
2292 1353
2293 1357
2294 1359
2295 1358
2296 1353
2297 1354
2298 1355
2299 1356
2300 1353
2301 1356
2302 1354
2303 1355
2304 1354
2305 1356
2306 1354
2307 1352
2308 1354
2309 1358
2310 1358
2311 1357
2312 1354
2313 1356
2314 1354
2315 1355
2316 1356
2317 1354
2318 1354
2319 1355
2320 1353
2321 1355
2322 1357
2323 1355
2324 1357
2325 1357
2326 1355
2327 1353
2328 1352
2329 1355
2330 1351
2331 1357
2332 1355
2333 1357
2334 1351
2335 1355
2336 1354
2337 1355
2338 1354
2339 1357
2340 1356
2341 1358
2342 1351
2343 1354
2344 1355
2345 1355
2346 1355
2347 1356
2348 1354
2349 1356
2350 1355
2351 1356
2352 1355
2353 1356
2354 1358
2355 1357
2356 1353
2357 1355
2358 1354
2359 1355
2360 1354
2361 1354
2362 1355
2363 1351
2364 1352
2365 1357
2366 1356
2367 1355
2368 1354
2369 1353
2370 1356
2371 1357
2372 1355
2373 1356
2374 1353
2375 1356
2376 1354
2377 1356
2378 1357
2379 1356
2380 1358
2381 1356
2382 1357
2383 1356
2384 1355
2385 1357
2386 1356
2387 1355
2388 1357
2389 1355
2390 1356
2391 1355
2392 1354
2393 1357
2394 1353
2395 1357
2396 1355
2397 1357
2398 1355
2399 1357
2400 1354
2401 1354
2402 1354
2403 1354
2404 1355
2405 1357
2406 1356
2407 1356
2408 1356
2409 1357
2410 1357
2411 1355
2412 1356
2413 1354
2414 1354
2415 1356
2416 1355
2417 1354
2418 1354
2419 1356
2420 1355
2421 1357
2422 1353
2423 1356
2424 1356
2425 1354
2426 1354
2427 1354
2428 1355
2429 1353
2430 1355
2431 1354
2432 1354
2433 1354
2434 1356
2435 1357
2436 1356
2437 1356
2438 1356
2439 1356
2440 1354
2441 1356
2442 1357
2443 1357
2444 1356
2445 1354
2446 1356
2447 1357
2448 1355
2449 1357
2450 1354
2451 1357
2452 1355
2453 1355
2454 1358
2455 1357
2456 1360
2457 1355
2458 1355
2459 1357
2460 1356
2461 1354
2462 1356
2463 1356
2464 1354
2465 1356
2466 1357
2467 1356
2468 1356
2469 1354
2470 1354
2471 1356
2472 1355
2473 1357
2474 1354
2475 1355
2476 1354
2477 1356
2478 1357
2479 1355
2480 1355
2481 1355
2482 1359
2483 1355
2484 1357
2485 1358
2486 1356
2487 1356
2488 1355
2489 1351
2490 1353
2491 1354
2492 1355
2493 1357
2494 1356
2495 1354
2496 1355
2497 1358
2498 1356
2499 1355
2500 1355
2501 1356
2502 1355
2503 1353
2504 1355
2505 1353
2506 1356
2507 1353
2508 1357
2509 1354
2510 1357
2511 1357
2512 1356
2513 1355
2514 1356
2515 1356
2516 1353
2517 1354
2518 1355
2519 1357
2520 1355
2521 1353
2522 1356
2523 1356
2524 1356
2525 1355
2526 1356
2527 1357
2528 1356
2529 1354
2530 1357
2531 1355
2532 1357
2533 1357
2534 1357
2535 1355
2536 1357
2537 1354
2538 1353
2539 1353
2540 1354
2541 1355
2542 1353
2543 1354
2544 1358
2545 1357
2546 1353
2547 1357
2548 1354
2549 1354
2550 1357
2551 1353
2552 1353
2553 1355
2554 1353
2555 1354
2556 1356
2557 1357
2558 1355
2559 1354
2560 1358
2561 1357
2562 1357
2563 1354
2564 1354
2565 1357
2566 1354
2567 1353
2568 1357
2569 1356
2570 1355
2571 1359
2572 1355
2573 1355
2574 1353
2575 1357
2576 1354
2577 1353
2578 1354
2579 1355
2580 1356
2581 1359
2582 1355
2583 1356
2584 1356
2585 1357
2586 1356
2587 1355
2588 1351
2589 1356
2590 1355
2591 1358
2592 1353
2593 1356
2594 1355
2595 1355
2596 1356
2597 1356
2598 1355
2599 1356
2600 1356
2601 1357
2602 1356
2603 1356
2604 1354
2605 1356
2606 1355
2607 1357
2608 1356
2609 1356
2610 1355
2611 1354
2612 1353
2613 1355
2614 1355
2615 1355
2616 1357
2617 1356
2618 1356
2619 1357
2620 1356
2621 1357
2622 1357
2623 1357
2624 1358
2625 1358
2626 1356
2627 1355
2628 1357
2629 1358
2630 1357
2631 1357
2632 1357
2633 1358
2634 1357
2635 1355
2636 1356
2637 1354
2638 1355
2639 1356
2640 1356
2641 1353
2642 1355
2643 1352
2644 1353
2645 1357
2646 1359
2647 1355
2648 1357
2649 1358
2650 1355
2651 1353
2652 1354
2653 1355
2654 1355
2655 1355
2656 1356
2657 1356
2658 1355
2659 1356
2660 1355
2661 1356
2662 1354
2663 1354
2664 1354
2665 1354
2666 1355
2667 1356
2668 1357
2669 1357
2670 1355
2671 1357
2672 1351
2673 1353
2674 1356
2675 1357
2676 1357
2677 1354
2678 1355
2679 1354
2680 1357
2681 1356
2682 1356
2683 1357
2684 1357
2685 1355
2686 1356
2687 1355
2688 1354
2689 1358
2690 1356
2691 1356
2692 1356
2693 1355
2694 1357
2695 1354
2696 1357
2697 1356
2698 1355
2699 1354
2700 1355
2701 1357
2702 1352
2703 1356
2704 1356
2705 1358
2706 1355
2707 1356
2708 1356
2709 1356
2710 1353
2711 1356
2712 1355
2713 1357
2714 1354
2715 1356
2716 1355
2717 1355
2718 1354
2719 1357
2720 1357
2721 1356
2722 1353
2723 1353
2724 1352
2725 1353
2726 1354
2727 1355
2728 1352
2729 1357
2730 1354
2731 1356
2732 1354
2733 1353
2734 1354
2735 1359
2736 1356
2737 1357
2738 1356
2739 1354
2740 1357
2741 1357
2742 1356
2743 1356
2744 1354
2745 1357
2746 1356
2747 1356
2748 1353
2749 1359
2750 1358
2751 1357
2752 1353
2753 1355
2754 1356
2755 1355
2756 1352
2757 1354
2758 1354
2759 1354
2760 1354
2761 1353
2762 1354
2763 1355
2764 1354
2765 1355
2766 1355
2767 1355
2768 1354
2769 1355
2770 1354
2771 1355
2772 1356
2773 1356
2774 1354
2775 1358
2776 1356
2777 1355
2778 1353
2779 1353
2780 1355
2781 1356
2782 1357
2783 1356
2784 1355
2785 1357
2786 1356
2787 1356
2788 1354
2789 1356
2790 1354
2791 1354
2792 1355
2793 1354
2794 1352
2795 1353
2796 1353
2797 1353
2798 1354
2799 1355
2800 1354
2801 1353
2802 1353
2803 1355
2804 1356
2805 1356
2806 1354
2807 1356
2808 1352
2809 1353
2810 1354
2811 1357
2812 1355
2813 1352
2814 1353
2815 1355
2816 1356
2817 1356
2818 1356
2819 1355
2820 1357
2821 1355
2822 1357
2823 1356
2824 1355
2825 1352
2826 1356
2827 1356
2828 1355
2829 1355
2830 1354
2831 1352
2832 1355
2833 1354
2834 1356
2835 1357
2836 1354
2837 1353
2838 1356
2839 1357
2840 1356
2841 1356
2842 1354
2843 1356
2844 1354
2845 1355
2846 1356
2847 1356
2848 1356
2849 1354
2850 1352
2851 1356
2852 1356
2853 1355
2854 1354
2855 1353
2856 1354
2857 1356
2858 1354
2859 1353
2860 1355
2861 1354
2862 1353
2863 1354
2864 1358
2865 1357
2866 1356
2867 1356
2868 1355
2869 1355
2870 1354
2871 1356
2872 1352
2873 1356
2874 1354
2875 1353
2876 1356
2877 1355
2878 1356
2879 1355
2880 1355
2881 1353
2882 1352
2883 1353
2884 1353
2885 1355
2886 1350
2887 1354
2888 1353
2889 1355
2890 1353
2891 1353
2892 1353
2893 1354
2894 1356
2895 1355
2896 1354
2897 1357
2898 1354
2899 1355
2900 1355
2901 1357
2902 1356
2903 1355
2904 1352
2905 1355
2906 1355
2907 1354
2908 1354
2909 1353
2910 1355
2911 1355
2912 1356
2913 1355
2914 1358
2915 1356
2916 1355
2917 1356
2918 1353
2919 1356
2920 1354
2921 1353
2922 1354
2923 1355
2924 1357
2925 1355
2926 1353
2927 1355
2928 1352
2929 1357
2930 1356
2931 1356
2932 1354
2933 1355
2934 1355
2935 1355
2936 1358
2937 1354
2938 1352
2939 1353
2940 1355
2941 1352
2942 1355
2943 1355
2944 1351
2945 1352
2946 1353
2947 1354
2948 1356
2949 1355
2950 1353
2951 1354
2952 1356
2953 1353
2954 1353
2955 1355
2956 1356
2957 1356
2958 1355
2959 1355
2960 1353
2961 1355
2962 1356
2963 1354
2964 1355
2965 1356
2966 1354
2967 1353
2968 1356
2969 1356
2970 1356
2971 1356
2972 1356
2973 1353
2974 1356
2975 1356
2976 1355
2977 1353
2978 1353
2979 1354
2980 1354
2981 1354
2982 1355
2983 1354
2984 1357
2985 1356
2986 1355
2987 1355
2988 1355
2989 1357
2990 1356
2991 1358
2992 1353
2993 1352
2994 1355
2995 1357
2996 1356
2997 1357
2998 1354
2999 1353
3000 1355
3001 1354
3002 1353
3003 1357
3004 1356
3005 1355
3006 1356
3007 1352
3008 1356
3009 1355
3010 1356
3011 1358
3012 1354
3013 1356
3014 1355
3015 1354
3016 1356
3017 1356
3018 1356
3019 1355
3020 1355
3021 1356
3022 1355
3023 1352
3024 1356
3025 1357
3026 1355
3027 1356
3028 1356
3029 1355
3030 1357
3031 1353
3032 1355
3033 1357
3034 1354
3035 1356
3036 1356
3037 1357
3038 1355
3039 1356
3040 1352
3041 1356
3042 1354
3043 1355
3044 1355
3045 1357
3046 1356
3047 1357
3048 1356
3049 1357
3050 1355
3051 1355
3052 1354
3053 1354
3054 1356
3055 1355
3056 1356
3057 1356
3058 1354
3059 1352
3060 1360
3061 1356
3062 1355
3063 1355
3064 1355
3065 1356
3066 1354
3067 1354
3068 1354
3069 1354
3070 1354
3071 1358
3072 1355
3073 1356
3074 1354
3075 1353
3076 1355
3077 1355
3078 1355
3079 1352
3080 1354
3081 1357
3082 1355
3083 1356
3084 1358
3085 1358
3086 1354
3087 1353
3088 1354
3089 1356
3090 1355
3091 1357
3092 1353
3093 1357
3094 1353
3095 1354
3096 1355
3097 1356
3098 1355
3099 1355
3100 1354
3101 1356
3102 1354
3103 1355
3104 1354
3105 1355
3106 1355
3107 1355
3108 1355
3109 1355
3110 1353
3111 1354
3112 1354
3113 1357
3114 1354
3115 1355
3116 1354
3117 1356
3118 1353
3119 1353
3120 1354
3121 1355
3122 1354
3123 1356
3124 1352
3125 1354
3126 1354
3127 1352
3128 1353
3129 1351
3130 1352
3131 1355
3132 1354
3133 1357
3134 1354
3135 1354
3136 1354
3137 1357
3138 1356
3139 1354
3140 1355
3141 1355
3142 1357
3143 1355
3144 1353
3145 1354
3146 1355
3147 1355
3148 1355
3149 1356
3150 1354
3151 1354
3152 1353
3153 1355
3154 1354
3155 1355
3156 1354
3157 1352
3158 1357
3159 1354
3160 1357
3161 1356
3162 1356
3163 1355
3164 1353
3165 1356
3166 1356
3167 1353
3168 1354
3169 1357
3170 1354
3171 1353
3172 1355
3173 1357
3174 1356
3175 1354
3176 1352
3177 1357
3178 1356
3179 1358
3180 1354
3181 1357
3182 1352
3183 1354
3184 1354
3185 1355
3186 1356
3187 1356
3188 1354
3189 1354
3190 1354
3191 1354
3192 1353
3193 1353
3194 1353
3195 1356
3196 1357
3197 1357
3198 1352
3199 1354
3200 1354
3201 1357
3202 1358
3203 1355
3204 1353
3205 1358
3206 1353
3207 1356
3208 1352
3209 1353
3210 1354
3211 1354
3212 1354
3213 1354
3214 1357
3215 1356
3216 1354
3217 1353
3218 1350
3219 1353
3220 1351
3221 1352
3222 1354
3223 1354
3224 1353
3225 1351
3226 1353
3227 1358
3228 1355
3229 1355
3230 1353
3231 1354
3232 1356
3233 1355
3234 1356
3235 1358
3236 1354
3237 1358
3238 1355
3239 1353
3240 1354
3241 1356
3242 1356
3243 1353
3244 1356
3245 1358
3246 1358
3247 1355
3248 1356
3249 1354
3250 1355
3251 1355
3252 1353
3253 1355
3254 1353
3255 1357
3256 1356
3257 1357
3258 1356
3259 1355
3260 1354
3261 1354
3262 1353
3263 1357
3264 1355
3265 1357
3266 1352
3267 1356
3268 1355
3269 1358
3270 1355
3271 1358
3272 1353
3273 1357
3274 1357
3275 1359
3276 1353
3277 1353
3278 1356
3279 1356
3280 1354
3281 1355
3282 1351
3283 1355
3284 1353
3285 1353
3286 1355
3287 1356
3288 1355
3289 1355
3290 1355
3291 1357
3292 1351
3293 1358
3294 1355
3295 1357
3296 1356
3297 1355
3298 1352
3299 1354
3300 1355
3301 1356
3302 1352
3303 1356
3304 1355
3305 1358
3306 1355
3307 1354
3308 1354
3309 1355
3310 1353
3311 1353
3312 1355
3313 1356
3314 1352
3315 1352
3316 1351
3317 1354
3318 1355
3319 1358
3320 1355
3321 1355
3322 1354
3323 1355
3324 1353
3325 1358
3326 1356
3327 1355
3328 1355
3329 1354
3330 1354
3331 1354
3332 1351
3333 1353
3334 1356
3335 1356
3336 1356
3337 1357
3338 1355
3339 1358
3340 1352
3341 1356
3342 1353
3343 1354
3344 1354
3345 1354
3346 1354
3347 1354
3348 1354
3349 1354
3350 1353
3351 1354
3352 1354
3353 1356
3354 1353
3355 1355
3356 1354
3357 1357
3358 1354
3359 1356
3360 1355
3361 1356
3362 1355
3363 1356
3364 1356
3365 1355
3366 1355
3367 1356
3368 1355
3369 1355
3370 1352
3371 1354
3372 1353
3373 1354
3374 1353
3375 1358
3376 1353
3377 1354
3378 1352
3379 1355
3380 1356
3381 1357
3382 1356
3383 1356
3384 1353
3385 1355
3386 1351
3387 1351
3388 1354
3389 1357
3390 1354
3391 1355
3392 1355
3393 1353
3394 1355
3395 1355
3396 1352
3397 1354
3398 1354
3399 1354
3400 1352
3401 1356
3402 1356
3403 1354
3404 1354
3405 1359
3406 1350
3407 1355
3408 1352
3409 1355
3410 1355
3411 1355
3412 1353
3413 1354
3414 1355
3415 1356
3416 1357
3417 1355
3418 1354
3419 1357
3420 1354
3421 1356
3422 1354
3423 1356
3424 1354
3425 1354
3426 1355
3427 1358
3428 1356
3429 1353
3430 1355
3431 1354
3432 1354
3433 1351
3434 1353
3435 1357
3436 1354
3437 1354
3438 1354
3439 1355
3440 1352
3441 1356
3442 1354
3443 1351
3444 1351
3445 1355
3446 1351
3447 1354
3448 1355
3449 1355
3450 1355
3451 1353
3452 1355
3453 1355
3454 1353
3455 1357
3456 1354
3457 1355
3458 1353
3459 1354
3460 1357
3461 1354
3462 1353
3463 1352
3464 1356
3465 1355
3466 1356
3467 1356
3468 1352
3469 1357
3470 1354
3471 1354
3472 1354
3473 1357
3474 1355
3475 1355
3476 1355
3477 1356
3478 1354
3479 1355
3480 1357
3481 1357
3482 1355
3483 1353
3484 1353
3485 1355
3486 1353
3487 1352
3488 1356
3489 1354
3490 1353
3491 1354
3492 1353
3493 1354
3494 1354
3495 1358
3496 1358
3497 1353
3498 1357
3499 1354
3500 1354
3501 1351
3502 1356
3503 1357
3504 1355
3505 1354
3506 1357
3507 1356
3508 1356
3509 1355
3510 1355
3511 1355
3512 1356
3513 1354
3514 1356
3515 1356
3516 1355
3517 1354
3518 1355
3519 1357
3520 1354
3521 1355
3522 1356
3523 1356
3524 1355
3525 1353
3526 1352
3527 1355
3528 1357
3529 1356
3530 1355
3531 1356
3532 1355
3533 1357
3534 1354
3535 1355
3536 1354
3537 1353
3538 1352
3539 1354
3540 1356
3541 1358
3542 1356
3543 1357
3544 1357
3545 1352
3546 1357
3547 1356
3548 1358
3549 1357
3550 1356
3551 1356
3552 1356
3553 1354
3554 1357
3555 1354
3556 1356
3557 1353
3558 1357
3559 1353
3560 1355
3561 1355
3562 1356
3563 1355
3564 1357
3565 1357
3566 1357
3567 1355
3568 1353
3569 1355
3570 1356
3571 1354
3572 1354
3573 1356
3574 1356
3575 1354
3576 1355
3577 1355
3578 1357
3579 1355
3580 1356
3581 1355
3582 1356
3583 1353
3584 1353
3585 1353
3586 1354
3587 1353
3588 1355
3589 1353
3590 1355
3591 1354
3592 1355
3593 1351
3594 1355
3595 1354
3596 1356
3597 1355
3598 1350
3599 1353
3600 1355
3601 1355
3602 1356
3603 1353
3604 1356
3605 1352
3606 1354
3607 1354
3608 1353
3609 1354
3610 1353
3611 1354
3612 1353
3613 1354
3614 1354
3615 1356
3616 1355
3617 1355
3618 1353
3619 1353
3620 1353
3621 1355
3622 1355
3623 1352
3624 1357
3625 1358
3626 1354
3627 1355
3628 1355
3629 1355
3630 1355
3631 1355
3632 1355
3633 1355
3634 1357
3635 1355
3636 1353
3637 1357
3638 1355
3639 1355
3640 1355
3641 1355
3642 1355
3643 1356
3644 1356
3645 1356
3646 1354
3647 1353
3648 1353
3649 1355
3650 1355
3651 1356
3652 1354
3653 1352
3654 1356
3655 1356
3656 1354
3657 1358
3658 1355
3659 1354
3660 1355
3661 1356
3662 1355
3663 1358
3664 1355
3665 1356
3666 1356
3667 1356
3668 1355
3669 1358
3670 1357
3671 1357
3672 1355
3673 1357
3674 1357
3675 1354
3676 1356
3677 1355
3678 1354
3679 1357
3680 1355
3681 1354
3682 1354
3683 1354
3684 1355
3685 1357
3686 1354
3687 1356
3688 1353
3689 1355
3690 1354
3691 1355
3692 1356
3693 1356
3694 1354
3695 1355
3696 1355
3697 1356
3698 1355
3699 1359
3700 1356
3701 1356
3702 1354
3703 1355
3704 1354
3705 1355
3706 1353
3707 1353
3708 1351
3709 1356
3710 1354
3711 1356
3712 1353
3713 1357
3714 1354
3715 1357
3716 1356
3717 1357
3718 1355
3719 1357
3720 1354
3721 1356
3722 1354
3723 1355
3724 1358
3725 1355
3726 1353
3727 1356
3728 1357
3729 1357
3730 1354
3731 1359
3732 1354
3733 1355
3734 1353
3735 1354
3736 1355
3737 1354
3738 1355
3739 1356
3740 1351
3741 1356
3742 1354
3743 1355
3744 1354
3745 1355
3746 1354
3747 1356
3748 1355
3749 1356
3750 1356
3751 1355
3752 1358
3753 1356
3754 1357
3755 1358
3756 1356
3757 1356
3758 1354
3759 1356
3760 1356
3761 1357
3762 1354
3763 1355
3764 1354
3765 1354
3766 1354
3767 1357
3768 1354
3769 1357
3770 1355
3771 1353
3772 1353
3773 1351
3774 1356
3775 1357
3776 1354
3777 1354
3778 1353
3779 1357
3780 1355
3781 1356
3782 1353
3783 1353
3784 1353
3785 1358
3786 1352
3787 1353
3788 1351
3789 1357
3790 1356
3791 1358
3792 1357
3793 1358
3794 1357
3795 1353
3796 1354
3797 1354
3798 1356
3799 1357
3800 1356
3801 1360
3802 1356
3803 1354
3804 1354
3805 1354
3806 1354
3807 1356
3808 1354
3809 1355
3810 1353
3811 1355
3812 1354
3813 1354
3814 1352
3815 1357
3816 1354
3817 1354
3818 1354
3819 1354
3820 1354
3821 1356
3822 1355
3823 1357
3824 1355
3825 1356
3826 1355
3827 1354
3828 1351
3829 1355
3830 1353
3831 1355
3832 1356
3833 1356
3834 1354
3835 1354
3836 1354
3837 1356
3838 1356
3839 1355
3840 1356
3841 1356
3842 1355
3843 1353
3844 1356
3845 1357
3846 1354
3847 1353
3848 1357
3849 1356
3850 1356
3851 1355
3852 1353
3853 1352
3854 1354
3855 1351
3856 1355
3857 1357
3858 1354
3859 1357
3860 1352
3861 1353
3862 1351
3863 1355
3864 1355
3865 1358
3866 1354
3867 1356
3868 1352
3869 1353
3870 1352
3871 1354
3872 1355
3873 1356
3874 1357
3875 1357
3876 1352
3877 1356
3878 1355
3879 1356
3880 1353
3881 1355
3882 1356
3883 1355
3884 1354
3885 1352
3886 1354
3887 1356
3888 1354
3889 1354
3890 1353
3891 1357
3892 1356
3893 1356
3894 1351
3895 1352
3896 1353
3897 1357
3898 1356
3899 1353
3900 1351
3901 1353
3902 1355
3903 1355
3904 1354
3905 1355
3906 1355
3907 1356
3908 1356
3909 1354
3910 1357
3911 1355
3912 1353
3913 1355
3914 1354
3915 1354
3916 1355
3917 1356
3918 1353
3919 1357
3920 1354
3921 1356
3922 1354
3923 1356
3924 1356
3925 1355
3926 1355
3927 1356
3928 1358
3929 1356
3930 1354
3931 1357
3932 1355
3933 1358
3934 1355
3935 1358
3936 1355
3937 1360
3938 1356
3939 1356
3940 1354
3941 1356
3942 1353
3943 1354
3944 1356
3945 1357
3946 1356
3947 1356
3948 1353
3949 1357
3950 1356
3951 1357
3952 1353
3953 1354
3954 1353
3955 1354
3956 1354
3957 1354
3958 1356
3959 1356
3960 1355
3961 1354
3962 1352
3963 1354
3964 1356
3965 1357
3966 1357
3967 1355
3968 1358
3969 1356
3970 1356
3971 1354
3972 1355
3973 1354
3974 1359
3975 1360
3976 1355
3977 1357
3978 1355
3979 1354
3980 1354
3981 1356
3982 1354
3983 1349
3984 1354
3985 1356
3986 1357
3987 1354
3988 1354
3989 1352
3990 1356
3991 1358
3992 1357
3993 1357
3994 1355
3995 1355
3996 1355
3997 1355
3998 1356
3999 1353
