0 1356
1 1354
2 1355
3 1354
4 1355
5 1356
6 1353
7 1353
8 1355
9 1356
10 1354
11 1353
12 1353
13 1351
14 1354
15 1350
16 1354
17 1356
18 1355
19 1354
20 1353
21 1351
22 1356
23 1355
24 1353
25 1352
26 1353
27 1355
28 1356
29 1357
30 1353
31 1352
32 1356
33 1353
34 1355
35 1356
36 1354
37 1355
38 1355
39 1353
40 1352
41 1355
42 1357
43 1354
44 1353
45 1355
46 1355
47 1356
48 1353
49 1354
50 1353
51 1355
52 1357
53 1357
54 1355
55 1354
56 1356
57 1355
58 1356
59 1353
60 1353
61 1356
62 1357
63 1357
64 1356
65 1354
66 1354
67 1356
68 1354
69 1355
70 1356
71 1354
72 1352
73 1357
74 1353
75 1355
76 1355
77 1351
78 1355
79 1354
80 1352
81 1353
82 1353
83 1352
84 1352
85 1354
86 1357
87 1358
88 1357
89 1356
90 1354
91 1356
92 1350
93 1353
94 1354
95 1353
96 1355
97 1354
98 1357
99 1357
100 1356
101 1353
102 1354
103 1354
104 1353
105 1354
106 1352
107 1354
108 1353
109 1354
110 1352
111 1355
112 1352
113 1357
114 1357
115 1356
116 1355
117 1357
118 1356
119 1357
120 1355
121 1356
122 1355
123 1357
124 1357
125 1356
126 1355
127 1354
128 1356
129 1357
130 1355
131 1357
132 1357
133 1357
134 1356
135 1355
136 1357
137 1353
138 1355
139 1355
140 1352
141 1353
142 1355
143 1356
144 1355
145 1355
146 1356
147 1357
148 1353
149 1355
150 1356
151 1356
152 1353
153 1354
154 1357
155 1357
156 1356
157 1353
158 1355
159 1353
160 1355
161 1356
162 1356
163 1353
164 1353
165 1356
166 1351
167 1352
168 1353
169 1355
170 1355
171 1356
172 1355
173 1356
174 1354
175 1355
176 1356
177 1355
178 1357
179 1356
180 1357
181 1356
182 1355
183 1355
184 1355
185 1355
186 1356
187 1355
188 1354
189 1357
190 1355
191 1357
192 1357
193 1357
194 1354
195 1355
196 1355
197 1355
198 1356
199 1357
200 1352
201 1355
202 1357
203 1357
204 1355
205 1356
206 1356
207 1357
208 1353
209 1354
210 1352
211 1355
212 1352
213 1358
214 1355
215 1354
216 1357
217 1357
218 1354
219 1355
220 1354
221 1357
222 1358
223 1356
224 1354
225 1354
226 1354
227 1355
228 1354
229 1354
230 1353
231 1353
232 1356
233 1354
234 1356
235 1359
236 1357
237 1355
238 1354
239 1353
240 1354
241 1355
242 1353
243 1355
244 1355
245 1357
246 1354
247 1354
248 1355
249 1354
250 1354
251 1355
252 1355
253 1354
254 1355
255 1358
256 1355
257 1355
258 1353
259 1356
260 1353
261 1354
262 1353
263 1355
264 1354
265 1352
266 1354
267 1356
268 1355
269 1353
270 1352
271 1357
272 1354
273 1353
274 1354
275 1355
276 1353
277 1357
278 1356
279 1355
280 1354
281 1354
282 1355
283 1356
284 1353
285 1355
286 1353
287 1356
288 1353
289 1356
290 1352
291 1356
292 1354
293 1350
294 1354
295 1357
296 1356
297 1354
298 1354
299 1355
300 1355
301 1354
302 1356
303 1352
304 1354
305 1356
306 1357
307 1354
308 1353
309 1355
310 1355
311 1353
312 1356
313 1354
314 1355
315 1355
316 1356
317 1352
318 1354
319 1355
320 1354
321 1355
322 1352
323 1354
324 1356
325 1355
326 1355
327 1353
328 1353
329 1354
330 1355
331 1355
332 1356
333 1356
334 1352
335 1355
336 1356
337 1354
338 1357
339 1355
340 1354
341 1354
342 1354
343 1354
344 1356
345 1355
346 1352
347 1351
348 1355
349 1354
350 1350
351 1356
352 1357
353 1354
354 1353
355 1355
356 1356
357 1355
358 1354
359 1354
360 1355
361 1356
362 1353
363 1355
364 1354
365 1357
366 1354
367 1355
368 1352
369 1352
370 1354
371 1353
372 1354
373 1354
374 1356
375 1354
376 1352
377 1355
378 1353
379 1355
380 1355
381 1354
382 1351
383 1354
384 1353
385 1354
386 1352
387 1356
388 1355
389 1354
390 1354
391 1355
392 1354
393 1355
394 1348
395 1354
396 1357
397 1357
398 1355
399 1353
400 1355
401 1356
402 1353
403 1354
404 1353
405 1352
406 1353
407 1355
408 1356
409 1352
410 1353
411 1354
412 1356
413 1355
414 1354
415 1354
416 1354
417 1353
418 1358
419 1354
420 1356
421 1355
422 1356
423 1352
424 1352
425 1355
426 1354
427 1353
428 1356
429 1354
430 1355
431 1352
432 1353
433 1355
434 1353
435 1353
436 1354
437 1355
438 1357
439 1355
440 1354
441 1354
442 1356
443 1354
444 1351
445 1354
446 1354
447 1352
448 1353
449 1353
450 1355
451 1355
452 1358
453 1356
454 1358
455 1358
456 1354
457 1355
458 1355
459 1352
460 1356
461 1355
462 1354
463 1356
464 1355
465 1355
466 1355
467 1354
468 1356
469 1355
470 1356
471 1355
472 1356
473 1355
474 1356
475 1354
476 1353
477 1355
478 1355
479 1355
480 1355
481 1354
482 1355
483 1354
484 1353
485 1353
486 1354
487 1355
488 1356
489 1352
490 1353
491 1350
492 1353
493 1354
494 1352
495 1356
496 1356
497 1355
498 1353
499 1355
500 1351
501 1355
502 1356
503 1356
504 1355
505 1355
506 1352
507 1355
508 1353
509 1355
510 1353
511 1355
512 1355
513 1356
514 1355
515 1353
516 1353
517 1356
518 1354
519 1354
520 1355
521 1354
522 1354
523 1356
524 1355
525 1356
526 1356
527 1356
528 1355
529 1356
530 1353
531 1357
532 1356
533 1357
534 1357
535 1362
536 1366
537 1372
538 1383
539 1406
540 1429
541 1462
542 1499
543 1541
544 1584
545 1637
546 1685
547 1731
548 1777
549 1814
550 1856
551 1894
552 1923
553 1950
554 1967
555 1983
556 1993
557 1996
558 1990
559 1989
560 1980
561 1971
562 1956
563 1939
564 1919
565 1899
566 1878
567 1858
568 1834
569 1811
570 1795
571 1770
572 1752
573 1737
574 1718
575 1702
576 1678
577 1659
578 1639
579 1622
580 1606
581 1590
582 1575
583 1562
584 1550
585 1536
586 1524
587 1517
588 1507
589 1499
590 1487
591 1483
592 1476
593 1466
594 1455
595 1452
596 1446
597 1441
598 1431
599 1421
600 1419
601 1413
602 1413
603 1406
604 1405
605 1401
606 1400
607 1395
608 1392
609 1390
610 1389
611 1386
612 1383
613 1380
614 1380
615 1377
616 1376
617 1371
618 1370
619 1371
620 1371
621 1371
622 1369
623 1366
624 1366
625 1362
626 1363
627 1364
628 1368
629 1366
630 1364
631 1363
632 1362
633 1362
634 1363
635 1363
636 1361
637 1363
638 1359
639 1358
640 1361
641 1359
642 1357
643 1358
644 1357
645 1356
646 1357
647 1356
648 1357
649 1357
650 1358
651 1359
652 1356
653 1354
654 1356
655 1356
656 1358
657 1359
658 1354
659 1356
660 1360
661 1356
662 1357
663 1356
664 1355
665 1357
666 1357
667 1358
668 1358
669 1357
670 1358
671 1355
672 1357
673 1358
674 1360
675 1357
676 1354
677 1357
678 1357
679 1356
680 1357
681 1355
682 1357
683 1356
684 1355
685 1356
686 1355
687 1356
688 1356
689 1355
690 1353
691 1356
692 1356
693 1357
694 1356
695 1357
696 1356
697 1355
698 1353
699 1357
700 1357
701 1359
702 1357
703 1358
704 1357
705 1359
706 1355
707 1356
708 1352
709 1356
710 1357
711 1359
712 1356
713 1355
714 1353
715 1357
716 1355
717 1358
718 1356
719 1356
720 1356
721 1358
722 1356
723 1358
724 1354
725 1353
726 1356
727 1355
728 1356
729 1356
730 1353
731 1357
732 1356
733 1355
734 1354
735 1358
736 1357
737 1357
738 1355
739 1356
740 1354
741 1357
742 1356
743 1358
744 1357
745 1356
746 1355
747 1355
748 1354
749 1355
750 1353
751 1355
752 1356
753 1356
754 1355
755 1354
756 1354
757 1355
758 1356
759 1356
760 1358
761 1356
762 1352
763 1353
764 1357
765 1354
766 1357
767 1355
768 1355
769 1355
770 1357
771 1356
772 1357
773 1354
774 1355
775 1355
776 1354
777 1354
778 1355
779 1353
780 1354
781 1354
782 1356
783 1356
784 1357
785 1355
786 1355
787 1354
788 1354
789 1355
790 1357
791 1358
792 1355
793 1355
794 1356
795 1355
796 1354
797 1353
798 1353
799 1352
800 1356
801 1354
802 1354
803 1355
804 1356
805 1353
806 1357
807 1355
808 1356
809 1353
810 1353
811 1353
812 1355
813 1353
814 1353
815 1354
816 1353
817 1353
818 1351
819 1355
820 1357
821 1356
822 1357
823 1356
824 1356
825 1354
826 1355
827 1354
828 1355
829 1354
830 1355
831 1356
832 1356
833 1356
834 1354
835 1354
836 1353
837 1355
838 1355
839 1353
840 1357
841 1355
842 1357
843 1357
844 1357
845 1356
846 1355
847 1356
848 1352
849 1353
850 1354
851 1354
852 1353
853 1354
854 1355
855 1356
856 1358
857 1357
858 1356
859 1355
860 1357
861 1353
862 1354
863 1352
864 1353
865 1355
866 1356
867 1355
868 1354
869 1355
870 1356
871 1354
872 1354
873 1355
874 1357
875 1356
876 1355
877 1354
878 1356
879 1353
880 1354
881 1356
882 1353
883 1354
884 1352
885 1355
886 1355
887 1353
888 1355
889 1356
890 1354
891 1357
892 1355
893 1354
894 1353
895 1356
896 1353
897 1357
898 1355
899 1355
900 1356
901 1354
902 1354
903 1353
904 1355
905 1356
906 1355
907 1355
908 1354
909 1355
910 1353
911 1355
912 1353
913 1352
914 1354
915 1353
916 1356
917 1354
918 1354
919 1353
920 1355
921 1357
922 1354
923 1355
924 1352
925 1355
926 1355
927 1355
928 1357
929 1356
930 1353
931 1354
932 1352
933 1352
934 1357
935 1355
936 1356
937 1356
938 1355
939 1354
940 1355
941 1357
942 1353
943 1355
944 1354
945 1352
946 1353
947 1353
948 1354
949 1354
950 1354
951 1355
952 1355
953 1354
954 1351
955 1356
956 1353
957 1354
958 1354
959 1354
960 1350
961 1354
962 1355
963 1353
964 1353
965 1354
966 1351
967 1356
968 1354
969 1354
970 1354
971 1355
972 1353
973 1355
974 1350
975 1354
976 1354
977 1355
978 1355
979 1354
980 1353
981 1355
982 1354
983 1354
984 1355
985 1354
986 1352
987 1352
988 1354
989 1354
990 1354
991 1356
992 1354
993 1354
994 1353
995 1355
996 1354
997 1355
998 1354
999 1355
1000 1357
1001 1356
1002 1354
1003 1355
1004 1354
1005 1356
1006 1352
1007 1354
1008 1356
1009 1355
1010 1355
1011 1358
1012 1357
1013 1353
1014 1355
1015 1355
1016 1355
1017 1355
1018 1355
1019 1354
1020 1354
1021 1354
1022 1355
1023 1354
1024 1355
1025 1355
1026 1353
1027 1355
1028 1354
1029 1353
1030 1355
1031 1355
1032 1354
1033 1356
1034 1354
1035 1355
1036 1353
1037 1355
1038 1352
1039 1353
1040 1356
1041 1357
1042 1353
1043 1357
1044 1356
1045 1356
1046 1353
1047 1353
1048 1355
1049 1355
1050 1355
1051 1352
1052 1353
1053 1356
1054 1354
1055 1354
1056 1355
1057 1356
1058 1352
1059 1353
1060 1355
1061 1354
1062 1356
1063 1353
1064 1355
1065 1356
1066 1357
1067 1355
1068 1354
1069 1354
1070 1355
1071 1355
1072 1353
1073 1354
1074 1352
1075 1355
1076 1356
1077 1354
1078 1355
1079 1356
1080 1354
1081 1355
1082 1356
1083 1355
1084 1353
1085 1354
1086 1354
1087 1356
1088 1354
1089 1356
1090 1355
1091 1356
1092 1356
1093 1353
1094 1353
1095 1356
1096 1355
1097 1355
1098 1355
1099 1357
1100 1354
1101 1354
1102 1357
1103 1354
1104 1354
1105 1354
1106 1355
1107 1354
1108 1354
1109 1356
1110 1354
1111 1354
1112 1355
1113 1355
1114 1354
1115 1354
1116 1355
1117 1354
1118 1352
1119 1352
1120 1356
1121 1354
1122 1357
1123 1355
1124 1356
1125 1353
1126 1352
1127 1353
1128 1354
1129 1356
1130 1355
1131 1356
1132 1357
1133 1354
1134 1355
1135 1355
1136 1355
1137 1355
1138 1354
1139 1352
1140 1355
1141 1355
1142 1352
1143 1349
1144 1352
1145 1352
1146 1353
1147 1351
1148 1352
1149 1354
1150 1355
1151 1356
1152 1353
1153 1356
1154 1355
1155 1357
1156 1355
1157 1353
1158 1354
1159 1355
1160 1353
1161 1353
1162 1354
1163 1356
1164 1356
1165 1353
1166 1354
1167 1355
1168 1355
1169 1355
1170 1352
1171 1353
1172 1354
1173 1353
1174 1353
1175 1353
1176 1354
1177 1355
1178 1355
1179 1353
1180 1353
1181 1354
1182 1356
1183 1354
1184 1355
1185 1355
1186 1353
1187 1353
1188 1357
1189 1352
1190 1355
1191 1355
1192 1357
1193 1355
1194 1355
1195 1353
1196 1354
1197 1354
1198 1355
1199 1358
1200 1359
1201 1357
1202 1354
1203 1354
1204 1355
1205 1355
1206 1355
1207 1352
1208 1355
1209 1355
1210 1355
1211 1356
1212 1356
1213 1354
1214 1356
1215 1354
1216 1356
1217 1354
1218 1357
1219 1356
1220 1356
1221 1354
1222 1356
1223 1357
1224 1354
1225 1355
1226 1354
1227 1355
1228 1354
1229 1355
1230 1355
1231 1356
1232 1357
1233 1355
1234 1353
1235 1353
1236 1354
1237 1355
1238 1354
1239 1353
1240 1355
1241 1355
1242 1352
1243 1353
1244 1355
1245 1353
1246 1356
1247 1356
1248 1354
1249 1356
1250 1356
1251 1355
1252 1355
1253 1355
1254 1353
1255 1356
1256 1357
1257 1355
1258 1355
1259 1353
1260 1351
1261 1356
1262 1357
1263 1355
1264 1353
1265 1353
1266 1356
1267 1354
1268 1354
1269 1353
1270 1356
1271 1355
1272 1353
1273 1353
1274 1354
1275 1354
1276 1353
1277 1356
1278 1355
1279 1355
1280 1355
1281 1354
1282 1356
1283 1356
1284 1357
1285 1357
1286 1354
1287 1355
1288 1353
1289 1356
1290 1356
1291 1356
1292 1354
1293 1356
1294 1351
1295 1352
1296 1353
1297 1354
1298 1353
1299 1356
1300 1356
1301 1355
1302 1355
1303 1354
1304 1356
1305 1355
1306 1354
1307 1354
1308 1354
1309 1352
1310 1358
1311 1353
1312 1356
1313 1355
1314 1356
1315 1355
1316 1357
1317 1356
1318 1351
1319 1351
1320 1353
1321 1356
1322 1354
1323 1355
1324 1355
1325 1355
1326 1355
1327 1352
1328 1354
1329 1356
1330 1355
1331 1358
1332 1357
1333 1353
1334 1354
1335 1353
1336 1355
1337 1352
1338 1351
1339 1354
1340 1353
1341 1353
1342 1354
1343 1353
1344 1355
1345 1356
1346 1356
1347 1355
1348 1355
1349 1353
1350 1355
1351 1355
1352 1358
1353 1355
1354 1356
1355 1356
1356 1352
1357 1356
1358 1355
1359 1354
1360 1355
1361 1354
1362 1355
1363 1354
1364 1355
1365 1353
1366 1356
1367 1357
1368 1355
1369 1357
1370 1355
1371 1355
1372 1357
1373 1357
1374 1356
1375 1354
1376 1356
1377 1356
1378 1353
1379 1356
1380 1356
1381 1356
1382 1355
1383 1353
1384 1354
1385 1353
1386 1354
1387 1356
1388 1357
1389 1355
1390 1357
1391 1354
1392 1355
1393 1352
1394 1351
1395 1355
1396 1353
1397 1356
1398 1355
1399 1354
1400 1355
1401 1352
1402 1356
1403 1354
1404 1356
1405 1355
1406 1356
1407 1354
1408 1353
1409 1352
1410 1354
1411 1354
1412 1356
1413 1354
1414 1352
1415 1352
1416 1354
1417 1353
1418 1352
1419 1356
1420 1355
1421 1354
1422 1354
1423 1355
1424 1355
1425 1356
1426 1354
1427 1353
1428 1355
1429 1354
1430 1353
1431 1354
1432 1354
1433 1353
1434 1355
1435 1354
1436 1353
1437 1354
1438 1354
1439 1354
1440 1354
1441 1355
1442 1357
1443 1356
1444 1352
1445 1353
1446 1355
1447 1354
1448 1353
1449 1353
1450 1353
1451 1353
1452 1353
1453 1353
1454 1351
1455 1354
1456 1354
1457 1355
1458 1357
1459 1355
1460 1356
1461 1355
1462 1355
1463 1354
1464 1355
1465 1355
1466 1355
1467 1356
1468 1356
1469 1354
1470 1355
1471 1356
1472 1354
1473 1357
1474 1356
1475 1354
1476 1354
1477 1354
1478 1356
1479 1353
1480 1353
1481 1354
1482 1357
1483 1354
1484 1354
1485 1355
1486 1353
1487 1353
1488 1354
1489 1356
1490 1355
1491 1355
1492 1354
1493 1354
1494 1353
1495 1357
1496 1358
1497 1354
1498 1354
1499 1356
1500 1358
1501 1353
1502 1354
1503 1356
1504 1357
1505 1356
1506 1354
1507 1354
1508 1356
1509 1354
1510 1355
1511 1355
1512 1357
1513 1355
1514 1355
1515 1352
1516 1353
1517 1356
1518 1357
1519 1354
1520 1355
1521 1356
1522 1354
1523 1354
1524 1355
1525 1354
1526 1352
1527 1355
1528 1356
1529 1356
1530 1357
1531 1356
1532 1354
1533 1353
1534 1354
1535 1353
1536 1354
1537 1355
1538 1357
1539 1354
1540 1354
1541 1355
1542 1356
1543 1356
1544 1356
1545 1355
1546 1356
1547 1353
1548 1353
1549 1355
1550 1356
1551 1356
1552 1355
1553 1356
1554 1353
1555 1357
1556 1354
1557 1357
1558 1356
1559 1358
1560 1355
1561 1355
1562 1354
1563 1357
1564 1356
1565 1355
1566 1355
1567 1354
1568 1356
1569 1355
1570 1357
1571 1356
1572 1355
1573 1354
1574 1355
1575 1355
1576 1355
1577 1356
1578 1355
1579 1353
1580 1354
1581 1355
1582 1354
1583 1355
1584 1357
1585 1353
1586 1357
1587 1354
1588 1354
1589 1355
1590 1357
1591 1354
1592 1356
1593 1356
1594 1353
1595 1356
1596 1358
1597 1354
1598 1353
1599 1350
1600 1355
1601 1353
1602 1354
1603 1357
1604 1356
1605 1355
1606 1356
1607 1353
1608 1355
1609 1353
1610 1356
1611 1354
1612 1356
1613 1352
1614 1354
1615 1354
1616 1355
1617 1353
1618 1352
1619 1353
1620 1358
1621 1354
1622 1357
1623 1353
1624 1358
1625 1356
1626 1357
1627 1356
1628 1357
1629 1352
1630 1356
1631 1351
1632 1355
1633 1356
1634 1354
1635 1355
1636 1356
1637 1353
1638 1357
1639 1358
1640 1356
1641 1353
1642 1353
1643 1354
1644 1356
1645 1356
1646 1353
1647 1356
1648 1355
1649 1356
1650 1356
1651 1354
1652 1354
1653 1355
1654 1352
1655 1356
1656 1355
1657 1355
1658 1351
1659 1356
1660 1356
1661 1354
1662 1356
1663 1355
1664 1352
1665 1354
1666 1356
1667 1356
1668 1353
1669 1356
1670 1354
1671 1356
1672 1355
1673 1355
1674 1356
1675 1356
1676 1351
1677 1354
1678 1357
1679 1355
1680 1355
1681 1355
1682 1356
1683 1357
1684 1355
1685 1356
1686 1356
1687 1355
1688 1356
1689 1353
1690 1356
1691 1355
1692 1356
1693 1356
1694 1355
1695 1354
1696 1352
1697 1355
1698 1357
1699 1356
1700 1356
1701 1356
1702 1355
1703 1355
1704 1354
1705 1354
1706 1354
1707 1357
1708 1356
1709 1356
1710 1357
1711 1357
1712 1357
1713 1356
1714 1356
1715 1356
1716 1356
1717 1355
1718 1356
1719 1354
1720 1354
1721 1357
1722 1354
1723 1353
1724 1355
1725 1354
1726 1353
1727 1353
1728 1354
1729 1354
1730 1358
1731 1356
1732 1355
1733 1355
1734 1357
1735 1356
1736 1354
1737 1355
1738 1355
1739 1356
1740 1355
1741 1354
1742 1357
1743 1356
1744 1353
1745 1356
1746 1354
1747 1355
1748 1353
1749 1354
1750 1355
1751 1356
1752 1354
1753 1357
1754 1355
1755 1354
1756 1355
1757 1355
1758 1355
1759 1353
1760 1351
1761 1354
1762 1359
1763 1360
1764 1358
1765 1352
1766 1357
1767 1355
1768 1356
1769 1355
1770 1353
1771 1358
1772 1356
1773 1357
1774 1353
1775 1355
1776 1353
1777 1356
1778 1356
1779 1355
1780 1354
1781 1354
1782 1355
1783 1357
1784 1357
1785 1355
1786 1351
1787 1356
1788 1357
1789 1355
1790 1355
1791 1354
1792 1356
1793 1356
1794 1357
1795 1354
1796 1356
1797 1355
1798 1352
1799 1353
1800 1355
1801 1356
1802 1354
1803 1356
1804 1360
1805 1358
1806 1356
1807 1354
1808 1354
1809 1356
1810 1353
1811 1354
1812 1354
1813 1356
1814 1356
1815 1356
1816 1355
1817 1352
1818 1354
1819 1355
1820 1353
1821 1358
1822 1358
1823 1355
1824 1357
1825 1354
1826 1355
1827 1357
1828 1353
1829 1354
1830 1355
1831 1357
1832 1355
1833 1356
1834 1355
1835 1354
1836 1355
1837 1354
1838 1355
1839 1355
1840 1355
1841 1355
1842 1354
1843 1355
1844 1353
1845 1354
1846 1355
1847 1353
1848 1353
1849 1354
1850 1357
1851 1355
1852 1356
1853 1355
1854 1353
1855 1355
1856 1358
1857 1354
1858 1357
1859 1356
1860 1355
1861 1356
1862 1356
1863 1354
1864 1358
1865 1355
1866 1355
1867 1356
1868 1355
1869 1356
1870 1357
1871 1357
1872 1355
1873 1357
1874 1357
1875 1354
1876 1355
1877 1354
1878 1355
1879 1353
1880 1356
1881 1354
1882 1356
1883 1354
1884 1352
1885 1354
1886 1356
1887 1355
1888 1356
1889 1355
1890 1354
1891 1356
1892 1357
1893 1359
1894 1357
1895 1354
1896 1357
1897 1355
1898 1357
1899 1356
1900 1356
1901 1354
1902 1358
1903 1356
1904 1357
1905 1355
1906 1356
1907 1352
1908 1353
1909 1353
1910 1355
1911 1352
1912 1356
1913 1355
1914 1354
1915 1352
1916 1357
1917 1355
1918 1356
1919 1354
1920 1357
1921 1354
1922 1354
1923 1354
1924 1356
1925 1356
1926 1356
1927 1352
1928 1357
1929 1355
1930 1354
1931 1354
1932 1354
1933 1357
1934 1354
1935 1355
1936 1355
1937 1356
1938 1353
1939 1349
1940 1355
1941 1356
1942 1359
1943 1358
1944 1352
1945 1355
1946 1357
1947 1354
1948 1357
1949 1354
1950 1356
1951 1354
1952 1355
1953 1355
1954 1358
1955 1355
1956 1357
1957 1354
1958 1356
1959 1356
1960 1353
1961 1355
1962 1358
1963 1357
1964 1354
1965 1352
1966 1353
1967 1355
1968 1358
1969 1354
1970 1355
1971 1355
1972 1357
1973 1355
1974 1355
1975 1354
1976 1357
1977 1354
1978 1355
1979 1349
1980 1357
1981 1358
1982 1355
1983 1355
1984 1357
1985 1357
1986 1356
1987 1354
1988 1356
1989 1355
1990 1354
1991 1354
1992 1356
1993 1355
1994 1356
1995 1356
1996 1356
1997 1355
1998 1354
1999 1353
2000 1357
2001 1354
2002 1352
2003 1351
2004 1357
2005 1355
2006 1356
2007 1351
2008 1354
2009 1354
2010 1355
2011 1354
2012 1357
2013 1355
2014 1354
2015 1355
2016 1355
2017 1352
2018 1355
2019 1354
2020 1353
2021 1354
2022 1357
2023 1354
2024 1357
2025 1354
2026 1356
2027 1354
2028 1354
2029 1352
2030 1353
2031 1353
2032 1356
2033 1354
2034 1352
2035 1354
2036 1355
2037 1356
2038 1355
2039 1355
2040 1354
2041 1352
2042 1354
2043 1356
2044 1357
2045 1356
2046 1355
2047 1353
2048 1356
2049 1355
2050 1355
2051 1357
2052 1353
2053 1356
2054 1354
2055 1354
2056 1357
2057 1357
2058 1357
2059 1355
2060 1351
2061 1357
2062 1357
2063 1355
2064 1355
2065 1354
2066 1354
2067 1355
2068 1356
2069 1354
2070 1357
2071 1356
2072 1356
2073 1353
2074 1356
2075 1354
2076 1355
2077 1355
2078 1358
2079 1355
2080 1357
2081 1353
2082 1357
2083 1354
2084 1354
2085 1353
2086 1358
2087 1356
2088 1355
2089 1354
2090 1355
2091 1353
2092 1354
2093 1352
2094 1354
2095 1355
2096 1355
2097 1356
2098 1353
2099 1354
2100 1355
2101 1357
2102 1355
2103 1354
2104 1357
2105 1355
2106 1351
2107 1356
2108 1356
2109 1355
2110 1357
2111 1358
2112 1354
2113 1355
2114 1353
2115 1354
2116 1355
2117 1354
2118 1354
2119 1351
2120 1350
2121 1354
2122 1360
2123 1358
2124 1356
2125 1354
2126 1355
2127 1354
2128 1355
2129 1352
2130 1354
2131 1356
2132 1354
2133 1355
2134 1355
2135 1356
2136 1356
2137 1357
2138 1360
2139 1356
2140 1352
2141 1357
2142 1354
2143 1358
2144 1355
2145 1354
2146 1353
2147 1356
2148 1358
2149 1353
2150 1352
2151 1351
2152 1355
2153 1353
2154 1354
2155 1355
2156 1355
2157 1354
2158 1355
2159 1355
2160 1352
2161 1355
2162 1353
2163 1356
2164 1360
2165 1354
2166 1353
2167 1355
2168 1354
2169 1355
2170 1356
2171 1357
2172 1353
2173 1357
2174 1350
2175 1351
2176 1353
2177 1356
2178 1356
2179 1355
2180 1354
2181 1356
2182 1354
2183 1355
2184 1353
2185 1355
2186 1352
2187 1353
2188 1353
2189 1353
2190 1354
2191 1356
2192 1356
2193 1356
2194 1352
2195 1355
2196 1355
2197 1355
2198 1355
2199 1354
2200 1357
2201 1356
2202 1355
2203 1354
2204 1356
2205 1359
2206 1353
2207 1354
2208 1355
2209 1355
2210 1352
2211 1354
2212 1352
2213 1355
2214 1353
2215 1353
2216 1353
2217 1355
2218 1355
2219 1354
2220 1354
2221 1355
2222 1355
2223 1358
2224 1354
2225 1356
2226 1355
2227 1356
2228 1354
2229 1356
2230 1358
2231 1356
2232 1357
2233 1357
2234 1356
2235 1356
2236 1353
2237 1353
2238 1353
2239 1354
2240 1354
2241 1353
2242 1355
2243 1354
2244 1353
2245 1356
2246 1353
2247 1354
2248 1353
2249 1355
2250 1356
2251 1357
2252 1355
2253 1356
2254 1354
2255 1356
2256 1357
2257 1356
2258 1353
2259 1357
2260 1356
2261 1356
2262 1354
2263 1354
2264 1354
2265 1358
2266 1356
2267 1357
2268 1355
2269 1355
2270 1355
2271 1356
2272 1354
2273 1355
2274 1355
2275 1356
2276 1358
2277 1355
2278 1353
2279 1356
2280 1355
2281 1354
2282 1355
2283 1356
2284 1353
2285 1355
2286 1354
2287 1357
2288 1356
2289 1357
2290 1355
2291 1355
2292 1355
2293 1354
2294 1353
2295 1353
2296 1355
2297 1355
2298 1353
2299 1351
2300 1350
2301 1356
2302 1357
2303 1356
2304 1354
2305 1353
2306 1356
2307 1357
2308 1356
2309 1354
2310 1350
2311 1352
2312 1354
2313 1354
2314 1353
2315 1351
2316 1356
2317 1358
2318 1356
2319 1357
2320 1354
2321 1354
2322 1358
2323 1358
2324 1356
2325 1356
2326 1356
2327 1357
2328 1355
2329 1354
2330 1351
2331 1353
2332 1357
2333 1352
2334 1354
2335 1357
2336 1353
2337 1354
2338 1353
2339 1354
2340 1354
2341 1356
2342 1355
2343 1358
2344 1357
2345 1356
2346 1356
2347 1354
2348 1355
2349 1355
2350 1354
2351 1352
2352 1353
2353 1357
2354 1357
2355 1359
2356 1356
2357 1355
2358 1354
2359 1355
2360 1355
2361 1356
2362 1355
2363 1356
2364 1353
2365 1354
2366 1352
2367 1355
2368 1357
2369 1354
2370 1351
2371 1356
2372 1355
2373 1356
2374 1355
2375 1356
2376 1357
2377 1356
2378 1357
2379 1356
2380 1354
2381 1356
2382 1354
2383 1357
2384 1357
2385 1357
2386 1355
2387 1354
2388 1357
2389 1355
2390 1352
2391 1353
2392 1355
2393 1356
2394 1351
2395 1357
2396 1355
2397 1355
2398 1355
2399 1355
2400 1353
2401 1353
2402 1356
2403 1354
2404 1357
2405 1355
2406 1357
2407 1356
2408 1356
2409 1355
2410 1356
2411 1354
2412 1356
2413 1357
2414 1356
2415 1356
2416 1357
2417 1356
2418 1352
2419 1356
2420 1353
2421 1355
2422 1355
2423 1354
2424 1353
2425 1355
2426 1353
2427 1353
2428 1352
2429 1353
2430 1352
2431 1354
2432 1354
2433 1352
2434 1353
2435 1356
2436 1355
2437 1353
2438 1354
2439 1355
2440 1354
2441 1356
2442 1356
2443 1353
2444 1354
2445 1354
2446 1356
2447 1354
2448 1354
2449 1353
2450 1354
2451 1352
2452 1355
2453 1352
2454 1353
2455 1354
2456 1354
2457 1354
2458 1355
2459 1355
2460 1354
2461 1355
2462 1357
2463 1356
2464 1354
2465 1356
2466 1355
2467 1353
2468 1355
2469 1355
2470 1353
2471 1357
2472 1357
2473 1356
2474 1356
2475 1357
2476 1357
2477 1356
2478 1355
2479 1354
2480 1353
2481 1356
2482 1358
2483 1355
2484 1353
2485 1356
2486 1355
2487 1355
2488 1354
2489 1353
2490 1355
2491 1357
2492 1355
2493 1356
2494 1356
2495 1352
2496 1356
2497 1356
2498 1356
2499 1358
2500 1357
2501 1355
2502 1355
2503 1354
2504 1358
2505 1356
2506 1352
2507 1356
2508 1357
2509 1356
2510 1353
2511 1356
2512 1357
2513 1354
2514 1352
2515 1354
2516 1353
2517 1355
2518 1353
2519 1354
2520 1355
2521 1355
2522 1352
2523 1354
2524 1355
2525 1354
2526 1352
2527 1354
2528 1354
2529 1356
2530 1355
2531 1356
2532 1354
2533 1354
2534 1356
2535 1353
2536 1355
2537 1356
2538 1358
2539 1355
2540 1357
2541 1356
2542 1355
2543 1354
2544 1357
2545 1356
2546 1353
2547 1356
2548 1354
2549 1354
2550 1353
2551 1354
2552 1352
2553 1354
2554 1354
2555 1355
2556 1354
2557 1357
2558 1353
2559 1354
2560 1353
2561 1357
2562 1355
2563 1356
2564 1354
2565 1354
2566 1355
2567 1356
2568 1355
2569 1355
2570 1353
2571 1358
2572 1356
2573 1356
2574 1352
2575 1356
2576 1353
2577 1354
2578 1352
2579 1355
2580 1353
2581 1353
2582 1354
2583 1355
2584 1354
2585 1356
2586 1356
2587 1355
2588 1355
2589 1355
2590 1354
2591 1356
2592 1354
2593 1354
2594 1352
2595 1354
2596 1355
2597 1356
2598 1354
2599 1355
2600 1355
2601 1356
2602 1356
2603 1355
2604 1352
2605 1357
2606 1352
2607 1353
2608 1352
2609 1355
2610 1354
2611 1356
2612 1353
2613 1355
2614 1357
2615 1354
2616 1357
2617 1355
2618 1356
2619 1355
2620 1352
2621 1355
2622 1356
2623 1354
2624 1353
2625 1356
2626 1357
2627 1356
2628 1356
2629 1352
2630 1355
2631 1357
2632 1357
2633 1356
2634 1354
2635 1357
2636 1351
2637 1355
2638 1357
2639 1352
2640 1356
2641 1355
2642 1355
2643 1354
2644 1356
2645 1354
2646 1354
2647 1355
2648 1356
2649 1356
2650 1355
2651 1356
2652 1356
2653 1354
2654 1355
2655 1356
2656 1355
2657 1356
2658 1354
2659 1353
2660 1353
2661 1357
2662 1357
2663 1355
2664 1351
2665 1356
2666 1357
2667 1356
2668 1353
2669 1356
2670 1354
2671 1354
2672 1355
2673 1356
2674 1353
2675 1356
2676 1355
2677 1359
2678 1355
2679 1354
2680 1354
2681 1353
2682 1354
2683 1358
2684 1357
2685 1352
2686 1351
2687 1354
2688 1358
2689 1354
2690 1355
2691 1354
2692 1356
2693 1354
2694 1355
2695 1354
2696 1354
2697 1352
2698 1353
2699 1353
2700 1353
2701 1357
2702 1353
2703 1351
2704 1353
2705 1354
2706 1353
2707 1354
2708 1355
2709 1355
2710 1352
2711 1354
2712 1357
2713 1356
2714 1355
2715 1357
2716 1354
2717 1353
2718 1354
2719 1355
2720 1356
2721 1356
2722 1352
2723 1354
2724 1355
2725 1357
2726 1356
2727 1356
2728 1353
2729 1354
2730 1352
2731 1356
2732 1355
2733 1354
2734 1353
2735 1353
2736 1355
2737 1353
2738 1354
2739 1353
2740 1354
2741 1356
2742 1356
2743 1356
2744 1355
2745 1356
2746 1355
2747 1356
2748 1355
2749 1355
2750 1356
2751 1356
2752 1354
2753 1356
2754 1355
2755 1358
2756 1354
2757 1354
2758 1352
2759 1354
2760 1353
2761 1355
2762 1354
2763 1355
2764 1354
2765 1351
2766 1354
2767 1354
2768 1356
2769 1354
2770 1356
2771 1357
2772 1355
2773 1356
2774 1353
2775 1357
2776 1354
2777 1356
2778 1355
2779 1357
2780 1356
2781 1356
2782 1355
2783 1354
2784 1352
2785 1354
2786 1352
2787 1352
2788 1356
2789 1354
2790 1352
2791 1355
2792 1352
2793 1355
2794 1358
2795 1354
2796 1354
2797 1354
2798 1357
2799 1357
2800 1354
2801 1354
2802 1355
2803 1353
2804 1354
2805 1355
2806 1354
2807 1354
2808 1353
2809 1354
2810 1356
2811 1354
2812 1354
2813 1355
2814 1356
2815 1356
2816 1355
2817 1352
2818 1354
2819 1355
2820 1355
2821 1356
2822 1353
2823 1356
2824 1354
2825 1351
2826 1353
2827 1355
2828 1355
2829 1353
2830 1352
2831 1352
2832 1357
2833 1354
2834 1353
2835 1355
2836 1352
2837 1355
2838 1356
2839 1353
2840 1353
2841 1357
2842 1358
2843 1357
2844 1350
2845 1353
2846 1351
2847 1355
2848 1357
2849 1356
2850 1354
2851 1357
2852 1356
2853 1356
2854 1353
2855 1350
2856 1355
2857 1357
2858 1355
2859 1355
2860 1354
2861 1349
2862 1355
2863 1355
2864 1356
2865 1353
2866 1352
2867 1353
2868 1357
2869 1353
2870 1354
2871 1356
2872 1354
2873 1356
2874 1355
2875 1351
2876 1353
2877 1354
2878 1353
2879 1352
2880 1352
2881 1356
2882 1354
2883 1356
2884 1355
2885 1353
2886 1351
2887 1354
2888 1353
2889 1353
2890 1352
2891 1355
2892 1353
2893 1355
2894 1353
2895 1353
2896 1356
2897 1353
2898 1354
2899 1355
2900 1355
2901 1357
2902 1355
2903 1356
2904 1357
2905 1356
2906 1357
2907 1356
2908 1354
2909 1353
2910 1352
2911 1354
2912 1351
2913 1354
2914 1354
2915 1354
2916 1355
2917 1354
2918 1353
2919 1354
2920 1354
2921 1353
2922 1350
2923 1358
2924 1355
2925 1355
2926 1353
2927 1357
2928 1355
2929 1355
2930 1357
2931 1355
2932 1355
2933 1354
2934 1354
2935 1353
2936 1355
2937 1353
2938 1353
2939 1355
2940 1355
2941 1353
2942 1355
2943 1355
2944 1354
2945 1353
2946 1357
2947 1354
2948 1353
2949 1353
2950 1355
2951 1354
2952 1355
2953 1355
2954 1354
2955 1353
2956 1353
2957 1357
2958 1356
2959 1354
2960 1354
2961 1355
2962 1357
2963 1356
2964 1354
2965 1356
2966 1352
2967 1354
2968 1356
2969 1354
2970 1354
2971 1354
2972 1357
2973 1354
2974 1356
2975 1356
2976 1356
2977 1356
2978 1355
2979 1355
2980 1350
2981 1355
2982 1353
2983 1354
2984 1355
2985 1354
2986 1356
2987 1351
2988 1352
2989 1353
2990 1356
2991 1355
2992 1354
2993 1350
2994 1355
2995 1358
2996 1355
2997 1355
2998 1355
2999 1354
3000 1356
3001 1356
3002 1355
3003 1354
3004 1353
3005 1353
3006 1353
3007 1354
3008 1355
3009 1353
3010 1353
3011 1353
3012 1357
3013 1356
3014 1353
3015 1355
3016 1355
3017 1353
3018 1357
3019 1354
3020 1352
3021 1354
3022 1360
3023 1357
3024 1353
3025 1352
3026 1355
3027 1354
3028 1354
3029 1355
3030 1352
3031 1356
3032 1355
3033 1353
3034 1353
3035 1356
3036 1350
3037 1354
3038 1356
3039 1354
3040 1353
3041 1353
3042 1351
3043 1356
3044 1357
3045 1353
3046 1350
3047 1351
3048 1358
3049 1356
3050 1353
3051 1354
3052 1355
3053 1355
3054 1353
3055 1356
3056 1357
3057 1355
3058 1356
3059 1355
3060 1355
3061 1355
3062 1356
3063 1355
3064 1354
3065 1353
3066 1354
3067 1357
3068 1355
3069 1355
3070 1353
3071 1355
3072 1356
3073 1354
3074 1354
3075 1357
3076 1356
3077 1357
3078 1355
3079 1355
3080 1352
3081 1353
3082 1356
3083 1355
3084 1353
3085 1355
3086 1353
3087 1354
3088 1357
3089 1355
3090 1355
3091 1354
3092 1357
3093 1356
3094 1356
3095 1356
3096 1356
3097 1353
3098 1354
3099 1354
3100 1354
3101 1355
3102 1356
3103 1357
3104 1358
3105 1356
3106 1356
3107 1355
3108 1357
3109 1356
3110 1354
3111 1356
3112 1355
3113 1355
3114 1353
3115 1354
3116 1357
3117 1356
3118 1354
3119 1354
3120 1354
3121 1356
3122 1353
3123 1356
3124 1353
3125 1355
3126 1353
3127 1357
3128 1354
3129 1357
3130 1353
3131 1357
3132 1353
3133 1354
3134 1353
3135 1357
3136 1353
3137 1356
3138 1357
3139 1355
3140 1354
3141 1356
3142 1356
3143 1358
3144 1354
3145 1360
3146 1356
3147 1356
3148 1354
3149 1356
3150 1357
3151 1357
3152 1354
3153 1356
3154 1353
3155 1356
3156 1353
3157 1354
3158 1350
3159 1357
3160 1354
3161 1356
3162 1352
3163 1355
3164 1353
3165 1354
3166 1351
3167 1356
3168 1356
3169 1354
3170 1353
3171 1356
3172 1356
3173 1355
3174 1354
3175 1356
3176 1354
3177 1356
3178 1354
3179 1354
3180 1351
3181 1355
3182 1355
3183 1353
3184 1352
3185 1356
3186 1357
3187 1356
3188 1353
3189 1356
3190 1353
3191 1355
3192 1352
3193 1356
3194 1355
3195 1355
3196 1352
3197 1356
3198 1356
3199 1355
3200 1352
3201 1355
3202 1353
3203 1357
3204 1355
3205 1355
3206 1354
3207 1353
3208 1354
3209 1356
3210 1354
3211 1353
3212 1354
3213 1357
3214 1353
3215 1355
3216 1355
3217 1356
3218 1356
3219 1356
3220 1357
3221 1356
3222 1354
3223 1352
3224 1356
3225 1357
3226 1353
3227 1354
3228 1354
3229 1354
3230 1350
3231 1355
3232 1354
3233 1354
3234 1354
3235 1356
3236 1356
3237 1355
3238 1353
3239 1354
3240 1356
3241 1355
3242 1356
3243 1355
3244 1353
3245 1358
3246 1357
3247 1358
3248 1355
3249 1353
3250 1352
3251 1354
3252 1353
3253 1356
3254 1353
3255 1356
3256 1353
3257 1356
3258 1353
3259 1357
3260 1356
3261 1354
3262 1356
3263 1357
3264 1356
3265 1354
3266 1353
3267 1355
3268 1354
3269 1353
3270 1356
3271 1356
3272 1354
3273 1354
3274 1355
3275 1356
3276 1356
3277 1353
3278 1357
3279 1355
3280 1355
3281 1352
3282 1356
3283 1355
3284 1351
3285 1355
3286 1350
3287 1353
3288 1352
3289 1352
3290 1354
3291 1353
3292 1355
3293 1357
3294 1352
3295 1356
3296 1355
3297 1355
3298 1353
3299 1355
3300 1354
3301 1354
3302 1356
3303 1352
3304 1353
3305 1356
3306 1355
3307 1356
3308 1355
3309 1355
3310 1356
3311 1353
3312 1353
3313 1354
3314 1351
3315 1351
3316 1354
3317 1354
3318 1354
3319 1355
3320 1353
3321 1357
3322 1355
3323 1355
3324 1354
3325 1356
3326 1355
3327 1355
3328 1353
3329 1356
3330 1356
3331 1355
3332 1355
3333 1358
3334 1355
3335 1356
3336 1353
3337 1355
3338 1353
3339 1355
3340 1355
3341 1356
3342 1355
3343 1354
3344 1352
3345 1356
3346 1354
3347 1354
3348 1353
3349 1352
3350 1357
3351 1355
3352 1356
3353 1355
3354 1355
3355 1354
3356 1354
3357 1355
3358 1352
3359 1354
3360 1356
3361 1355
3362 1354
3363 1354
3364 1354
3365 1354
3366 1356
3367 1356
3368 1354
3369 1353
3370 1357
3371 1354
3372 1355
3373 1353
3374 1354
3375 1352
3376 1354
3377 1355
3378 1354
3379 1351
3380 1352
3381 1355
3382 1354
3383 1356
3384 1352
3385 1353
3386 1356
3387 1356
3388 1356
3389 1356
3390 1357
3391 1356
3392 1355
3393 1356
3394 1355
3395 1358
3396 1356
3397 1357
3398 1352
3399 1353
3400 1355
3401 1354
3402 1353
3403 1354
3404 1354
3405 1354
3406 1355
3407 1356
3408 1355
3409 1357
3410 1357
3411 1355
3412 1354
3413 1355
3414 1352
3415 1356
3416 1354
3417 1354
3418 1353
3419 1354
3420 1354
3421 1354
3422 1356
3423 1353
3424 1357
3425 1353
3426 1354
3427 1354
3428 1355
3429 1355
3430 1354
3431 1356
3432 1357
3433 1355
3434 1356
3435 1356
3436 1354
3437 1353
3438 1355
3439 1356
3440 1356
3441 1355
3442 1356
3443 1355
3444 1357
3445 1351
3446 1352
3447 1352
3448 1356
3449 1355
3450 1354
3451 1357
3452 1354
3453 1356
3454 1357
3455 1352
3456 1355
3457 1359
3458 1354
3459 1355
3460 1357
3461 1356
3462 1354
3463 1355
3464 1355
3465 1354
3466 1355
3467 1351
3468 1354
3469 1355
3470 1354
3471 1356
3472 1353
3473 1352
3474 1352
3475 1353
3476 1352
3477 1356
3478 1356
3479 1355
3480 1354
3481 1354
3482 1354
3483 1355
3484 1353
3485 1355
3486 1355
3487 1356
3488 1356
3489 1353
3490 1357
3491 1355
3492 1357
3493 1354
3494 1355
3495 1352
3496 1355
3497 1351
3498 1352
3499 1354
3500 1357
3501 1355
3502 1354
3503 1354
3504 1352
3505 1354
3506 1353
3507 1354
3508 1355
3509 1357
3510 1355
3511 1356
3512 1354
3513 1354
3514 1352
3515 1355
3516 1356
3517 1355
3518 1356
3519 1357
3520 1356
3521 1355
3522 1351
3523 1351
3524 1354
3525 1354
3526 1355
3527 1352
3528 1355
3529 1352
3530 1353
3531 1352
3532 1354
3533 1355
3534 1356
3535 1356
3536 1354
3537 1355
3538 1352
3539 1354
3540 1356
3541 1355
3542 1357
3543 1356
3544 1355
3545 1354
3546 1356
3547 1354
3548 1354
3549 1354
3550 1351
3551 1353
3552 1355
3553 1353
3554 1354
3555 1354
3556 1354
3557 1353
3558 1353
3559 1353
3560 1355
3561 1354
3562 1355
3563 1356
3564 1352
3565 1357
3566 1357
3567 1355
3568 1356
3569 1353
3570 1354
3571 1354
3572 1355
3573 1355
3574 1354
3575 1354
3576 1354
3577 1355
3578 1355
3579 1354
3580 1354
3581 1355
3582 1354
3583 1353
3584 1354
3585 1354
3586 1354
3587 1355
3588 1357
3589 1354
3590 1354
3591 1355
3592 1352
3593 1354
3594 1352
3595 1354
3596 1356
3597 1356
3598 1356
3599 1355
3600 1353
3601 1355
3602 1355
3603 1357
3604 1354
3605 1356
3606 1357
3607 1357
3608 1355
3609 1355
3610 1356
3611 1355
3612 1355
3613 1355
3614 1356
3615 1354
3616 1354
3617 1355
3618 1355
3619 1355
3620 1356
3621 1351
3622 1353
3623 1352
3624 1355
3625 1355
3626 1354
3627 1353
3628 1357
3629 1354
3630 1353
3631 1355
3632 1356
3633 1356
3634 1355
3635 1353
3636 1353
3637 1353
3638 1352
3639 1354
3640 1357
3641 1357
3642 1357
3643 1355
3644 1353
3645 1351
3646 1353
3647 1355
3648 1354
3649 1354
3650 1355
3651 1354
3652 1354
3653 1355
3654 1355
3655 1355
3656 1353
3657 1356
3658 1356
3659 1355
3660 1354
3661 1355
3662 1355
3663 1354
3664 1352
3665 1354
3666 1356
3667 1356
3668 1355
3669 1355
3670 1357
3671 1356
3672 1354
3673 1354
3674 1356
3675 1355
3676 1356
3677 1356
3678 1353
3679 1353
3680 1354
3681 1356
3682 1357
3683 1356
3684 1355
3685 1354
3686 1356
3687 1356
3688 1351
3689 1353
3690 1356
3691 1356
3692 1355
3693 1355
3694 1356
3695 1356
3696 1356
3697 1354
3698 1356
3699 1355
3700 1357
3701 1354
3702 1355
3703 1355
3704 1354
3705 1354
3706 1353
3707 1352
3708 1354
3709 1352
3710 1352
3711 1352
3712 1352
3713 1353
3714 1353
3715 1356
3716 1355
3717 1356
3718 1356
3719 1352
3720 1354
3721 1356
3722 1354
3723 1357
3724 1355
3725 1355
3726 1356
3727 1355
3728 1356
3729 1351
3730 1354
3731 1355
3732 1358
3733 1356
3734 1354
3735 1355
3736 1354
3737 1357
3738 1353
3739 1355
3740 1354
3741 1354
3742 1353
3743 1356
3744 1355
3745 1352
3746 1353
3747 1355
3748 1354
3749 1356
3750 1354
3751 1354
3752 1353
3753 1357
3754 1354
3755 1355
3756 1356
3757 1355
3758 1355
3759 1354
3760 1351
3761 1356
3762 1354
3763 1355
3764 1353
3765 1358
3766 1355
3767 1356
3768 1354
3769 1355
3770 1354
3771 1354
3772 1354
3773 1353
3774 1353
3775 1354
3776 1354
3777 1355
3778 1357
3779 1353
3780 1356
3781 1356
3782 1352
3783 1356
3784 1355
3785 1353
3786 1353
3787 1356
3788 1355
3789 1355
3790 1355
3791 1358
3792 1355
3793 1356
3794 1355
3795 1354
3796 1354
3797 1353
3798 1353
3799 1356
3800 1357
3801 1353
3802 1352
3803 1355
3804 1354
3805 1355
3806 1352
3807 1355
3808 1353
3809 1354
3810 1353
3811 1353
3812 1355
3813 1356
3814 1357
3815 1358
3816 1353
3817 1354
3818 1354
3819 1353
3820 1357
3821 1355
3822 1352
3823 1353
3824 1352
3825 1354
3826 1357
3827 1353
3828 1354
3829 1355
3830 1355
3831 1355
3832 1355
3833 1353
3834 1355
3835 1354
3836 1356
3837 1354
3838 1355
3839 1353
3840 1352
3841 1353
3842 1356
3843 1354
3844 1354
3845 1359
3846 1357
3847 1356
3848 1354
3849 1356
3850 1356
3851 1357
3852 1355
3853 1356
3854 1355
3855 1356
3856 1354
3857 1356
3858 1353
3859 1356
3860 1353
3861 1356
3862 1351
3863 1353
3864 1351
3865 1355
3866 1357
3867 1356
3868 1354
3869 1355
3870 1356
3871 1355
3872 1353
3873 1357
3874 1356
3875 1354
3876 1355
3877 1355
3878 1352
3879 1356
3880 1356
3881 1356
3882 1356
3883 1353
3884 1353
3885 1355
3886 1355
3887 1352
3888 1354
3889 1353
3890 1354
3891 1354
3892 1355
3893 1352
3894 1353
3895 1354
3896 1356
3897 1355
3898 1354
3899 1354
3900 1353
3901 1355
3902 1356
3903 1355
3904 1353
3905 1354
3906 1356
3907 1355
3908 1356
3909 1355
3910 1354
3911 1355
3912 1357
3913 1354
3914 1355
3915 1356
3916 1355
3917 1354
3918 1353
3919 1353
3920 1355
3921 1353
3922 1356
3923 1354
3924 1353
3925 1354
3926 1357
3927 1355
3928 1356
3929 1354
3930 1355
3931 1355
3932 1354
3933 1354
3934 1351
3935 1354
3936 1355
3937 1355
3938 1355
3939 1356
3940 1352
3941 1356
3942 1355
3943 1356
3944 1354
3945 1355
3946 1353
3947 1356
3948 1354
3949 1355
3950 1356
3951 1356
3952 1356
3953 1355
3954 1355
3955 1355
3956 1354
3957 1354
3958 1354
3959 1353
3960 1356
3961 1356
3962 1356
3963 1353
3964 1355
3965 1356
3966 1352
3967 1355
3968 1355
3969 1356
3970 1355
3971 1353
3972 1356
3973 1358
3974 1355
3975 1356
3976 1354
3977 1355
3978 1352
3979 1354
3980 1353
3981 1356
3982 1352
3983 1354
3984 1355
3985 1357
3986 1355
3987 1353
3988 1353
3989 1356
3990 1356
3991 1354
3992 1353
3993 1356
3994 1355
3995 1354
3996 1353
3997 1353
3998 1355
3999 1356
