0 1355
1 1355
2 1354
3 1355
4 1356
5 1356
6 1354
7 1350
8 1353
9 1354
10 1356
11 1356
12 1356
13 1356
14 1353
15 1353
16 1356
17 1355
18 1352
19 1350
20 1353
21 1354
22 1355
23 1356
24 1354
25 1353
26 1355
27 1353
28 1354
29 1353
30 1351
31 1352
32 1354
33 1353
34 1351
35 1351
36 1353
37 1354
38 1355
39 1354
40 1352
41 1354
42 1353
43 1354
44 1354
45 1353
46 1356
47 1354
48 1355
49 1355
50 1355
51 1354
52 1355
53 1356
54 1353
55 1354
56 1354
57 1355
58 1355
59 1356
60 1354
61 1355
62 1355
63 1356
64 1353
65 1352
66 1353
67 1355
68 1356
69 1357
70 1354
71 1355
72 1353
73 1355
74 1355
75 1354
76 1356
77 1355
78 1354
79 1355
80 1354
81 1357
82 1354
83 1355
84 1357
85 1356
86 1356
87 1356
88 1354
89 1353
90 1355
91 1357
92 1356
93 1354
94 1355
95 1357
96 1353
97 1357
98 1354
99 1354
100 1355
101 1357
102 1355
103 1353
104 1353
105 1357
106 1352
107 1353
108 1351
109 1353
110 1355
111 1353
112 1354
113 1355
114 1356
115 1355
116 1356
117 1356
118 1355
119 1357
120 1356
121 1357
122 1356
123 1355
124 1353
125 1354
126 1356
127 1356
128 1354
129 1354
130 1353
131 1354
132 1355
133 1352
134 1351
135 1353
136 1351
137 1357
138 1356
139 1353
140 1353
141 1354
142 1353
143 1353
144 1352
145 1355
146 1352
147 1357
148 1354
149 1355
150 1356
151 1354
152 1357
153 1355
154 1354
155 1353
156 1354
157 1355
158 1355
159 1351
160 1355
161 1354
162 1353
163 1355
164 1356
165 1358
166 1356
167 1356
168 1355
169 1354
170 1355
171 1353
172 1354
173 1355
174 1356
175 1355
176 1355
177 1357
178 1356
179 1355
180 1354
181 1356
182 1354
183 1355
184 1354
185 1354
186 1355
187 1353
188 1354
189 1353
190 1351
191 1355
192 1355
193 1354
194 1355
195 1354
196 1356
197 1358
198 1354
199 1354
200 1353
201 1354
202 1356
203 1353
204 1353
205 1357
206 1355
207 1354
208 1355
209 1354
210 1355
211 1354
212 1356
213 1355
214 1356
215 1353
216 1352
217 1357
218 1354
219 1355
220 1356
221 1355
222 1354
223 1355
224 1353
225 1352
226 1353
227 1353
228 1354
229 1351
230 1356
231 1355
232 1353
233 1353
234 1354
235 1354
236 1355
237 1355
238 1355
239 1352
240 1354
241 1354
242 1352
243 1351
244 1355
245 1354
246 1354
247 1354
248 1355
249 1352
250 1356
251 1353
252 1354
253 1354
254 1354
255 1355
256 1356
257 1357
258 1356
259 1353
260 1354
261 1352
262 1355
263 1357
264 1356
265 1354
266 1353
267 1355
268 1354
269 1353
270 1355
271 1356
272 1353
273 1353
274 1352
275 1352
276 1350
277 1355
278 1353
279 1354
280 1354
281 1354
282 1354
283 1354
284 1354
285 1353
286 1353
287 1356
288 1353
289 1354
290 1353
291 1354
292 1355
293 1355
294 1354
295 1352
296 1351
297 1354
298 1355
299 1355
300 1355
301 1355
302 1354
303 1356
304 1354
305 1353
306 1351
307 1353
308 1354
309 1354
310 1353
311 1354
312 1357
313 1355
314 1353
315 1352
316 1353
317 1353
318 1354
319 1354
320 1356
321 1356
322 1355
323 1355
324 1358
325 1352
326 1354
327 1351
328 1353
329 1354
330 1355
331 1355
332 1355
333 1355
334 1352
335 1356
336 1355
337 1353
338 1352
339 1353
340 1353
341 1353
342 1354
343 1354
344 1353
345 1350
346 1354
347 1356
348 1356
349 1354
350 1354
351 1353
352 1353
353 1356
354 1354
355 1354
356 1356
357 1354
358 1356
359 1353
360 1354
361 1354
362 1353
363 1355
364 1355
365 1354
366 1354
367 1355
368 1355
369 1354
370 1356
371 1355
372 1354
373 1358
374 1356
375 1355
376 1356
377 1353
378 1352
379 1353
380 1353
381 1353
382 1354
383 1356
384 1356
385 1356
386 1355
387 1353
388 1358
389 1357
390 1356
391 1356
392 1356
393 1354
394 1356
395 1357
396 1355
397 1354
398 1354
399 1353
400 1355
401 1356
402 1354
403 1352
404 1352
405 1354
406 1353
407 1352
408 1355
409 1356
410 1353
411 1354
412 1354
413 1355
414 1356
415 1354
416 1353
417 1355
418 1356
419 1356
420 1355
421 1353
422 1357
423 1355
424 1355
425 1355
426 1355
427 1354
428 1355
429 1353
430 1352
431 1354
432 1356
433 1355
434 1353
435 1354
436 1355
437 1357
438 1354
439 1356
440 1356
441 1353
442 1355
443 1355
444 1353
445 1353
446 1356
447 1354
448 1356
449 1357
450 1356
451 1356
452 1352
453 1355
454 1356
455 1353
456 1352
457 1357
458 1353
459 1355
460 1352
461 1352
462 1352
463 1354
464 1356
465 1353
466 1356
467 1357
468 1354
469 1357
470 1354
471 1356
472 1355
473 1355
474 1354
475 1354
476 1352
477 1357
478 1353
479 1359
480 1355
481 1355
482 1357
483 1352
484 1356
485 1353
486 1354
487 1356
488 1356
489 1356
490 1356
491 1355
492 1356
493 1355
494 1354
495 1355
496 1356
497 1355
498 1353
499 1353
500 1354
501 1355
502 1352
503 1353
504 1353
505 1357
506 1355
507 1357
508 1355
509 1356
510 1354
511 1355
512 1355
513 1359
514 1356
515 1355
516 1354
517 1356
518 1355
519 1353
520 1355
521 1357
522 1355
523 1354
524 1354
525 1354
526 1354
527 1353
528 1353
529 1356
530 1356
531 1356
532 1351
533 1352
534 1355
535 1358
536 1356
537 1359
538 1361
539 1366
540 1369
541 1379
542 1385
543 1399
544 1410
545 1425
546 1443
547 1458
548 1477
549 1494
550 1504
551 1525
552 1537
553 1549
554 1555
555 1570
556 1576
557 1575
558 1579
559 1584
560 1589
561 1587
562 1583
563 1577
564 1574
565 1568
566 1559
567 1554
568 1543
569 1538
570 1526
571 1517
572 1511
573 1501
574 1495
575 1488
576 1482
577 1476
578 1470
579 1462
580 1457
581 1449
582 1445
583 1438
584 1438
585 1431
586 1426
587 1421
588 1416
589 1413
590 1405
591 1401
592 1395
593 1397
594 1390
595 1389
596 1387
597 1385
598 1383
599 1382
600 1379
601 1377
602 1375
603 1375
604 1371
605 1371
606 1372
607 1369
608 1371
609 1370
610 1366
611 1366
612 1369
613 1365
614 1366
615 1366
616 1364
617 1364
618 1361
619 1359
620 1361
621 1361
622 1360
623 1362
624 1360
625 1361
626 1360
627 1360
628 1359
629 1356
630 1357
631 1358
632 1358
633 1358
634 1358
635 1356
636 1356
637 1356
638 1358
639 1356
640 1355
641 1357
642 1353
643 1354
644 1356
645 1355
646 1356
647 1356
648 1354
649 1355
650 1354
651 1357
652 1356
653 1355
654 1356
655 1356
656 1354
657 1354
658 1353
659 1355
660 1354
661 1355
662 1352
663 1356
664 1356
665 1352
666 1354
667 1358
668 1357
669 1354
670 1354
671 1357
672 1355
673 1357
674 1352
675 1354
676 1356
677 1354
678 1356
679 1353
680 1353
681 1353
682 1354
683 1355
684 1357
685 1357
686 1356
687 1353
688 1353
689 1353
690 1356
691 1356
692 1353
693 1354
694 1353
695 1356
696 1355
697 1357
698 1357
699 1357
700 1355
701 1357
702 1356
703 1354
704 1355
705 1354
706 1357
707 1357
708 1353
709 1353
710 1355
711 1355
712 1355
713 1354
714 1356
715 1354
716 1352
717 1354
718 1354
719 1353
720 1355
721 1352
722 1355
723 1354
724 1353
725 1353
726 1354
727 1353
728 1356
729 1355
730 1356
731 1355
732 1354
733 1353
734 1354
735 1354
736 1351
737 1353
738 1355
739 1352
740 1356
741 1357
742 1356
743 1353
744 1354
745 1357
746 1356
747 1357
748 1357
749 1354
750 1356
751 1357
752 1356
753 1357
754 1356
755 1357
756 1354
757 1354
758 1353
759 1355
760 1354
761 1353
762 1353
763 1356
764 1352
765 1353
766 1352
767 1354
768 1354
769 1355
770 1355
771 1356
772 1356
773 1354
774 1352
775 1353
776 1360
777 1353
778 1355
779 1354
780 1356
781 1355
782 1354
783 1356
784 1355
785 1353
786 1355
787 1357
788 1358
789 1353
790 1356
791 1356
792 1354
793 1353
794 1357
795 1357
796 1355
797 1358
798 1356
799 1356
800 1354
801 1356
802 1355
803 1356
804 1358
805 1356
806 1355
807 1356
808 1354
809 1355
810 1356
811 1353
812 1355
813 1352
814 1353
815 1356
816 1353
817 1354
818 1355
819 1353
820 1356
821 1358
822 1356
823 1352
824 1354
825 1355
826 1356
827 1357
828 1356
829 1354
830 1355
831 1354
832 1355
833 1353
834 1355
835 1356
836 1354
837 1352
838 1355
839 1355
840 1355
841 1355
842 1354
843 1355
844 1355
845 1351
846 1355
847 1355
848 1355
849 1351
850 1352
851 1353
852 1351
853 1356
854 1354
855 1354
856 1354
857 1351
858 1354
859 1354
860 1354
861 1353
862 1354
863 1356
864 1354
865 1355
866 1354
867 1356
868 1355
869 1353
870 1354
871 1353
872 1355
873 1356
874 1353
875 1355
876 1356
877 1354
878 1355
879 1352
880 1353
881 1355
882 1356
883 1357
884 1355
885 1351
886 1352
887 1356
888 1357
889 1355
890 1354
891 1353
892 1352
893 1353
894 1355
895 1353
896 1353
897 1355
898 1354
899 1353
900 1354
901 1353
902 1353
903 1352
904 1355
905 1356
906 1355
907 1353
908 1356
909 1353
910 1356
911 1356
912 1355
913 1356
914 1355
915 1353
916 1355
917 1353
918 1355
919 1352
920 1354
921 1356
922 1356
923 1357
924 1357
925 1357
926 1356
927 1356
928 1357
929 1356
930 1355
931 1357
932 1356
933 1354
934 1355
935 1355
936 1356
937 1356
938 1356
939 1353
940 1353
941 1355
942 1353
943 1353
944 1354
945 1355
946 1354
947 1354
948 1354
949 1352
950 1354
951 1353
952 1354
953 1357
954 1356
955 1353
956 1353
957 1355
958 1355
959 1357
960 1357
961 1353
962 1355
963 1354
964 1354
965 1355
966 1355
967 1355
968 1354
969 1356
970 1357
971 1356
972 1357
973 1356
974 1354
975 1353
976 1356
977 1356
978 1356
979 1353
980 1356
981 1355
982 1354
983 1357
984 1355
985 1355
986 1354
987 1352
988 1354
989 1354
990 1355
991 1356
992 1354
993 1355
994 1353
995 1353
996 1355
997 1357
998 1356
999 1357
1000 1354
1001 1355
1002 1356
1003 1356
1004 1352
1005 1356
1006 1354
1007 1354
1008 1354
1009 1355
1010 1354
1011 1354
1012 1355
1013 1356
1014 1354
1015 1353
1016 1355
1017 1356
1018 1355
1019 1353
1020 1355
1021 1356
1022 1356
1023 1355
1024 1355
1025 1353
1026 1354
1027 1354
1028 1355
1029 1355
1030 1354
1031 1357
1032 1354
1033 1358
1034 1354
1035 1355
1036 1354
1037 1355
1038 1355
1039 1353
1040 1356
1041 1355
1042 1354
1043 1355
1044 1355
1045 1354
1046 1355
1047 1356
1048 1356
1049 1353
1050 1355
1051 1354
1052 1354
1053 1355
1054 1354
1055 1354
1056 1354
1057 1354
1058 1353
1059 1354
1060 1357
1061 1357
1062 1356
1063 1353
1064 1355
1065 1354
1066 1353
1067 1355
1068 1354
1069 1352
1070 1352
1071 1353
1072 1354
1073 1353
1074 1354
1075 1355
1076 1354
1077 1353
1078 1354
1079 1352
1080 1354
1081 1353
1082 1356
1083 1355
1084 1354
1085 1353
1086 1353
1087 1356
1088 1354
1089 1355
1090 1354
1091 1353
1092 1356
1093 1355
1094 1355
1095 1354
1096 1357
1097 1355
1098 1356
1099 1355
1100 1356
1101 1355
1102 1355
1103 1355
1104 1356
1105 1357
1106 1355
1107 1355
1108 1354
1109 1353
1110 1352
1111 1355
1112 1356
1113 1354
1114 1354
1115 1358
1116 1354
1117 1356
1118 1355
1119 1354
1120 1354
1121 1357
1122 1359
1123 1356
1124 1354
1125 1357
1126 1354
1127 1353
1128 1353
1129 1353
1130 1354
1131 1354
1132 1355
1133 1353
1134 1355
1135 1355
1136 1354
1137 1351
1138 1352
1139 1354
1140 1353
1141 1353
1142 1355
1143 1352
1144 1354
1145 1357
1146 1356
1147 1357
1148 1357
1149 1357
1150 1354
1151 1356
1152 1355
1153 1355
1154 1355
1155 1355
1156 1356
1157 1351
1158 1353
1159 1355
1160 1356
1161 1355
1162 1354
1163 1352
1164 1356
1165 1354
1166 1354
1167 1352
1168 1356
1169 1353
1170 1353
1171 1356
1172 1353
1173 1356
1174 1353
1175 1354
1176 1355
1177 1352
1178 1354
1179 1355
1180 1351
1181 1354
1182 1356
1183 1355
1184 1355
1185 1352
1186 1356
1187 1356
1188 1355
1189 1354
1190 1355
1191 1355
1192 1354
1193 1353
1194 1352
1195 1355
1196 1357
1197 1353
1198 1356
1199 1357
1200 1354
1201 1355
1202 1355
1203 1353
1204 1354
1205 1355
1206 1354
1207 1353
1208 1353
1209 1357
1210 1356
1211 1355
1212 1358
1213 1356
1214 1356
1215 1354
1216 1360
1217 1356
1218 1355
1219 1354
1220 1351
1221 1355
1222 1353
1223 1355
1224 1355
1225 1355
1226 1357
1227 1357
1228 1353
1229 1356
1230 1353
1231 1353
1232 1354
1233 1353
1234 1356
1235 1354
1236 1355
1237 1356
1238 1357
1239 1356
1240 1356
1241 1355
1242 1354
1243 1355
1244 1355
1245 1354
1246 1355
1247 1355
1248 1356
1249 1354
1250 1356
1251 1352
1252 1356
1253 1355
1254 1356
1255 1353
1256 1354
1257 1354
1258 1354
1259 1352
1260 1353
1261 1357
1262 1355
1263 1355
1264 1354
1265 1355
1266 1359
1267 1357
1268 1356
1269 1354
1270 1354
1271 1355
1272 1355
1273 1354
1274 1356
1275 1353
1276 1355
1277 1355
1278 1357
1279 1353
1280 1355
1281 1355
1282 1354
1283 1354
1284 1355
1285 1357
1286 1356
1287 1356
1288 1356
1289 1357
1290 1353
1291 1354
1292 1354
1293 1353
1294 1355
1295 1352
1296 1354
1297 1356
1298 1352
1299 1353
1300 1356
1301 1356
1302 1359
1303 1357
1304 1353
1305 1354
1306 1356
1307 1354
1308 1353
1309 1352
1310 1352
1311 1353
1312 1355
1313 1357
1314 1353
1315 1353
1316 1353
1317 1352
1318 1353
1319 1354
1320 1353
1321 1358
1322 1355
1323 1355
1324 1356
1325 1355
1326 1356
1327 1354
1328 1355
1329 1357
1330 1354
1331 1357
1332 1355
1333 1357
1334 1356
1335 1354
1336 1356
1337 1356
1338 1355
1339 1355
1340 1353
1341 1355
1342 1357
1343 1353
1344 1355
1345 1355
1346 1355
1347 1354
1348 1355
1349 1353
1350 1354
1351 1356
1352 1356
1353 1355
1354 1357
1355 1354
1356 1356
1357 1356
1358 1356
1359 1355
1360 1353
1361 1352
1362 1354
1363 1356
1364 1355
1365 1354
1366 1356
1367 1357
1368 1357
1369 1355
1370 1353
1371 1356
1372 1352
1373 1358
1374 1353
1375 1355
1376 1351
1377 1355
1378 1353
1379 1354
1380 1355
1381 1354
1382 1354
1383 1355
1384 1351
1385 1353
1386 1354
1387 1356
1388 1354
1389 1354
1390 1355
1391 1357
1392 1355
1393 1353
1394 1355
1395 1354
1396 1357
1397 1352
1398 1353
1399 1354
1400 1356
1401 1355
1402 1356
1403 1355
1404 1354
1405 1357
1406 1355
1407 1357
1408 1355
1409 1354
1410 1351
1411 1357
1412 1356
1413 1355
1414 1355
1415 1354
1416 1355
1417 1357
1418 1354
1419 1355
1420 1356
1421 1355
1422 1355
1423 1355
1424 1354
1425 1357
1426 1355
1427 1350
1428 1354
1429 1353
1430 1357
1431 1357
1432 1355
1433 1355
1434 1353
1435 1355
1436 1356
1437 1357
1438 1352
1439 1354
1440 1356
1441 1354
1442 1354
1443 1351
1444 1352
1445 1355
1446 1356
1447 1354
1448 1356
1449 1354
1450 1354
1451 1355
1452 1350
1453 1352
1454 1355
1455 1354
1456 1353
1457 1352
1458 1353
1459 1355
1460 1356
1461 1356
1462 1356
1463 1353
1464 1354
1465 1356
1466 1357
1467 1352
1468 1357
1469 1352
1470 1356
1471 1353
1472 1355
1473 1354
1474 1354
1475 1357
1476 1354
1477 1354
1478 1351
1479 1353
1480 1353
1481 1354
1482 1355
1483 1353
1484 1356
1485 1356
1486 1356
1487 1355
1488 1354
1489 1353
1490 1354
1491 1355
1492 1355
1493 1355
1494 1354
1495 1350
1496 1354
1497 1358
1498 1360
1499 1355
1500 1354
1501 1352
1502 1359
1503 1357
1504 1353
1505 1354
1506 1354
1507 1355
1508 1352
1509 1355
1510 1356
1511 1356
1512 1356
1513 1354
1514 1355
1515 1357
1516 1352
1517 1356
1518 1359
1519 1357
1520 1355
1521 1351
1522 1355
1523 1357
1524 1357
1525 1353
1526 1355
1527 1354
1528 1355
1529 1355
1530 1354
1531 1355
1532 1354
1533 1354
1534 1353
1535 1353
1536 1356
1537 1352
1538 1357
1539 1356
1540 1357
1541 1354
1542 1355
1543 1355
1544 1355
1545 1353
1546 1357
1547 1355
1548 1358
1549 1354
1550 1355
1551 1354
1552 1355
1553 1356
1554 1356
1555 1355
1556 1355
1557 1352
1558 1352
1559 1350
1560 1355
1561 1354
1562 1355
1563 1353
1564 1354
1565 1354
1566 1353
1567 1353
1568 1355
1569 1354
1570 1357
1571 1355
1572 1355
1573 1351
1574 1357
1575 1356
1576 1354
1577 1354
1578 1353
1579 1353
1580 1356
1581 1352
1582 1356
1583 1355
1584 1359
1585 1353
1586 1352
1587 1355
1588 1358
1589 1354
1590 1352
1591 1351
1592 1354
1593 1355
1594 1352
1595 1351
1596 1355
1597 1354
1598 1355
1599 1352
1600 1354
1601 1354
1602 1355
1603 1353
1604 1353
1605 1353
1606 1357
1607 1355
1608 1358
1609 1353
1610 1356
1611 1355
1612 1357
1613 1356
1614 1355
1615 1353
1616 1353
1617 1355
1618 1354
1619 1353
1620 1354
1621 1354
1622 1355
1623 1354
1624 1356
1625 1355
1626 1353
1627 1356
1628 1356
1629 1354
1630 1353
1631 1351
1632 1357
1633 1355
1634 1356
1635 1356
1636 1355
1637 1352
1638 1358
1639 1353
1640 1352
1641 1356
1642 1355
1643 1356
1644 1354
1645 1352
1646 1353
1647 1351
1648 1356
1649 1353
1650 1352
1651 1355
1652 1354
1653 1354
1654 1353
1655 1356
1656 1353
1657 1352
1658 1355
1659 1355
1660 1354
1661 1355
1662 1356
1663 1355
1664 1356
1665 1355
1666 1355
1667 1353
1668 1353
1669 1355
1670 1354
1671 1354
1672 1355
1673 1357
1674 1353
1675 1351
1676 1357
1677 1357
1678 1356
1679 1356
1680 1353
1681 1354
1682 1356
1683 1356
1684 1353
1685 1353
1686 1352
1687 1358
1688 1355
1689 1354
1690 1351
1691 1355
1692 1356
1693 1354
1694 1354
1695 1355
1696 1352
1697 1357
1698 1355
1699 1356
1700 1355
1701 1354
1702 1354
1703 1355
1704 1354
1705 1354
1706 1354
1707 1356
1708 1355
1709 1356
1710 1355
1711 1352
1712 1353
1713 1352
1714 1351
1715 1353
1716 1357
1717 1355
1718 1354
1719 1358
1720 1355
1721 1354
1722 1353
1723 1354
1724 1353
1725 1356
1726 1353
1727 1356
1728 1354
1729 1353
1730 1355
1731 1356
1732 1354
1733 1355
1734 1353
1735 1356
1736 1353
1737 1355
1738 1355
1739 1354
1740 1356
1741 1355
1742 1353
1743 1353
1744 1354
1745 1354
1746 1355
1747 1356
1748 1357
1749 1356
1750 1353
1751 1353
1752 1353
1753 1355
1754 1356
1755 1357
1756 1356
1757 1354
1758 1352
1759 1355
1760 1355
1761 1357
1762 1356
1763 1355
1764 1356
1765 1359
1766 1354
1767 1355
1768 1353
1769 1354
1770 1353
1771 1356
1772 1352
1773 1353
1774 1353
1775 1354
1776 1352
1777 1355
1778 1353
1779 1354
1780 1353
1781 1356
1782 1352
1783 1357
1784 1355
1785 1354
1786 1354
1787 1353
1788 1355
1789 1357
1790 1353
1791 1355
1792 1351
1793 1354
1794 1353
1795 1356
1796 1355
1797 1354
1798 1354
1799 1354
1800 1353
1801 1355
1802 1351
1803 1356
1804 1355
1805 1353
1806 1355
1807 1355
1808 1355
1809 1355
1810 1351
1811 1355
1812 1352
1813 1353
1814 1353
1815 1356
1816 1353
1817 1355
1818 1354
1819 1359
1820 1354
1821 1356
1822 1356
1823 1356
1824 1355
1825 1353
1826 1357
1827 1354
1828 1353
1829 1353
1830 1354
1831 1355
1832 1354
1833 1353
1834 1354
1835 1353
1836 1354
1837 1353
1838 1351
1839 1351
1840 1356
1841 1354
1842 1354
1843 1356
1844 1356
1845 1356
1846 1357
1847 1356
1848 1355
1849 1354
1850 1355
1851 1354
1852 1354
1853 1355
1854 1354
1855 1352
1856 1354
1857 1358
1858 1359
1859 1355
1860 1354
1861 1354
1862 1356
1863 1357
1864 1354
1865 1355
1866 1353
1867 1351
1868 1354
1869 1353
1870 1351
1871 1354
1872 1356
1873 1357
1874 1354
1875 1356
1876 1355
1877 1358
1878 1357
1879 1361
1880 1354
1881 1352
1882 1353
1883 1358
1884 1356
1885 1355
1886 1356
1887 1355
1888 1356
1889 1354
1890 1356
1891 1355
1892 1356
1893 1354
1894 1354
1895 1356
1896 1356
1897 1357
1898 1355
1899 1355
1900 1355
1901 1353
1902 1354
1903 1352
1904 1354
1905 1353
1906 1356
1907 1353
1908 1353
1909 1353
1910 1355
1911 1356
1912 1356
1913 1357
1914 1355
1915 1355
1916 1354
1917 1357
1918 1356
1919 1355
1920 1356
1921 1357
1922 1356
1923 1356
1924 1355
1925 1356
1926 1355
1927 1356
1928 1356
1929 1354
1930 1353
1931 1354
1932 1354
1933 1355
1934 1354
1935 1352
1936 1353
1937 1356
1938 1355
1939 1355
1940 1356
1941 1352
1942 1354
1943 1353
1944 1356
1945 1355
1946 1354
1947 1354
1948 1353
1949 1353
1950 1354
1951 1356
1952 1357
1953 1356
1954 1354
1955 1356
1956 1353
1957 1354
1958 1354
1959 1353
1960 1352
1961 1354
1962 1356
1963 1355
1964 1356
1965 1352
1966 1355
1967 1355
1968 1354
1969 1356
1970 1354
1971 1356
1972 1354
1973 1354
1974 1354
1975 1358
1976 1357
1977 1357
1978 1353
1979 1354
1980 1357
1981 1357
1982 1357
1983 1353
1984 1356
1985 1354
1986 1357
1987 1356
1988 1355
1989 1355
1990 1356
1991 1356
1992 1356
1993 1355
1994 1352
1995 1356
1996 1355
1997 1354
1998 1356
1999 1352
2000 1353
2001 1356
2002 1354
2003 1356
2004 1354
2005 1354
2006 1359
2007 1358
2008 1357
2009 1356
2010 1355
2011 1355
2012 1358
2013 1357
2014 1354
2015 1356
2016 1356
2017 1353
2018 1356
2019 1355
2020 1355
2021 1357
2022 1355
2023 1355
2024 1353
2025 1353
2026 1356
2027 1357
2028 1355
2029 1355
2030 1353
2031 1353
2032 1354
2033 1354
2034 1351
2035 1353
2036 1354
2037 1359
2038 1358
2039 1358
2040 1353
2041 1355
2042 1355
2043 1357
2044 1353
2045 1353
2046 1352
2047 1354
2048 1353
2049 1355
2050 1355
2051 1356
2052 1354
2053 1355
2054 1353
2055 1352
2056 1355
2057 1355
2058 1356
2059 1358
2060 1353
2061 1354
2062 1356
2063 1357
2064 1354
2065 1352
2066 1352
2067 1355
2068 1356
2069 1354
2070 1355
2071 1354
2072 1354
2073 1352
2074 1353
2075 1353
2076 1358
2077 1355
2078 1355
2079 1357
2080 1357
2081 1356
2082 1353
2083 1353
2084 1351
2085 1352
2086 1355
2087 1355
2088 1353
2089 1353
2090 1353
2091 1353
2092 1352
2093 1355
2094 1354
2095 1354
2096 1356
2097 1354
2098 1357
2099 1355
2100 1354
2101 1355
2102 1354
2103 1354
2104 1353
2105 1355
2106 1352
2107 1355
2108 1357
2109 1356
2110 1354
2111 1353
2112 1353
2113 1357
2114 1356
2115 1357
2116 1355
2117 1355
2118 1354
2119 1352
2120 1352
2121 1354
2122 1353
2123 1355
2124 1353
2125 1355
2126 1355
2127 1356
2128 1351
2129 1352
2130 1353
2131 1356
2132 1355
2133 1355
2134 1352
2135 1356
2136 1355
2137 1355
2138 1352
2139 1355
2140 1353
2141 1354
2142 1351
2143 1353
2144 1353
2145 1355
2146 1352
2147 1355
2148 1351
2149 1357
2150 1353
2151 1355
2152 1351
2153 1355
2154 1354
2155 1356
2156 1355
2157 1356
2158 1354
2159 1357
2160 1354
2161 1356
2162 1355
2163 1353
2164 1354
2165 1355
2166 1354
2167 1356
2168 1355
2169 1355
2170 1354
2171 1355
2172 1356
2173 1357
2174 1356
2175 1357
2176 1353
2177 1355
2178 1354
2179 1357
2180 1355
2181 1354
2182 1353
2183 1355
2184 1354
2185 1355
2186 1356
2187 1355
2188 1356
2189 1356
2190 1355
2191 1356
2192 1353
2193 1357
2194 1355
2195 1356
2196 1355
2197 1355
2198 1356
2199 1353
2200 1355
2201 1355
2202 1353
2203 1356
2204 1357
2205 1356
2206 1354
2207 1355
2208 1356
2209 1353
2210 1355
2211 1356
2212 1352
2213 1354
2214 1353
2215 1351
2216 1355
2217 1357
2218 1356
2219 1354
2220 1350
2221 1355
2222 1354
2223 1354
2224 1352
2225 1353
2226 1353
2227 1354
2228 1354
2229 1352
2230 1356
2231 1354
2232 1354
2233 1354
2234 1355
2235 1357
2236 1355
2237 1355
2238 1355
2239 1356
2240 1353
2241 1353
2242 1352
2243 1357
2244 1355
2245 1355
2246 1354
2247 1356
2248 1356
2249 1357
2250 1355
2251 1354
2252 1356
2253 1354
2254 1352
2255 1356
2256 1354
2257 1357
2258 1356
2259 1355
2260 1355
2261 1354
2262 1353
2263 1354
2264 1355
2265 1354
2266 1356
2267 1351
2268 1355
2269 1353
2270 1356
2271 1355
2272 1354
2273 1352
2274 1355
2275 1355
2276 1356
2277 1355
2278 1357
2279 1355
2280 1354
2281 1355
2282 1357
2283 1351
2284 1356
2285 1354
2286 1358
2287 1355
2288 1354
2289 1357
2290 1355
2291 1354
2292 1353
2293 1356
2294 1353
2295 1353
2296 1352
2297 1354
2298 1353
2299 1356
2300 1355
2301 1354
2302 1355
2303 1353
2304 1353
2305 1355
2306 1353
2307 1353
2308 1355
2309 1354
2310 1354
2311 1357
2312 1355
2313 1357
2314 1356
2315 1357
2316 1357
2317 1355
2318 1354
2319 1354
2320 1353
2321 1355
2322 1354
2323 1357
2324 1355
2325 1355
2326 1355
2327 1358
2328 1353
2329 1356
2330 1355
2331 1354
2332 1353
2333 1355
2334 1356
2335 1358
2336 1353
2337 1355
2338 1355
2339 1357
2340 1356
2341 1355
2342 1356
2343 1357
2344 1357
2345 1352
2346 1353
2347 1354
2348 1354
2349 1355
2350 1356
2351 1355
2352 1355
2353 1355
2354 1356
2355 1354
2356 1354
2357 1355
2358 1354
2359 1353
2360 1353
2361 1355
2362 1356
2363 1353
2364 1355
2365 1353
2366 1354
2367 1354
2368 1356
2369 1355
2370 1356
2371 1355
2372 1355
2373 1357
2374 1356
2375 1358
2376 1355
2377 1356
2378 1351
2379 1356
2380 1356
2381 1357
2382 1355
2383 1357
2384 1355
2385 1355
2386 1356
2387 1358
2388 1356
2389 1354
2390 1355
2391 1355
2392 1355
2393 1355
2394 1354
2395 1354
2396 1354
2397 1357
2398 1358
2399 1352
2400 1353
2401 1355
2402 1355
2403 1355
2404 1357
2405 1355
2406 1353
2407 1354
2408 1354
2409 1355
2410 1352
2411 1351
2412 1359
2413 1357
2414 1356
2415 1355
2416 1356
2417 1354
2418 1354
2419 1356
2420 1351
2421 1352
2422 1354
2423 1356
2424 1356
2425 1354
2426 1355
2427 1357
2428 1356
2429 1356
2430 1355
2431 1356
2432 1356
2433 1357
2434 1354
2435 1356
2436 1353
2437 1354
2438 1355
2439 1354
2440 1356
2441 1354
2442 1352
2443 1353
2444 1355
2445 1355
2446 1354
2447 1355
2448 1354
2449 1353
2450 1352
2451 1354
2452 1356
2453 1357
2454 1356
2455 1357
2456 1357
2457 1356
2458 1357
2459 1355
2460 1355
2461 1355
2462 1354
2463 1354
2464 1355
2465 1355
2466 1352
2467 1354
2468 1356
2469 1353
2470 1352
2471 1354
2472 1354
2473 1353
2474 1354
2475 1353
2476 1354
2477 1355
2478 1353
2479 1351
2480 1356
2481 1357
2482 1354
2483 1350
2484 1352
2485 1354
2486 1356
2487 1353
2488 1354
2489 1354
2490 1353
2491 1354
2492 1355
2493 1356
2494 1358
2495 1357
2496 1356
2497 1356
2498 1355
2499 1355
2500 1354
2501 1354
2502 1355
2503 1353
2504 1356
2505 1354
2506 1356
2507 1354
2508 1358
2509 1356
2510 1357
2511 1354
2512 1354
2513 1357
2514 1353
2515 1353
2516 1353
2517 1355
2518 1353
2519 1355
2520 1356
2521 1354
2522 1357
2523 1357
2524 1357
2525 1357
2526 1356
2527 1356
2528 1353
2529 1355
2530 1354
2531 1356
2532 1355
2533 1355
2534 1356
2535 1353
2536 1352
2537 1354
2538 1353
2539 1355
2540 1356
2541 1357
2542 1355
2543 1355
2544 1353
2545 1353
2546 1355
2547 1353
2548 1355
2549 1354
2550 1353
2551 1355
2552 1355
2553 1354
2554 1354
2555 1357
2556 1353
2557 1355
2558 1352
2559 1357
2560 1355
2561 1358
2562 1353
2563 1354
2564 1356
2565 1355
2566 1355
2567 1352
2568 1354
2569 1357
2570 1356
2571 1353
2572 1355
2573 1354
2574 1354
2575 1352
2576 1355
2577 1358
2578 1359
2579 1355
2580 1354
2581 1355
2582 1354
2583 1357
2584 1353
2585 1353
2586 1355
2587 1358
2588 1355
2589 1353
2590 1355
2591 1355
2592 1355
2593 1354
2594 1357
2595 1358
2596 1356
2597 1351
2598 1356
2599 1356
2600 1355
2601 1351
2602 1354
2603 1356
2604 1356
2605 1352
2606 1357
2607 1355
2608 1356
2609 1354
2610 1354
2611 1357
2612 1356
2613 1355
2614 1354
2615 1355
2616 1356
2617 1355
2618 1355
2619 1359
2620 1354
2621 1351
2622 1355
2623 1357
2624 1354
2625 1353
2626 1354
2627 1353
2628 1353
2629 1354
2630 1356
2631 1353
2632 1354
2633 1356
2634 1356
2635 1354
2636 1357
2637 1357
2638 1354
2639 1354
2640 1356
2641 1354
2642 1354
2643 1353
2644 1354
2645 1353
2646 1356
2647 1354
2648 1356
2649 1355
2650 1356
2651 1356
2652 1355
2653 1352
2654 1354
2655 1353
2656 1352
2657 1351
2658 1354
2659 1355
2660 1356
2661 1352
2662 1355
2663 1355
2664 1356
2665 1356
2666 1355
2667 1355
2668 1355
2669 1355
2670 1354
2671 1353
2672 1356
2673 1354
2674 1353
2675 1354
2676 1353
2677 1355
2678 1355
2679 1353
2680 1354
2681 1357
2682 1355
2683 1354
2684 1353
2685 1357
2686 1356
2687 1355
2688 1356
2689 1352
2690 1353
2691 1356
2692 1354
2693 1353
2694 1354
2695 1356
2696 1353
2697 1354
2698 1354
2699 1353
2700 1354
2701 1350
2702 1354
2703 1353
2704 1356
2705 1354
2706 1354
2707 1352
2708 1355
2709 1356
2710 1355
2711 1353
2712 1356
2713 1353
2714 1356
2715 1357
2716 1354
2717 1352
2718 1355
2719 1353
2720 1354
2721 1352
2722 1352
2723 1353
2724 1353
2725 1353
2726 1355
2727 1351
2728 1354
2729 1353
2730 1356
2731 1356
2732 1356
2733 1354
2734 1356
2735 1353
2736 1357
2737 1355
2738 1353
2739 1355
2740 1356
2741 1354
2742 1355
2743 1353
2744 1355
2745 1352
2746 1352
2747 1354
2748 1353
2749 1354
2750 1355
2751 1353
2752 1355
2753 1358
2754 1354
2755 1351
2756 1354
2757 1360
2758 1356
2759 1355
2760 1353
2761 1354
2762 1355
2763 1355
2764 1355
2765 1352
2766 1353
2767 1355
2768 1354
2769 1351
2770 1353
2771 1354
2772 1354
2773 1357
2774 1355
2775 1356
2776 1353
2777 1354
2778 1353
2779 1357
2780 1354
2781 1353
2782 1354
2783 1356
2784 1359
2785 1352
2786 1353
2787 1355
2788 1356
2789 1354
2790 1353
2791 1354
2792 1354
2793 1354
2794 1356
2795 1355
2796 1357
2797 1357
2798 1356
2799 1355
2800 1356
2801 1356
2802 1357
2803 1355
2804 1358
2805 1355
2806 1354
2807 1355
2808 1355
2809 1354
2810 1355
2811 1355
2812 1356
2813 1353
2814 1356
2815 1354
2816 1354
2817 1356
2818 1356
2819 1355
2820 1354
2821 1353
2822 1352
2823 1355
2824 1352
2825 1356
2826 1355
2827 1357
2828 1353
2829 1354
2830 1354
2831 1353
2832 1353
2833 1356
2834 1358
2835 1356
2836 1357
2837 1353
2838 1356
2839 1354
2840 1355
2841 1352
2842 1353
2843 1353
2844 1354
2845 1355
2846 1355
2847 1355
2848 1355
2849 1355
2850 1357
2851 1355
2852 1354
2853 1351
2854 1355
2855 1353
2856 1355
2857 1355
2858 1355
2859 1355
2860 1353
2861 1355
2862 1357
2863 1356
2864 1356
2865 1354
2866 1356
2867 1355
2868 1356
2869 1357
2870 1356
2871 1355
2872 1355
2873 1355
2874 1355
2875 1357
2876 1354
2877 1356
2878 1354
2879 1352
2880 1353
2881 1355
2882 1354
2883 1355
2884 1355
2885 1355
2886 1353
2887 1351
2888 1355
2889 1353
2890 1353
2891 1357
2892 1354
2893 1352
2894 1355
2895 1354
2896 1356
2897 1355
2898 1356
2899 1353
2900 1355
2901 1354
2902 1354
2903 1352
2904 1355
2905 1354
2906 1354
2907 1355
2908 1358
2909 1356
2910 1356
2911 1355
2912 1354
2913 1357
2914 1356
2915 1353
2916 1356
2917 1355
2918 1355
2919 1356
2920 1356
2921 1356
2922 1356
2923 1358
2924 1353
2925 1356
2926 1355
2927 1357
2928 1356
2929 1354
2930 1356
2931 1356
2932 1355
2933 1357
2934 1353
2935 1355
2936 1352
2937 1354
2938 1352
2939 1353
2940 1351
2941 1355
2942 1354
2943 1355
2944 1353
2945 1355
2946 1354
2947 1357
2948 1354
2949 1354
2950 1353
2951 1355
2952 1353
2953 1356
2954 1353
2955 1355
2956 1355
2957 1355
2958 1352
2959 1355
2960 1354
2961 1355
2962 1357
2963 1355
2964 1356
2965 1353
2966 1355
2967 1352
2968 1357
2969 1357
2970 1356
2971 1356
2972 1353
2973 1354
2974 1355
2975 1356
2976 1354
2977 1352
2978 1352
2979 1356
2980 1354
2981 1358
2982 1355
2983 1356
2984 1354
2985 1357
2986 1355
2987 1352
2988 1353
2989 1355
2990 1354
2991 1355
2992 1353
2993 1353
2994 1352
2995 1357
2996 1351
2997 1357
2998 1355
2999 1354
3000 1351
3001 1354
3002 1352
3003 1353
3004 1354
3005 1354
3006 1355
3007 1354
3008 1353
3009 1354
3010 1354
3011 1354
3012 1353
3013 1356
3014 1353
3015 1355
3016 1353
3017 1351
3018 1354
3019 1355
3020 1355
3021 1356
3022 1353
3023 1353
3024 1354
3025 1356
3026 1352
3027 1354
3028 1352
3029 1353
3030 1352
3031 1353
3032 1354
3033 1353
3034 1354
3035 1352
3036 1353
3037 1353
3038 1350
3039 1353
3040 1354
3041 1355
3042 1355
3043 1352
3044 1353
3045 1353
3046 1354
3047 1355
3048 1355
3049 1355
3050 1354
3051 1353
3052 1355
3053 1354
3054 1353
3055 1353
3056 1356
3057 1358
3058 1356
3059 1353
3060 1355
3061 1355
3062 1356
3063 1356
3064 1355
3065 1353
3066 1356
3067 1354
3068 1354
3069 1353
3070 1355
3071 1357
3072 1356
3073 1358
3074 1354
3075 1355
3076 1355
3077 1355
3078 1356
3079 1354
3080 1352
3081 1354
3082 1356
3083 1355
3084 1354
3085 1354
3086 1356
3087 1356
3088 1356
3089 1356
3090 1356
3091 1353
3092 1356
3093 1353
3094 1354
3095 1355
3096 1355
3097 1355
3098 1355
3099 1355
3100 1354
3101 1357
3102 1356
3103 1357
3104 1355
3105 1356
3106 1354
3107 1355
3108 1354
3109 1356
3110 1356
3111 1353
3112 1354
3113 1357
3114 1354
3115 1356
3116 1355
3117 1357
3118 1355
3119 1352
3120 1352
3121 1353
3122 1351
3123 1352
3124 1352
3125 1356
3126 1355
3127 1354
3128 1355
3129 1355
3130 1354
3131 1351
3132 1351
3133 1353
3134 1354
3135 1354
3136 1355
3137 1356
3138 1352
3139 1357
3140 1355
3141 1354
3142 1354
3143 1354
3144 1354
3145 1354
3146 1355
3147 1355
3148 1354
3149 1355
3150 1356
3151 1353
3152 1353
3153 1355
3154 1356
3155 1354
3156 1355
3157 1354
3158 1355
3159 1353
3160 1354
3161 1355
3162 1355
3163 1356
3164 1353
3165 1356
3166 1355
3167 1355
3168 1354
3169 1354
3170 1354
3171 1357
3172 1355
3173 1355
3174 1356
3175 1355
3176 1355
3177 1355
3178 1355
3179 1356
3180 1356
3181 1357
3182 1354
3183 1354
3184 1351
3185 1353
3186 1354
3187 1356
3188 1355
3189 1357
3190 1353
3191 1354
3192 1352
3193 1355
3194 1356
3195 1356
3196 1355
3197 1354
3198 1353
3199 1352
3200 1356
3201 1356
3202 1355
3203 1356
3204 1353
3205 1354
3206 1355
3207 1355
3208 1353
3209 1353
3210 1355
3211 1355
3212 1355
3213 1354
3214 1353
3215 1354
3216 1353
3217 1357
3218 1356
3219 1353
3220 1354
3221 1355
3222 1355
3223 1354
3224 1355
3225 1358
3226 1356
3227 1357
3228 1354
3229 1357
3230 1355
3231 1356
3232 1356
3233 1356
3234 1355
3235 1356
3236 1353
3237 1357
3238 1358
3239 1353
3240 1353
3241 1355
3242 1358
3243 1357
3244 1355
3245 1353
3246 1354
3247 1357
3248 1356
3249 1353
3250 1356
3251 1357
3252 1356
3253 1353
3254 1353
3255 1356
3256 1356
3257 1356
3258 1352
3259 1355
3260 1357
3261 1357
3262 1354
3263 1358
3264 1355
3265 1359
3266 1356
3267 1354
3268 1353
3269 1354
3270 1355
3271 1353
3272 1353
3273 1354
3274 1355
3275 1354
3276 1354
3277 1355
3278 1355
3279 1356
3280 1354
3281 1357
3282 1353
3283 1357
3284 1354
3285 1358
3286 1354
3287 1356
3288 1353
3289 1354
3290 1358
3291 1357
3292 1351
3293 1355
3294 1352
3295 1353
3296 1354
3297 1358
3298 1356
3299 1356
3300 1355
3301 1355
3302 1355
3303 1353
3304 1352
3305 1355
3306 1354
3307 1355
3308 1353
3309 1353
3310 1356
3311 1360
3312 1353
3313 1358
3314 1356
3315 1359
3316 1355
3317 1354
3318 1357
3319 1356
3320 1356
3321 1359
3322 1354
3323 1358
3324 1354
3325 1354
3326 1354
3327 1356
3328 1356
3329 1356
3330 1356
3331 1356
3332 1355
3333 1355
3334 1353
3335 1355
3336 1355
3337 1354
3338 1355
3339 1357
3340 1358
3341 1357
3342 1355
3343 1353
3344 1354
3345 1354
3346 1359
3347 1357
3348 1360
3349 1357
3350 1358
3351 1355
3352 1354
3353 1354
3354 1356
3355 1356
3356 1357
3357 1357
3358 1357
3359 1353
3360 1354
3361 1354
3362 1356
3363 1357
3364 1356
3365 1356
3366 1352
3367 1355
3368 1354
3369 1352
3370 1356
3371 1353
3372 1354
3373 1354
3374 1354
3375 1358
3376 1354
3377 1355
3378 1353
3379 1355
3380 1355
3381 1357
3382 1356
3383 1354
3384 1355
3385 1354
3386 1354
3387 1357
3388 1354
3389 1355
3390 1353
3391 1354
3392 1352
3393 1354
3394 1353
3395 1353
3396 1353
3397 1354
3398 1355
3399 1353
3400 1354
3401 1352
3402 1356
3403 1356
3404 1354
3405 1355
3406 1356
3407 1354
3408 1352
3409 1352
3410 1355
3411 1355
3412 1355
3413 1351
3414 1355
3415 1354
3416 1356
3417 1355
3418 1354
3419 1353
3420 1354
3421 1355
3422 1354
3423 1353
3424 1353
3425 1351
3426 1353
3427 1352
3428 1356
3429 1353
3430 1354
3431 1353
3432 1354
3433 1354
3434 1355
3435 1357
3436 1355
3437 1354
3438 1353
3439 1352
3440 1354
3441 1353
3442 1353
3443 1354
3444 1353
3445 1353
3446 1353
3447 1354
3448 1355
3449 1354
3450 1355
3451 1355
3452 1355
3453 1354
3454 1354
3455 1356
3456 1355
3457 1356
3458 1354
3459 1353
3460 1353
3461 1353
3462 1352
3463 1355
3464 1351
3465 1356
3466 1355
3467 1354
3468 1354
3469 1353
3470 1354
3471 1355
3472 1351
3473 1355
3474 1354
3475 1351
3476 1354
3477 1355
3478 1354
3479 1355
3480 1353
3481 1353
3482 1354
3483 1356
3484 1354
3485 1354
3486 1352
3487 1356
3488 1355
3489 1354
3490 1351
3491 1355
3492 1357
3493 1353
3494 1356
3495 1353
3496 1355
3497 1354
3498 1352
3499 1352
3500 1355
3501 1354
3502 1355
3503 1353
3504 1356
3505 1357
3506 1353
3507 1355
3508 1350
3509 1350
3510 1354
3511 1355
3512 1354
3513 1354
3514 1353
3515 1355
3516 1352
3517 1355
3518 1353
3519 1355
3520 1354
3521 1356
3522 1357
3523 1354
3524 1354
3525 1354
3526 1354
3527 1357
3528 1353
3529 1354
3530 1355
3531 1350
3532 1355
3533 1354
3534 1357
3535 1352
3536 1354
3537 1355
3538 1355
3539 1356
3540 1356
3541 1354
3542 1355
3543 1353
3544 1352
3545 1356
3546 1355
3547 1358
3548 1354
3549 1353
3550 1354
3551 1352
3552 1357
3553 1355
3554 1354
3555 1355
3556 1356
3557 1355
3558 1354
3559 1354
3560 1354
3561 1354
3562 1353
3563 1354
3564 1354
3565 1355
3566 1353
3567 1354
3568 1352
3569 1355
3570 1350
3571 1354
3572 1355
3573 1354
3574 1352
3575 1353
3576 1354
3577 1356
3578 1353
3579 1354
3580 1356
3581 1357
3582 1353
3583 1354
3584 1353
3585 1351
3586 1354
3587 1355
3588 1355
3589 1355
3590 1354
3591 1354
3592 1356
3593 1357
3594 1357
3595 1354
3596 1354
3597 1355
3598 1358
3599 1355
3600 1356
3601 1355
3602 1353
3603 1355
3604 1355
3605 1353
3606 1355
3607 1354
3608 1351
3609 1352
3610 1350
3611 1351
3612 1355
3613 1355
3614 1357
3615 1355
3616 1355
3617 1354
3618 1354
3619 1358
3620 1356
3621 1357
3622 1356
3623 1355
3624 1357
3625 1353
3626 1356
3627 1356
3628 1354
3629 1354
3630 1355
3631 1353
3632 1354
3633 1356
3634 1353
3635 1355
3636 1354
3637 1352
3638 1356
3639 1356
3640 1354
3641 1355
3642 1356
3643 1355
3644 1355
3645 1355
3646 1356
3647 1355
3648 1356
3649 1354
3650 1354
3651 1355
3652 1356
3653 1355
3654 1353
3655 1353
3656 1357
3657 1355
3658 1356
3659 1353
3660 1355
3661 1357
3662 1356
3663 1352
3664 1353
3665 1355
3666 1353
3667 1353
3668 1353
3669 1357
3670 1354
3671 1355
3672 1355
3673 1353
3674 1354
3675 1354
3676 1355
3677 1354
3678 1353
3679 1352
3680 1352
3681 1354
3682 1357
3683 1354
3684 1356
3685 1353
3686 1355
3687 1353
3688 1356
3689 1356
3690 1358
3691 1357
3692 1355
3693 1353
3694 1357
3695 1352
3696 1355
3697 1354
3698 1356
3699 1351
3700 1353
3701 1354
3702 1351
3703 1352
3704 1354
3705 1357
3706 1354
3707 1353
3708 1356
3709 1354
3710 1356
3711 1357
3712 1356
3713 1356
3714 1351
3715 1353
3716 1354
3717 1353
3718 1354
3719 1350
3720 1353
3721 1355
3722 1354
3723 1353
3724 1352
3725 1353
3726 1351
3727 1355
3728 1352
3729 1353
3730 1355
3731 1352
3732 1352
3733 1354
3734 1355
3735 1353
3736 1353
3737 1356
3738 1353
3739 1351
3740 1353
3741 1353
3742 1356
3743 1355
3744 1355
3745 1353
3746 1356
3747 1354
3748 1355
3749 1352
3750 1354
3751 1356
3752 1355
3753 1355
3754 1353
3755 1353
3756 1354
3757 1352
3758 1354
3759 1352
3760 1353
3761 1354
3762 1354
3763 1351
3764 1355
3765 1353
3766 1356
3767 1357
3768 1355
3769 1355
3770 1356
3771 1353
3772 1353
3773 1355
3774 1356
3775 1353
3776 1354
3777 1355
3778 1356
3779 1356
3780 1354
3781 1353
3782 1355
3783 1357
3784 1356
3785 1355
3786 1354
3787 1357
3788 1355
3789 1355
3790 1356
3791 1355
3792 1356
3793 1353
3794 1356
3795 1356
3796 1354
3797 1355
3798 1355
3799 1353
3800 1357
3801 1354
3802 1356
3803 1355
3804 1355
3805 1357
3806 1356
3807 1355
3808 1354
3809 1353
3810 1356
3811 1356
3812 1357
3813 1359
3814 1356
3815 1356
3816 1356
3817 1354
3818 1355
3819 1356
3820 1357
3821 1357
3822 1353
3823 1355
3824 1357
3825 1357
3826 1356
3827 1359
3828 1356
3829 1357
3830 1357
3831 1355
3832 1357
3833 1353
3834 1353
3835 1353
3836 1353
3837 1357
3838 1356
3839 1353
3840 1356
3841 1356
3842 1357
3843 1358
3844 1357
3845 1353
3846 1356
3847 1354
3848 1356
3849 1355
3850 1354
3851 1354
3852 1357
3853 1353
3854 1354
3855 1355
3856 1355
3857 1356
3858 1355
3859 1355
3860 1356
3861 1355
3862 1355
3863 1354
3864 1356
3865 1355
3866 1356
3867 1360
3868 1356
3869 1355
3870 1356
3871 1357
3872 1355
3873 1355
3874 1354
3875 1355
3876 1356
3877 1355
3878 1355
3879 1354
3880 1352
3881 1354
3882 1356
3883 1355
3884 1356
3885 1355
3886 1354
3887 1354
3888 1353
3889 1356
3890 1357
3891 1354
3892 1356
3893 1352
3894 1357
3895 1357
3896 1356
3897 1353
3898 1352
3899 1352
3900 1353
3901 1356
3902 1355
3903 1356
3904 1353
3905 1356
3906 1356
3907 1356
3908 1355
3909 1359
3910 1355
3911 1355
3912 1352
3913 1355
3914 1351
3915 1355
3916 1353
3917 1357
3918 1354
3919 1355
3920 1354
3921 1355
3922 1355
3923 1355
3924 1355
3925 1356
3926 1353
3927 1354
3928 1355
3929 1355
3930 1354
3931 1357
3932 1353
3933 1356
3934 1355
3935 1358
3936 1354
3937 1355
3938 1357
3939 1357
3940 1354
3941 1356
3942 1354
3943 1355
3944 1355
3945 1354
3946 1355
3947 1353
3948 1353
3949 1357
3950 1354
3951 1355
3952 1354
3953 1355
3954 1353
3955 1353
3956 1354
3957 1355
3958 1353
3959 1353
3960 1354
3961 1357
3962 1354
3963 1355
3964 1354
3965 1357
3966 1352
3967 1355
3968 1354
3969 1353
3970 1351
3971 1355
3972 1356
3973 1355
3974 1353
3975 1353
3976 1355
3977 1357
3978 1357
3979 1352
3980 1355
3981 1354
3982 1355
3983 1355
3984 1355
3985 1355
3986 1355
3987 1354
3988 1355
3989 1356
3990 1353
3991 1356
3992 1355
3993 1358
3994 1356
3995 1356
3996 1355
3997 1354
3998 1352
3999 1354
