0 1355
1 1353
2 1353
3 1356
4 1357
5 1359
6 1357
7 1355
8 1355
9 1353
10 1355
11 1358
12 1354
13 1353
14 1353
15 1355
16 1353
17 1354
18 1351
19 1356
20 1355
21 1355
22 1355
23 1354
24 1354
25 1353
26 1353
27 1353
28 1354
29 1354
30 1352
31 1356
32 1353
33 1355
34 1355
35 1353
36 1358
37 1358
38 1358
39 1355
40 1352
41 1355
42 1355
43 1352
44 1351
45 1354
46 1356
47 1354
48 1352
49 1354
50 1355
51 1356
52 1353
53 1351
54 1355
55 1355
56 1354
57 1354
58 1351
59 1353
60 1353
61 1354
62 1352
63 1353
64 1353
65 1357
66 1353
67 1353
68 1355
69 1353
70 1351
71 1354
72 1356
73 1354
74 1354
75 1354
76 1351
77 1352
78 1355
79 1355
80 1354
81 1352
82 1354
83 1353
84 1352
85 1355
86 1352
87 1356
88 1353
89 1355
90 1355
91 1355
92 1357
93 1354
94 1356
95 1353
96 1355
97 1355
98 1354
99 1352
100 1354
101 1353
102 1354
103 1353
104 1353
105 1357
106 1356
107 1357
108 1355
109 1353
110 1355
111 1357
112 1356
113 1356
114 1354
115 1353
116 1352
117 1352
118 1353
119 1355
120 1355
121 1355
122 1355
123 1354
124 1351
125 1353
126 1354
127 1354
128 1353
129 1355
130 1357
131 1355
132 1354
133 1350
134 1354
135 1356
136 1355
137 1353
138 1354
139 1354
140 1355
141 1353
142 1354
143 1355
144 1353
145 1354
146 1353
147 1353
148 1353
149 1357
150 1357
151 1354
152 1351
153 1354
154 1354
155 1354
156 1354
157 1357
158 1353
159 1355
160 1354
161 1353
162 1356
163 1355
164 1356
165 1355
166 1354
167 1353
168 1356
169 1354
170 1355
171 1352
172 1355
173 1353
174 1353
175 1353
176 1356
177 1354
178 1356
179 1356
180 1356
181 1356
182 1354
183 1354
184 1354
185 1356
186 1354
187 1357
188 1356
189 1355
190 1354
191 1353
192 1356
193 1355
194 1355
195 1356
196 1354
197 1354
198 1356
199 1354
200 1356
201 1354
202 1356
203 1355
204 1355
205 1352
206 1355
207 1354
208 1353
209 1355
210 1356
211 1359
212 1355
213 1353
214 1355
215 1357
216 1356
217 1355
218 1355
219 1350
220 1355
221 1356
222 1354
223 1350
224 1356
225 1356
226 1352
227 1353
228 1354
229 1353
230 1352
231 1352
232 1354
233 1357
234 1354
235 1351
236 1352
237 1357
238 1354
239 1353
240 1354
241 1353
242 1357
243 1354
244 1357
245 1353
246 1354
247 1354
248 1354
249 1353
250 1356
251 1357
252 1356
253 1356
254 1354
255 1353
256 1352
257 1356
258 1355
259 1352
260 1350
261 1354
262 1356
263 1352
264 1355
265 1355
266 1354
267 1353
268 1353
269 1355
270 1355
271 1353
272 1355
273 1354
274 1352
275 1354
276 1355
277 1352
278 1355
279 1355
280 1357
281 1356
282 1354
283 1353
284 1350
285 1351
286 1357
287 1357
288 1354
289 1353
290 1355
291 1355
292 1354
293 1352
294 1354
295 1355
296 1355
297 1355
298 1355
299 1357
300 1356
301 1354
302 1353
303 1354
304 1355
305 1354
306 1355
307 1356
308 1352
309 1356
310 1355
311 1355
312 1354
313 1357
314 1351
315 1351
316 1353
317 1356
318 1354
319 1353
320 1352
321 1356
322 1353
323 1356
324 1355
325 1355
326 1355
327 1351
328 1353
329 1355
330 1354
331 1352
332 1356
333 1357
334 1356
335 1356
336 1359
337 1355
338 1353
339 1356
340 1353
341 1355
342 1355
343 1356
344 1356
345 1356
346 1353
347 1352
348 1355
349 1357
350 1352
351 1353
352 1353
353 1355
354 1356
355 1354
356 1353
357 1353
358 1355
359 1355
360 1351
361 1352
362 1353
363 1355
364 1356
365 1355
366 1353
367 1355
368 1354
369 1357
370 1353
371 1355
372 1355
373 1354
374 1355
375 1354
376 1353
377 1355
378 1356
379 1353
380 1353
381 1353
382 1353
383 1354
384 1354
385 1354
386 1355
387 1357
388 1355
389 1351
390 1354
391 1357
392 1353
393 1350
394 1352
395 1353
396 1353
397 1349
398 1353
399 1357
400 1357
401 1355
402 1355
403 1357
404 1355
405 1354
406 1353
407 1354
408 1352
409 1354
410 1353
411 1351
412 1355
413 1353
414 1356
415 1357
416 1354
417 1353
418 1355
419 1356
420 1354
421 1352
422 1354
423 1354
424 1353
425 1351
426 1354
427 1353
428 1353
429 1356
430 1356
431 1353
432 1356
433 1352
434 1354
435 1357
436 1356
437 1354
438 1355
439 1355
440 1355
441 1355
442 1352
443 1356
444 1353
445 1353
446 1354
447 1354
448 1351
449 1357
450 1357
451 1355
452 1353
453 1353
454 1353
455 1356
456 1352
457 1352
458 1353
459 1353
460 1356
461 1357
462 1353
463 1356
464 1356
465 1355
466 1355
467 1357
468 1353
469 1354
470 1355
471 1353
472 1355
473 1354
474 1353
475 1353
476 1356
477 1358
478 1355
479 1352
480 1352
481 1353
482 1353
483 1351
484 1353
485 1356
486 1355
487 1357
488 1352
489 1355
490 1355
491 1356
492 1354
493 1356
494 1353
495 1355
496 1353
497 1356
498 1353
499 1356
500 1352
501 1355
502 1353
503 1353
504 1355
505 1354
506 1353
507 1355
508 1354
509 1355
510 1359
511 1361
512 1363
513 1368
514 1375
515 1390
516 1396
517 1411
518 1423
519 1434
520 1445
521 1456
522 1464
523 1472
524 1475
525 1484
526 1491
527 1495
528 1500
529 1502
530 1504
531 1505
532 1506
533 1503
534 1501
535 1499
536 1495
537 1494
538 1485
539 1481
540 1477
541 1474
542 1468
543 1461
544 1459
545 1455
546 1450
547 1445
548 1445
549 1432
550 1429
551 1428
552 1419
553 1418
554 1414
555 1411
556 1408
557 1406
558 1401
559 1397
560 1394
561 1390
562 1386
563 1386
564 1380
565 1383
566 1375
567 1373
568 1374
569 1371
570 1373
571 1368
572 1369
573 1366
574 1369
575 1371
576 1368
577 1366
578 1365
579 1365
580 1363
581 1361
582 1362
583 1361
584 1359
585 1362
586 1359
587 1363
588 1361
589 1360
590 1361
591 1360
592 1361
593 1359
594 1357
595 1356
596 1358
597 1357
598 1354
599 1355
600 1353
601 1356
602 1354
603 1354
604 1358
605 1358
606 1355
607 1358
608 1354
609 1354
610 1356
611 1354
612 1355
613 1355
614 1355
615 1354
616 1354
617 1353
618 1354
619 1354
620 1356
621 1355
622 1356
623 1355
624 1352
625 1354
626 1356
627 1358
628 1356
629 1354
630 1354
631 1357
632 1354
633 1352
634 1354
635 1355
636 1353
637 1354
638 1354
639 1354
640 1356
641 1353
642 1356
643 1356
644 1356
645 1356
646 1355
647 1355
648 1355
649 1355
650 1354
651 1352
652 1353
653 1357
654 1356
655 1354
656 1354
657 1357
658 1356
659 1356
660 1354
661 1355
662 1355
663 1352
664 1354
665 1354
666 1357
667 1354
668 1353
669 1352
670 1353
671 1352
672 1353
673 1354
674 1354
675 1354
676 1356
677 1353
678 1357
679 1355
680 1356
681 1355
682 1357
683 1356
684 1355
685 1354
686 1354
687 1357
688 1355
689 1354
690 1354
691 1356
692 1354
693 1353
694 1353
695 1355
696 1355
697 1352
698 1353
699 1356
700 1354
701 1355
702 1355
703 1354
704 1355
705 1357
706 1353
707 1354
708 1356
709 1353
710 1353
711 1357
712 1355
713 1357
714 1354
715 1357
716 1352
717 1352
718 1353
719 1356
720 1354
721 1357
722 1353
723 1352
724 1354
725 1353
726 1353
727 1354
728 1353
729 1354
730 1353
731 1356
732 1355
733 1353
734 1355
735 1359
736 1355
737 1355
738 1354
739 1357
740 1352
741 1354
742 1354
743 1355
744 1353
745 1355
746 1355
747 1355
748 1354
749 1357
750 1354
751 1354
752 1355
753 1354
754 1355
755 1354
756 1358
757 1355
758 1355
759 1354
760 1354
761 1356
762 1355
763 1354
764 1355
765 1357
766 1354
767 1358
768 1357
769 1353
770 1355
771 1353
772 1355
773 1355
774 1352
775 1354
776 1353
777 1354
778 1354
779 1356
780 1354
781 1355
782 1354
783 1354
784 1354
785 1354
786 1354
787 1354
788 1354
789 1355
790 1354
791 1354
792 1355
793 1351
794 1357
795 1358
796 1356
797 1353
798 1353
799 1356
800 1357
801 1354
802 1352
803 1353
804 1353
805 1353
806 1354
807 1355
808 1355
809 1353
810 1354
811 1353
812 1353
813 1355
814 1351
815 1350
816 1352
817 1353
818 1355
819 1354
820 1352
821 1354
822 1351
823 1355
824 1356
825 1356
826 1350
827 1354
828 1350
829 1354
830 1354
831 1357
832 1352
833 1353
834 1352
835 1356
836 1356
837 1354
838 1355
839 1355
840 1354
841 1350
842 1352
843 1355
844 1352
845 1355
846 1352
847 1353
848 1351
849 1356
850 1354
851 1355
852 1352
853 1354
854 1350
855 1353
856 1353
857 1353
858 1351
859 1353
860 1355
861 1356
862 1353
863 1355
864 1355
865 1358
866 1355
867 1353
868 1351
869 1354
870 1354
871 1356
872 1353
873 1353
874 1353
875 1353
876 1356
877 1354
878 1354
879 1355
880 1354
881 1353
882 1354
883 1354
884 1354
885 1356
886 1353
887 1353
888 1354
889 1353
890 1354
891 1354
892 1353
893 1351
894 1354
895 1357
896 1355
897 1355
898 1354
899 1353
900 1354
901 1354
902 1352
903 1355
904 1353
905 1355
906 1355
907 1353
908 1351
909 1351
910 1353
911 1353
912 1356
913 1353
914 1352
915 1353
916 1354
917 1355
918 1354
919 1354
920 1354
921 1356
922 1353
923 1353
924 1355
925 1355
926 1354
927 1353
928 1354
929 1354
930 1353
931 1353
932 1352
933 1352
934 1354
935 1352
936 1353
937 1353
938 1353
939 1355
940 1353
941 1351
942 1352
943 1355
944 1355
945 1354
946 1351
947 1356
948 1354
949 1354
950 1352
951 1354
952 1353
953 1353
954 1352
955 1355
956 1356
957 1354
958 1355
959 1354
960 1353
961 1354
962 1352
963 1353
964 1353
965 1357
966 1354
967 1354
968 1354
969 1353
970 1356
971 1354
972 1355
973 1354
974 1351
975 1353
976 1355
977 1355
978 1353
979 1356
980 1353
981 1353
982 1351
983 1352
984 1357
985 1356
986 1352
987 1354
988 1353
989 1356
990 1352
991 1352
992 1351
993 1353
994 1352
995 1352
996 1353
997 1353
998 1356
999 1355
1000 1354
1001 1354
1002 1352
1003 1354
1004 1352
1005 1353
1006 1353
1007 1356
1008 1356
1009 1355
1010 1355
1011 1356
1012 1354
1013 1355
1014 1353
1015 1357
1016 1356
1017 1354
1018 1354
1019 1354
1020 1354
1021 1359
1022 1354
1023 1356
1024 1354
1025 1354
1026 1353
1027 1352
1028 1354
1029 1353
1030 1354
1031 1354
1032 1354
1033 1356
1034 1353
1035 1355
1036 1352
1037 1353
1038 1353
1039 1352
1040 1353
1041 1355
1042 1354
1043 1356
1044 1355
1045 1355
1046 1354
1047 1355
1048 1355
1049 1354
1050 1354
1051 1354
1052 1353
1053 1355
1054 1357
1055 1357
1056 1356
1057 1355
1058 1353
1059 1354
1060 1352
1061 1354
1062 1354
1063 1356
1064 1355
1065 1353
1066 1355
1067 1358
1068 1354
1069 1354
1070 1354
1071 1353
1072 1353
1073 1354
1074 1356
1075 1354
1076 1354
1077 1356
1078 1355
1079 1357
1080 1355
1081 1351
1082 1354
1083 1354
1084 1355
1085 1356
1086 1352
1087 1355
1088 1353
1089 1355
1090 1353
1091 1351
1092 1355
1093 1354
1094 1351
1095 1353
1096 1354
1097 1351
1098 1353
1099 1356
1100 1354
1101 1357
1102 1353
1103 1354
1104 1356
1105 1358
1106 1359
1107 1356
1108 1354
1109 1350
1110 1354
1111 1351
1112 1354
1113 1353
1114 1359
1115 1354
1116 1355
1117 1354
1118 1354
1119 1356
1120 1354
1121 1356
1122 1354
1123 1353
1124 1352
1125 1354
1126 1354
1127 1352
1128 1354
1129 1356
1130 1357
1131 1353
1132 1356
1133 1355
1134 1352
1135 1355
1136 1355
1137 1355
1138 1356
1139 1354
1140 1354
1141 1350
1142 1351
1143 1352
1144 1356
1145 1357
1146 1355
1147 1356
1148 1354
1149 1353
1150 1353
1151 1355
1152 1354
1153 1354
1154 1354
1155 1356
1156 1354
1157 1354
1158 1355
1159 1354
1160 1353
1161 1355
1162 1354
1163 1351
1164 1355
1165 1354
1166 1354
1167 1355
1168 1354
1169 1353
1170 1356
1171 1355
1172 1353
1173 1355
1174 1354
1175 1357
1176 1351
1177 1355
1178 1354
1179 1355
1180 1354
1181 1355
1182 1351
1183 1353
1184 1353
1185 1353
1186 1354
1187 1353
1188 1354
1189 1355
1190 1352
1191 1353
1192 1353
1193 1358
1194 1354
1195 1357
1196 1353
1197 1355
1198 1353
1199 1351
1200 1350
1201 1355
1202 1355
1203 1351
1204 1352
1205 1353
1206 1356
1207 1355
1208 1353
1209 1356
1210 1355
1211 1354
1212 1353
1213 1355
1214 1354
1215 1356
1216 1353
1217 1353
1218 1355
1219 1356
1220 1354
1221 1352
1222 1351
1223 1352
1224 1356
1225 1353
1226 1353
1227 1356
1228 1355
1229 1353
1230 1353
1231 1353
1232 1355
1233 1354
1234 1355
1235 1352
1236 1354
1237 1356
1238 1355
1239 1351
1240 1356
1241 1354
1242 1355
1243 1353
1244 1357
1245 1355
1246 1357
1247 1353
1248 1353
1249 1353
1250 1354
1251 1355
1252 1357
1253 1351
1254 1354
1255 1354
1256 1355
1257 1357
1258 1355
1259 1353
1260 1354
1261 1356
1262 1355
1263 1354
1264 1355
1265 1353
1266 1354
1267 1353
1268 1356
1269 1356
1270 1356
1271 1353
1272 1355
1273 1353
1274 1355
1275 1353
1276 1353
1277 1350
1278 1355
1279 1356
1280 1354
1281 1352
1282 1353
1283 1356
1284 1354
1285 1353
1286 1354
1287 1352
1288 1356
1289 1354
1290 1354
1291 1355
1292 1354
1293 1352
1294 1351
1295 1355
1296 1356
1297 1352
1298 1356
1299 1352
1300 1353
1301 1350
1302 1353
1303 1351
1304 1355
1305 1355
1306 1354
1307 1350
1308 1354
1309 1357
1310 1353
1311 1352
1312 1354
1313 1355
1314 1354
1315 1353
1316 1356
1317 1354
1318 1356
1319 1353
1320 1356
1321 1355
1322 1355
1323 1354
1324 1354
1325 1354
1326 1355
1327 1354
1328 1356
1329 1355
1330 1356
1331 1358
1332 1355
1333 1350
1334 1354
1335 1355
1336 1355
1337 1351
1338 1356
1339 1353
1340 1357
1341 1352
1342 1355
1343 1356
1344 1357
1345 1353
1346 1353
1347 1353
1348 1355
1349 1358
1350 1357
1351 1354
1352 1354
1353 1352
1354 1355
1355 1353
1356 1354
1357 1354
1358 1354
1359 1355
1360 1354
1361 1354
1362 1356
1363 1356
1364 1356
1365 1354
1366 1352
1367 1352
1368 1356
1369 1353
1370 1354
1371 1355
1372 1354
1373 1354
1374 1353
1375 1356
1376 1356
1377 1355
1378 1353
1379 1353
1380 1356
1381 1353
1382 1351
1383 1353
1384 1356
1385 1355
1386 1354
1387 1352
1388 1353
1389 1355
1390 1355
1391 1355
1392 1355
1393 1353
1394 1354
1395 1355
1396 1357
1397 1353
1398 1352
1399 1354
1400 1354
1401 1351
1402 1354
1403 1356
1404 1355
1405 1356
1406 1354
1407 1352
1408 1355
1409 1354
1410 1354
1411 1354
1412 1353
1413 1355
1414 1354
1415 1354
1416 1355
1417 1351
1418 1355
1419 1354
1420 1352
1421 1355
1422 1355
1423 1350
1424 1354
1425 1354
1426 1355
1427 1353
1428 1353
1429 1352
1430 1353
1431 1352
1432 1352
1433 1353
1434 1353
1435 1357
1436 1355
1437 1353
1438 1353
1439 1355
1440 1354
1441 1357
1442 1354
1443 1351
1444 1350
1445 1356
1446 1353
1447 1355
1448 1355
1449 1354
1450 1356
1451 1354
1452 1354
1453 1357
1454 1354
1455 1354
1456 1353
1457 1355
1458 1356
1459 1353
1460 1353
1461 1353
1462 1353
1463 1349
1464 1353
1465 1355
1466 1355
1467 1354
1468 1356
1469 1355
1470 1354
1471 1355
1472 1354
1473 1356
1474 1353
1475 1353
1476 1355
1477 1354
1478 1353
1479 1353
1480 1355
1481 1354
1482 1353
1483 1355
1484 1354
1485 1356
1486 1356
1487 1358
1488 1354
1489 1356
1490 1356
1491 1353
1492 1353
1493 1353
1494 1353
1495 1356
1496 1355
1497 1352
1498 1356
1499 1355
1500 1354
1501 1355
1502 1353
1503 1357
1504 1353
1505 1353
1506 1355
1507 1354
1508 1354
1509 1353
1510 1351
1511 1353
1512 1355
1513 1355
1514 1356
1515 1356
1516 1355
1517 1354
1518 1354
1519 1354
1520 1353
1521 1354
1522 1353
1523 1353
1524 1356
1525 1354
1526 1355
1527 1357
1528 1356
1529 1355
1530 1355
1531 1353
1532 1355
1533 1353
1534 1353
1535 1355
1536 1356
1537 1353
1538 1354
1539 1354
1540 1354
1541 1355
1542 1354
1543 1356
1544 1352
1545 1356
1546 1355
1547 1355
1548 1354
1549 1352
1550 1353
1551 1353
1552 1353
1553 1350
1554 1354
1555 1356
1556 1355
1557 1355
1558 1355
1559 1353
1560 1356
1561 1355
1562 1352
1563 1352
1564 1353
1565 1354
1566 1356
1567 1354
1568 1355
1569 1353
1570 1355
1571 1354
1572 1354
1573 1354
1574 1352
1575 1352
1576 1353
1577 1353
1578 1353
1579 1353
1580 1356
1581 1353
1582 1355
1583 1355
1584 1353
1585 1352
1586 1352
1587 1352
1588 1354
1589 1355
1590 1352
1591 1355
1592 1354
1593 1355
1594 1353
1595 1354
1596 1354
1597 1352
1598 1355
1599 1355
1600 1354
1601 1354
1602 1354
1603 1352
1604 1354
1605 1351
1606 1354
1607 1352
1608 1353
1609 1351
1610 1354
1611 1355
1612 1353
1613 1356
1614 1352
1615 1356
1616 1356
1617 1353
1618 1354
1619 1356
1620 1355
1621 1353
1622 1353
1623 1354
1624 1356
1625 1355
1626 1357
1627 1353
1628 1353
1629 1353
1630 1353
1631 1357
1632 1358
1633 1355
1634 1356
1635 1354
1636 1354
1637 1351
1638 1354
1639 1352
1640 1354
1641 1353
1642 1350
1643 1353
1644 1355
1645 1355
1646 1355
1647 1352
1648 1353
1649 1356
1650 1353
1651 1354
1652 1353
1653 1353
1654 1354
1655 1357
1656 1353
1657 1353
1658 1354
1659 1353
1660 1354
1661 1353
1662 1356
1663 1354
1664 1353
1665 1352
1666 1352
1667 1355
1668 1352
1669 1354
1670 1355
1671 1355
1672 1354
1673 1351
1674 1354
1675 1354
1676 1354
1677 1354
1678 1352
1679 1355
1680 1352
1681 1354
1682 1352
1683 1354
1684 1357
1685 1355
1686 1353
1687 1354
1688 1355
1689 1354
1690 1355
1691 1355
1692 1354
1693 1354
1694 1354
1695 1356
1696 1352
1697 1355
1698 1353
1699 1355
1700 1353
1701 1356
1702 1351
1703 1353
1704 1355
1705 1356
1706 1352
1707 1353
1708 1353
1709 1352
1710 1354
1711 1350
1712 1354
1713 1354
1714 1356
1715 1354
1716 1351
1717 1355
1718 1354
1719 1356
1720 1353
1721 1352
1722 1356
1723 1351
1724 1351
1725 1352
1726 1355
1727 1354
1728 1352
1729 1355
1730 1355
1731 1356
1732 1355
1733 1357
1734 1350
1735 1354
1736 1354
1737 1356
1738 1355
1739 1354
1740 1351
1741 1355
1742 1351
1743 1349
1744 1354
1745 1355
1746 1355
1747 1357
1748 1355
1749 1355
1750 1352
1751 1355
1752 1355
1753 1356
1754 1353
1755 1354
1756 1353
1757 1355
1758 1353
1759 1355
1760 1357
1761 1355
1762 1354
1763 1355
1764 1355
1765 1356
1766 1350
1767 1353
1768 1353
1769 1356
1770 1356
1771 1353
1772 1356
1773 1353
1774 1355
1775 1356
1776 1356
1777 1353
1778 1355
1779 1350
1780 1350
1781 1357
1782 1357
1783 1355
1784 1352
1785 1352
1786 1353
1787 1352
1788 1354
1789 1354
1790 1353
1791 1353
1792 1352
1793 1353
1794 1354
1795 1353
1796 1354
1797 1352
1798 1355
1799 1352
1800 1353
1801 1353
1802 1353
1803 1356
1804 1355
1805 1354
1806 1356
1807 1353
1808 1354
1809 1350
1810 1354
1811 1353
1812 1354
1813 1353
1814 1352
1815 1356
1816 1356
1817 1355
1818 1355
1819 1353
1820 1353
1821 1350
1822 1353
1823 1356
1824 1353
1825 1352
1826 1354
1827 1353
1828 1353
1829 1352
1830 1353
1831 1356
1832 1358
1833 1357
1834 1355
1835 1354
1836 1354
1837 1353
1838 1354
1839 1352
1840 1353
1841 1352
1842 1352
1843 1353
1844 1356
1845 1356
1846 1355
1847 1355
1848 1354
1849 1354
1850 1352
1851 1354
1852 1354
1853 1350
1854 1354
1855 1353
1856 1357
1857 1353
1858 1357
1859 1350
1860 1354
1861 1354
1862 1354
1863 1356
1864 1355
1865 1353
1866 1353
1867 1354
1868 1355
1869 1354
1870 1356
1871 1353
1872 1354
1873 1354
1874 1354
1875 1355
1876 1356
1877 1355
1878 1356
1879 1352
1880 1356
1881 1354
1882 1354
1883 1351
1884 1352
1885 1352
1886 1354
1887 1354
1888 1355
1889 1355
1890 1353
1891 1353
1892 1356
1893 1355
1894 1352
1895 1357
1896 1356
1897 1353
1898 1353
1899 1354
1900 1356
1901 1353
1902 1351
1903 1353
1904 1355
1905 1355
1906 1354
1907 1352
1908 1355
1909 1357
1910 1351
1911 1354
1912 1352
1913 1353
1914 1354
1915 1353
1916 1355
1917 1356
1918 1356
1919 1351
1920 1351
1921 1355
1922 1354
1923 1352
1924 1354
1925 1352
1926 1356
1927 1350
1928 1354
1929 1351
1930 1355
1931 1355
1932 1354
1933 1352
1934 1356
1935 1355
1936 1355
1937 1353
1938 1357
1939 1351
1940 1356
1941 1355
1942 1353
1943 1354
1944 1354
1945 1350
1946 1353
1947 1352
1948 1353
1949 1354
1950 1354
1951 1352
1952 1355
1953 1354
1954 1355
1955 1352
1956 1354
1957 1356
1958 1355
1959 1352
1960 1353
1961 1357
1962 1354
1963 1354
1964 1353
1965 1353
1966 1355
1967 1353
1968 1354
1969 1356
1970 1353
1971 1354
1972 1354
1973 1353
1974 1355
1975 1353
1976 1351
1977 1354
1978 1352
1979 1354
1980 1352
1981 1354
1982 1353
1983 1353
1984 1356
1985 1354
1986 1355
1987 1354
1988 1357
1989 1352
1990 1356
1991 1353
1992 1357
1993 1352
1994 1353
1995 1353
1996 1357
1997 1353
1998 1353
1999 1356
2000 1353
2001 1355
2002 1353
2003 1353
2004 1356
2005 1354
2006 1355
2007 1353
2008 1352
2009 1354
2010 1356
2011 1354
2012 1356
2013 1354
2014 1354
2015 1354
2016 1354
2017 1355
2018 1356
2019 1356
2020 1352
2021 1353
2022 1356
2023 1352
2024 1353
2025 1354
2026 1352
2027 1353
2028 1356
2029 1356
2030 1355
2031 1355
2032 1353
2033 1353
2034 1356
2035 1355
2036 1354
2037 1353
2038 1351
2039 1353
2040 1353
2041 1355
2042 1356
2043 1355
2044 1353
2045 1352
2046 1353
2047 1353
2048 1356
2049 1353
2050 1356
2051 1355
2052 1354
2053 1353
2054 1356
2055 1355
2056 1354
2057 1352
2058 1353
2059 1354
2060 1352
2061 1352
2062 1354
2063 1354
2064 1355
2065 1356
2066 1352
2067 1354
2068 1356
2069 1352
2070 1353
2071 1352
2072 1356
2073 1353
2074 1355
2075 1355
2076 1353
2077 1355
2078 1356
2079 1354
2080 1356
2081 1356
2082 1354
2083 1353
2084 1353
2085 1354
2086 1352
2087 1353
2088 1352
2089 1352
2090 1355
2091 1354
2092 1350
2093 1351
2094 1354
2095 1356
2096 1352
2097 1353
2098 1353
2099 1353
2100 1352
2101 1353
2102 1352
2103 1352
2104 1354
2105 1354
2106 1354
2107 1354
2108 1356
2109 1356
2110 1356
2111 1355
2112 1356
2113 1352
2114 1350
2115 1353
2116 1354
2117 1355
2118 1352
2119 1352
2120 1356
2121 1350
2122 1354
2123 1353
2124 1356
2125 1355
2126 1353
2127 1354
2128 1351
2129 1356
2130 1356
2131 1357
2132 1355
2133 1354
2134 1352
2135 1355
2136 1355
2137 1353
2138 1354
2139 1357
2140 1355
2141 1353
2142 1356
2143 1353
2144 1355
2145 1353
2146 1354
2147 1353
2148 1355
2149 1353
2150 1355
2151 1354
2152 1354
2153 1353
2154 1354
2155 1355
2156 1354
2157 1353
2158 1354
2159 1352
2160 1354
2161 1354
2162 1354
2163 1356
2164 1352
2165 1351
2166 1355
2167 1352
2168 1355
2169 1355
2170 1354
2171 1353
2172 1354
2173 1353
2174 1355
2175 1353
2176 1355
2177 1352
2178 1356
2179 1353
2180 1356
2181 1355
2182 1352
2183 1356
2184 1354
2185 1353
2186 1353
2187 1353
2188 1357
2189 1354
2190 1352
2191 1352
2192 1353
2193 1351
2194 1356
2195 1354
2196 1356
2197 1355
2198 1354
2199 1352
2200 1356
2201 1353
2202 1353
2203 1355
2204 1356
2205 1357
2206 1354
2207 1352
2208 1355
2209 1356
2210 1355
2211 1357
2212 1353
2213 1355
2214 1352
2215 1355
2216 1355
2217 1354
2218 1352
2219 1355
2220 1350
2221 1356
2222 1354
2223 1353
2224 1353
2225 1356
2226 1354
2227 1352
2228 1356
2229 1357
2230 1356
2231 1354
2232 1353
2233 1353
2234 1355
2235 1356
2236 1356
2237 1356
2238 1355
2239 1353
2240 1356
2241 1357
2242 1356
2243 1353
2244 1355
2245 1352
2246 1353
2247 1352
2248 1354
2249 1352
2250 1353
2251 1354
2252 1354
2253 1355
2254 1356
2255 1354
2256 1354
2257 1352
2258 1352
2259 1354
2260 1354
2261 1354
2262 1351
2263 1352
2264 1356
2265 1356
2266 1354
2267 1353
2268 1352
2269 1355
2270 1355
2271 1356
2272 1353
2273 1351
2274 1353
2275 1354
2276 1352
2277 1355
2278 1353
2279 1353
2280 1355
2281 1353
2282 1353
2283 1352
2284 1355
2285 1356
2286 1354
2287 1354
2288 1353
2289 1353
2290 1355
2291 1353
2292 1354
2293 1353
2294 1353
2295 1353
2296 1355
2297 1352
2298 1355
2299 1355
2300 1356
2301 1356
2302 1353
2303 1353
2304 1354
2305 1354
2306 1353
2307 1353
2308 1352
2309 1354
2310 1354
2311 1353
2312 1351
2313 1352
2314 1353
2315 1353
2316 1351
2317 1351
2318 1355
2319 1350
2320 1352
2321 1352
2322 1353
2323 1353
2324 1355
2325 1353
2326 1355
2327 1352
2328 1353
2329 1353
2330 1353
2331 1353
2332 1353
2333 1353
2334 1355
2335 1350
2336 1352
2337 1351
2338 1354
2339 1352
2340 1353
2341 1355
2342 1352
2343 1353
2344 1353
2345 1353
2346 1354
2347 1355
2348 1354
2349 1352
2350 1355
2351 1355
2352 1355
2353 1352
2354 1355
2355 1354
2356 1355
2357 1355
2358 1354
2359 1354
2360 1353
2361 1355
2362 1354
2363 1351
2364 1353
2365 1353
2366 1354
2367 1353
2368 1352
2369 1353
2370 1352
2371 1351
2372 1352
2373 1353
2374 1354
2375 1354
2376 1355
2377 1355
2378 1354
2379 1353
2380 1352
2381 1354
2382 1348
2383 1353
2384 1355
2385 1354
2386 1356
2387 1353
2388 1350
2389 1352
2390 1354
2391 1354
2392 1355
2393 1353
2394 1356
2395 1353
2396 1355
2397 1352
2398 1353
2399 1353
2400 1356
2401 1354
2402 1354
2403 1357
2404 1354
2405 1353
2406 1354
2407 1353
2408 1353
2409 1353
2410 1354
2411 1352
2412 1351
2413 1351
2414 1357
2415 1358
2416 1353
2417 1353
2418 1354
2419 1356
2420 1352
2421 1355
2422 1354
2423 1352
2424 1353
2425 1355
2426 1352
2427 1356
2428 1355
2429 1354
2430 1356
2431 1356
2432 1353
2433 1352
2434 1353
2435 1353
2436 1355
2437 1355
2438 1353
2439 1351
2440 1352
2441 1353
2442 1350
2443 1352
2444 1354
2445 1352
2446 1355
2447 1354
2448 1353
2449 1354
2450 1354
2451 1354
2452 1349
2453 1354
2454 1354
2455 1353
2456 1353
2457 1353
2458 1353
2459 1351
2460 1351
2461 1355
2462 1354
2463 1358
2464 1355
2465 1353
2466 1353
2467 1351
2468 1351
2469 1351
2470 1352
2471 1353
2472 1351
2473 1354
2474 1354
2475 1355
2476 1351
2477 1354
2478 1355
2479 1354
2480 1353
2481 1353
2482 1355
2483 1354
2484 1353
2485 1355
2486 1352
2487 1353
2488 1355
2489 1353
2490 1351
2491 1354
2492 1351
2493 1354
2494 1351
2495 1355
2496 1354
2497 1356
2498 1355
2499 1352
2500 1351
2501 1354
2502 1354
2503 1355
2504 1356
2505 1355
2506 1351
2507 1356
2508 1353
2509 1356
2510 1356
2511 1354
2512 1356
2513 1354
2514 1352
2515 1355
2516 1351
2517 1355
2518 1353
2519 1355
2520 1353
2521 1357
2522 1352
2523 1356
2524 1353
2525 1356
2526 1353
2527 1352
2528 1351
2529 1354
2530 1355
2531 1356
2532 1353
2533 1356
2534 1352
2535 1352
2536 1353
2537 1355
2538 1352
2539 1356
2540 1355
2541 1354
2542 1353
2543 1356
2544 1357
2545 1356
2546 1353
2547 1355
2548 1352
2549 1353
2550 1351
2551 1354
2552 1353
2553 1352
2554 1352
2555 1353
2556 1356
2557 1355
2558 1350
2559 1353
2560 1354
2561 1352
2562 1354
2563 1356
2564 1351
2565 1354
2566 1353
2567 1354
2568 1350
2569 1354
2570 1354
2571 1357
2572 1354
2573 1350
2574 1354
2575 1357
2576 1355
2577 1353
2578 1351
2579 1354
2580 1352
2581 1354
2582 1353
2583 1350
2584 1352
2585 1353
2586 1351
2587 1354
2588 1353
2589 1353
2590 1353
2591 1353
2592 1352
2593 1357
2594 1354
2595 1352
2596 1353
2597 1353
2598 1350
2599 1354
2600 1355
2601 1354
2602 1354
2603 1354
2604 1356
2605 1354
2606 1351
2607 1355
2608 1354
2609 1354
2610 1354
2611 1356
2612 1352
2613 1351
2614 1352
2615 1355
2616 1354
2617 1354
2618 1352
2619 1354
2620 1353
2621 1355
2622 1353
2623 1356
2624 1355
2625 1355
2626 1352
2627 1353
2628 1353
2629 1352
2630 1352
2631 1353
2632 1352
2633 1352
2634 1352
2635 1355
2636 1355
2637 1352
2638 1355
2639 1356
2640 1356
2641 1353
2642 1352
2643 1354
2644 1355
2645 1353
2646 1354
2647 1353
2648 1353
2649 1356
2650 1354
2651 1357
2652 1352
2653 1354
2654 1351
2655 1353
2656 1352
2657 1356
2658 1353
2659 1354
2660 1354
2661 1355
2662 1353
2663 1350
2664 1354
2665 1357
2666 1354
2667 1355
2668 1352
2669 1353
2670 1353
2671 1354
2672 1351
2673 1353
2674 1351
2675 1353
2676 1353
2677 1352
2678 1350
2679 1353
2680 1353
2681 1353
2682 1353
2683 1356
2684 1356
2685 1352
2686 1355
2687 1355
2688 1356
2689 1355
2690 1352
2691 1356
2692 1352
2693 1354
2694 1353
2695 1355
2696 1354
2697 1355
2698 1353
2699 1355
2700 1351
2701 1356
2702 1353
2703 1353
2704 1350
2705 1352
2706 1354
2707 1355
2708 1355
2709 1354
2710 1354
2711 1354
2712 1354
2713 1357
2714 1353
2715 1353
2716 1353
2717 1353
2718 1353
2719 1352
2720 1355
2721 1353
2722 1354
2723 1353
2724 1355
2725 1354
2726 1354
2727 1354
2728 1355
2729 1354
2730 1351
2731 1354
2732 1355
2733 1353
2734 1351
2735 1356
2736 1354
2737 1352
2738 1351
2739 1351
2740 1354
2741 1354
2742 1352
2743 1354
2744 1353
2745 1353
2746 1355
2747 1356
2748 1355
2749 1356
2750 1354
2751 1350
2752 1353
2753 1354
2754 1354
2755 1356
2756 1355
2757 1354
2758 1353
2759 1350
2760 1354
2761 1351
2762 1352
2763 1351
2764 1353
2765 1353
2766 1355
2767 1354
2768 1356
2769 1352
2770 1352
2771 1353
2772 1353
2773 1353
2774 1354
2775 1353
2776 1352
2777 1355
2778 1354
2779 1354
2780 1357
2781 1353
2782 1352
2783 1352
2784 1353
2785 1355
2786 1354
2787 1352
2788 1356
2789 1356
2790 1352
2791 1351
2792 1352
2793 1356
2794 1355
2795 1356
2796 1356
2797 1353
2798 1353
2799 1355
2800 1353
2801 1353
2802 1353
2803 1353
2804 1356
2805 1355
2806 1355
2807 1355
2808 1355
2809 1352
2810 1355
2811 1354
2812 1356
2813 1356
2814 1356
2815 1352
2816 1354
2817 1354
2818 1357
2819 1355
2820 1357
2821 1353
2822 1354
2823 1353
2824 1355
2825 1355
2826 1354
2827 1352
2828 1354
2829 1355
2830 1351
2831 1350
2832 1354
2833 1356
2834 1354
2835 1357
2836 1355
2837 1355
2838 1353
2839 1354
2840 1354
2841 1355
2842 1356
2843 1354
2844 1355
2845 1354
2846 1356
2847 1355
2848 1356
2849 1353
2850 1353
2851 1356
2852 1353
2853 1352
2854 1357
2855 1354
2856 1353
2857 1354
2858 1356
2859 1355
2860 1353
2861 1354
2862 1355
2863 1356
2864 1354
2865 1354
2866 1355
2867 1357
2868 1356
2869 1355
2870 1356
2871 1356
2872 1353
2873 1352
2874 1356
2875 1356
2876 1352
2877 1354
2878 1356
2879 1355
2880 1356
2881 1355
2882 1352
2883 1354
2884 1356
2885 1356
2886 1351
2887 1354
2888 1356
2889 1353
2890 1352
2891 1352
2892 1353
2893 1354
2894 1353
2895 1351
2896 1356
2897 1356
2898 1353
2899 1353
2900 1354
2901 1356
2902 1356
2903 1357
2904 1355
2905 1352
2906 1354
2907 1354
2908 1356
2909 1355
2910 1355
2911 1354
2912 1356
2913 1353
2914 1354
2915 1352
2916 1352
2917 1352
2918 1354
2919 1353
2920 1354
2921 1354
2922 1355
2923 1354
2924 1354
2925 1357
2926 1356
2927 1353
2928 1353
2929 1352
2930 1353
2931 1356
2932 1355
2933 1355
2934 1356
2935 1355
2936 1354
2937 1356
2938 1353
2939 1353
2940 1351
2941 1353
2942 1351
2943 1357
2944 1354
2945 1356
2946 1354
2947 1353
2948 1356
2949 1354
2950 1357
2951 1356
2952 1354
2953 1352
2954 1353
2955 1354
2956 1353
2957 1357
2958 1353
2959 1353
2960 1354
2961 1357
2962 1357
2963 1355
2964 1357
2965 1356
2966 1357
2967 1355
2968 1356
2969 1354
2970 1353
2971 1355
2972 1355
2973 1353
2974 1355
2975 1353
2976 1354
2977 1353
2978 1352
2979 1356
2980 1352
2981 1352
2982 1350
2983 1350
2984 1354
2985 1354
2986 1354
2987 1354
2988 1355
2989 1355
2990 1351
2991 1353
2992 1354
2993 1351
2994 1353
2995 1353
2996 1356
2997 1356
2998 1355
2999 1356
3000 1355
3001 1357
3002 1355
3003 1353
3004 1354
3005 1352
3006 1354
3007 1354
3008 1353
3009 1352
3010 1354
3011 1356
3012 1352
3013 1353
3014 1355
3015 1357
3016 1357
3017 1357
3018 1356
3019 1356
3020 1354
3021 1356
3022 1355
3023 1356
3024 1355
3025 1355
3026 1354
3027 1353
3028 1353
3029 1357
3030 1357
3031 1355
3032 1358
3033 1353
3034 1355
3035 1353
3036 1354
3037 1353
3038 1355
3039 1353
3040 1355
3041 1353
3042 1355
3043 1354
3044 1357
3045 1354
3046 1356
3047 1355
3048 1355
3049 1354
3050 1352
3051 1353
3052 1353
3053 1354
3054 1356
3055 1357
3056 1355
3057 1357
3058 1353
3059 1357
3060 1353
3061 1356
3062 1355
3063 1355
3064 1355
3065 1356
3066 1355
3067 1353
3068 1356
3069 1357
3070 1355
3071 1356
3072 1352
3073 1352
3074 1358
3075 1355
3076 1355
3077 1353
3078 1355
3079 1354
3080 1353
3081 1354
3082 1355
3083 1356
3084 1354
3085 1356
3086 1357
3087 1352
3088 1354
3089 1355
3090 1352
3091 1357
3092 1353
3093 1355
3094 1355
3095 1357
3096 1355
3097 1356
3098 1356
3099 1356
3100 1352
3101 1354
3102 1356
3103 1358
3104 1356
3105 1357
3106 1352
3107 1355
3108 1354
3109 1352
3110 1355
3111 1353
3112 1355
3113 1357
3114 1352
3115 1354
3116 1355
3117 1359
3118 1352
3119 1352
3120 1356
3121 1357
3122 1352
3123 1354
3124 1353
3125 1352
3126 1353
3127 1356
3128 1353
3129 1354
3130 1354
3131 1355
3132 1356
3133 1357
3134 1354
3135 1355
3136 1354
3137 1355
3138 1354
3139 1353
3140 1353
3141 1352
3142 1352
3143 1355
3144 1356
3145 1356
3146 1355
3147 1353
3148 1354
3149 1356
3150 1354
3151 1353
3152 1354
3153 1356
3154 1354
3155 1353
3156 1352
3157 1354
3158 1356
3159 1354
3160 1356
3161 1354
3162 1354
3163 1355
3164 1354
3165 1356
3166 1353
3167 1351
3168 1354
3169 1354
3170 1352
3171 1356
3172 1353
3173 1355
3174 1356
3175 1357
3176 1354
3177 1354
3178 1354
3179 1352
3180 1355
3181 1354
3182 1353
3183 1356
3184 1351
3185 1352
3186 1353
3187 1353
3188 1353
3189 1356
3190 1355
3191 1357
3192 1353
3193 1354
3194 1354
3195 1357
3196 1355
3197 1354
3198 1353
3199 1351
3200 1351
3201 1353
3202 1352
3203 1353
3204 1355
3205 1357
3206 1352
3207 1354
3208 1353
3209 1354
3210 1355
3211 1354
3212 1358
3213 1356
3214 1352
3215 1351
3216 1355
3217 1355
3218 1353
3219 1356
3220 1355
3221 1354
3222 1355
3223 1353
3224 1357
3225 1355
3226 1355
3227 1356
3228 1353
3229 1354
3230 1354
3231 1353
3232 1353
3233 1351
3234 1352
3235 1355
3236 1354
3237 1353
3238 1353
3239 1352
3240 1352
3241 1353
3242 1354
3243 1355
3244 1352
3245 1355
3246 1352
3247 1355
3248 1353
3249 1354
3250 1354
3251 1355
3252 1352
3253 1354
3254 1352
3255 1351
3256 1356
3257 1355
3258 1355
3259 1355
3260 1355
3261 1354
3262 1353
3263 1353
3264 1355
3265 1356
3266 1354
3267 1355
3268 1354
3269 1355
3270 1356
3271 1356
3272 1354
3273 1354
3274 1352
3275 1352
3276 1352
3277 1357
3278 1354
3279 1352
3280 1356
3281 1357
3282 1357
3283 1355
3284 1353
3285 1356
3286 1351
3287 1354
3288 1353
3289 1357
3290 1354
3291 1354
3292 1355
3293 1354
3294 1356
3295 1356
3296 1356
3297 1355
3298 1356
3299 1357
3300 1355
3301 1355
3302 1354
3303 1353
3304 1355
3305 1353
3306 1353
3307 1356
3308 1354
3309 1355
3310 1353
3311 1357
3312 1351
3313 1353
3314 1354
3315 1352
3316 1354
3317 1354
3318 1352
3319 1354
3320 1352
3321 1352
3322 1354
3323 1353
3324 1356
3325 1357
3326 1356
3327 1353
3328 1355
3329 1355
3330 1354
3331 1355
3332 1354
3333 1355
3334 1357
3335 1357
3336 1354
3337 1355
3338 1354
3339 1355
3340 1355
3341 1354
3342 1353
3343 1354
3344 1353
3345 1354
3346 1353
3347 1353
3348 1354
3349 1355
3350 1355
3351 1354
3352 1356
3353 1355
3354 1351
3355 1354
3356 1355
3357 1353
3358 1356
3359 1353
3360 1355
3361 1355
3362 1352
3363 1354
3364 1355
3365 1356
3366 1353
3367 1353
3368 1356
3369 1355
3370 1355
3371 1356
3372 1354
3373 1357
3374 1354
3375 1356
3376 1354
3377 1357
3378 1354
3379 1354
3380 1352
3381 1355
3382 1355
3383 1356
3384 1354
3385 1356
3386 1355
3387 1354
3388 1352
3389 1353
3390 1355
3391 1357
3392 1352
3393 1356
3394 1356
3395 1354
3396 1355
3397 1353
3398 1352
3399 1355
3400 1355
3401 1355
3402 1354
3403 1353
3404 1356
3405 1356
3406 1356
3407 1354
3408 1354
3409 1355
3410 1358
3411 1354
3412 1356
3413 1354
3414 1352
3415 1356
3416 1354
3417 1353
3418 1353
3419 1353
3420 1354
3421 1356
3422 1352
3423 1356
3424 1357
3425 1357
3426 1356
3427 1357
3428 1354
3429 1357
3430 1357
3431 1354
3432 1355
3433 1355
3434 1353
3435 1355
3436 1353
3437 1356
3438 1354
3439 1353
3440 1353
3441 1356
3442 1354
3443 1352
3444 1353
3445 1353
3446 1354
3447 1357
3448 1354
3449 1354
3450 1354
3451 1354
3452 1353
3453 1352
3454 1356
3455 1357
3456 1355
3457 1353
3458 1354
3459 1358
3460 1355
3461 1352
3462 1354
3463 1354
3464 1356
3465 1353
3466 1355
3467 1352
3468 1352
3469 1355
3470 1356
3471 1353
3472 1354
3473 1354
3474 1353
3475 1357
3476 1355
3477 1354
3478 1356
3479 1353
3480 1356
3481 1355
3482 1357
3483 1355
3484 1355
3485 1354
3486 1354
3487 1354
3488 1354
3489 1356
3490 1353
3491 1352
3492 1354
3493 1353
3494 1355
3495 1353
3496 1356
3497 1350
3498 1354
3499 1356
3500 1357
3501 1358
3502 1354
3503 1351
3504 1352
3505 1354
3506 1353
3507 1356
3508 1353
3509 1356
3510 1353
3511 1353
3512 1353
3513 1353
3514 1354
3515 1355
3516 1355
3517 1356
3518 1356
3519 1353
3520 1354
3521 1353
3522 1353
3523 1351
3524 1353
3525 1357
3526 1354
3527 1350
3528 1352
3529 1350
3530 1354
3531 1355
3532 1353
3533 1350
3534 1353
3535 1350
3536 1350
3537 1351
3538 1354
3539 1355
3540 1353
3541 1354
3542 1355
3543 1355
3544 1356
3545 1355
3546 1354
3547 1355
3548 1352
3549 1353
3550 1353
3551 1354
3552 1353
3553 1354
3554 1354
3555 1357
3556 1354
3557 1355
3558 1354
3559 1355
3560 1354
3561 1354
3562 1353
3563 1356
3564 1356
3565 1353
3566 1355
3567 1354
3568 1354
3569 1356
3570 1353
3571 1356
3572 1354
3573 1354
3574 1354
3575 1353
3576 1356
3577 1356
3578 1354
3579 1355
3580 1351
3581 1354
3582 1352
3583 1354
3584 1355
3585 1353
3586 1353
3587 1352
3588 1354
3589 1354
3590 1354
3591 1353
3592 1353
3593 1351
3594 1353
3595 1351
3596 1351
3597 1354
3598 1353
3599 1355
3600 1355
3601 1357
3602 1355
3603 1354
3604 1355
3605 1354
3606 1354
3607 1355
3608 1355
3609 1355
3610 1355
3611 1352
3612 1352
3613 1352
3614 1357
3615 1357
3616 1355
3617 1354
3618 1353
3619 1351
3620 1351
3621 1354
3622 1352
3623 1353
3624 1353
3625 1351
3626 1355
3627 1355
3628 1353
3629 1356
3630 1355
3631 1355
3632 1355
3633 1355
3634 1355
3635 1355
3636 1356
3637 1353
3638 1356
3639 1352
3640 1350
3641 1353
3642 1351
3643 1352
3644 1357
3645 1356
3646 1356
3647 1353
3648 1352
3649 1352
3650 1352
3651 1354
3652 1356
3653 1351
3654 1354
3655 1349
3656 1351
3657 1353
3658 1356
3659 1356
3660 1352
3661 1354
3662 1354
3663 1354
3664 1356
3665 1352
3666 1355
3667 1355
3668 1355
3669 1353
3670 1355
3671 1355
3672 1353
3673 1354
3674 1353
3675 1353
3676 1354
3677 1353
3678 1354
3679 1355
3680 1354
3681 1352
3682 1355
3683 1353
3684 1356
3685 1354
3686 1356
3687 1355
3688 1354
3689 1355
3690 1356
3691 1353
3692 1353
3693 1352
3694 1354
3695 1354
3696 1354
3697 1351
3698 1353
3699 1354
3700 1355
3701 1354
3702 1356
3703 1353
3704 1354
3705 1354
3706 1351
3707 1353
3708 1352
3709 1354
3710 1356
3711 1351
3712 1352
3713 1354
3714 1355
3715 1352
3716 1351
3717 1350
3718 1354
3719 1354
3720 1353
3721 1354
3722 1354
3723 1356
3724 1351
3725 1350
3726 1353
3727 1353
3728 1351
3729 1354
3730 1353
3731 1356
3732 1354
3733 1351
3734 1354
3735 1355
3736 1355
3737 1351
3738 1355
3739 1353
3740 1353
3741 1353
3742 1350
3743 1352
3744 1356
3745 1353
3746 1354
3747 1352
3748 1353
3749 1352
3750 1353
3751 1350
3752 1352
3753 1352
3754 1351
3755 1352
3756 1354
3757 1351
3758 1356
3759 1353
3760 1354
3761 1350
3762 1354
3763 1354
3764 1353
3765 1352
3766 1353
3767 1351
3768 1354
3769 1352
3770 1352
3771 1350
3772 1353
3773 1350
3774 1356
3775 1353
3776 1354
3777 1352
3778 1353
3779 1350
3780 1355
3781 1350
3782 1355
3783 1353
3784 1352
3785 1353
3786 1354
3787 1353
3788 1354
3789 1352
3790 1357
3791 1351
3792 1352
3793 1349
3794 1352
3795 1354
3796 1355
3797 1350
3798 1355
3799 1354
3800 1352
3801 1354
3802 1349
3803 1350
3804 1354
3805 1356
3806 1353
3807 1352
3808 1353
3809 1352
3810 1354
3811 1352
3812 1353
3813 1352
3814 1354
3815 1352
3816 1355
3817 1354
3818 1354
3819 1352
3820 1355
3821 1354
3822 1351
3823 1354
3824 1355
3825 1352
3826 1353
3827 1353
3828 1354
3829 1353
3830 1353
3831 1355
3832 1354
3833 1352
3834 1356
3835 1354
3836 1355
3837 1352
3838 1352
3839 1352
3840 1353
3841 1357
3842 1353
3843 1353
3844 1349
3845 1354
3846 1356
3847 1353
3848 1353
3849 1355
3850 1354
3851 1355
3852 1354
3853 1354
3854 1355
3855 1356
3856 1354
3857 1354
3858 1356
3859 1351
3860 1354
3861 1353
3862 1353
3863 1351
3864 1353
3865 1354
3866 1353
3867 1353
3868 1355
3869 1354
3870 1352
3871 1353
3872 1352
3873 1353
3874 1350
3875 1352
3876 1354
3877 1355
3878 1352
3879 1352
3880 1353
3881 1355
3882 1354
3883 1356
3884 1353
3885 1352
3886 1354
3887 1353
3888 1355
3889 1351
3890 1352
3891 1355
3892 1353
3893 1352
3894 1353
3895 1352
3896 1355
3897 1356
3898 1355
3899 1353
3900 1352
3901 1352
3902 1355
3903 1353
3904 1353
3905 1351
3906 1356
3907 1352
3908 1354
3909 1354
3910 1355
3911 1353
3912 1351
3913 1353
3914 1352
3915 1353
3916 1355
3917 1355
3918 1355
3919 1355
3920 1353
3921 1353
3922 1354
3923 1353
3924 1354
3925 1351
3926 1353
3927 1355
3928 1355
3929 1351
3930 1356
3931 1353
3932 1355
3933 1354
3934 1354
3935 1353
3936 1353
3937 1354
3938 1353
3939 1354
3940 1355
3941 1352
3942 1354
3943 1354
3944 1356
3945 1353
3946 1353
3947 1354
3948 1355
3949 1353
3950 1355
3951 1356
3952 1354
3953 1356
3954 1352
3955 1352
3956 1354
3957 1354
3958 1352
3959 1354
3960 1353
3961 1355
3962 1355
3963 1353
3964 1353
3965 1356
3966 1355
3967 1355
3968 1351
3969 1352
3970 1355
3971 1357
3972 1354
3973 1356
3974 1354
3975 1354
3976 1354
3977 1353
3978 1357
3979 1352
3980 1355
3981 1356
3982 1354
3983 1356
3984 1356
3985 1356
3986 1355
3987 1355
3988 1354
3989 1352
3990 1351
3991 1353
3992 1353
3993 1354
3994 1354
3995 1354
3996 1353
3997 1352
3998 1355
3999 1354
