0 1356
1 1354
2 1357
3 1355
4 1356
5 1354
6 1355
7 1355
8 1355
9 1353
10 1356
11 1354
12 1356
13 1354
14 1355
15 1355
16 1355
17 1358
18 1356
19 1355
20 1357
21 1356
22 1354
23 1355
24 1355
25 1353
26 1357
27 1356
28 1357
29 1355
30 1357
31 1357
32 1357
33 1358
34 1357
35 1357
36 1356
37 1355
38 1354
39 1356
40 1358
41 1358
42 1356
43 1355
44 1355
45 1354
46 1357
47 1358
48 1356
49 1355
50 1352
51 1354
52 1360
53 1356
54 1353
55 1354
56 1357
57 1355
58 1356
59 1353
60 1350
61 1356
62 1360
63 1356
64 1356
65 1353
66 1356
67 1358
68 1357
69 1354
70 1352
71 1355
72 1355
73 1353
74 1354
75 1354
76 1360
77 1357
78 1356
79 1354
80 1353
81 1354
82 1357
83 1358
84 1355
85 1355
86 1354
87 1357
88 1356
89 1355
90 1355
91 1357
92 1357
93 1354
94 1357
95 1355
96 1355
97 1353
98 1353
99 1355
100 1355
101 1356
102 1356
103 1354
104 1358
105 1355
106 1354
107 1355
108 1357
109 1355
110 1356
111 1355
112 1356
113 1356
114 1355
115 1355
116 1353
117 1355
118 1356
119 1356
120 1355
121 1353
122 1355
123 1352
124 1355
125 1351
126 1353
127 1355
128 1355
129 1355
130 1357
131 1357
132 1355
133 1356
134 1353
135 1355
136 1353
137 1354
138 1356
139 1356
140 1353
141 1355
142 1357
143 1357
144 1356
145 1356
146 1353
147 1356
148 1356
149 1355
150 1357
151 1356
152 1354
153 1356
154 1355
155 1354
156 1353
157 1353
158 1355
159 1352
160 1353
161 1355
162 1355
163 1354
164 1353
165 1357
166 1357
167 1355
168 1354
169 1354
170 1353
171 1355
172 1356
173 1356
174 1356
175 1355
176 1357
177 1356
178 1356
179 1354
180 1354
181 1358
182 1354
183 1355
184 1357
185 1354
186 1357
187 1356
188 1356
189 1354
190 1356
191 1356
192 1353
193 1353
194 1357
195 1357
196 1356
197 1356
198 1356
199 1357
200 1354
201 1356
202 1355
203 1355
204 1358
205 1355
206 1354
207 1357
208 1357
209 1357
210 1357
211 1354
212 1356
213 1353
214 1352
215 1354
216 1356
217 1353
218 1353
219 1354
220 1353
221 1356
222 1355
223 1355
224 1355
225 1354
226 1355
227 1356
228 1355
229 1353
230 1356
231 1355
232 1357
233 1355
234 1357
235 1353
236 1355
237 1352
238 1357
239 1354
240 1352
241 1356
242 1358
243 1359
244 1354
245 1353
246 1354
247 1356
248 1356
249 1353
250 1352
251 1355
252 1356
253 1355
254 1354
255 1354
256 1355
257 1355
258 1355
259 1357
260 1355
261 1356
262 1352
263 1356
264 1360
265 1353
266 1354
267 1355
268 1359
269 1356
270 1352
271 1355
272 1357
273 1356
274 1354
275 1353
276 1355
277 1352
278 1356
279 1354
280 1356
281 1356
282 1357
283 1354
284 1355
285 1354
286 1357
287 1353
288 1356
289 1352
290 1355
291 1352
292 1353
293 1356
294 1356
295 1356
296 1358
297 1357
298 1357
299 1357
300 1356
301 1356
302 1357
303 1355
304 1356
305 1355
306 1355
307 1354
308 1355
309 1354
310 1357
311 1355
312 1356
313 1354
314 1355
315 1355
316 1357
317 1353
318 1357
319 1354
320 1355
321 1357
322 1356
323 1354
324 1357
325 1356
326 1355
327 1355
328 1356
329 1355
330 1358
331 1356
332 1359
333 1355
334 1358
335 1354
336 1354
337 1354
338 1355
339 1354
340 1355
341 1352
342 1355
343 1354
344 1356
345 1354
346 1356
347 1355
348 1358
349 1357
350 1356
351 1356
352 1356
353 1353
354 1356
355 1356
356 1356
357 1356
358 1356
359 1354
360 1354
361 1354
362 1356
363 1354
364 1357
365 1356
366 1359
367 1354
368 1355
369 1354
370 1357
371 1353
372 1352
373 1353
374 1353
375 1355
376 1358
377 1353
378 1356
379 1354
380 1357
381 1358
382 1357
383 1358
384 1360
385 1355
386 1358
387 1353
388 1357
389 1356
390 1355
391 1356
392 1357
393 1355
394 1356
395 1357
396 1354
397 1355
398 1355
399 1356
400 1354
401 1356
402 1356
403 1358
404 1355
405 1354
406 1355
407 1355
408 1356
409 1356
410 1354
411 1353
412 1354
413 1356
414 1356
415 1353
416 1357
417 1356
418 1357
419 1350
420 1352
421 1355
422 1361
423 1358
424 1355
425 1354
426 1358
427 1355
428 1352
429 1355
430 1357
431 1355
432 1355
433 1355
434 1356
435 1354
436 1355
437 1354
438 1357
439 1357
440 1358
441 1355
442 1353
443 1357
444 1358
445 1355
446 1352
447 1356
448 1359
449 1355
450 1355
451 1356
452 1357
453 1357
454 1357
455 1354
456 1356
457 1354
458 1357
459 1355
460 1357
461 1356
462 1358
463 1355
464 1354
465 1354
466 1354
467 1356
468 1358
469 1357
470 1356
471 1357
472 1357
473 1356
474 1357
475 1354
476 1359
477 1356
478 1357
479 1356
480 1355
481 1352
482 1353
483 1358
484 1355
485 1354
486 1356
487 1356
488 1355
489 1354
490 1357
491 1355
492 1357
493 1356
494 1355
495 1354
496 1357
497 1355
498 1355
499 1358
500 1359
501 1355
502 1356
503 1357
504 1356
505 1354
506 1357
507 1356
508 1357
509 1356
510 1356
511 1356
512 1355
513 1355
514 1353
515 1355
516 1357
517 1357
518 1356
519 1356
520 1354
521 1353
522 1353
523 1356
524 1356
525 1356
526 1357
527 1355
528 1356
529 1356
530 1357
531 1356
532 1360
533 1361
534 1365
535 1372
536 1383
537 1392
538 1408
539 1433
540 1455
541 1487
542 1514
543 1543
544 1573
545 1601
546 1628
547 1659
548 1683
549 1711
550 1727
551 1742
552 1747
553 1753
554 1755
555 1756
556 1753
557 1750
558 1743
559 1739
560 1726
561 1718
562 1703
563 1700
564 1682
565 1671
566 1658
567 1640
568 1630
569 1619
570 1608
571 1596
572 1581
573 1569
574 1557
575 1546
576 1535
577 1521
578 1509
579 1499
580 1490
581 1483
582 1472
583 1466
584 1456
585 1452
586 1444
587 1443
588 1436
589 1433
590 1427
591 1424
592 1421
593 1414
594 1411
595 1408
596 1406
597 1402
598 1398
599 1394
600 1391
601 1390
602 1390
603 1389
604 1384
605 1383
606 1381
607 1380
608 1378
609 1376
610 1374
611 1374
612 1372
613 1371
614 1369
615 1370
616 1371
617 1366
618 1366
619 1367
620 1369
621 1364
622 1364
623 1363
624 1363
625 1360
626 1362
627 1363
628 1362
629 1363
630 1360
631 1361
632 1361
633 1358
634 1357
635 1360
636 1358
637 1357
638 1359
639 1361
640 1356
641 1359
642 1357
643 1358
644 1360
645 1356
646 1354
647 1356
648 1355
649 1355
650 1357
651 1356
652 1358
653 1358
654 1357
655 1356
656 1355
657 1356
658 1356
659 1356
660 1355
661 1356
662 1356
663 1353
664 1355
665 1354
666 1356
667 1356
668 1355
669 1357
670 1354
671 1356
672 1353
673 1353
674 1350
675 1354
676 1354
677 1356
678 1355
679 1356
680 1353
681 1354
682 1357
683 1356
684 1354
685 1356
686 1357
687 1360
688 1356
689 1356
690 1357
691 1356
692 1357
693 1357
694 1354
695 1355
696 1358
697 1356
698 1356
699 1355
700 1355
701 1356
702 1354
703 1357
704 1353
705 1356
706 1356
707 1353
708 1355
709 1354
710 1354
711 1354
712 1354
713 1356
714 1352
715 1354
716 1354
717 1355
718 1355
719 1356
720 1354
721 1358
722 1358
723 1356
724 1356
725 1354
726 1355
727 1357
728 1357
729 1357
730 1355
731 1356
732 1354
733 1353
734 1356
735 1354
736 1356
737 1356
738 1352
739 1353
740 1355
741 1356
742 1355
743 1356
744 1356
745 1356
746 1355
747 1354
748 1357
749 1356
750 1356
751 1356
752 1355
753 1355
754 1353
755 1356
756 1351
757 1358
758 1356
759 1359
760 1354
761 1355
762 1353
763 1355
764 1354
765 1356
766 1357
767 1355
768 1354
769 1354
770 1357
771 1355
772 1357
773 1355
774 1355
775 1356
776 1357
777 1356
778 1356
779 1353
780 1352
781 1356
782 1358
783 1358
784 1354
785 1356
786 1355
787 1357
788 1357
789 1356
790 1354
791 1356
792 1355
793 1353
794 1357
795 1354
796 1357
797 1354
798 1354
799 1354
800 1356
801 1357
802 1355
803 1358
804 1357
805 1353
806 1353
807 1356
808 1358
809 1356
810 1353
811 1357
812 1357
813 1354
814 1354
815 1355
816 1357
817 1355
818 1355
819 1351
820 1353
821 1356
822 1357
823 1356
824 1353
825 1355
826 1356
827 1357
828 1356
829 1353
830 1352
831 1355
832 1354
833 1356
834 1352
835 1352
836 1355
837 1357
838 1357
839 1356
840 1357
841 1355
842 1354
843 1357
844 1355
845 1354
846 1353
847 1353
848 1357
849 1357
850 1356
851 1356
852 1354
853 1355
854 1357
855 1355
856 1356
857 1357
858 1355
859 1353
860 1355
861 1354
862 1355
863 1354
864 1355
865 1354
866 1356
867 1356
868 1354
869 1355
870 1355
871 1356
872 1355
873 1355
874 1354
875 1354
876 1358
877 1357
878 1358
879 1352
880 1357
881 1355
882 1355
883 1356
884 1355
885 1355
886 1357
887 1355
888 1353
889 1355
890 1356
891 1356
892 1357
893 1356
894 1355
895 1353
896 1357
897 1357
898 1355
899 1354
900 1357
901 1356
902 1356
903 1355
904 1355
905 1356
906 1356
907 1358
908 1357
909 1357
910 1358
911 1356
912 1356
913 1355
914 1356
915 1354
916 1355
917 1355
918 1356
919 1357
920 1355
921 1353
922 1357
923 1355
924 1357
925 1356
926 1355
927 1354
928 1355
929 1355
930 1353
931 1355
932 1353
933 1355
934 1357
935 1356
936 1358
937 1356
938 1355
939 1356
940 1354
941 1357
942 1355
943 1356
944 1355
945 1354
946 1355
947 1356
948 1356
949 1353
950 1355
951 1356
952 1356
953 1356
954 1352
955 1354
956 1355
957 1355
958 1354
959 1352
960 1357
961 1356
962 1359
963 1356
964 1357
965 1358
966 1358
967 1357
968 1357
969 1356
970 1356
971 1354
972 1357
973 1354
974 1355
975 1356
976 1356
977 1353
978 1356
979 1354
980 1354
981 1354
982 1358
983 1355
984 1357
985 1354
986 1357
987 1355
988 1357
989 1355
990 1357
991 1355
992 1354
993 1355
994 1356
995 1356
996 1358
997 1355
998 1354
999 1354
1000 1355
1001 1357
1002 1357
1003 1355
1004 1357
1005 1354
1006 1355
1007 1356
1008 1357
1009 1358
1010 1357
1011 1358
1012 1353
1013 1357
1014 1355
1015 1355
1016 1358
1017 1355
1018 1354
1019 1355
1020 1353
1021 1355
1022 1354
1023 1355
1024 1353
1025 1354
1026 1356
1027 1356
1028 1357
1029 1356
1030 1355
1031 1353
1032 1354
1033 1353
1034 1357
1035 1355
1036 1355
1037 1354
1038 1353
1039 1354
1040 1356
1041 1356
1042 1354
1043 1356
1044 1356
1045 1352
1046 1356
1047 1354
1048 1353
1049 1355
1050 1354
1051 1351
1052 1355
1053 1356
1054 1357
1055 1353
1056 1352
1057 1356
1058 1355
1059 1352
1060 1357
1061 1354
1062 1354
1063 1357
1064 1355
1065 1353
1066 1355
1067 1354
1068 1355
1069 1355
1070 1354
1071 1356
1072 1355
1073 1352
1074 1356
1075 1355
1076 1357
1077 1356
1078 1354
1079 1355
1080 1355
1081 1355
1082 1355
1083 1354
1084 1355
1085 1356
1086 1355
1087 1354
1088 1354
1089 1355
1090 1355
1091 1354
1092 1356
1093 1356
1094 1354
1095 1355
1096 1355
1097 1355
1098 1353
1099 1355
1100 1358
1101 1354
1102 1353
1103 1354
1104 1355
1105 1356
1106 1356
1107 1352
1108 1356
1109 1354
1110 1356
1111 1356
1112 1355
1113 1355
1114 1354
1115 1357
1116 1355
1117 1356
1118 1353
1119 1359
1120 1354
1121 1357
1122 1358
1123 1359
1124 1356
1125 1356
1126 1356
1127 1356
1128 1355
1129 1356
1130 1355
1131 1354
1132 1353
1133 1352
1134 1356
1135 1356
1136 1354
1137 1354
1138 1354
1139 1354
1140 1355
1141 1356
1142 1355
1143 1356
1144 1356
1145 1355
1146 1353
1147 1356
1148 1354
1149 1357
1150 1356
1151 1356
1152 1356
1153 1357
1154 1352
1155 1354
1156 1355
1157 1355
1158 1357
1159 1355
1160 1355
1161 1355
1162 1354
1163 1356
1164 1357
1165 1355
1166 1354
1167 1357
1168 1357
1169 1357
1170 1354
1171 1355
1172 1355
1173 1357
1174 1356
1175 1355
1176 1358
1177 1354
1178 1355
1179 1354
1180 1355
1181 1354
1182 1357
1183 1355
1184 1355
1185 1352
1186 1357
1187 1355
1188 1357
1189 1351
1190 1356
1191 1355
1192 1355
1193 1353
1194 1354
1195 1355
1196 1354
1197 1355
1198 1355
1199 1351
1200 1351
1201 1356
1202 1353
1203 1355
1204 1355
1205 1353
1206 1355
1207 1356
1208 1355
1209 1353
1210 1354
1211 1356
1212 1354
1213 1357
1214 1357
1215 1356
1216 1355
1217 1354
1218 1353
1219 1353
1220 1356
1221 1356
1222 1353
1223 1353
1224 1354
1225 1355
1226 1356
1227 1355
1228 1353
1229 1352
1230 1355
1231 1353
1232 1358
1233 1356
1234 1356
1235 1356
1236 1357
1237 1351
1238 1357
1239 1356
1240 1358
1241 1356
1242 1357
1243 1354
1244 1354
1245 1356
1246 1355
1247 1354
1248 1354
1249 1353
1250 1355
1251 1355
1252 1356
1253 1352
1254 1357
1255 1355
1256 1355
1257 1355
1258 1358
1259 1359
1260 1356
1261 1353
1262 1354
1263 1355
1264 1355
1265 1354
1266 1357
1267 1357
1268 1356
1269 1356
1270 1356
1271 1354
1272 1358
1273 1351
1274 1356
1275 1356
1276 1357
1277 1354
1278 1355
1279 1355
1280 1355
1281 1353
1282 1354
1283 1354
1284 1354
1285 1353
1286 1353
1287 1353
1288 1353
1289 1353
1290 1356
1291 1353
1292 1353
1293 1355
1294 1357
1295 1355
1296 1354
1297 1355
1298 1355
1299 1354
1300 1357
1301 1356
1302 1357
1303 1355
1304 1354
1305 1356
1306 1358
1307 1353
1308 1356
1309 1354
1310 1354
1311 1355
1312 1357
1313 1355
1314 1356
1315 1355
1316 1356
1317 1354
1318 1355
1319 1352
1320 1352
1321 1355
1322 1355
1323 1354
1324 1354
1325 1355
1326 1352
1327 1354
1328 1357
1329 1355
1330 1353
1331 1354
1332 1355
1333 1354
1334 1355
1335 1353
1336 1355
1337 1352
1338 1358
1339 1354
1340 1359
1341 1352
1342 1354
1343 1353
1344 1354
1345 1352
1346 1354
1347 1354
1348 1359
1349 1355
1350 1357
1351 1356
1352 1356
1353 1355
1354 1356
1355 1355
1356 1356
1357 1356
1358 1354
1359 1356
1360 1355
1361 1355
1362 1352
1363 1355
1364 1358
1365 1356
1366 1357
1367 1356
1368 1354
1369 1354
1370 1357
1371 1356
1372 1354
1373 1355
1374 1358
1375 1356
1376 1356
1377 1355
1378 1355
1379 1353
1380 1353
1381 1353
1382 1355
1383 1356
1384 1357
1385 1357
1386 1356
1387 1356
1388 1357
1389 1355
1390 1354
1391 1355
1392 1354
1393 1355
1394 1353
1395 1355
1396 1357
1397 1354
1398 1356
1399 1356
1400 1357
1401 1356
1402 1355
1403 1356
1404 1357
1405 1356
1406 1360
1407 1356
1408 1355
1409 1354
1410 1354
1411 1355
1412 1356
1413 1353
1414 1354
1415 1352
1416 1357
1417 1356
1418 1357
1419 1357
1420 1355
1421 1356
1422 1358
1423 1355
1424 1355
1425 1356
1426 1354
1427 1354
1428 1353
1429 1355
1430 1357
1431 1357
1432 1354
1433 1354
1434 1358
1435 1356
1436 1355
1437 1355
1438 1354
1439 1355
1440 1356
1441 1354
1442 1358
1443 1354
1444 1353
1445 1353
1446 1357
1447 1357
1448 1356
1449 1354
1450 1353
1451 1353
1452 1357
1453 1354
1454 1355
1455 1353
1456 1357
1457 1356
1458 1356
1459 1352
1460 1355
1461 1354
1462 1353
1463 1350
1464 1352
1465 1356
1466 1357
1467 1354
1468 1355
1469 1352
1470 1356
1471 1356
1472 1353
1473 1354
1474 1353
1475 1355
1476 1356
1477 1352
1478 1354
1479 1353
1480 1352
1481 1352
1482 1354
1483 1354
1484 1356
1485 1357
1486 1354
1487 1356
1488 1355
1489 1356
1490 1353
1491 1355
1492 1355
1493 1357
1494 1354
1495 1356
1496 1356
1497 1355
1498 1356
1499 1352
1500 1352
1501 1356
1502 1358
1503 1356
1504 1355
1505 1351
1506 1355
1507 1354
1508 1353
1509 1356
1510 1353
1511 1356
1512 1356
1513 1357
1514 1356
1515 1355
1516 1355
1517 1356
1518 1357
1519 1356
1520 1356
1521 1356
1522 1353
1523 1354
1524 1354
1525 1356
1526 1352
1527 1356
1528 1357
1529 1355
1530 1357
1531 1354
1532 1354
1533 1355
1534 1358
1535 1356
1536 1357
1537 1356
1538 1354
1539 1355
1540 1356
1541 1358
1542 1358
1543 1353
1544 1355
1545 1356
1546 1355
1547 1356
1548 1354
1549 1355
1550 1354
1551 1356
1552 1355
1553 1356
1554 1357
1555 1357
1556 1358
1557 1356
1558 1355
1559 1352
1560 1354
1561 1354
1562 1353
1563 1354
1564 1352
1565 1355
1566 1356
1567 1355
1568 1355
1569 1355
1570 1356
1571 1354
1572 1355
1573 1357
1574 1360
1575 1356
1576 1356
1577 1355
1578 1354
1579 1355
1580 1358
1581 1356
1582 1356
1583 1357
1584 1356
1585 1353
1586 1354
1587 1351
1588 1357
1589 1355
1590 1356
1591 1356
1592 1356
1593 1356
1594 1355
1595 1355
1596 1354
1597 1353
1598 1357
1599 1356
1600 1355
1601 1353
1602 1356
1603 1355
1604 1357
1605 1356
1606 1357
1607 1356
1608 1355
1609 1356
1610 1360
1611 1357
1612 1357
1613 1355
1614 1355
1615 1355
1616 1356
1617 1357
1618 1356
1619 1355
1620 1355
1621 1353
1622 1358
1623 1352
1624 1356
1625 1355
1626 1355
1627 1353
1628 1356
1629 1355
1630 1357
1631 1356
1632 1357
1633 1356
1634 1356
1635 1356
1636 1357
1637 1353
1638 1358
1639 1353
1640 1355
1641 1355
1642 1357
1643 1354
1644 1355
1645 1355
1646 1358
1647 1356
1648 1355
1649 1354
1650 1357
1651 1356
1652 1356
1653 1356
1654 1357
1655 1355
1656 1352
1657 1355
1658 1357
1659 1356
1660 1356
1661 1356
1662 1355
1663 1356
1664 1356
1665 1354
1666 1358
1667 1355
1668 1355
1669 1355
1670 1355
1671 1353
1672 1357
1673 1357
1674 1354
1675 1359
1676 1354
1677 1357
1678 1356
1679 1355
1680 1356
1681 1356
1682 1355
1683 1357
1684 1352
1685 1356
1686 1353
1687 1355
1688 1355
1689 1355
1690 1357
1691 1353
1692 1354
1693 1355
1694 1355
1695 1356
1696 1357
1697 1357
1698 1355
1699 1355
1700 1352
1701 1356
1702 1356
1703 1354
1704 1355
1705 1353
1706 1355
1707 1352
1708 1357
1709 1354
1710 1356
1711 1355
1712 1357
1713 1354
1714 1355
1715 1354
1716 1355
1717 1353
1718 1356
1719 1354
1720 1356
1721 1354
1722 1356
1723 1352
1724 1352
1725 1355
1726 1357
1727 1356
1728 1355
1729 1353
1730 1355
1731 1355
1732 1355
1733 1354
1734 1354
1735 1358
1736 1357
1737 1356
1738 1356
1739 1355
1740 1354
1741 1357
1742 1357
1743 1355
1744 1353
1745 1356
1746 1355
1747 1354
1748 1355
1749 1356
1750 1359
1751 1356
1752 1354
1753 1353
1754 1355
1755 1352
1756 1356
1757 1355
1758 1357
1759 1354
1760 1353
1761 1356
1762 1356
1763 1355
1764 1357
1765 1357
1766 1357
1767 1355
1768 1354
1769 1357
1770 1354
1771 1354
1772 1355
1773 1354
1774 1353
1775 1355
1776 1355
1777 1357
1778 1357
1779 1355
1780 1356
1781 1354
1782 1357
1783 1355
1784 1357
1785 1352
1786 1353
1787 1351
1788 1354
1789 1354
1790 1357
1791 1354
1792 1355
1793 1355
1794 1353
1795 1353
1796 1353
1797 1357
1798 1355
1799 1356
1800 1355
1801 1353
1802 1354
1803 1355
1804 1355
1805 1356
1806 1353
1807 1354
1808 1356
1809 1356
1810 1355
1811 1355
1812 1354
1813 1354
1814 1355
1815 1352
1816 1355
1817 1356
1818 1356
1819 1354
1820 1354
1821 1353
1822 1357
1823 1357
1824 1357
1825 1356
1826 1356
1827 1355
1828 1355
1829 1355
1830 1354
1831 1353
1832 1357
1833 1356
1834 1354
1835 1354
1836 1355
1837 1355
1838 1353
1839 1354
1840 1355
1841 1355
1842 1355
1843 1354
1844 1356
1845 1358
1846 1355
1847 1355
1848 1355
1849 1355
1850 1355
1851 1355
1852 1357
1853 1355
1854 1357
1855 1355
1856 1355
1857 1355
1858 1357
1859 1355
1860 1357
1861 1356
1862 1356
1863 1355
1864 1356
1865 1354
1866 1354
1867 1355
1868 1355
1869 1353
1870 1353
1871 1355
1872 1352
1873 1353
1874 1353
1875 1354
1876 1357
1877 1354
1878 1355
1879 1355
1880 1355
1881 1354
1882 1354
1883 1355
1884 1354
1885 1355
1886 1359
1887 1356
1888 1355
1889 1353
1890 1355
1891 1355
1892 1354
1893 1353
1894 1355
1895 1356
1896 1354
1897 1357
1898 1355
1899 1355
1900 1354
1901 1355
1902 1355
1903 1356
1904 1357
1905 1357
1906 1356
1907 1356
1908 1357
1909 1353
1910 1353
1911 1354
1912 1353
1913 1355
1914 1354
1915 1356
1916 1354
1917 1353
1918 1353
1919 1354
1920 1354
1921 1355
1922 1356
1923 1358
1924 1355
1925 1355
1926 1355
1927 1354
1928 1355
1929 1355
1930 1353
1931 1356
1932 1355
1933 1356
1934 1354
1935 1355
1936 1353
1937 1355
1938 1351
1939 1356
1940 1357
1941 1357
1942 1354
1943 1357
1944 1357
1945 1355
1946 1357
1947 1356
1948 1355
1949 1356
1950 1355
1951 1356
1952 1354
1953 1352
1954 1355
1955 1353
1956 1354
1957 1355
1958 1353
1959 1355
1960 1354
1961 1353
1962 1353
1963 1355
1964 1357
1965 1354
1966 1355
1967 1353
1968 1354
1969 1356
1970 1355
1971 1354
1972 1353
1973 1353
1974 1356
1975 1356
1976 1357
1977 1356
1978 1355
1979 1355
1980 1356
1981 1356
1982 1355
1983 1354
1984 1357
1985 1356
1986 1356
1987 1356
1988 1356
1989 1355
1990 1357
1991 1354
1992 1355
1993 1354
1994 1353
1995 1355
1996 1356
1997 1356
1998 1355
1999 1354
2000 1354
2001 1356
2002 1357
2003 1356
2004 1356
2005 1356
2006 1357
2007 1353
2008 1353
2009 1354
2010 1355
2011 1357
2012 1356
2013 1355
2014 1354
2015 1354
2016 1354
2017 1355
2018 1357
2019 1356
2020 1356
2021 1354
2022 1355
2023 1354
2024 1353
2025 1356
2026 1357
2027 1356
2028 1354
2029 1353
2030 1357
2031 1356
2032 1356
2033 1355
2034 1357
2035 1356
2036 1356
2037 1357
2038 1356
2039 1354
2040 1354
2041 1356
2042 1357
2043 1354
2044 1357
2045 1355
2046 1354
2047 1352
2048 1353
2049 1354
2050 1352
2051 1356
2052 1354
2053 1354
2054 1353
2055 1354
2056 1355
2057 1353
2058 1353
2059 1357
2060 1355
2061 1355
2062 1354
2063 1354
2064 1353
2065 1352
2066 1356
2067 1358
2068 1357
2069 1353
2070 1358
2071 1357
2072 1357
2073 1353
2074 1354
2075 1357
2076 1354
2077 1356
2078 1354
2079 1354
2080 1353
2081 1355
2082 1352
2083 1355
2084 1355
2085 1355
2086 1353
2087 1353
2088 1354
2089 1354
2090 1357
2091 1353
2092 1356
2093 1356
2094 1354
2095 1355
2096 1353
2097 1358
2098 1357
2099 1354
2100 1356
2101 1354
2102 1357
2103 1354
2104 1353
2105 1352
2106 1353
2107 1353
2108 1356
2109 1356
2110 1353
2111 1354
2112 1354
2113 1352
2114 1353
2115 1355
2116 1356
2117 1355
2118 1353
2119 1356
2120 1355
2121 1356
2122 1353
2123 1352
2124 1354
2125 1353
2126 1357
2127 1356
2128 1355
2129 1355
2130 1355
2131 1356
2132 1357
2133 1355
2134 1356
2135 1354
2136 1356
2137 1356
2138 1353
2139 1354
2140 1356
2141 1356
2142 1358
2143 1357
2144 1357
2145 1355
2146 1354
2147 1354
2148 1355
2149 1355
2150 1354
2151 1353
2152 1355
2153 1357
2154 1357
2155 1356
2156 1355
2157 1358
2158 1356
2159 1357
2160 1355
2161 1355
2162 1354
2163 1354
2164 1355
2165 1357
2166 1358
2167 1355
2168 1353
2169 1355
2170 1356
2171 1355
2172 1354
2173 1356
2174 1352
2175 1356
2176 1357
2177 1354
2178 1353
2179 1357
2180 1353
2181 1355
2182 1352
2183 1355
2184 1357
2185 1358
2186 1355
2187 1358
2188 1355
2189 1356
2190 1353
2191 1356
2192 1358
2193 1353
2194 1355
2195 1354
2196 1355
2197 1355
2198 1356
2199 1355
2200 1353
2201 1356
2202 1354
2203 1354
2204 1353
2205 1353
2206 1354
2207 1357
2208 1355
2209 1356
2210 1356
2211 1354
2212 1355
2213 1356
2214 1354
2215 1355
2216 1358
2217 1358
2218 1355
2219 1355
2220 1354
2221 1352
2222 1357
2223 1352
2224 1354
2225 1354
2226 1354
2227 1355
2228 1353
2229 1352
2230 1355
2231 1352
2232 1355
2233 1356
2234 1356
2235 1357
2236 1354
2237 1356
2238 1356
2239 1355
2240 1355
2241 1355
2242 1355
2243 1356
2244 1355
2245 1354
2246 1353
2247 1356
2248 1352
2249 1358
2250 1355
2251 1354
2252 1357
2253 1356
2254 1357
2255 1357
2256 1357
2257 1358
2258 1354
2259 1358
2260 1354
2261 1355
2262 1354
2263 1355
2264 1353
2265 1356
2266 1356
2267 1354
2268 1354
2269 1352
2270 1353
2271 1353
2272 1355
2273 1356
2274 1355
2275 1355
2276 1353
2277 1356
2278 1357
2279 1356
2280 1355
2281 1357
2282 1358
2283 1354
2284 1355
2285 1354
2286 1355
2287 1356
2288 1353
2289 1356
2290 1357
2291 1355
2292 1355
2293 1356
2294 1354
2295 1355
2296 1352
2297 1354
2298 1353
2299 1355
2300 1352
2301 1354
2302 1355
2303 1353
2304 1353
2305 1354
2306 1354
2307 1354
2308 1355
2309 1353
2310 1357
2311 1355
2312 1357
2313 1357
2314 1356
2315 1354
2316 1356
2317 1356
2318 1355
2319 1355
2320 1355
2321 1356
2322 1357
2323 1353
2324 1356
2325 1354
2326 1358
2327 1358
2328 1355
2329 1354
2330 1355
2331 1353
2332 1357
2333 1356
2334 1357
2335 1354
2336 1356
2337 1355
2338 1355
2339 1357
2340 1357
2341 1356
2342 1357
2343 1356
2344 1359
2345 1357
2346 1355
2347 1357
2348 1356
2349 1356
2350 1356
2351 1355
2352 1355
2353 1354
2354 1354
2355 1356
2356 1354
2357 1356
2358 1353
2359 1354
2360 1354
2361 1356
2362 1354
2363 1353
2364 1352
2365 1354
2366 1355
2367 1356
2368 1350
2369 1354
2370 1356
2371 1355
2372 1353
2373 1356
2374 1353
2375 1356
2376 1352
2377 1356
2378 1357
2379 1353
2380 1356
2381 1358
2382 1356
2383 1355
2384 1354
2385 1353
2386 1353
2387 1354
2388 1355
2389 1354
2390 1357
2391 1353
2392 1354
2393 1355
2394 1353
2395 1355
2396 1352
2397 1354
2398 1355
2399 1354
2400 1351
2401 1354
2402 1354
2403 1357
2404 1356
2405 1356
2406 1355
2407 1356
2408 1355
2409 1355
2410 1358
2411 1358
2412 1357
2413 1353
2414 1351
2415 1355
2416 1354
2417 1355
2418 1356
2419 1352
2420 1356
2421 1353
2422 1355
2423 1354
2424 1354
2425 1356
2426 1357
2427 1356
2428 1357
2429 1358
2430 1354
2431 1356
2432 1354
2433 1354
2434 1355
2435 1355
2436 1354
2437 1353
2438 1354
2439 1356
2440 1356
2441 1357
2442 1355
2443 1355
2444 1358
2445 1356
2446 1357
2447 1356
2448 1353
2449 1353
2450 1353
2451 1353
2452 1357
2453 1355
2454 1353
2455 1354
2456 1356
2457 1354
2458 1355
2459 1353
2460 1353
2461 1357
2462 1356
2463 1354
2464 1356
2465 1356
2466 1356
2467 1353
2468 1354
2469 1354
2470 1353
2471 1356
2472 1356
2473 1356
2474 1355
2475 1355
2476 1356
2477 1354
2478 1357
2479 1358
2480 1353
2481 1355
2482 1355
2483 1356
2484 1357
2485 1355
2486 1356
2487 1356
2488 1353
2489 1354
2490 1357
2491 1357
2492 1354
2493 1357
2494 1355
2495 1354
2496 1355
2497 1356
2498 1355
2499 1355
2500 1353
2501 1356
2502 1357
2503 1357
2504 1356
2505 1355
2506 1356
2507 1354
2508 1354
2509 1358
2510 1353
2511 1355
2512 1355
2513 1354
2514 1354
2515 1354
2516 1355
2517 1358
2518 1355
2519 1355
2520 1354
2521 1355
2522 1355
2523 1354
2524 1356
2525 1355
2526 1354
2527 1354
2528 1355
2529 1354
2530 1355
2531 1354
2532 1355
2533 1353
2534 1355
2535 1355
2536 1357
2537 1357
2538 1358
2539 1357
2540 1352
2541 1354
2542 1353
2543 1354
2544 1355
2545 1359
2546 1352
2547 1354
2548 1355
2549 1355
2550 1354
2551 1356
2552 1354
2553 1356
2554 1357
2555 1354
2556 1353
2557 1356
2558 1355
2559 1353
2560 1357
2561 1355
2562 1353
2563 1353
2564 1355
2565 1356
2566 1355
2567 1353
2568 1354
2569 1357
2570 1354
2571 1354
2572 1355
2573 1354
2574 1356
2575 1350
2576 1352
2577 1356
2578 1358
2579 1354
2580 1355
2581 1355
2582 1354
2583 1356
2584 1357
2585 1355
2586 1354
2587 1355
2588 1356
2589 1354
2590 1354
2591 1355
2592 1357
2593 1352
2594 1352
2595 1353
2596 1356
2597 1355
2598 1356
2599 1354
2600 1354
2601 1356
2602 1354
2603 1357
2604 1357
2605 1357
2606 1354
2607 1354
2608 1356
2609 1355
2610 1356
2611 1355
2612 1357
2613 1355
2614 1354
2615 1353
2616 1357
2617 1354
2618 1355
2619 1353
2620 1358
2621 1358
2622 1357
2623 1356
2624 1355
2625 1355
2626 1356
2627 1356
2628 1353
2629 1355
2630 1357
2631 1356
2632 1354
2633 1355
2634 1356
2635 1353
2636 1355
2637 1353
2638 1355
2639 1354
2640 1356
2641 1356
2642 1357
2643 1353
2644 1355
2645 1353
2646 1354
2647 1354
2648 1355
2649 1353
2650 1353
2651 1355
2652 1356
2653 1354
2654 1356
2655 1354
2656 1357
2657 1357
2658 1354
2659 1354
2660 1354
2661 1356
2662 1356
2663 1353
2664 1354
2665 1355
2666 1354
2667 1357
2668 1356
2669 1352
2670 1355
2671 1355
2672 1355
2673 1356
2674 1356
2675 1355
2676 1353
2677 1353
2678 1357
2679 1356
2680 1353
2681 1357
2682 1356
2683 1355
2684 1357
2685 1355
2686 1357
2687 1356
2688 1355
2689 1354
2690 1357
2691 1354
2692 1353
2693 1354
2694 1357
2695 1353
2696 1354
2697 1353
2698 1356
2699 1355
2700 1355
2701 1356
2702 1356
2703 1355
2704 1358
2705 1355
2706 1358
2707 1354
2708 1356
2709 1355
2710 1353
2711 1355
2712 1359
2713 1354
2714 1354
2715 1355
2716 1355
2717 1356
2718 1355
2719 1355
2720 1356
2721 1357
2722 1354
2723 1353
2724 1354
2725 1354
2726 1355
2727 1354
2728 1355
2729 1356
2730 1356
2731 1353
2732 1355
2733 1350
2734 1356
2735 1355
2736 1356
2737 1355
2738 1357
2739 1353
2740 1355
2741 1356
2742 1355
2743 1355
2744 1356
2745 1354
2746 1354
2747 1355
2748 1355
2749 1355
2750 1353
2751 1356
2752 1355
2753 1353
2754 1355
2755 1356
2756 1356
2757 1355
2758 1357
2759 1352
2760 1355
2761 1354
2762 1355
2763 1351
2764 1354
2765 1355
2766 1355
2767 1354
2768 1356
2769 1355
2770 1353
2771 1355
2772 1356
2773 1359
2774 1354
2775 1356
2776 1354
2777 1358
2778 1355
2779 1355
2780 1357
2781 1354
2782 1354
2783 1356
2784 1353
2785 1353
2786 1354
2787 1356
2788 1354
2789 1356
2790 1355
2791 1355
2792 1356
2793 1354
2794 1354
2795 1355
2796 1356
2797 1352
2798 1355
2799 1357
2800 1355
2801 1354
2802 1354
2803 1355
2804 1354
2805 1353
2806 1354
2807 1355
2808 1355
2809 1357
2810 1352
2811 1353
2812 1356
2813 1357
2814 1354
2815 1354
2816 1353
2817 1353
2818 1353
2819 1353
2820 1356
2821 1356
2822 1354
2823 1354
2824 1355
2825 1356
2826 1355
2827 1355
2828 1356
2829 1354
2830 1353
2831 1356
2832 1357
2833 1357
2834 1353
2835 1353
2836 1355
2837 1355
2838 1354
2839 1354
2840 1352
2841 1354
2842 1354
2843 1357
2844 1356
2845 1356
2846 1355
2847 1354
2848 1355
2849 1353
2850 1355
2851 1354
2852 1354
2853 1354
2854 1354
2855 1353
2856 1356
2857 1356
2858 1353
2859 1355
2860 1355
2861 1356
2862 1354
2863 1357
2864 1354
2865 1356
2866 1354
2867 1357
2868 1354
2869 1358
2870 1358
2871 1354
2872 1354
2873 1355
2874 1356
2875 1355
2876 1352
2877 1356
2878 1354
2879 1354
2880 1354
2881 1354
2882 1353
2883 1353
2884 1357
2885 1356
2886 1357
2887 1357
2888 1353
2889 1355
2890 1355
2891 1357
2892 1351
2893 1355
2894 1355
2895 1357
2896 1356
2897 1358
2898 1353
2899 1353
2900 1355
2901 1355
2902 1356
2903 1353
2904 1353
2905 1353
2906 1354
2907 1354
2908 1355
2909 1356
2910 1357
2911 1355
2912 1355
2913 1353
2914 1355
2915 1357
2916 1357
2917 1356
2918 1356
2919 1357
2920 1355
2921 1355
2922 1355
2923 1354
2924 1357
2925 1355
2926 1351
2927 1354
2928 1354
2929 1354
2930 1356
2931 1355
2932 1354
2933 1356
2934 1354
2935 1354
2936 1357
2937 1357
2938 1355
2939 1356
2940 1354
2941 1352
2942 1354
2943 1354
2944 1355
2945 1357
2946 1358
2947 1358
2948 1354
2949 1355
2950 1354
2951 1354
2952 1356
2953 1353
2954 1353
2955 1358
2956 1355
2957 1356
2958 1352
2959 1353
2960 1354
2961 1356
2962 1355
2963 1355
2964 1355
2965 1358
2966 1355
2967 1354
2968 1351
2969 1357
2970 1355
2971 1353
2972 1353
2973 1356
2974 1356
2975 1355
2976 1357
2977 1356
2978 1353
2979 1353
2980 1355
2981 1356
2982 1353
2983 1354
2984 1352
2985 1355
2986 1357
2987 1355
2988 1355
2989 1356
2990 1355
2991 1357
2992 1355
2993 1355
2994 1354
2995 1356
2996 1356
2997 1356
2998 1352
2999 1355
3000 1353
3001 1356
3002 1357
3003 1353
3004 1352
3005 1354
3006 1356
3007 1355
3008 1352
3009 1355
3010 1351
3011 1356
3012 1355
3013 1356
3014 1355
3015 1354
3016 1353
3017 1356
3018 1356
3019 1356
3020 1356
3021 1357
3022 1354
3023 1356
3024 1352
3025 1354
3026 1351
3027 1355
3028 1355
3029 1356
3030 1356
3031 1356
3032 1357
3033 1357
3034 1356
3035 1356
3036 1357
3037 1358
3038 1355
3039 1356
3040 1355
3041 1356
3042 1354
3043 1355
3044 1356
3045 1353
3046 1355
3047 1356
3048 1354
3049 1356
3050 1354
3051 1353
3052 1354
3053 1356
3054 1354
3055 1356
3056 1355
3057 1356
3058 1354
3059 1356
3060 1352
3061 1354
3062 1355
3063 1355
3064 1353
3065 1356
3066 1357
3067 1355
3068 1355
3069 1355
3070 1353
3071 1353
3072 1354
3073 1354
3074 1355
3075 1357
3076 1356
3077 1356
3078 1353
3079 1355
3080 1355
3081 1355
3082 1356
3083 1355
3084 1351
3085 1356
3086 1355
3087 1357
3088 1354
3089 1354
3090 1355
3091 1354
3092 1355
3093 1357
3094 1354
3095 1354
3096 1357
3097 1354
3098 1352
3099 1352
3100 1356
3101 1355
3102 1356
3103 1355
3104 1357
3105 1354
3106 1354
3107 1355
3108 1353
3109 1356
3110 1353
3111 1354
3112 1357
3113 1354
3114 1353
3115 1354
3116 1353
3117 1356
3118 1354
3119 1352
3120 1352
3121 1355
3122 1355
3123 1356
3124 1354
3125 1354
3126 1355
3127 1355
3128 1351
3129 1355
3130 1355
3131 1357
3132 1356
3133 1356
3134 1354
3135 1355
3136 1355
3137 1356
3138 1355
3139 1355
3140 1355
3141 1357
3142 1355
3143 1354
3144 1356
3145 1356
3146 1357
3147 1358
3148 1357
3149 1355
3150 1356
3151 1353
3152 1352
3153 1355
3154 1354
3155 1354
3156 1354
3157 1357
3158 1355
3159 1356
3160 1355
3161 1357
3162 1354
3163 1352
3164 1353
3165 1356
3166 1358
3167 1356
3168 1355
3169 1354
3170 1357
3171 1355
3172 1355
3173 1355
3174 1353
3175 1356
3176 1357
3177 1356
3178 1355
3179 1356
3180 1354
3181 1356
3182 1356
3183 1356
3184 1355
3185 1354
3186 1356
3187 1354
3188 1358
3189 1358
3190 1356
3191 1356
3192 1356
3193 1354
3194 1353
3195 1355
3196 1356
3197 1354
3198 1354
3199 1355
3200 1355
3201 1354
3202 1355
3203 1354
3204 1353
3205 1354
3206 1353
3207 1356
3208 1352
3209 1354
3210 1357
3211 1355
3212 1357
3213 1353
3214 1352
3215 1356
3216 1353
3217 1355
3218 1355
3219 1356
3220 1354
3221 1354
3222 1356
3223 1354
3224 1353
3225 1358
3226 1356
3227 1356
3228 1355
3229 1354
3230 1355
3231 1354
3232 1354
3233 1355
3234 1355
3235 1356
3236 1354
3237 1354
3238 1350
3239 1354
3240 1357
3241 1356
3242 1357
3243 1352
3244 1353
3245 1354
3246 1353
3247 1353
3248 1355
3249 1354
3250 1355
3251 1353
3252 1352
3253 1357
3254 1355
3255 1357
3256 1356
3257 1356
3258 1354
3259 1354
3260 1354
3261 1356
3262 1357
3263 1356
3264 1354
3265 1358
3266 1353
3267 1357
3268 1356
3269 1355
3270 1353
3271 1353
3272 1355
3273 1355
3274 1355
3275 1357
3276 1353
3277 1356
3278 1354
3279 1353
3280 1356
3281 1356
3282 1355
3283 1355
3284 1354
3285 1355
3286 1354
3287 1352
3288 1356
3289 1353
3290 1357
3291 1357
3292 1357
3293 1354
3294 1352
3295 1356
3296 1357
3297 1354
3298 1357
3299 1356
3300 1355
3301 1354
3302 1357
3303 1352
3304 1356
3305 1352
3306 1354
3307 1354
3308 1355
3309 1354
3310 1356
3311 1354
3312 1354
3313 1352
3314 1354
3315 1356
3316 1356
3317 1354
3318 1357
3319 1353
3320 1356
3321 1357
3322 1357
3323 1352
3324 1357
3325 1353
3326 1356
3327 1354
3328 1354
3329 1356
3330 1354
3331 1354
3332 1357
3333 1354
3334 1355
3335 1356
3336 1355
3337 1355
3338 1353
3339 1353
3340 1354
3341 1355
3342 1352
3343 1353
3344 1353
3345 1354
3346 1356
3347 1356
3348 1353
3349 1355
3350 1354
3351 1355
3352 1354
3353 1355
3354 1353
3355 1355
3356 1357
3357 1356
3358 1355
3359 1356
3360 1353
3361 1355
3362 1354
3363 1354
3364 1353
3365 1354
3366 1355
3367 1354
3368 1355
3369 1357
3370 1357
3371 1354
3372 1357
3373 1353
3374 1356
3375 1355
3376 1357
3377 1354
3378 1356
3379 1356
3380 1357
3381 1354
3382 1357
3383 1351
3384 1355
3385 1356
3386 1355
3387 1352
3388 1356
3389 1356
3390 1355
3391 1355
3392 1356
3393 1354
3394 1356
3395 1356
3396 1356
3397 1355
3398 1351
3399 1353
3400 1354
3401 1355
3402 1354
3403 1353
3404 1355
3405 1356
3406 1357
3407 1358
3408 1353
3409 1356
3410 1356
3411 1354
3412 1354
3413 1356
3414 1356
3415 1355
3416 1355
3417 1357
3418 1356
3419 1354
3420 1356
3421 1356
3422 1356
3423 1357
3424 1354
3425 1354
3426 1354
3427 1355
3428 1352
3429 1350
3430 1357
3431 1355
3432 1356
3433 1355
3434 1353
3435 1352
3436 1354
3437 1355
3438 1356
3439 1353
3440 1353
3441 1356
3442 1356
3443 1352
3444 1356
3445 1353
3446 1351
3447 1352
3448 1353
3449 1354
3450 1355
3451 1354
3452 1355
3453 1352
3454 1354
3455 1356
3456 1354
3457 1352
3458 1354
3459 1356
3460 1355
3461 1354
3462 1357
3463 1353
3464 1355
3465 1357
3466 1355
3467 1353
3468 1356
3469 1355
3470 1357
3471 1355
3472 1356
3473 1355
3474 1357
3475 1354
3476 1355
3477 1356
3478 1354
3479 1355
3480 1355
3481 1353
3482 1354
3483 1354
3484 1352
3485 1355
3486 1353
3487 1353
3488 1351
3489 1354
3490 1351
3491 1352
3492 1356
3493 1353
3494 1357
3495 1355
3496 1355
3497 1356
3498 1357
3499 1354
3500 1354
3501 1356
3502 1355
3503 1355
3504 1357
3505 1355
3506 1357
3507 1355
3508 1358
3509 1357
3510 1354
3511 1354
3512 1354
3513 1354
3514 1354
3515 1354
3516 1354
3517 1354
3518 1353
3519 1354
3520 1355
3521 1352
3522 1353
3523 1356
3524 1355
3525 1354
3526 1357
3527 1353
3528 1352
3529 1351
3530 1357
3531 1355
3532 1356
3533 1352
3534 1356
3535 1353
3536 1357
3537 1354
3538 1355
3539 1354
3540 1356
3541 1352
3542 1354
3543 1353
3544 1356
3545 1355
3546 1354
3547 1356
3548 1355
3549 1354
3550 1357
3551 1354
3552 1356
3553 1358
3554 1355
3555 1354
3556 1354
3557 1352
3558 1355
3559 1355
3560 1354
3561 1356
3562 1355
3563 1355
3564 1354
3565 1356
3566 1355
3567 1353
3568 1353
3569 1354
3570 1355
3571 1356
3572 1354
3573 1354
3574 1356
3575 1355
3576 1354
3577 1351
3578 1355
3579 1353
3580 1357
3581 1356
3582 1357
3583 1356
3584 1357
3585 1355
3586 1355
3587 1352
3588 1355
3589 1354
3590 1355
3591 1355
3592 1355
3593 1354
3594 1357
3595 1355
3596 1358
3597 1357
3598 1357
3599 1353
3600 1356
3601 1356
3602 1355
3603 1353
3604 1354
3605 1354
3606 1355
3607 1354
3608 1355
3609 1355
3610 1352
3611 1354
3612 1355
3613 1356
3614 1355
3615 1353
3616 1354
3617 1352
3618 1355
3619 1353
3620 1357
3621 1356
3622 1353
3623 1355
3624 1357
3625 1354
3626 1356
3627 1353
3628 1355
3629 1356
3630 1355
3631 1355
3632 1357
3633 1356
3634 1355
3635 1353
3636 1353
3637 1352
3638 1357
3639 1353
3640 1353
3641 1353
3642 1357
3643 1356
3644 1357
3645 1352
3646 1355
3647 1356
3648 1354
3649 1354
3650 1355
3651 1354
3652 1358
3653 1356
3654 1358
3655 1352
3656 1356
3657 1355
3658 1357
3659 1356
3660 1354
3661 1354
3662 1358
3663 1356
3664 1354
3665 1354
3666 1356
3667 1353
3668 1354
3669 1355
3670 1353
3671 1355
3672 1354
3673 1354
3674 1356
3675 1356
3676 1355
3677 1353
3678 1355
3679 1358
3680 1354
3681 1353
3682 1354
3683 1355
3684 1355
3685 1355
3686 1356
3687 1353
3688 1354
3689 1351
3690 1356
3691 1356
3692 1357
3693 1354
3694 1355
3695 1356
3696 1354
3697 1354
3698 1352
3699 1353
3700 1357
3701 1357
3702 1355
3703 1354
3704 1355
3705 1356
3706 1357
3707 1357
3708 1357
3709 1356
3710 1353
3711 1355
3712 1356
3713 1358
3714 1356
3715 1354
3716 1353
3717 1357
3718 1354
3719 1355
3720 1356
3721 1358
3722 1358
3723 1356
3724 1355
3725 1356
3726 1355
3727 1355
3728 1356
3729 1356
3730 1355
3731 1355
3732 1354
3733 1354
3734 1355
3735 1356
3736 1356
3737 1356
3738 1355
3739 1354
3740 1356
3741 1356
3742 1354
3743 1355
3744 1355
3745 1356
3746 1354
3747 1357
3748 1354
3749 1357
3750 1356
3751 1356
3752 1353
3753 1356
3754 1352
3755 1354
3756 1353
3757 1354
3758 1356
3759 1357
3760 1353
3761 1353
3762 1354
3763 1355
3764 1357
3765 1353
3766 1355
3767 1355
3768 1355
3769 1356
3770 1353
3771 1356
3772 1356
3773 1356
3774 1354
3775 1356
3776 1354
3777 1356
3778 1356
3779 1356
3780 1353
3781 1354
3782 1352
3783 1353
3784 1354
3785 1356
3786 1354
3787 1354
3788 1353
3789 1357
3790 1354
3791 1355
3792 1352
3793 1353
3794 1352
3795 1357
3796 1354
3797 1354
3798 1353
3799 1356
3800 1354
3801 1355
3802 1353
3803 1356
3804 1355
3805 1358
3806 1357
3807 1355
3808 1356
3809 1354
3810 1355
3811 1356
3812 1355
3813 1356
3814 1354
3815 1357
3816 1354
3817 1353
3818 1349
3819 1354
3820 1355
3821 1353
3822 1353
3823 1354
3824 1354
3825 1356
3826 1354
3827 1353
3828 1355
3829 1354
3830 1353
3831 1356
3832 1353
3833 1354
3834 1354
3835 1354
3836 1354
3837 1357
3838 1353
3839 1358
3840 1351
3841 1354
3842 1353
3843 1357
3844 1353
3845 1356
3846 1354
3847 1357
3848 1353
3849 1354
3850 1353
3851 1354
3852 1354
3853 1357
3854 1355
3855 1356
3856 1355
3857 1353
3858 1354
3859 1354
3860 1353
3861 1357
3862 1356
3863 1358
3864 1355
3865 1356
3866 1354
3867 1353
3868 1356
3869 1354
3870 1353
3871 1355
3872 1354
3873 1354
3874 1354
3875 1355
3876 1352
3877 1355
3878 1355
3879 1357
3880 1355
3881 1356
3882 1353
3883 1355
3884 1353
3885 1353
3886 1353
3887 1357
3888 1355
3889 1355
3890 1353
3891 1352
3892 1353
3893 1353
3894 1354
3895 1353
3896 1356
3897 1357
3898 1355
3899 1355
3900 1355
3901 1357
3902 1356
3903 1358
3904 1354
3905 1358
3906 1355
3907 1355
3908 1356
3909 1357
3910 1355
3911 1356
3912 1353
3913 1353
3914 1354
3915 1354
3916 1356
3917 1354
3918 1355
3919 1354
3920 1353
3921 1355
3922 1356
3923 1353
3924 1357
3925 1356
3926 1356
3927 1356
3928 1357
3929 1355
3930 1354
3931 1354
3932 1354
3933 1357
3934 1356
3935 1353
3936 1354
3937 1355
3938 1357
3939 1355
3940 1354
3941 1352
3942 1354
3943 1356
3944 1355
3945 1357
3946 1356
3947 1355
3948 1354
3949 1355
3950 1355
3951 1356
3952 1357
3953 1358
3954 1356
3955 1355
3956 1354
3957 1356
3958 1356
3959 1352
3960 1356
3961 1354
3962 1351
3963 1358
3964 1356
3965 1355
3966 1355
3967 1356
3968 1355
3969 1355
3970 1354
3971 1354
3972 1356
3973 1356
3974 1355
3975 1354
3976 1355
3977 1354
3978 1355
3979 1353
3980 1357
3981 1356
3982 1353
3983 1354
3984 1352
3985 1355
3986 1353
3987 1353
3988 1357
3989 1356
3990 1356
3991 1355
3992 1354
3993 1355
3994 1353
3995 1355
3996 1355
3997 1356
3998 1356
3999 1355
