0 1354
1 1357
2 1353
3 1356
4 1355
5 1354
6 1356
7 1359
8 1356
9 1357
10 1355
11 1356
12 1357
13 1354
14 1357
15 1357
16 1358
17 1357
18 1355
19 1356
20 1358
21 1359
22 1360
23 1357
24 1354
25 1356
26 1356
27 1357
28 1359
29 1358
30 1356
31 1357
32 1356
33 1354
34 1356
35 1355
36 1356
37 1358
38 1358
39 1356
40 1357
41 1356
42 1356
43 1354
44 1355
45 1356
46 1358
47 1353
48 1354
49 1353
50 1357
51 1354
52 1355
53 1355
54 1355
55 1355
56 1357
57 1355
58 1354
59 1357
60 1359
61 1357
62 1356
63 1356
64 1357
65 1358
66 1354
67 1354
68 1356
69 1356
70 1355
71 1357
72 1352
73 1356
74 1356
75 1358
76 1356
77 1358
78 1354
79 1355
80 1356
81 1355
82 1355
83 1357
84 1356
85 1354
86 1353
87 1357
88 1355
89 1357
90 1356
91 1358
92 1357
93 1353
94 1354
95 1357
96 1356
97 1353
98 1355
99 1357
100 1355
101 1356
102 1353
103 1355
104 1356
105 1361
106 1358
107 1354
108 1353
109 1357
110 1357
111 1357
112 1356
113 1356
114 1356
115 1357
116 1355
117 1355
118 1355
119 1357
120 1354
121 1356
122 1354
123 1354
124 1357
125 1356
126 1356
127 1355
128 1355
129 1356
130 1356
131 1353
132 1352
133 1355
134 1356
135 1357
136 1356
137 1357
138 1354
139 1353
140 1356
141 1356
142 1354
143 1357
144 1353
145 1356
146 1355
147 1358
148 1354
149 1357
150 1354
151 1357
152 1354
153 1358
154 1354
155 1353
156 1356
157 1357
158 1354
159 1354
160 1353
161 1357
162 1354
163 1356
164 1358
165 1360
166 1357
167 1354
168 1357
169 1357
170 1354
171 1356
172 1352
173 1357
174 1357
175 1358
176 1355
177 1355
178 1356
179 1355
180 1356
181 1356
182 1357
183 1358
184 1355
185 1356
186 1354
187 1356
188 1353
189 1356
190 1356
191 1354
192 1356
193 1354
194 1356
195 1357
196 1356
197 1355
198 1355
199 1355
200 1357
201 1356
202 1358
203 1354
204 1355
205 1357
206 1357
207 1355
208 1358
209 1356
210 1355
211 1354
212 1356
213 1355
214 1359
215 1359
216 1355
217 1356
218 1355
219 1354
220 1356
221 1357
222 1355
223 1355
224 1355
225 1355
226 1355
227 1358
228 1355
229 1357
230 1355
231 1356
232 1357
233 1355
234 1354
235 1355
236 1356
237 1357
238 1356
239 1359
240 1359
241 1358
242 1356
243 1357
244 1353
245 1354
246 1356
247 1357
248 1356
249 1358
250 1355
251 1357
252 1356
253 1357
254 1356
255 1355
256 1355
257 1356
258 1356
259 1357
260 1354
261 1355
262 1353
263 1353
264 1356
265 1358
266 1358
267 1357
268 1356
269 1357
270 1358
271 1357
272 1354
273 1357
274 1354
275 1357
276 1355
277 1356
278 1356
279 1354
280 1354
281 1356
282 1355
283 1354
284 1355
285 1355
286 1354
287 1356
288 1356
289 1355
290 1357
291 1358
292 1354
293 1355
294 1355
295 1359
296 1356
297 1359
298 1356
299 1355
300 1355
301 1357
302 1354
303 1354
304 1354
305 1355
306 1355
307 1354
308 1355
309 1355
310 1353
311 1357
312 1358
313 1357
314 1356
315 1357
316 1356
317 1355
318 1355
319 1354
320 1356
321 1353
322 1356
323 1355
324 1355
325 1356
326 1356
327 1355
328 1356
329 1356
330 1356
331 1356
332 1356
333 1354
334 1353
335 1359
336 1354
337 1356
338 1356
339 1357
340 1356
341 1357
342 1355
343 1357
344 1356
345 1357
346 1355
347 1356
348 1355
349 1355
350 1355
351 1353
352 1356
353 1354
354 1356
355 1357
356 1357
357 1355
358 1356
359 1354
360 1356
361 1358
362 1356
363 1356
364 1356
365 1356
366 1354
367 1355
368 1354
369 1354
370 1356
371 1357
372 1357
373 1357
374 1355
375 1351
376 1357
377 1355
378 1356
379 1359
380 1356
381 1352
382 1355
383 1355
384 1353
385 1356
386 1354
387 1358
388 1356
389 1354
390 1355
391 1356
392 1358
393 1360
394 1358
395 1358
396 1358
397 1357
398 1354
399 1356
400 1353
401 1352
402 1356
403 1355
404 1355
405 1359
406 1357
407 1357
408 1354
409 1357
410 1356
411 1357
412 1356
413 1358
414 1356
415 1357
416 1358
417 1356
418 1358
419 1357
420 1358
421 1355
422 1353
423 1353
424 1357
425 1361
426 1353
427 1355
428 1356
429 1358
430 1356
431 1357
432 1352
433 1355
434 1355
435 1359
436 1352
437 1359
438 1355
439 1357
440 1354
441 1357
442 1355
443 1357
444 1356
445 1355
446 1355
447 1357
448 1354
449 1358
450 1356
451 1356
452 1355
453 1356
454 1355
455 1359
456 1357
457 1356
458 1356
459 1357
460 1355
461 1356
462 1354
463 1356
464 1353
465 1354
466 1355
467 1354
468 1352
469 1354
470 1355
471 1357
472 1354
473 1356
474 1353
475 1354
476 1356
477 1358
478 1355
479 1354
480 1352
481 1356
482 1354
483 1355
484 1354
485 1361
486 1357
487 1358
488 1357
489 1361
490 1357
491 1360
492 1361
493 1370
494 1372
495 1382
496 1387
497 1396
498 1402
499 1416
500 1424
501 1435
502 1441
503 1450
504 1459
505 1467
506 1472
507 1477
508 1484
509 1486
510 1491
511 1491
512 1489
513 1484
514 1486
515 1482
516 1481
517 1472
518 1468
519 1466
520 1462
521 1458
522 1452
523 1449
524 1444
525 1440
526 1439
527 1431
528 1425
529 1420
530 1416
531 1415
532 1411
533 1410
534 1404
535 1405
536 1399
537 1400
538 1396
539 1395
540 1388
541 1389
542 1387
543 1385
544 1385
545 1383
546 1380
547 1379
548 1376
549 1374
550 1372
551 1373
552 1369
553 1371
554 1368
555 1368
556 1364
557 1366
558 1363
559 1364
560 1363
561 1363
562 1362
563 1365
564 1360
565 1361
566 1363
567 1362
568 1361
569 1359
570 1358
571 1360
572 1359
573 1361
574 1359
575 1362
576 1359
577 1359
578 1357
579 1359
580 1357
581 1360
582 1356
583 1361
584 1357
585 1356
586 1359
587 1359
588 1357
589 1356
590 1357
591 1358
592 1356
593 1356
594 1355
595 1357
596 1355
597 1357
598 1359
599 1356
600 1358
601 1356
602 1358
603 1355
604 1356
605 1356
606 1356
607 1358
608 1359
609 1356
610 1358
611 1357
612 1357
613 1356
614 1356
615 1359
616 1357
617 1357
618 1355
619 1356
620 1356
621 1355
622 1357
623 1355
624 1355
625 1355
626 1356
627 1354
628 1354
629 1358
630 1354
631 1356
632 1354
633 1355
634 1357
635 1355
636 1355
637 1357
638 1356
639 1357
640 1357
641 1357
642 1356
643 1355
644 1357
645 1357
646 1353
647 1356
648 1357
649 1356
650 1355
651 1356
652 1355
653 1354
654 1355
655 1355
656 1356
657 1359
658 1355
659 1358
660 1357
661 1356
662 1359
663 1354
664 1356
665 1355
666 1355
667 1356
668 1355
669 1357
670 1357
671 1357
672 1355
673 1356
674 1355
675 1357
676 1357
677 1357
678 1357
679 1356
680 1355
681 1356
682 1357
683 1356
684 1355
685 1354
686 1355
687 1356
688 1353
689 1354
690 1355
691 1357
692 1355
693 1354
694 1356
695 1356
696 1356
697 1354
698 1356
699 1352
700 1356
701 1357
702 1355
703 1355
704 1356
705 1358
706 1356
707 1356
708 1355
709 1355
710 1356
711 1357
712 1354
713 1356
714 1357
715 1357
716 1357
717 1355
718 1354
719 1354
720 1355
721 1357
722 1355
723 1357
724 1354
725 1357
726 1356
727 1357
728 1357
729 1357
730 1356
731 1356
732 1358
733 1354
734 1358
735 1355
736 1356
737 1353
738 1357
739 1356
740 1355
741 1355
742 1356
743 1356
744 1355
745 1355
746 1356
747 1357
748 1357
749 1355
750 1355
751 1355
752 1355
753 1357
754 1355
755 1355
756 1354
757 1353
758 1356
759 1355
760 1356
761 1358
762 1361
763 1357
764 1358
765 1357
766 1356
767 1356
768 1355
769 1354
770 1356
771 1357
772 1357
773 1357
774 1356
775 1355
776 1357
777 1357
778 1357
779 1355
780 1355
781 1355
782 1357
783 1356
784 1356
785 1355
786 1358
787 1356
788 1357
789 1357
790 1357
791 1356
792 1357
793 1356
794 1356
795 1356
796 1355
797 1357
798 1356
799 1354
800 1356
801 1354
802 1357
803 1353
804 1357
805 1358
806 1357
807 1356
808 1354
809 1355
810 1355
811 1356
812 1355
813 1355
814 1356
815 1354
816 1356
817 1356
818 1356
819 1355
820 1356
821 1357
822 1356
823 1355
824 1357
825 1355
826 1356
827 1357
828 1359
829 1356
830 1359
831 1357
832 1355
833 1356
834 1354
835 1356
836 1357
837 1353
838 1355
839 1355
840 1356
841 1356
842 1356
843 1357
844 1358
845 1356
846 1356
847 1357
848 1357
849 1356
850 1355
851 1356
852 1355
853 1355
854 1358
855 1356
856 1357
857 1358
858 1357
859 1357
860 1357
861 1357
862 1356
863 1354
864 1356
865 1357
866 1358
867 1354
868 1354
869 1353
870 1354
871 1357
872 1355
873 1356
874 1357
875 1356
876 1356
877 1357
878 1356
879 1357
880 1358
881 1357
882 1354
883 1354
884 1356
885 1357
886 1357
887 1357
888 1356
889 1358
890 1355
891 1352
892 1353
893 1356
894 1356
895 1356
896 1357
897 1355
898 1356
899 1355
900 1355
901 1355
902 1355
903 1355
904 1355
905 1355
906 1356
907 1358
908 1357
909 1354
910 1359
911 1357
912 1356
913 1354
914 1355
915 1356
916 1354
917 1355
918 1356
919 1354
920 1355
921 1357
922 1353
923 1355
924 1358
925 1357
926 1355
927 1354
928 1355
929 1360
930 1356
931 1356
932 1354
933 1355
934 1354
935 1356
936 1356
937 1356
938 1357
939 1357
940 1357
941 1355
942 1359
943 1353
944 1353
945 1357
946 1356
947 1356
948 1357
949 1357
950 1356
951 1354
952 1353
953 1356
954 1357
955 1355
956 1357
957 1357
958 1357
959 1355
960 1356
961 1353
962 1355
963 1354
964 1357
965 1356
966 1355
967 1354
968 1358
969 1358
970 1359
971 1354
972 1354
973 1357
974 1356
975 1356
976 1357
977 1357
978 1356
979 1356
980 1358
981 1357
982 1359
983 1354
984 1355
985 1355
986 1354
987 1353
988 1355
989 1357
990 1355
991 1357
992 1356
993 1352
994 1358
995 1354
996 1357
997 1355
998 1351
999 1352
1000 1356
1001 1356
1002 1354
1003 1355
1004 1357
1005 1357
1006 1359
1007 1354
1008 1358
1009 1357
1010 1356
1011 1356
1012 1354
1013 1355
1014 1355
1015 1356
1016 1356
1017 1355
1018 1355
1019 1352
1020 1354
1021 1356
1022 1356
1023 1353
1024 1354
1025 1357
1026 1357
1027 1355
1028 1354
1029 1356
1030 1354
1031 1357
1032 1350
1033 1357
1034 1356
1035 1355
1036 1356
1037 1357
1038 1354
1039 1356
1040 1356
1041 1357
1042 1355
1043 1355
1044 1356
1045 1356
1046 1356
1047 1355
1048 1354
1049 1355
1050 1354
1051 1355
1052 1355
1053 1353
1054 1356
1055 1358
1056 1355
1057 1355
1058 1357
1059 1359
1060 1355
1061 1353
1062 1354
1063 1357
1064 1355
1065 1355
1066 1354
1067 1356
1068 1355
1069 1354
1070 1354
1071 1352
1072 1356
1073 1354
1074 1354
1075 1351
1076 1356
1077 1355
1078 1357
1079 1354
1080 1352
1081 1355
1082 1354
1083 1354
1084 1356
1085 1357
1086 1356
1087 1356
1088 1358
1089 1356
1090 1356
1091 1355
1092 1356
1093 1355
1094 1356
1095 1356
1096 1356
1097 1357
1098 1356
1099 1356
1100 1354
1101 1355
1102 1356
1103 1355
1104 1355
1105 1356
1106 1353
1107 1356
1108 1354
1109 1355
1110 1354
1111 1354
1112 1350
1113 1355
1114 1355
1115 1359
1116 1353
1117 1356
1118 1356
1119 1358
1120 1355
1121 1357
1122 1355
1123 1359
1124 1356
1125 1357
1126 1358
1127 1356
1128 1356
1129 1356
1130 1355
1131 1358
1132 1355
1133 1356
1134 1357
1135 1355
1136 1357
1137 1356
1138 1352
1139 1356
1140 1352
1141 1356
1142 1354
1143 1354
1144 1355
1145 1355
1146 1356
1147 1357
1148 1353
1149 1353
1150 1354
1151 1358
1152 1356
1153 1358
1154 1357
1155 1359
1156 1358
1157 1352
1158 1354
1159 1356
1160 1356
1161 1357
1162 1355
1163 1355
1164 1355
1165 1357
1166 1354
1167 1354
1168 1353
1169 1357
1170 1352
1171 1357
1172 1355
1173 1357
1174 1354
1175 1356
1176 1355
1177 1354
1178 1353
1179 1354
1180 1353
1181 1358
1182 1355
1183 1356
1184 1356
1185 1354
1186 1357
1187 1354
1188 1357
1189 1356
1190 1355
1191 1356
1192 1354
1193 1355
1194 1354
1195 1355
1196 1354
1197 1356
1198 1354
1199 1355
1200 1354
1201 1353
1202 1354
1203 1355
1204 1353
1205 1354
1206 1353
1207 1354
1208 1357
1209 1356
1210 1358
1211 1357
1212 1354
1213 1354
1214 1356
1215 1356
1216 1356
1217 1356
1218 1357
1219 1357
1220 1357
1221 1357
1222 1356
1223 1357
1224 1355
1225 1356
1226 1353
1227 1356
1228 1359
1229 1355
1230 1355
1231 1356
1232 1356
1233 1356
1234 1357
1235 1354
1236 1354
1237 1356
1238 1356
1239 1356
1240 1355
1241 1354
1242 1358
1243 1354
1244 1356
1245 1359
1246 1356
1247 1358
1248 1356
1249 1356
1250 1356
1251 1359
1252 1355
1253 1358
1254 1356
1255 1355
1256 1357
1257 1356
1258 1353
1259 1358
1260 1355
1261 1359
1262 1359
1263 1357
1264 1355
1265 1357
1266 1352
1267 1353
1268 1356
1269 1353
1270 1354
1271 1356
1272 1353
1273 1354
1274 1352
1275 1355
1276 1354
1277 1358
1278 1355
1279 1358
1280 1355
1281 1353
1282 1355
1283 1359
1284 1354
1285 1357
1286 1356
1287 1356
1288 1357
1289 1360
1290 1358
1291 1358
1292 1357
1293 1357
1294 1358
1295 1360
1296 1354
1297 1357
1298 1355
1299 1357
1300 1356
1301 1356
1302 1356
1303 1357
1304 1358
1305 1359
1306 1353
1307 1356
1308 1354
1309 1358
1310 1357
1311 1357
1312 1354
1313 1355
1314 1355
1315 1356
1316 1354
1317 1357
1318 1354
1319 1357
1320 1356
1321 1354
1322 1356
1323 1355
1324 1356
1325 1358
1326 1356
1327 1356
1328 1355
1329 1357
1330 1354
1331 1355
1332 1356
1333 1356
1334 1356
1335 1356
1336 1356
1337 1356
1338 1358
1339 1355
1340 1356
1341 1355
1342 1357
1343 1355
1344 1356
1345 1356
1346 1355
1347 1358
1348 1355
1349 1353
1350 1354
1351 1355
1352 1354
1353 1356
1354 1354
1355 1357
1356 1354
1357 1353
1358 1354
1359 1356
1360 1354
1361 1356
1362 1357
1363 1357
1364 1356
1365 1356
1366 1354
1367 1356
1368 1359
1369 1357
1370 1356
1371 1356
1372 1352
1373 1354
1374 1356
1375 1357
1376 1357
1377 1358
1378 1359
1379 1355
1380 1354
1381 1353
1382 1355
1383 1355
1384 1353
1385 1357
1386 1354
1387 1356
1388 1353
1389 1357
1390 1353
1391 1356
1392 1355
1393 1356
1394 1354
1395 1355
1396 1356
1397 1359
1398 1356
1399 1357
1400 1357
1401 1358
1402 1355
1403 1354
1404 1356
1405 1359
1406 1353
1407 1357
1408 1356
1409 1356
1410 1355
1411 1357
1412 1356
1413 1354
1414 1354
1415 1356
1416 1356
1417 1355
1418 1352
1419 1353
1420 1356
1421 1357
1422 1354
1423 1355
1424 1355
1425 1355
1426 1353
1427 1356
1428 1355
1429 1358
1430 1355
1431 1357
1432 1356
1433 1358
1434 1355
1435 1360
1436 1356
1437 1358
1438 1356
1439 1357
1440 1356
1441 1359
1442 1358
1443 1357
1444 1354
1445 1353
1446 1353
1447 1352
1448 1353
1449 1357
1450 1353
1451 1357
1452 1355
1453 1356
1454 1353
1455 1357
1456 1356
1457 1356
1458 1356
1459 1357
1460 1356
1461 1358
1462 1354
1463 1357
1464 1356
1465 1361
1466 1356
1467 1355
1468 1356
1469 1357
1470 1355
1471 1355
1472 1352
1473 1355
1474 1358
1475 1357
1476 1356
1477 1356
1478 1354
1479 1354
1480 1355
1481 1356
1482 1356
1483 1353
1484 1356
1485 1357
1486 1354
1487 1353
1488 1354
1489 1358
1490 1357
1491 1357
1492 1355
1493 1357
1494 1355
1495 1359
1496 1355
1497 1354
1498 1355
1499 1357
1500 1356
1501 1356
1502 1356
1503 1356
1504 1354
1505 1355
1506 1355
1507 1358
1508 1355
1509 1355
1510 1356
1511 1358
1512 1355
1513 1357
1514 1354
1515 1357
1516 1356
1517 1358
1518 1355
1519 1358
1520 1357
1521 1355
1522 1357
1523 1357
1524 1357
1525 1354
1526 1359
1527 1356
1528 1355
1529 1354
1530 1354
1531 1355
1532 1355
1533 1355
1534 1356
1535 1356
1536 1353
1537 1356
1538 1357
1539 1356
1540 1356
1541 1355
1542 1353
1543 1356
1544 1356
1545 1356
1546 1356
1547 1354
1548 1356
1549 1356
1550 1357
1551 1357
1552 1354
1553 1357
1554 1357
1555 1357
1556 1355
1557 1357
1558 1356
1559 1356
1560 1358
1561 1357
1562 1356
1563 1357
1564 1354
1565 1355
1566 1356
1567 1356
1568 1357
1569 1358
1570 1354
1571 1354
1572 1354
1573 1357
1574 1353
1575 1355
1576 1356
1577 1357
1578 1353
1579 1358
1580 1356
1581 1354
1582 1354
1583 1357
1584 1358
1585 1357
1586 1355
1587 1354
1588 1356
1589 1354
1590 1355
1591 1357
1592 1356
1593 1356
1594 1354
1595 1355
1596 1357
1597 1358
1598 1355
1599 1356
1600 1355
1601 1354
1602 1356
1603 1356
1604 1353
1605 1356
1606 1355
1607 1354
1608 1358
1609 1357
1610 1359
1611 1356
1612 1358
1613 1360
1614 1356
1615 1358
1616 1356
1617 1356
1618 1354
1619 1356
1620 1356
1621 1358
1622 1356
1623 1356
1624 1356
1625 1357
1626 1353
1627 1354
1628 1355
1629 1356
1630 1355
1631 1357
1632 1357
1633 1358
1634 1357
1635 1358
1636 1355
1637 1353
1638 1358
1639 1354
1640 1356
1641 1357
1642 1355
1643 1355
1644 1356
1645 1357
1646 1356
1647 1357
1648 1356
1649 1355
1650 1354
1651 1355
1652 1355
1653 1356
1654 1355
1655 1360
1656 1358
1657 1357
1658 1355
1659 1357
1660 1358
1661 1355
1662 1356
1663 1354
1664 1356
1665 1356
1666 1356
1667 1357
1668 1357
1669 1357
1670 1358
1671 1358
1672 1356
1673 1356
1674 1359
1675 1356
1676 1357
1677 1357
1678 1355
1679 1355
1680 1355
1681 1354
1682 1357
1683 1356
1684 1357
1685 1360
1686 1356
1687 1358
1688 1355
1689 1352
1690 1355
1691 1357
1692 1356
1693 1358
1694 1358
1695 1355
1696 1354
1697 1356
1698 1358
1699 1356
1700 1356
1701 1357
1702 1357
1703 1357
1704 1357
1705 1358
1706 1359
1707 1358
1708 1356
1709 1357
1710 1356
1711 1356
1712 1353
1713 1357
1714 1359
1715 1358
1716 1355
1717 1355
1718 1353
1719 1357
1720 1356
1721 1355
1722 1358
1723 1357
1724 1358
1725 1355
1726 1354
1727 1358
1728 1356
1729 1356
1730 1355
1731 1357
1732 1357
1733 1357
1734 1356
1735 1354
1736 1355
1737 1354
1738 1354
1739 1355
1740 1355
1741 1356
1742 1354
1743 1354
1744 1353
1745 1355
1746 1356
1747 1356
1748 1357
1749 1359
1750 1360
1751 1353
1752 1354
1753 1349
1754 1356
1755 1359
1756 1356
1757 1357
1758 1355
1759 1359
1760 1356
1761 1355
1762 1354
1763 1357
1764 1357
1765 1356
1766 1356
1767 1357
1768 1357
1769 1357
1770 1356
1771 1355
1772 1355
1773 1356
1774 1356
1775 1355
1776 1358
1777 1355
1778 1357
1779 1354
1780 1357
1781 1358
1782 1356
1783 1354
1784 1356
1785 1358
1786 1356
1787 1355
1788 1358
1789 1357
1790 1356
1791 1357
1792 1358
1793 1356
1794 1355
1795 1354
1796 1356
1797 1357
1798 1358
1799 1358
1800 1356
1801 1357
1802 1358
1803 1359
1804 1360
1805 1358
1806 1356
1807 1357
1808 1356
1809 1356
1810 1357
1811 1356
1812 1354
1813 1352
1814 1357
1815 1357
1816 1357
1817 1356
1818 1355
1819 1355
1820 1354
1821 1357
1822 1356
1823 1355
1824 1355
1825 1351
1826 1356
1827 1358
1828 1355
1829 1354
1830 1354
1831 1359
1832 1358
1833 1357
1834 1356
1835 1357
1836 1355
1837 1355
1838 1356
1839 1356
1840 1356
1841 1353
1842 1356
1843 1357
1844 1356
1845 1357
1846 1357
1847 1357
1848 1356
1849 1353
1850 1356
1851 1356
1852 1353
1853 1356
1854 1356
1855 1357
1856 1355
1857 1355
1858 1357
1859 1352
1860 1358
1861 1357
1862 1355
1863 1355
1864 1356
1865 1355
1866 1355
1867 1355
1868 1354
1869 1355
1870 1356
1871 1357
1872 1355
1873 1354
1874 1356
1875 1355
1876 1355
1877 1355
1878 1354
1879 1357
1880 1356
1881 1358
1882 1357
1883 1357
1884 1354
1885 1356
1886 1355
1887 1356
1888 1356
1889 1356
1890 1355
1891 1356
1892 1354
1893 1355
1894 1356
1895 1355
1896 1356
1897 1356
1898 1356
1899 1353
1900 1354
1901 1356
1902 1356
1903 1357
1904 1356
1905 1358
1906 1357
1907 1357
1908 1355
1909 1358
1910 1353
1911 1357
1912 1356
1913 1356
1914 1355
1915 1356
1916 1355
1917 1354
1918 1353
1919 1357
1920 1354
1921 1356
1922 1358
1923 1356
1924 1354
1925 1356
1926 1356
1927 1358
1928 1355
1929 1355
1930 1354
1931 1356
1932 1355
1933 1357
1934 1356
1935 1357
1936 1354
1937 1356
1938 1355
1939 1354
1940 1356
1941 1357
1942 1354
1943 1353
1944 1355
1945 1356
1946 1358
1947 1359
1948 1357
1949 1356
1950 1358
1951 1357
1952 1354
1953 1356
1954 1352
1955 1356
1956 1356
1957 1357
1958 1354
1959 1357
1960 1355
1961 1358
1962 1356
1963 1355
1964 1357
1965 1358
1966 1356
1967 1355
1968 1356
1969 1355
1970 1356
1971 1356
1972 1355
1973 1353
1974 1356
1975 1361
1976 1359
1977 1356
1978 1355
1979 1352
1980 1355
1981 1355
1982 1353
1983 1356
1984 1357
1985 1356
1986 1356
1987 1355
1988 1355
1989 1357
1990 1354
1991 1357
1992 1357
1993 1353
1994 1354
1995 1354
1996 1354
1997 1357
1998 1357
1999 1357
2000 1356
2001 1354
2002 1357
2003 1355
2004 1357
2005 1360
2006 1356
2007 1357
2008 1355
2009 1357
2010 1356
2011 1357
2012 1357
2013 1356
2014 1355
2015 1356
2016 1356
2017 1355
2018 1356
2019 1358
2020 1356
2021 1355
2022 1356
2023 1357
2024 1356
2025 1358
2026 1357
2027 1357
2028 1355
2029 1357
2030 1355
2031 1356
2032 1355
2033 1355
2034 1354
2035 1357
2036 1357
2037 1358
2038 1357
2039 1357
2040 1357
2041 1357
2042 1356
2043 1356
2044 1356
2045 1356
2046 1355
2047 1355
2048 1356
2049 1356
2050 1358
2051 1356
2052 1355
2053 1355
2054 1354
2055 1355
2056 1355
2057 1358
2058 1356
2059 1355
2060 1356
2061 1357
2062 1356
2063 1354
2064 1357
2065 1359
2066 1359
2067 1356
2068 1356
2069 1358
2070 1357
2071 1359
2072 1357
2073 1357
2074 1356
2075 1357
2076 1357
2077 1357
2078 1357
2079 1357
2080 1357
2081 1357
2082 1356
2083 1359
2084 1356
2085 1355
2086 1356
2087 1358
2088 1356
2089 1355
2090 1356
2091 1356
2092 1355
2093 1356
2094 1357
2095 1355
2096 1358
2097 1358
2098 1356
2099 1357
2100 1356
2101 1357
2102 1357
2103 1358
2104 1355
2105 1359
2106 1357
2107 1357
2108 1357
2109 1356
2110 1356
2111 1355
2112 1356
2113 1356
2114 1356
2115 1358
2116 1357
2117 1358
2118 1356
2119 1356
2120 1356
2121 1357
2122 1356
2123 1356
2124 1356
2125 1357
2126 1356
2127 1357
2128 1356
2129 1355
2130 1356
2131 1357
2132 1356
2133 1353
2134 1355
2135 1356
2136 1357
2137 1359
2138 1357
2139 1357
2140 1357
2141 1351
2142 1357
2143 1359
2144 1356
2145 1356
2146 1355
2147 1356
2148 1355
2149 1358
2150 1358
2151 1357
2152 1360
2153 1355
2154 1354
2155 1356
2156 1355
2157 1354
2158 1355
2159 1353
2160 1355
2161 1354
2162 1354
2163 1353
2164 1355
2165 1357
2166 1357
2167 1355
2168 1358
2169 1355
2170 1357
2171 1357
2172 1356
2173 1357
2174 1358
2175 1355
2176 1357
2177 1356
2178 1357
2179 1357
2180 1357
2181 1358
2182 1358
2183 1355
2184 1356
2185 1356
2186 1357
2187 1356
2188 1353
2189 1355
2190 1355
2191 1354
2192 1354
2193 1352
2194 1353
2195 1355
2196 1357
2197 1357
2198 1356
2199 1356
2200 1355
2201 1358
2202 1357
2203 1356
2204 1357
2205 1354
2206 1355
2207 1357
2208 1357
2209 1351
2210 1353
2211 1354
2212 1358
2213 1357
2214 1356
2215 1357
2216 1358
2217 1357
2218 1357
2219 1355
2220 1357
2221 1356
2222 1356
2223 1356
2224 1356
2225 1359
2226 1359
2227 1355
2228 1357
2229 1355
2230 1358
2231 1355
2232 1356
2233 1354
2234 1355
2235 1356
2236 1356
2237 1355
2238 1358
2239 1356
2240 1355
2241 1356
2242 1357
2243 1357
2244 1357
2245 1357
2246 1356
2247 1354
2248 1358
2249 1357
2250 1357
2251 1357
2252 1358
2253 1353
2254 1355
2255 1358
2256 1355
2257 1357
2258 1355
2259 1356
2260 1358
2261 1357
2262 1356
2263 1354
2264 1353
2265 1353
2266 1359
2267 1357
2268 1355
2269 1352
2270 1356
2271 1358
2272 1359
2273 1356
2274 1356
2275 1354
2276 1356
2277 1354
2278 1356
2279 1356
2280 1356
2281 1357
2282 1356
2283 1355
2284 1355
2285 1357
2286 1356
2287 1357
2288 1359
2289 1358
2290 1355
2291 1357
2292 1354
2293 1354
2294 1354
2295 1354
2296 1355
2297 1354
2298 1355
2299 1357
2300 1356
2301 1357
2302 1356
2303 1355
2304 1356
2305 1355
2306 1355
2307 1354
2308 1355
2309 1353
2310 1355
2311 1357
2312 1357
2313 1357
2314 1358
2315 1357
2316 1355
2317 1357
2318 1358
2319 1356
2320 1359
2321 1357
2322 1355
2323 1356
2324 1356
2325 1357
2326 1355
2327 1352
2328 1355
2329 1355
2330 1354
2331 1353
2332 1354
2333 1357
2334 1358
2335 1357
2336 1356
2337 1355
2338 1354
2339 1355
2340 1356
2341 1357
2342 1356
2343 1357
2344 1356
2345 1359
2346 1355
2347 1356
2348 1356
2349 1358
2350 1357
2351 1358
2352 1358
2353 1353
2354 1357
2355 1358
2356 1355
2357 1357
2358 1356
2359 1357
2360 1356
2361 1357
2362 1358
2363 1357
2364 1355
2365 1357
2366 1355
2367 1354
2368 1357
2369 1358
2370 1356
2371 1354
2372 1358
2373 1356
2374 1355
2375 1357
2376 1357
2377 1358
2378 1356
2379 1358
2380 1354
2381 1354
2382 1353
2383 1354
2384 1355
2385 1359
2386 1356
2387 1357
2388 1355
2389 1357
2390 1356
2391 1355
2392 1356
2393 1355
2394 1354
2395 1353
2396 1355
2397 1355
2398 1357
2399 1356
2400 1356
2401 1357
2402 1354
2403 1358
2404 1354
2405 1356
2406 1358
2407 1356
2408 1353
2409 1357
2410 1356
2411 1360
2412 1356
2413 1353
2414 1356
2415 1358
2416 1358
2417 1356
2418 1357
2419 1357
2420 1357
2421 1357
2422 1357
2423 1356
2424 1358
2425 1354
2426 1356
2427 1355
2428 1356
2429 1353
2430 1355
2431 1355
2432 1355
2433 1356
2434 1357
2435 1354
2436 1356
2437 1355
2438 1354
2439 1355
2440 1357
2441 1355
2442 1355
2443 1353
2444 1358
2445 1358
2446 1357
2447 1359
2448 1356
2449 1356
2450 1354
2451 1355
2452 1353
2453 1356
2454 1357
2455 1355
2456 1356
2457 1355
2458 1352
2459 1355
2460 1355
2461 1356
2462 1357
2463 1357
2464 1355
2465 1355
2466 1353
2467 1354
2468 1355
2469 1357
2470 1356
2471 1353
2472 1356
2473 1358
2474 1354
2475 1355
2476 1357
2477 1353
2478 1353
2479 1357
2480 1354
2481 1357
2482 1354
2483 1355
2484 1355
2485 1355
2486 1357
2487 1356
2488 1357
2489 1355
2490 1354
2491 1354
2492 1358
2493 1357
2494 1357
2495 1354
2496 1357
2497 1354
2498 1356
2499 1354
2500 1357
2501 1357
2502 1357
2503 1355
2504 1352
2505 1355
2506 1354
2507 1355
2508 1356
2509 1352
2510 1356
2511 1355
2512 1352
2513 1356
2514 1354
2515 1356
2516 1356
2517 1353
2518 1356
2519 1357
2520 1356
2521 1355
2522 1352
2523 1355
2524 1357
2525 1355
2526 1355
2527 1352
2528 1355
2529 1356
2530 1356
2531 1358
2532 1356
2533 1355
2534 1357
2535 1354
2536 1356
2537 1357
2538 1357
2539 1357
2540 1355
2541 1354
2542 1355
2543 1355
2544 1354
2545 1356
2546 1359
2547 1357
2548 1357
2549 1355
2550 1355
2551 1354
2552 1353
2553 1355
2554 1356
2555 1356
2556 1355
2557 1355
2558 1358
2559 1356
2560 1356
2561 1355
2562 1358
2563 1357
2564 1357
2565 1357
2566 1354
2567 1359
2568 1356
2569 1357
2570 1358
2571 1353
2572 1356
2573 1355
2574 1354
2575 1357
2576 1356
2577 1358
2578 1354
2579 1353
2580 1355
2581 1355
2582 1354
2583 1355
2584 1357
2585 1357
2586 1356
2587 1355
2588 1356
2589 1353
2590 1357
2591 1354
2592 1356
2593 1357
2594 1358
2595 1355
2596 1356
2597 1352
2598 1355
2599 1355
2600 1356
2601 1359
2602 1354
2603 1355
2604 1355
2605 1357
2606 1354
2607 1355
2608 1356
2609 1356
2610 1353
2611 1356
2612 1355
2613 1357
2614 1355
2615 1355
2616 1356
2617 1355
2618 1357
2619 1356
2620 1357
2621 1356
2622 1356
2623 1357
2624 1356
2625 1357
2626 1355
2627 1355
2628 1355
2629 1358
2630 1358
2631 1356
2632 1354
2633 1354
2634 1359
2635 1359
2636 1357
2637 1355
2638 1354
2639 1356
2640 1355
2641 1356
2642 1355
2643 1355
2644 1352
2645 1353
2646 1354
2647 1357
2648 1354
2649 1357
2650 1358
2651 1359
2652 1360
2653 1356
2654 1354
2655 1354
2656 1354
2657 1356
2658 1355
2659 1355
2660 1356
2661 1355
2662 1357
2663 1355
2664 1356
2665 1357
2666 1356
2667 1356
2668 1355
2669 1356
2670 1354
2671 1353
2672 1352
2673 1356
2674 1357
2675 1357
2676 1356
2677 1354
2678 1355
2679 1357
2680 1355
2681 1356
2682 1357
2683 1355
2684 1357
2685 1357
2686 1353
2687 1351
2688 1356
2689 1356
2690 1356
2691 1357
2692 1356
2693 1358
2694 1356
2695 1354
2696 1354
2697 1356
2698 1354
2699 1355
2700 1357
2701 1354
2702 1356
2703 1351
2704 1355
2705 1355
2706 1356
2707 1353
2708 1355
2709 1354
2710 1356
2711 1356
2712 1356
2713 1356
2714 1353
2715 1353
2716 1354
2717 1356
2718 1355
2719 1357
2720 1355
2721 1356
2722 1353
2723 1357
2724 1355
2725 1356
2726 1355
2727 1352
2728 1353
2729 1353
2730 1353
2731 1352
2732 1355
2733 1351
2734 1357
2735 1357
2736 1356
2737 1356
2738 1355
2739 1357
2740 1355
2741 1357
2742 1354
2743 1356
2744 1353
2745 1356
2746 1356
2747 1356
2748 1356
2749 1359
2750 1358
2751 1360
2752 1357
2753 1358
2754 1354
2755 1357
2756 1354
2757 1358
2758 1355
2759 1355
2760 1353
2761 1357
2762 1354
2763 1359
2764 1355
2765 1358
2766 1356
2767 1357
2768 1353
2769 1355
2770 1354
2771 1357
2772 1355
2773 1357
2774 1354
2775 1357
2776 1354
2777 1357
2778 1357
2779 1353
2780 1354
2781 1354
2782 1356
2783 1359
2784 1356
2785 1356
2786 1356
2787 1355
2788 1356
2789 1355
2790 1354
2791 1355
2792 1353
2793 1352
2794 1356
2795 1359
2796 1357
2797 1355
2798 1353
2799 1357
2800 1354
2801 1357
2802 1353
2803 1355
2804 1356
2805 1357
2806 1352
2807 1355
2808 1354
2809 1356
2810 1356
2811 1357
2812 1357
2813 1357
2814 1356
2815 1359
2816 1355
2817 1354
2818 1355
2819 1357
2820 1353
2821 1357
2822 1357
2823 1354
2824 1354
2825 1357
2826 1356
2827 1353
2828 1355
2829 1357
2830 1357
2831 1357
2832 1353
2833 1354
2834 1355
2835 1352
2836 1353
2837 1353
2838 1355
2839 1354
2840 1354
2841 1353
2842 1354
2843 1356
2844 1354
2845 1355
2846 1353
2847 1355
2848 1354
2849 1356
2850 1353
2851 1352
2852 1352
2853 1358
2854 1356
2855 1358
2856 1356
2857 1357
2858 1354
2859 1355
2860 1355
2861 1355
2862 1354
2863 1354
2864 1356
2865 1357
2866 1354
2867 1355
2868 1352
2869 1350
2870 1353
2871 1356
2872 1355
2873 1356
2874 1356
2875 1355
2876 1356
2877 1355
2878 1355
2879 1357
2880 1354
2881 1355
2882 1355
2883 1355
2884 1356
2885 1353
2886 1354
2887 1354
2888 1355
2889 1356
2890 1356
2891 1358
2892 1353
2893 1357
2894 1354
2895 1357
2896 1356
2897 1354
2898 1355
2899 1359
2900 1353
2901 1356
2902 1353
2903 1358
2904 1354
2905 1355
2906 1355
2907 1356
2908 1356
2909 1357
2910 1356
2911 1357
2912 1354
2913 1358
2914 1355
2915 1355
2916 1356
2917 1356
2918 1356
2919 1357
2920 1354
2921 1353
2922 1354
2923 1357
2924 1353
2925 1357
2926 1356
2927 1354
2928 1354
2929 1357
2930 1358
2931 1356
2932 1356
2933 1357
2934 1355
2935 1355
2936 1352
2937 1356
2938 1356
2939 1355
2940 1355
2941 1356
2942 1355
2943 1356
2944 1354
2945 1354
2946 1354
2947 1354
2948 1352
2949 1355
2950 1355
2951 1354
2952 1354
2953 1353
2954 1356
2955 1358
2956 1356
2957 1357
2958 1354
2959 1357
2960 1355
2961 1356
2962 1356
2963 1356
2964 1355
2965 1353
2966 1353
2967 1354
2968 1358
2969 1359
2970 1358
2971 1357
2972 1356
2973 1354
2974 1353
2975 1352
2976 1353
2977 1356
2978 1356
2979 1353
2980 1354
2981 1356
2982 1354
2983 1353
2984 1356
2985 1360
2986 1357
2987 1357
2988 1358
2989 1357
2990 1355
2991 1357
2992 1356
2993 1355
2994 1353
2995 1353
2996 1358
2997 1354
2998 1354
2999 1357
3000 1356
3001 1354
3002 1355
3003 1355
3004 1354
3005 1357
3006 1355
3007 1354
3008 1354
3009 1354
3010 1352
3011 1357
3012 1355
3013 1352
3014 1358
3015 1359
3016 1359
3017 1358
3018 1354
3019 1359
3020 1356
3021 1354
3022 1358
3023 1355
3024 1356
3025 1354
3026 1352
3027 1356
3028 1354
3029 1357
3030 1356
3031 1356
3032 1353
3033 1353
3034 1352
3035 1357
3036 1353
3037 1358
3038 1355
3039 1355
3040 1352
3041 1354
3042 1355
3043 1357
3044 1356
3045 1354
3046 1353
3047 1355
3048 1357
3049 1356
3050 1355
3051 1356
3052 1355
3053 1354
3054 1355
3055 1355
3056 1354
3057 1354
3058 1356
3059 1353
3060 1355
3061 1356
3062 1356
3063 1354
3064 1355
3065 1354
3066 1357
3067 1356
3068 1356
3069 1357
3070 1356
3071 1358
3072 1358
3073 1353
3074 1358
3075 1354
3076 1356
3077 1357
3078 1356
3079 1357
3080 1357
3081 1357
3082 1355
3083 1354
3084 1356
3085 1358
3086 1356
3087 1356
3088 1356
3089 1357
3090 1355
3091 1353
3092 1354
3093 1355
3094 1355
3095 1358
3096 1353
3097 1354
3098 1352
3099 1356
3100 1354
3101 1356
3102 1357
3103 1355
3104 1355
3105 1354
3106 1354
3107 1357
3108 1354
3109 1354
3110 1356
3111 1357
3112 1357
3113 1355
3114 1354
3115 1359
3116 1356
3117 1357
3118 1357
3119 1355
3120 1353
3121 1357
3122 1352
3123 1355
3124 1356
3125 1355
3126 1354
3127 1355
3128 1356
3129 1354
3130 1358
3131 1356
3132 1355
3133 1356
3134 1356
3135 1355
3136 1357
3137 1357
3138 1356
3139 1358
3140 1356
3141 1356
3142 1356
3143 1354
3144 1356
3145 1358
3146 1358
3147 1357
3148 1356
3149 1354
3150 1356
3151 1358
3152 1356
3153 1356
3154 1354
3155 1356
3156 1355
3157 1356
3158 1355
3159 1357
3160 1355
3161 1358
3162 1354
3163 1357
3164 1354
3165 1359
3166 1355
3167 1357
3168 1354
3169 1357
3170 1356
3171 1357
3172 1356
3173 1353
3174 1356
3175 1358
3176 1356
3177 1356
3178 1358
3179 1357
3180 1357
3181 1356
3182 1354
3183 1354
3184 1353
3185 1354
3186 1355
3187 1356
3188 1355
3189 1356
3190 1356
3191 1354
3192 1356
3193 1354
3194 1355
3195 1357
3196 1355
3197 1358
3198 1359
3199 1356
3200 1357
3201 1357
3202 1354
3203 1355
3204 1356
3205 1358
3206 1357
3207 1355
3208 1356
3209 1355
3210 1357
3211 1354
3212 1356
3213 1354
3214 1354
3215 1353
3216 1355
3217 1354
3218 1354
3219 1351
3220 1356
3221 1355
3222 1355
3223 1357
3224 1356
3225 1356
3226 1357
3227 1354
3228 1356
3229 1354
3230 1357
3231 1355
3232 1356
3233 1357
3234 1356
3235 1356
3236 1356
3237 1353
3238 1356
3239 1354
3240 1356
3241 1358
3242 1355
3243 1351
3244 1355
3245 1356
3246 1356
3247 1356
3248 1353
3249 1354
3250 1354
3251 1351
3252 1355
3253 1354
3254 1356
3255 1357
3256 1356
3257 1355
3258 1355
3259 1354
3260 1357
3261 1357
3262 1356
3263 1352
3264 1355
3265 1354
3266 1355
3267 1355
3268 1357
3269 1356
3270 1355
3271 1355
3272 1355
3273 1355
3274 1356
3275 1357
3276 1355
3277 1355
3278 1355
3279 1356
3280 1356
3281 1355
3282 1356
3283 1355
3284 1356
3285 1356
3286 1356
3287 1356
3288 1355
3289 1355
3290 1356
3291 1356
3292 1357
3293 1357
3294 1355
3295 1356
3296 1354
3297 1356
3298 1357
3299 1358
3300 1356
3301 1356
3302 1356
3303 1355
3304 1355
3305 1358
3306 1356
3307 1355
3308 1353
3309 1354
3310 1355
3311 1353
3312 1356
3313 1356
3314 1356
3315 1354
3316 1354
3317 1358
3318 1354
3319 1357
3320 1356
3321 1355
3322 1356
3323 1357
3324 1356
3325 1357
3326 1354
3327 1355
3328 1356
3329 1356
3330 1356
3331 1356
3332 1354
3333 1355
3334 1355
3335 1355
3336 1355
3337 1357
3338 1356
3339 1355
3340 1356
3341 1354
3342 1354
3343 1354
3344 1355
3345 1356
3346 1358
3347 1357
3348 1356
3349 1356
3350 1357
3351 1357
3352 1356
3353 1355
3354 1356
3355 1358
3356 1357
3357 1355
3358 1355
3359 1354
3360 1355
3361 1355
3362 1354
3363 1352
3364 1356
3365 1356
3366 1356
3367 1355
3368 1357
3369 1355
3370 1355
3371 1355
3372 1356
3373 1353
3374 1353
3375 1354
3376 1356
3377 1356
3378 1354
3379 1358
3380 1354
3381 1355
3382 1354
3383 1356
3384 1354
3385 1356
3386 1355
3387 1357
3388 1359
3389 1356
3390 1353
3391 1356
3392 1357
3393 1354
3394 1351
3395 1357
3396 1356
3397 1357
3398 1355
3399 1354
3400 1355
3401 1358
3402 1353
3403 1353
3404 1354
3405 1357
3406 1356
3407 1358
3408 1351
3409 1355
3410 1358
3411 1358
3412 1354
3413 1358
3414 1357
3415 1357
3416 1355
3417 1357
3418 1356
3419 1356
3420 1357
3421 1357
3422 1356
3423 1356
3424 1356
3425 1356
3426 1357
3427 1354
3428 1354
3429 1357
3430 1353
3431 1353
3432 1355
3433 1356
3434 1357
3435 1353
3436 1355
3437 1356
3438 1355
3439 1354
3440 1353
3441 1356
3442 1356
3443 1357
3444 1357
3445 1356
3446 1356
3447 1357
3448 1355
3449 1357
3450 1354
3451 1356
3452 1356
3453 1356
3454 1356
3455 1355
3456 1357
3457 1356
3458 1354
3459 1353
3460 1355
3461 1353
3462 1352
3463 1353
3464 1353
3465 1356
3466 1355
3467 1356
3468 1354
3469 1356
3470 1357
3471 1355
3472 1356
3473 1356
3474 1356
3475 1355
3476 1353
3477 1356
3478 1357
3479 1357
3480 1355
3481 1354
3482 1355
3483 1356
3484 1357
3485 1356
3486 1357
3487 1355
3488 1354
3489 1356
3490 1354
3491 1352
3492 1353
3493 1357
3494 1355
3495 1357
3496 1355
3497 1356
3498 1355
3499 1358
3500 1356
3501 1359
3502 1353
3503 1354
3504 1355
3505 1359
3506 1356
3507 1354
3508 1356
3509 1357
3510 1354
3511 1357
3512 1353
3513 1357
3514 1355
3515 1355
3516 1356
3517 1358
3518 1354
3519 1357
3520 1357
3521 1354
3522 1354
3523 1354
3524 1356
3525 1357
3526 1356
3527 1353
3528 1355
3529 1359
3530 1354
3531 1356
3532 1355
3533 1355
3534 1356
3535 1354
3536 1356
3537 1355
3538 1355
3539 1354
3540 1353
3541 1355
3542 1355
3543 1355
3544 1354
3545 1357
3546 1354
3547 1356
3548 1356
3549 1357
3550 1355
3551 1357
3552 1354
3553 1356
3554 1355
3555 1357
3556 1356
3557 1356
3558 1355
3559 1353
3560 1355
3561 1357
3562 1357
3563 1357
3564 1356
3565 1355
3566 1355
3567 1357
3568 1355
3569 1356
3570 1354
3571 1355
3572 1354
3573 1355
3574 1354
3575 1356
3576 1356
3577 1354
3578 1356
3579 1355
3580 1356
3581 1357
3582 1352
3583 1353
3584 1355
3585 1358
3586 1356
3587 1356
3588 1354
3589 1353
3590 1354
3591 1357
3592 1353
3593 1357
3594 1355
3595 1355
3596 1354
3597 1355
3598 1356
3599 1357
3600 1356
3601 1359
3602 1352
3603 1355
3604 1355
3605 1356
3606 1354
3607 1357
3608 1354
3609 1356
3610 1353
3611 1354
3612 1353
3613 1354
3614 1353
3615 1356
3616 1351
3617 1357
3618 1353
3619 1357
3620 1354
3621 1356
3622 1354
3623 1356
3624 1354
3625 1357
3626 1354
3627 1355
3628 1355
3629 1354
3630 1354
3631 1356
3632 1356
3633 1355
3634 1356
3635 1357
3636 1356
3637 1354
3638 1352
3639 1355
3640 1356
3641 1356
3642 1352
3643 1353
3644 1355
3645 1357
3646 1355
3647 1357
3648 1355
3649 1357
3650 1356
3651 1356
3652 1353
3653 1354
3654 1354
3655 1359
3656 1356
3657 1357
3658 1354
3659 1356
3660 1357
3661 1355
3662 1357
3663 1355
3664 1356
3665 1357
3666 1354
3667 1359
3668 1355
3669 1356
3670 1356
3671 1359
3672 1354
3673 1353
3674 1356
3675 1360
3676 1353
3677 1355
3678 1355
3679 1357
3680 1355
3681 1355
3682 1356
3683 1352
3684 1357
3685 1356
3686 1356
3687 1355
3688 1358
3689 1356
3690 1354
3691 1354
3692 1357
3693 1356
3694 1356
3695 1355
3696 1355
3697 1358
3698 1356
3699 1355
3700 1357
3701 1357
3702 1358
3703 1355
3704 1356
3705 1355
3706 1355
3707 1356
3708 1356
3709 1355
3710 1355
3711 1355
3712 1356
3713 1356
3714 1354
3715 1358
3716 1356
3717 1356
3718 1356
3719 1357
3720 1358
3721 1359
3722 1357
3723 1356
3724 1354
3725 1357
3726 1353
3727 1355
3728 1356
3729 1358
3730 1356
3731 1358
3732 1356
3733 1357
3734 1355
3735 1356
3736 1357
3737 1356
3738 1357
3739 1351
3740 1356
3741 1356
3742 1356
3743 1355
3744 1357
3745 1355
3746 1360
3747 1355
3748 1357
3749 1354
3750 1355
3751 1356
3752 1354
3753 1359
3754 1355
3755 1356
3756 1356
3757 1357
3758 1357
3759 1358
3760 1357
3761 1358
3762 1352
3763 1357
3764 1356
3765 1354
3766 1356
3767 1355
3768 1356
3769 1357
3770 1356
3771 1358
3772 1355
3773 1355
3774 1357
3775 1358
3776 1356
3777 1353
3778 1356
3779 1357
3780 1356
3781 1354
3782 1354
3783 1356
3784 1355
3785 1359
3786 1356
3787 1354
3788 1357
3789 1357
3790 1358
3791 1356
3792 1358
3793 1356
3794 1356
3795 1357
3796 1359
3797 1359
3798 1358
3799 1357
3800 1357
3801 1356
3802 1356
3803 1357
3804 1354
3805 1355
3806 1354
3807 1359
3808 1355
3809 1356
3810 1353
3811 1357
3812 1356
3813 1357
3814 1355
3815 1358
3816 1355
3817 1358
3818 1356
3819 1358
3820 1357
3821 1355
3822 1356
3823 1357
3824 1356
3825 1356
3826 1355
3827 1354
3828 1354
3829 1356
3830 1354
3831 1356
3832 1356
3833 1354
3834 1353
3835 1359
3836 1356
3837 1357
3838 1356
3839 1358
3840 1357
3841 1358
3842 1355
3843 1357
3844 1354
3845 1357
3846 1355
3847 1357
3848 1357
3849 1356
3850 1355
3851 1356
3852 1355
3853 1360
3854 1353
3855 1355
3856 1356
3857 1357
3858 1353
3859 1355
3860 1357
3861 1357
3862 1357
3863 1358
3864 1355
3865 1359
3866 1357
3867 1356
3868 1353
3869 1356
3870 1358
3871 1358
3872 1356
3873 1357
3874 1357
3875 1359
3876 1357
3877 1358
3878 1359
3879 1355
3880 1356
3881 1358
3882 1356
3883 1359
3884 1355
3885 1357
3886 1356
3887 1357
3888 1356
3889 1356
3890 1354
3891 1357
3892 1357
3893 1355
3894 1355
3895 1357
3896 1355
3897 1356
3898 1355
3899 1357
3900 1356
3901 1356
3902 1354
3903 1355
3904 1358
3905 1359
3906 1355
3907 1357
3908 1357
3909 1358
3910 1356
3911 1359
3912 1354
3913 1357
3914 1354
3915 1356
3916 1354
3917 1357
3918 1353
3919 1358
3920 1356
3921 1358
3922 1358
3923 1360
3924 1357
3925 1357
3926 1356
3927 1358
3928 1356
3929 1356
3930 1356
3931 1359
3932 1356
3933 1357
3934 1358
3935 1358
3936 1358
3937 1356
3938 1357
3939 1357
3940 1356
3941 1354
3942 1356
3943 1355
3944 1356
3945 1355
3946 1354
3947 1358
3948 1354
3949 1356
3950 1355
3951 1356
3952 1354
3953 1356
3954 1355
3955 1357
3956 1357
3957 1358
3958 1355
3959 1355
3960 1353
3961 1355
3962 1354
3963 1355
3964 1357
3965 1358
3966 1359
3967 1356
3968 1356
3969 1359
3970 1358
3971 1356
3972 1356
3973 1355
3974 1354
3975 1356
3976 1355
3977 1356
3978 1356
3979 1357
3980 1356
3981 1357
3982 1356
3983 1356
3984 1359
3985 1359
3986 1356
3987 1353
3988 1356
3989 1357
3990 1356
3991 1356
3992 1353
3993 1357
3994 1356
3995 1358
3996 1357
3997 1359
3998 1356
3999 1357
