0 1356
1 1355
2 1355
3 1354
4 1355
5 1356
6 1357
7 1356
8 1356
9 1355
10 1357
11 1354
12 1357
13 1353
14 1355
15 1356
16 1354
17 1356
18 1357
19 1354
20 1353
21 1354
22 1356
23 1354
24 1354
25 1353
26 1354
27 1354
28 1356
29 1354
30 1353
31 1353
32 1355
33 1353
34 1353
35 1354
36 1353
37 1353
38 1357
39 1356
40 1356
41 1354
42 1357
43 1356
44 1358
45 1355
46 1357
47 1356
48 1353
49 1355
50 1356
51 1356
52 1357
53 1357
54 1354
55 1354
56 1354
57 1356
58 1353
59 1357
60 1360
61 1356
62 1355
63 1353
64 1355
65 1356
66 1354
67 1354
68 1357
69 1354
70 1353
71 1353
72 1356
73 1356
74 1355
75 1357
76 1355
77 1357
78 1354
79 1356
80 1357
81 1354
82 1355
83 1355
84 1357
85 1356
86 1356
87 1355
88 1355
89 1355
90 1355
91 1357
92 1355
93 1355
94 1355
95 1355
96 1356
97 1354
98 1355
99 1354
100 1353
101 1356
102 1357
103 1354
104 1356
105 1356
106 1355
107 1356
108 1355
109 1356
110 1355
111 1355
112 1352
113 1355
114 1355
115 1354
116 1353
117 1356
118 1355
119 1356
120 1355
121 1354
122 1354
123 1356
124 1355
125 1355
126 1358
127 1357
128 1356
129 1356
130 1356
131 1359
132 1357
133 1357
134 1355
135 1355
136 1355
137 1356
138 1357
139 1355
140 1352
141 1352
142 1357
143 1360
144 1356
145 1351
146 1354
147 1356
148 1358
149 1353
150 1354
151 1353
152 1353
153 1354
154 1353
155 1356
156 1356
157 1357
158 1354
159 1357
160 1354
161 1355
162 1353
163 1356
164 1356
165 1355
166 1354
167 1359
168 1358
169 1356
170 1353
171 1355
172 1357
173 1355
174 1357
175 1355
176 1354
177 1356
178 1352
179 1355
180 1355
181 1357
182 1354
183 1356
184 1357
185 1356
186 1354
187 1353
188 1354
189 1354
190 1354
191 1354
192 1354
193 1355
194 1353
195 1355
196 1356
197 1355
198 1353
199 1352
200 1355
201 1355
202 1354
203 1355
204 1354
205 1354
206 1353
207 1355
208 1353
209 1354
210 1355
211 1354
212 1354
213 1356
214 1353
215 1356
216 1351
217 1354
218 1354
219 1354
220 1353
221 1356
222 1357
223 1355
224 1355
225 1355
226 1354
227 1355
228 1354
229 1356
230 1355
231 1353
232 1354
233 1354
234 1355
235 1354
236 1352
237 1354
238 1353
239 1353
240 1352
241 1357
242 1354
243 1354
244 1354
245 1353
246 1352
247 1354
248 1356
249 1355
250 1356
251 1354
252 1356
253 1357
254 1354
255 1355
256 1357
257 1354
258 1355
259 1356
260 1353
261 1355
262 1354
263 1351
264 1353
265 1355
266 1355
267 1357
268 1354
269 1354
270 1357
271 1355
272 1354
273 1355
274 1354
275 1355
276 1356
277 1356
278 1355
279 1355
280 1355
281 1355
282 1354
283 1356
284 1353
285 1358
286 1355
287 1356
288 1355
289 1354
290 1354
291 1355
292 1351
293 1353
294 1353
295 1354
296 1357
297 1356
298 1354
299 1353
300 1355
301 1355
302 1353
303 1354
304 1355
305 1356
306 1354
307 1354
308 1355
309 1352
310 1356
311 1358
312 1357
313 1353
314 1356
315 1356
316 1353
317 1358
318 1353
319 1355
320 1354
321 1358
322 1356
323 1357
324 1354
325 1353
326 1354
327 1355
328 1353
329 1352
330 1350
331 1354
332 1354
333 1354
334 1356
335 1356
336 1355
337 1356
338 1358
339 1357
340 1353
341 1351
342 1356
343 1356
344 1351
345 1354
346 1354
347 1356
348 1357
349 1353
350 1356
351 1357
352 1353
353 1356
354 1357
355 1355
356 1354
357 1355
358 1352
359 1355
360 1353
361 1356
362 1355
363 1357
364 1355
365 1353
366 1353
367 1355
368 1354
369 1356
370 1355
371 1355
372 1353
373 1354
374 1353
375 1354
376 1355
377 1355
378 1356
379 1354
380 1358
381 1358
382 1358
383 1359
384 1355
385 1355
386 1355
387 1357
388 1357
389 1355
390 1351
391 1355
392 1356
393 1355
394 1355
395 1353
396 1356
397 1356
398 1354
399 1355
400 1354
401 1355
402 1356
403 1355
404 1355
405 1355
406 1355
407 1354
408 1355
409 1355
410 1354
411 1354
412 1354
413 1356
414 1357
415 1356
416 1356
417 1355
418 1358
419 1353
420 1353
421 1354
422 1355
423 1356
424 1356
425 1354
426 1356
427 1356
428 1355
429 1357
430 1354
431 1355
432 1355
433 1356
434 1356
435 1357
436 1354
437 1356
438 1355
439 1353
440 1357
441 1359
442 1355
443 1355
444 1354
445 1357
446 1356
447 1354
448 1357
449 1355
450 1355
451 1355
452 1355
453 1355
454 1356
455 1356
456 1356
457 1356
458 1356
459 1357
460 1355
461 1356
462 1354
463 1357
464 1352
465 1357
466 1353
467 1357
468 1355
469 1357
470 1354
471 1357
472 1356
473 1357
474 1356
475 1354
476 1355
477 1357
478 1356
479 1355
480 1355
481 1358
482 1356
483 1356
484 1354
485 1356
486 1357
487 1354
488 1357
489 1356
490 1357
491 1356
492 1357
493 1356
494 1354
495 1355
496 1355
497 1356
498 1353
499 1353
500 1352
501 1356
502 1359
503 1358
504 1354
505 1353
506 1354
507 1355
508 1357
509 1355
510 1354
511 1355
512 1357
513 1356
514 1356
515 1354
516 1356
517 1357
518 1356
519 1353
520 1352
521 1352
522 1358
523 1358
524 1356
525 1353
526 1353
527 1356
528 1358
529 1354
530 1355
531 1356
532 1356
533 1357
534 1357
535 1361
536 1364
537 1364
538 1372
539 1383
540 1398
541 1424
542 1450
543 1486
544 1525
545 1568
546 1611
547 1656
548 1707
549 1750
550 1796
551 1835
552 1875
553 1906
554 1936
555 1960
556 1974
557 1988
558 1994
559 1994
560 1990
561 1984
562 1973
563 1963
564 1946
565 1931
566 1911
567 1897
568 1874
569 1854
570 1827
571 1804
572 1781
573 1761
574 1741
575 1721
576 1698
577 1680
578 1665
579 1646
580 1630
581 1611
582 1594
583 1583
584 1566
585 1553
586 1542
587 1529
588 1514
589 1505
590 1496
591 1489
592 1478
593 1471
594 1464
595 1459
596 1453
597 1446
598 1439
599 1435
600 1429
601 1421
602 1415
603 1411
604 1408
605 1404
606 1404
607 1403
608 1399
609 1394
610 1391
611 1391
612 1387
613 1384
614 1383
615 1381
616 1376
617 1377
618 1375
619 1372
620 1374
621 1370
622 1369
623 1369
624 1370
625 1368
626 1369
627 1362
628 1366
629 1363
630 1364
631 1364
632 1362
633 1364
634 1361
635 1361
636 1362
637 1358
638 1360
639 1359
640 1360
641 1359
642 1360
643 1358
644 1359
645 1359
646 1358
647 1356
648 1361
649 1356
650 1357
651 1358
652 1357
653 1358
654 1359
655 1359
656 1361
657 1358
658 1357
659 1357
660 1359
661 1356
662 1357
663 1356
664 1359
665 1355
666 1359
667 1358
668 1357
669 1356
670 1358
671 1358
672 1356
673 1355
674 1359
675 1352
676 1357
677 1356
678 1356
679 1352
680 1355
681 1356
682 1363
683 1359
684 1356
685 1357
686 1358
687 1356
688 1358
689 1353
690 1355
691 1354
692 1354
693 1356
694 1356
695 1355
696 1355
697 1354
698 1356
699 1355
700 1354
701 1352
702 1358
703 1358
704 1358
705 1356
706 1355
707 1358
708 1356
709 1355
710 1353
711 1355
712 1356
713 1355
714 1357
715 1357
716 1356
717 1356
718 1351
719 1353
720 1353
721 1357
722 1354
723 1356
724 1359
725 1353
726 1353
727 1353
728 1354
729 1355
730 1352
731 1357
732 1355
733 1355
734 1355
735 1354
736 1355
737 1353
738 1357
739 1353
740 1357
741 1356
742 1356
743 1352
744 1352
745 1354
746 1354
747 1351
748 1353
749 1355
750 1358
751 1352
752 1357
753 1355
754 1357
755 1354
756 1355
757 1354
758 1354
759 1356
760 1355
761 1354
762 1355
763 1356
764 1353
765 1355
766 1356
767 1355
768 1357
769 1352
770 1356
771 1353
772 1355
773 1355
774 1356
775 1355
776 1356
777 1356
778 1357
779 1355
780 1353
781 1354
782 1355
783 1356
784 1357
785 1357
786 1356
787 1354
788 1355
789 1353
790 1356
791 1356
792 1354
793 1353
794 1354
795 1356
796 1357
797 1355
798 1353
799 1357
800 1357
801 1357
802 1356
803 1354
804 1354
805 1354
806 1358
807 1357
808 1357
809 1357
810 1356
811 1355
812 1354
813 1356
814 1352
815 1356
816 1355
817 1355
818 1354
819 1355
820 1353
821 1353
822 1357
823 1355
824 1355
825 1355
826 1356
827 1355
828 1357
829 1355
830 1356
831 1358
832 1355
833 1358
834 1357
835 1356
836 1358
837 1355
838 1357
839 1356
840 1354
841 1356
842 1356
843 1356
844 1355
845 1356
846 1353
847 1354
848 1354
849 1356
850 1357
851 1356
852 1357
853 1353
854 1354
855 1355
856 1354
857 1355
858 1354
859 1352
860 1355
861 1356
862 1360
863 1356
864 1355
865 1355
866 1355
867 1358
868 1356
869 1353
870 1353
871 1355
872 1356
873 1356
874 1357
875 1355
876 1357
877 1353
878 1353
879 1356
880 1354
881 1355
882 1355
883 1357
884 1359
885 1356
886 1354
887 1356
888 1357
889 1356
890 1355
891 1356
892 1359
893 1359
894 1357
895 1356
896 1353
897 1358
898 1355
899 1355
900 1356
901 1356
902 1356
903 1354
904 1356
905 1357
906 1354
907 1358
908 1357
909 1356
910 1354
911 1352
912 1353
913 1356
914 1355
915 1356
916 1357
917 1355
918 1357
919 1353
920 1353
921 1354
922 1357
923 1357
924 1355
925 1355
926 1355
927 1357
928 1354
929 1356
930 1354
931 1355
932 1353
933 1356
934 1355
935 1356
936 1353
937 1352
938 1353
939 1354
940 1355
941 1357
942 1355
943 1356
944 1355
945 1353
946 1357
947 1357
948 1355
949 1356
950 1356
951 1358
952 1355
953 1356
954 1356
955 1353
956 1356
957 1356
958 1354
959 1357
960 1355
961 1356
962 1354
963 1356
964 1354
965 1356
966 1356
967 1356
968 1354
969 1354
970 1356
971 1355
972 1354
973 1355
974 1354
975 1353
976 1354
977 1354
978 1357
979 1356
980 1353
981 1355
982 1355
983 1356
984 1355
985 1356
986 1353
987 1356
988 1358
989 1357
990 1357
991 1358
992 1356
993 1356
994 1353
995 1353
996 1354
997 1353
998 1354
999 1356
1000 1355
1001 1354
1002 1354
1003 1354
1004 1355
1005 1354
1006 1351
1007 1354
1008 1355
1009 1355
1010 1353
1011 1355
1012 1357
1013 1357
1014 1355
1015 1357
1016 1353
1017 1357
1018 1354
1019 1356
1020 1353
1021 1354
1022 1357
1023 1357
1024 1355
1025 1354
1026 1356
1027 1355
1028 1350
1029 1355
1030 1355
1031 1355
1032 1357
1033 1354
1034 1356
1035 1353
1036 1354
1037 1352
1038 1354
1039 1353
1040 1355
1041 1356
1042 1358
1043 1356
1044 1354
1045 1353
1046 1355
1047 1358
1048 1355
1049 1354
1050 1354
1051 1353
1052 1352
1053 1356
1054 1355
1055 1353
1056 1354
1057 1355
1058 1353
1059 1355
1060 1356
1061 1354
1062 1353
1063 1357
1064 1355
1065 1354
1066 1352
1067 1355
1068 1357
1069 1356
1070 1353
1071 1356
1072 1354
1073 1354
1074 1356
1075 1355
1076 1355
1077 1353
1078 1353
1079 1355
1080 1356
1081 1355
1082 1355
1083 1355
1084 1354
1085 1353
1086 1354
1087 1356
1088 1354
1089 1353
1090 1353
1091 1354
1092 1355
1093 1354
1094 1353
1095 1355
1096 1354
1097 1355
1098 1353
1099 1354
1100 1357
1101 1355
1102 1354
1103 1357
1104 1353
1105 1356
1106 1353
1107 1358
1108 1356
1109 1358
1110 1353
1111 1354
1112 1356
1113 1356
1114 1354
1115 1354
1116 1355
1117 1359
1118 1357
1119 1358
1120 1357
1121 1357
1122 1355
1123 1355
1124 1353
1125 1356
1126 1355
1127 1353
1128 1353
1129 1354
1130 1354
1131 1355
1132 1355
1133 1358
1134 1356
1135 1356
1136 1354
1137 1355
1138 1355
1139 1354
1140 1355
1141 1354
1142 1355
1143 1357
1144 1355
1145 1353
1146 1355
1147 1352
1148 1357
1149 1356
1150 1355
1151 1356
1152 1352
1153 1356
1154 1356
1155 1353
1156 1351
1157 1355
1158 1354
1159 1356
1160 1353
1161 1355
1162 1355
1163 1357
1164 1354
1165 1355
1166 1357
1167 1357
1168 1352
1169 1356
1170 1354
1171 1355
1172 1356
1173 1355
1174 1355
1175 1357
1176 1355
1177 1355
1178 1354
1179 1355
1180 1353
1181 1354
1182 1350
1183 1355
1184 1353
1185 1358
1186 1356
1187 1355
1188 1356
1189 1354
1190 1354
1191 1355
1192 1355
1193 1354
1194 1353
1195 1356
1196 1355
1197 1357
1198 1355
1199 1355
1200 1356
1201 1356
1202 1354
1203 1357
1204 1356
1205 1356
1206 1353
1207 1356
1208 1355
1209 1354
1210 1356
1211 1355
1212 1355
1213 1356
1214 1355
1215 1354
1216 1355
1217 1355
1218 1353
1219 1354
1220 1354
1221 1356
1222 1356
1223 1353
1224 1352
1225 1354
1226 1355
1227 1356
1228 1353
1229 1354
1230 1356
1231 1355
1232 1357
1233 1353
1234 1352
1235 1354
1236 1355
1237 1354
1238 1354
1239 1353
1240 1356
1241 1355
1242 1353
1243 1358
1244 1356
1245 1353
1246 1354
1247 1358
1248 1355
1249 1356
1250 1354
1251 1355
1252 1357
1253 1355
1254 1353
1255 1353
1256 1355
1257 1354
1258 1355
1259 1355
1260 1355
1261 1357
1262 1354
1263 1355
1264 1356
1265 1355
1266 1355
1267 1358
1268 1355
1269 1354
1270 1353
1271 1353
1272 1354
1273 1353
1274 1353
1275 1356
1276 1352
1277 1353
1278 1352
1279 1353
1280 1353
1281 1353
1282 1354
1283 1355
1284 1355
1285 1355
1286 1355
1287 1356
1288 1357
1289 1354
1290 1354
1291 1355
1292 1353
1293 1356
1294 1355
1295 1353
1296 1352
1297 1354
1298 1354
1299 1355
1300 1353
1301 1355
1302 1355
1303 1356
1304 1355
1305 1354
1306 1354
1307 1353
1308 1352
1309 1353
1310 1354
1311 1351
1312 1354
1313 1355
1314 1353
1315 1357
1316 1355
1317 1356
1318 1357
1319 1355
1320 1356
1321 1355
1322 1356
1323 1354
1324 1357
1325 1354
1326 1354
1327 1355
1328 1356
1329 1355
1330 1354
1331 1355
1332 1356
1333 1353
1334 1353
1335 1355
1336 1353
1337 1356
1338 1356
1339 1356
1340 1351
1341 1353
1342 1354
1343 1357
1344 1355
1345 1356
1346 1353
1347 1353
1348 1352
1349 1353
1350 1355
1351 1355
1352 1353
1353 1356
1354 1354
1355 1358
1356 1354
1357 1358
1358 1353
1359 1357
1360 1353
1361 1358
1362 1353
1363 1356
1364 1354
1365 1355
1366 1354
1367 1354
1368 1350
1369 1353
1370 1354
1371 1353
1372 1352
1373 1353
1374 1355
1375 1354
1376 1353
1377 1356
1378 1354
1379 1357
1380 1354
1381 1355
1382 1353
1383 1356
1384 1354
1385 1356
1386 1354
1387 1355
1388 1355
1389 1355
1390 1355
1391 1355
1392 1353
1393 1356
1394 1357
1395 1356
1396 1356
1397 1353
1398 1355
1399 1357
1400 1354
1401 1356
1402 1358
1403 1358
1404 1352
1405 1354
1406 1353
1407 1359
1408 1356
1409 1358
1410 1355
1411 1354
1412 1352
1413 1358
1414 1353
1415 1355
1416 1355
1417 1355
1418 1357
1419 1353
1420 1355
1421 1357
1422 1353
1423 1358
1424 1353
1425 1355
1426 1351
1427 1356
1428 1356
1429 1353
1430 1351
1431 1355
1432 1354
1433 1356
1434 1351
1435 1353
1436 1355
1437 1359
1438 1353
1439 1356
1440 1351
1441 1358
1442 1357
1443 1354
1444 1355
1445 1355
1446 1354
1447 1356
1448 1356
1449 1355
1450 1352
1451 1356
1452 1353
1453 1356
1454 1355
1455 1355
1456 1355
1457 1354
1458 1352
1459 1353
1460 1352
1461 1355
1462 1354
1463 1354
1464 1355
1465 1357
1466 1355
1467 1357
1468 1354
1469 1355
1470 1357
1471 1356
1472 1357
1473 1357
1474 1355
1475 1354
1476 1356
1477 1357
1478 1356
1479 1355
1480 1355
1481 1355
1482 1356
1483 1356
1484 1353
1485 1355
1486 1352
1487 1351
1488 1353
1489 1355
1490 1352
1491 1355
1492 1355
1493 1354
1494 1354
1495 1354
1496 1355
1497 1355
1498 1356
1499 1354
1500 1354
1501 1355
1502 1356
1503 1356
1504 1353
1505 1354
1506 1357
1507 1354
1508 1355
1509 1356
1510 1358
1511 1355
1512 1353
1513 1353
1514 1356
1515 1354
1516 1353
1517 1356
1518 1354
1519 1355
1520 1353
1521 1354
1522 1353
1523 1354
1524 1356
1525 1353
1526 1353
1527 1355
1528 1354
1529 1353
1530 1354
1531 1355
1532 1354
1533 1355
1534 1354
1535 1354
1536 1353
1537 1356
1538 1353
1539 1353
1540 1357
1541 1358
1542 1356
1543 1356
1544 1354
1545 1356
1546 1356
1547 1355
1548 1356
1549 1355
1550 1354
1551 1353
1552 1355
1553 1354
1554 1352
1555 1355
1556 1353
1557 1356
1558 1355
1559 1353
1560 1353
1561 1356
1562 1355
1563 1353
1564 1353
1565 1355
1566 1356
1567 1355
1568 1354
1569 1352
1570 1355
1571 1356
1572 1355
1573 1354
1574 1352
1575 1355
1576 1353
1577 1354
1578 1354
1579 1356
1580 1352
1581 1353
1582 1356
1583 1359
1584 1353
1585 1354
1586 1353
1587 1356
1588 1354
1589 1356
1590 1352
1591 1354
1592 1357
1593 1355
1594 1357
1595 1354
1596 1355
1597 1355
1598 1357
1599 1356
1600 1355
1601 1355
1602 1358
1603 1356
1604 1355
1605 1355
1606 1355
1607 1358
1608 1355
1609 1355
1610 1355
1611 1359
1612 1356
1613 1353
1614 1354
1615 1352
1616 1357
1617 1350
1618 1353
1619 1357
1620 1357
1621 1356
1622 1350
1623 1354
1624 1354
1625 1356
1626 1355
1627 1355
1628 1356
1629 1355
1630 1356
1631 1355
1632 1354
1633 1356
1634 1355
1635 1354
1636 1354
1637 1353
1638 1354
1639 1355
1640 1353
1641 1357
1642 1356
1643 1356
1644 1352
1645 1353
1646 1354
1647 1356
1648 1354
1649 1354
1650 1353
1651 1355
1652 1356
1653 1353
1654 1355
1655 1355
1656 1352
1657 1353
1658 1355
1659 1356
1660 1356
1661 1354
1662 1355
1663 1355
1664 1352
1665 1357
1666 1354
1667 1356
1668 1352
1669 1355
1670 1357
1671 1355
1672 1355
1673 1353
1674 1354
1675 1355
1676 1355
1677 1356
1678 1353
1679 1354
1680 1355
1681 1356
1682 1355
1683 1356
1684 1356
1685 1355
1686 1356
1687 1357
1688 1352
1689 1356
1690 1355
1691 1356
1692 1356
1693 1355
1694 1356
1695 1356
1696 1354
1697 1356
1698 1353
1699 1356
1700 1355
1701 1355
1702 1355
1703 1355
1704 1355
1705 1356
1706 1354
1707 1356
1708 1353
1709 1355
1710 1356
1711 1353
1712 1353
1713 1356
1714 1355
1715 1357
1716 1357
1717 1357
1718 1355
1719 1357
1720 1356
1721 1357
1722 1354
1723 1352
1724 1353
1725 1356
1726 1355
1727 1355
1728 1357
1729 1354
1730 1356
1731 1354
1732 1354
1733 1356
1734 1355
1735 1354
1736 1354
1737 1354
1738 1353
1739 1354
1740 1356
1741 1354
1742 1356
1743 1354
1744 1355
1745 1355
1746 1357
1747 1355
1748 1357
1749 1356
1750 1356
1751 1355
1752 1357
1753 1355
1754 1356
1755 1356
1756 1357
1757 1355
1758 1355
1759 1355
1760 1354
1761 1354
1762 1356
1763 1351
1764 1356
1765 1353
1766 1356
1767 1355
1768 1357
1769 1353
1770 1353
1771 1355
1772 1355
1773 1356
1774 1352
1775 1355
1776 1355
1777 1355
1778 1357
1779 1355
1780 1356
1781 1355
1782 1355
1783 1356
1784 1356
1785 1355
1786 1353
1787 1355
1788 1357
1789 1357
1790 1357
1791 1354
1792 1357
1793 1356
1794 1354
1795 1356
1796 1353
1797 1356
1798 1354
1799 1354
1800 1355
1801 1356
1802 1357
1803 1355
1804 1353
1805 1355
1806 1356
1807 1353
1808 1354
1809 1356
1810 1357
1811 1356
1812 1356
1813 1355
1814 1357
1815 1353
1816 1354
1817 1353
1818 1355
1819 1352
1820 1356
1821 1356
1822 1354
1823 1354
1824 1355
1825 1355
1826 1357
1827 1353
1828 1356
1829 1355
1830 1353
1831 1355
1832 1356
1833 1357
1834 1357
1835 1354
1836 1354
1837 1354
1838 1356
1839 1356
1840 1358
1841 1358
1842 1356
1843 1357
1844 1357
1845 1356
1846 1355
1847 1353
1848 1355
1849 1355
1850 1353
1851 1353
1852 1353
1853 1354
1854 1355
1855 1354
1856 1356
1857 1353
1858 1355
1859 1357
1860 1356
1861 1355
1862 1354
1863 1355
1864 1355
1865 1353
1866 1355
1867 1357
1868 1353
1869 1356
1870 1357
1871 1357
1872 1357
1873 1356
1874 1356
1875 1354
1876 1357
1877 1354
1878 1358
1879 1356
1880 1357
1881 1356
1882 1357
1883 1354
1884 1357
1885 1354
1886 1354
1887 1354
1888 1356
1889 1353
1890 1355
1891 1354
1892 1356
1893 1356
1894 1354
1895 1356
1896 1354
1897 1353
1898 1357
1899 1356
1900 1358
1901 1357
1902 1355
1903 1355
1904 1356
1905 1354
1906 1358
1907 1355
1908 1358
1909 1355
1910 1356
1911 1356
1912 1355
1913 1353
1914 1357
1915 1356
1916 1356
1917 1354
1918 1353
1919 1354
1920 1357
1921 1356
1922 1355
1923 1355
1924 1356
1925 1354
1926 1357
1927 1354
1928 1353
1929 1357
1930 1354
1931 1353
1932 1353
1933 1353
1934 1357
1935 1355
1936 1356
1937 1355
1938 1355
1939 1355
1940 1353
1941 1358
1942 1354
1943 1355
1944 1353
1945 1354
1946 1354
1947 1355
1948 1353
1949 1354
1950 1356
1951 1355
1952 1355
1953 1354
1954 1354
1955 1357
1956 1357
1957 1354
1958 1353
1959 1355
1960 1356
1961 1354
1962 1357
1963 1356
1964 1354
1965 1356
1966 1356
1967 1357
1968 1352
1969 1357
1970 1354
1971 1356
1972 1357
1973 1357
1974 1354
1975 1355
1976 1354
1977 1355
1978 1352
1979 1354
1980 1355
1981 1355
1982 1355
1983 1352
1984 1353
1985 1354
1986 1354
1987 1356
1988 1351
1989 1356
1990 1355
1991 1356
1992 1355
1993 1356
1994 1356
1995 1357
1996 1356
1997 1356
1998 1356
1999 1351
2000 1354
2001 1353
2002 1356
2003 1356
2004 1354
2005 1356
2006 1353
2007 1355
2008 1355
2009 1353
2010 1356
2011 1355
2012 1355
2013 1356
2014 1356
2015 1354
2016 1357
2017 1355
2018 1356
2019 1357
2020 1356
2021 1356
2022 1355
2023 1356
2024 1356
2025 1356
2026 1355
2027 1356
2028 1353
2029 1355
2030 1355
2031 1353
2032 1355
2033 1353
2034 1355
2035 1355
2036 1354
2037 1356
2038 1355
2039 1356
2040 1354
2041 1356
2042 1355
2043 1357
2044 1354
2045 1356
2046 1357
2047 1355
2048 1356
2049 1359
2050 1355
2051 1355
2052 1356
2053 1355
2054 1354
2055 1356
2056 1353
2057 1354
2058 1357
2059 1358
2060 1357
2061 1355
2062 1358
2063 1357
2064 1355
2065 1357
2066 1352
2067 1356
2068 1356
2069 1356
2070 1354
2071 1351
2072 1355
2073 1357
2074 1354
2075 1354
2076 1356
2077 1355
2078 1357
2079 1355
2080 1356
2081 1354
2082 1354
2083 1359
2084 1358
2085 1357
2086 1356
2087 1354
2088 1354
2089 1354
2090 1357
2091 1356
2092 1357
2093 1353
2094 1356
2095 1356
2096 1355
2097 1354
2098 1355
2099 1353
2100 1356
2101 1355
2102 1355
2103 1355
2104 1353
2105 1352
2106 1354
2107 1355
2108 1353
2109 1355
2110 1355
2111 1356
2112 1357
2113 1354
2114 1353
2115 1354
2116 1354
2117 1354
2118 1355
2119 1357
2120 1354
2121 1356
2122 1357
2123 1356
2124 1354
2125 1354
2126 1359
2127 1355
2128 1354
2129 1350
2130 1353
2131 1356
2132 1354
2133 1355
2134 1353
2135 1355
2136 1355
2137 1355
2138 1354
2139 1356
2140 1357
2141 1354
2142 1354
2143 1354
2144 1354
2145 1356
2146 1356
2147 1354
2148 1355
2149 1356
2150 1354
2151 1356
2152 1355
2153 1357
2154 1357
2155 1355
2156 1357
2157 1356
2158 1357
2159 1357
2160 1356
2161 1353
2162 1357
2163 1353
2164 1358
2165 1355
2166 1356
2167 1355
2168 1357
2169 1357
2170 1356
2171 1355
2172 1356
2173 1354
2174 1354
2175 1353
2176 1356
2177 1356
2178 1357
2179 1355
2180 1356
2181 1352
2182 1355
2183 1354
2184 1358
2185 1357
2186 1357
2187 1356
2188 1356
2189 1356
2190 1352
2191 1353
2192 1353
2193 1351
2194 1353
2195 1354
2196 1356
2197 1354
2198 1356
2199 1355
2200 1356
2201 1356
2202 1357
2203 1355
2204 1354
2205 1356
2206 1358
2207 1356
2208 1358
2209 1358
2210 1355
2211 1354
2212 1354
2213 1351
2214 1355
2215 1355
2216 1356
2217 1356
2218 1354
2219 1357
2220 1356
2221 1355
2222 1356
2223 1356
2224 1353
2225 1356
2226 1354
2227 1356
2228 1354
2229 1353
2230 1353
2231 1354
2232 1353
2233 1355
2234 1355
2235 1357
2236 1355
2237 1357
2238 1356
2239 1354
2240 1355
2241 1355
2242 1357
2243 1358
2244 1358
2245 1358
2246 1357
2247 1358
2248 1357
2249 1355
2250 1355
2251 1355
2252 1355
2253 1355
2254 1356
2255 1354
2256 1355
2257 1355
2258 1353
2259 1358
2260 1354
2261 1354
2262 1357
2263 1355
2264 1357
2265 1355
2266 1357
2267 1356
2268 1356
2269 1352
2270 1353
2271 1358
2272 1358
2273 1356
2274 1355
2275 1356
2276 1357
2277 1356
2278 1356
2279 1354
2280 1355
2281 1356
2282 1352
2283 1354
2284 1354
2285 1358
2286 1353
2287 1355
2288 1354
2289 1354
2290 1355
2291 1354
2292 1355
2293 1355
2294 1355
2295 1356
2296 1356
2297 1355
2298 1352
2299 1354
2300 1354
2301 1353
2302 1356
2303 1354
2304 1353
2305 1355
2306 1356
2307 1356
2308 1353
2309 1354
2310 1352
2311 1354
2312 1355
2313 1354
2314 1355
2315 1357
2316 1353
2317 1353
2318 1356
2319 1356
2320 1353
2321 1356
2322 1354
2323 1357
2324 1357
2325 1355
2326 1352
2327 1355
2328 1354
2329 1354
2330 1356
2331 1357
2332 1355
2333 1357
2334 1357
2335 1356
2336 1354
2337 1355
2338 1355
2339 1355
2340 1355
2341 1357
2342 1356
2343 1354
2344 1356
2345 1355
2346 1354
2347 1355
2348 1353
2349 1352
2350 1356
2351 1357
2352 1357
2353 1356
2354 1354
2355 1356
2356 1355
2357 1357
2358 1352
2359 1356
2360 1354
2361 1353
2362 1357
2363 1355
2364 1356
2365 1356
2366 1357
2367 1351
2368 1355
2369 1356
2370 1354
2371 1356
2372 1355
2373 1354
2374 1356
2375 1355
2376 1356
2377 1355
2378 1357
2379 1355
2380 1355
2381 1358
2382 1355
2383 1355
2384 1354
2385 1354
2386 1354
2387 1355
2388 1355
2389 1355
2390 1358
2391 1357
2392 1356
2393 1352
2394 1357
2395 1356
2396 1356
2397 1355
2398 1357
2399 1355
2400 1357
2401 1356
2402 1356
2403 1356
2404 1352
2405 1357
2406 1352
2407 1352
2408 1348
2409 1356
2410 1355
2411 1355
2412 1353
2413 1356
2414 1354
2415 1355
2416 1355
2417 1357
2418 1357
2419 1355
2420 1355
2421 1357
2422 1357
2423 1356
2424 1355
2425 1357
2426 1356
2427 1357
2428 1354
2429 1355
2430 1353
2431 1357
2432 1356
2433 1354
2434 1354
2435 1354
2436 1354
2437 1356
2438 1355
2439 1355
2440 1355
2441 1355
2442 1355
2443 1355
2444 1354
2445 1353
2446 1354
2447 1353
2448 1354
2449 1355
2450 1355
2451 1355
2452 1354
2453 1355
2454 1356
2455 1358
2456 1355
2457 1355
2458 1355
2459 1353
2460 1353
2461 1354
2462 1358
2463 1356
2464 1355
2465 1355
2466 1357
2467 1354
2468 1355
2469 1355
2470 1356
2471 1356
2472 1353
2473 1353
2474 1355
2475 1354
2476 1357
2477 1355
2478 1354
2479 1356
2480 1357
2481 1359
2482 1355
2483 1355
2484 1358
2485 1356
2486 1357
2487 1357
2488 1355
2489 1353
2490 1356
2491 1355
2492 1355
2493 1353
2494 1353
2495 1356
2496 1357
2497 1356
2498 1357
2499 1353
2500 1357
2501 1357
2502 1354
2503 1356
2504 1356
2505 1355
2506 1357
2507 1356
2508 1358
2509 1357
2510 1355
2511 1354
2512 1354
2513 1355
2514 1357
2515 1355
2516 1354
2517 1354
2518 1356
2519 1356
2520 1357
2521 1356
2522 1355
2523 1355
2524 1356
2525 1356
2526 1357
2527 1357
2528 1354
2529 1356
2530 1355
2531 1354
2532 1357
2533 1355
2534 1359
2535 1353
2536 1355
2537 1354
2538 1357
2539 1356
2540 1358
2541 1354
2542 1359
2543 1354
2544 1356
2545 1353
2546 1355
2547 1357
2548 1355
2549 1353
2550 1355
2551 1353
2552 1354
2553 1355
2554 1356
2555 1352
2556 1354
2557 1352
2558 1356
2559 1354
2560 1356
2561 1355
2562 1355
2563 1355
2564 1354
2565 1354
2566 1354
2567 1355
2568 1355
2569 1352
2570 1356
2571 1354
2572 1355
2573 1355
2574 1358
2575 1356
2576 1354
2577 1355
2578 1357
2579 1355
2580 1357
2581 1356
2582 1353
2583 1355
2584 1355
2585 1353
2586 1358
2587 1355
2588 1356
2589 1355
2590 1356
2591 1354
2592 1356
2593 1354
2594 1358
2595 1353
2596 1357
2597 1355
2598 1358
2599 1356
2600 1355
2601 1354
2602 1356
2603 1356
2604 1356
2605 1354
2606 1357
2607 1357
2608 1354
2609 1353
2610 1359
2611 1354
2612 1358
2613 1355
2614 1353
2615 1351
2616 1355
2617 1356
2618 1357
2619 1354
2620 1355
2621 1355
2622 1355
2623 1353
2624 1355
2625 1353
2626 1356
2627 1355
2628 1359
2629 1356
2630 1357
2631 1358
2632 1355
2633 1355
2634 1355
2635 1355
2636 1357
2637 1354
2638 1355
2639 1360
2640 1355
2641 1354
2642 1357
2643 1357
2644 1355
2645 1354
2646 1356
2647 1357
2648 1355
2649 1353
2650 1357
2651 1355
2652 1355
2653 1355
2654 1355
2655 1356
2656 1355
2657 1357
2658 1355
2659 1355
2660 1356
2661 1355
2662 1357
2663 1356
2664 1355
2665 1356
2666 1357
2667 1356
2668 1355
2669 1356
2670 1353
2671 1356
2672 1359
2673 1357
2674 1357
2675 1358
2676 1356
2677 1354
2678 1356
2679 1354
2680 1354
2681 1355
2682 1354
2683 1354
2684 1356
2685 1354
2686 1353
2687 1357
2688 1355
2689 1356
2690 1357
2691 1355
2692 1355
2693 1354
2694 1357
2695 1360
2696 1357
2697 1356
2698 1356
2699 1357
2700 1356
2701 1358
2702 1357
2703 1356
2704 1357
2705 1356
2706 1356
2707 1355
2708 1356
2709 1357
2710 1359
2711 1353
2712 1356
2713 1354
2714 1355
2715 1355
2716 1355
2717 1355
2718 1354
2719 1352
2720 1353
2721 1354
2722 1357
2723 1356
2724 1354
2725 1357
2726 1357
2727 1357
2728 1357
2729 1357
2730 1358
2731 1356
2732 1358
2733 1356
2734 1355
2735 1356
2736 1356
2737 1357
2738 1356
2739 1354
2740 1358
2741 1355
2742 1356
2743 1356
2744 1357
2745 1356
2746 1354
2747 1354
2748 1352
2749 1355
2750 1355
2751 1357
2752 1356
2753 1358
2754 1358
2755 1357
2756 1357
2757 1356
2758 1355
2759 1357
2760 1356
2761 1355
2762 1352
2763 1353
2764 1355
2765 1359
2766 1357
2767 1356
2768 1357
2769 1355
2770 1357
2771 1355
2772 1356
2773 1356
2774 1353
2775 1356
2776 1354
2777 1353
2778 1354
2779 1356
2780 1357
2781 1355
2782 1356
2783 1357
2784 1353
2785 1356
2786 1359
2787 1358
2788 1357
2789 1354
2790 1357
2791 1355
2792 1355
2793 1358
2794 1356
2795 1356
2796 1355
2797 1358
2798 1357
2799 1355
2800 1353
2801 1354
2802 1356
2803 1355
2804 1350
2805 1355
2806 1356
2807 1357
2808 1354
2809 1357
2810 1355
2811 1354
2812 1354
2813 1355
2814 1357
2815 1357
2816 1357
2817 1357
2818 1354
2819 1355
2820 1355
2821 1354
2822 1355
2823 1358
2824 1356
2825 1355
2826 1357
2827 1354
2828 1355
2829 1354
2830 1356
2831 1359
2832 1355
2833 1355
2834 1353
2835 1352
2836 1355
2837 1355
2838 1358
2839 1356
2840 1354
2841 1355
2842 1357
2843 1356
2844 1355
2845 1357
2846 1355
2847 1357
2848 1357
2849 1355
2850 1357
2851 1353
2852 1356
2853 1354
2854 1357
2855 1354
2856 1356
2857 1354
2858 1357
2859 1353
2860 1356
2861 1353
2862 1354
2863 1356
2864 1356
2865 1355
2866 1354
2867 1355
2868 1354
2869 1355
2870 1356
2871 1355
2872 1354
2873 1352
2874 1354
2875 1356
2876 1355
2877 1355
2878 1355
2879 1356
2880 1354
2881 1356
2882 1356
2883 1357
2884 1357
2885 1358
2886 1355
2887 1354
2888 1353
2889 1356
2890 1357
2891 1355
2892 1352
2893 1356
2894 1356
2895 1355
2896 1354
2897 1355
2898 1355
2899 1355
2900 1355
2901 1355
2902 1354
2903 1356
2904 1357
2905 1354
2906 1354
2907 1354
2908 1356
2909 1357
2910 1355
2911 1356
2912 1356
2913 1356
2914 1355
2915 1355
2916 1357
2917 1358
2918 1353
2919 1355
2920 1357
2921 1356
2922 1357
2923 1354
2924 1353
2925 1355
2926 1354
2927 1356
2928 1357
2929 1354
2930 1353
2931 1355
2932 1357
2933 1353
2934 1356
2935 1356
2936 1357
2937 1357
2938 1356
2939 1354
2940 1354
2941 1355
2942 1356
2943 1355
2944 1357
2945 1356
2946 1355
2947 1352
2948 1357
2949 1355
2950 1357
2951 1351
2952 1358
2953 1351
2954 1356
2955 1355
2956 1354
2957 1352
2958 1354
2959 1353
2960 1356
2961 1354
2962 1355
2963 1355
2964 1356
2965 1355
2966 1356
2967 1354
2968 1355
2969 1356
2970 1354
2971 1354
2972 1357
2973 1356
2974 1356
2975 1355
2976 1356
2977 1356
2978 1357
2979 1354
2980 1354
2981 1354
2982 1357
2983 1354
2984 1357
2985 1354
2986 1355
2987 1354
2988 1354
2989 1354
2990 1355
2991 1357
2992 1356
2993 1356
2994 1356
2995 1356
2996 1357
2997 1355
2998 1355
2999 1356
3000 1357
3001 1356
3002 1357
3003 1355
3004 1353
3005 1355
3006 1356
3007 1354
3008 1355
3009 1352
3010 1355
3011 1355
3012 1353
3013 1357
3014 1358
3015 1354
3016 1354
3017 1355
3018 1354
3019 1355
3020 1353
3021 1356
3022 1353
3023 1354
3024 1354
3025 1355
3026 1355
3027 1354
3028 1357
3029 1356
3030 1356
3031 1355
3032 1355
3033 1354
3034 1355
3035 1356
3036 1357
3037 1355
3038 1358
3039 1355
3040 1354
3041 1355
3042 1353
3043 1356
3044 1353
3045 1355
3046 1355
3047 1353
3048 1355
3049 1355
3050 1357
3051 1354
3052 1356
3053 1355
3054 1356
3055 1356
3056 1354
3057 1357
3058 1356
3059 1355
3060 1357
3061 1358
3062 1355
3063 1355
3064 1355
3065 1356
3066 1355
3067 1356
3068 1354
3069 1354
3070 1357
3071 1355
3072 1356
3073 1353
3074 1355
3075 1354
3076 1359
3077 1353
3078 1357
3079 1354
3080 1356
3081 1359
3082 1356
3083 1356
3084 1353
3085 1354
3086 1354
3087 1353
3088 1352
3089 1353
3090 1355
3091 1355
3092 1356
3093 1354
3094 1355
3095 1354
3096 1355
3097 1353
3098 1356
3099 1355
3100 1357
3101 1355
3102 1357
3103 1354
3104 1355
3105 1354
3106 1354
3107 1354
3108 1356
3109 1356
3110 1355
3111 1356
3112 1357
3113 1356
3114 1355
3115 1355
3116 1355
3117 1355
3118 1354
3119 1354
3120 1354
3121 1356
3122 1356
3123 1355
3124 1356
3125 1357
3126 1357
3127 1357
3128 1354
3129 1355
3130 1356
3131 1355
3132 1355
3133 1356
3134 1355
3135 1357
3136 1357
3137 1355
3138 1355
3139 1355
3140 1355
3141 1358
3142 1357
3143 1356
3144 1357
3145 1359
3146 1356
3147 1356
3148 1354
3149 1354
3150 1354
3151 1356
3152 1355
3153 1356
3154 1353
3155 1356
3156 1356
3157 1356
3158 1355
3159 1357
3160 1358
3161 1358
3162 1356
3163 1355
3164 1353
3165 1355
3166 1355
3167 1357
3168 1357
3169 1355
3170 1353
3171 1353
3172 1354
3173 1356
3174 1355
3175 1354
3176 1352
3177 1354
3178 1356
3179 1356
3180 1354
3181 1352
3182 1357
3183 1358
3184 1358
3185 1356
3186 1355
3187 1355
3188 1357
3189 1354
3190 1357
3191 1354
3192 1354
3193 1353
3194 1356
3195 1358
3196 1353
3197 1354
3198 1355
3199 1354
3200 1357
3201 1353
3202 1354
3203 1354
3204 1357
3205 1356
3206 1355
3207 1356
3208 1356
3209 1356
3210 1353
3211 1357
3212 1355
3213 1356
3214 1354
3215 1354
3216 1353
3217 1354
3218 1355
3219 1354
3220 1351
3221 1356
3222 1354
3223 1355
3224 1353
3225 1356
3226 1355
3227 1354
3228 1353
3229 1357
3230 1356
3231 1354
3232 1353
3233 1356
3234 1358
3235 1356
3236 1356
3237 1354
3238 1357
3239 1354
3240 1355
3241 1355
3242 1357
3243 1355
3244 1356
3245 1353
3246 1353
3247 1357
3248 1354
3249 1355
3250 1357
3251 1358
3252 1359
3253 1357
3254 1354
3255 1355
3256 1357
3257 1355
3258 1354
3259 1352
3260 1356
3261 1360
3262 1357
3263 1354
3264 1356
3265 1355
3266 1354
3267 1352
3268 1355
3269 1354
3270 1358
3271 1352
3272 1354
3273 1355
3274 1358
3275 1356
3276 1357
3277 1355
3278 1357
3279 1354
3280 1356
3281 1355
3282 1355
3283 1354
3284 1356
3285 1353
3286 1355
3287 1356
3288 1357
3289 1352
3290 1356
3291 1352
3292 1355
3293 1351
3294 1352
3295 1356
3296 1357
3297 1356
3298 1355
3299 1354
3300 1353
3301 1355
3302 1355
3303 1355
3304 1354
3305 1354
3306 1357
3307 1357
3308 1355
3309 1354
3310 1356
3311 1358
3312 1354
3313 1351
3314 1354
3315 1355
3316 1355
3317 1353
3318 1353
3319 1355
3320 1355
3321 1356
3322 1356
3323 1352
3324 1355
3325 1356
3326 1357
3327 1356
3328 1354
3329 1355
3330 1353
3331 1352
3332 1352
3333 1355
3334 1356
3335 1355
3336 1357
3337 1353
3338 1357
3339 1353
3340 1356
3341 1356
3342 1356
3343 1356
3344 1357
3345 1354
3346 1356
3347 1354
3348 1355
3349 1353
3350 1353
3351 1354
3352 1355
3353 1355
3354 1357
3355 1356
3356 1357
3357 1354
3358 1356
3359 1355
3360 1354
3361 1356
3362 1357
3363 1356
3364 1357
3365 1353
3366 1355
3367 1356
3368 1357
3369 1353
3370 1355
3371 1355
3372 1355
3373 1353
3374 1355
3375 1355
3376 1353
3377 1356
3378 1355
3379 1357
3380 1353
3381 1354
3382 1355
3383 1354
3384 1356
3385 1354
3386 1352
3387 1358
3388 1355
3389 1354
3390 1353
3391 1354
3392 1357
3393 1356
3394 1357
3395 1355
3396 1356
3397 1356
3398 1355
3399 1356
3400 1356
3401 1356
3402 1355
3403 1353
3404 1357
3405 1357
3406 1355
3407 1355
3408 1355
3409 1356
3410 1354
3411 1354
3412 1356
3413 1354
3414 1355
3415 1355
3416 1354
3417 1358
3418 1355
3419 1355
3420 1353
3421 1355
3422 1356
3423 1355
3424 1354
3425 1354
3426 1356
3427 1356
3428 1355
3429 1356
3430 1356
3431 1356
3432 1354
3433 1356
3434 1354
3435 1356
3436 1355
3437 1356
3438 1353
3439 1355
3440 1359
3441 1356
3442 1356
3443 1354
3444 1356
3445 1354
3446 1354
3447 1355
3448 1353
3449 1355
3450 1357
3451 1356
3452 1356
3453 1357
3454 1357
3455 1357
3456 1357
3457 1356
3458 1355
3459 1357
3460 1356
3461 1354
3462 1356
3463 1355
3464 1355
3465 1354
3466 1354
3467 1352
3468 1359
3469 1354
3470 1357
3471 1355
3472 1355
3473 1356
3474 1355
3475 1353
3476 1355
3477 1355
3478 1354
3479 1355
3480 1354
3481 1355
3482 1355
3483 1355
3484 1356
3485 1355
3486 1358
3487 1354
3488 1358
3489 1355
3490 1356
3491 1356
3492 1354
3493 1355
3494 1354
3495 1356
3496 1356
3497 1353
3498 1354
3499 1354
3500 1357
3501 1355
3502 1356
3503 1354
3504 1352
3505 1354
3506 1354
3507 1352
3508 1354
3509 1352
3510 1357
3511 1357
3512 1357
3513 1356
3514 1353
3515 1356
3516 1359
3517 1356
3518 1354
3519 1356
3520 1358
3521 1355
3522 1356
3523 1353
3524 1357
3525 1358
3526 1357
3527 1354
3528 1356
3529 1357
3530 1355
3531 1353
3532 1357
3533 1356
3534 1358
3535 1357
3536 1354
3537 1354
3538 1357
3539 1358
3540 1356
3541 1357
3542 1353
3543 1355
3544 1354
3545 1354
3546 1356
3547 1355
3548 1356
3549 1355
3550 1354
3551 1356
3552 1354
3553 1357
3554 1356
3555 1356
3556 1354
3557 1355
3558 1356
3559 1356
3560 1356
3561 1356
3562 1356
3563 1356
3564 1356
3565 1354
3566 1355
3567 1353
3568 1356
3569 1354
3570 1357
3571 1353
3572 1355
3573 1355
3574 1357
3575 1356
3576 1357
3577 1356
3578 1353
3579 1351
3580 1353
3581 1357
3582 1356
3583 1356
3584 1357
3585 1356
3586 1356
3587 1356
3588 1358
3589 1356
3590 1355
3591 1357
3592 1356
3593 1357
3594 1354
3595 1354
3596 1355
3597 1356
3598 1356
3599 1354
3600 1357
3601 1357
3602 1355
3603 1357
3604 1354
3605 1356
3606 1355
3607 1355
3608 1354
3609 1354
3610 1353
3611 1354
3612 1354
3613 1357
3614 1357
3615 1359
3616 1354
3617 1356
3618 1356
3619 1357
3620 1357
3621 1357
3622 1355
3623 1355
3624 1354
3625 1353
3626 1355
3627 1353
3628 1356
3629 1356
3630 1356
3631 1356
3632 1356
3633 1353
3634 1357
3635 1356
3636 1356
3637 1357
3638 1354
3639 1356
3640 1356
3641 1355
3642 1355
3643 1354
3644 1357
3645 1359
3646 1355
3647 1356
3648 1355
3649 1355
3650 1358
3651 1354
3652 1353
3653 1354
3654 1352
3655 1357
3656 1357
3657 1357
3658 1354
3659 1354
3660 1357
3661 1354
3662 1355
3663 1353
3664 1353
3665 1357
3666 1357
3667 1357
3668 1354
3669 1355
3670 1358
3671 1355
3672 1353
3673 1355
3674 1355
3675 1356
3676 1357
3677 1352
3678 1354
3679 1356
3680 1356
3681 1355
3682 1354
3683 1352
3684 1356
3685 1351
3686 1355
3687 1353
3688 1355
3689 1354
3690 1354
3691 1353
3692 1356
3693 1356
3694 1354
3695 1353
3696 1354
3697 1356
3698 1354
3699 1355
3700 1352
3701 1354
3702 1355
3703 1355
3704 1355
3705 1356
3706 1354
3707 1355
3708 1355
3709 1354
3710 1354
3711 1353
3712 1357
3713 1353
3714 1354
3715 1355
3716 1357
3717 1355
3718 1355
3719 1351
3720 1353
3721 1353
3722 1355
3723 1355
3724 1357
3725 1354
3726 1352
3727 1356
3728 1355
3729 1354
3730 1353
3731 1355
3732 1356
3733 1357
3734 1356
3735 1356
3736 1358
3737 1356
3738 1355
3739 1352
3740 1353
3741 1355
3742 1357
3743 1357
3744 1355
3745 1355
3746 1355
3747 1355
3748 1351
3749 1350
3750 1354
3751 1355
3752 1352
3753 1351
3754 1354
3755 1356
3756 1358
3757 1356
3758 1357
3759 1356
3760 1353
3761 1356
3762 1356
3763 1356
3764 1358
3765 1355
3766 1355
3767 1354
3768 1356
3769 1353
3770 1356
3771 1356
3772 1355
3773 1356
3774 1355
3775 1356
3776 1356
3777 1356
3778 1357
3779 1357
3780 1357
3781 1356
3782 1354
3783 1356
3784 1353
3785 1355
3786 1359
3787 1355
3788 1356
3789 1353
3790 1355
3791 1355
3792 1353
3793 1356
3794 1354
3795 1358
3796 1355
3797 1355
3798 1357
3799 1353
3800 1355
3801 1355
3802 1354
3803 1356
3804 1359
3805 1355
3806 1355
3807 1356
3808 1354
3809 1353
3810 1354
3811 1354
3812 1356
3813 1353
3814 1354
3815 1353
3816 1355
3817 1355
3818 1354
3819 1351
3820 1356
3821 1354
3822 1357
3823 1357
3824 1356
3825 1356
3826 1356
3827 1355
3828 1355
3829 1355
3830 1359
3831 1355
3832 1355
3833 1351
3834 1353
3835 1353
3836 1356
3837 1353
3838 1354
3839 1353
3840 1355
3841 1355
3842 1354
3843 1355
3844 1354
3845 1353
3846 1356
3847 1351
3848 1352
3849 1355
3850 1354
3851 1354
3852 1356
3853 1355
3854 1356
3855 1356
3856 1355
3857 1354
3858 1355
3859 1356
3860 1356
3861 1356
3862 1355
3863 1352
3864 1356
3865 1351
3866 1353
3867 1353
3868 1354
3869 1356
3870 1352
3871 1356
3872 1356
3873 1354
3874 1353
3875 1353
3876 1354
3877 1355
3878 1357
3879 1354
3880 1353
3881 1354
3882 1357
3883 1354
3884 1354
3885 1354
3886 1356
3887 1353
3888 1354
3889 1355
3890 1357
3891 1355
3892 1357
3893 1355
3894 1356
3895 1353
3896 1356
3897 1354
3898 1357
3899 1354
3900 1356
3901 1354
3902 1357
3903 1357
3904 1355
3905 1354
3906 1358
3907 1354
3908 1352
3909 1352
3910 1356
3911 1354
3912 1358
3913 1355
3914 1352
3915 1353
3916 1353
3917 1356
3918 1356
3919 1352
3920 1357
3921 1357
3922 1356
3923 1353
3924 1354
3925 1355
3926 1355
3927 1356
3928 1356
3929 1353
3930 1354
3931 1353
3932 1355
3933 1355
3934 1356
3935 1355
3936 1355
3937 1356
3938 1354
3939 1356
3940 1357
3941 1357
3942 1357
3943 1354
3944 1355
3945 1353
3946 1357
3947 1359
3948 1357
3949 1356
3950 1355
3951 1356
3952 1357
3953 1353
3954 1355
3955 1354
3956 1355
3957 1354
3958 1354
3959 1359
3960 1356
3961 1356
3962 1356
3963 1354
3964 1355
3965 1354
3966 1354
3967 1354
3968 1352
3969 1352
3970 1353
3971 1356
3972 1355
3973 1353
3974 1356
3975 1354
3976 1356
3977 1355
3978 1357
3979 1355
3980 1351
3981 1356
3982 1356
3983 1355
3984 1356
3985 1356
3986 1356
3987 1355
3988 1355
3989 1354
3990 1354
3991 1354
3992 1356
3993 1353
3994 1355
3995 1356
3996 1355
3997 1355
3998 1355
3999 1354
