0 1358
1 1359
2 1356
3 1357
4 1359
5 1358
6 1359
7 1358
8 1358
9 1358
10 1357
11 1359
12 1360
13 1354
14 1358
15 1357
16 1357
17 1356
18 1354
19 1356
20 1357
21 1357
22 1357
23 1357
24 1355
25 1358
26 1357
27 1355
28 1355
29 1356
30 1357
31 1358
32 1359
33 1358
34 1356
35 1358
36 1357
37 1356
38 1354
39 1357
40 1357
41 1356
42 1357
43 1356
44 1354
45 1356
46 1355
47 1358
48 1355
49 1355
50 1357
51 1358
52 1356
53 1358
54 1359
55 1359
56 1359
57 1355
58 1357
59 1356
60 1356
61 1354
62 1357
63 1357
64 1360
65 1358
66 1360
67 1358
68 1357
69 1353
70 1354
71 1356
72 1357
73 1355
74 1355
75 1356
76 1357
77 1357
78 1357
79 1357
80 1355
81 1354
82 1356
83 1357
84 1357
85 1359
86 1359
87 1356
88 1356
89 1356
90 1357
91 1356
92 1357
93 1356
94 1357
95 1357
96 1357
97 1357
98 1355
99 1356
100 1353
101 1356
102 1358
103 1354
104 1356
105 1357
106 1357
107 1357
108 1357
109 1357
110 1355
111 1356
112 1357
113 1359
114 1356
115 1354
116 1357
117 1358
118 1357
119 1358
120 1356
121 1355
122 1357
123 1354
124 1356
125 1357
126 1357
127 1356
128 1356
129 1358
130 1355
131 1357
132 1356
133 1355
134 1354
135 1355
136 1359
137 1359
138 1358
139 1356
140 1358
141 1356
142 1354
143 1353
144 1354
145 1357
146 1357
147 1356
148 1356
149 1356
150 1357
151 1360
152 1359
153 1356
154 1356
155 1356
156 1355
157 1358
158 1357
159 1357
160 1358
161 1358
162 1357
163 1355
164 1359
165 1358
166 1357
167 1356
168 1356
169 1357
170 1356
171 1356
172 1356
173 1357
174 1357
175 1355
176 1356
177 1356
178 1357
179 1356
180 1357
181 1358
182 1356
183 1357
184 1354
185 1356
186 1355
187 1356
188 1356
189 1356
190 1355
191 1360
192 1357
193 1360
194 1358
195 1357
196 1357
197 1356
198 1355
199 1355
200 1354
201 1356
202 1356
203 1356
204 1356
205 1356
206 1356
207 1356
208 1355
209 1355
210 1354
211 1356
212 1357
213 1358
214 1355
215 1354
216 1358
217 1358
218 1355
219 1354
220 1356
221 1355
222 1357
223 1356
224 1356
225 1356
226 1355
227 1355
228 1357
229 1355
230 1356
231 1358
232 1357
233 1355
234 1354
235 1357
236 1357
237 1357
238 1359
239 1355
240 1357
241 1357
242 1356
243 1359
244 1358
245 1358
246 1359
247 1356
248 1356
249 1356
250 1354
251 1355
252 1354
253 1353
254 1356
255 1358
256 1357
257 1358
258 1356
259 1357
260 1356
261 1354
262 1356
263 1357
264 1356
265 1357
266 1355
267 1357
268 1356
269 1358
270 1355
271 1356
272 1356
273 1359
274 1360
275 1356
276 1357
277 1355
278 1359
279 1356
280 1355
281 1353
282 1354
283 1355
284 1358
285 1358
286 1356
287 1355
288 1357
289 1358
290 1356
291 1358
292 1357
293 1355
294 1351
295 1351
296 1356
297 1354
298 1357
299 1356
300 1356
301 1356
302 1356
303 1357
304 1355
305 1354
306 1354
307 1356
308 1355
309 1356
310 1355
311 1355
312 1354
313 1354
314 1357
315 1356
316 1356
317 1355
318 1357
319 1358
320 1354
321 1357
322 1355
323 1357
324 1353
325 1356
326 1354
327 1356
328 1355
329 1356
330 1356
331 1357
332 1355
333 1356
334 1354
335 1357
336 1358
337 1358
338 1358
339 1359
340 1357
341 1356
342 1358
343 1356
344 1359
345 1356
346 1358
347 1356
348 1357
349 1357
350 1355
351 1356
352 1357
353 1354
354 1355
355 1356
356 1357
357 1356
358 1357
359 1357
360 1355
361 1357
362 1357
363 1358
364 1357
365 1358
366 1356
367 1357
368 1356
369 1356
370 1358
371 1357
372 1356
373 1357
374 1358
375 1359
376 1356
377 1357
378 1357
379 1356
380 1353
381 1357
382 1357
383 1359
384 1358
385 1356
386 1355
387 1357
388 1354
389 1354
390 1357
391 1358
392 1358
393 1361
394 1355
395 1356
396 1355
397 1359
398 1357
399 1359
400 1354
401 1357
402 1358
403 1358
404 1355
405 1357
406 1357
407 1357
408 1355
409 1355
410 1356
411 1356
412 1356
413 1356
414 1356
415 1352
416 1354
417 1356
418 1355
419 1355
420 1357
421 1358
422 1360
423 1356
424 1355
425 1358
426 1358
427 1358
428 1358
429 1357
430 1359
431 1356
432 1356
433 1356
434 1352
435 1357
436 1357
437 1355
438 1353
439 1356
440 1359
441 1358
442 1357
443 1356
444 1357
445 1356
446 1360
447 1356
448 1357
449 1358
450 1359
451 1360
452 1357
453 1357
454 1356
455 1357
456 1358
457 1358
458 1357
459 1360
460 1358
461 1357
462 1358
463 1357
464 1358
465 1355
466 1358
467 1356
468 1359
469 1358
470 1356
471 1356
472 1356
473 1359
474 1356
475 1356
476 1357
477 1359
478 1356
479 1356
480 1357
481 1358
482 1357
483 1356
484 1357
485 1356
486 1357
487 1358
488 1358
489 1358
490 1357
491 1355
492 1357
493 1357
494 1357
495 1355
496 1356
497 1358
498 1358
499 1356
500 1355
501 1360
502 1356
503 1356
504 1356
505 1355
506 1357
507 1356
508 1356
509 1355
510 1354
511 1356
512 1358
513 1356
514 1357
515 1358
516 1358
517 1357
518 1355
519 1355
520 1355
521 1358
522 1354
523 1354
524 1355
525 1356
526 1356
527 1356
528 1359
529 1358
530 1359
531 1357
532 1362
533 1362
534 1362
535 1365
536 1373
537 1381
538 1395
539 1414
540 1435
541 1462
542 1492
543 1523
544 1556
545 1591
546 1617
547 1645
548 1671
549 1699
550 1722
551 1740
552 1757
553 1770
554 1777
555 1782
556 1787
557 1782
558 1778
559 1773
560 1769
561 1760
562 1750
563 1742
564 1724
565 1711
566 1696
567 1684
568 1666
569 1652
570 1638
571 1622
572 1609
573 1597
574 1587
575 1573
576 1559
577 1546
578 1537
579 1524
580 1517
581 1508
582 1502
583 1494
584 1488
585 1479
586 1469
587 1464
588 1458
589 1450
590 1445
591 1439
592 1431
593 1427
594 1422
595 1417
596 1413
597 1411
598 1404
599 1403
600 1398
601 1395
602 1394
603 1393
604 1390
605 1388
606 1385
607 1382
608 1377
609 1377
610 1377
611 1376
612 1373
613 1374
614 1372
615 1372
616 1370
617 1370
618 1368
619 1369
620 1367
621 1368
622 1365
623 1368
624 1367
625 1363
626 1365
627 1363
628 1362
629 1362
630 1359
631 1364
632 1363
633 1361
634 1361
635 1361
636 1359
637 1361
638 1359
639 1359
640 1357
641 1360
642 1359
643 1359
644 1359
645 1359
646 1357
647 1357
648 1358
649 1359
650 1358
651 1360
652 1360
653 1359
654 1358
655 1360
656 1356
657 1360
658 1361
659 1359
660 1359
661 1357
662 1358
663 1357
664 1357
665 1360
666 1361
667 1360
668 1359
669 1359
670 1360
671 1359
672 1361
673 1357
674 1357
675 1357
676 1357
677 1357
678 1356
679 1357
680 1356
681 1358
682 1358
683 1356
684 1359
685 1358
686 1360
687 1361
688 1358
689 1359
690 1356
691 1357
692 1357
693 1359
694 1357
695 1361
696 1361
697 1358
698 1357
699 1357
700 1358
701 1359
702 1358
703 1358
704 1358
705 1358
706 1357
707 1358
708 1359
709 1358
710 1360
711 1356
712 1358
713 1358
714 1357
715 1358
716 1358
717 1359
718 1357
719 1354
720 1357
721 1356
722 1361
723 1359
724 1359
725 1360
726 1359
727 1357
728 1358
729 1359
730 1359
731 1357
732 1357
733 1360
734 1358
735 1358
736 1357
737 1356
738 1357
739 1359
740 1358
741 1356
742 1355
743 1358
744 1356
745 1357
746 1355
747 1358
748 1356
749 1356
750 1358
751 1358
752 1357
753 1356
754 1356
755 1360
756 1359
757 1359
758 1358
759 1360
760 1355
761 1359
762 1357
763 1360
764 1357
765 1358
766 1360
767 1359
768 1355
769 1358
770 1353
771 1357
772 1357
773 1357
774 1357
775 1357
776 1356
777 1357
778 1357
779 1360
780 1358
781 1356
782 1355
783 1358
784 1356
785 1357
786 1357
787 1359
788 1355
789 1356
790 1357
791 1358
792 1358
793 1357
794 1359
795 1356
796 1356
797 1358
798 1359
799 1356
800 1355
801 1356
802 1357
803 1358
804 1357
805 1357
806 1357
807 1358
808 1355
809 1357
810 1355
811 1357
812 1355
813 1355
814 1355
815 1356
816 1357
817 1357
818 1356
819 1357
820 1356
821 1360
822 1360
823 1359
824 1354
825 1355
826 1358
827 1355
828 1355
829 1358
830 1360
831 1357
832 1358
833 1358
834 1357
835 1358
836 1353
837 1357
838 1356
839 1358
840 1358
841 1357
842 1357
843 1360
844 1355
845 1356
846 1358
847 1358
848 1359
849 1358
850 1355
851 1359
852 1355
853 1356
854 1357
855 1358
856 1357
857 1360
858 1360
859 1357
860 1359
861 1358
862 1357
863 1360
864 1358
865 1356
866 1357
867 1358
868 1357
869 1355
870 1357
871 1359
872 1357
873 1357
874 1357
875 1360
876 1355
877 1356
878 1356
879 1356
880 1355
881 1356
882 1357
883 1358
884 1355
885 1357
886 1356
887 1360
888 1354
889 1357
890 1355
891 1358
892 1356
893 1358
894 1356
895 1359
896 1357
897 1359
898 1358
899 1360
900 1356
901 1357
902 1357
903 1358
904 1357
905 1357
906 1357
907 1358
908 1356
909 1355
910 1354
911 1357
912 1355
913 1358
914 1356
915 1357
916 1357
917 1357
918 1358
919 1358
920 1357
921 1358
922 1356
923 1356
924 1356
925 1357
926 1359
927 1358
928 1356
929 1355
930 1355
931 1356
932 1357
933 1357
934 1358
935 1357
936 1356
937 1355
938 1357
939 1356
940 1358
941 1356
942 1357
943 1361
944 1357
945 1359
946 1358
947 1356
948 1357
949 1356
950 1356
951 1356
952 1356
953 1356
954 1353
955 1356
956 1358
957 1356
958 1361
959 1359
960 1360
961 1357
962 1355
963 1356
964 1355
965 1357
966 1356
967 1356
968 1359
969 1357
970 1357
971 1359
972 1359
973 1361
974 1358
975 1357
976 1358
977 1360
978 1355
979 1357
980 1358
981 1358
982 1358
983 1356
984 1359
985 1357
986 1357
987 1358
988 1355
989 1358
990 1358
991 1358
992 1355
993 1356
994 1354
995 1357
996 1357
997 1357
998 1357
999 1355
1000 1360
1001 1357
1002 1358
1003 1357
1004 1357
1005 1359
1006 1358
1007 1358
1008 1357
1009 1355
1010 1357
1011 1356
1012 1356
1013 1358
1014 1357
1015 1355
1016 1357
1017 1356
1018 1357
1019 1355
1020 1356
1021 1358
1022 1358
1023 1358
1024 1354
1025 1357
1026 1356
1027 1355
1028 1352
1029 1353
1030 1356
1031 1356
1032 1357
1033 1356
1034 1360
1035 1358
1036 1356
1037 1358
1038 1357
1039 1357
1040 1357
1041 1357
1042 1356
1043 1357
1044 1356
1045 1357
1046 1357
1047 1358
1048 1357
1049 1356
1050 1355
1051 1357
1052 1355
1053 1356
1054 1356
1055 1357
1056 1357
1057 1355
1058 1356
1059 1356
1060 1356
1061 1355
1062 1356
1063 1356
1064 1355
1065 1357
1066 1359
1067 1358
1068 1356
1069 1358
1070 1358
1071 1356
1072 1357
1073 1356
1074 1359
1075 1358
1076 1355
1077 1356
1078 1357
1079 1358
1080 1358
1081 1357
1082 1358
1083 1359
1084 1357
1085 1357
1086 1357
1087 1355
1088 1356
1089 1356
1090 1358
1091 1357
1092 1359
1093 1358
1094 1356
1095 1358
1096 1359
1097 1360
1098 1358
1099 1357
1100 1357
1101 1358
1102 1356
1103 1361
1104 1357
1105 1360
1106 1356
1107 1360
1108 1356
1109 1356
1110 1357
1111 1357
1112 1356
1113 1356
1114 1360
1115 1359
1116 1354
1117 1356
1118 1355
1119 1356
1120 1355
1121 1356
1122 1357
1123 1355
1124 1357
1125 1355
1126 1357
1127 1357
1128 1356
1129 1356
1130 1357
1131 1355
1132 1356
1133 1360
1134 1357
1135 1358
1136 1358
1137 1355
1138 1358
1139 1356
1140 1357
1141 1357
1142 1357
1143 1358
1144 1358
1145 1354
1146 1355
1147 1356
1148 1356
1149 1359
1150 1359
1151 1357
1152 1357
1153 1356
1154 1357
1155 1360
1156 1358
1157 1356
1158 1357
1159 1357
1160 1356
1161 1358
1162 1357
1163 1357
1164 1359
1165 1359
1166 1357
1167 1357
1168 1355
1169 1356
1170 1356
1171 1354
1172 1356
1173 1356
1174 1357
1175 1355
1176 1355
1177 1355
1178 1354
1179 1354
1180 1357
1181 1356
1182 1358
1183 1357
1184 1356
1185 1355
1186 1357
1187 1356
1188 1356
1189 1358
1190 1356
1191 1357
1192 1354
1193 1357
1194 1355
1195 1356
1196 1358
1197 1357
1198 1356
1199 1354
1200 1357
1201 1356
1202 1358
1203 1358
1204 1356
1205 1355
1206 1358
1207 1355
1208 1354
1209 1352
1210 1357
1211 1358
1212 1356
1213 1357
1214 1356
1215 1357
1216 1357
1217 1356
1218 1358
1219 1357
1220 1356
1221 1359
1222 1361
1223 1356
1224 1355
1225 1356
1226 1357
1227 1358
1228 1357
1229 1359
1230 1358
1231 1359
1232 1358
1233 1358
1234 1355
1235 1353
1236 1358
1237 1359
1238 1353
1239 1354
1240 1357
1241 1358
1242 1358
1243 1356
1244 1355
1245 1358
1246 1359
1247 1356
1248 1356
1249 1358
1250 1359
1251 1360
1252 1356
1253 1358
1254 1357
1255 1356
1256 1357
1257 1356
1258 1356
1259 1357
1260 1357
1261 1356
1262 1357
1263 1358
1264 1358
1265 1357
1266 1356
1267 1357
1268 1356
1269 1355
1270 1355
1271 1353
1272 1356
1273 1356
1274 1356
1275 1357
1276 1357
1277 1359
1278 1357
1279 1358
1280 1355
1281 1358
1282 1358
1283 1359
1284 1357
1285 1357
1286 1359
1287 1356
1288 1358
1289 1355
1290 1355
1291 1357
1292 1357
1293 1356
1294 1357
1295 1357
1296 1358
1297 1357
1298 1357
1299 1357
1300 1360
1301 1359
1302 1357
1303 1359
1304 1358
1305 1356
1306 1359
1307 1357
1308 1358
1309 1358
1310 1357
1311 1360
1312 1356
1313 1355
1314 1356
1315 1356
1316 1357
1317 1359
1318 1355
1319 1357
1320 1356
1321 1358
1322 1356
1323 1356
1324 1358
1325 1356
1326 1356
1327 1357
1328 1356
1329 1356
1330 1356
1331 1357
1332 1356
1333 1358
1334 1358
1335 1357
1336 1357
1337 1359
1338 1354
1339 1356
1340 1356
1341 1356
1342 1356
1343 1358
1344 1356
1345 1356
1346 1355
1347 1361
1348 1355
1349 1359
1350 1358
1351 1358
1352 1358
1353 1358
1354 1356
1355 1356
1356 1357
1357 1358
1358 1357
1359 1357
1360 1358
1361 1354
1362 1358
1363 1355
1364 1355
1365 1357
1366 1359
1367 1358
1368 1357
1369 1359
1370 1357
1371 1358
1372 1357
1373 1358
1374 1357
1375 1356
1376 1357
1377 1355
1378 1355
1379 1356
1380 1355
1381 1358
1382 1359
1383 1358
1384 1356
1385 1356
1386 1357
1387 1358
1388 1356
1389 1358
1390 1355
1391 1357
1392 1355
1393 1358
1394 1358
1395 1356
1396 1356
1397 1356
1398 1358
1399 1359
1400 1356
1401 1357
1402 1357
1403 1357
1404 1357
1405 1358
1406 1356
1407 1358
1408 1358
1409 1360
1410 1358
1411 1356
1412 1356
1413 1358
1414 1359
1415 1358
1416 1358
1417 1356
1418 1355
1419 1356
1420 1354
1421 1355
1422 1356
1423 1355
1424 1354
1425 1353
1426 1357
1427 1357
1428 1355
1429 1356
1430 1357
1431 1358
1432 1358
1433 1357
1434 1357
1435 1357
1436 1354
1437 1356
1438 1356
1439 1357
1440 1358
1441 1358
1442 1356
1443 1356
1444 1356
1445 1359
1446 1360
1447 1360
1448 1355
1449 1357
1450 1355
1451 1356
1452 1357
1453 1356
1454 1356
1455 1357
1456 1357
1457 1358
1458 1355
1459 1357
1460 1356
1461 1357
1462 1357
1463 1358
1464 1359
1465 1358
1466 1357
1467 1358
1468 1357
1469 1357
1470 1354
1471 1359
1472 1359
1473 1359
1474 1359
1475 1356
1476 1359
1477 1358
1478 1357
1479 1357
1480 1357
1481 1358
1482 1356
1483 1355
1484 1356
1485 1360
1486 1359
1487 1359
1488 1357
1489 1358
1490 1358
1491 1360
1492 1358
1493 1359
1494 1358
1495 1356
1496 1357
1497 1356
1498 1356
1499 1356
1500 1358
1501 1357
1502 1357
1503 1359
1504 1358
1505 1359
1506 1356
1507 1353
1508 1356
1509 1358
1510 1355
1511 1357
1512 1353
1513 1356
1514 1357
1515 1358
1516 1357
1517 1356
1518 1358
1519 1359
1520 1357
1521 1357
1522 1358
1523 1356
1524 1359
1525 1358
1526 1357
1527 1355
1528 1355
1529 1358
1530 1358
1531 1358
1532 1359
1533 1357
1534 1357
1535 1357
1536 1357
1537 1357
1538 1359
1539 1356
1540 1357
1541 1357
1542 1361
1543 1358
1544 1355
1545 1358
1546 1357
1547 1358
1548 1358
1549 1356
1550 1358
1551 1356
1552 1359
1553 1356
1554 1357
1555 1356
1556 1358
1557 1357
1558 1357
1559 1358
1560 1358
1561 1359
1562 1358
1563 1355
1564 1358
1565 1357
1566 1357
1567 1358
1568 1357
1569 1357
1570 1356
1571 1356
1572 1357
1573 1356
1574 1358
1575 1356
1576 1358
1577 1358
1578 1357
1579 1356
1580 1357
1581 1361
1582 1358
1583 1358
1584 1357
1585 1356
1586 1358
1587 1358
1588 1357
1589 1359
1590 1357
1591 1357
1592 1357
1593 1357
1594 1355
1595 1361
1596 1362
1597 1358
1598 1356
1599 1358
1600 1355
1601 1357
1602 1357
1603 1358
1604 1356
1605 1356
1606 1358
1607 1356
1608 1361
1609 1357
1610 1355
1611 1356
1612 1358
1613 1359
1614 1358
1615 1360
1616 1360
1617 1360
1618 1361
1619 1357
1620 1358
1621 1361
1622 1357
1623 1356
1624 1356
1625 1357
1626 1357
1627 1356
1628 1355
1629 1355
1630 1359
1631 1356
1632 1358
1633 1356
1634 1357
1635 1358
1636 1358
1637 1357
1638 1357
1639 1360
1640 1358
1641 1357
1642 1358
1643 1356
1644 1356
1645 1360
1646 1357
1647 1359
1648 1359
1649 1356
1650 1360
1651 1356
1652 1355
1653 1355
1654 1357
1655 1356
1656 1355
1657 1355
1658 1357
1659 1359
1660 1355
1661 1358
1662 1355
1663 1356
1664 1358
1665 1357
1666 1356
1667 1357
1668 1358
1669 1359
1670 1357
1671 1357
1672 1361
1673 1356
1674 1357
1675 1355
1676 1360
1677 1356
1678 1358
1679 1357
1680 1357
1681 1359
1682 1357
1683 1358
1684 1357
1685 1357
1686 1357
1687 1356
1688 1358
1689 1359
1690 1360
1691 1356
1692 1355
1693 1353
1694 1358
1695 1357
1696 1362
1697 1360
1698 1358
1699 1357
1700 1357
1701 1358
1702 1360
1703 1356
1704 1358
1705 1360
1706 1359
1707 1356
1708 1354
1709 1358
1710 1359
1711 1357
1712 1358
1713 1358
1714 1358
1715 1358
1716 1357
1717 1357
1718 1355
1719 1358
1720 1355
1721 1356
1722 1356
1723 1356
1724 1356
1725 1355
1726 1356
1727 1356
1728 1355
1729 1357
1730 1356
1731 1360
1732 1355
1733 1356
1734 1357
1735 1356
1736 1359
1737 1357
1738 1356
1739 1357
1740 1357
1741 1357
1742 1357
1743 1357
1744 1357
1745 1356
1746 1358
1747 1358
1748 1357
1749 1355
1750 1357
1751 1356
1752 1359
1753 1357
1754 1357
1755 1357
1756 1357
1757 1358
1758 1357
1759 1358
1760 1356
1761 1357
1762 1358
1763 1358
1764 1358
1765 1359
1766 1358
1767 1357
1768 1357
1769 1356
1770 1356
1771 1355
1772 1357
1773 1358
1774 1358
1775 1357
1776 1358
1777 1358
1778 1360
1779 1358
1780 1357
1781 1358
1782 1357
1783 1357
1784 1356
1785 1356
1786 1356
1787 1356
1788 1354
1789 1356
1790 1357
1791 1357
1792 1357
1793 1357
1794 1354
1795 1357
1796 1357
1797 1359
1798 1359
1799 1358
1800 1358
1801 1359
1802 1357
1803 1358
1804 1358
1805 1357
1806 1358
1807 1361
1808 1357
1809 1356
1810 1360
1811 1357
1812 1359
1813 1356
1814 1357
1815 1358
1816 1358
1817 1359
1818 1358
1819 1356
1820 1353
1821 1356
1822 1361
1823 1360
1824 1356
1825 1354
1826 1357
1827 1357
1828 1358
1829 1355
1830 1357
1831 1355
1832 1357
1833 1356
1834 1358
1835 1354
1836 1360
1837 1356
1838 1358
1839 1356
1840 1358
1841 1359
1842 1356
1843 1359
1844 1358
1845 1358
1846 1356
1847 1355
1848 1358
1849 1357
1850 1357
1851 1357
1852 1357
1853 1355
1854 1357
1855 1357
1856 1359
1857 1359
1858 1358
1859 1357
1860 1357
1861 1359
1862 1355
1863 1358
1864 1359
1865 1357
1866 1357
1867 1359
1868 1357
1869 1360
1870 1356
1871 1357
1872 1357
1873 1357
1874 1360
1875 1360
1876 1357
1877 1359
1878 1357
1879 1356
1880 1356
1881 1359
1882 1354
1883 1357
1884 1359
1885 1355
1886 1358
1887 1358
1888 1359
1889 1358
1890 1358
1891 1359
1892 1357
1893 1358
1894 1357
1895 1356
1896 1357
1897 1355
1898 1358
1899 1360
1900 1361
1901 1357
1902 1359
1903 1360
1904 1358
1905 1356
1906 1358
1907 1358
1908 1357
1909 1357
1910 1356
1911 1357
1912 1357
1913 1357
1914 1355
1915 1357
1916 1355
1917 1357
1918 1358
1919 1359
1920 1359
1921 1358
1922 1358
1923 1358
1924 1355
1925 1359
1926 1358
1927 1358
1928 1360
1929 1357
1930 1358
1931 1358
1932 1358
1933 1359
1934 1357
1935 1357
1936 1354
1937 1359
1938 1358
1939 1358
1940 1358
1941 1359
1942 1355
1943 1358
1944 1357
1945 1358
1946 1359
1947 1359
1948 1359
1949 1356
1950 1358
1951 1357
1952 1358
1953 1359
1954 1357
1955 1357
1956 1357
1957 1356
1958 1357
1959 1355
1960 1357
1961 1357
1962 1357
1963 1356
1964 1357
1965 1357
1966 1356
1967 1359
1968 1357
1969 1356
1970 1355
1971 1356
1972 1356
1973 1358
1974 1355
1975 1356
1976 1357
1977 1357
1978 1357
1979 1355
1980 1358
1981 1356
1982 1358
1983 1356
1984 1357
1985 1356
1986 1359
1987 1357
1988 1358
1989 1357
1990 1357
1991 1358
1992 1356
1993 1356
1994 1357
1995 1357
1996 1357
1997 1356
1998 1355
1999 1355
2000 1354
2001 1360
2002 1363
2003 1359
2004 1357
2005 1355
2006 1357
2007 1358
2008 1358
2009 1355
2010 1357
2011 1357
2012 1357
2013 1356
2014 1359
2015 1357
2016 1359
2017 1358
2018 1359
2019 1359
2020 1358
2021 1358
2022 1360
2023 1361
2024 1357
2025 1357
2026 1356
2027 1360
2028 1360
2029 1354
2030 1356
2031 1358
2032 1357
2033 1356
2034 1357
2035 1356
2036 1359
2037 1357
2038 1356
2039 1357
2040 1359
2041 1361
2042 1358
2043 1356
2044 1362
2045 1358
2046 1357
2047 1358
2048 1359
2049 1359
2050 1360
2051 1356
2052 1356
2053 1358
2054 1356
2055 1355
2056 1357
2057 1359
2058 1358
2059 1357
2060 1357
2061 1358
2062 1356
2063 1357
2064 1355
2065 1358
2066 1357
2067 1356
2068 1357
2069 1361
2070 1361
2071 1355
2072 1357
2073 1358
2074 1360
2075 1359
2076 1357
2077 1358
2078 1358
2079 1358
2080 1358
2081 1357
2082 1358
2083 1362
2084 1358
2085 1356
2086 1356
2087 1359
2088 1357
2089 1359
2090 1359
2091 1356
2092 1361
2093 1356
2094 1359
2095 1355
2096 1354
2097 1357
2098 1357
2099 1356
2100 1356
2101 1357
2102 1358
2103 1358
2104 1359
2105 1357
2106 1358
2107 1358
2108 1358
2109 1356
2110 1358
2111 1358
2112 1356
2113 1356
2114 1358
2115 1357
2116 1357
2117 1358
2118 1357
2119 1357
2120 1356
2121 1356
2122 1356
2123 1354
2124 1358
2125 1356
2126 1356
2127 1358
2128 1358
2129 1357
2130 1360
2131 1356
2132 1357
2133 1357
2134 1359
2135 1358
2136 1357
2137 1357
2138 1357
2139 1358
2140 1357
2141 1355
2142 1354
2143 1355
2144 1357
2145 1356
2146 1359
2147 1358
2148 1356
2149 1356
2150 1357
2151 1355
2152 1356
2153 1354
2154 1356
2155 1356
2156 1356
2157 1357
2158 1358
2159 1355
2160 1359
2161 1355
2162 1357
2163 1356
2164 1360
2165 1357
2166 1357
2167 1358
2168 1360
2169 1359
2170 1357
2171 1356
2172 1355
2173 1356
2174 1355
2175 1356
2176 1357
2177 1358
2178 1358
2179 1354
2180 1353
2181 1355
2182 1360
2183 1360
2184 1357
2185 1356
2186 1356
2187 1357
2188 1359
2189 1358
2190 1357
2191 1357
2192 1358
2193 1358
2194 1356
2195 1358
2196 1356
2197 1357
2198 1357
2199 1359
2200 1357
2201 1357
2202 1358
2203 1359
2204 1358
2205 1356
2206 1355
2207 1359
2208 1359
2209 1356
2210 1356
2211 1359
2212 1357
2213 1356
2214 1357
2215 1356
2216 1357
2217 1359
2218 1358
2219 1356
2220 1355
2221 1357
2222 1359
2223 1356
2224 1361
2225 1356
2226 1357
2227 1357
2228 1360
2229 1356
2230 1359
2231 1356
2232 1356
2233 1359
2234 1357
2235 1357
2236 1358
2237 1355
2238 1357
2239 1357
2240 1355
2241 1356
2242 1356
2243 1356
2244 1358
2245 1358
2246 1360
2247 1354
2248 1355
2249 1359
2250 1358
2251 1357
2252 1361
2253 1358
2254 1358
2255 1357
2256 1358
2257 1356
2258 1359
2259 1358
2260 1361
2261 1358
2262 1358
2263 1358
2264 1358
2265 1358
2266 1358
2267 1359
2268 1358
2269 1360
2270 1357
2271 1355
2272 1361
2273 1358
2274 1357
2275 1355
2276 1359
2277 1357
2278 1358
2279 1356
2280 1358
2281 1357
2282 1358
2283 1356
2284 1358
2285 1355
2286 1357
2287 1354
2288 1357
2289 1357
2290 1361
2291 1356
2292 1360
2293 1357
2294 1359
2295 1357
2296 1359
2297 1356
2298 1357
2299 1355
2300 1357
2301 1356
2302 1354
2303 1354
2304 1358
2305 1356
2306 1361
2307 1355
2308 1357
2309 1356
2310 1357
2311 1356
2312 1358
2313 1356
2314 1358
2315 1356
2316 1357
2317 1359
2318 1359
2319 1359
2320 1358
2321 1357
2322 1359
2323 1357
2324 1358
2325 1356
2326 1359
2327 1357
2328 1358
2329 1358
2330 1361
2331 1356
2332 1357
2333 1356
2334 1356
2335 1358
2336 1356
2337 1356
2338 1359
2339 1355
2340 1355
2341 1357
2342 1360
2343 1356
2344 1357
2345 1355
2346 1356
2347 1355
2348 1357
2349 1357
2350 1358
2351 1357
2352 1360
2353 1357
2354 1358
2355 1358
2356 1359
2357 1355
2358 1356
2359 1355
2360 1353
2361 1357
2362 1361
2363 1360
2364 1355
2365 1358
2366 1360
2367 1359
2368 1359
2369 1357
2370 1357
2371 1356
2372 1355
2373 1359
2374 1357
2375 1357
2376 1358
2377 1359
2378 1357
2379 1356
2380 1358
2381 1355
2382 1361
2383 1362
2384 1360
2385 1354
2386 1357
2387 1359
2388 1360
2389 1356
2390 1356
2391 1357
2392 1357
2393 1355
2394 1355
2395 1355
2396 1356
2397 1358
2398 1357
2399 1357
2400 1355
2401 1358
2402 1357
2403 1356
2404 1359
2405 1359
2406 1357
2407 1356
2408 1357
2409 1358
2410 1357
2411 1353
2412 1357
2413 1356
2414 1359
2415 1360
2416 1359
2417 1358
2418 1357
2419 1357
2420 1357
2421 1357
2422 1356
2423 1359
2424 1359
2425 1357
2426 1353
2427 1358
2428 1359
2429 1357
2430 1357
2431 1359
2432 1358
2433 1360
2434 1357
2435 1354
2436 1355
2437 1356
2438 1356
2439 1360
2440 1357
2441 1359
2442 1359
2443 1356
2444 1354
2445 1358
2446 1361
2447 1360
2448 1355
2449 1358
2450 1359
2451 1357
2452 1356
2453 1355
2454 1356
2455 1358
2456 1355
2457 1357
2458 1355
2459 1359
2460 1354
2461 1356
2462 1355
2463 1356
2464 1355
2465 1359
2466 1356
2467 1356
2468 1356
2469 1357
2470 1357
2471 1356
2472 1358
2473 1356
2474 1358
2475 1357
2476 1356
2477 1355
2478 1360
2479 1357
2480 1355
2481 1357
2482 1357
2483 1357
2484 1357
2485 1357
2486 1358
2487 1356
2488 1357
2489 1357
2490 1356
2491 1356
2492 1356
2493 1356
2494 1358
2495 1358
2496 1357
2497 1356
2498 1359
2499 1358
2500 1359
2501 1358
2502 1356
2503 1356
2504 1359
2505 1357
2506 1358
2507 1358
2508 1357
2509 1356
2510 1357
2511 1355
2512 1356
2513 1357
2514 1358
2515 1358
2516 1358
2517 1358
2518 1355
2519 1356
2520 1356
2521 1358
2522 1358
2523 1357
2524 1357
2525 1357
2526 1355
2527 1357
2528 1356
2529 1355
2530 1357
2531 1358
2532 1358
2533 1359
2534 1357
2535 1359
2536 1358
2537 1360
2538 1358
2539 1354
2540 1356
2541 1357
2542 1363
2543 1358
2544 1356
2545 1354
2546 1357
2547 1358
2548 1355
2549 1356
2550 1358
2551 1358
2552 1360
2553 1356
2554 1356
2555 1356
2556 1355
2557 1357
2558 1358
2559 1359
2560 1359
2561 1358
2562 1358
2563 1360
2564 1360
2565 1356
2566 1353
2567 1358
2568 1359
2569 1360
2570 1357
2571 1356
2572 1356
2573 1356
2574 1357
2575 1358
2576 1356
2577 1357
2578 1357
2579 1355
2580 1360
2581 1359
2582 1356
2583 1356
2584 1354
2585 1357
2586 1357
2587 1360
2588 1360
2589 1358
2590 1357
2591 1359
2592 1358
2593 1356
2594 1360
2595 1356
2596 1360
2597 1361
2598 1357
2599 1356
2600 1356
2601 1357
2602 1357
2603 1356
2604 1354
2605 1356
2606 1358
2607 1357
2608 1357
2609 1357
2610 1357
2611 1355
2612 1356
2613 1359
2614 1356
2615 1359
2616 1357
2617 1356
2618 1357
2619 1358
2620 1357
2621 1359
2622 1358
2623 1358
2624 1361
2625 1358
2626 1356
2627 1359
2628 1358
2629 1358
2630 1361
2631 1359
2632 1360
2633 1358
2634 1357
2635 1357
2636 1359
2637 1358
2638 1355
2639 1357
2640 1356
2641 1358
2642 1357
2643 1359
2644 1357
2645 1358
2646 1358
2647 1355
2648 1358
2649 1357
2650 1357
2651 1359
2652 1357
2653 1356
2654 1357
2655 1359
2656 1358
2657 1358
2658 1357
2659 1357
2660 1358
2661 1359
2662 1355
2663 1355
2664 1355
2665 1357
2666 1357
2667 1356
2668 1356
2669 1357
2670 1357
2671 1358
2672 1357
2673 1358
2674 1357
2675 1358
2676 1356
2677 1357
2678 1357
2679 1359
2680 1357
2681 1357
2682 1357
2683 1359
2684 1358
2685 1356
2686 1357
2687 1358
2688 1356
2689 1356
2690 1355
2691 1356
2692 1357
2693 1358
2694 1359
2695 1357
2696 1358
2697 1356
2698 1357
2699 1358
2700 1357
2701 1357
2702 1357
2703 1355
2704 1358
2705 1356
2706 1357
2707 1355
2708 1356
2709 1355
2710 1356
2711 1356
2712 1359
2713 1356
2714 1357
2715 1356
2716 1358
2717 1356
2718 1356
2719 1357
2720 1356
2721 1361
2722 1361
2723 1358
2724 1356
2725 1355
2726 1357
2727 1356
2728 1356
2729 1358
2730 1358
2731 1357
2732 1356
2733 1356
2734 1355
2735 1355
2736 1357
2737 1358
2738 1363
2739 1361
2740 1357
2741 1354
2742 1356
2743 1357
2744 1356
2745 1355
2746 1354
2747 1356
2748 1357
2749 1361
2750 1357
2751 1357
2752 1358
2753 1357
2754 1360
2755 1358
2756 1359
2757 1358
2758 1356
2759 1356
2760 1356
2761 1359
2762 1358
2763 1352
2764 1356
2765 1356
2766 1354
2767 1360
2768 1357
2769 1356
2770 1357
2771 1359
2772 1356
2773 1357
2774 1357
2775 1360
2776 1358
2777 1359
2778 1357
2779 1358
2780 1357
2781 1356
2782 1358
2783 1356
2784 1357
2785 1359
2786 1357
2787 1358
2788 1357
2789 1356
2790 1356
2791 1357
2792 1357
2793 1358
2794 1357
2795 1356
2796 1357
2797 1358
2798 1357
2799 1356
2800 1357
2801 1357
2802 1359
2803 1357
2804 1357
2805 1357
2806 1358
2807 1359
2808 1361
2809 1358
2810 1357
2811 1358
2812 1357
2813 1356
2814 1355
2815 1357
2816 1358
2817 1358
2818 1358
2819 1357
2820 1357
2821 1355
2822 1358
2823 1357
2824 1358
2825 1356
2826 1356
2827 1356
2828 1356
2829 1357
2830 1357
2831 1357
2832 1357
2833 1360
2834 1359
2835 1360
2836 1358
2837 1357
2838 1357
2839 1355
2840 1357
2841 1360
2842 1358
2843 1357
2844 1357
2845 1353
2846 1357
2847 1358
2848 1357
2849 1356
2850 1359
2851 1356
2852 1359
2853 1356
2854 1359
2855 1355
2856 1358
2857 1356
2858 1358
2859 1355
2860 1358
2861 1357
2862 1358
2863 1360
2864 1357
2865 1354
2866 1355
2867 1357
2868 1361
2869 1357
2870 1356
2871 1356
2872 1354
2873 1353
2874 1355
2875 1355
2876 1354
2877 1356
2878 1359
2879 1356
2880 1355
2881 1356
2882 1359
2883 1356
2884 1355
2885 1355
2886 1354
2887 1355
2888 1355
2889 1354
2890 1358
2891 1357
2892 1357
2893 1355
2894 1357
2895 1356
2896 1357
2897 1356
2898 1358
2899 1356
2900 1357
2901 1353
2902 1360
2903 1357
2904 1356
2905 1356
2906 1357
2907 1357
2908 1359
2909 1356
2910 1354
2911 1356
2912 1358
2913 1355
2914 1360
2915 1356
2916 1358
2917 1354
2918 1358
2919 1356
2920 1356
2921 1355
2922 1356
2923 1361
2924 1356
2925 1355
2926 1357
2927 1359
2928 1358
2929 1357
2930 1357
2931 1359
2932 1358
2933 1355
2934 1357
2935 1357
2936 1358
2937 1357
2938 1356
2939 1358
2940 1355
2941 1357
2942 1360
2943 1354
2944 1359
2945 1354
2946 1356
2947 1353
2948 1358
2949 1359
2950 1357
2951 1357
2952 1357
2953 1355
2954 1357
2955 1356
2956 1359
2957 1357
2958 1360
2959 1355
2960 1358
2961 1358
2962 1357
2963 1357
2964 1356
2965 1358
2966 1359
2967 1358
2968 1358
2969 1356
2970 1357
2971 1356
2972 1357
2973 1357
2974 1355
2975 1357
2976 1356
2977 1356
2978 1354
2979 1354
2980 1356
2981 1353
2982 1357
2983 1357
2984 1358
2985 1356
2986 1359
2987 1358
2988 1359
2989 1355
2990 1359
2991 1358
2992 1356
2993 1358
2994 1355
2995 1356
2996 1357
2997 1357
2998 1358
2999 1358
3000 1355
3001 1357
3002 1357
3003 1357
3004 1356
3005 1357
3006 1357
3007 1358
3008 1358
3009 1356
3010 1358
3011 1355
3012 1357
3013 1357
3014 1356
3015 1356
3016 1357
3017 1357
3018 1355
3019 1358
3020 1358
3021 1356
3022 1356
3023 1356
3024 1359
3025 1358
3026 1358
3027 1357
3028 1356
3029 1358
3030 1357
3031 1360
3032 1356
3033 1356
3034 1359
3035 1358
3036 1355
3037 1356
3038 1355
3039 1355
3040 1355
3041 1356
3042 1357
3043 1357
3044 1357
3045 1356
3046 1358
3047 1357
3048 1357
3049 1355
3050 1358
3051 1359
3052 1357
3053 1357
3054 1356
3055 1357
3056 1357
3057 1358
3058 1359
3059 1360
3060 1357
3061 1355
3062 1356
3063 1359
3064 1357
3065 1354
3066 1357
3067 1356
3068 1356
3069 1357
3070 1357
3071 1356
3072 1356
3073 1356
3074 1357
3075 1354
3076 1357
3077 1360
3078 1357
3079 1356
3080 1356
3081 1356
3082 1358
3083 1358
3084 1355
3085 1355
3086 1357
3087 1359
3088 1359
3089 1355
3090 1356
3091 1357
3092 1357
3093 1356
3094 1354
3095 1358
3096 1357
3097 1356
3098 1357
3099 1357
3100 1357
3101 1354
3102 1352
3103 1357
3104 1357
3105 1354
3106 1356
3107 1357
3108 1359
3109 1357
3110 1361
3111 1358
3112 1359
3113 1358
3114 1357
3115 1356
3116 1358
3117 1359
3118 1356
3119 1357
3120 1356
3121 1359
3122 1358
3123 1358
3124 1358
3125 1357
3126 1357
3127 1359
3128 1355
3129 1356
3130 1353
3131 1358
3132 1357
3133 1360
3134 1357
3135 1357
3136 1357
3137 1358
3138 1358
3139 1358
3140 1359
3141 1358
3142 1358
3143 1358
3144 1359
3145 1362
3146 1361
3147 1358
3148 1357
3149 1357
3150 1355
3151 1356
3152 1357
3153 1356
3154 1359
3155 1357
3156 1357
3157 1355
3158 1357
3159 1355
3160 1357
3161 1355
3162 1357
3163 1356
3164 1358
3165 1355
3166 1357
3167 1359
3168 1358
3169 1358
3170 1356
3171 1358
3172 1358
3173 1358
3174 1357
3175 1358
3176 1355
3177 1359
3178 1356
3179 1359
3180 1358
3181 1360
3182 1357
3183 1358
3184 1359
3185 1357
3186 1357
3187 1356
3188 1357
3189 1355
3190 1359
3191 1357
3192 1358
3193 1358
3194 1355
3195 1356
3196 1355
3197 1359
3198 1356
3199 1358
3200 1357
3201 1359
3202 1358
3203 1358
3204 1356
3205 1358
3206 1359
3207 1358
3208 1359
3209 1358
3210 1356
3211 1360
3212 1360
3213 1358
3214 1358
3215 1357
3216 1357
3217 1356
3218 1357
3219 1357
3220 1355
3221 1359
3222 1358
3223 1359
3224 1357
3225 1359
3226 1355
3227 1358
3228 1356
3229 1357
3230 1357
3231 1360
3232 1359
3233 1357
3234 1358
3235 1360
3236 1358
3237 1360
3238 1357
3239 1357
3240 1355
3241 1355
3242 1358
3243 1357
3244 1358
3245 1361
3246 1356
3247 1357
3248 1356
3249 1359
3250 1358
3251 1356
3252 1357
3253 1358
3254 1360
3255 1358
3256 1357
3257 1356
3258 1358
3259 1357
3260 1358
3261 1358
3262 1358
3263 1359
3264 1354
3265 1354
3266 1357
3267 1358
3268 1357
3269 1361
3270 1357
3271 1357
3272 1356
3273 1355
3274 1357
3275 1357
3276 1358
3277 1355
3278 1357
3279 1355
3280 1355
3281 1357
3282 1356
3283 1355
3284 1358
3285 1358
3286 1356
3287 1359
3288 1357
3289 1356
3290 1355
3291 1352
3292 1356
3293 1357
3294 1357
3295 1358
3296 1358
3297 1359
3298 1356
3299 1357
3300 1357
3301 1359
3302 1356
3303 1357
3304 1356
3305 1356
3306 1352
3307 1357
3308 1355
3309 1356
3310 1357
3311 1357
3312 1356
3313 1357
3314 1356
3315 1358
3316 1359
3317 1359
3318 1359
3319 1356
3320 1355
3321 1356
3322 1357
3323 1359
3324 1357
3325 1356
3326 1357
3327 1355
3328 1356
3329 1357
3330 1358
3331 1358
3332 1360
3333 1357
3334 1358
3335 1355
3336 1357
3337 1359
3338 1357
3339 1355
3340 1358
3341 1358
3342 1359
3343 1360
3344 1357
3345 1354
3346 1355
3347 1358
3348 1356
3349 1356
3350 1355
3351 1357
3352 1359
3353 1357
3354 1357
3355 1355
3356 1357
3357 1356
3358 1356
3359 1358
3360 1357
3361 1357
3362 1359
3363 1356
3364 1357
3365 1358
3366 1357
3367 1356
3368 1358
3369 1358
3370 1357
3371 1357
3372 1357
3373 1357
3374 1356
3375 1357
3376 1354
3377 1357
3378 1357
3379 1358
3380 1358
3381 1357
3382 1356
3383 1356
3384 1356
3385 1357
3386 1357
3387 1357
3388 1357
3389 1357
3390 1359
3391 1359
3392 1359
3393 1356
3394 1357
3395 1358
3396 1355
3397 1358
3398 1359
3399 1357
3400 1357
3401 1358
3402 1360
3403 1357
3404 1355
3405 1357
3406 1354
3407 1357
3408 1357
3409 1355
3410 1359
3411 1356
3412 1356
3413 1354
3414 1356
3415 1359
3416 1356
3417 1357
3418 1356
3419 1358
3420 1357
3421 1358
3422 1358
3423 1356
3424 1360
3425 1357
3426 1357
3427 1356
3428 1357
3429 1357
3430 1357
3431 1359
3432 1357
3433 1353
3434 1358
3435 1358
3436 1358
3437 1356
3438 1357
3439 1359
3440 1359
3441 1358
3442 1357
3443 1360
3444 1357
3445 1356
3446 1357
3447 1360
3448 1357
3449 1354
3450 1358
3451 1358
3452 1358
3453 1357
3454 1359
3455 1356
3456 1357
3457 1356
3458 1359
3459 1355
3460 1357
3461 1358
3462 1356
3463 1357
3464 1357
3465 1356
3466 1355
3467 1358
3468 1357
3469 1358
3470 1357
3471 1357
3472 1358
3473 1356
3474 1358
3475 1357
3476 1357
3477 1357
3478 1356
3479 1355
3480 1358
3481 1357
3482 1360
3483 1357
3484 1357
3485 1359
3486 1359
3487 1359
3488 1358
3489 1358
3490 1357
3491 1357
3492 1357
3493 1358
3494 1357
3495 1358
3496 1358
3497 1356
3498 1359
3499 1357
3500 1356
3501 1356
3502 1358
3503 1356
3504 1357
3505 1357
3506 1356
3507 1359
3508 1357
3509 1357
3510 1356
3511 1357
3512 1357
3513 1357
3514 1359
3515 1355
3516 1357
3517 1354
3518 1360
3519 1355
3520 1353
3521 1358
3522 1359
3523 1356
3524 1356
3525 1356
3526 1358
3527 1357
3528 1358
3529 1355
3530 1356
3531 1356
3532 1356
3533 1359
3534 1357
3535 1359
3536 1360
3537 1357
3538 1358
3539 1356
3540 1358
3541 1359
3542 1359
3543 1356
3544 1357
3545 1358
3546 1356
3547 1356
3548 1355
3549 1358
3550 1359
3551 1357
3552 1358
3553 1359
3554 1357
3555 1353
3556 1356
3557 1356
3558 1357
3559 1355
3560 1357
3561 1356
3562 1357
3563 1356
3564 1356
3565 1355
3566 1359
3567 1356
3568 1357
3569 1356
3570 1357
3571 1357
3572 1354
3573 1359
3574 1358
3575 1357
3576 1359
3577 1357
3578 1357
3579 1355
3580 1358
3581 1356
3582 1359
3583 1355
3584 1358
3585 1356
3586 1357
3587 1356
3588 1357
3589 1356
3590 1355
3591 1357
3592 1357
3593 1356
3594 1357
3595 1355
3596 1358
3597 1356
3598 1357
3599 1355
3600 1358
3601 1357
3602 1358
3603 1356
3604 1357
3605 1359
3606 1358
3607 1357
3608 1360
3609 1355
3610 1358
3611 1356
3612 1358
3613 1359
3614 1357
3615 1358
3616 1354
3617 1355
3618 1355
3619 1356
3620 1357
3621 1355
3622 1358
3623 1358
3624 1358
3625 1357
3626 1358
3627 1357
3628 1357
3629 1356
3630 1353
3631 1357
3632 1357
3633 1356
3634 1354
3635 1356
3636 1359
3637 1358
3638 1357
3639 1358
3640 1358
3641 1356
3642 1357
3643 1356
3644 1359
3645 1356
3646 1357
3647 1358
3648 1356
3649 1356
3650 1355
3651 1356
3652 1357
3653 1356
3654 1356
3655 1356
3656 1357
3657 1358
3658 1355
3659 1356
3660 1358
3661 1358
3662 1357
3663 1356
3664 1355
3665 1358
3666 1358
3667 1357
3668 1357
3669 1357
3670 1358
3671 1357
3672 1357
3673 1357
3674 1357
3675 1355
3676 1357
3677 1356
3678 1357
3679 1357
3680 1357
3681 1358
3682 1356
3683 1356
3684 1357
3685 1356
3686 1357
3687 1359
3688 1357
3689 1359
3690 1358
3691 1357
3692 1356
3693 1356
3694 1360
3695 1357
3696 1357
3697 1354
3698 1357
3699 1357
3700 1354
3701 1356
3702 1358
3703 1356
3704 1356
3705 1358
3706 1357
3707 1356
3708 1356
3709 1356
3710 1355
3711 1358
3712 1357
3713 1361
3714 1356
3715 1357
3716 1356
3717 1361
3718 1357
3719 1358
3720 1354
3721 1359
3722 1356
3723 1354
3724 1355
3725 1356
3726 1357
3727 1357
3728 1355
3729 1358
3730 1357
3731 1355
3732 1356
3733 1358
3734 1356
3735 1358
3736 1356
3737 1357
3738 1355
3739 1360
3740 1355
3741 1355
3742 1357
3743 1356
3744 1358
3745 1356
3746 1356
3747 1356
3748 1356
3749 1359
3750 1355
3751 1357
3752 1354
3753 1359
3754 1354
3755 1357
3756 1353
3757 1357
3758 1354
3759 1357
3760 1356
3761 1359
3762 1358
3763 1358
3764 1353
3765 1354
3766 1354
3767 1358
3768 1355
3769 1358
3770 1354
3771 1358
3772 1357
3773 1358
3774 1355
3775 1359
3776 1357
3777 1358
3778 1358
3779 1358
3780 1359
3781 1358
3782 1357
3783 1356
3784 1357
3785 1355
3786 1357
3787 1358
3788 1357
3789 1356
3790 1356
3791 1357
3792 1356
3793 1356
3794 1359
3795 1356
3796 1357
3797 1357
3798 1357
3799 1358
3800 1356
3801 1354
3802 1354
3803 1357
3804 1357
3805 1356
3806 1356
3807 1359
3808 1355
3809 1356
3810 1356
3811 1357
3812 1356
3813 1358
3814 1357
3815 1359
3816 1355
3817 1359
3818 1357
3819 1357
3820 1359
3821 1357
3822 1358
3823 1356
3824 1356
3825 1360
3826 1357
3827 1358
3828 1356
3829 1357
3830 1353
3831 1358
3832 1357
3833 1355
3834 1357
3835 1358
3836 1358
3837 1360
3838 1358
3839 1357
3840 1356
3841 1359
3842 1358
3843 1357
3844 1358
3845 1359
3846 1356
3847 1360
3848 1357
3849 1361
3850 1359
3851 1357
3852 1355
3853 1359
3854 1358
3855 1358
3856 1358
3857 1358
3858 1357
3859 1360
3860 1356
3861 1358
3862 1358
3863 1356
3864 1356
3865 1357
3866 1357
3867 1357
3868 1357
3869 1357
3870 1355
3871 1358
3872 1356
3873 1358
3874 1355
3875 1355
3876 1358
3877 1359
3878 1355
3879 1356
3880 1357
3881 1359
3882 1356
3883 1358
3884 1356
3885 1358
3886 1355
3887 1358
3888 1357
3889 1357
3890 1354
3891 1357
3892 1359
3893 1355
3894 1356
3895 1359
3896 1355
3897 1357
3898 1353
3899 1358
3900 1353
3901 1357
3902 1358
3903 1357
3904 1355
3905 1356
3906 1355
3907 1359
3908 1356
3909 1361
3910 1357
3911 1356
3912 1356
3913 1359
3914 1357
3915 1356
3916 1356
3917 1359
3918 1357
3919 1360
3920 1356
3921 1356
3922 1355
3923 1356
3924 1357
3925 1357
3926 1356
3927 1355
3928 1355
3929 1355
3930 1355
3931 1359
3932 1356
3933 1359
3934 1357
3935 1358
3936 1358
3937 1359
3938 1354
3939 1359
3940 1355
3941 1356
3942 1358
3943 1357
3944 1356
3945 1358
3946 1356
3947 1358
3948 1355
3949 1358
3950 1356
3951 1358
3952 1356
3953 1357
3954 1355
3955 1357
3956 1356
3957 1358
3958 1358
3959 1356
3960 1356
3961 1357
3962 1357
3963 1358
3964 1357
3965 1357
3966 1358
3967 1358
3968 1358
3969 1357
3970 1359
3971 1359
3972 1358
3973 1358
3974 1355
3975 1356
3976 1358
3977 1359
3978 1359
3979 1360
3980 1356
3981 1357
3982 1358
3983 1359
3984 1356
3985 1356
3986 1357
3987 1356
3988 1356
3989 1356
3990 1357
3991 1357
3992 1356
3993 1359
3994 1355
3995 1356
3996 1356
3997 1356
3998 1358
3999 1359
