0 1356
1 1355
2 1355
3 1355
4 1354
5 1355
6 1355
7 1356
8 1357
9 1356
10 1357
11 1359
12 1354
13 1355
14 1356
15 1357
16 1358
17 1355
18 1356
19 1353
20 1355
21 1356
22 1358
23 1357
24 1358
25 1359
26 1353
27 1357
28 1356
29 1356
30 1356
31 1356
32 1358
33 1356
34 1354
35 1358
36 1355
37 1356
38 1355
39 1354
40 1357
41 1354
42 1356
43 1353
44 1357
45 1358
46 1358
47 1357
48 1354
49 1357
50 1356
51 1356
52 1356
53 1356
54 1354
55 1355
56 1353
57 1355
58 1356
59 1352
60 1355
61 1355
62 1358
63 1357
64 1357
65 1354
66 1354
67 1357
68 1356
69 1354
70 1357
71 1357
72 1356
73 1357
74 1356
75 1357
76 1356
77 1356
78 1355
79 1355
80 1355
81 1357
82 1355
83 1356
84 1356
85 1356
86 1354
87 1354
88 1356
89 1356
90 1356
91 1356
92 1355
93 1355
94 1356
95 1355
96 1354
97 1354
98 1355
99 1356
100 1356
101 1357
102 1356
103 1355
104 1355
105 1354
106 1355
107 1355
108 1355
109 1356
110 1354
111 1356
112 1358
113 1355
114 1354
115 1355
116 1357
117 1357
118 1356
119 1357
120 1353
121 1356
122 1353
123 1354
124 1354
125 1355
126 1354
127 1357
128 1353
129 1355
130 1356
131 1357
132 1356
133 1357
134 1356
135 1358
136 1357
137 1358
138 1355
139 1354
140 1357
141 1355
142 1354
143 1357
144 1355
145 1355
146 1355
147 1357
148 1356
149 1354
150 1355
151 1357
152 1356
153 1354
154 1354
155 1354
156 1358
157 1355
158 1356
159 1354
160 1356
161 1355
162 1357
163 1353
164 1355
165 1352
166 1353
167 1353
168 1354
169 1355
170 1354
171 1358
172 1356
173 1354
174 1355
175 1355
176 1359
177 1357
178 1356
179 1355
180 1359
181 1359
182 1357
183 1355
184 1357
185 1357
186 1357
187 1357
188 1354
189 1357
190 1356
191 1357
192 1356
193 1357
194 1355
195 1356
196 1358
197 1355
198 1355
199 1354
200 1355
201 1358
202 1356
203 1357
204 1355
205 1354
206 1353
207 1351
208 1355
209 1355
210 1358
211 1359
212 1355
213 1356
214 1355
215 1355
216 1358
217 1355
218 1357
219 1354
220 1356
221 1355
222 1354
223 1356
224 1357
225 1355
226 1357
227 1357
228 1353
229 1357
230 1357
231 1358
232 1355
233 1354
234 1353
235 1356
236 1356
237 1355
238 1355
239 1356
240 1355
241 1355
242 1354
243 1356
244 1355
245 1354
246 1357
247 1351
248 1352
249 1352
250 1356
251 1353
252 1355
253 1353
254 1356
255 1357
256 1358
257 1357
258 1356
259 1354
260 1355
261 1357
262 1356
263 1357
264 1356
265 1355
266 1356
267 1356
268 1355
269 1356
270 1357
271 1357
272 1356
273 1354
274 1354
275 1354
276 1355
277 1355
278 1356
279 1354
280 1357
281 1354
282 1356
283 1355
284 1356
285 1354
286 1354
287 1358
288 1357
289 1356
290 1356
291 1353
292 1354
293 1357
294 1353
295 1356
296 1358
297 1354
298 1358
299 1356
300 1356
301 1355
302 1355
303 1356
304 1356
305 1355
306 1354
307 1352
308 1357
309 1356
310 1357
311 1357
312 1353
313 1353
314 1354
315 1356
316 1356
317 1354
318 1355
319 1353
320 1356
321 1357
322 1355
323 1353
324 1354
325 1354
326 1354
327 1355
328 1352
329 1354
330 1356
331 1354
332 1353
333 1352
334 1354
335 1354
336 1356
337 1353
338 1353
339 1352
340 1356
341 1355
342 1356
343 1353
344 1355
345 1354
346 1354
347 1355
348 1356
349 1356
350 1355
351 1355
352 1356
353 1355
354 1357
355 1357
356 1357
357 1356
358 1355
359 1354
360 1353
361 1356
362 1355
363 1354
364 1355
365 1354
366 1356
367 1353
368 1355
369 1355
370 1356
371 1357
372 1354
373 1354
374 1354
375 1356
376 1354
377 1354
378 1357
379 1356
380 1356
381 1353
382 1356
383 1353
384 1356
385 1354
386 1357
387 1356
388 1355
389 1355
390 1356
391 1356
392 1356
393 1356
394 1355
395 1355
396 1353
397 1355
398 1356
399 1355
400 1355
401 1355
402 1354
403 1353
404 1356
405 1356
406 1357
407 1353
408 1356
409 1356
410 1356
411 1353
412 1356
413 1357
414 1356
415 1355
416 1356
417 1354
418 1357
419 1354
420 1357
421 1355
422 1352
423 1354
424 1354
425 1354
426 1352
427 1353
428 1356
429 1353
430 1354
431 1356
432 1355
433 1356
434 1356
435 1355
436 1355
437 1357
438 1354
439 1353
440 1357
441 1355
442 1356
443 1354
444 1358
445 1356
446 1356
447 1357
448 1355
449 1355
450 1358
451 1357
452 1358
453 1356
454 1356
455 1356
456 1358
457 1356
458 1356
459 1353
460 1356
461 1354
462 1355
463 1357
464 1356
465 1356
466 1358
467 1355
468 1356
469 1355
470 1355
471 1354
472 1356
473 1357
474 1357
475 1356
476 1359
477 1356
478 1356
479 1354
480 1357
481 1355
482 1356
483 1354
484 1355
485 1357
486 1357
487 1354
488 1354
489 1351
490 1353
491 1355
492 1355
493 1355
494 1355
495 1355
496 1354
497 1357
498 1356
499 1359
500 1362
501 1364
502 1367
503 1377
504 1387
505 1398
506 1410
507 1427
508 1440
509 1454
510 1472
511 1482
512 1493
513 1506
514 1513
515 1520
516 1525
517 1527
518 1529
519 1534
520 1534
521 1540
522 1539
523 1536
524 1532
525 1528
526 1527
527 1518
528 1518
529 1507
530 1506
531 1497
532 1492
533 1484
534 1478
535 1473
536 1469
537 1462
538 1454
539 1447
540 1445
541 1441
542 1437
543 1432
544 1428
545 1423
546 1420
547 1417
548 1414
549 1414
550 1408
551 1404
552 1400
553 1397
554 1397
555 1394
556 1390
557 1389
558 1388
559 1384
560 1381
561 1380
562 1378
563 1379
564 1373
565 1371
566 1371
567 1370
568 1371
569 1369
570 1366
571 1366
572 1368
573 1364
574 1365
575 1363
576 1363
577 1363
578 1361
579 1358
580 1362
581 1361
582 1358
583 1359
584 1357
585 1359
586 1360
587 1358
588 1360
589 1359
590 1358
591 1360
592 1358
593 1357
594 1356
595 1356
596 1357
597 1357
598 1356
599 1356
600 1355
601 1358
602 1358
603 1358
604 1355
605 1357
606 1354
607 1359
608 1357
609 1357
610 1355
611 1358
612 1357
613 1358
614 1355
615 1356
616 1358
617 1355
618 1356
619 1355
620 1355
621 1356
622 1357
623 1356
624 1354
625 1355
626 1354
627 1356
628 1357
629 1357
630 1358
631 1353
632 1355
633 1355
634 1355
635 1354
636 1353
637 1352
638 1355
639 1355
640 1355
641 1356
642 1357
643 1354
644 1357
645 1358
646 1355
647 1355
648 1356
649 1355
650 1355
651 1353
652 1358
653 1353
654 1354
655 1351
656 1355
657 1357
658 1356
659 1355
660 1356
661 1357
662 1358
663 1356
664 1353
665 1357
666 1359
667 1357
668 1354
669 1352
670 1356
671 1357
672 1354
673 1354
674 1358
675 1357
676 1357
677 1353
678 1356
679 1357
680 1358
681 1355
682 1356
683 1356
684 1356
685 1356
686 1356
687 1352
688 1354
689 1354
690 1356
691 1354
692 1356
693 1357
694 1356
695 1356
696 1354
697 1356
698 1356
699 1353
700 1356
701 1356
702 1354
703 1354
704 1353
705 1355
706 1357
707 1358
708 1357
709 1356
710 1358
711 1357
712 1355
713 1353
714 1355
715 1356
716 1355
717 1353
718 1356
719 1356
720 1356
721 1355
722 1355
723 1354
724 1356
725 1356
726 1358
727 1357
728 1354
729 1353
730 1354
731 1355
732 1356
733 1357
734 1357
735 1357
736 1356
737 1355
738 1355
739 1355
740 1355
741 1357
742 1360
743 1357
744 1356
745 1358
746 1357
747 1357
748 1358
749 1356
750 1356
751 1355
752 1356
753 1356
754 1357
755 1356
756 1356
757 1356
758 1356
759 1356
760 1356
761 1354
762 1354
763 1355
764 1355
765 1355
766 1355
767 1357
768 1359
769 1355
770 1356
771 1356
772 1358
773 1359
774 1359
775 1355
776 1357
777 1357
778 1358
779 1355
780 1356
781 1356
782 1356
783 1353
784 1355
785 1354
786 1356
787 1356
788 1356
789 1356
790 1360
791 1357
792 1356
793 1355
794 1356
795 1357
796 1357
797 1355
798 1356
799 1357
800 1357
801 1355
802 1356
803 1357
804 1356
805 1355
806 1355
807 1354
808 1355
809 1356
810 1355
811 1355
812 1356
813 1357
814 1356
815 1356
816 1356
817 1358
818 1356
819 1356
820 1352
821 1356
822 1355
823 1355
824 1353
825 1353
826 1356
827 1357
828 1356
829 1356
830 1354
831 1354
832 1355
833 1355
834 1358
835 1358
836 1357
837 1354
838 1355
839 1356
840 1357
841 1356
842 1357
843 1355
844 1355
845 1356
846 1356
847 1356
848 1357
849 1357
850 1355
851 1354
852 1357
853 1357
854 1357
855 1357
856 1357
857 1357
858 1356
859 1356
860 1360
861 1356
862 1356
863 1354
864 1354
865 1356
866 1358
867 1353
868 1356
869 1357
870 1358
871 1356
872 1356
873 1354
874 1355
875 1356
876 1358
877 1355
878 1356
879 1356
880 1356
881 1356
882 1356
883 1355
884 1356
885 1355
886 1357
887 1356
888 1356
889 1354
890 1355
891 1353
892 1356
893 1356
894 1354
895 1358
896 1356
897 1357
898 1357
899 1355
900 1354
901 1356
902 1357
903 1356
904 1355
905 1357
906 1357
907 1356
908 1355
909 1355
910 1353
911 1355
912 1355
913 1355
914 1353
915 1352
916 1355
917 1355
918 1355
919 1356
920 1354
921 1357
922 1358
923 1353
924 1356
925 1358
926 1357
927 1355
928 1355
929 1358
930 1356
931 1358
932 1356
933 1356
934 1356
935 1355
936 1357
937 1356
938 1354
939 1359
940 1358
941 1357
942 1357
943 1354
944 1356
945 1357
946 1355
947 1355
948 1355
949 1356
950 1357
951 1357
952 1356
953 1356
954 1357
955 1356
956 1357
957 1355
958 1356
959 1356
960 1356
961 1353
962 1356
963 1356
964 1359
965 1362
966 1354
967 1355
968 1355
969 1352
970 1357
971 1353
972 1354
973 1353
974 1354
975 1355
976 1355
977 1353
978 1354
979 1357
980 1353
981 1352
982 1354
983 1356
984 1354
985 1354
986 1356
987 1355
988 1355
989 1355
990 1355
991 1357
992 1357
993 1357
994 1358
995 1359
996 1357
997 1356
998 1358
999 1355
1000 1357
1001 1355
1002 1354
1003 1352
1004 1356
1005 1356
1006 1357
1007 1357
1008 1356
1009 1355
1010 1356
1011 1353
1012 1357
1013 1357
1014 1356
1015 1356
1016 1357
1017 1357
1018 1356
1019 1359
1020 1355
1021 1356
1022 1356
1023 1355
1024 1353
1025 1354
1026 1357
1027 1358
1028 1353
1029 1353
1030 1354
1031 1355
1032 1357
1033 1355
1034 1356
1035 1356
1036 1356
1037 1355
1038 1351
1039 1354
1040 1356
1041 1357
1042 1354
1043 1352
1044 1355
1045 1355
1046 1355
1047 1355
1048 1354
1049 1355
1050 1354
1051 1355
1052 1354
1053 1355
1054 1355
1055 1356
1056 1356
1057 1357
1058 1353
1059 1354
1060 1357
1061 1358
1062 1353
1063 1358
1064 1354
1065 1356
1066 1353
1067 1355
1068 1354
1069 1355
1070 1352
1071 1355
1072 1354
1073 1354
1074 1355
1075 1355
1076 1358
1077 1356
1078 1353
1079 1354
1080 1356
1081 1356
1082 1354
1083 1357
1084 1356
1085 1357
1086 1355
1087 1354
1088 1356
1089 1355
1090 1357
1091 1355
1092 1355
1093 1355
1094 1353
1095 1356
1096 1356
1097 1354
1098 1355
1099 1356
1100 1355
1101 1354
1102 1354
1103 1354
1104 1351
1105 1353
1106 1355
1107 1362
1108 1359
1109 1356
1110 1354
1111 1353
1112 1356
1113 1353
1114 1354
1115 1350
1116 1354
1117 1355
1118 1355
1119 1356
1120 1355
1121 1355
1122 1355
1123 1359
1124 1355
1125 1354
1126 1351
1127 1354
1128 1357
1129 1357
1130 1352
1131 1353
1132 1356
1133 1356
1134 1355
1135 1355
1136 1356
1137 1356
1138 1356
1139 1356
1140 1355
1141 1356
1142 1355
1143 1355
1144 1356
1145 1355
1146 1353
1147 1352
1148 1352
1149 1354
1150 1354
1151 1354
1152 1356
1153 1356
1154 1358
1155 1351
1156 1353
1157 1357
1158 1355
1159 1356
1160 1355
1161 1357
1162 1358
1163 1356
1164 1353
1165 1356
1166 1356
1167 1356
1168 1356
1169 1354
1170 1356
1171 1354
1172 1356
1173 1354
1174 1355
1175 1353
1176 1355
1177 1356
1178 1356
1179 1352
1180 1355
1181 1354
1182 1356
1183 1354
1184 1356
1185 1353
1186 1353
1187 1355
1188 1355
1189 1355
1190 1355
1191 1353
1192 1354
1193 1357
1194 1356
1195 1354
1196 1354
1197 1354
1198 1353
1199 1356
1200 1356
1201 1352
1202 1356
1203 1355
1204 1353
1205 1355
1206 1355
1207 1355
1208 1353
1209 1354
1210 1356
1211 1358
1212 1355
1213 1357
1214 1355
1215 1355
1216 1355
1217 1355
1218 1356
1219 1354
1220 1354
1221 1355
1222 1352
1223 1356
1224 1356
1225 1357
1226 1356
1227 1356
1228 1353
1229 1352
1230 1354
1231 1354
1232 1355
1233 1353
1234 1355
1235 1355
1236 1355
1237 1357
1238 1356
1239 1355
1240 1356
1241 1357
1242 1354
1243 1355
1244 1354
1245 1355
1246 1353
1247 1354
1248 1354
1249 1354
1250 1354
1251 1354
1252 1356
1253 1355
1254 1356
1255 1355
1256 1354
1257 1355
1258 1356
1259 1356
1260 1356
1261 1352
1262 1353
1263 1354
1264 1356
1265 1355
1266 1355
1267 1355
1268 1355
1269 1353
1270 1356
1271 1355
1272 1357
1273 1354
1274 1357
1275 1355
1276 1356
1277 1354
1278 1354
1279 1356
1280 1352
1281 1353
1282 1352
1283 1352
1284 1351
1285 1355
1286 1356
1287 1361
1288 1357
1289 1356
1290 1355
1291 1357
1292 1356
1293 1355
1294 1355
1295 1355
1296 1355
1297 1355
1298 1356
1299 1355
1300 1357
1301 1356
1302 1355
1303 1357
1304 1354
1305 1355
1306 1356
1307 1359
1308 1355
1309 1352
1310 1353
1311 1355
1312 1358
1313 1355
1314 1352
1315 1352
1316 1354
1317 1356
1318 1355
1319 1356
1320 1356
1321 1353
1322 1355
1323 1354
1324 1354
1325 1357
1326 1356
1327 1354
1328 1355
1329 1355
1330 1356
1331 1356
1332 1355
1333 1355
1334 1353
1335 1352
1336 1355
1337 1355
1338 1355
1339 1354
1340 1357
1341 1357
1342 1355
1343 1356
1344 1355
1345 1355
1346 1356
1347 1356
1348 1353
1349 1354
1350 1356
1351 1355
1352 1355
1353 1355
1354 1357
1355 1357
1356 1357
1357 1356
1358 1356
1359 1357
1360 1353
1361 1357
1362 1354
1363 1355
1364 1356
1365 1357
1366 1354
1367 1356
1368 1355
1369 1356
1370 1356
1371 1354
1372 1355
1373 1355
1374 1353
1375 1355
1376 1355
1377 1356
1378 1353
1379 1355
1380 1355
1381 1355
1382 1352
1383 1357
1384 1354
1385 1354
1386 1357
1387 1357
1388 1357
1389 1358
1390 1355
1391 1357
1392 1357
1393 1357
1394 1355
1395 1358
1396 1356
1397 1357
1398 1354
1399 1356
1400 1354
1401 1355
1402 1354
1403 1357
1404 1354
1405 1356
1406 1353
1407 1353
1408 1356
1409 1356
1410 1354
1411 1355
1412 1356
1413 1357
1414 1356
1415 1356
1416 1357
1417 1360
1418 1358
1419 1354
1420 1355
1421 1355
1422 1356
1423 1354
1424 1356
1425 1357
1426 1356
1427 1356
1428 1358
1429 1354
1430 1354
1431 1357
1432 1355
1433 1354
1434 1356
1435 1357
1436 1357
1437 1353
1438 1356
1439 1356
1440 1356
1441 1355
1442 1356
1443 1354
1444 1356
1445 1355
1446 1356
1447 1357
1448 1358
1449 1355
1450 1357
1451 1358
1452 1357
1453 1355
1454 1355
1455 1357
1456 1356
1457 1351
1458 1353
1459 1357
1460 1357
1461 1355
1462 1358
1463 1357
1464 1354
1465 1356
1466 1358
1467 1359
1468 1355
1469 1351
1470 1355
1471 1355
1472 1356
1473 1353
1474 1354
1475 1355
1476 1355
1477 1357
1478 1354
1479 1354
1480 1355
1481 1357
1482 1357
1483 1355
1484 1355
1485 1353
1486 1354
1487 1358
1488 1358
1489 1354
1490 1354
1491 1355
1492 1357
1493 1354
1494 1355
1495 1353
1496 1354
1497 1354
1498 1356
1499 1357
1500 1358
1501 1354
1502 1355
1503 1355
1504 1355
1505 1361
1506 1357
1507 1352
1508 1358
1509 1358
1510 1353
1511 1354
1512 1355
1513 1357
1514 1356
1515 1353
1516 1356
1517 1354
1518 1356
1519 1352
1520 1355
1521 1357
1522 1358
1523 1356
1524 1356
1525 1355
1526 1357
1527 1355
1528 1355
1529 1355
1530 1355
1531 1356
1532 1355
1533 1356
1534 1353
1535 1355
1536 1355
1537 1357
1538 1354
1539 1356
1540 1356
1541 1356
1542 1355
1543 1355
1544 1356
1545 1355
1546 1356
1547 1355
1548 1351
1549 1355
1550 1356
1551 1356
1552 1353
1553 1353
1554 1353
1555 1354
1556 1356
1557 1354
1558 1356
1559 1355
1560 1353
1561 1353
1562 1354
1563 1356
1564 1356
1565 1354
1566 1354
1567 1352
1568 1356
1569 1353
1570 1353
1571 1353
1572 1353
1573 1358
1574 1356
1575 1355
1576 1355
1577 1355
1578 1355
1579 1356
1580 1353
1581 1355
1582 1356
1583 1356
1584 1354
1585 1355
1586 1355
1587 1354
1588 1357
1589 1354
1590 1355
1591 1355
1592 1355
1593 1356
1594 1355
1595 1356
1596 1355
1597 1356
1598 1355
1599 1357
1600 1356
1601 1356
1602 1354
1603 1357
1604 1355
1605 1355
1606 1356
1607 1357
1608 1356
1609 1355
1610 1356
1611 1356
1612 1354
1613 1355
1614 1356
1615 1358
1616 1354
1617 1358
1618 1355
1619 1357
1620 1354
1621 1356
1622 1354
1623 1351
1624 1353
1625 1357
1626 1355
1627 1359
1628 1354
1629 1357
1630 1357
1631 1354
1632 1356
1633 1356
1634 1357
1635 1358
1636 1357
1637 1356
1638 1354
1639 1355
1640 1356
1641 1356
1642 1356
1643 1356
1644 1354
1645 1355
1646 1357
1647 1360
1648 1356
1649 1350
1650 1355
1651 1355
1652 1356
1653 1355
1654 1355
1655 1353
1656 1355
1657 1357
1658 1357
1659 1355
1660 1356
1661 1358
1662 1358
1663 1357
1664 1354
1665 1357
1666 1355
1667 1361
1668 1358
1669 1357
1670 1351
1671 1355
1672 1358
1673 1356
1674 1354
1675 1358
1676 1353
1677 1356
1678 1355
1679 1355
1680 1355
1681 1353
1682 1355
1683 1354
1684 1353
1685 1355
1686 1357
1687 1353
1688 1357
1689 1357
1690 1354
1691 1355
1692 1357
1693 1357
1694 1357
1695 1355
1696 1357
1697 1358
1698 1355
1699 1354
1700 1357
1701 1357
1702 1358
1703 1354
1704 1354
1705 1357
1706 1357
1707 1359
1708 1358
1709 1355
1710 1354
1711 1354
1712 1356
1713 1352
1714 1357
1715 1355
1716 1358
1717 1355
1718 1356
1719 1351
1720 1356
1721 1355
1722 1357
1723 1355
1724 1356
1725 1357
1726 1356
1727 1353
1728 1354
1729 1354
1730 1356
1731 1356
1732 1354
1733 1356
1734 1355
1735 1356
1736 1356
1737 1358
1738 1355
1739 1355
1740 1355
1741 1359
1742 1357
1743 1355
1744 1356
1745 1357
1746 1356
1747 1356
1748 1356
1749 1353
1750 1355
1751 1354
1752 1355
1753 1354
1754 1359
1755 1358
1756 1354
1757 1355
1758 1357
1759 1355
1760 1356
1761 1354
1762 1356
1763 1357
1764 1357
1765 1356
1766 1354
1767 1355
1768 1354
1769 1354
1770 1354
1771 1357
1772 1356
1773 1353
1774 1354
1775 1355
1776 1357
1777 1354
1778 1354
1779 1354
1780 1353
1781 1356
1782 1356
1783 1355
1784 1358
1785 1355
1786 1357
1787 1356
1788 1354
1789 1357
1790 1358
1791 1356
1792 1355
1793 1355
1794 1355
1795 1355
1796 1355
1797 1358
1798 1354
1799 1354
1800 1354
1801 1356
1802 1355
1803 1354
1804 1353
1805 1356
1806 1353
1807 1355
1808 1354
1809 1356
1810 1353
1811 1357
1812 1356
1813 1357
1814 1355
1815 1358
1816 1357
1817 1357
1818 1356
1819 1358
1820 1356
1821 1356
1822 1353
1823 1354
1824 1353
1825 1354
1826 1357
1827 1359
1828 1352
1829 1354
1830 1354
1831 1356
1832 1353
1833 1354
1834 1354
1835 1355
1836 1355
1837 1355
1838 1356
1839 1354
1840 1357
1841 1357
1842 1356
1843 1355
1844 1353
1845 1355
1846 1354
1847 1356
1848 1356
1849 1357
1850 1353
1851 1353
1852 1355
1853 1356
1854 1354
1855 1354
1856 1353
1857 1354
1858 1355
1859 1355
1860 1356
1861 1356
1862 1354
1863 1352
1864 1353
1865 1353
1866 1356
1867 1355
1868 1355
1869 1355
1870 1355
1871 1351
1872 1355
1873 1354
1874 1355
1875 1354
1876 1355
1877 1356
1878 1356
1879 1356
1880 1356
1881 1357
1882 1356
1883 1354
1884 1355
1885 1354
1886 1355
1887 1354
1888 1353
1889 1354
1890 1351
1891 1353
1892 1352
1893 1355
1894 1353
1895 1355
1896 1355
1897 1355
1898 1353
1899 1353
1900 1354
1901 1355
1902 1352
1903 1355
1904 1352
1905 1355
1906 1354
1907 1357
1908 1355
1909 1355
1910 1354
1911 1355
1912 1352
1913 1357
1914 1357
1915 1353
1916 1353
1917 1355
1918 1355
1919 1357
1920 1351
1921 1355
1922 1357
1923 1354
1924 1355
1925 1356
1926 1352
1927 1357
1928 1354
1929 1353
1930 1355
1931 1353
1932 1355
1933 1354
1934 1356
1935 1355
1936 1355
1937 1355
1938 1356
1939 1356
1940 1356
1941 1356
1942 1355
1943 1355
1944 1356
1945 1352
1946 1355
1947 1357
1948 1355
1949 1353
1950 1355
1951 1356
1952 1355
1953 1356
1954 1354
1955 1352
1956 1353
1957 1354
1958 1354
1959 1357
1960 1355
1961 1355
1962 1354
1963 1353
1964 1355
1965 1355
1966 1354
1967 1355
1968 1357
1969 1354
1970 1356
1971 1357
1972 1357
1973 1353
1974 1356
1975 1357
1976 1354
1977 1355
1978 1356
1979 1357
1980 1355
1981 1353
1982 1354
1983 1356
1984 1350
1985 1355
1986 1352
1987 1354
1988 1357
1989 1356
1990 1354
1991 1355
1992 1354
1993 1355
1994 1356
1995 1353
1996 1353
1997 1354
1998 1356
1999 1357
2000 1356
2001 1356
2002 1357
2003 1357
2004 1354
2005 1352
2006 1356
2007 1358
2008 1356
2009 1354
2010 1353
2011 1356
2012 1354
2013 1353
2014 1353
2015 1356
2016 1356
2017 1353
2018 1355
2019 1354
2020 1356
2021 1357
2022 1355
2023 1354
2024 1356
2025 1357
2026 1356
2027 1358
2028 1360
2029 1356
2030 1358
2031 1356
2032 1356
2033 1353
2034 1354
2035 1354
2036 1355
2037 1355
2038 1355
2039 1354
2040 1355
2041 1354
2042 1355
2043 1353
2044 1354
2045 1357
2046 1354
2047 1354
2048 1354
2049 1354
2050 1353
2051 1358
2052 1356
2053 1357
2054 1353
2055 1353
2056 1353
2057 1356
2058 1356
2059 1352
2060 1353
2061 1356
2062 1352
2063 1357
2064 1356
2065 1357
2066 1355
2067 1356
2068 1356
2069 1354
2070 1354
2071 1355
2072 1355
2073 1356
2074 1352
2075 1352
2076 1354
2077 1356
2078 1354
2079 1354
2080 1355
2081 1356
2082 1354
2083 1357
2084 1359
2085 1356
2086 1357
2087 1353
2088 1356
2089 1356
2090 1354
2091 1356
2092 1353
2093 1353
2094 1354
2095 1357
2096 1356
2097 1355
2098 1354
2099 1355
2100 1352
2101 1353
2102 1354
2103 1357
2104 1353
2105 1355
2106 1353
2107 1353
2108 1356
2109 1356
2110 1355
2111 1355
2112 1354
2113 1357
2114 1355
2115 1354
2116 1353
2117 1356
2118 1356
2119 1354
2120 1358
2121 1355
2122 1354
2123 1356
2124 1356
2125 1357
2126 1355
2127 1355
2128 1354
2129 1357
2130 1356
2131 1356
2132 1356
2133 1355
2134 1355
2135 1352
2136 1352
2137 1353
2138 1355
2139 1354
2140 1356
2141 1353
2142 1357
2143 1356
2144 1357
2145 1355
2146 1355
2147 1355
2148 1359
2149 1355
2150 1355
2151 1352
2152 1356
2153 1354
2154 1357
2155 1355
2156 1355
2157 1355
2158 1356
2159 1353
2160 1356
2161 1354
2162 1357
2163 1355
2164 1356
2165 1354
2166 1355
2167 1353
2168 1355
2169 1353
2170 1353
2171 1355
2172 1355
2173 1355
2174 1354
2175 1357
2176 1355
2177 1354
2178 1355
2179 1357
2180 1355
2181 1357
2182 1354
2183 1356
2184 1356
2185 1354
2186 1356
2187 1361
2188 1356
2189 1353
2190 1356
2191 1356
2192 1357
2193 1356
2194 1355
2195 1355
2196 1356
2197 1354
2198 1355
2199 1354
2200 1356
2201 1355
2202 1356
2203 1355
2204 1356
2205 1357
2206 1354
2207 1355
2208 1358
2209 1354
2210 1355
2211 1355
2212 1357
2213 1358
2214 1354
2215 1353
2216 1356
2217 1357
2218 1356
2219 1357
2220 1356
2221 1354
2222 1355
2223 1352
2224 1355
2225 1355
2226 1356
2227 1357
2228 1355
2229 1354
2230 1354
2231 1352
2232 1358
2233 1355
2234 1356
2235 1355
2236 1354
2237 1355
2238 1356
2239 1355
2240 1356
2241 1354
2242 1357
2243 1355
2244 1357
2245 1357
2246 1361
2247 1358
2248 1357
2249 1357
2250 1356
2251 1357
2252 1355
2253 1356
2254 1357
2255 1356
2256 1356
2257 1356
2258 1354
2259 1351
2260 1355
2261 1357
2262 1355
2263 1354
2264 1354
2265 1353
2266 1355
2267 1352
2268 1352
2269 1359
2270 1353
2271 1356
2272 1358
2273 1355
2274 1357
2275 1354
2276 1355
2277 1355
2278 1356
2279 1354
2280 1356
2281 1355
2282 1358
2283 1354
2284 1354
2285 1356
2286 1356
2287 1353
2288 1354
2289 1356
2290 1357
2291 1357
2292 1355
2293 1354
2294 1356
2295 1356
2296 1356
2297 1356
2298 1353
2299 1355
2300 1358
2301 1358
2302 1358
2303 1354
2304 1355
2305 1355
2306 1356
2307 1353
2308 1355
2309 1354
2310 1356
2311 1357
2312 1356
2313 1357
2314 1355
2315 1356
2316 1355
2317 1355
2318 1355
2319 1356
2320 1356
2321 1355
2322 1355
2323 1356
2324 1355
2325 1357
2326 1355
2327 1354
2328 1356
2329 1358
2330 1354
2331 1355
2332 1355
2333 1356
2334 1355
2335 1355
2336 1354
2337 1353
2338 1355
2339 1356
2340 1357
2341 1355
2342 1357
2343 1355
2344 1355
2345 1353
2346 1354
2347 1353
2348 1356
2349 1354
2350 1355
2351 1356
2352 1357
2353 1355
2354 1354
2355 1354
2356 1355
2357 1356
2358 1356
2359 1354
2360 1356
2361 1356
2362 1354
2363 1352
2364 1353
2365 1353
2366 1358
2367 1358
2368 1356
2369 1355
2370 1356
2371 1357
2372 1358
2373 1357
2374 1355
2375 1355
2376 1356
2377 1357
2378 1356
2379 1356
2380 1356
2381 1356
2382 1356
2383 1358
2384 1358
2385 1357
2386 1354
2387 1354
2388 1357
2389 1357
2390 1354
2391 1350
2392 1354
2393 1356
2394 1356
2395 1354
2396 1356
2397 1354
2398 1356
2399 1357
2400 1355
2401 1357
2402 1356
2403 1355
2404 1354
2405 1354
2406 1356
2407 1357
2408 1357
2409 1356
2410 1358
2411 1353
2412 1355
2413 1356
2414 1354
2415 1354
2416 1357
2417 1356
2418 1357
2419 1354
2420 1355
2421 1356
2422 1355
2423 1354
2424 1354
2425 1358
2426 1356
2427 1357
2428 1356
2429 1354
2430 1354
2431 1355
2432 1357
2433 1354
2434 1356
2435 1358
2436 1356
2437 1355
2438 1354
2439 1354
2440 1355
2441 1355
2442 1356
2443 1356
2444 1357
2445 1353
2446 1354
2447 1356
2448 1353
2449 1354
2450 1354
2451 1357
2452 1354
2453 1357
2454 1354
2455 1357
2456 1356
2457 1356
2458 1355
2459 1357
2460 1354
2461 1354
2462 1356
2463 1357
2464 1357
2465 1358
2466 1355
2467 1357
2468 1356
2469 1356
2470 1356
2471 1357
2472 1353
2473 1354
2474 1353
2475 1354
2476 1357
2477 1356
2478 1357
2479 1356
2480 1357
2481 1356
2482 1357
2483 1356
2484 1354
2485 1358
2486 1356
2487 1356
2488 1356
2489 1357
2490 1356
2491 1357
2492 1356
2493 1357
2494 1357
2495 1354
2496 1354
2497 1355
2498 1358
2499 1354
2500 1356
2501 1356
2502 1355
2503 1355
2504 1354
2505 1353
2506 1354
2507 1357
2508 1356
2509 1359
2510 1356
2511 1355
2512 1359
2513 1354
2514 1358
2515 1357
2516 1358
2517 1356
2518 1358
2519 1355
2520 1356
2521 1357
2522 1356
2523 1357
2524 1355
2525 1356
2526 1353
2527 1356
2528 1358
2529 1355
2530 1355
2531 1357
2532 1355
2533 1354
2534 1353
2535 1356
2536 1357
2537 1356
2538 1357
2539 1354
2540 1356
2541 1357
2542 1359
2543 1357
2544 1355
2545 1356
2546 1355
2547 1357
2548 1355
2549 1355
2550 1354
2551 1355
2552 1354
2553 1355
2554 1354
2555 1355
2556 1352
2557 1355
2558 1358
2559 1357
2560 1356
2561 1354
2562 1356
2563 1355
2564 1360
2565 1356
2566 1355
2567 1355
2568 1354
2569 1353
2570 1354
2571 1357
2572 1355
2573 1356
2574 1355
2575 1355
2576 1354
2577 1358
2578 1358
2579 1358
2580 1357
2581 1357
2582 1357
2583 1355
2584 1357
2585 1355
2586 1356
2587 1356
2588 1356
2589 1358
2590 1358
2591 1353
2592 1353
2593 1358
2594 1357
2595 1356
2596 1355
2597 1354
2598 1353
2599 1351
2600 1355
2601 1359
2602 1357
2603 1356
2604 1355
2605 1353
2606 1355
2607 1357
2608 1355
2609 1354
2610 1356
2611 1355
2612 1356
2613 1356
2614 1355
2615 1355
2616 1356
2617 1353
2618 1356
2619 1353
2620 1354
2621 1355
2622 1357
2623 1355
2624 1357
2625 1354
2626 1354
2627 1356
2628 1356
2629 1357
2630 1356
2631 1355
2632 1355
2633 1356
2634 1357
2635 1355
2636 1356
2637 1357
2638 1356
2639 1356
2640 1356
2641 1355
2642 1357
2643 1355
2644 1355
2645 1355
2646 1355
2647 1356
2648 1356
2649 1355
2650 1353
2651 1357
2652 1355
2653 1357
2654 1355
2655 1354
2656 1356
2657 1358
2658 1356
2659 1357
2660 1355
2661 1355
2662 1357
2663 1355
2664 1357
2665 1356
2666 1357
2667 1357
2668 1357
2669 1357
2670 1355
2671 1358
2672 1357
2673 1357
2674 1357
2675 1354
2676 1357
2677 1353
2678 1357
2679 1357
2680 1355
2681 1357
2682 1353
2683 1358
2684 1357
2685 1354
2686 1355
2687 1355
2688 1353
2689 1356
2690 1356
2691 1355
2692 1354
2693 1355
2694 1353
2695 1354
2696 1355
2697 1353
2698 1354
2699 1356
2700 1355
2701 1357
2702 1360
2703 1356
2704 1356
2705 1357
2706 1357
2707 1355
2708 1354
2709 1358
2710 1355
2711 1356
2712 1354
2713 1354
2714 1356
2715 1356
2716 1356
2717 1354
2718 1355
2719 1356
2720 1356
2721 1357
2722 1355
2723 1355
2724 1356
2725 1354
2726 1355
2727 1356
2728 1357
2729 1354
2730 1356
2731 1357
2732 1355
2733 1357
2734 1353
2735 1355
2736 1356
2737 1353
2738 1354
2739 1353
2740 1356
2741 1359
2742 1358
2743 1357
2744 1356
2745 1356
2746 1356
2747 1354
2748 1353
2749 1356
2750 1355
2751 1354
2752 1357
2753 1357
2754 1356
2755 1354
2756 1355
2757 1353
2758 1356
2759 1357
2760 1357
2761 1358
2762 1356
2763 1357
2764 1354
2765 1356
2766 1357
2767 1357
2768 1356
2769 1354
2770 1355
2771 1354
2772 1350
2773 1354
2774 1356
2775 1356
2776 1356
2777 1355
2778 1354
2779 1351
2780 1356
2781 1353
2782 1354
2783 1354
2784 1353
2785 1357
2786 1355
2787 1354
2788 1353
2789 1358
2790 1353
2791 1355
2792 1356
2793 1357
2794 1356
2795 1358
2796 1355
2797 1354
2798 1354
2799 1356
2800 1354
2801 1355
2802 1356
2803 1354
2804 1354
2805 1359
2806 1357
2807 1356
2808 1354
2809 1355
2810 1356
2811 1353
2812 1357
2813 1355
2814 1355
2815 1355
2816 1353
2817 1356
2818 1353
2819 1355
2820 1354
2821 1355
2822 1356
2823 1354
2824 1353
2825 1356
2826 1357
2827 1357
2828 1357
2829 1356
2830 1355
2831 1357
2832 1356
2833 1357
2834 1359
2835 1355
2836 1354
2837 1354
2838 1356
2839 1354
2840 1354
2841 1354
2842 1356
2843 1353
2844 1355
2845 1356
2846 1355
2847 1356
2848 1355
2849 1356
2850 1359
2851 1356
2852 1354
2853 1357
2854 1356
2855 1357
2856 1354
2857 1353
2858 1356
2859 1358
2860 1356
2861 1355
2862 1352
2863 1356
2864 1357
2865 1353
2866 1355
2867 1357
2868 1356
2869 1354
2870 1352
2871 1355
2872 1356
2873 1355
2874 1355
2875 1356
2876 1355
2877 1353
2878 1352
2879 1356
2880 1357
2881 1354
2882 1355
2883 1355
2884 1356
2885 1356
2886 1355
2887 1356
2888 1356
2889 1355
2890 1354
2891 1356
2892 1355
2893 1357
2894 1356
2895 1353
2896 1356
2897 1355
2898 1356
2899 1354
2900 1353
2901 1354
2902 1356
2903 1355
2904 1355
2905 1355
2906 1355
2907 1354
2908 1356
2909 1353
2910 1352
2911 1354
2912 1356
2913 1356
2914 1357
2915 1353
2916 1353
2917 1357
2918 1353
2919 1356
2920 1355
2921 1356
2922 1355
2923 1357
2924 1355
2925 1356
2926 1356
2927 1357
2928 1354
2929 1355
2930 1355
2931 1353
2932 1355
2933 1357
2934 1355
2935 1355
2936 1360
2937 1356
2938 1354
2939 1357
2940 1356
2941 1356
2942 1357
2943 1356
2944 1353
2945 1353
2946 1355
2947 1357
2948 1354
2949 1356
2950 1354
2951 1357
2952 1355
2953 1357
2954 1353
2955 1355
2956 1354
2957 1355
2958 1356
2959 1356
2960 1355
2961 1356
2962 1356
2963 1355
2964 1354
2965 1356
2966 1356
2967 1357
2968 1358
2969 1357
2970 1356
2971 1356
2972 1354
2973 1354
2974 1355
2975 1358
2976 1356
2977 1356
2978 1356
2979 1354
2980 1358
2981 1357
2982 1356
2983 1355
2984 1355
2985 1357
2986 1357
2987 1357
2988 1356
2989 1355
2990 1356
2991 1356
2992 1357
2993 1355
2994 1356
2995 1357
2996 1355
2997 1355
2998 1355
2999 1357
3000 1352
3001 1354
3002 1355
3003 1355
3004 1357
3005 1357
3006 1356
3007 1356
3008 1353
3009 1355
3010 1356
3011 1355
3012 1356
3013 1356
3014 1354
3015 1356
3016 1355
3017 1356
3018 1356
3019 1353
3020 1356
3021 1353
3022 1354
3023 1351
3024 1352
3025 1356
3026 1354
3027 1356
3028 1355
3029 1356
3030 1356
3031 1355
3032 1355
3033 1356
3034 1352
3035 1355
3036 1356
3037 1355
3038 1353
3039 1358
3040 1354
3041 1357
3042 1355
3043 1353
3044 1353
3045 1355
3046 1355
3047 1354
3048 1354
3049 1354
3050 1357
3051 1356
3052 1355
3053 1356
3054 1356
3055 1353
3056 1351
3057 1354
3058 1357
3059 1357
3060 1358
3061 1359
3062 1355
3063 1356
3064 1356
3065 1353
3066 1353
3067 1355
3068 1355
3069 1353
3070 1354
3071 1357
3072 1354
3073 1353
3074 1356
3075 1355
3076 1357
3077 1356
3078 1354
3079 1357
3080 1359
3081 1357
3082 1355
3083 1354
3084 1356
3085 1354
3086 1358
3087 1358
3088 1355
3089 1355
3090 1355
3091 1356
3092 1357
3093 1356
3094 1354
3095 1356
3096 1355
3097 1356
3098 1354
3099 1355
3100 1358
3101 1354
3102 1356
3103 1359
3104 1355
3105 1354
3106 1354
3107 1353
3108 1358
3109 1355
3110 1354
3111 1356
3112 1355
3113 1356
3114 1353
3115 1352
3116 1355
3117 1355
3118 1355
3119 1358
3120 1356
3121 1354
3122 1356
3123 1350
3124 1353
3125 1355
3126 1356
3127 1358
3128 1353
3129 1355
3130 1355
3131 1354
3132 1352
3133 1355
3134 1356
3135 1353
3136 1355
3137 1356
3138 1355
3139 1352
3140 1356
3141 1357
3142 1355
3143 1356
3144 1354
3145 1355
3146 1354
3147 1354
3148 1355
3149 1355
3150 1356
3151 1355
3152 1354
3153 1357
3154 1356
3155 1356
3156 1355
3157 1355
3158 1357
3159 1356
3160 1352
3161 1355
3162 1356
3163 1358
3164 1356
3165 1357
3166 1356
3167 1353
3168 1357
3169 1353
3170 1354
3171 1355
3172 1357
3173 1354
3174 1355
3175 1355
3176 1356
3177 1355
3178 1354
3179 1353
3180 1353
3181 1357
3182 1354
3183 1355
3184 1353
3185 1358
3186 1355
3187 1355
3188 1356
3189 1356
3190 1356
3191 1357
3192 1358
3193 1354
3194 1357
3195 1355
3196 1356
3197 1354
3198 1354
3199 1356
3200 1353
3201 1355
3202 1355
3203 1357
3204 1356
3205 1354
3206 1354
3207 1353
3208 1355
3209 1354
3210 1355
3211 1355
3212 1356
3213 1354
3214 1355
3215 1354
3216 1356
3217 1357
3218 1355
3219 1357
3220 1358
3221 1357
3222 1359
3223 1357
3224 1354
3225 1354
3226 1356
3227 1354
3228 1354
3229 1354
3230 1356
3231 1357
3232 1355
3233 1354
3234 1354
3235 1357
3236 1354
3237 1356
3238 1354
3239 1356
3240 1354
3241 1356
3242 1354
3243 1352
3244 1353
3245 1354
3246 1355
3247 1355
3248 1356
3249 1356
3250 1355
3251 1355
3252 1356
3253 1355
3254 1356
3255 1357
3256 1355
3257 1354
3258 1355
3259 1356
3260 1353
3261 1355
3262 1355
3263 1352
3264 1352
3265 1354
3266 1356
3267 1358
3268 1352
3269 1356
3270 1354
3271 1355
3272 1354
3273 1353
3274 1354
3275 1357
3276 1356
3277 1354
3278 1355
3279 1354
3280 1353
3281 1357
3282 1353
3283 1354
3284 1354
3285 1355
3286 1355
3287 1356
3288 1356
3289 1354
3290 1357
3291 1354
3292 1354
3293 1355
3294 1356
3295 1353
3296 1356
3297 1353
3298 1354
3299 1353
3300 1355
3301 1357
3302 1356
3303 1353
3304 1358
3305 1354
3306 1357
3307 1355
3308 1355
3309 1353
3310 1354
3311 1356
3312 1353
3313 1357
3314 1355
3315 1356
3316 1356
3317 1353
3318 1355
3319 1355
3320 1356
3321 1356
3322 1353
3323 1353
3324 1356
3325 1355
3326 1354
3327 1356
3328 1355
3329 1356
3330 1355
3331 1352
3332 1353
3333 1355
3334 1354
3335 1357
3336 1356
3337 1354
3338 1350
3339 1352
3340 1354
3341 1355
3342 1356
3343 1355
3344 1356
3345 1357
3346 1355
3347 1358
3348 1354
3349 1356
3350 1356
3351 1352
3352 1353
3353 1352
3354 1355
3355 1356
3356 1356
3357 1357
3358 1354
3359 1356
3360 1358
3361 1355
3362 1355
3363 1356
3364 1355
3365 1355
3366 1356
3367 1356
3368 1357
3369 1356
3370 1357
3371 1354
3372 1356
3373 1354
3374 1355
3375 1358
3376 1356
3377 1356
3378 1357
3379 1355
3380 1356
3381 1354
3382 1355
3383 1357
3384 1356
3385 1355
3386 1357
3387 1357
3388 1355
3389 1357
3390 1354
3391 1357
3392 1356
3393 1355
3394 1355
3395 1355
3396 1352
3397 1353
3398 1356
3399 1355
3400 1355
3401 1355
3402 1355
3403 1356
3404 1355
3405 1358
3406 1355
3407 1355
3408 1354
3409 1354
3410 1356
3411 1356
3412 1357
3413 1356
3414 1358
3415 1354
3416 1355
3417 1355
3418 1354
3419 1356
3420 1353
3421 1355
3422 1354
3423 1356
3424 1357
3425 1356
3426 1355
3427 1352
3428 1353
3429 1357
3430 1360
3431 1357
3432 1355
3433 1355
3434 1356
3435 1357
3436 1358
3437 1357
3438 1355
3439 1353
3440 1356
3441 1356
3442 1358
3443 1353
3444 1356
3445 1355
3446 1358
3447 1353
3448 1351
3449 1350
3450 1357
3451 1356
3452 1353
3453 1355
3454 1358
3455 1354
3456 1356
3457 1354
3458 1354
3459 1356
3460 1354
3461 1355
3462 1353
3463 1354
3464 1354
3465 1359
3466 1356
3467 1356
3468 1354
3469 1352
3470 1353
3471 1354
3472 1354
3473 1353
3474 1355
3475 1355
3476 1356
3477 1355
3478 1356
3479 1356
3480 1356
3481 1355
3482 1355
3483 1354
3484 1355
3485 1355
3486 1356
3487 1355
3488 1356
3489 1356
3490 1354
3491 1355
3492 1356
3493 1355
3494 1353
3495 1355
3496 1356
3497 1356
3498 1354
3499 1357
3500 1357
3501 1357
3502 1354
3503 1357
3504 1356
3505 1357
3506 1355
3507 1355
3508 1355
3509 1355
3510 1357
3511 1353
3512 1354
3513 1355
3514 1355
3515 1355
3516 1356
3517 1358
3518 1357
3519 1357
3520 1356
3521 1357
3522 1354
3523 1353
3524 1355
3525 1355
3526 1354
3527 1354
3528 1354
3529 1354
3530 1357
3531 1355
3532 1356
3533 1353
3534 1352
3535 1356
3536 1355
3537 1353
3538 1353
3539 1353
3540 1356
3541 1355
3542 1357
3543 1356
3544 1354
3545 1358
3546 1354
3547 1355
3548 1356
3549 1357
3550 1356
3551 1354
3552 1357
3553 1356
3554 1356
3555 1357
3556 1355
3557 1355
3558 1356
3559 1357
3560 1353
3561 1357
3562 1356
3563 1357
3564 1356
3565 1354
3566 1355
3567 1354
3568 1357
3569 1355
3570 1354
3571 1353
3572 1352
3573 1355
3574 1356
3575 1355
3576 1356
3577 1355
3578 1356
3579 1356
3580 1356
3581 1356
3582 1356
3583 1355
3584 1358
3585 1357
3586 1356
3587 1357
3588 1356
3589 1357
3590 1358
3591 1352
3592 1357
3593 1352
3594 1353
3595 1357
3596 1357
3597 1353
3598 1355
3599 1355
3600 1354
3601 1356
3602 1354
3603 1354
3604 1354
3605 1355
3606 1357
3607 1355
3608 1356
3609 1354
3610 1356
3611 1353
3612 1356
3613 1352
3614 1357
3615 1354
3616 1356
3617 1357
3618 1358
3619 1356
3620 1356
3621 1357
3622 1356
3623 1355
3624 1356
3625 1355
3626 1355
3627 1356
3628 1356
3629 1354
3630 1357
3631 1355
3632 1356
3633 1357
3634 1354
3635 1354
3636 1354
3637 1356
3638 1354
3639 1353
3640 1355
3641 1353
3642 1355
3643 1353
3644 1356
3645 1357
3646 1356
3647 1354
3648 1357
3649 1354
3650 1355
3651 1356
3652 1355
3653 1355
3654 1352
3655 1351
3656 1355
3657 1355
3658 1355
3659 1352
3660 1354
3661 1352
3662 1356
3663 1352
3664 1355
3665 1355
3666 1354
3667 1353
3668 1353
3669 1353
3670 1352
3671 1356
3672 1355
3673 1353
3674 1354
3675 1353
3676 1356
3677 1353
3678 1357
3679 1355
3680 1356
3681 1356
3682 1355
3683 1355
3684 1356
3685 1356
3686 1353
3687 1352
3688 1353
3689 1353
3690 1353
3691 1354
3692 1355
3693 1355
3694 1354
3695 1354
3696 1353
3697 1352
3698 1355
3699 1356
3700 1356
3701 1354
3702 1355
3703 1357
3704 1358
3705 1357
3706 1357
3707 1357
3708 1357
3709 1353
3710 1355
3711 1356
3712 1356
3713 1357
3714 1356
3715 1357
3716 1356
3717 1356
3718 1354
3719 1355
3720 1356
3721 1355
3722 1356
3723 1356
3724 1354
3725 1355
3726 1356
3727 1355
3728 1354
3729 1356
3730 1355
3731 1355
3732 1353
3733 1355
3734 1355
3735 1355
3736 1357
3737 1354
3738 1356
3739 1355
3740 1354
3741 1354
3742 1355
3743 1353
3744 1354
3745 1357
3746 1358
3747 1358
3748 1356
3749 1357
3750 1357
3751 1356
3752 1356
3753 1355
3754 1356
3755 1355
3756 1354
3757 1351
3758 1356
3759 1358
3760 1355
3761 1354
3762 1355
3763 1352
3764 1354
3765 1352
3766 1355
3767 1356
3768 1356
3769 1352
3770 1356
3771 1355
3772 1355
3773 1356
3774 1355
3775 1354
3776 1353
3777 1355
3778 1354
3779 1354
3780 1354
3781 1355
3782 1355
3783 1353
3784 1356
3785 1357
3786 1354
3787 1352
3788 1355
3789 1354
3790 1355
3791 1357
3792 1354
3793 1356
3794 1356
3795 1356
3796 1356
3797 1354
3798 1356
3799 1356
3800 1355
3801 1353
3802 1356
3803 1357
3804 1358
3805 1357
3806 1358
3807 1356
3808 1354
3809 1355
3810 1355
3811 1358
3812 1354
3813 1354
3814 1356
3815 1356
3816 1355
3817 1358
3818 1357
3819 1355
3820 1356
3821 1356
3822 1355
3823 1355
3824 1355
3825 1356
3826 1356
3827 1354
3828 1355
3829 1357
3830 1355
3831 1356
3832 1355
3833 1355
3834 1357
3835 1359
3836 1357
3837 1358
3838 1356
3839 1357
3840 1356
3841 1355
3842 1357
3843 1355
3844 1355
3845 1357
3846 1356
3847 1354
3848 1356
3849 1356
3850 1356
3851 1355
3852 1359
3853 1358
3854 1357
3855 1353
3856 1358
3857 1355
3858 1357
3859 1357
3860 1354
3861 1353
3862 1354
3863 1356
3864 1357
3865 1357
3866 1356
3867 1354
3868 1356
3869 1358
3870 1356
3871 1359
3872 1355
3873 1357
3874 1356
3875 1353
3876 1356
3877 1354
3878 1355
3879 1356
3880 1353
3881 1353
3882 1353
3883 1353
3884 1354
3885 1353
3886 1352
3887 1355
3888 1357
3889 1357
3890 1355
3891 1353
3892 1356
3893 1354
3894 1357
3895 1353
3896 1355
3897 1353
3898 1356
3899 1356
3900 1355
3901 1352
3902 1356
3903 1356
3904 1354
3905 1353
3906 1354
3907 1356
3908 1355
3909 1353
3910 1355
3911 1355
3912 1354
3913 1357
3914 1356
3915 1354
3916 1355
3917 1355
3918 1356
3919 1353
3920 1354
3921 1356
3922 1355
3923 1355
3924 1357
3925 1355
3926 1355
3927 1354
3928 1355
3929 1355
3930 1355
3931 1357
3932 1354
3933 1355
3934 1354
3935 1358
3936 1353
3937 1355
3938 1352
3939 1353
3940 1354
3941 1353
3942 1352
3943 1353
3944 1355
3945 1358
3946 1355
3947 1355
3948 1353
3949 1357
3950 1355
3951 1357
3952 1353
3953 1355
3954 1358
3955 1355
3956 1356
3957 1355
3958 1356
3959 1355
3960 1356
3961 1354
3962 1355
3963 1353
3964 1355
3965 1353
3966 1354
3967 1352
3968 1355
3969 1355
3970 1355
3971 1352
3972 1354
3973 1355
3974 1355
3975 1355
3976 1354
3977 1353
3978 1354
3979 1354
3980 1356
3981 1354
3982 1357
3983 1354
3984 1355
3985 1354
3986 1354
3987 1356
3988 1353
3989 1355
3990 1354
3991 1357
3992 1354
3993 1356
3994 1355
3995 1355
3996 1356
3997 1355
3998 1354
3999 1355
