0 1355
1 1359
2 1355
3 1357
4 1356
5 1356
6 1359
7 1359
8 1356
9 1356
10 1355
11 1359
12 1354
13 1355
14 1357
15 1360
16 1356
17 1355
18 1356
19 1357
20 1356
21 1358
22 1359
23 1356
24 1357
25 1356
26 1356
27 1354
28 1356
29 1357
30 1357
31 1359
32 1356
33 1355
34 1357
35 1358
36 1356
37 1360
38 1354
39 1356
40 1354
41 1354
42 1356
43 1358
44 1355
45 1358
46 1356
47 1357
48 1358
49 1355
50 1356
51 1358
52 1357
53 1359
54 1356
55 1356
56 1355
57 1359
58 1354
59 1357
60 1354
61 1359
62 1358
63 1356
64 1355
65 1355
66 1354
67 1359
68 1359
69 1357
70 1358
71 1356
72 1357
73 1358
74 1356
75 1357
76 1356
77 1356
78 1356
79 1358
80 1358
81 1361
82 1356
83 1359
84 1354
85 1357
86 1358
87 1357
88 1358
89 1356
90 1355
91 1357
92 1356
93 1360
94 1355
95 1356
96 1355
97 1357
98 1355
99 1357
100 1356
101 1360
102 1357
103 1357
104 1356
105 1356
106 1358
107 1358
108 1357
109 1357
110 1356
111 1357
112 1353
113 1357
114 1355
115 1360
116 1357
117 1357
118 1355
119 1356
120 1356
121 1358
122 1356
123 1358
124 1355
125 1357
126 1355
127 1356
128 1355
129 1358
130 1359
131 1362
132 1355
133 1356
134 1356
135 1356
136 1358
137 1360
138 1356
139 1358
140 1357
141 1358
142 1354
143 1358
144 1356
145 1355
146 1358
147 1355
148 1359
149 1359
150 1356
151 1357
152 1356
153 1355
154 1356
155 1358
156 1362
157 1362
158 1357
159 1352
160 1354
161 1359
162 1357
163 1355
164 1357
165 1357
166 1356
167 1356
168 1353
169 1357
170 1356
171 1359
172 1358
173 1356
174 1356
175 1355
176 1357
177 1361
178 1361
179 1353
180 1353
181 1356
182 1359
183 1356
184 1353
185 1357
186 1357
187 1357
188 1356
189 1359
190 1358
191 1359
192 1356
193 1353
194 1356
195 1357
196 1357
197 1354
198 1358
199 1358
200 1355
201 1357
202 1358
203 1358
204 1359
205 1357
206 1356
207 1357
208 1355
209 1358
210 1358
211 1357
212 1357
213 1357
214 1355
215 1358
216 1354
217 1356
218 1356
219 1357
220 1357
221 1355
222 1359
223 1357
224 1357
225 1357
226 1357
227 1358
228 1356
229 1358
230 1356
231 1357
232 1355
233 1355
234 1356
235 1361
236 1356
237 1356
238 1355
239 1355
240 1358
241 1357
242 1357
243 1358
244 1357
245 1358
246 1356
247 1357
248 1355
249 1356
250 1356
251 1355
252 1355
253 1355
254 1357
255 1357
256 1358
257 1357
258 1357
259 1356
260 1358
261 1358
262 1358
263 1357
264 1358
265 1357
266 1357
267 1359
268 1358
269 1356
270 1356
271 1361
272 1355
273 1357
274 1354
275 1358
276 1356
277 1356
278 1356
279 1359
280 1356
281 1355
282 1354
283 1356
284 1356
285 1357
286 1355
287 1360
288 1356
289 1355
290 1357
291 1357
292 1357
293 1356
294 1354
295 1357
296 1356
297 1359
298 1358
299 1356
300 1356
301 1358
302 1357
303 1358
304 1356
305 1360
306 1356
307 1357
308 1357
309 1357
310 1358
311 1357
312 1356
313 1355
314 1355
315 1356
316 1356
317 1361
318 1356
319 1357
320 1355
321 1357
322 1359
323 1359
324 1358
325 1356
326 1355
327 1357
328 1356
329 1359
330 1356
331 1360
332 1358
333 1355
334 1352
335 1358
336 1360
337 1359
338 1358
339 1356
340 1355
341 1358
342 1356
343 1355
344 1354
345 1356
346 1359
347 1357
348 1356
349 1357
350 1356
351 1356
352 1356
353 1357
354 1355
355 1358
356 1353
357 1360
358 1359
359 1358
360 1353
361 1359
362 1357
363 1358
364 1356
365 1357
366 1356
367 1357
368 1357
369 1357
370 1357
371 1357
372 1357
373 1356
374 1356
375 1356
376 1357
377 1354
378 1356
379 1358
380 1356
381 1358
382 1355
383 1357
384 1357
385 1359
386 1356
387 1360
388 1356
389 1360
390 1358
391 1359
392 1358
393 1357
394 1359
395 1357
396 1358
397 1358
398 1357
399 1359
400 1356
401 1357
402 1357
403 1357
404 1355
405 1356
406 1356
407 1356
408 1357
409 1355
410 1357
411 1356
412 1357
413 1357
414 1358
415 1355
416 1358
417 1360
418 1357
419 1354
420 1356
421 1354
422 1357
423 1354
424 1357
425 1354
426 1360
427 1357
428 1356
429 1354
430 1355
431 1355
432 1357
433 1356
434 1359
435 1357
436 1357
437 1354
438 1356
439 1354
440 1354
441 1355
442 1357
443 1357
444 1357
445 1357
446 1358
447 1356
448 1358
449 1357
450 1359
451 1358
452 1354
453 1356
454 1357
455 1358
456 1358
457 1357
458 1357
459 1357
460 1356
461 1355
462 1358
463 1355
464 1359
465 1357
466 1357
467 1356
468 1355
469 1356
470 1359
471 1360
472 1357
473 1357
474 1355
475 1357
476 1358
477 1357
478 1354
479 1357
480 1356
481 1357
482 1358
483 1357
484 1356
485 1356
486 1355
487 1358
488 1357
489 1359
490 1357
491 1356
492 1358
493 1357
494 1357
495 1357
496 1358
497 1356
498 1358
499 1356
500 1357
501 1356
502 1357
503 1357
504 1358
505 1356
506 1360
507 1357
508 1357
509 1358
510 1357
511 1358
512 1358
513 1358
514 1355
515 1356
516 1360
517 1365
518 1357
519 1355
520 1358
521 1358
522 1358
523 1355
524 1359
525 1357
526 1360
527 1357
528 1360
529 1359
530 1358
531 1356
532 1358
533 1359
534 1362
535 1366
536 1365
537 1376
538 1382
539 1388
540 1400
541 1414
542 1436
543 1452
544 1468
545 1481
546 1501
547 1515
548 1531
549 1539
550 1553
551 1564
552 1575
553 1577
554 1583
555 1586
556 1594
557 1590
558 1585
559 1577
560 1578
561 1573
562 1568
563 1556
564 1548
565 1542
566 1539
567 1529
568 1525
569 1520
570 1511
571 1502
572 1495
573 1491
574 1486
575 1481
576 1472
577 1467
578 1460
579 1453
580 1449
581 1440
582 1435
583 1430
584 1423
585 1419
586 1411
587 1408
588 1404
589 1403
590 1395
591 1394
592 1390
593 1392
594 1388
595 1389
596 1383
597 1383
598 1380
599 1379
600 1379
601 1377
602 1373
603 1375
604 1372
605 1371
606 1372
607 1374
608 1369
609 1372
610 1374
611 1373
612 1371
613 1367
614 1365
615 1367
616 1362
617 1365
618 1363
619 1364
620 1364
621 1365
622 1363
623 1365
624 1361
625 1362
626 1362
627 1364
628 1360
629 1357
630 1357
631 1362
632 1360
633 1362
634 1360
635 1358
636 1357
637 1359
638 1359
639 1361
640 1361
641 1358
642 1357
643 1361
644 1358
645 1359
646 1360
647 1362
648 1358
649 1358
650 1359
651 1359
652 1355
653 1361
654 1354
655 1358
656 1359
657 1360
658 1357
659 1361
660 1358
661 1360
662 1357
663 1359
664 1354
665 1358
666 1358
667 1359
668 1359
669 1359
670 1356
671 1361
672 1358
673 1362
674 1356
675 1358
676 1358
677 1361
678 1358
679 1358
680 1359
681 1359
682 1358
683 1357
684 1355
685 1356
686 1357
687 1356
688 1357
689 1359
690 1357
691 1359
692 1358
693 1359
694 1358
695 1357
696 1358
697 1360
698 1355
699 1354
700 1356
701 1361
702 1360
703 1357
704 1357
705 1357
706 1357
707 1363
708 1356
709 1356
710 1357
711 1360
712 1359
713 1358
714 1356
715 1357
716 1357
717 1363
718 1360
719 1358
720 1357
721 1360
722 1361
723 1358
724 1355
725 1358
726 1356
727 1358
728 1356
729 1357
730 1358
731 1359
732 1358
733 1357
734 1356
735 1359
736 1359
737 1360
738 1359
739 1357
740 1357
741 1360
742 1358
743 1358
744 1357
745 1357
746 1356
747 1359
748 1357
749 1358
750 1358
751 1360
752 1357
753 1356
754 1356
755 1357
756 1357
757 1355
758 1357
759 1358
760 1360
761 1358
762 1355
763 1357
764 1356
765 1358
766 1359
767 1358
768 1355
769 1356
770 1357
771 1359
772 1357
773 1355
774 1358
775 1356
776 1356
777 1357
778 1356
779 1357
780 1356
781 1357
782 1356
783 1359
784 1357
785 1357
786 1355
787 1357
788 1356
789 1357
790 1360
791 1357
792 1359
793 1358
794 1357
795 1358
796 1358
797 1356
798 1355
799 1357
800 1356
801 1359
802 1359
803 1358
804 1353
805 1357
806 1357
807 1357
808 1357
809 1357
810 1355
811 1359
812 1359
813 1357
814 1356
815 1359
816 1359
817 1359
818 1356
819 1356
820 1355
821 1358
822 1356
823 1357
824 1358
825 1361
826 1357
827 1363
828 1358
829 1356
830 1357
831 1358
832 1356
833 1357
834 1356
835 1358
836 1358
837 1356
838 1355
839 1355
840 1355
841 1357
842 1355
843 1357
844 1355
845 1357
846 1358
847 1357
848 1357
849 1357
850 1355
851 1357
852 1356
853 1357
854 1358
855 1359
856 1356
857 1360
858 1358
859 1359
860 1357
861 1359
862 1356
863 1358
864 1356
865 1358
866 1357
867 1360
868 1358
869 1358
870 1356
871 1357
872 1354
873 1357
874 1356
875 1357
876 1356
877 1361
878 1358
879 1356
880 1354
881 1359
882 1358
883 1356
884 1354
885 1356
886 1357
887 1357
888 1357
889 1358
890 1357
891 1359
892 1358
893 1357
894 1356
895 1357
896 1355
897 1358
898 1360
899 1360
900 1358
901 1357
902 1359
903 1358
904 1358
905 1357
906 1358
907 1358
908 1359
909 1357
910 1353
911 1358
912 1356
913 1358
914 1356
915 1358
916 1358
917 1357
918 1354
919 1356
920 1357
921 1356
922 1358
923 1359
924 1356
925 1356
926 1356
927 1356
928 1358
929 1357
930 1356
931 1359
932 1360
933 1359
934 1355
935 1356
936 1356
937 1356
938 1356
939 1358
940 1356
941 1358
942 1356
943 1357
944 1357
945 1359
946 1359
947 1360
948 1357
949 1359
950 1355
951 1358
952 1356
953 1359
954 1356
955 1357
956 1354
957 1355
958 1356
959 1358
960 1353
961 1356
962 1355
963 1357
964 1359
965 1357
966 1358
967 1357
968 1358
969 1357
970 1356
971 1356
972 1358
973 1358
974 1356
975 1357
976 1356
977 1355
978 1356
979 1357
980 1358
981 1357
982 1355
983 1359
984 1357
985 1357
986 1358
987 1358
988 1357
989 1358
990 1355
991 1355
992 1358
993 1359
994 1358
995 1356
996 1354
997 1359
998 1360
999 1355
1000 1358
1001 1355
1002 1357
1003 1356
1004 1357
1005 1357
1006 1356
1007 1358
1008 1357
1009 1360
1010 1356
1011 1357
1012 1359
1013 1356
1014 1358
1015 1360
1016 1359
1017 1358
1018 1355
1019 1357
1020 1356
1021 1357
1022 1356
1023 1356
1024 1356
1025 1357
1026 1358
1027 1355
1028 1356
1029 1360
1030 1358
1031 1359
1032 1356
1033 1360
1034 1358
1035 1358
1036 1355
1037 1355
1038 1357
1039 1356
1040 1353
1041 1357
1042 1355
1043 1355
1044 1357
1045 1353
1046 1355
1047 1357
1048 1355
1049 1357
1050 1358
1051 1357
1052 1356
1053 1357
1054 1357
1055 1354
1056 1359
1057 1359
1058 1357
1059 1357
1060 1356
1061 1358
1062 1357
1063 1358
1064 1356
1065 1357
1066 1358
1067 1356
1068 1358
1069 1357
1070 1358
1071 1357
1072 1358
1073 1358
1074 1356
1075 1358
1076 1358
1077 1355
1078 1357
1079 1354
1080 1357
1081 1355
1082 1357
1083 1356
1084 1356
1085 1357
1086 1356
1087 1355
1088 1357
1089 1355
1090 1358
1091 1358
1092 1357
1093 1358
1094 1355
1095 1357
1096 1357
1097 1358
1098 1357
1099 1358
1100 1356
1101 1358
1102 1356
1103 1359
1104 1356
1105 1357
1106 1357
1107 1355
1108 1358
1109 1354
1110 1355
1111 1359
1112 1356
1113 1357
1114 1358
1115 1357
1116 1357
1117 1358
1118 1356
1119 1358
1120 1358
1121 1358
1122 1358
1123 1358
1124 1357
1125 1359
1126 1356
1127 1360
1128 1356
1129 1359
1130 1358
1131 1357
1132 1357
1133 1358
1134 1356
1135 1356
1136 1356
1137 1359
1138 1356
1139 1357
1140 1356
1141 1358
1142 1357
1143 1358
1144 1357
1145 1357
1146 1359
1147 1359
1148 1359
1149 1358
1150 1359
1151 1359
1152 1358
1153 1358
1154 1357
1155 1357
1156 1356
1157 1357
1158 1357
1159 1360
1160 1358
1161 1357
1162 1357
1163 1360
1164 1357
1165 1359
1166 1357
1167 1355
1168 1356
1169 1355
1170 1357
1171 1359
1172 1357
1173 1358
1174 1356
1175 1357
1176 1358
1177 1355
1178 1357
1179 1357
1180 1356
1181 1360
1182 1356
1183 1359
1184 1356
1185 1358
1186 1356
1187 1359
1188 1356
1189 1360
1190 1356
1191 1359
1192 1356
1193 1357
1194 1356
1195 1356
1196 1359
1197 1357
1198 1357
1199 1356
1200 1355
1201 1357
1202 1355
1203 1360
1204 1355
1205 1355
1206 1358
1207 1357
1208 1357
1209 1357
1210 1356
1211 1358
1212 1357
1213 1357
1214 1356
1215 1358
1216 1358
1217 1357
1218 1358
1219 1358
1220 1358
1221 1357
1222 1357
1223 1356
1224 1355
1225 1358
1226 1356
1227 1356
1228 1357
1229 1357
1230 1360
1231 1359
1232 1357
1233 1356
1234 1356
1235 1357
1236 1360
1237 1357
1238 1357
1239 1357
1240 1358
1241 1358
1242 1356
1243 1356
1244 1358
1245 1357
1246 1358
1247 1358
1248 1358
1249 1356
1250 1356
1251 1356
1252 1357
1253 1355
1254 1357
1255 1358
1256 1357
1257 1355
1258 1359
1259 1356
1260 1356
1261 1357
1262 1356
1263 1356
1264 1355
1265 1357
1266 1355
1267 1360
1268 1356
1269 1358
1270 1356
1271 1359
1272 1356
1273 1356
1274 1359
1275 1359
1276 1358
1277 1356
1278 1357
1279 1358
1280 1358
1281 1356
1282 1356
1283 1358
1284 1356
1285 1354
1286 1357
1287 1356
1288 1356
1289 1357
1290 1356
1291 1356
1292 1356
1293 1358
1294 1356
1295 1358
1296 1356
1297 1357
1298 1358
1299 1355
1300 1359
1301 1358
1302 1358
1303 1358
1304 1357
1305 1359
1306 1360
1307 1359
1308 1357
1309 1357
1310 1355
1311 1355
1312 1357
1313 1356
1314 1356
1315 1356
1316 1356
1317 1355
1318 1356
1319 1357
1320 1357
1321 1357
1322 1357
1323 1354
1324 1355
1325 1357
1326 1357
1327 1357
1328 1359
1329 1357
1330 1356
1331 1356
1332 1355
1333 1355
1334 1355
1335 1358
1336 1357
1337 1356
1338 1356
1339 1357
1340 1359
1341 1356
1342 1358
1343 1357
1344 1358
1345 1357
1346 1352
1347 1357
1348 1356
1349 1355
1350 1355
1351 1356
1352 1357
1353 1355
1354 1358
1355 1356
1356 1358
1357 1357
1358 1357
1359 1359
1360 1357
1361 1357
1362 1354
1363 1355
1364 1354
1365 1358
1366 1357
1367 1357
1368 1354
1369 1358
1370 1356
1371 1359
1372 1356
1373 1356
1374 1355
1375 1354
1376 1354
1377 1356
1378 1354
1379 1359
1380 1356
1381 1358
1382 1356
1383 1356
1384 1357
1385 1356
1386 1356
1387 1353
1388 1356
1389 1361
1390 1357
1391 1354
1392 1355
1393 1358
1394 1359
1395 1358
1396 1356
1397 1355
1398 1356
1399 1357
1400 1357
1401 1357
1402 1355
1403 1357
1404 1356
1405 1357
1406 1358
1407 1359
1408 1356
1409 1355
1410 1353
1411 1355
1412 1355
1413 1355
1414 1355
1415 1355
1416 1355
1417 1357
1418 1357
1419 1357
1420 1356
1421 1356
1422 1357
1423 1355
1424 1358
1425 1357
1426 1358
1427 1358
1428 1357
1429 1357
1430 1356
1431 1353
1432 1356
1433 1355
1434 1357
1435 1359
1436 1355
1437 1355
1438 1356
1439 1357
1440 1356
1441 1356
1442 1354
1443 1356
1444 1357
1445 1351
1446 1356
1447 1353
1448 1356
1449 1359
1450 1356
1451 1356
1452 1355
1453 1356
1454 1357
1455 1357
1456 1357
1457 1357
1458 1357
1459 1357
1460 1358
1461 1355
1462 1356
1463 1357
1464 1357
1465 1358
1466 1357
1467 1355
1468 1358
1469 1356
1470 1357
1471 1355
1472 1356
1473 1354
1474 1355
1475 1357
1476 1355
1477 1357
1478 1356
1479 1357
1480 1357
1481 1357
1482 1358
1483 1354
1484 1357
1485 1357
1486 1357
1487 1352
1488 1358
1489 1356
1490 1356
1491 1355
1492 1357
1493 1355
1494 1356
1495 1356
1496 1357
1497 1357
1498 1356
1499 1358
1500 1357
1501 1357
1502 1358
1503 1358
1504 1354
1505 1358
1506 1355
1507 1355
1508 1356
1509 1353
1510 1354
1511 1355
1512 1354
1513 1354
1514 1356
1515 1355
1516 1356
1517 1355
1518 1357
1519 1355
1520 1356
1521 1357
1522 1358
1523 1356
1524 1359
1525 1360
1526 1358
1527 1355
1528 1354
1529 1357
1530 1356
1531 1358
1532 1358
1533 1353
1534 1356
1535 1357
1536 1353
1537 1358
1538 1356
1539 1355
1540 1357
1541 1355
1542 1358
1543 1357
1544 1357
1545 1355
1546 1354
1547 1354
1548 1356
1549 1356
1550 1356
1551 1356
1552 1352
1553 1356
1554 1357
1555 1354
1556 1354
1557 1357
1558 1357
1559 1358
1560 1358
1561 1355
1562 1356
1563 1356
1564 1356
1565 1354
1566 1355
1567 1355
1568 1355
1569 1355
1570 1356
1571 1354
1572 1354
1573 1355
1574 1356
1575 1357
1576 1355
1577 1356
1578 1356
1579 1357
1580 1356
1581 1356
1582 1355
1583 1355
1584 1357
1585 1357
1586 1358
1587 1357
1588 1358
1589 1357
1590 1355
1591 1356
1592 1356
1593 1357
1594 1355
1595 1354
1596 1357
1597 1358
1598 1354
1599 1355
1600 1356
1601 1357
1602 1355
1603 1353
1604 1357
1605 1359
1606 1358
1607 1356
1608 1357
1609 1358
1610 1355
1611 1358
1612 1357
1613 1356
1614 1357
1615 1356
1616 1356
1617 1355
1618 1358
1619 1357
1620 1360
1621 1355
1622 1356
1623 1358
1624 1357
1625 1358
1626 1358
1627 1361
1628 1359
1629 1353
1630 1356
1631 1357
1632 1358
1633 1355
1634 1359
1635 1358
1636 1360
1637 1357
1638 1356
1639 1357
1640 1357
1641 1356
1642 1360
1643 1358
1644 1360
1645 1355
1646 1357
1647 1357
1648 1358
1649 1357
1650 1355
1651 1356
1652 1358
1653 1354
1654 1354
1655 1356
1656 1358
1657 1355
1658 1357
1659 1355
1660 1355
1661 1357
1662 1357
1663 1357
1664 1356
1665 1360
1666 1355
1667 1359
1668 1357
1669 1357
1670 1357
1671 1359
1672 1358
1673 1357
1674 1356
1675 1357
1676 1358
1677 1358
1678 1356
1679 1355
1680 1357
1681 1357
1682 1357
1683 1354
1684 1354
1685 1356
1686 1357
1687 1357
1688 1355
1689 1354
1690 1355
1691 1356
1692 1356
1693 1356
1694 1356
1695 1355
1696 1359
1697 1357
1698 1360
1699 1356
1700 1358
1701 1356
1702 1359
1703 1357
1704 1358
1705 1356
1706 1357
1707 1357
1708 1357
1709 1356
1710 1358
1711 1356
1712 1357
1713 1355
1714 1352
1715 1355
1716 1356
1717 1357
1718 1355
1719 1353
1720 1358
1721 1356
1722 1355
1723 1357
1724 1357
1725 1359
1726 1358
1727 1355
1728 1356
1729 1356
1730 1357
1731 1357
1732 1354
1733 1362
1734 1359
1735 1356
1736 1357
1737 1354
1738 1357
1739 1356
1740 1355
1741 1357
1742 1358
1743 1355
1744 1355
1745 1355
1746 1358
1747 1357
1748 1358
1749 1355
1750 1357
1751 1357
1752 1358
1753 1358
1754 1356
1755 1357
1756 1354
1757 1355
1758 1358
1759 1356
1760 1357
1761 1361
1762 1359
1763 1357
1764 1356
1765 1359
1766 1358
1767 1357
1768 1359
1769 1357
1770 1359
1771 1356
1772 1356
1773 1356
1774 1358
1775 1359
1776 1361
1777 1356
1778 1355
1779 1354
1780 1356
1781 1356
1782 1358
1783 1355
1784 1354
1785 1359
1786 1358
1787 1356
1788 1358
1789 1358
1790 1359
1791 1358
1792 1356
1793 1354
1794 1355
1795 1357
1796 1355
1797 1356
1798 1358
1799 1357
1800 1356
1801 1358
1802 1357
1803 1355
1804 1358
1805 1358
1806 1356
1807 1356
1808 1355
1809 1353
1810 1357
1811 1354
1812 1355
1813 1353
1814 1356
1815 1360
1816 1357
1817 1357
1818 1357
1819 1354
1820 1358
1821 1357
1822 1354
1823 1357
1824 1355
1825 1357
1826 1355
1827 1357
1828 1355
1829 1356
1830 1355
1831 1356
1832 1352
1833 1356
1834 1353
1835 1355
1836 1353
1837 1356
1838 1356
1839 1355
1840 1355
1841 1355
1842 1358
1843 1356
1844 1359
1845 1357
1846 1359
1847 1359
1848 1359
1849 1357
1850 1359
1851 1357
1852 1360
1853 1356
1854 1356
1855 1358
1856 1356
1857 1355
1858 1359
1859 1355
1860 1358
1861 1357
1862 1357
1863 1357
1864 1357
1865 1359
1866 1358
1867 1357
1868 1356
1869 1357
1870 1355
1871 1355
1872 1356
1873 1357
1874 1357
1875 1356
1876 1358
1877 1357
1878 1357
1879 1358
1880 1357
1881 1355
1882 1358
1883 1358
1884 1358
1885 1356
1886 1356
1887 1356
1888 1356
1889 1355
1890 1356
1891 1358
1892 1358
1893 1358
1894 1356
1895 1357
1896 1356
1897 1355
1898 1356
1899 1353
1900 1355
1901 1356
1902 1355
1903 1359
1904 1359
1905 1356
1906 1355
1907 1354
1908 1356
1909 1359
1910 1358
1911 1358
1912 1356
1913 1357
1914 1357
1915 1357
1916 1356
1917 1357
1918 1356
1919 1354
1920 1356
1921 1357
1922 1356
1923 1356
1924 1357
1925 1356
1926 1354
1927 1353
1928 1353
1929 1359
1930 1358
1931 1355
1932 1357
1933 1355
1934 1355
1935 1357
1936 1357
1937 1358
1938 1357
1939 1359
1940 1357
1941 1356
1942 1356
1943 1357
1944 1356
1945 1359
1946 1359
1947 1357
1948 1357
1949 1358
1950 1359
1951 1358
1952 1357
1953 1359
1954 1359
1955 1359
1956 1360
1957 1356
1958 1359
1959 1357
1960 1355
1961 1358
1962 1355
1963 1356
1964 1357
1965 1358
1966 1359
1967 1356
1968 1358
1969 1357
1970 1359
1971 1356
1972 1358
1973 1357
1974 1359
1975 1357
1976 1356
1977 1356
1978 1356
1979 1355
1980 1357
1981 1361
1982 1358
1983 1355
1984 1358
1985 1357
1986 1356
1987 1357
1988 1356
1989 1357
1990 1355
1991 1358
1992 1355
1993 1356
1994 1357
1995 1355
1996 1359
1997 1358
1998 1359
1999 1358
2000 1358
2001 1356
2002 1356
2003 1354
2004 1357
2005 1356
2006 1357
2007 1357
2008 1356
2009 1358
2010 1356
2011 1354
2012 1355
2013 1358
2014 1357
2015 1356
2016 1355
2017 1356
2018 1356
2019 1356
2020 1359
2021 1356
2022 1356
2023 1357
2024 1357
2025 1356
2026 1358
2027 1355
2028 1356
2029 1355
2030 1356
2031 1357
2032 1355
2033 1357
2034 1357
2035 1357
2036 1358
2037 1358
2038 1357
2039 1359
2040 1356
2041 1357
2042 1356
2043 1357
2044 1356
2045 1357
2046 1358
2047 1356
2048 1359
2049 1357
2050 1361
2051 1355
2052 1358
2053 1353
2054 1356
2055 1356
2056 1358
2057 1357
2058 1359
2059 1358
2060 1354
2061 1357
2062 1356
2063 1357
2064 1358
2065 1357
2066 1360
2067 1358
2068 1356
2069 1355
2070 1359
2071 1358
2072 1361
2073 1358
2074 1358
2075 1358
2076 1359
2077 1359
2078 1356
2079 1355
2080 1359
2081 1358
2082 1355
2083 1357
2084 1358
2085 1357
2086 1359
2087 1356
2088 1356
2089 1356
2090 1359
2091 1357
2092 1357
2093 1356
2094 1359
2095 1359
2096 1360
2097 1355
2098 1357
2099 1358
2100 1357
2101 1356
2102 1358
2103 1357
2104 1356
2105 1357
2106 1356
2107 1354
2108 1357
2109 1357
2110 1358
2111 1357
2112 1358
2113 1357
2114 1354
2115 1356
2116 1358
2117 1358
2118 1356
2119 1358
2120 1358
2121 1357
2122 1358
2123 1356
2124 1356
2125 1356
2126 1356
2127 1356
2128 1358
2129 1359
2130 1358
2131 1357
2132 1358
2133 1358
2134 1358
2135 1357
2136 1357
2137 1357
2138 1356
2139 1356
2140 1359
2141 1358
2142 1361
2143 1359
2144 1357
2145 1356
2146 1356
2147 1357
2148 1354
2149 1357
2150 1360
2151 1357
2152 1356
2153 1356
2154 1357
2155 1358
2156 1358
2157 1357
2158 1358
2159 1356
2160 1355
2161 1358
2162 1357
2163 1357
2164 1356
2165 1356
2166 1359
2167 1361
2168 1357
2169 1358
2170 1356
2171 1355
2172 1355
2173 1357
2174 1356
2175 1358
2176 1358
2177 1359
2178 1356
2179 1359
2180 1359
2181 1358
2182 1358
2183 1356
2184 1356
2185 1356
2186 1357
2187 1358
2188 1357
2189 1356
2190 1358
2191 1359
2192 1358
2193 1354
2194 1359
2195 1357
2196 1357
2197 1355
2198 1356
2199 1356
2200 1358
2201 1358
2202 1357
2203 1357
2204 1355
2205 1355
2206 1359
2207 1355
2208 1355
2209 1355
2210 1356
2211 1357
2212 1356
2213 1357
2214 1356
2215 1359
2216 1358
2217 1356
2218 1356
2219 1359
2220 1356
2221 1357
2222 1357
2223 1355
2224 1357
2225 1356
2226 1354
2227 1355
2228 1359
2229 1356
2230 1356
2231 1356
2232 1356
2233 1359
2234 1356
2235 1356
2236 1357
2237 1357
2238 1359
2239 1356
2240 1356
2241 1356
2242 1359
2243 1358
2244 1357
2245 1357
2246 1357
2247 1357
2248 1356
2249 1354
2250 1357
2251 1357
2252 1357
2253 1357
2254 1358
2255 1354
2256 1359
2257 1353
2258 1357
2259 1357
2260 1355
2261 1358
2262 1353
2263 1355
2264 1356
2265 1357
2266 1355
2267 1354
2268 1354
2269 1360
2270 1360
2271 1356
2272 1356
2273 1357
2274 1357
2275 1358
2276 1355
2277 1357
2278 1358
2279 1358
2280 1358
2281 1354
2282 1360
2283 1358
2284 1356
2285 1360
2286 1357
2287 1357
2288 1356
2289 1357
2290 1356
2291 1354
2292 1355
2293 1356
2294 1359
2295 1357
2296 1357
2297 1356
2298 1356
2299 1358
2300 1359
2301 1358
2302 1355
2303 1356
2304 1357
2305 1359
2306 1356
2307 1355
2308 1356
2309 1356
2310 1356
2311 1358
2312 1356
2313 1357
2314 1355
2315 1357
2316 1356
2317 1358
2318 1357
2319 1356
2320 1355
2321 1355
2322 1355
2323 1357
2324 1355
2325 1357
2326 1358
2327 1356
2328 1356
2329 1359
2330 1357
2331 1359
2332 1357
2333 1357
2334 1359
2335 1357
2336 1357
2337 1357
2338 1359
2339 1357
2340 1356
2341 1358
2342 1357
2343 1356
2344 1357
2345 1357
2346 1356
2347 1358
2348 1357
2349 1358
2350 1357
2351 1357
2352 1358
2353 1355
2354 1356
2355 1357
2356 1358
2357 1359
2358 1357
2359 1357
2360 1358
2361 1358
2362 1358
2363 1357
2364 1357
2365 1356
2366 1358
2367 1359
2368 1358
2369 1358
2370 1360
2371 1357
2372 1356
2373 1355
2374 1355
2375 1355
2376 1357
2377 1360
2378 1356
2379 1357
2380 1359
2381 1357
2382 1356
2383 1359
2384 1356
2385 1357
2386 1357
2387 1358
2388 1359
2389 1358
2390 1357
2391 1356
2392 1355
2393 1358
2394 1357
2395 1359
2396 1359
2397 1359
2398 1356
2399 1358
2400 1358
2401 1359
2402 1356
2403 1357
2404 1354
2405 1359
2406 1356
2407 1358
2408 1357
2409 1358
2410 1360
2411 1359
2412 1360
2413 1357
2414 1360
2415 1356
2416 1356
2417 1358
2418 1357
2419 1356
2420 1358
2421 1358
2422 1355
2423 1357
2424 1360
2425 1359
2426 1356
2427 1355
2428 1357
2429 1356
2430 1358
2431 1358
2432 1358
2433 1357
2434 1359
2435 1358
2436 1359
2437 1359
2438 1356
2439 1355
2440 1356
2441 1356
2442 1359
2443 1355
2444 1358
2445 1357
2446 1357
2447 1357
2448 1357
2449 1359
2450 1355
2451 1357
2452 1357
2453 1356
2454 1359
2455 1355
2456 1357
2457 1355
2458 1355
2459 1357
2460 1356
2461 1359
2462 1357
2463 1357
2464 1358
2465 1357
2466 1360
2467 1356
2468 1357
2469 1355
2470 1356
2471 1359
2472 1357
2473 1356
2474 1355
2475 1356
2476 1357
2477 1356
2478 1356
2479 1357
2480 1356
2481 1358
2482 1357
2483 1357
2484 1355
2485 1357
2486 1355
2487 1360
2488 1357
2489 1358
2490 1359
2491 1359
2492 1354
2493 1357
2494 1357
2495 1357
2496 1357
2497 1357
2498 1359
2499 1357
2500 1359
2501 1358
2502 1356
2503 1356
2504 1357
2505 1358
2506 1356
2507 1355
2508 1354
2509 1356
2510 1356
2511 1357
2512 1356
2513 1359
2514 1356
2515 1358
2516 1357
2517 1358
2518 1359
2519 1358
2520 1356
2521 1358
2522 1358
2523 1357
2524 1355
2525 1357
2526 1358
2527 1359
2528 1354
2529 1357
2530 1358
2531 1356
2532 1356
2533 1357
2534 1356
2535 1355
2536 1358
2537 1359
2538 1358
2539 1357
2540 1354
2541 1357
2542 1358
2543 1356
2544 1356
2545 1355
2546 1360
2547 1359
2548 1357
2549 1358
2550 1359
2551 1359
2552 1358
2553 1356
2554 1355
2555 1360
2556 1359
2557 1356
2558 1358
2559 1356
2560 1359
2561 1357
2562 1357
2563 1356
2564 1356
2565 1357
2566 1358
2567 1358
2568 1356
2569 1356
2570 1356
2571 1353
2572 1357
2573 1356
2574 1359
2575 1356
2576 1358
2577 1355
2578 1357
2579 1357
2580 1358
2581 1356
2582 1357
2583 1357
2584 1357
2585 1358
2586 1359
2587 1355
2588 1357
2589 1352
2590 1358
2591 1353
2592 1359
2593 1357
2594 1355
2595 1357
2596 1360
2597 1358
2598 1357
2599 1357
2600 1358
2601 1354
2602 1356
2603 1358
2604 1360
2605 1358
2606 1358
2607 1355
2608 1356
2609 1356
2610 1358
2611 1356
2612 1357
2613 1356
2614 1359
2615 1355
2616 1358
2617 1357
2618 1359
2619 1360
2620 1359
2621 1358
2622 1358
2623 1356
2624 1358
2625 1356
2626 1359
2627 1355
2628 1357
2629 1358
2630 1355
2631 1356
2632 1356
2633 1357
2634 1357
2635 1357
2636 1359
2637 1358
2638 1354
2639 1358
2640 1358
2641 1358
2642 1360
2643 1354
2644 1357
2645 1354
2646 1356
2647 1357
2648 1357
2649 1356
2650 1358
2651 1357
2652 1358
2653 1357
2654 1354
2655 1357
2656 1358
2657 1355
2658 1357
2659 1358
2660 1359
2661 1356
2662 1353
2663 1357
2664 1355
2665 1356
2666 1357
2667 1357
2668 1356
2669 1357
2670 1359
2671 1357
2672 1357
2673 1356
2674 1357
2675 1357
2676 1357
2677 1355
2678 1360
2679 1356
2680 1357
2681 1357
2682 1356
2683 1357
2684 1356
2685 1358
2686 1359
2687 1359
2688 1357
2689 1358
2690 1356
2691 1361
2692 1355
2693 1356
2694 1358
2695 1355
2696 1358
2697 1357
2698 1356
2699 1358
2700 1358
2701 1357
2702 1358
2703 1355
2704 1359
2705 1357
2706 1358
2707 1357
2708 1357
2709 1355
2710 1358
2711 1354
2712 1358
2713 1357
2714 1358
2715 1357
2716 1357
2717 1357
2718 1358
2719 1358
2720 1358
2721 1358
2722 1354
2723 1358
2724 1356
2725 1358
2726 1360
2727 1358
2728 1358
2729 1356
2730 1358
2731 1357
2732 1358
2733 1359
2734 1359
2735 1357
2736 1356
2737 1356
2738 1356
2739 1359
2740 1356
2741 1358
2742 1356
2743 1359
2744 1358
2745 1361
2746 1356
2747 1357
2748 1353
2749 1357
2750 1361
2751 1357
2752 1357
2753 1356
2754 1357
2755 1357
2756 1354
2757 1354
2758 1355
2759 1355
2760 1359
2761 1360
2762 1360
2763 1357
2764 1358
2765 1357
2766 1357
2767 1356
2768 1359
2769 1355
2770 1356
2771 1357
2772 1357
2773 1360
2774 1358
2775 1357
2776 1357
2777 1356
2778 1356
2779 1356
2780 1358
2781 1355
2782 1356
2783 1355
2784 1358
2785 1355
2786 1354
2787 1357
2788 1358
2789 1354
2790 1359
2791 1358
2792 1355
2793 1357
2794 1356
2795 1357
2796 1355
2797 1356
2798 1354
2799 1357
2800 1355
2801 1357
2802 1357
2803 1358
2804 1354
2805 1357
2806 1356
2807 1358
2808 1356
2809 1357
2810 1354
2811 1358
2812 1357
2813 1355
2814 1357
2815 1357
2816 1359
2817 1357
2818 1356
2819 1357
2820 1356
2821 1355
2822 1358
2823 1357
2824 1357
2825 1358
2826 1359
2827 1358
2828 1358
2829 1360
2830 1359
2831 1358
2832 1357
2833 1357
2834 1358
2835 1357
2836 1355
2837 1357
2838 1355
2839 1356
2840 1356
2841 1358
2842 1358
2843 1357
2844 1354
2845 1354
2846 1354
2847 1357
2848 1356
2849 1356
2850 1359
2851 1357
2852 1357
2853 1355
2854 1355
2855 1355
2856 1355
2857 1357
2858 1355
2859 1357
2860 1354
2861 1354
2862 1357
2863 1356
2864 1355
2865 1360
2866 1359
2867 1359
2868 1356
2869 1357
2870 1353
2871 1356
2872 1353
2873 1357
2874 1359
2875 1360
2876 1358
2877 1357
2878 1356
2879 1358
2880 1356
2881 1358
2882 1357
2883 1357
2884 1358
2885 1357
2886 1355
2887 1357
2888 1354
2889 1357
2890 1358
2891 1358
2892 1356
2893 1358
2894 1357
2895 1358
2896 1359
2897 1359
2898 1356
2899 1357
2900 1356
2901 1358
2902 1358
2903 1357
2904 1354
2905 1357
2906 1356
2907 1357
2908 1356
2909 1357
2910 1358
2911 1357
2912 1359
2913 1357
2914 1357
2915 1359
2916 1355
2917 1357
2918 1358
2919 1358
2920 1358
2921 1357
2922 1355
2923 1357
2924 1357
2925 1357
2926 1354
2927 1357
2928 1358
2929 1361
2930 1358
2931 1358
2932 1358
2933 1358
2934 1356
2935 1357
2936 1358
2937 1358
2938 1356
2939 1358
2940 1355
2941 1359
2942 1356
2943 1355
2944 1357
2945 1361
2946 1356
2947 1359
2948 1354
2949 1357
2950 1354
2951 1355
2952 1356
2953 1354
2954 1357
2955 1357
2956 1356
2957 1357
2958 1354
2959 1358
2960 1357
2961 1358
2962 1358
2963 1357
2964 1357
2965 1359
2966 1359
2967 1357
2968 1356
2969 1356
2970 1355
2971 1357
2972 1356
2973 1358
2974 1359
2975 1358
2976 1358
2977 1357
2978 1356
2979 1357
2980 1356
2981 1356
2982 1359
2983 1356
2984 1355
2985 1361
2986 1359
2987 1356
2988 1357
2989 1357
2990 1358
2991 1357
2992 1357
2993 1358
2994 1358
2995 1357
2996 1356
2997 1356
2998 1355
2999 1358
3000 1357
3001 1358
3002 1357
3003 1360
3004 1356
3005 1357
3006 1357
3007 1358
3008 1355
3009 1358
3010 1356
3011 1358
3012 1355
3013 1357
3014 1354
3015 1358
3016 1356
3017 1358
3018 1356
3019 1356
3020 1358
3021 1358
3022 1355
3023 1359
3024 1357
3025 1357
3026 1357
3027 1358
3028 1359
3029 1358
3030 1356
3031 1357
3032 1354
3033 1357
3034 1355
3035 1357
3036 1357
3037 1358
3038 1356
3039 1357
3040 1357
3041 1358
3042 1354
3043 1357
3044 1357
3045 1358
3046 1358
3047 1360
3048 1357
3049 1360
3050 1360
3051 1357
3052 1358
3053 1357
3054 1356
3055 1357
3056 1355
3057 1357
3058 1357
3059 1357
3060 1360
3061 1359
3062 1358
3063 1357
3064 1354
3065 1356
3066 1358
3067 1358
3068 1354
3069 1358
3070 1359
3071 1358
3072 1358
3073 1357
3074 1357
3075 1357
3076 1357
3077 1356
3078 1355
3079 1356
3080 1356
3081 1359
3082 1358
3083 1358
3084 1357
3085 1358
3086 1358
3087 1356
3088 1354
3089 1356
3090 1358
3091 1355
3092 1355
3093 1357
3094 1356
3095 1357
3096 1356
3097 1357
3098 1356
3099 1358
3100 1358
3101 1359
3102 1356
3103 1355
3104 1357
3105 1357
3106 1356
3107 1356
3108 1356
3109 1355
3110 1357
3111 1357
3112 1358
3113 1359
3114 1356
3115 1359
3116 1359
3117 1357
3118 1359
3119 1356
3120 1358
3121 1356
3122 1357
3123 1355
3124 1357
3125 1356
3126 1357
3127 1357
3128 1360
3129 1359
3130 1357
3131 1357
3132 1355
3133 1357
3134 1357
3135 1356
3136 1358
3137 1359
3138 1357
3139 1359
3140 1354
3141 1356
3142 1357
3143 1357
3144 1357
3145 1357
3146 1357
3147 1357
3148 1356
3149 1357
3150 1358
3151 1356
3152 1357
3153 1356
3154 1358
3155 1357
3156 1355
3157 1357
3158 1355
3159 1357
3160 1356
3161 1357
3162 1355
3163 1356
3164 1357
3165 1357
3166 1358
3167 1360
3168 1359
3169 1357
3170 1357
3171 1358
3172 1357
3173 1357
3174 1357
3175 1357
3176 1357
3177 1360
3178 1361
3179 1356
3180 1358
3181 1357
3182 1356
3183 1355
3184 1357
3185 1355
3186 1359
3187 1359
3188 1356
3189 1356
3190 1361
3191 1358
3192 1357
3193 1359
3194 1358
3195 1357
3196 1356
3197 1357
3198 1356
3199 1360
3200 1358
3201 1357
3202 1360
3203 1355
3204 1360
3205 1356
3206 1357
3207 1357
3208 1353
3209 1355
3210 1356
3211 1357
3212 1357
3213 1354
3214 1359
3215 1357
3216 1360
3217 1358
3218 1360
3219 1357
3220 1357
3221 1357
3222 1355
3223 1353
3224 1356
3225 1359
3226 1358
3227 1357
3228 1357
3229 1359
3230 1359
3231 1357
3232 1358
3233 1356
3234 1355
3235 1357
3236 1358
3237 1359
3238 1358
3239 1358
3240 1358
3241 1358
3242 1356
3243 1356
3244 1356
3245 1357
3246 1358
3247 1357
3248 1355
3249 1357
3250 1357
3251 1354
3252 1357
3253 1354
3254 1358
3255 1357
3256 1357
3257 1356
3258 1356
3259 1357
3260 1359
3261 1359
3262 1357
3263 1358
3264 1358
3265 1360
3266 1356
3267 1354
3268 1355
3269 1357
3270 1358
3271 1354
3272 1355
3273 1356
3274 1357
3275 1355
3276 1356
3277 1357
3278 1354
3279 1356
3280 1360
3281 1357
3282 1355
3283 1356
3284 1357
3285 1356
3286 1357
3287 1357
3288 1357
3289 1357
3290 1358
3291 1355
3292 1356
3293 1357
3294 1359
3295 1360
3296 1360
3297 1356
3298 1357
3299 1355
3300 1357
3301 1357
3302 1356
3303 1358
3304 1356
3305 1359
3306 1358
3307 1358
3308 1356
3309 1354
3310 1357
3311 1357
3312 1357
3313 1356
3314 1357
3315 1358
3316 1359
3317 1357
3318 1358
3319 1357
3320 1357
3321 1357
3322 1356
3323 1359
3324 1357
3325 1358
3326 1358
3327 1358
3328 1358
3329 1358
3330 1358
3331 1360
3332 1357
3333 1355
3334 1356
3335 1358
3336 1355
3337 1359
3338 1357
3339 1359
3340 1357
3341 1359
3342 1356
3343 1354
3344 1355
3345 1357
3346 1357
3347 1358
3348 1356
3349 1359
3350 1356
3351 1359
3352 1356
3353 1358
3354 1359
3355 1355
3356 1355
3357 1356
3358 1357
3359 1358
3360 1358
3361 1360
3362 1357
3363 1357
3364 1355
3365 1357
3366 1356
3367 1359
3368 1357
3369 1358
3370 1357
3371 1358
3372 1359
3373 1358
3374 1358
3375 1357
3376 1358
3377 1359
3378 1357
3379 1358
3380 1360
3381 1360
3382 1356
3383 1355
3384 1358
3385 1363
3386 1360
3387 1358
3388 1357
3389 1359
3390 1359
3391 1359
3392 1355
3393 1355
3394 1355
3395 1358
3396 1354
3397 1357
3398 1357
3399 1358
3400 1358
3401 1357
3402 1358
3403 1357
3404 1356
3405 1358
3406 1360
3407 1358
3408 1358
3409 1358
3410 1356
3411 1358
3412 1357
3413 1359
3414 1356
3415 1356
3416 1358
3417 1357
3418 1360
3419 1357
3420 1356
3421 1358
3422 1358
3423 1353
3424 1354
3425 1357
3426 1356
3427 1358
3428 1358
3429 1357
3430 1358
3431 1359
3432 1356
3433 1355
3434 1358
3435 1358
3436 1357
3437 1357
3438 1358
3439 1357
3440 1357
3441 1355
3442 1356
3443 1357
3444 1358
3445 1357
3446 1358
3447 1357
3448 1358
3449 1361
3450 1357
3451 1357
3452 1356
3453 1358
3454 1359
3455 1356
3456 1358
3457 1358
3458 1355
3459 1355
3460 1359
3461 1357
3462 1357
3463 1357
3464 1355
3465 1358
3466 1358
3467 1357
3468 1356
3469 1359
3470 1357
3471 1357
3472 1355
3473 1357
3474 1356
3475 1355
3476 1357
3477 1357
3478 1357
3479 1357
3480 1357
3481 1355
3482 1357
3483 1359
3484 1359
3485 1358
3486 1358
3487 1357
3488 1356
3489 1358
3490 1357
3491 1355
3492 1354
3493 1357
3494 1356
3495 1357
3496 1359
3497 1358
3498 1359
3499 1355
3500 1359
3501 1358
3502 1356
3503 1357
3504 1354
3505 1358
3506 1357
3507 1357
3508 1357
3509 1355
3510 1359
3511 1359
3512 1356
3513 1357
3514 1359
3515 1356
3516 1359
3517 1359
3518 1354
3519 1360
3520 1355
3521 1357
3522 1357
3523 1357
3524 1356
3525 1357
3526 1357
3527 1358
3528 1358
3529 1359
3530 1357
3531 1358
3532 1358
3533 1359
3534 1357
3535 1356
3536 1359
3537 1358
3538 1356
3539 1359
3540 1357
3541 1356
3542 1358
3543 1356
3544 1358
3545 1356
3546 1356
3547 1356
3548 1356
3549 1356
3550 1357
3551 1356
3552 1357
3553 1357
3554 1354
3555 1354
3556 1357
3557 1357
3558 1358
3559 1358
3560 1359
3561 1357
3562 1356
3563 1358
3564 1359
3565 1358
3566 1355
3567 1357
3568 1356
3569 1362
3570 1355
3571 1355
3572 1356
3573 1356
3574 1356
3575 1358
3576 1359
3577 1356
3578 1356
3579 1357
3580 1356
3581 1357
3582 1357
3583 1356
3584 1358
3585 1358
3586 1359
3587 1358
3588 1357
3589 1359
3590 1357
3591 1358
3592 1356
3593 1359
3594 1357
3595 1357
3596 1356
3597 1356
3598 1355
3599 1359
3600 1356
3601 1358
3602 1355
3603 1358
3604 1354
3605 1357
3606 1355
3607 1358
3608 1353
3609 1355
3610 1354
3611 1356
3612 1357
3613 1357
3614 1353
3615 1355
3616 1357
3617 1358
3618 1355
3619 1357
3620 1355
3621 1356
3622 1354
3623 1356
3624 1356
3625 1357
3626 1357
3627 1360
3628 1357
3629 1360
3630 1356
3631 1360
3632 1357
3633 1358
3634 1357
3635 1359
3636 1356
3637 1359
3638 1356
3639 1357
3640 1356
3641 1357
3642 1357
3643 1358
3644 1357
3645 1359
3646 1356
3647 1360
3648 1356
3649 1357
3650 1356
3651 1357
3652 1357
3653 1357
3654 1357
3655 1361
3656 1356
3657 1359
3658 1357
3659 1359
3660 1361
3661 1357
3662 1360
3663 1357
3664 1357
3665 1358
3666 1356
3667 1358
3668 1356
3669 1357
3670 1356
3671 1356
3672 1354
3673 1356
3674 1357
3675 1361
3676 1355
3677 1355
3678 1354
3679 1359
3680 1355
3681 1356
3682 1356
3683 1356
3684 1356
3685 1358
3686 1357
3687 1360
3688 1356
3689 1359
3690 1360
3691 1360
3692 1356
3693 1359
3694 1362
3695 1360
3696 1355
3697 1357
3698 1356
3699 1357
3700 1355
3701 1355
3702 1357
3703 1357
3704 1356
3705 1359
3706 1360
3707 1360
3708 1356
3709 1356
3710 1356
3711 1357
3712 1357
3713 1358
3714 1357
3715 1355
3716 1357
3717 1358
3718 1357
3719 1357
3720 1358
3721 1359
3722 1359
3723 1361
3724 1357
3725 1357
3726 1357
3727 1355
3728 1355
3729 1357
3730 1354
3731 1354
3732 1357
3733 1357
3734 1356
3735 1355
3736 1355
3737 1355
3738 1354
3739 1357
3740 1356
3741 1357
3742 1358
3743 1358
3744 1358
3745 1355
3746 1356
3747 1359
3748 1357
3749 1357
3750 1357
3751 1358
3752 1359
3753 1362
3754 1358
3755 1359
3756 1358
3757 1357
3758 1356
3759 1357
3760 1356
3761 1356
3762 1360
3763 1356
3764 1355
3765 1360
3766 1356
3767 1359
3768 1358
3769 1355
3770 1356
3771 1354
3772 1356
3773 1358
3774 1357
3775 1357
3776 1358
3777 1355
3778 1356
3779 1355
3780 1357
3781 1358
3782 1359
3783 1359
3784 1359
3785 1358
3786 1358
3787 1360
3788 1356
3789 1359
3790 1359
3791 1358
3792 1357
3793 1357
3794 1357
3795 1357
3796 1358
3797 1356
3798 1355
3799 1357
3800 1357
3801 1357
3802 1357
3803 1356
3804 1360
3805 1356
3806 1356
3807 1357
3808 1356
3809 1358
3810 1358
3811 1358
3812 1357
3813 1355
3814 1356
3815 1356
3816 1358
3817 1356
3818 1356
3819 1357
3820 1354
3821 1353
3822 1356
3823 1356
3824 1359
3825 1359
3826 1357
3827 1357
3828 1357
3829 1357
3830 1357
3831 1358
3832 1356
3833 1357
3834 1357
3835 1355
3836 1358
3837 1358
3838 1356
3839 1357
3840 1359
3841 1357
3842 1358
3843 1358
3844 1358
3845 1357
3846 1358
3847 1356
3848 1357
3849 1355
3850 1359
3851 1357
3852 1356
3853 1358
3854 1356
3855 1358
3856 1357
3857 1356
3858 1358
3859 1359
3860 1359
3861 1357
3862 1357
3863 1357
3864 1358
3865 1357
3866 1356
3867 1356
3868 1358
3869 1358
3870 1358
3871 1356
3872 1355
3873 1357
3874 1360
3875 1361
3876 1357
3877 1358
3878 1359
3879 1358
3880 1359
3881 1357
3882 1357
3883 1358
3884 1358
3885 1358
3886 1358
3887 1358
3888 1358
3889 1357
3890 1356
3891 1356
3892 1359
3893 1357
3894 1357
3895 1357
3896 1357
3897 1356
3898 1361
3899 1358
3900 1357
3901 1357
3902 1357
3903 1356
3904 1359
3905 1357
3906 1358
3907 1357
3908 1358
3909 1357
3910 1357
3911 1359
3912 1356
3913 1357
3914 1357
3915 1358
3916 1358
3917 1358
3918 1357
3919 1355
3920 1359
3921 1358
3922 1359
3923 1356
3924 1357
3925 1357
3926 1356
3927 1357
3928 1358
3929 1359
3930 1358
3931 1357
3932 1359
3933 1359
3934 1360
3935 1357
3936 1359
3937 1357
3938 1360
3939 1359
3940 1359
3941 1358
3942 1358
3943 1358
3944 1357
3945 1357
3946 1355
3947 1355
3948 1359
3949 1358
3950 1357
3951 1357
3952 1357
3953 1356
3954 1359
3955 1355
3956 1356
3957 1357
3958 1358
3959 1354
3960 1357
3961 1357
3962 1358
3963 1357
3964 1358
3965 1356
3966 1357
3967 1354
3968 1356
3969 1357
3970 1359
3971 1356
3972 1357
3973 1357
3974 1358
3975 1357
3976 1357
3977 1357
3978 1361
3979 1355
3980 1355
3981 1358
3982 1356
3983 1358
3984 1358
3985 1357
3986 1355
3987 1359
3988 1358
3989 1357
3990 1358
3991 1356
3992 1356
3993 1360
3994 1356
3995 1358
3996 1356
3997 1357
3998 1355
3999 1356
