0 1354
1 1356
2 1354
3 1357
4 1355
5 1353
6 1355
7 1357
8 1357
9 1357
10 1359
11 1357
12 1357
13 1355
14 1355
15 1357
16 1357
17 1358
18 1357
19 1357
20 1356
21 1356
22 1356
23 1355
24 1356
25 1357
26 1356
27 1356
28 1354
29 1359
30 1357
31 1359
32 1355
33 1357
34 1356
35 1356
36 1354
37 1357
38 1354
39 1358
40 1357
41 1360
42 1357
43 1359
44 1359
45 1356
46 1359
47 1357
48 1355
49 1356
50 1355
51 1358
52 1355
53 1357
54 1357
55 1358
56 1359
57 1358
58 1357
59 1356
60 1358
61 1356
62 1356
63 1356
64 1353
65 1358
66 1355
67 1358
68 1356
69 1356
70 1357
71 1358
72 1356
73 1357
74 1357
75 1356
76 1357
77 1359
78 1355
79 1358
80 1356
81 1357
82 1358
83 1355
84 1355
85 1355
86 1355
87 1355
88 1354
89 1356
90 1355
91 1357
92 1355
93 1355
94 1357
95 1354
96 1358
97 1356
98 1357
99 1358
100 1356
101 1355
102 1356
103 1360
104 1357
105 1360
106 1355
107 1356
108 1354
109 1357
110 1355
111 1356
112 1356
113 1353
114 1356
115 1357
116 1358
117 1357
118 1356
119 1357
120 1353
121 1358
122 1355
123 1357
124 1357
125 1355
126 1358
127 1358
128 1356
129 1355
130 1354
131 1356
132 1356
133 1355
134 1356
135 1358
136 1357
137 1358
138 1355
139 1356
140 1355
141 1356
142 1357
143 1355
144 1355
145 1357
146 1358
147 1356
148 1357
149 1357
150 1357
151 1357
152 1357
153 1358
154 1357
155 1357
156 1357
157 1357
158 1356
159 1358
160 1359
161 1358
162 1355
163 1357
164 1358
165 1357
166 1357
167 1355
168 1356
169 1356
170 1356
171 1358
172 1355
173 1357
174 1358
175 1356
176 1358
177 1357
178 1358
179 1357
180 1355
181 1355
182 1359
183 1355
184 1356
185 1354
186 1356
187 1354
188 1355
189 1357
190 1355
191 1356
192 1359
193 1357
194 1358
195 1355
196 1354
197 1357
198 1358
199 1356
200 1357
201 1356
202 1358
203 1355
204 1356
205 1354
206 1353
207 1356
208 1357
209 1354
210 1357
211 1357
212 1356
213 1356
214 1356
215 1356
216 1354
217 1357
218 1356
219 1357
220 1357
221 1354
222 1355
223 1356
224 1355
225 1355
226 1355
227 1358
228 1356
229 1355
230 1356
231 1357
232 1356
233 1356
234 1355
235 1356
236 1356
237 1356
238 1356
239 1355
240 1354
241 1357
242 1355
243 1356
244 1354
245 1356
246 1356
247 1355
248 1359
249 1357
250 1357
251 1355
252 1356
253 1354
254 1356
255 1356
256 1353
257 1354
258 1356
259 1356
260 1356
261 1356
262 1357
263 1355
264 1355
265 1355
266 1355
267 1354
268 1355
269 1355
270 1358
271 1355
272 1358
273 1356
274 1354
275 1355
276 1356
277 1356
278 1358
279 1357
280 1355
281 1358
282 1355
283 1356
284 1354
285 1357
286 1356
287 1357
288 1354
289 1357
290 1354
291 1357
292 1354
293 1357
294 1355
295 1358
296 1354
297 1358
298 1357
299 1359
300 1358
301 1353
302 1355
303 1354
304 1356
305 1356
306 1356
307 1359
308 1359
309 1357
310 1355
311 1359
312 1355
313 1356
314 1354
315 1356
316 1355
317 1355
318 1358
319 1355
320 1357
321 1357
322 1356
323 1359
324 1355
325 1357
326 1356
327 1357
328 1353
329 1356
330 1354
331 1359
332 1355
333 1357
334 1354
335 1356
336 1355
337 1357
338 1356
339 1357
340 1355
341 1358
342 1357
343 1359
344 1357
345 1360
346 1355
347 1355
348 1356
349 1358
350 1355
351 1357
352 1356
353 1356
354 1357
355 1358
356 1356
357 1355
358 1352
359 1356
360 1356
361 1355
362 1357
363 1356
364 1353
365 1355
366 1359
367 1357
368 1356
369 1357
370 1356
371 1356
372 1355
373 1357
374 1356
375 1358
376 1356
377 1353
378 1357
379 1357
380 1356
381 1359
382 1356
383 1356
384 1355
385 1356
386 1353
387 1357
388 1355
389 1356
390 1355
391 1357
392 1353
393 1356
394 1354
395 1358
396 1357
397 1356
398 1355
399 1358
400 1355
401 1357
402 1357
403 1357
404 1355
405 1358
406 1355
407 1356
408 1353
409 1358
410 1357
411 1359
412 1354
413 1358
414 1355
415 1357
416 1356
417 1358
418 1354
419 1357
420 1354
421 1356
422 1353
423 1355
424 1353
425 1353
426 1355
427 1355
428 1356
429 1355
430 1355
431 1355
432 1357
433 1356
434 1356
435 1357
436 1356
437 1357
438 1355
439 1358
440 1355
441 1357
442 1356
443 1357
444 1354
445 1359
446 1359
447 1359
448 1357
449 1357
450 1356
451 1356
452 1358
453 1357
454 1358
455 1356
456 1357
457 1353
458 1356
459 1356
460 1357
461 1359
462 1355
463 1359
464 1356
465 1357
466 1356
467 1359
468 1355
469 1358
470 1354
471 1357
472 1356
473 1358
474 1356
475 1358
476 1357
477 1357
478 1354
479 1358
480 1356
481 1357
482 1354
483 1359
484 1356
485 1355
486 1354
487 1357
488 1355
489 1354
490 1355
491 1355
492 1354
493 1358
494 1358
495 1359
496 1354
497 1355
498 1353
499 1355
500 1355
501 1360
502 1355
503 1358
504 1356
505 1361
506 1354
507 1354
508 1353
509 1357
510 1355
511 1359
512 1353
513 1357
514 1355
515 1356
516 1356
517 1355
518 1354
519 1360
520 1354
521 1358
522 1355
523 1358
524 1355
525 1356
526 1358
527 1356
528 1357
529 1357
530 1356
531 1360
532 1359
533 1362
534 1361
535 1372
536 1377
537 1393
538 1411
539 1441
540 1478
541 1528
542 1583
543 1647
544 1711
545 1777
546 1843
547 1908
548 1968
549 2026
550 2081
551 2125
552 2171
553 2206
554 2239
555 2259
556 2275
557 2283
558 2284
559 2277
560 2266
561 2247
562 2230
563 2203
564 2175
565 2146
566 2112
567 2078
568 2051
569 2025
570 1998
571 1966
572 1935
573 1906
574 1876
575 1846
576 1820
577 1795
578 1763
579 1740
580 1716
581 1690
582 1674
583 1659
584 1644
585 1631
586 1615
587 1599
588 1585
589 1571
590 1556
591 1545
592 1533
593 1522
594 1507
595 1500
596 1489
597 1479
598 1471
599 1468
600 1459
601 1453
602 1446
603 1439
604 1439
605 1431
606 1422
607 1415
608 1411
609 1409
610 1405
611 1401
612 1397
613 1398
614 1394
615 1392
616 1390
617 1387
618 1385
619 1384
620 1379
621 1378
622 1379
623 1377
624 1376
625 1375
626 1374
627 1374
628 1373
629 1367
630 1369
631 1368
632 1367
633 1368
634 1367
635 1365
636 1363
637 1367
638 1363
639 1365
640 1363
641 1361
642 1361
643 1364
644 1363
645 1364
646 1360
647 1362
648 1363
649 1363
650 1364
651 1362
652 1360
653 1360
654 1357
655 1359
656 1359
657 1360
658 1358
659 1357
660 1356
661 1360
662 1359
663 1360
664 1357
665 1356
666 1357
667 1360
668 1359
669 1360
670 1357
671 1358
672 1361
673 1360
674 1360
675 1358
676 1359
677 1359
678 1360
679 1358
680 1360
681 1361
682 1358
683 1361
684 1359
685 1360
686 1358
687 1358
688 1358
689 1357
690 1357
691 1356
692 1356
693 1359
694 1358
695 1359
696 1356
697 1358
698 1357
699 1357
700 1356
701 1358
702 1355
703 1359
704 1354
705 1356
706 1358
707 1355
708 1357
709 1357
710 1357
711 1359
712 1359
713 1357
714 1356
715 1358
716 1356
717 1357
718 1356
719 1357
720 1359
721 1359
722 1357
723 1355
724 1355
725 1357
726 1358
727 1357
728 1354
729 1355
730 1356
731 1359
732 1353
733 1357
734 1356
735 1357
736 1357
737 1355
738 1356
739 1358
740 1358
741 1357
742 1356
743 1356
744 1355
745 1357
746 1356
747 1357
748 1356
749 1357
750 1358
751 1357
752 1357
753 1356
754 1356
755 1357
756 1358
757 1356
758 1354
759 1358
760 1355
761 1358
762 1359
763 1355
764 1356
765 1358
766 1357
767 1358
768 1356
769 1358
770 1356
771 1355
772 1358
773 1358
774 1357
775 1357
776 1357
777 1358
778 1357
779 1358
780 1356
781 1358
782 1356
783 1356
784 1355
785 1358
786 1356
787 1359
788 1355
789 1357
790 1357
791 1357
792 1355
793 1357
794 1358
795 1357
796 1357
797 1354
798 1357
799 1359
800 1357
801 1360
802 1358
803 1360
804 1360
805 1358
806 1356
807 1360
808 1357
809 1358
810 1358
811 1359
812 1356
813 1356
814 1357
815 1360
816 1360
817 1356
818 1356
819 1355
820 1359
821 1357
822 1354
823 1358
824 1356
825 1356
826 1357
827 1359
828 1357
829 1357
830 1356
831 1357
832 1357
833 1355
834 1357
835 1358
836 1358
837 1354
838 1355
839 1356
840 1358
841 1360
842 1358
843 1356
844 1355
845 1357
846 1357
847 1358
848 1356
849 1357
850 1356
851 1359
852 1355
853 1358
854 1357
855 1357
856 1356
857 1357
858 1359
859 1359
860 1356
861 1360
862 1357
863 1358
864 1358
865 1357
866 1357
867 1357
868 1356
869 1358
870 1357
871 1357
872 1356
873 1357
874 1356
875 1355
876 1355
877 1356
878 1357
879 1354
880 1356
881 1356
882 1358
883 1353
884 1355
885 1356
886 1358
887 1356
888 1354
889 1355
890 1356
891 1357
892 1356
893 1356
894 1356
895 1356
896 1357
897 1360
898 1359
899 1358
900 1357
901 1359
902 1359
903 1356
904 1357
905 1355
906 1357
907 1354
908 1357
909 1355
910 1356
911 1354
912 1355
913 1355
914 1355
915 1355
916 1353
917 1356
918 1357
919 1356
920 1357
921 1355
922 1356
923 1356
924 1355
925 1356
926 1357
927 1355
928 1357
929 1358
930 1358
931 1356
932 1357
933 1357
934 1356
935 1355
936 1358
937 1357
938 1357
939 1355
940 1358
941 1357
942 1355
943 1356
944 1356
945 1359
946 1361
947 1357
948 1358
949 1359
950 1357
951 1358
952 1359
953 1360
954 1358
955 1354
956 1356
957 1357
958 1355
959 1356
960 1356
961 1358
962 1358
963 1358
964 1357
965 1355
966 1356
967 1356
968 1361
969 1356
970 1355
971 1355
972 1356
973 1359
974 1357
975 1356
976 1360
977 1357
978 1358
979 1357
980 1357
981 1356
982 1355
983 1358
984 1356
985 1357
986 1358
987 1359
988 1359
989 1356
990 1359
991 1357
992 1356
993 1355
994 1359
995 1357
996 1356
997 1358
998 1356
999 1356
1000 1356
1001 1357
1002 1355
1003 1359
1004 1358
1005 1356
1006 1357
1007 1356
1008 1356
1009 1357
1010 1357
1011 1358
1012 1356
1013 1359
1014 1361
1015 1357
1016 1357
1017 1356
1018 1355
1019 1356
1020 1356
1021 1357
1022 1357
1023 1356
1024 1361
1025 1357
1026 1359
1027 1358
1028 1359
1029 1359
1030 1357
1031 1357
1032 1359
1033 1357
1034 1358
1035 1357
1036 1358
1037 1357
1038 1356
1039 1359
1040 1357
1041 1358
1042 1358
1043 1361
1044 1356
1045 1358
1046 1359
1047 1355
1048 1357
1049 1356
1050 1356
1051 1360
1052 1358
1053 1359
1054 1357
1055 1359
1056 1359
1057 1358
1058 1359
1059 1357
1060 1357
1061 1354
1062 1357
1063 1357
1064 1356
1065 1357
1066 1358
1067 1359
1068 1357
1069 1358
1070 1356
1071 1357
1072 1354
1073 1358
1074 1357
1075 1359
1076 1358
1077 1357
1078 1358
1079 1357
1080 1359
1081 1355
1082 1359
1083 1355
1084 1357
1085 1357
1086 1360
1087 1356
1088 1355
1089 1356
1090 1357
1091 1353
1092 1356
1093 1355
1094 1358
1095 1355
1096 1358
1097 1359
1098 1355
1099 1355
1100 1356
1101 1356
1102 1358
1103 1357
1104 1356
1105 1355
1106 1356
1107 1358
1108 1356
1109 1358
1110 1356
1111 1355
1112 1357
1113 1357
1114 1358
1115 1356
1116 1358
1117 1358
1118 1358
1119 1356
1120 1358
1121 1359
1122 1358
1123 1357
1124 1355
1125 1355
1126 1358
1127 1356
1128 1355
1129 1357
1130 1357
1131 1358
1132 1358
1133 1357
1134 1356
1135 1354
1136 1358
1137 1359
1138 1356
1139 1355
1140 1355
1141 1356
1142 1357
1143 1357
1144 1356
1145 1357
1146 1355
1147 1355
1148 1354
1149 1357
1150 1355
1151 1354
1152 1355
1153 1357
1154 1355
1155 1357
1156 1358
1157 1358
1158 1357
1159 1357
1160 1357
1161 1358
1162 1356
1163 1353
1164 1356
1165 1357
1166 1360
1167 1358
1168 1358
1169 1357
1170 1358
1171 1356
1172 1356
1173 1357
1174 1357
1175 1355
1176 1355
1177 1358
1178 1357
1179 1357
1180 1357
1181 1357
1182 1356
1183 1355
1184 1353
1185 1357
1186 1358
1187 1358
1188 1357
1189 1356
1190 1356
1191 1356
1192 1356
1193 1357
1194 1357
1195 1357
1196 1357
1197 1358
1198 1358
1199 1354
1200 1358
1201 1358
1202 1354
1203 1357
1204 1359
1205 1358
1206 1357
1207 1358
1208 1357
1209 1358
1210 1353
1211 1356
1212 1356
1213 1357
1214 1355
1215 1358
1216 1357
1217 1357
1218 1357
1219 1358
1220 1360
1221 1355
1222 1356
1223 1356
1224 1355
1225 1354
1226 1356
1227 1355
1228 1357
1229 1356
1230 1358
1231 1357
1232 1356
1233 1359
1234 1357
1235 1357
1236 1356
1237 1357
1238 1357
1239 1358
1240 1358
1241 1357
1242 1356
1243 1358
1244 1356
1245 1357
1246 1357
1247 1356
1248 1356
1249 1355
1250 1355
1251 1358
1252 1354
1253 1356
1254 1354
1255 1354
1256 1356
1257 1358
1258 1359
1259 1354
1260 1356
1261 1355
1262 1356
1263 1355
1264 1357
1265 1359
1266 1356
1267 1358
1268 1355
1269 1357
1270 1357
1271 1358
1272 1359
1273 1359
1274 1360
1275 1356
1276 1358
1277 1357
1278 1356
1279 1353
1280 1357
1281 1356
1282 1357
1283 1355
1284 1355
1285 1357
1286 1357
1287 1356
1288 1358
1289 1357
1290 1358
1291 1355
1292 1354
1293 1358
1294 1354
1295 1356
1296 1356
1297 1357
1298 1358
1299 1356
1300 1355
1301 1356
1302 1355
1303 1354
1304 1357
1305 1354
1306 1358
1307 1356
1308 1359
1309 1356
1310 1353
1311 1357
1312 1356
1313 1357
1314 1355
1315 1357
1316 1356
1317 1353
1318 1353
1319 1356
1320 1356
1321 1355
1322 1356
1323 1357
1324 1357
1325 1357
1326 1357
1327 1358
1328 1356
1329 1357
1330 1357
1331 1354
1332 1356
1333 1356
1334 1357
1335 1359
1336 1354
1337 1355
1338 1355
1339 1357
1340 1357
1341 1355
1342 1353
1343 1354
1344 1356
1345 1355
1346 1354
1347 1356
1348 1357
1349 1359
1350 1356
1351 1357
1352 1357
1353 1360
1354 1356
1355 1356
1356 1356
1357 1358
1358 1356
1359 1356
1360 1356
1361 1356
1362 1357
1363 1358
1364 1357
1365 1357
1366 1358
1367 1361
1368 1354
1369 1353
1370 1357
1371 1359
1372 1358
1373 1355
1374 1353
1375 1356
1376 1356
1377 1358
1378 1356
1379 1356
1380 1355
1381 1356
1382 1356
1383 1353
1384 1355
1385 1354
1386 1358
1387 1357
1388 1357
1389 1355
1390 1355
1391 1355
1392 1359
1393 1355
1394 1358
1395 1358
1396 1361
1397 1359
1398 1358
1399 1356
1400 1356
1401 1357
1402 1357
1403 1357
1404 1356
1405 1354
1406 1355
1407 1355
1408 1356
1409 1357
1410 1360
1411 1355
1412 1357
1413 1360
1414 1357
1415 1357
1416 1358
1417 1358
1418 1357
1419 1357
1420 1356
1421 1357
1422 1356
1423 1356
1424 1356
1425 1354
1426 1359
1427 1357
1428 1359
1429 1357
1430 1356
1431 1357
1432 1355
1433 1357
1434 1353
1435 1354
1436 1358
1437 1359
1438 1357
1439 1357
1440 1359
1441 1357
1442 1358
1443 1356
1444 1358
1445 1356
1446 1356
1447 1357
1448 1356
1449 1356
1450 1355
1451 1358
1452 1356
1453 1356
1454 1353
1455 1357
1456 1355
1457 1358
1458 1357
1459 1356
1460 1356
1461 1356
1462 1355
1463 1352
1464 1356
1465 1359
1466 1357
1467 1357
1468 1357
1469 1354
1470 1356
1471 1356
1472 1356
1473 1357
1474 1358
1475 1356
1476 1356
1477 1355
1478 1355
1479 1357
1480 1356
1481 1357
1482 1359
1483 1358
1484 1356
1485 1355
1486 1355
1487 1359
1488 1357
1489 1356
1490 1356
1491 1357
1492 1358
1493 1358
1494 1356
1495 1357
1496 1354
1497 1356
1498 1354
1499 1356
1500 1355
1501 1357
1502 1358
1503 1357
1504 1353
1505 1357
1506 1355
1507 1358
1508 1357
1509 1355
1510 1355
1511 1357
1512 1357
1513 1356
1514 1356
1515 1359
1516 1361
1517 1358
1518 1358
1519 1357
1520 1356
1521 1354
1522 1355
1523 1356
1524 1354
1525 1357
1526 1354
1527 1357
1528 1357
1529 1355
1530 1355
1531 1356
1532 1359
1533 1355
1534 1355
1535 1354
1536 1355
1537 1356
1538 1357
1539 1357
1540 1354
1541 1357
1542 1353
1543 1353
1544 1355
1545 1355
1546 1356
1547 1357
1548 1354
1549 1357
1550 1356
1551 1355
1552 1356
1553 1359
1554 1354
1555 1355
1556 1356
1557 1356
1558 1358
1559 1356
1560 1356
1561 1355
1562 1354
1563 1358
1564 1356
1565 1358
1566 1357
1567 1358
1568 1357
1569 1356
1570 1357
1571 1357
1572 1358
1573 1355
1574 1353
1575 1353
1576 1356
1577 1357
1578 1357
1579 1356
1580 1355
1581 1356
1582 1354
1583 1356
1584 1353
1585 1356
1586 1355
1587 1355
1588 1351
1589 1356
1590 1356
1591 1358
1592 1356
1593 1356
1594 1358
1595 1357
1596 1356
1597 1356
1598 1356
1599 1354
1600 1356
1601 1357
1602 1355
1603 1354
1604 1355
1605 1358
1606 1355
1607 1356
1608 1357
1609 1355
1610 1357
1611 1357
1612 1356
1613 1356
1614 1355
1615 1355
1616 1356
1617 1356
1618 1354
1619 1356
1620 1356
1621 1357
1622 1356
1623 1353
1624 1356
1625 1355
1626 1356
1627 1357
1628 1356
1629 1357
1630 1354
1631 1357
1632 1356
1633 1357
1634 1357
1635 1358
1636 1357
1637 1356
1638 1356
1639 1354
1640 1356
1641 1355
1642 1357
1643 1354
1644 1358
1645 1356
1646 1358
1647 1355
1648 1357
1649 1353
1650 1358
1651 1358
1652 1358
1653 1354
1654 1354
1655 1358
1656 1357
1657 1356
1658 1358
1659 1355
1660 1355
1661 1355
1662 1354
1663 1355
1664 1359
1665 1357
1666 1356
1667 1355
1668 1355
1669 1356
1670 1357
1671 1359
1672 1355
1673 1354
1674 1354
1675 1357
1676 1357
1677 1356
1678 1352
1679 1357
1680 1356
1681 1357
1682 1357
1683 1357
1684 1357
1685 1358
1686 1356
1687 1358
1688 1357
1689 1357
1690 1358
1691 1354
1692 1359
1693 1357
1694 1358
1695 1357
1696 1353
1697 1356
1698 1357
1699 1356
1700 1357
1701 1355
1702 1358
1703 1356
1704 1354
1705 1352
1706 1356
1707 1357
1708 1356
1709 1353
1710 1357
1711 1360
1712 1360
1713 1354
1714 1355
1715 1357
1716 1357
1717 1356
1718 1357
1719 1356
1720 1356
1721 1355
1722 1356
1723 1354
1724 1356
1725 1357
1726 1356
1727 1357
1728 1356
1729 1355
1730 1354
1731 1356
1732 1355
1733 1354
1734 1357
1735 1356
1736 1355
1737 1357
1738 1356
1739 1357
1740 1354
1741 1356
1742 1355
1743 1356
1744 1358
1745 1357
1746 1357
1747 1357
1748 1358
1749 1355
1750 1356
1751 1356
1752 1356
1753 1356
1754 1354
1755 1353
1756 1355
1757 1356
1758 1354
1759 1355
1760 1353
1761 1355
1762 1356
1763 1357
1764 1354
1765 1354
1766 1356
1767 1355
1768 1356
1769 1356
1770 1354
1771 1356
1772 1354
1773 1356
1774 1356
1775 1355
1776 1358
1777 1357
1778 1358
1779 1357
1780 1357
1781 1357
1782 1356
1783 1358
1784 1356
1785 1357
1786 1356
1787 1353
1788 1356
1789 1357
1790 1356
1791 1355
1792 1357
1793 1357
1794 1356
1795 1356
1796 1356
1797 1355
1798 1357
1799 1355
1800 1356
1801 1357
1802 1356
1803 1356
1804 1357
1805 1357
1806 1356
1807 1353
1808 1356
1809 1356
1810 1358
1811 1357
1812 1357
1813 1355
1814 1357
1815 1356
1816 1355
1817 1355
1818 1354
1819 1357
1820 1356
1821 1357
1822 1354
1823 1354
1824 1355
1825 1355
1826 1355
1827 1358
1828 1356
1829 1357
1830 1355
1831 1356
1832 1356
1833 1357
1834 1356
1835 1350
1836 1359
1837 1359
1838 1362
1839 1357
1840 1356
1841 1356
1842 1359
1843 1358
1844 1354
1845 1354
1846 1357
1847 1358
1848 1355
1849 1355
1850 1356
1851 1357
1852 1356
1853 1355
1854 1356
1855 1358
1856 1355
1857 1357
1858 1358
1859 1358
1860 1356
1861 1354
1862 1355
1863 1358
1864 1355
1865 1357
1866 1356
1867 1355
1868 1355
1869 1352
1870 1354
1871 1358
1872 1358
1873 1355
1874 1355
1875 1359
1876 1357
1877 1357
1878 1354
1879 1357
1880 1355
1881 1354
1882 1354
1883 1355
1884 1358
1885 1354
1886 1353
1887 1357
1888 1355
1889 1357
1890 1356
1891 1355
1892 1356
1893 1354
1894 1357
1895 1354
1896 1357
1897 1357
1898 1358
1899 1357
1900 1356
1901 1357
1902 1355
1903 1357
1904 1355
1905 1357
1906 1354
1907 1356
1908 1357
1909 1357
1910 1357
1911 1356
1912 1356
1913 1358
1914 1356
1915 1355
1916 1355
1917 1355
1918 1355
1919 1355
1920 1357
1921 1356
1922 1357
1923 1356
1924 1357
1925 1356
1926 1357
1927 1356
1928 1358
1929 1355
1930 1356
1931 1355
1932 1357
1933 1354
1934 1357
1935 1357
1936 1358
1937 1356
1938 1359
1939 1358
1940 1359
1941 1357
1942 1358
1943 1359
1944 1356
1945 1357
1946 1356
1947 1357
1948 1357
1949 1355
1950 1356
1951 1357
1952 1357
1953 1359
1954 1357
1955 1354
1956 1356
1957 1357
1958 1356
1959 1359
1960 1355
1961 1356
1962 1356
1963 1354
1964 1355
1965 1356
1966 1357
1967 1355
1968 1358
1969 1355
1970 1358
1971 1356
1972 1357
1973 1355
1974 1358
1975 1354
1976 1355
1977 1357
1978 1356
1979 1357
1980 1356
1981 1358
1982 1356
1983 1355
1984 1358
1985 1360
1986 1356
1987 1358
1988 1358
1989 1359
1990 1359
1991 1356
1992 1355
1993 1357
1994 1356
1995 1356
1996 1357
1997 1357
1998 1358
1999 1358
2000 1357
2001 1360
2002 1360
2003 1357
2004 1357
2005 1355
2006 1358
2007 1357
2008 1355
2009 1355
2010 1356
2011 1357
2012 1355
2013 1354
2014 1353
2015 1354
2016 1357
2017 1361
2018 1357
2019 1354
2020 1356
2021 1357
2022 1357
2023 1360
2024 1357
2025 1357
2026 1356
2027 1357
2028 1357
2029 1360
2030 1358
2031 1358
2032 1356
2033 1357
2034 1356
2035 1353
2036 1357
2037 1358
2038 1355
2039 1357
2040 1354
2041 1356
2042 1357
2043 1359
2044 1358
2045 1357
2046 1356
2047 1357
2048 1354
2049 1356
2050 1356
2051 1357
2052 1356
2053 1358
2054 1356
2055 1357
2056 1357
2057 1358
2058 1357
2059 1361
2060 1354
2061 1355
2062 1355
2063 1357
2064 1354
2065 1357
2066 1356
2067 1355
2068 1357
2069 1357
2070 1354
2071 1358
2072 1356
2073 1361
2074 1358
2075 1357
2076 1356
2077 1356
2078 1358
2079 1357
2080 1355
2081 1354
2082 1356
2083 1357
2084 1359
2085 1357
2086 1357
2087 1357
2088 1356
2089 1356
2090 1355
2091 1353
2092 1356
2093 1357
2094 1356
2095 1357
2096 1356
2097 1356
2098 1357
2099 1353
2100 1356
2101 1355
2102 1355
2103 1357
2104 1356
2105 1356
2106 1357
2107 1357
2108 1358
2109 1356
2110 1357
2111 1356
2112 1356
2113 1355
2114 1356
2115 1357
2116 1357
2117 1360
2118 1358
2119 1358
2120 1356
2121 1357
2122 1354
2123 1355
2124 1356
2125 1360
2126 1359
2127 1355
2128 1354
2129 1356
2130 1355
2131 1356
2132 1357
2133 1356
2134 1356
2135 1356
2136 1356
2137 1355
2138 1356
2139 1355
2140 1356
2141 1357
2142 1358
2143 1358
2144 1357
2145 1357
2146 1356
2147 1355
2148 1357
2149 1355
2150 1355
2151 1358
2152 1357
2153 1359
2154 1359
2155 1358
2156 1357
2157 1356
2158 1358
2159 1355
2160 1356
2161 1356
2162 1358
2163 1357
2164 1354
2165 1355
2166 1354
2167 1354
2168 1356
2169 1357
2170 1355
2171 1356
2172 1356
2173 1356
2174 1356
2175 1356
2176 1356
2177 1357
2178 1358
2179 1357
2180 1357
2181 1357
2182 1356
2183 1357
2184 1356
2185 1355
2186 1354
2187 1358
2188 1357
2189 1357
2190 1356
2191 1356
2192 1356
2193 1353
2194 1353
2195 1352
2196 1358
2197 1360
2198 1357
2199 1355
2200 1354
2201 1357
2202 1358
2203 1359
2204 1356
2205 1355
2206 1356
2207 1357
2208 1356
2209 1356
2210 1356
2211 1357
2212 1358
2213 1357
2214 1355
2215 1354
2216 1355
2217 1357
2218 1358
2219 1357
2220 1352
2221 1355
2222 1357
2223 1358
2224 1356
2225 1354
2226 1357
2227 1358
2228 1356
2229 1356
2230 1355
2231 1356
2232 1356
2233 1358
2234 1357
2235 1355
2236 1357
2237 1357
2238 1357
2239 1358
2240 1356
2241 1357
2242 1356
2243 1359
2244 1356
2245 1357
2246 1357
2247 1358
2248 1356
2249 1357
2250 1356
2251 1358
2252 1357
2253 1357
2254 1357
2255 1357
2256 1358
2257 1357
2258 1357
2259 1356
2260 1356
2261 1358
2262 1358
2263 1355
2264 1356
2265 1355
2266 1355
2267 1356
2268 1355
2269 1358
2270 1356
2271 1355
2272 1356
2273 1356
2274 1356
2275 1357
2276 1356
2277 1356
2278 1357
2279 1357
2280 1355
2281 1356
2282 1356
2283 1353
2284 1355
2285 1355
2286 1356
2287 1356
2288 1355
2289 1356
2290 1356
2291 1355
2292 1356
2293 1355
2294 1355
2295 1357
2296 1355
2297 1357
2298 1356
2299 1357
2300 1356
2301 1357
2302 1358
2303 1356
2304 1358
2305 1355
2306 1356
2307 1355
2308 1356
2309 1357
2310 1356
2311 1357
2312 1356
2313 1357
2314 1355
2315 1357
2316 1356
2317 1355
2318 1355
2319 1356
2320 1358
2321 1355
2322 1357
2323 1356
2324 1358
2325 1357
2326 1355
2327 1354
2328 1356
2329 1362
2330 1358
2331 1358
2332 1355
2333 1357
2334 1353
2335 1357
2336 1358
2337 1356
2338 1358
2339 1355
2340 1358
2341 1357
2342 1356
2343 1360
2344 1355
2345 1354
2346 1356
2347 1354
2348 1356
2349 1355
2350 1356
2351 1354
2352 1357
2353 1357
2354 1355
2355 1356
2356 1356
2357 1357
2358 1356
2359 1357
2360 1356
2361 1357
2362 1356
2363 1357
2364 1355
2365 1357
2366 1358
2367 1356
2368 1355
2369 1356
2370 1354
2371 1359
2372 1356
2373 1357
2374 1354
2375 1351
2376 1355
2377 1359
2378 1358
2379 1357
2380 1356
2381 1358
2382 1355
2383 1355
2384 1355
2385 1356
2386 1357
2387 1354
2388 1355
2389 1355
2390 1357
2391 1361
2392 1359
2393 1360
2394 1355
2395 1356
2396 1356
2397 1357
2398 1359
2399 1357
2400 1354
2401 1355
2402 1356
2403 1360
2404 1356
2405 1354
2406 1359
2407 1359
2408 1357
2409 1355
2410 1354
2411 1357
2412 1355
2413 1357
2414 1356
2415 1355
2416 1358
2417 1356
2418 1357
2419 1360
2420 1357
2421 1357
2422 1357
2423 1357
2424 1358
2425 1356
2426 1355
2427 1356
2428 1356
2429 1357
2430 1356
2431 1357
2432 1355
2433 1357
2434 1356
2435 1359
2436 1356
2437 1357
2438 1354
2439 1353
2440 1355
2441 1357
2442 1354
2443 1354
2444 1355
2445 1357
2446 1358
2447 1355
2448 1357
2449 1356
2450 1356
2451 1357
2452 1356
2453 1354
2454 1354
2455 1356
2456 1356
2457 1356
2458 1358
2459 1355
2460 1354
2461 1356
2462 1353
2463 1356
2464 1355
2465 1356
2466 1358
2467 1354
2468 1355
2469 1356
2470 1355
2471 1356
2472 1356
2473 1359
2474 1355
2475 1356
2476 1359
2477 1357
2478 1358
2479 1355
2480 1353
2481 1357
2482 1357
2483 1358
2484 1359
2485 1358
2486 1357
2487 1354
2488 1354
2489 1356
2490 1355
2491 1357
2492 1358
2493 1357
2494 1357
2495 1356
2496 1357
2497 1357
2498 1356
2499 1355
2500 1356
2501 1354
2502 1357
2503 1357
2504 1356
2505 1357
2506 1353
2507 1357
2508 1357
2509 1355
2510 1356
2511 1358
2512 1358
2513 1357
2514 1357
2515 1358
2516 1355
2517 1355
2518 1355
2519 1358
2520 1357
2521 1357
2522 1353
2523 1354
2524 1354
2525 1355
2526 1353
2527 1354
2528 1356
2529 1359
2530 1357
2531 1356
2532 1356
2533 1357
2534 1355
2535 1355
2536 1355
2537 1356
2538 1355
2539 1356
2540 1354
2541 1357
2542 1356
2543 1358
2544 1356
2545 1358
2546 1356
2547 1357
2548 1356
2549 1356
2550 1353
2551 1356
2552 1355
2553 1357
2554 1358
2555 1355
2556 1357
2557 1359
2558 1359
2559 1357
2560 1355
2561 1359
2562 1357
2563 1359
2564 1358
2565 1354
2566 1356
2567 1356
2568 1358
2569 1359
2570 1357
2571 1359
2572 1359
2573 1357
2574 1357
2575 1358
2576 1355
2577 1354
2578 1359
2579 1358
2580 1356
2581 1354
2582 1355
2583 1361
2584 1356
2585 1357
2586 1355
2587 1358
2588 1358
2589 1357
2590 1357
2591 1355
2592 1354
2593 1356
2594 1354
2595 1357
2596 1359
2597 1358
2598 1356
2599 1356
2600 1356
2601 1356
2602 1359
2603 1358
2604 1359
2605 1356
2606 1356
2607 1356
2608 1358
2609 1359
2610 1357
2611 1357
2612 1356
2613 1356
2614 1356
2615 1356
2616 1358
2617 1357
2618 1359
2619 1359
2620 1355
2621 1358
2622 1356
2623 1357
2624 1357
2625 1357
2626 1354
2627 1357
2628 1359
2629 1358
2630 1358
2631 1354
2632 1357
2633 1355
2634 1356
2635 1358
2636 1360
2637 1358
2638 1358
2639 1356
2640 1357
2641 1356
2642 1356
2643 1356
2644 1356
2645 1357
2646 1358
2647 1357
2648 1358
2649 1355
2650 1357
2651 1357
2652 1360
2653 1359
2654 1359
2655 1360
2656 1359
2657 1358
2658 1361
2659 1357
2660 1359
2661 1356
2662 1358
2663 1357
2664 1358
2665 1359
2666 1359
2667 1356
2668 1358
2669 1356
2670 1356
2671 1356
2672 1357
2673 1358
2674 1356
2675 1359
2676 1357
2677 1356
2678 1357
2679 1355
2680 1356
2681 1357
2682 1360
2683 1356
2684 1354
2685 1356
2686 1357
2687 1357
2688 1356
2689 1357
2690 1356
2691 1357
2692 1356
2693 1358
2694 1356
2695 1356
2696 1358
2697 1357
2698 1357
2699 1357
2700 1356
2701 1356
2702 1356
2703 1357
2704 1358
2705 1355
2706 1356
2707 1357
2708 1356
2709 1354
2710 1353
2711 1357
2712 1357
2713 1355
2714 1357
2715 1355
2716 1356
2717 1356
2718 1354
2719 1355
2720 1356
2721 1354
2722 1356
2723 1355
2724 1358
2725 1357
2726 1358
2727 1355
2728 1356
2729 1355
2730 1357
2731 1355
2732 1356
2733 1355
2734 1355
2735 1353
2736 1356
2737 1357
2738 1356
2739 1354
2740 1356
2741 1357
2742 1358
2743 1358
2744 1354
2745 1356
2746 1355
2747 1354
2748 1356
2749 1354
2750 1356
2751 1355
2752 1360
2753 1358
2754 1357
2755 1356
2756 1356
2757 1354
2758 1359
2759 1357
2760 1359
2761 1352
2762 1357
2763 1360
2764 1357
2765 1354
2766 1358
2767 1357
2768 1356
2769 1356
2770 1356
2771 1358
2772 1358
2773 1356
2774 1355
2775 1352
2776 1360
2777 1359
2778 1355
2779 1358
2780 1356
2781 1354
2782 1358
2783 1356
2784 1355
2785 1357
2786 1356
2787 1357
2788 1358
2789 1357
2790 1356
2791 1356
2792 1355
2793 1356
2794 1356
2795 1357
2796 1356
2797 1360
2798 1357
2799 1357
2800 1356
2801 1354
2802 1356
2803 1357
2804 1356
2805 1356
2806 1354
2807 1355
2808 1357
2809 1354
2810 1353
2811 1356
2812 1356
2813 1357
2814 1357
2815 1357
2816 1356
2817 1355
2818 1358
2819 1358
2820 1360
2821 1359
2822 1355
2823 1355
2824 1355
2825 1358
2826 1356
2827 1354
2828 1356
2829 1357
2830 1355
2831 1355
2832 1356
2833 1358
2834 1354
2835 1356
2836 1355
2837 1357
2838 1355
2839 1355
2840 1357
2841 1357
2842 1355
2843 1356
2844 1355
2845 1357
2846 1358
2847 1359
2848 1357
2849 1357
2850 1355
2851 1353
2852 1356
2853 1354
2854 1357
2855 1355
2856 1354
2857 1355
2858 1355
2859 1356
2860 1355
2861 1355
2862 1356
2863 1355
2864 1353
2865 1357
2866 1356
2867 1357
2868 1359
2869 1355
2870 1357
2871 1358
2872 1357
2873 1358
2874 1356
2875 1359
2876 1352
2877 1357
2878 1356
2879 1356
2880 1356
2881 1355
2882 1358
2883 1356
2884 1358
2885 1357
2886 1359
2887 1356
2888 1355
2889 1353
2890 1355
2891 1355
2892 1356
2893 1356
2894 1355
2895 1357
2896 1357
2897 1356
2898 1356
2899 1354
2900 1356
2901 1357
2902 1357
2903 1354
2904 1354
2905 1355
2906 1355
2907 1355
2908 1355
2909 1359
2910 1357
2911 1357
2912 1355
2913 1357
2914 1359
2915 1354
2916 1355
2917 1357
2918 1354
2919 1355
2920 1356
2921 1356
2922 1355
2923 1357
2924 1355
2925 1356
2926 1356
2927 1357
2928 1358
2929 1355
2930 1355
2931 1355
2932 1357
2933 1355
2934 1357
2935 1358
2936 1355
2937 1357
2938 1359
2939 1357
2940 1356
2941 1356
2942 1356
2943 1357
2944 1357
2945 1354
2946 1355
2947 1355
2948 1358
2949 1355
2950 1356
2951 1358
2952 1355
2953 1357
2954 1355
2955 1355
2956 1356
2957 1358
2958 1360
2959 1356
2960 1354
2961 1353
2962 1357
2963 1359
2964 1356
2965 1354
2966 1357
2967 1357
2968 1356
2969 1354
2970 1357
2971 1357
2972 1357
2973 1357
2974 1359
2975 1354
2976 1355
2977 1355
2978 1357
2979 1357
2980 1359
2981 1357
2982 1360
2983 1357
2984 1355
2985 1359
2986 1356
2987 1357
2988 1355
2989 1356
2990 1354
2991 1357
2992 1357
2993 1355
2994 1355
2995 1357
2996 1358
2997 1355
2998 1357
2999 1355
3000 1354
3001 1356
3002 1356
3003 1355
3004 1356
3005 1357
3006 1354
3007 1353
3008 1356
3009 1353
3010 1353
3011 1353
3012 1356
3013 1357
3014 1358
3015 1352
3016 1354
3017 1354
3018 1356
3019 1357
3020 1356
3021 1355
3022 1360
3023 1357
3024 1356
3025 1354
3026 1356
3027 1356
3028 1357
3029 1357
3030 1357
3031 1357
3032 1359
3033 1357
3034 1357
3035 1355
3036 1357
3037 1353
3038 1356
3039 1356
3040 1357
3041 1354
3042 1355
3043 1357
3044 1356
3045 1353
3046 1357
3047 1354
3048 1352
3049 1356
3050 1354
3051 1354
3052 1356
3053 1356
3054 1354
3055 1356
3056 1357
3057 1355
3058 1355
3059 1357
3060 1353
3061 1356
3062 1354
3063 1357
3064 1358
3065 1357
3066 1356
3067 1358
3068 1355
3069 1357
3070 1358
3071 1357
3072 1359
3073 1353
3074 1357
3075 1354
3076 1358
3077 1356
3078 1354
3079 1358
3080 1358
3081 1358
3082 1357
3083 1357
3084 1357
3085 1357
3086 1357
3087 1357
3088 1356
3089 1357
3090 1357
3091 1358
3092 1357
3093 1357
3094 1358
3095 1355
3096 1359
3097 1360
3098 1360
3099 1356
3100 1356
3101 1357
3102 1355
3103 1357
3104 1355
3105 1357
3106 1356
3107 1360
3108 1356
3109 1359
3110 1357
3111 1356
3112 1358
3113 1357
3114 1356
3115 1357
3116 1357
3117 1355
3118 1358
3119 1360
3120 1356
3121 1357
3122 1360
3123 1359
3124 1358
3125 1354
3126 1356
3127 1359
3128 1359
3129 1358
3130 1355
3131 1357
3132 1358
3133 1355
3134 1354
3135 1353
3136 1356
3137 1357
3138 1355
3139 1357
3140 1352
3141 1355
3142 1355
3143 1357
3144 1356
3145 1354
3146 1355
3147 1359
3148 1355
3149 1357
3150 1357
3151 1356
3152 1356
3153 1359
3154 1357
3155 1357
3156 1356
3157 1357
3158 1357
3159 1358
3160 1357
3161 1358
3162 1354
3163 1357
3164 1355
3165 1356
3166 1357
3167 1356
3168 1356
3169 1356
3170 1355
3171 1357
3172 1356
3173 1358
3174 1356
3175 1359
3176 1355
3177 1358
3178 1356
3179 1355
3180 1354
3181 1354
3182 1355
3183 1357
3184 1354
3185 1357
3186 1357
3187 1357
3188 1353
3189 1358
3190 1357
3191 1355
3192 1355
3193 1357
3194 1354
3195 1355
3196 1355
3197 1354
3198 1356
3199 1358
3200 1356
3201 1357
3202 1359
3203 1354
3204 1353
3205 1357
3206 1353
3207 1356
3208 1354
3209 1353
3210 1356
3211 1357
3212 1354
3213 1357
3214 1355
3215 1357
3216 1356
3217 1357
3218 1356
3219 1356
3220 1357
3221 1355
3222 1354
3223 1354
3224 1355
3225 1357
3226 1354
3227 1355
3228 1353
3229 1357
3230 1355
3231 1357
3232 1354
3233 1356
3234 1355
3235 1357
3236 1356
3237 1356
3238 1356
3239 1359
3240 1356
3241 1356
3242 1359
3243 1358
3244 1359
3245 1359
3246 1358
3247 1358
3248 1355
3249 1355
3250 1354
3251 1354
3252 1356
3253 1358
3254 1354
3255 1354
3256 1355
3257 1355
3258 1355
3259 1357
3260 1355
3261 1356
3262 1354
3263 1356
3264 1353
3265 1357
3266 1356
3267 1359
3268 1355
3269 1357
3270 1356
3271 1360
3272 1356
3273 1356
3274 1353
3275 1354
3276 1357
3277 1361
3278 1357
3279 1356
3280 1355
3281 1356
3282 1358
3283 1358
3284 1355
3285 1357
3286 1356
3287 1357
3288 1357
3289 1356
3290 1356
3291 1358
3292 1355
3293 1357
3294 1353
3295 1355
3296 1355
3297 1357
3298 1354
3299 1355
3300 1352
3301 1355
3302 1354
3303 1359
3304 1357
3305 1360
3306 1356
3307 1357
3308 1357
3309 1358
3310 1355
3311 1359
3312 1353
3313 1354
3314 1356
3315 1358
3316 1356
3317 1356
3318 1355
3319 1356
3320 1352
3321 1358
3322 1351
3323 1354
3324 1353
3325 1357
3326 1356
3327 1358
3328 1356
3329 1354
3330 1355
3331 1354
3332 1355
3333 1358
3334 1353
3335 1358
3336 1356
3337 1360
3338 1359
3339 1357
3340 1358
3341 1358
3342 1354
3343 1355
3344 1358
3345 1356
3346 1355
3347 1357
3348 1358
3349 1359
3350 1359
3351 1359
3352 1356
3353 1357
3354 1354
3355 1353
3356 1353
3357 1356
3358 1355
3359 1357
3360 1353
3361 1357
3362 1356
3363 1362
3364 1356
3365 1354
3366 1355
3367 1355
3368 1355
3369 1354
3370 1354
3371 1357
3372 1356
3373 1357
3374 1354
3375 1357
3376 1357
3377 1357
3378 1355
3379 1354
3380 1355
3381 1356
3382 1353
3383 1357
3384 1356
3385 1356
3386 1357
3387 1356
3388 1356
3389 1358
3390 1355
3391 1353
3392 1355
3393 1357
3394 1356
3395 1358
3396 1357
3397 1357
3398 1356
3399 1356
3400 1357
3401 1357
3402 1357
3403 1355
3404 1356
3405 1356
3406 1355
3407 1356
3408 1356
3409 1358
3410 1354
3411 1356
3412 1354
3413 1355
3414 1357
3415 1360
3416 1358
3417 1356
3418 1355
3419 1356
3420 1355
3421 1357
3422 1356
3423 1356
3424 1356
3425 1358
3426 1355
3427 1357
3428 1357
3429 1357
3430 1355
3431 1358
3432 1355
3433 1356
3434 1352
3435 1358
3436 1354
3437 1358
3438 1358
3439 1358
3440 1353
3441 1356
3442 1355
3443 1356
3444 1356
3445 1357
3446 1358
3447 1357
3448 1352
3449 1357
3450 1357
3451 1357
3452 1356
3453 1356
3454 1356
3455 1359
3456 1358
3457 1362
3458 1356
3459 1358
3460 1356
3461 1356
3462 1354
3463 1357
3464 1353
3465 1355
3466 1355
3467 1354
3468 1352
3469 1356
3470 1356
3471 1355
3472 1356
3473 1355
3474 1353
3475 1356
3476 1358
3477 1356
3478 1357
3479 1357
3480 1356
3481 1356
3482 1355
3483 1357
3484 1355
3485 1356
3486 1355
3487 1357
3488 1354
3489 1356
3490 1357
3491 1356
3492 1355
3493 1357
3494 1354
3495 1357
3496 1357
3497 1358
3498 1355
3499 1354
3500 1355
3501 1356
3502 1353
3503 1356
3504 1354
3505 1357
3506 1353
3507 1357
3508 1356
3509 1357
3510 1353
3511 1355
3512 1355
3513 1355
3514 1356
3515 1360
3516 1358
3517 1357
3518 1353
3519 1357
3520 1356
3521 1356
3522 1355
3523 1358
3524 1355
3525 1358
3526 1357
3527 1356
3528 1355
3529 1357
3530 1354
3531 1357
3532 1359
3533 1355
3534 1356
3535 1355
3536 1356
3537 1357
3538 1359
3539 1356
3540 1356
3541 1355
3542 1358
3543 1356
3544 1356
3545 1356
3546 1356
3547 1354
3548 1356
3549 1356
3550 1356
3551 1358
3552 1357
3553 1357
3554 1356
3555 1357
3556 1355
3557 1359
3558 1357
3559 1355
3560 1356
3561 1357
3562 1356
3563 1355
3564 1355
3565 1356
3566 1356
3567 1355
3568 1355
3569 1355
3570 1358
3571 1355
3572 1356
3573 1356
3574 1355
3575 1355
3576 1355
3577 1357
3578 1357
3579 1355
3580 1356
3581 1357
3582 1356
3583 1358
3584 1359
3585 1357
3586 1356
3587 1356
3588 1355
3589 1356
3590 1357
3591 1356
3592 1356
3593 1355
3594 1356
3595 1354
3596 1356
3597 1355
3598 1357
3599 1356
3600 1358
3601 1356
3602 1356
3603 1355
3604 1357
3605 1360
3606 1355
3607 1356
3608 1356
3609 1357
3610 1356
3611 1356
3612 1358
3613 1357
3614 1355
3615 1356
3616 1355
3617 1356
3618 1357
3619 1353
3620 1357
3621 1355
3622 1356
3623 1356
3624 1358
3625 1354
3626 1354
3627 1356
3628 1357
3629 1356
3630 1358
3631 1354
3632 1355
3633 1357
3634 1355
3635 1355
3636 1353
3637 1358
3638 1357
3639 1358
3640 1356
3641 1357
3642 1358
3643 1356
3644 1356
3645 1355
3646 1356
3647 1357
3648 1356
3649 1355
3650 1357
3651 1355
3652 1358
3653 1356
3654 1358
3655 1357
3656 1356
3657 1358
3658 1358
3659 1357
3660 1356
3661 1355
3662 1357
3663 1357
3664 1358
3665 1357
3666 1356
3667 1356
3668 1358
3669 1354
3670 1355
3671 1353
3672 1356
3673 1355
3674 1355
3675 1359
3676 1357
3677 1358
3678 1356
3679 1357
3680 1358
3681 1360
3682 1356
3683 1356
3684 1357
3685 1355
3686 1354
3687 1356
3688 1356
3689 1356
3690 1357
3691 1358
3692 1358
3693 1354
3694 1357
3695 1356
3696 1355
3697 1357
3698 1356
3699 1357
3700 1356
3701 1356
3702 1358
3703 1356
3704 1356
3705 1354
3706 1356
3707 1355
3708 1355
3709 1356
3710 1354
3711 1357
3712 1355
3713 1353
3714 1356
3715 1354
3716 1355
3717 1352
3718 1353
3719 1353
3720 1355
3721 1356
3722 1354
3723 1357
3724 1356
3725 1357
3726 1355
3727 1355
3728 1355
3729 1353
3730 1353
3731 1357
3732 1357
3733 1358
3734 1359
3735 1356
3736 1357
3737 1355
3738 1356
3739 1356
3740 1354
3741 1356
3742 1356
3743 1357
3744 1357
3745 1356
3746 1355
3747 1354
3748 1355
3749 1355
3750 1355
3751 1353
3752 1357
3753 1357
3754 1357
3755 1359
3756 1359
3757 1355
3758 1353
3759 1355
3760 1356
3761 1358
3762 1359
3763 1357
3764 1358
3765 1355
3766 1355
3767 1357
3768 1356
3769 1357
3770 1358
3771 1357
3772 1357
3773 1356
3774 1354
3775 1354
3776 1357
3777 1355
3778 1356
3779 1355
3780 1356
3781 1359
3782 1358
3783 1357
3784 1358
3785 1357
3786 1359
3787 1356
3788 1357
3789 1353
3790 1355
3791 1357
3792 1358
3793 1355
3794 1358
3795 1356
3796 1355
3797 1354
3798 1356
3799 1357
3800 1358
3801 1356
3802 1356
3803 1358
3804 1356
3805 1358
3806 1356
3807 1357
3808 1356
3809 1352
3810 1355
3811 1353
3812 1356
3813 1354
3814 1355
3815 1351
3816 1355
3817 1357
3818 1357
3819 1354
3820 1357
3821 1357
3822 1355
3823 1356
3824 1355
3825 1356
3826 1356
3827 1356
3828 1356
3829 1352
3830 1355
3831 1356
3832 1358
3833 1357
3834 1356
3835 1356
3836 1356
3837 1356
3838 1356
3839 1356
3840 1356
3841 1357
3842 1356
3843 1357
3844 1356
3845 1355
3846 1357
3847 1356
3848 1354
3849 1355
3850 1354
3851 1357
3852 1355
3853 1357
3854 1354
3855 1357
3856 1356
3857 1357
3858 1354
3859 1355
3860 1354
3861 1358
3862 1356
3863 1358
3864 1356
3865 1355
3866 1358
3867 1355
3868 1356
3869 1356
3870 1358
3871 1358
3872 1355
3873 1359
3874 1358
3875 1357
3876 1355
3877 1356
3878 1354
3879 1356
3880 1357
3881 1357
3882 1355
3883 1356
3884 1357
3885 1357
3886 1359
3887 1355
3888 1356
3889 1356
3890 1355
3891 1358
3892 1357
3893 1357
3894 1353
3895 1355
3896 1356
3897 1354
3898 1356
3899 1356
3900 1354
3901 1355
3902 1355
3903 1354
3904 1354
3905 1357
3906 1356
3907 1357
3908 1355
3909 1354
3910 1356
3911 1357
3912 1356
3913 1357
3914 1354
3915 1357
3916 1356
3917 1354
3918 1355
3919 1357
3920 1359
3921 1356
3922 1356
3923 1357
3924 1356
3925 1354
3926 1358
3927 1356
3928 1355
3929 1356
3930 1355
3931 1358
3932 1355
3933 1356
3934 1355
3935 1357
3936 1355
3937 1355
3938 1355
3939 1357
3940 1355
3941 1354
3942 1353
3943 1356
3944 1356
3945 1356
3946 1357
3947 1357
3948 1354
3949 1357
3950 1356
3951 1357
3952 1355
3953 1356
3954 1356
3955 1357
3956 1356
3957 1357
3958 1356
3959 1354
3960 1356
3961 1355
3962 1356
3963 1357
3964 1357
3965 1358
3966 1355
3967 1354
3968 1356
3969 1356
3970 1355
3971 1356
3972 1357
3973 1358
3974 1357
3975 1355
3976 1355
3977 1356
3978 1356
3979 1356
3980 1356
3981 1356
3982 1356
3983 1357
3984 1357
3985 1357
3986 1357
3987 1356
3988 1355
3989 1355
3990 1354
3991 1356
3992 1355
3993 1354
3994 1351
3995 1353
3996 1355
3997 1360
3998 1356
3999 1357
