0 1356
1 1356
2 1358
3 1357
4 1358
5 1356
6 1356
7 1352
8 1356
9 1356
10 1354
11 1358
12 1357
13 1356
14 1353
15 1353
16 1356
17 1356
18 1355
19 1353
20 1360
21 1357
22 1356
23 1355
24 1355
25 1356
26 1356
27 1357
28 1356
29 1355
30 1356
31 1353
32 1357
33 1356
34 1358
35 1357
36 1359
37 1356
38 1356
39 1356
40 1355
41 1355
42 1358
43 1357
44 1360
45 1355
46 1358
47 1356
48 1355
49 1354
50 1357
51 1357
52 1356
53 1356
54 1356
55 1354
56 1354
57 1355
58 1357
59 1355
60 1357
61 1355
62 1358
63 1355
64 1358
65 1358
66 1357
67 1356
68 1355
69 1356
70 1359
71 1356
72 1358
73 1354
74 1357
75 1357
76 1356
77 1356
78 1354
79 1355
80 1356
81 1353
82 1357
83 1355
84 1356
85 1354
86 1357
87 1357
88 1356
89 1354
90 1359
91 1356
92 1358
93 1358
94 1357
95 1356
96 1359
97 1356
98 1357
99 1354
100 1357
101 1355
102 1357
103 1352
104 1358
105 1356
106 1359
107 1357
108 1358
109 1356
110 1361
111 1358
112 1358
113 1356
114 1357
115 1355
116 1358
117 1355
118 1353
119 1353
120 1359
121 1355
122 1354
123 1357
124 1358
125 1356
126 1357
127 1353
128 1357
129 1357
130 1356
131 1356
132 1356
133 1356
134 1357
135 1355
136 1356
137 1358
138 1357
139 1357
140 1356
141 1356
142 1354
143 1358
144 1355
145 1357
146 1356
147 1354
148 1351
149 1355
150 1357
151 1356
152 1357
153 1355
154 1357
155 1356
156 1355
157 1356
158 1356
159 1357
160 1355
161 1357
162 1357
163 1359
164 1358
165 1357
166 1356
167 1356
168 1360
169 1355
170 1357
171 1357
172 1355
173 1354
174 1356
175 1353
176 1355
177 1355
178 1355
179 1353
180 1358
181 1358
182 1358
183 1355
184 1357
185 1357
186 1354
187 1354
188 1357
189 1354
190 1356
191 1356
192 1355
193 1355
194 1355
195 1355
196 1355
197 1354
198 1356
199 1356
200 1356
201 1356
202 1360
203 1356
204 1356
205 1355
206 1357
207 1356
208 1354
209 1356
210 1360
211 1357
212 1359
213 1358
214 1359
215 1358
216 1356
217 1356
218 1358
219 1358
220 1358
221 1357
222 1357
223 1358
224 1357
225 1356
226 1359
227 1356
228 1354
229 1357
230 1358
231 1358
232 1357
233 1355
234 1356
235 1353
236 1355
237 1356
238 1357
239 1354
240 1354
241 1353
242 1359
243 1357
244 1356
245 1357
246 1357
247 1356
248 1354
249 1353
250 1353
251 1356
252 1355
253 1357
254 1355
255 1357
256 1360
257 1361
258 1354
259 1358
260 1357
261 1356
262 1356
263 1357
264 1358
265 1358
266 1354
267 1354
268 1356
269 1356
270 1357
271 1356
272 1356
273 1356
274 1356
275 1353
276 1357
277 1354
278 1356
279 1358
280 1357
281 1358
282 1357
283 1355
284 1356
285 1354
286 1358
287 1354
288 1357
289 1355
290 1359
291 1358
292 1357
293 1356
294 1357
295 1357
296 1357
297 1359
298 1358
299 1355
300 1357
301 1357
302 1358
303 1358
304 1354
305 1356
306 1357
307 1355
308 1355
309 1357
310 1358
311 1361
312 1357
313 1356
314 1356
315 1356
316 1356
317 1356
318 1355
319 1356
320 1358
321 1358
322 1356
323 1360
324 1357
325 1356
326 1357
327 1355
328 1355
329 1356
330 1357
331 1357
332 1355
333 1353
334 1354
335 1356
336 1355
337 1357
338 1357
339 1355
340 1357
341 1359
342 1355
343 1359
344 1356
345 1354
346 1356
347 1355
348 1359
349 1355
350 1354
351 1358
352 1358
353 1353
354 1354
355 1356
356 1360
357 1359
358 1354
359 1357
360 1357
361 1359
362 1356
363 1354
364 1355
365 1355
366 1356
367 1358
368 1357
369 1358
370 1360
371 1356
372 1357
373 1357
374 1358
375 1358
376 1357
377 1356
378 1357
379 1359
380 1355
381 1358
382 1358
383 1359
384 1358
385 1357
386 1356
387 1355
388 1355
389 1355
390 1356
391 1358
392 1357
393 1357
394 1356
395 1358
396 1358
397 1359
398 1357
399 1358
400 1358
401 1358
402 1360
403 1359
404 1359
405 1359
406 1359
407 1357
408 1358
409 1359
410 1356
411 1358
412 1357
413 1358
414 1358
415 1360
416 1356
417 1356
418 1358
419 1358
420 1360
421 1355
422 1355
423 1357
424 1359
425 1361
426 1357
427 1357
428 1357
429 1357
430 1357
431 1357
432 1357
433 1356
434 1355
435 1359
436 1355
437 1355
438 1354
439 1355
440 1357
441 1359
442 1356
443 1358
444 1356
445 1359
446 1356
447 1357
448 1355
449 1356
450 1355
451 1357
452 1357
453 1357
454 1358
455 1359
456 1356
457 1356
458 1356
459 1355
460 1356
461 1358
462 1358
463 1356
464 1355
465 1356
466 1355
467 1356
468 1357
469 1356
470 1359
471 1360
472 1357
473 1355
474 1353
475 1354
476 1355
477 1358
478 1354
479 1357
480 1356
481 1356
482 1355
483 1357
484 1355
485 1357
486 1357
487 1358
488 1356
489 1357
490 1355
491 1360
492 1357
493 1358
494 1360
495 1357
496 1358
497 1355
498 1353
499 1355
500 1358
501 1360
502 1357
503 1360
504 1360
505 1355
506 1353
507 1356
508 1356
509 1355
510 1357
511 1358
512 1357
513 1358
514 1356
515 1356
516 1354
517 1359
518 1355
519 1358
520 1355
521 1355
522 1357
523 1355
524 1354
525 1355
526 1358
527 1358
528 1357
529 1358
530 1359
531 1362
532 1361
533 1362
534 1363
535 1365
536 1373
537 1383
538 1398
539 1421
540 1454
541 1498
542 1547
543 1603
544 1666
545 1731
546 1796
547 1865
548 1925
549 1986
550 2036
551 2083
552 2119
553 2153
554 2179
555 2200
556 2214
557 2230
558 2228
559 2231
560 2223
561 2213
562 2190
563 2171
564 2151
565 2129
566 2097
567 2076
568 2047
569 2017
570 1986
571 1961
572 1923
573 1895
574 1862
575 1838
576 1814
577 1793
578 1766
579 1746
580 1720
581 1703
582 1681
583 1662
584 1644
585 1629
586 1610
587 1597
588 1580
589 1571
590 1558
591 1543
592 1530
593 1520
594 1508
595 1499
596 1486
597 1475
598 1469
599 1463
600 1454
601 1450
602 1440
603 1436
604 1429
605 1424
606 1420
607 1414
608 1413
609 1409
610 1405
611 1401
612 1398
613 1395
614 1391
615 1388
616 1389
617 1385
618 1384
619 1383
620 1379
621 1377
622 1376
623 1377
624 1375
625 1374
626 1374
627 1372
628 1369
629 1369
630 1368
631 1370
632 1367
633 1364
634 1364
635 1365
636 1365
637 1365
638 1365
639 1365
640 1365
641 1363
642 1363
643 1362
644 1361
645 1362
646 1363
647 1363
648 1360
649 1359
650 1362
651 1364
652 1363
653 1363
654 1362
655 1360
656 1361
657 1358
658 1359
659 1359
660 1361
661 1360
662 1359
663 1357
664 1356
665 1359
666 1357
667 1358
668 1357
669 1356
670 1357
671 1358
672 1357
673 1358
674 1361
675 1356
676 1356
677 1358
678 1358
679 1359
680 1356
681 1358
682 1360
683 1356
684 1358
685 1358
686 1358
687 1358
688 1357
689 1358
690 1359
691 1358
692 1359
693 1358
694 1358
695 1357
696 1359
697 1357
698 1355
699 1356
700 1355
701 1356
702 1356
703 1357
704 1358
705 1356
706 1357
707 1356
708 1358
709 1358
710 1359
711 1356
712 1357
713 1357
714 1355
715 1355
716 1358
717 1355
718 1358
719 1356
720 1359
721 1357
722 1355
723 1354
724 1357
725 1357
726 1356
727 1357
728 1356
729 1355
730 1352
731 1355
732 1357
733 1358
734 1356
735 1358
736 1358
737 1356
738 1356
739 1356
740 1357
741 1356
742 1360
743 1357
744 1357
745 1358
746 1357
747 1357
748 1357
749 1356
750 1360
751 1358
752 1357
753 1355
754 1356
755 1356
756 1356
757 1358
758 1357
759 1356
760 1355
761 1355
762 1353
763 1356
764 1358
765 1356
766 1354
767 1358
768 1357
769 1356
770 1357
771 1356
772 1357
773 1358
774 1360
775 1359
776 1357
777 1359
778 1358
779 1356
780 1361
781 1359
782 1356
783 1357
784 1359
785 1357
786 1355
787 1354
788 1355
789 1355
790 1355
791 1357
792 1355
793 1358
794 1360
795 1359
796 1357
797 1357
798 1356
799 1356
800 1356
801 1354
802 1356
803 1356
804 1359
805 1357
806 1359
807 1355
808 1358
809 1356
810 1356
811 1354
812 1357
813 1356
814 1356
815 1355
816 1358
817 1356
818 1357
819 1355
820 1359
821 1357
822 1358
823 1357
824 1356
825 1357
826 1355
827 1357
828 1358
829 1354
830 1356
831 1356
832 1358
833 1357
834 1358
835 1354
836 1356
837 1356
838 1357
839 1359
840 1357
841 1356
842 1357
843 1356
844 1357
845 1356
846 1359
847 1355
848 1354
849 1356
850 1360
851 1358
852 1355
853 1357
854 1359
855 1355
856 1358
857 1356
858 1358
859 1356
860 1358
861 1356
862 1358
863 1357
864 1358
865 1357
866 1362
867 1357
868 1357
869 1357
870 1359
871 1357
872 1358
873 1356
874 1357
875 1354
876 1356
877 1356
878 1355
879 1356
880 1358
881 1356
882 1357
883 1357
884 1355
885 1355
886 1356
887 1355
888 1357
889 1357
890 1357
891 1355
892 1357
893 1356
894 1358
895 1357
896 1358
897 1353
898 1358
899 1356
900 1359
901 1355
902 1357
903 1356
904 1356
905 1355
906 1356
907 1355
908 1357
909 1356
910 1357
911 1354
912 1355
913 1355
914 1357
915 1354
916 1356
917 1356
918 1356
919 1354
920 1355
921 1356
922 1359
923 1356
924 1356
925 1354
926 1357
927 1358
928 1357
929 1356
930 1356
931 1355
932 1359
933 1357
934 1358
935 1358
936 1355
937 1356
938 1354
939 1356
940 1358
941 1357
942 1357
943 1356
944 1357
945 1357
946 1358
947 1356
948 1355
949 1356
950 1356
951 1356
952 1355
953 1357
954 1357
955 1357
956 1361
957 1359
958 1359
959 1356
960 1357
961 1356
962 1359
963 1358
964 1354
965 1358
966 1357
967 1356
968 1356
969 1356
970 1355
971 1357
972 1355
973 1357
974 1356
975 1360
976 1356
977 1356
978 1357
979 1357
980 1357
981 1356
982 1356
983 1355
984 1357
985 1359
986 1357
987 1359
988 1356
989 1358
990 1356
991 1357
992 1358
993 1360
994 1356
995 1356
996 1355
997 1358
998 1355
999 1358
1000 1353
1001 1353
1002 1355
1003 1355
1004 1356
1005 1356
1006 1356
1007 1357
1008 1355
1009 1359
1010 1356
1011 1357
1012 1354
1013 1358
1014 1356
1015 1359
1016 1358
1017 1357
1018 1353
1019 1358
1020 1357
1021 1357
1022 1357
1023 1357
1024 1357
1025 1356
1026 1357
1027 1358
1028 1353
1029 1356
1030 1358
1031 1355
1032 1357
1033 1358
1034 1357
1035 1358
1036 1355
1037 1356
1038 1357
1039 1355
1040 1357
1041 1356
1042 1357
1043 1357
1044 1357
1045 1359
1046 1357
1047 1359
1048 1356
1049 1359
1050 1354
1051 1358
1052 1355
1053 1354
1054 1356
1055 1357
1056 1359
1057 1361
1058 1357
1059 1356
1060 1353
1061 1357
1062 1356
1063 1358
1064 1357
1065 1357
1066 1357
1067 1355
1068 1357
1069 1353
1070 1358
1071 1358
1072 1357
1073 1355
1074 1356
1075 1355
1076 1358
1077 1357
1078 1358
1079 1361
1080 1357
1081 1355
1082 1358
1083 1357
1084 1354
1085 1358
1086 1357
1087 1356
1088 1354
1089 1355
1090 1356
1091 1357
1092 1354
1093 1359
1094 1354
1095 1357
1096 1356
1097 1357
1098 1357
1099 1356
1100 1357
1101 1356
1102 1355
1103 1356
1104 1355
1105 1357
1106 1358
1107 1357
1108 1355
1109 1358
1110 1357
1111 1359
1112 1356
1113 1358
1114 1357
1115 1357
1116 1357
1117 1355
1118 1358
1119 1357
1120 1358
1121 1359
1122 1357
1123 1358
1124 1355
1125 1358
1126 1358
1127 1358
1128 1357
1129 1356
1130 1356
1131 1358
1132 1358
1133 1358
1134 1358
1135 1359
1136 1359
1137 1358
1138 1356
1139 1356
1140 1357
1141 1357
1142 1358
1143 1358
1144 1359
1145 1356
1146 1360
1147 1356
1148 1358
1149 1354
1150 1357
1151 1357
1152 1356
1153 1356
1154 1357
1155 1358
1156 1357
1157 1356
1158 1355
1159 1355
1160 1357
1161 1356
1162 1357
1163 1356
1164 1357
1165 1357
1166 1356
1167 1357
1168 1356
1169 1357
1170 1356
1171 1358
1172 1357
1173 1358
1174 1357
1175 1356
1176 1356
1177 1357
1178 1357
1179 1356
1180 1357
1181 1356
1182 1356
1183 1355
1184 1355
1185 1356
1186 1356
1187 1356
1188 1357
1189 1358
1190 1355
1191 1357
1192 1353
1193 1356
1194 1353
1195 1357
1196 1356
1197 1356
1198 1357
1199 1357
1200 1356
1201 1353
1202 1357
1203 1357
1204 1356
1205 1358
1206 1359
1207 1355
1208 1355
1209 1357
1210 1359
1211 1357
1212 1356
1213 1355
1214 1356
1215 1357
1216 1357
1217 1355
1218 1355
1219 1354
1220 1356
1221 1354
1222 1357
1223 1355
1224 1356
1225 1356
1226 1357
1227 1355
1228 1354
1229 1355
1230 1357
1231 1354
1232 1357
1233 1356
1234 1355
1235 1358
1236 1356
1237 1357
1238 1359
1239 1355
1240 1353
1241 1351
1242 1356
1243 1358
1244 1356
1245 1358
1246 1355
1247 1356
1248 1355
1249 1354
1250 1356
1251 1356
1252 1357
1253 1358
1254 1357
1255 1356
1256 1357
1257 1357
1258 1354
1259 1358
1260 1359
1261 1357
1262 1357
1263 1357
1264 1355
1265 1356
1266 1355
1267 1356
1268 1357
1269 1356
1270 1356
1271 1356
1272 1356
1273 1356
1274 1353
1275 1355
1276 1356
1277 1354
1278 1356
1279 1358
1280 1359
1281 1358
1282 1356
1283 1356
1284 1357
1285 1355
1286 1357
1287 1357
1288 1356
1289 1356
1290 1356
1291 1357
1292 1357
1293 1355
1294 1357
1295 1357
1296 1358
1297 1358
1298 1361
1299 1355
1300 1356
1301 1356
1302 1355
1303 1356
1304 1357
1305 1356
1306 1356
1307 1357
1308 1356
1309 1354
1310 1354
1311 1357
1312 1358
1313 1355
1314 1354
1315 1354
1316 1356
1317 1360
1318 1358
1319 1357
1320 1358
1321 1358
1322 1357
1323 1359
1324 1356
1325 1358
1326 1360
1327 1357
1328 1357
1329 1357
1330 1356
1331 1355
1332 1357
1333 1356
1334 1357
1335 1355
1336 1360
1337 1356
1338 1357
1339 1354
1340 1356
1341 1354
1342 1354
1343 1355
1344 1355
1345 1354
1346 1357
1347 1354
1348 1353
1349 1353
1350 1359
1351 1356
1352 1357
1353 1355
1354 1359
1355 1357
1356 1355
1357 1356
1358 1356
1359 1357
1360 1358
1361 1356
1362 1360
1363 1355
1364 1357
1365 1355
1366 1357
1367 1356
1368 1356
1369 1356
1370 1356
1371 1352
1372 1354
1373 1355
1374 1358
1375 1355
1376 1357
1377 1356
1378 1359
1379 1359
1380 1357
1381 1357
1382 1358
1383 1357
1384 1358
1385 1356
1386 1358
1387 1356
1388 1354
1389 1358
1390 1357
1391 1357
1392 1359
1393 1356
1394 1357
1395 1354
1396 1357
1397 1357
1398 1357
1399 1359
1400 1357
1401 1355
1402 1357
1403 1356
1404 1356
1405 1355
1406 1357
1407 1355
1408 1358
1409 1356
1410 1356
1411 1355
1412 1359
1413 1356
1414 1356
1415 1357
1416 1357
1417 1357
1418 1358
1419 1358
1420 1359
1421 1358
1422 1357
1423 1355
1424 1356
1425 1359
1426 1357
1427 1356
1428 1357
1429 1354
1430 1357
1431 1355
1432 1354
1433 1358
1434 1358
1435 1357
1436 1359
1437 1357
1438 1356
1439 1354
1440 1358
1441 1358
1442 1357
1443 1356
1444 1357
1445 1356
1446 1358
1447 1358
1448 1357
1449 1355
1450 1357
1451 1358
1452 1357
1453 1356
1454 1356
1455 1355
1456 1357
1457 1355
1458 1357
1459 1355
1460 1353
1461 1354
1462 1355
1463 1357
1464 1355
1465 1356
1466 1357
1467 1359
1468 1357
1469 1356
1470 1357
1471 1359
1472 1357
1473 1357
1474 1353
1475 1355
1476 1355
1477 1355
1478 1353
1479 1355
1480 1358
1481 1358
1482 1355
1483 1353
1484 1355
1485 1355
1486 1359
1487 1358
1488 1356
1489 1357
1490 1357
1491 1356
1492 1358
1493 1358
1494 1359
1495 1356
1496 1355
1497 1357
1498 1353
1499 1358
1500 1354
1501 1359
1502 1357
1503 1355
1504 1356
1505 1357
1506 1353
1507 1357
1508 1353
1509 1357
1510 1361
1511 1359
1512 1354
1513 1355
1514 1357
1515 1355
1516 1356
1517 1356
1518 1355
1519 1356
1520 1357
1521 1356
1522 1358
1523 1356
1524 1356
1525 1355
1526 1356
1527 1356
1528 1358
1529 1355
1530 1357
1531 1357
1532 1357
1533 1356
1534 1358
1535 1355
1536 1356
1537 1353
1538 1354
1539 1356
1540 1362
1541 1357
1542 1356
1543 1352
1544 1357
1545 1354
1546 1355
1547 1355
1548 1354
1549 1354
1550 1356
1551 1355
1552 1357
1553 1354
1554 1356
1555 1354
1556 1356
1557 1356
1558 1358
1559 1354
1560 1355
1561 1355
1562 1357
1563 1356
1564 1358
1565 1356
1566 1357
1567 1355
1568 1357
1569 1355
1570 1360
1571 1356
1572 1356
1573 1354
1574 1357
1575 1355
1576 1358
1577 1356
1578 1356
1579 1353
1580 1353
1581 1356
1582 1358
1583 1356
1584 1358
1585 1352
1586 1355
1587 1356
1588 1356
1589 1356
1590 1357
1591 1358
1592 1360
1593 1358
1594 1356
1595 1357
1596 1356
1597 1358
1598 1354
1599 1356
1600 1358
1601 1357
1602 1357
1603 1354
1604 1357
1605 1353
1606 1359
1607 1357
1608 1357
1609 1354
1610 1355
1611 1354
1612 1354
1613 1354
1614 1357
1615 1355
1616 1360
1617 1355
1618 1357
1619 1356
1620 1357
1621 1353
1622 1354
1623 1355
1624 1357
1625 1356
1626 1358
1627 1357
1628 1359
1629 1355
1630 1357
1631 1356
1632 1357
1633 1355
1634 1358
1635 1355
1636 1358
1637 1354
1638 1355
1639 1354
1640 1360
1641 1356
1642 1356
1643 1354
1644 1356
1645 1357
1646 1356
1647 1356
1648 1357
1649 1356
1650 1355
1651 1355
1652 1356
1653 1356
1654 1355
1655 1357
1656 1357
1657 1358
1658 1357
1659 1357
1660 1359
1661 1355
1662 1358
1663 1356
1664 1357
1665 1354
1666 1357
1667 1357
1668 1355
1669 1353
1670 1359
1671 1355
1672 1358
1673 1356
1674 1357
1675 1358
1676 1355
1677 1355
1678 1359
1679 1356
1680 1353
1681 1356
1682 1357
1683 1355
1684 1355
1685 1357
1686 1355
1687 1357
1688 1357
1689 1357
1690 1358
1691 1356
1692 1358
1693 1356
1694 1354
1695 1352
1696 1357
1697 1355
1698 1353
1699 1356
1700 1359
1701 1357
1702 1358
1703 1357
1704 1356
1705 1358
1706 1355
1707 1355
1708 1358
1709 1357
1710 1356
1711 1354
1712 1355
1713 1354
1714 1356
1715 1355
1716 1357
1717 1357
1718 1355
1719 1355
1720 1357
1721 1355
1722 1360
1723 1358
1724 1355
1725 1356
1726 1355
1727 1355
1728 1357
1729 1357
1730 1361
1731 1360
1732 1352
1733 1353
1734 1357
1735 1355
1736 1357
1737 1354
1738 1354
1739 1355
1740 1356
1741 1357
1742 1356
1743 1351
1744 1356
1745 1356
1746 1358
1747 1353
1748 1355
1749 1359
1750 1356
1751 1356
1752 1357
1753 1356
1754 1358
1755 1355
1756 1356
1757 1356
1758 1358
1759 1357
1760 1356
1761 1355
1762 1355
1763 1357
1764 1357
1765 1353
1766 1357
1767 1357
1768 1357
1769 1354
1770 1357
1771 1356
1772 1358
1773 1352
1774 1355
1775 1355
1776 1357
1777 1356
1778 1356
1779 1355
1780 1357
1781 1357
1782 1360
1783 1355
1784 1355
1785 1356
1786 1357
1787 1356
1788 1356
1789 1355
1790 1358
1791 1355
1792 1353
1793 1353
1794 1355
1795 1356
1796 1357
1797 1356
1798 1358
1799 1353
1800 1356
1801 1357
1802 1356
1803 1357
1804 1357
1805 1356
1806 1357
1807 1353
1808 1356
1809 1355
1810 1354
1811 1356
1812 1357
1813 1355
1814 1361
1815 1355
1816 1360
1817 1357
1818 1356
1819 1357
1820 1357
1821 1356
1822 1355
1823 1357
1824 1357
1825 1354
1826 1356
1827 1356
1828 1356
1829 1356
1830 1359
1831 1356
1832 1353
1833 1355
1834 1355
1835 1353
1836 1359
1837 1357
1838 1358
1839 1356
1840 1357
1841 1356
1842 1357
1843 1355
1844 1357
1845 1354
1846 1357
1847 1354
1848 1357
1849 1355
1850 1356
1851 1355
1852 1357
1853 1355
1854 1358
1855 1354
1856 1355
1857 1354
1858 1354
1859 1355
1860 1359
1861 1356
1862 1356
1863 1355
1864 1354
1865 1354
1866 1357
1867 1355
1868 1358
1869 1354
1870 1357
1871 1355
1872 1359
1873 1355
1874 1356
1875 1357
1876 1360
1877 1354
1878 1357
1879 1354
1880 1358
1881 1354
1882 1357
1883 1354
1884 1354
1885 1355
1886 1361
1887 1357
1888 1354
1889 1356
1890 1358
1891 1355
1892 1354
1893 1354
1894 1356
1895 1355
1896 1356
1897 1355
1898 1357
1899 1354
1900 1355
1901 1357
1902 1357
1903 1355
1904 1354
1905 1355
1906 1360
1907 1355
1908 1356
1909 1358
1910 1360
1911 1357
1912 1359
1913 1357
1914 1358
1915 1359
1916 1361
1917 1356
1918 1356
1919 1356
1920 1362
1921 1354
1922 1355
1923 1354
1924 1356
1925 1357
1926 1359
1927 1355
1928 1356
1929 1353
1930 1355
1931 1357
1932 1358
1933 1356
1934 1361
1935 1360
1936 1357
1937 1357
1938 1356
1939 1357
1940 1358
1941 1359
1942 1357
1943 1352
1944 1357
1945 1356
1946 1361
1947 1356
1948 1357
1949 1359
1950 1359
1951 1358
1952 1358
1953 1356
1954 1357
1955 1354
1956 1357
1957 1356
1958 1356
1959 1357
1960 1356
1961 1357
1962 1356
1963 1356
1964 1360
1965 1356
1966 1360
1967 1355
1968 1357
1969 1356
1970 1358
1971 1356
1972 1356
1973 1356
1974 1358
1975 1355
1976 1357
1977 1355
1978 1354
1979 1357
1980 1357
1981 1355
1982 1358
1983 1355
1984 1352
1985 1356
1986 1362
1987 1357
1988 1358
1989 1354
1990 1359
1991 1358
1992 1357
1993 1357
1994 1360
1995 1356
1996 1356
1997 1356
1998 1354
1999 1356
2000 1357
2001 1357
2002 1356
2003 1358
2004 1358
2005 1356
2006 1359
2007 1357
2008 1357
2009 1356
2010 1359
2011 1359
2012 1358
2013 1356
2014 1358
2015 1356
2016 1357
2017 1354
2018 1357
2019 1358
2020 1358
2021 1356
2022 1358
2023 1357
2024 1357
2025 1357
2026 1354
2027 1356
2028 1355
2029 1355
2030 1354
2031 1355
2032 1358
2033 1357
2034 1357
2035 1358
2036 1357
2037 1356
2038 1356
2039 1357
2040 1358
2041 1355
2042 1358
2043 1357
2044 1358
2045 1356
2046 1353
2047 1357
2048 1355
2049 1353
2050 1359
2051 1359
2052 1358
2053 1357
2054 1357
2055 1359
2056 1358
2057 1356
2058 1359
2059 1354
2060 1357
2061 1353
2062 1356
2063 1356
2064 1357
2065 1356
2066 1360
2067 1357
2068 1357
2069 1356
2070 1357
2071 1356
2072 1355
2073 1356
2074 1355
2075 1354
2076 1356
2077 1356
2078 1356
2079 1355
2080 1358
2081 1358
2082 1360
2083 1356
2084 1357
2085 1356
2086 1357
2087 1358
2088 1358
2089 1356
2090 1355
2091 1357
2092 1357
2093 1355
2094 1357
2095 1356
2096 1358
2097 1355
2098 1356
2099 1356
2100 1357
2101 1354
2102 1356
2103 1357
2104 1357
2105 1357
2106 1357
2107 1355
2108 1354
2109 1354
2110 1360
2111 1356
2112 1357
2113 1358
2114 1360
2115 1354
2116 1356
2117 1354
2118 1357
2119 1355
2120 1358
2121 1356
2122 1357
2123 1356
2124 1357
2125 1357
2126 1357
2127 1359
2128 1358
2129 1358
2130 1357
2131 1356
2132 1353
2133 1357
2134 1358
2135 1354
2136 1354
2137 1354
2138 1357
2139 1354
2140 1353
2141 1357
2142 1355
2143 1356
2144 1356
2145 1355
2146 1360
2147 1358
2148 1357
2149 1358
2150 1358
2151 1355
2152 1356
2153 1356
2154 1358
2155 1358
2156 1357
2157 1356
2158 1356
2159 1358
2160 1356
2161 1353
2162 1356
2163 1354
2164 1355
2165 1353
2166 1354
2167 1356
2168 1357
2169 1356
2170 1357
2171 1359
2172 1359
2173 1356
2174 1356
2175 1355
2176 1355
2177 1355
2178 1355
2179 1356
2180 1358
2181 1358
2182 1359
2183 1355
2184 1357
2185 1355
2186 1358
2187 1357
2188 1356
2189 1354
2190 1355
2191 1355
2192 1357
2193 1358
2194 1357
2195 1356
2196 1357
2197 1356
2198 1357
2199 1356
2200 1355
2201 1356
2202 1357
2203 1356
2204 1357
2205 1356
2206 1358
2207 1355
2208 1357
2209 1357
2210 1357
2211 1358
2212 1355
2213 1360
2214 1357
2215 1357
2216 1355
2217 1354
2218 1357
2219 1354
2220 1353
2221 1358
2222 1355
2223 1356
2224 1357
2225 1356
2226 1357
2227 1353
2228 1355
2229 1357
2230 1356
2231 1356
2232 1359
2233 1358
2234 1358
2235 1358
2236 1357
2237 1356
2238 1359
2239 1357
2240 1357
2241 1356
2242 1359
2243 1357
2244 1352
2245 1356
2246 1357
2247 1359
2248 1357
2249 1356
2250 1357
2251 1358
2252 1356
2253 1356
2254 1356
2255 1356
2256 1356
2257 1356
2258 1357
2259 1355
2260 1357
2261 1356
2262 1357
2263 1358
2264 1359
2265 1354
2266 1356
2267 1356
2268 1351
2269 1357
2270 1359
2271 1358
2272 1358
2273 1357
2274 1356
2275 1358
2276 1358
2277 1358
2278 1357
2279 1357
2280 1357
2281 1358
2282 1356
2283 1356
2284 1360
2285 1357
2286 1357
2287 1358
2288 1357
2289 1356
2290 1358
2291 1357
2292 1357
2293 1356
2294 1356
2295 1358
2296 1356
2297 1355
2298 1357
2299 1355
2300 1364
2301 1356
2302 1358
2303 1355
2304 1355
2305 1357
2306 1358
2307 1356
2308 1358
2309 1359
2310 1359
2311 1357
2312 1356
2313 1357
2314 1357
2315 1357
2316 1357
2317 1357
2318 1357
2319 1357
2320 1355
2321 1358
2322 1358
2323 1355
2324 1360
2325 1358
2326 1358
2327 1360
2328 1358
2329 1357
2330 1357
2331 1356
2332 1357
2333 1358
2334 1359
2335 1358
2336 1360
2337 1359
2338 1355
2339 1357
2340 1358
2341 1358
2342 1357
2343 1360
2344 1358
2345 1356
2346 1357
2347 1358
2348 1359
2349 1355
2350 1357
2351 1355
2352 1353
2353 1355
2354 1356
2355 1354
2356 1356
2357 1355
2358 1358
2359 1356
2360 1358
2361 1360
2362 1359
2363 1357
2364 1357
2365 1356
2366 1357
2367 1357
2368 1355
2369 1355
2370 1359
2371 1357
2372 1359
2373 1359
2374 1354
2375 1358
2376 1357
2377 1357
2378 1353
2379 1355
2380 1353
2381 1356
2382 1357
2383 1357
2384 1355
2385 1355
2386 1356
2387 1357
2388 1354
2389 1355
2390 1356
2391 1356
2392 1359
2393 1359
2394 1357
2395 1357
2396 1358
2397 1356
2398 1357
2399 1357
2400 1359
2401 1359
2402 1358
2403 1358
2404 1357
2405 1356
2406 1356
2407 1358
2408 1357
2409 1358
2410 1357
2411 1357
2412 1357
2413 1357
2414 1356
2415 1355
2416 1356
2417 1356
2418 1357
2419 1356
2420 1356
2421 1356
2422 1357
2423 1359
2424 1356
2425 1358
2426 1356
2427 1358
2428 1356
2429 1358
2430 1361
2431 1356
2432 1354
2433 1357
2434 1356
2435 1358
2436 1357
2437 1357
2438 1357
2439 1357
2440 1355
2441 1358
2442 1358
2443 1356
2444 1355
2445 1358
2446 1358
2447 1358
2448 1355
2449 1357
2450 1357
2451 1359
2452 1357
2453 1355
2454 1356
2455 1356
2456 1357
2457 1356
2458 1357
2459 1356
2460 1358
2461 1359
2462 1358
2463 1356
2464 1357
2465 1354
2466 1355
2467 1356
2468 1358
2469 1356
2470 1355
2471 1355
2472 1355
2473 1357
2474 1356
2475 1358
2476 1358
2477 1358
2478 1361
2479 1358
2480 1357
2481 1358
2482 1354
2483 1359
2484 1355
2485 1359
2486 1357
2487 1358
2488 1355
2489 1358
2490 1357
2491 1357
2492 1357
2493 1361
2494 1357
2495 1355
2496 1355
2497 1357
2498 1358
2499 1358
2500 1356
2501 1355
2502 1355
2503 1356
2504 1354
2505 1355
2506 1357
2507 1356
2508 1358
2509 1356
2510 1357
2511 1358
2512 1356
2513 1354
2514 1357
2515 1356
2516 1356
2517 1356
2518 1357
2519 1358
2520 1357
2521 1360
2522 1358
2523 1358
2524 1358
2525 1359
2526 1357
2527 1356
2528 1355
2529 1354
2530 1357
2531 1356
2532 1358
2533 1358
2534 1357
2535 1359
2536 1357
2537 1355
2538 1356
2539 1354
2540 1356
2541 1355
2542 1357
2543 1357
2544 1358
2545 1357
2546 1358
2547 1358
2548 1356
2549 1358
2550 1356
2551 1353
2552 1357
2553 1355
2554 1357
2555 1357
2556 1357
2557 1354
2558 1357
2559 1354
2560 1358
2561 1357
2562 1357
2563 1357
2564 1357
2565 1357
2566 1355
2567 1356
2568 1357
2569 1356
2570 1357
2571 1357
2572 1357
2573 1357
2574 1359
2575 1356
2576 1357
2577 1356
2578 1359
2579 1361
2580 1361
2581 1357
2582 1356
2583 1357
2584 1358
2585 1356
2586 1356
2587 1355
2588 1359
2589 1358
2590 1360
2591 1357
2592 1357
2593 1354
2594 1356
2595 1356
2596 1358
2597 1356
2598 1357
2599 1354
2600 1355
2601 1357
2602 1357
2603 1356
2604 1357
2605 1359
2606 1359
2607 1359
2608 1355
2609 1355
2610 1357
2611 1356
2612 1356
2613 1355
2614 1357
2615 1356
2616 1357
2617 1357
2618 1355
2619 1356
2620 1358
2621 1359
2622 1358
2623 1357
2624 1356
2625 1357
2626 1356
2627 1356
2628 1358
2629 1354
2630 1356
2631 1357
2632 1358
2633 1357
2634 1358
2635 1357
2636 1355
2637 1357
2638 1358
2639 1357
2640 1360
2641 1360
2642 1357
2643 1357
2644 1360
2645 1357
2646 1357
2647 1353
2648 1355
2649 1355
2650 1361
2651 1358
2652 1353
2653 1357
2654 1357
2655 1356
2656 1358
2657 1355
2658 1355
2659 1355
2660 1355
2661 1357
2662 1357
2663 1358
2664 1359
2665 1357
2666 1355
2667 1356
2668 1357
2669 1357
2670 1358
2671 1357
2672 1357
2673 1360
2674 1362
2675 1358
2676 1355
2677 1356
2678 1354
2679 1359
2680 1361
2681 1359
2682 1356
2683 1356
2684 1356
2685 1354
2686 1357
2687 1356
2688 1358
2689 1355
2690 1356
2691 1356
2692 1356
2693 1356
2694 1356
2695 1359
2696 1358
2697 1358
2698 1358
2699 1357
2700 1357
2701 1360
2702 1358
2703 1355
2704 1356
2705 1356
2706 1358
2707 1357
2708 1358
2709 1358
2710 1357
2711 1355
2712 1359
2713 1357
2714 1357
2715 1357
2716 1358
2717 1356
2718 1357
2719 1358
2720 1358
2721 1358
2722 1360
2723 1358
2724 1359
2725 1357
2726 1354
2727 1357
2728 1357
2729 1357
2730 1357
2731 1360
2732 1359
2733 1356
2734 1356
2735 1356
2736 1357
2737 1357
2738 1355
2739 1357
2740 1357
2741 1356
2742 1356
2743 1356
2744 1358
2745 1356
2746 1357
2747 1356
2748 1356
2749 1355
2750 1358
2751 1357
2752 1356
2753 1357
2754 1357
2755 1356
2756 1357
2757 1356
2758 1358
2759 1357
2760 1357
2761 1358
2762 1360
2763 1356
2764 1359
2765 1360
2766 1360
2767 1360
2768 1358
2769 1355
2770 1358
2771 1356
2772 1357
2773 1355
2774 1358
2775 1356
2776 1358
2777 1355
2778 1356
2779 1355
2780 1358
2781 1358
2782 1357
2783 1361
2784 1360
2785 1358
2786 1358
2787 1360
2788 1359
2789 1356
2790 1355
2791 1357
2792 1358
2793 1357
2794 1359
2795 1357
2796 1358
2797 1357
2798 1358
2799 1355
2800 1358
2801 1355
2802 1359
2803 1356
2804 1359
2805 1358
2806 1359
2807 1356
2808 1358
2809 1356
2810 1358
2811 1357
2812 1357
2813 1357
2814 1355
2815 1353
2816 1356
2817 1357
2818 1359
2819 1356
2820 1358
2821 1356
2822 1358
2823 1359
2824 1359
2825 1357
2826 1361
2827 1359
2828 1357
2829 1355
2830 1356
2831 1357
2832 1358
2833 1358
2834 1358
2835 1356
2836 1357
2837 1355
2838 1356
2839 1355
2840 1360
2841 1358
2842 1357
2843 1358
2844 1356
2845 1358
2846 1357
2847 1358
2848 1358
2849 1357
2850 1358
2851 1356
2852 1357
2853 1354
2854 1357
2855 1360
2856 1358
2857 1357
2858 1358
2859 1356
2860 1357
2861 1357
2862 1356
2863 1357
2864 1357
2865 1357
2866 1358
2867 1356
2868 1356
2869 1357
2870 1361
2871 1357
2872 1355
2873 1356
2874 1357
2875 1356
2876 1357
2877 1355
2878 1356
2879 1356
2880 1356
2881 1356
2882 1358
2883 1358
2884 1357
2885 1358
2886 1358
2887 1357
2888 1357
2889 1356
2890 1357
2891 1357
2892 1357
2893 1356
2894 1356
2895 1356
2896 1357
2897 1355
2898 1354
2899 1356
2900 1355
2901 1356
2902 1358
2903 1355
2904 1357
2905 1356
2906 1356
2907 1358
2908 1357
2909 1357
2910 1361
2911 1359
2912 1358
2913 1356
2914 1357
2915 1356
2916 1359
2917 1356
2918 1356
2919 1357
2920 1358
2921 1356
2922 1355
2923 1353
2924 1357
2925 1355
2926 1357
2927 1355
2928 1355
2929 1358
2930 1359
2931 1356
2932 1356
2933 1356
2934 1360
2935 1361
2936 1361
2937 1362
2938 1360
2939 1360
2940 1359
2941 1357
2942 1355
2943 1359
2944 1359
2945 1359
2946 1361
2947 1357
2948 1357
2949 1355
2950 1354
2951 1358
2952 1357
2953 1355
2954 1358
2955 1356
2956 1357
2957 1355
2958 1359
2959 1354
2960 1358
2961 1360
2962 1358
2963 1353
2964 1356
2965 1357
2966 1355
2967 1356
2968 1354
2969 1356
2970 1357
2971 1357
2972 1354
2973 1355
2974 1357
2975 1355
2976 1356
2977 1356
2978 1358
2979 1356
2980 1357
2981 1357
2982 1354
2983 1357
2984 1356
2985 1357
2986 1355
2987 1357
2988 1357
2989 1356
2990 1357
2991 1356
2992 1354
2993 1355
2994 1357
2995 1354
2996 1357
2997 1354
2998 1356
2999 1358
3000 1359
3001 1356
3002 1357
3003 1358
3004 1357
3005 1358
3006 1357
3007 1357
3008 1358
3009 1357
3010 1356
3011 1356
3012 1355
3013 1356
3014 1355
3015 1356
3016 1357
3017 1357
3018 1357
3019 1358
3020 1356
3021 1358
3022 1358
3023 1360
3024 1357
3025 1356
3026 1357
3027 1356
3028 1352
3029 1356
3030 1362
3031 1360
3032 1357
3033 1358
3034 1358
3035 1357
3036 1360
3037 1358
3038 1356
3039 1356
3040 1357
3041 1355
3042 1359
3043 1357
3044 1360
3045 1356
3046 1359
3047 1355
3048 1357
3049 1355
3050 1357
3051 1356
3052 1355
3053 1356
3054 1359
3055 1356
3056 1359
3057 1354
3058 1357
3059 1355
3060 1359
3061 1357
3062 1359
3063 1357
3064 1359
3065 1358
3066 1358
3067 1357
3068 1358
3069 1356
3070 1358
3071 1356
3072 1359
3073 1356
3074 1357
3075 1357
3076 1358
3077 1357
3078 1359
3079 1355
3080 1358
3081 1355
3082 1357
3083 1358
3084 1356
3085 1357
3086 1357
3087 1357
3088 1358
3089 1357
3090 1358
3091 1358
3092 1358
3093 1357
3094 1355
3095 1355
3096 1357
3097 1355
3098 1358
3099 1359
3100 1359
3101 1358
3102 1360
3103 1357
3104 1358
3105 1356
3106 1357
3107 1355
3108 1359
3109 1355
3110 1359
3111 1356
3112 1358
3113 1357
3114 1357
3115 1356
3116 1357
3117 1356
3118 1357
3119 1356
3120 1357
3121 1355
3122 1359
3123 1357
3124 1357
3125 1358
3126 1359
3127 1356
3128 1356
3129 1355
3130 1358
3131 1356
3132 1355
3133 1359
3134 1356
3135 1357
3136 1357
3137 1355
3138 1355
3139 1354
3140 1356
3141 1357
3142 1356
3143 1357
3144 1357
3145 1357
3146 1357
3147 1357
3148 1357
3149 1356
3150 1357
3151 1356
3152 1357
3153 1356
3154 1357
3155 1357
3156 1357
3157 1356
3158 1356
3159 1356
3160 1360
3161 1357
3162 1358
3163 1356
3164 1359
3165 1356
3166 1357
3167 1356
3168 1359
3169 1358
3170 1360
3171 1355
3172 1357
3173 1355
3174 1358
3175 1359
3176 1360
3177 1356
3178 1360
3179 1357
3180 1359
3181 1355
3182 1358
3183 1356
3184 1356
3185 1357
3186 1358
3187 1354
3188 1357
3189 1356
3190 1361
3191 1357
3192 1357
3193 1356
3194 1358
3195 1355
3196 1357
3197 1353
3198 1356
3199 1355
3200 1357
3201 1356
3202 1358
3203 1356
3204 1357
3205 1358
3206 1359
3207 1357
3208 1357
3209 1355
3210 1356
3211 1356
3212 1356
3213 1357
3214 1358
3215 1360
3216 1357
3217 1358
3218 1357
3219 1354
3220 1357
3221 1358
3222 1357
3223 1357
3224 1357
3225 1357
3226 1357
3227 1355
3228 1358
3229 1356
3230 1358
3231 1356
3232 1358
3233 1357
3234 1358
3235 1358
3236 1358
3237 1355
3238 1355
3239 1355
3240 1356
3241 1355
3242 1358
3243 1356
3244 1357
3245 1357
3246 1357
3247 1356
3248 1357
3249 1355
3250 1359
3251 1357
3252 1358
3253 1358
3254 1360
3255 1353
3256 1359
3257 1355
3258 1355
3259 1354
3260 1358
3261 1357
3262 1358
3263 1355
3264 1357
3265 1353
3266 1357
3267 1354
3268 1357
3269 1355
3270 1359
3271 1357
3272 1361
3273 1354
3274 1356
3275 1355
3276 1356
3277 1352
3278 1357
3279 1357
3280 1358
3281 1356
3282 1358
3283 1356
3284 1357
3285 1354
3286 1357
3287 1357
3288 1357
3289 1356
3290 1357
3291 1357
3292 1357
3293 1354
3294 1354
3295 1354
3296 1357
3297 1355
3298 1357
3299 1354
3300 1358
3301 1357
3302 1359
3303 1355
3304 1357
3305 1353
3306 1357
3307 1356
3308 1359
3309 1355
3310 1355
3311 1352
3312 1357
3313 1357
3314 1356
3315 1356
3316 1357
3317 1353
3318 1357
3319 1355
3320 1356
3321 1356
3322 1355
3323 1356
3324 1357
3325 1356
3326 1357
3327 1356
3328 1358
3329 1354
3330 1356
3331 1354
3332 1356
3333 1355
3334 1357
3335 1355
3336 1356
3337 1355
3338 1359
3339 1355
3340 1360
3341 1355
3342 1355
3343 1355
3344 1356
3345 1354
3346 1356
3347 1356
3348 1355
3349 1356
3350 1359
3351 1358
3352 1356
3353 1355
3354 1357
3355 1356
3356 1357
3357 1353
3358 1356
3359 1354
3360 1356
3361 1356
3362 1356
3363 1355
3364 1353
3365 1357
3366 1357
3367 1357
3368 1358
3369 1356
3370 1359
3371 1358
3372 1359
3373 1356
3374 1358
3375 1357
3376 1357
3377 1356
3378 1356
3379 1357
3380 1361
3381 1356
3382 1356
3383 1354
3384 1355
3385 1354
3386 1357
3387 1354
3388 1356
3389 1355
3390 1355
3391 1352
3392 1356
3393 1353
3394 1356
3395 1356
3396 1357
3397 1356
3398 1355
3399 1356
3400 1355
3401 1356
3402 1357
3403 1358
3404 1358
3405 1357
3406 1353
3407 1354
3408 1356
3409 1356
3410 1357
3411 1355
3412 1354
3413 1358
3414 1357
3415 1356
3416 1353
3417 1355
3418 1357
3419 1353
3420 1356
3421 1356
3422 1357
3423 1355
3424 1357
3425 1353
3426 1356
3427 1357
3428 1356
3429 1355
3430 1356
3431 1354
3432 1354
3433 1355
3434 1358
3435 1356
3436 1359
3437 1355
3438 1355
3439 1355
3440 1359
3441 1358
3442 1355
3443 1355
3444 1352
3445 1354
3446 1357
3447 1355
3448 1358
3449 1356
3450 1356
3451 1355
3452 1355
3453 1355
3454 1357
3455 1356
3456 1359
3457 1357
3458 1357
3459 1356
3460 1358
3461 1355
3462 1358
3463 1355
3464 1357
3465 1355
3466 1355
3467 1356
3468 1357
3469 1354
3470 1355
3471 1355
3472 1354
3473 1356
3474 1356
3475 1356
3476 1357
3477 1356
3478 1357
3479 1358
3480 1357
3481 1361
3482 1357
3483 1357
3484 1358
3485 1355
3486 1357
3487 1358
3488 1359
3489 1357
3490 1355
3491 1354
3492 1357
3493 1359
3494 1359
3495 1359
3496 1360
3497 1356
3498 1355
3499 1357
3500 1357
3501 1356
3502 1355
3503 1354
3504 1356
3505 1356
3506 1357
3507 1358
3508 1355
3509 1354
3510 1359
3511 1358
3512 1354
3513 1358
3514 1356
3515 1358
3516 1356
3517 1357
3518 1357
3519 1358
3520 1355
3521 1356
3522 1356
3523 1359
3524 1357
3525 1359
3526 1359
3527 1357
3528 1357
3529 1357
3530 1355
3531 1358
3532 1359
3533 1357
3534 1355
3535 1359
3536 1357
3537 1356
3538 1355
3539 1355
3540 1357
3541 1357
3542 1357
3543 1355
3544 1357
3545 1356
3546 1357
3547 1356
3548 1357
3549 1357
3550 1356
3551 1355
3552 1357
3553 1357
3554 1357
3555 1361
3556 1357
3557 1357
3558 1355
3559 1358
3560 1353
3561 1354
3562 1359
3563 1358
3564 1355
3565 1356
3566 1358
3567 1356
3568 1353
3569 1356
3570 1360
3571 1359
3572 1355
3573 1358
3574 1354
3575 1356
3576 1354
3577 1355
3578 1355
3579 1354
3580 1354
3581 1356
3582 1356
3583 1357
3584 1355
3585 1358
3586 1357
3587 1358
3588 1356
3589 1358
3590 1354
3591 1356
3592 1356
3593 1357
3594 1354
3595 1358
3596 1355
3597 1357
3598 1352
3599 1356
3600 1356
3601 1356
3602 1355
3603 1357
3604 1357
3605 1359
3606 1358
3607 1357
3608 1359
3609 1358
3610 1357
3611 1358
3612 1356
3613 1357
3614 1357
3615 1358
3616 1356
3617 1356
3618 1357
3619 1356
3620 1357
3621 1359
3622 1357
3623 1358
3624 1355
3625 1356
3626 1355
3627 1357
3628 1353
3629 1356
3630 1357
3631 1355
3632 1355
3633 1356
3634 1357
3635 1354
3636 1356
3637 1357
3638 1356
3639 1358
3640 1355
3641 1357
3642 1357
3643 1359
3644 1356
3645 1358
3646 1358
3647 1355
3648 1358
3649 1356
3650 1359
3651 1357
3652 1357
3653 1358
3654 1357
3655 1355
3656 1360
3657 1357
3658 1358
3659 1355
3660 1354
3661 1356
3662 1355
3663 1356
3664 1356
3665 1357
3666 1355
3667 1356
3668 1353
3669 1355
3670 1357
3671 1358
3672 1357
3673 1359
3674 1360
3675 1357
3676 1357
3677 1359
3678 1359
3679 1356
3680 1358
3681 1357
3682 1357
3683 1358
3684 1357
3685 1357
3686 1356
3687 1357
3688 1354
3689 1356
3690 1359
3691 1356
3692 1355
3693 1355
3694 1354
3695 1357
3696 1355
3697 1356
3698 1358
3699 1356
3700 1355
3701 1359
3702 1352
3703 1359
3704 1358
3705 1359
3706 1357
3707 1356
3708 1358
3709 1357
3710 1357
3711 1357
3712 1352
3713 1354
3714 1356
3715 1358
3716 1357
3717 1355
3718 1354
3719 1354
3720 1355
3721 1356
3722 1357
3723 1356
3724 1356
3725 1356
3726 1358
3727 1356
3728 1354
3729 1356
3730 1358
3731 1356
3732 1357
3733 1356
3734 1355
3735 1356
3736 1356
3737 1356
3738 1361
3739 1359
3740 1358
3741 1357
3742 1355
3743 1359
3744 1356
3745 1356
3746 1357
3747 1357
3748 1358
3749 1355
3750 1356
3751 1356
3752 1354
3753 1356
3754 1357
3755 1359
3756 1358
3757 1354
3758 1357
3759 1355
3760 1357
3761 1356
3762 1354
3763 1359
3764 1358
3765 1356
3766 1358
3767 1355
3768 1359
3769 1355
3770 1358
3771 1358
3772 1357
3773 1358
3774 1358
3775 1356
3776 1357
3777 1357
3778 1357
3779 1357
3780 1357
3781 1357
3782 1360
3783 1358
3784 1352
3785 1357
3786 1357
3787 1356
3788 1352
3789 1355
3790 1360
3791 1359
3792 1359
3793 1358
3794 1356
3795 1355
3796 1358
3797 1357
3798 1359
3799 1356
3800 1356
3801 1357
3802 1356
3803 1356
3804 1353
3805 1356
3806 1354
3807 1356
3808 1356
3809 1355
3810 1355
3811 1354
3812 1356
3813 1356
3814 1357
3815 1355
3816 1357
3817 1358
3818 1355
3819 1356
3820 1357
3821 1357
3822 1355
3823 1360
3824 1357
3825 1358
3826 1355
3827 1354
3828 1354
3829 1358
3830 1354
3831 1357
3832 1356
3833 1358
3834 1354
3835 1358
3836 1360
3837 1358
3838 1354
3839 1358
3840 1355
3841 1356
3842 1358
3843 1356
3844 1358
3845 1355
3846 1353
3847 1356
3848 1357
3849 1353
3850 1353
3851 1356
3852 1356
3853 1356
3854 1357
3855 1356
3856 1355
3857 1354
3858 1356
3859 1357
3860 1358
3861 1359
3862 1358
3863 1358
3864 1354
3865 1356
3866 1356
3867 1357
3868 1356
3869 1355
3870 1356
3871 1358
3872 1357
3873 1359
3874 1357
3875 1355
3876 1354
3877 1355
3878 1355
3879 1356
3880 1355
3881 1355
3882 1354
3883 1360
3884 1357
3885 1356
3886 1357
3887 1358
3888 1356
3889 1355
3890 1355
3891 1355
3892 1354
3893 1357
3894 1357
3895 1355
3896 1357
3897 1356
3898 1357
3899 1358
3900 1354
3901 1357
3902 1354
3903 1353
3904 1356
3905 1355
3906 1355
3907 1355
3908 1355
3909 1352
3910 1354
3911 1357
3912 1356
3913 1358
3914 1355
3915 1355
3916 1356
3917 1356
3918 1357
3919 1356
3920 1360
3921 1357
3922 1354
3923 1355
3924 1355
3925 1357
3926 1357
3927 1356
3928 1356
3929 1354
3930 1354
3931 1356
3932 1356
3933 1357
3934 1355
3935 1356
3936 1357
3937 1356
3938 1355
3939 1356
3940 1357
3941 1355
3942 1355
3943 1355
3944 1357
3945 1355
3946 1360
3947 1354
3948 1355
3949 1355
3950 1357
3951 1357
3952 1356
3953 1356
3954 1354
3955 1356
3956 1354
3957 1355
3958 1357
3959 1357
3960 1358
3961 1356
3962 1358
3963 1355
3964 1359
3965 1356
3966 1354
3967 1357
3968 1357
3969 1356
3970 1360
3971 1356
3972 1355
3973 1356
3974 1358
3975 1356
3976 1356
3977 1354
3978 1354
3979 1356
3980 1356
3981 1356
3982 1357
3983 1357
3984 1358
3985 1359
3986 1361
3987 1356
3988 1357
3989 1355
3990 1354
3991 1356
3992 1356
3993 1356
3994 1354
3995 1354
3996 1359
3997 1357
3998 1356
3999 1357
