0 1357
1 1356
2 1354
3 1352
4 1358
5 1354
6 1355
7 1353
8 1357
9 1356
10 1356
11 1353
12 1355
13 1356
14 1356
15 1356
16 1356
17 1355
18 1353
19 1354
20 1355
21 1356
22 1357
23 1353
24 1352
25 1354
26 1354
27 1354
28 1355
29 1354
30 1355
31 1355
32 1355
33 1354
34 1355
35 1353
36 1355
37 1355
38 1356
39 1353
40 1355
41 1354
42 1355
43 1354
44 1355
45 1354
46 1353
47 1353
48 1358
49 1356
50 1353
51 1354
52 1355
53 1356
54 1351
55 1353
56 1355
57 1355
58 1354
59 1352
60 1357
61 1354
62 1357
63 1355
64 1354
65 1356
66 1356
67 1351
68 1356
69 1354
70 1355
71 1354
72 1355
73 1354
74 1353
75 1355
76 1357
77 1353
78 1350
79 1353
80 1356
81 1356
82 1355
83 1352
84 1354
85 1354
86 1354
87 1355
88 1357
89 1356
90 1353
91 1353
92 1356
93 1354
94 1355
95 1355
96 1356
97 1354
98 1355
99 1355
100 1354
101 1354
102 1352
103 1353
104 1354
105 1354
106 1357
107 1354
108 1354
109 1354
110 1353
111 1355
112 1356
113 1355
114 1357
115 1356
116 1356
117 1358
118 1357
119 1354
120 1356
121 1355
122 1356
123 1358
124 1355
125 1354
126 1356
127 1356
128 1354
129 1354
130 1354
131 1354
132 1353
133 1358
134 1356
135 1355
136 1357
137 1353
138 1355
139 1352
140 1355
141 1356
142 1355
143 1354
144 1357
145 1356
146 1354
147 1354
148 1355
149 1356
150 1356
151 1354
152 1356
153 1354
154 1353
155 1355
156 1357
157 1354
158 1355
159 1356
160 1355
161 1357
162 1357
163 1354
164 1352
165 1350
166 1353
167 1356
168 1354
169 1352
170 1354
171 1355
172 1354
173 1351
174 1355
175 1356
176 1355
177 1354
178 1355
179 1356
180 1356
181 1354
182 1355
183 1355
184 1358
185 1356
186 1356
187 1353
188 1354
189 1355
190 1355
191 1355
192 1355
193 1353
194 1356
195 1355
196 1356
197 1355
198 1355
199 1353
200 1353
201 1354
202 1355
203 1356
204 1357
205 1357
206 1358
207 1354
208 1357
209 1355
210 1356
211 1352
212 1354
213 1351
214 1355
215 1355
216 1357
217 1356
218 1353
219 1356
220 1355
221 1353
222 1357
223 1356
224 1353
225 1353
226 1353
227 1352
228 1355
229 1356
230 1356
231 1351
232 1352
233 1355
234 1354
235 1356
236 1356
237 1356
238 1355
239 1356
240 1357
241 1356
242 1353
243 1354
244 1357
245 1357
246 1355
247 1356
248 1356
249 1354
250 1355
251 1354
252 1356
253 1353
254 1356
255 1355
256 1354
257 1354
258 1353
259 1352
260 1356
261 1353
262 1356
263 1353
264 1353
265 1355
266 1359
267 1356
268 1355
269 1352
270 1356
271 1355
272 1355
273 1354
274 1354
275 1358
276 1355
277 1355
278 1355
279 1354
280 1354
281 1355
282 1356
283 1355
284 1356
285 1356
286 1356
287 1354
288 1355
289 1355
290 1355
291 1355
292 1356
293 1355
294 1353
295 1355
296 1353
297 1353
298 1352
299 1355
300 1355
301 1356
302 1356
303 1360
304 1357
305 1354
306 1354
307 1354
308 1354
309 1354
310 1352
311 1355
312 1357
313 1356
314 1356
315 1358
316 1356
317 1356
318 1351
319 1353
320 1355
321 1356
322 1353
323 1355
324 1355
325 1356
326 1355
327 1355
328 1354
329 1354
330 1355
331 1354
332 1353
333 1354
334 1356
335 1355
336 1356
337 1356
338 1354
339 1358
340 1353
341 1356
342 1352
343 1353
344 1350
345 1354
346 1353
347 1352
348 1353
349 1353
350 1354
351 1355
352 1355
353 1356
354 1353
355 1355
356 1356
357 1356
358 1357
359 1356
360 1355
361 1355
362 1356
363 1355
364 1354
365 1356
366 1354
367 1355
368 1354
369 1354
370 1354
371 1356
372 1357
373 1357
374 1354
375 1353
376 1354
377 1355
378 1353
379 1354
380 1354
381 1355
382 1354
383 1356
384 1355
385 1353
386 1353
387 1355
388 1356
389 1355
390 1353
391 1356
392 1354
393 1355
394 1354
395 1355
396 1357
397 1357
398 1354
399 1355
400 1356
401 1358
402 1356
403 1357
404 1354
405 1357
406 1355
407 1356
408 1354
409 1354
410 1355
411 1356
412 1354
413 1356
414 1356
415 1357
416 1357
417 1356
418 1357
419 1355
420 1353
421 1354
422 1356
423 1355
424 1354
425 1357
426 1358
427 1354
428 1354
429 1354
430 1355
431 1355
432 1355
433 1354
434 1354
435 1353
436 1354
437 1357
438 1354
439 1357
440 1353
441 1356
442 1355
443 1356
444 1353
445 1354
446 1355
447 1355
448 1355
449 1354
450 1356
451 1356
452 1354
453 1354
454 1355
455 1355
456 1357
457 1355
458 1354
459 1353
460 1354
461 1355
462 1354
463 1357
464 1354
465 1354
466 1357
467 1356
468 1353
469 1358
470 1355
471 1353
472 1353
473 1355
474 1354
475 1355
476 1354
477 1353
478 1356
479 1353
480 1355
481 1354
482 1356
483 1354
484 1353
485 1353
486 1356
487 1355
488 1356
489 1355
490 1353
491 1354
492 1355
493 1354
494 1357
495 1356
496 1355
497 1351
498 1351
499 1352
500 1351
501 1354
502 1354
503 1355
504 1354
505 1353
506 1354
507 1354
508 1353
509 1354
510 1353
511 1357
512 1356
513 1356
514 1353
515 1356
516 1357
517 1356
518 1354
519 1353
520 1355
521 1356
522 1357
523 1356
524 1357
525 1354
526 1355
527 1355
528 1355
529 1357
530 1355
531 1354
532 1356
533 1356
534 1355
535 1359
536 1358
537 1363
538 1370
539 1377
540 1390
541 1410
542 1432
543 1461
544 1493
545 1526
546 1565
547 1602
548 1642
549 1676
550 1711
551 1742
552 1766
553 1789
554 1809
555 1827
556 1835
557 1850
558 1849
559 1852
560 1853
561 1852
562 1845
563 1839
564 1827
565 1814
566 1801
567 1782
568 1766
569 1751
570 1734
571 1716
572 1697
573 1678
574 1667
575 1653
576 1637
577 1621
578 1608
579 1593
580 1575
581 1558
582 1545
583 1531
584 1519
585 1509
586 1501
587 1491
588 1482
589 1476
590 1464
591 1463
592 1451
593 1448
594 1439
595 1434
596 1425
597 1422
598 1414
599 1411
600 1409
601 1405
602 1406
603 1398
604 1397
605 1394
606 1393
607 1390
608 1388
609 1385
610 1386
611 1381
612 1379
613 1375
614 1376
615 1376
616 1371
617 1373
618 1368
619 1368
620 1367
621 1369
622 1370
623 1366
624 1362
625 1363
626 1362
627 1365
628 1362
629 1361
630 1364
631 1362
632 1361
633 1363
634 1362
635 1363
636 1360
637 1359
638 1357
639 1359
640 1358
641 1359
642 1359
643 1358
644 1357
645 1357
646 1359
647 1360
648 1359
649 1358
650 1357
651 1361
652 1359
653 1356
654 1357
655 1355
656 1357
657 1357
658 1358
659 1356
660 1358
661 1357
662 1358
663 1358
664 1359
665 1359
666 1358
667 1358
668 1356
669 1358
670 1359
671 1357
672 1359
673 1360
674 1358
675 1356
676 1358
677 1356
678 1356
679 1357
680 1357
681 1358
682 1359
683 1356
684 1359
685 1355
686 1355
687 1355
688 1355
689 1354
690 1357
691 1354
692 1357
693 1355
694 1355
695 1355
696 1357
697 1356
698 1357
699 1355
700 1356
701 1357
702 1358
703 1356
704 1355
705 1355
706 1357
707 1355
708 1356
709 1355
710 1357
711 1355
712 1355
713 1354
714 1355
715 1354
716 1353
717 1355
718 1356
719 1356
720 1357
721 1355
722 1353
723 1356
724 1357
725 1354
726 1357
727 1356
728 1356
729 1355
730 1354
731 1356
732 1357
733 1353
734 1355
735 1354
736 1356
737 1354
738 1355
739 1354
740 1357
741 1354
742 1356
743 1354
744 1353
745 1355
746 1353
747 1355
748 1358
749 1355
750 1354
751 1356
752 1356
753 1355
754 1355
755 1356
756 1357
757 1354
758 1357
759 1354
760 1358
761 1358
762 1357
763 1358
764 1357
765 1355
766 1354
767 1355
768 1356
769 1354
770 1355
771 1356
772 1357
773 1354
774 1356
775 1354
776 1355
777 1355
778 1358
779 1353
780 1357
781 1355
782 1353
783 1356
784 1357
785 1355
786 1356
787 1353
788 1354
789 1354
790 1354
791 1353
792 1357
793 1356
794 1354
795 1355
796 1357
797 1355
798 1358
799 1356
800 1358
801 1352
802 1355
803 1356
804 1355
805 1357
806 1353
807 1356
808 1355
809 1355
810 1354
811 1352
812 1354
813 1355
814 1357
815 1354
816 1356
817 1354
818 1354
819 1355
820 1356
821 1353
822 1358
823 1354
824 1357
825 1355
826 1355
827 1356
828 1357
829 1354
830 1355
831 1356
832 1354
833 1355
834 1357
835 1358
836 1357
837 1355
838 1357
839 1353
840 1355
841 1355
842 1355
843 1354
844 1356
845 1356
846 1353
847 1354
848 1357
849 1355
850 1356
851 1355
852 1356
853 1357
854 1355
855 1356
856 1355
857 1357
858 1357
859 1355
860 1355
861 1354
862 1352
863 1353
864 1357
865 1356
866 1354
867 1355
868 1353
869 1353
870 1353
871 1353
872 1353
873 1355
874 1354
875 1357
876 1356
877 1354
878 1356
879 1352
880 1356
881 1356
882 1355
883 1355
884 1355
885 1356
886 1358
887 1356
888 1355
889 1355
890 1357
891 1355
892 1358
893 1356
894 1355
895 1353
896 1351
897 1352
898 1355
899 1356
900 1357
901 1357
902 1354
903 1351
904 1355
905 1357
906 1358
907 1355
908 1356
909 1356
910 1357
911 1356
912 1356
913 1354
914 1354
915 1356
916 1357
917 1353
918 1355
919 1359
920 1357
921 1358
922 1356
923 1356
924 1359
925 1357
926 1357
927 1353
928 1357
929 1355
930 1355
931 1354
932 1355
933 1356
934 1355
935 1352
936 1353
937 1354
938 1358
939 1353
940 1356
941 1355
942 1356
943 1356
944 1356
945 1355
946 1358
947 1354
948 1355
949 1353
950 1355
951 1355
952 1354
953 1352
954 1352
955 1354
956 1356
957 1357
958 1356
959 1354
960 1355
961 1354
962 1356
963 1353
964 1355
965 1355
966 1355
967 1352
968 1354
969 1355
970 1357
971 1355
972 1355
973 1351
974 1356
975 1354
976 1357
977 1356
978 1357
979 1355
980 1354
981 1354
982 1356
983 1355
984 1353
985 1355
986 1354
987 1354
988 1356
989 1356
990 1356
991 1353
992 1354
993 1352
994 1352
995 1352
996 1355
997 1357
998 1357
999 1357
1000 1357
1001 1355
1002 1353
1003 1356
1004 1355
1005 1356
1006 1357
1007 1354
1008 1354
1009 1356
1010 1356
1011 1356
1012 1353
1013 1356
1014 1354
1015 1356
1016 1356
1017 1355
1018 1354
1019 1355
1020 1354
1021 1353
1022 1355
1023 1356
1024 1357
1025 1356
1026 1357
1027 1358
1028 1357
1029 1357
1030 1357
1031 1356
1032 1355
1033 1355
1034 1354
1035 1355
1036 1354
1037 1358
1038 1356
1039 1356
1040 1355
1041 1357
1042 1357
1043 1355
1044 1356
1045 1354
1046 1353
1047 1356
1048 1353
1049 1352
1050 1357
1051 1355
1052 1356
1053 1355
1054 1355
1055 1355
1056 1354
1057 1355
1058 1357
1059 1352
1060 1355
1061 1354
1062 1355
1063 1354
1064 1352
1065 1355
1066 1356
1067 1355
1068 1355
1069 1355
1070 1355
1071 1356
1072 1357
1073 1359
1074 1358
1075 1356
1076 1355
1077 1352
1078 1357
1079 1356
1080 1356
1081 1355
1082 1355
1083 1355
1084 1355
1085 1353
1086 1356
1087 1356
1088 1355
1089 1356
1090 1354
1091 1356
1092 1357
1093 1355
1094 1357
1095 1356
1096 1357
1097 1355
1098 1357
1099 1354
1100 1354
1101 1355
1102 1354
1103 1352
1104 1355
1105 1354
1106 1357
1107 1354
1108 1357
1109 1355
1110 1356
1111 1353
1112 1354
1113 1352
1114 1353
1115 1354
1116 1357
1117 1353
1118 1353
1119 1355
1120 1352
1121 1354
1122 1355
1123 1355
1124 1355
1125 1354
1126 1355
1127 1355
1128 1356
1129 1356
1130 1357
1131 1356
1132 1355
1133 1357
1134 1355
1135 1355
1136 1356
1137 1354
1138 1355
1139 1353
1140 1356
1141 1353
1142 1356
1143 1351
1144 1353
1145 1356
1146 1356
1147 1354
1148 1356
1149 1354
1150 1354
1151 1355
1152 1357
1153 1354
1154 1356
1155 1353
1156 1357
1157 1356
1158 1355
1159 1354
1160 1354
1161 1354
1162 1355
1163 1356
1164 1355
1165 1355
1166 1357
1167 1354
1168 1354
1169 1352
1170 1354
1171 1354
1172 1354
1173 1352
1174 1353
1175 1354
1176 1357
1177 1353
1178 1355
1179 1352
1180 1356
1181 1355
1182 1356
1183 1356
1184 1357
1185 1356
1186 1357
1187 1353
1188 1355
1189 1355
1190 1356
1191 1353
1192 1355
1193 1356
1194 1356
1195 1355
1196 1356
1197 1356
1198 1355
1199 1353
1200 1355
1201 1353
1202 1355
1203 1354
1204 1355
1205 1354
1206 1356
1207 1356
1208 1355
1209 1356
1210 1357
1211 1353
1212 1353
1213 1352
1214 1354
1215 1354
1216 1354
1217 1353
1218 1355
1219 1353
1220 1352
1221 1356
1222 1357
1223 1355
1224 1355
1225 1353
1226 1354
1227 1354
1228 1354
1229 1353
1230 1357
1231 1354
1232 1353
1233 1354
1234 1357
1235 1352
1236 1354
1237 1356
1238 1355
1239 1353
1240 1353
1241 1356
1242 1357
1243 1354
1244 1357
1245 1354
1246 1355
1247 1354
1248 1356
1249 1356
1250 1357
1251 1354
1252 1354
1253 1354
1254 1357
1255 1355
1256 1356
1257 1356
1258 1355
1259 1352
1260 1357
1261 1356
1262 1356
1263 1356
1264 1357
1265 1354
1266 1356
1267 1355
1268 1356
1269 1353
1270 1355
1271 1356
1272 1356
1273 1356
1274 1357
1275 1358
1276 1354
1277 1353
1278 1353
1279 1355
1280 1357
1281 1356
1282 1353
1283 1353
1284 1353
1285 1355
1286 1358
1287 1355
1288 1357
1289 1356
1290 1356
1291 1359
1292 1357
1293 1353
1294 1357
1295 1354
1296 1355
1297 1356
1298 1354
1299 1353
1300 1352
1301 1354
1302 1355
1303 1355
1304 1355
1305 1353
1306 1357
1307 1356
1308 1354
1309 1355
1310 1354
1311 1357
1312 1355
1313 1356
1314 1356
1315 1354
1316 1353
1317 1356
1318 1356
1319 1356
1320 1353
1321 1353
1322 1355
1323 1353
1324 1353
1325 1357
1326 1355
1327 1355
1328 1355
1329 1352
1330 1355
1331 1354
1332 1354
1333 1355
1334 1353
1335 1354
1336 1358
1337 1354
1338 1354
1339 1351
1340 1356
1341 1353
1342 1356
1343 1353
1344 1356
1345 1356
1346 1356
1347 1356
1348 1354
1349 1354
1350 1355
1351 1355
1352 1356
1353 1355
1354 1354
1355 1354
1356 1355
1357 1354
1358 1354
1359 1353
1360 1355
1361 1355
1362 1352
1363 1356
1364 1355
1365 1356
1366 1356
1367 1354
1368 1352
1369 1353
1370 1360
1371 1358
1372 1357
1373 1354
1374 1356
1375 1356
1376 1357
1377 1355
1378 1353
1379 1355
1380 1354
1381 1354
1382 1356
1383 1356
1384 1356
1385 1354
1386 1357
1387 1353
1388 1356
1389 1353
1390 1357
1391 1357
1392 1355
1393 1353
1394 1355
1395 1356
1396 1357
1397 1351
1398 1356
1399 1355
1400 1357
1401 1352
1402 1355
1403 1356
1404 1356
1405 1355
1406 1355
1407 1353
1408 1355
1409 1356
1410 1354
1411 1353
1412 1356
1413 1358
1414 1356
1415 1352
1416 1351
1417 1354
1418 1355
1419 1354
1420 1355
1421 1354
1422 1355
1423 1353
1424 1355
1425 1355
1426 1355
1427 1355
1428 1353
1429 1356
1430 1357
1431 1355
1432 1356
1433 1355
1434 1356
1435 1353
1436 1354
1437 1353
1438 1355
1439 1353
1440 1357
1441 1355
1442 1357
1443 1355
1444 1353
1445 1354
1446 1356
1447 1353
1448 1353
1449 1351
1450 1356
1451 1355
1452 1357
1453 1357
1454 1354
1455 1354
1456 1357
1457 1353
1458 1352
1459 1355
1460 1356
1461 1357
1462 1355
1463 1356
1464 1353
1465 1353
1466 1356
1467 1357
1468 1354
1469 1354
1470 1351
1471 1356
1472 1361
1473 1360
1474 1353
1475 1352
1476 1354
1477 1357
1478 1356
1479 1354
1480 1354
1481 1355
1482 1356
1483 1354
1484 1353
1485 1356
1486 1357
1487 1355
1488 1355
1489 1353
1490 1354
1491 1354
1492 1356
1493 1356
1494 1354
1495 1353
1496 1352
1497 1356
1498 1357
1499 1355
1500 1355
1501 1358
1502 1356
1503 1354
1504 1353
1505 1354
1506 1357
1507 1355
1508 1352
1509 1355
1510 1357
1511 1355
1512 1353
1513 1354
1514 1357
1515 1356
1516 1352
1517 1354
1518 1355
1519 1356
1520 1353
1521 1353
1522 1355
1523 1355
1524 1354
1525 1354
1526 1355
1527 1357
1528 1354
1529 1354
1530 1355
1531 1354
1532 1353
1533 1353
1534 1353
1535 1357
1536 1357
1537 1358
1538 1355
1539 1354
1540 1352
1541 1355
1542 1356
1543 1356
1544 1353
1545 1354
1546 1355
1547 1355
1548 1355
1549 1358
1550 1355
1551 1354
1552 1355
1553 1353
1554 1354
1555 1355
1556 1355
1557 1356
1558 1356
1559 1355
1560 1357
1561 1352
1562 1355
1563 1356
1564 1354
1565 1354
1566 1355
1567 1355
1568 1352
1569 1355
1570 1356
1571 1353
1572 1358
1573 1354
1574 1354
1575 1355
1576 1355
1577 1354
1578 1355
1579 1354
1580 1354
1581 1353
1582 1354
1583 1356
1584 1355
1585 1355
1586 1355
1587 1355
1588 1354
1589 1356
1590 1358
1591 1356
1592 1356
1593 1356
1594 1357
1595 1359
1596 1357
1597 1355
1598 1356
1599 1356
1600 1356
1601 1356
1602 1355
1603 1354
1604 1355
1605 1354
1606 1352
1607 1354
1608 1352
1609 1353
1610 1351
1611 1354
1612 1353
1613 1355
1614 1357
1615 1356
1616 1356
1617 1355
1618 1354
1619 1353
1620 1355
1621 1355
1622 1353
1623 1353
1624 1354
1625 1355
1626 1356
1627 1354
1628 1356
1629 1353
1630 1355
1631 1353
1632 1357
1633 1354
1634 1353
1635 1353
1636 1357
1637 1354
1638 1355
1639 1354
1640 1352
1641 1357
1642 1355
1643 1355
1644 1353
1645 1354
1646 1356
1647 1357
1648 1355
1649 1351
1650 1351
1651 1358
1652 1359
1653 1357
1654 1352
1655 1353
1656 1355
1657 1357
1658 1353
1659 1353
1660 1351
1661 1353
1662 1355
1663 1353
1664 1354
1665 1353
1666 1353
1667 1357
1668 1355
1669 1352
1670 1355
1671 1357
1672 1358
1673 1358
1674 1356
1675 1352
1676 1355
1677 1357
1678 1354
1679 1354
1680 1356
1681 1356
1682 1357
1683 1354
1684 1355
1685 1356
1686 1356
1687 1353
1688 1353
1689 1351
1690 1354
1691 1357
1692 1354
1693 1353
1694 1359
1695 1355
1696 1352
1697 1355
1698 1355
1699 1354
1700 1353
1701 1353
1702 1356
1703 1355
1704 1355
1705 1355
1706 1356
1707 1356
1708 1356
1709 1354
1710 1353
1711 1352
1712 1356
1713 1354
1714 1355
1715 1354
1716 1356
1717 1354
1718 1356
1719 1354
1720 1355
1721 1354
1722 1355
1723 1354
1724 1352
1725 1354
1726 1356
1727 1355
1728 1354
1729 1354
1730 1354
1731 1354
1732 1354
1733 1355
1734 1357
1735 1355
1736 1351
1737 1355
1738 1354
1739 1354
1740 1357
1741 1356
1742 1355
1743 1355
1744 1356
1745 1356
1746 1353
1747 1351
1748 1352
1749 1354
1750 1357
1751 1352
1752 1350
1753 1352
1754 1354
1755 1352
1756 1355
1757 1352
1758 1354
1759 1353
1760 1354
1761 1353
1762 1357
1763 1353
1764 1355
1765 1355
1766 1357
1767 1355
1768 1357
1769 1355
1770 1352
1771 1355
1772 1357
1773 1354
1774 1355
1775 1356
1776 1354
1777 1356
1778 1356
1779 1353
1780 1353
1781 1353
1782 1356
1783 1357
1784 1354
1785 1355
1786 1356
1787 1354
1788 1355
1789 1355
1790 1353
1791 1357
1792 1356
1793 1354
1794 1355
1795 1356
1796 1357
1797 1353
1798 1354
1799 1355
1800 1354
1801 1354
1802 1354
1803 1355
1804 1356
1805 1354
1806 1356
1807 1356
1808 1356
1809 1356
1810 1355
1811 1356
1812 1352
1813 1355
1814 1356
1815 1353
1816 1355
1817 1354
1818 1355
1819 1355
1820 1355
1821 1355
1822 1356
1823 1356
1824 1357
1825 1351
1826 1356
1827 1356
1828 1354
1829 1353
1830 1352
1831 1356
1832 1359
1833 1356
1834 1356
1835 1354
1836 1352
1837 1353
1838 1356
1839 1354
1840 1353
1841 1352
1842 1354
1843 1353
1844 1352
1845 1354
1846 1354
1847 1353
1848 1356
1849 1354
1850 1355
1851 1355
1852 1352
1853 1355
1854 1357
1855 1351
1856 1355
1857 1359
1858 1358
1859 1353
1860 1352
1861 1354
1862 1357
1863 1352
1864 1355
1865 1357
1866 1354
1867 1357
1868 1355
1869 1352
1870 1353
1871 1355
1872 1354
1873 1354
1874 1357
1875 1353
1876 1354
1877 1351
1878 1358
1879 1353
1880 1356
1881 1354
1882 1355
1883 1354
1884 1355
1885 1356
1886 1354
1887 1355
1888 1356
1889 1354
1890 1355
1891 1354
1892 1356
1893 1354
1894 1355
1895 1355
1896 1356
1897 1357
1898 1355
1899 1355
1900 1355
1901 1353
1902 1356
1903 1353
1904 1354
1905 1355
1906 1356
1907 1356
1908 1355
1909 1353
1910 1353
1911 1355
1912 1355
1913 1357
1914 1356
1915 1353
1916 1353
1917 1355
1918 1357
1919 1352
1920 1356
1921 1357
1922 1355
1923 1355
1924 1354
1925 1355
1926 1355
1927 1355
1928 1356
1929 1356
1930 1354
1931 1356
1932 1356
1933 1354
1934 1356
1935 1354
1936 1355
1937 1354
1938 1356
1939 1354
1940 1355
1941 1355
1942 1356
1943 1353
1944 1355
1945 1353
1946 1354
1947 1353
1948 1358
1949 1355
1950 1356
1951 1358
1952 1357
1953 1355
1954 1356
1955 1353
1956 1356
1957 1356
1958 1356
1959 1355
1960 1354
1961 1355
1962 1356
1963 1353
1964 1357
1965 1355
1966 1355
1967 1353
1968 1353
1969 1356
1970 1357
1971 1355
1972 1357
1973 1353
1974 1355
1975 1353
1976 1356
1977 1354
1978 1353
1979 1353
1980 1356
1981 1353
1982 1353
1983 1354
1984 1354
1985 1357
1986 1357
1987 1356
1988 1354
1989 1356
1990 1359
1991 1356
1992 1354
1993 1355
1994 1354
1995 1354
1996 1354
1997 1354
1998 1355
1999 1354
2000 1353
2001 1355
2002 1351
2003 1357
2004 1354
2005 1353
2006 1355
2007 1353
2008 1353
2009 1351
2010 1353
2011 1355
2012 1357
2013 1357
2014 1357
2015 1350
2016 1351
2017 1357
2018 1356
2019 1353
2020 1351
2021 1355
2022 1355
2023 1354
2024 1355
2025 1354
2026 1355
2027 1356
2028 1354
2029 1356
2030 1351
2031 1352
2032 1357
2033 1356
2034 1351
2035 1355
2036 1352
2037 1355
2038 1358
2039 1356
2040 1353
2041 1354
2042 1357
2043 1356
2044 1353
2045 1356
2046 1357
2047 1353
2048 1353
2049 1354
2050 1353
2051 1359
2052 1356
2053 1355
2054 1356
2055 1354
2056 1354
2057 1354
2058 1356
2059 1355
2060 1356
2061 1355
2062 1352
2063 1357
2064 1354
2065 1356
2066 1356
2067 1353
2068 1353
2069 1356
2070 1355
2071 1355
2072 1353
2073 1352
2074 1355
2075 1355
2076 1354
2077 1355
2078 1355
2079 1356
2080 1354
2081 1356
2082 1354
2083 1357
2084 1355
2085 1357
2086 1355
2087 1356
2088 1353
2089 1354
2090 1355
2091 1357
2092 1355
2093 1356
2094 1355
2095 1354
2096 1353
2097 1354
2098 1352
2099 1354
2100 1354
2101 1354
2102 1354
2103 1354
2104 1354
2105 1355
2106 1355
2107 1356
2108 1355
2109 1354
2110 1353
2111 1353
2112 1354
2113 1357
2114 1355
2115 1356
2116 1353
2117 1354
2118 1356
2119 1351
2120 1352
2121 1353
2122 1354
2123 1357
2124 1353
2125 1356
2126 1351
2127 1353
2128 1352
2129 1351
2130 1352
2131 1355
2132 1356
2133 1353
2134 1353
2135 1354
2136 1354
2137 1354
2138 1356
2139 1357
2140 1356
2141 1356
2142 1356
2143 1355
2144 1354
2145 1356
2146 1355
2147 1356
2148 1355
2149 1355
2150 1355
2151 1354
2152 1353
2153 1355
2154 1354
2155 1356
2156 1353
2157 1357
2158 1351
2159 1355
2160 1356
2161 1355
2162 1353
2163 1354
2164 1357
2165 1357
2166 1355
2167 1354
2168 1356
2169 1354
2170 1356
2171 1355
2172 1356
2173 1356
2174 1354
2175 1355
2176 1352
2177 1353
2178 1354
2179 1356
2180 1352
2181 1355
2182 1353
2183 1353
2184 1355
2185 1355
2186 1356
2187 1356
2188 1354
2189 1353
2190 1351
2191 1354
2192 1356
2193 1353
2194 1350
2195 1353
2196 1356
2197 1355
2198 1355
2199 1353
2200 1357
2201 1356
2202 1355
2203 1356
2204 1355
2205 1353
2206 1353
2207 1355
2208 1358
2209 1355
2210 1354
2211 1355
2212 1355
2213 1356
2214 1358
2215 1350
2216 1352
2217 1353
2218 1360
2219 1353
2220 1355
2221 1353
2222 1356
2223 1354
2224 1356
2225 1353
2226 1359
2227 1356
2228 1355
2229 1352
2230 1354
2231 1355
2232 1355
2233 1353
2234 1354
2235 1356
2236 1352
2237 1356
2238 1358
2239 1352
2240 1355
2241 1354
2242 1357
2243 1357
2244 1357
2245 1353
2246 1354
2247 1355
2248 1354
2249 1353
2250 1354
2251 1354
2252 1357
2253 1356
2254 1355
2255 1356
2256 1356
2257 1353
2258 1355
2259 1356
2260 1357
2261 1356
2262 1358
2263 1354
2264 1356
2265 1354
2266 1357
2267 1354
2268 1357
2269 1354
2270 1355
2271 1354
2272 1356
2273 1356
2274 1357
2275 1353
2276 1356
2277 1355
2278 1357
2279 1351
2280 1356
2281 1354
2282 1352
2283 1353
2284 1354
2285 1356
2286 1356
2287 1354
2288 1355
2289 1356
2290 1354
2291 1354
2292 1356
2293 1355
2294 1357
2295 1353
2296 1353
2297 1355
2298 1353
2299 1354
2300 1354
2301 1355
2302 1356
2303 1355
2304 1353
2305 1352
2306 1354
2307 1355
2308 1357
2309 1353
2310 1356
2311 1354
2312 1357
2313 1355
2314 1354
2315 1355
2316 1355
2317 1355
2318 1355
2319 1356
2320 1353
2321 1356
2322 1357
2323 1356
2324 1356
2325 1355
2326 1353
2327 1355
2328 1357
2329 1356
2330 1355
2331 1351
2332 1353
2333 1355
2334 1356
2335 1354
2336 1354
2337 1354
2338 1356
2339 1355
2340 1356
2341 1354
2342 1355
2343 1354
2344 1357
2345 1355
2346 1357
2347 1354
2348 1356
2349 1355
2350 1355
2351 1357
2352 1354
2353 1353
2354 1358
2355 1355
2356 1357
2357 1355
2358 1353
2359 1356
2360 1356
2361 1355
2362 1355
2363 1355
2364 1351
2365 1353
2366 1352
2367 1352
2368 1357
2369 1357
2370 1352
2371 1355
2372 1357
2373 1354
2374 1350
2375 1353
2376 1357
2377 1356
2378 1355
2379 1353
2380 1355
2381 1356
2382 1357
2383 1355
2384 1354
2385 1355
2386 1357
2387 1353
2388 1354
2389 1355
2390 1356
2391 1355
2392 1355
2393 1354
2394 1358
2395 1354
2396 1353
2397 1354
2398 1357
2399 1354
2400 1354
2401 1355
2402 1356
2403 1356
2404 1355
2405 1357
2406 1354
2407 1355
2408 1356
2409 1352
2410 1355
2411 1357
2412 1356
2413 1353
2414 1356
2415 1351
2416 1356
2417 1354
2418 1358
2419 1355
2420 1356
2421 1353
2422 1353
2423 1354
2424 1356
2425 1352
2426 1358
2427 1355
2428 1356
2429 1354
2430 1357
2431 1353
2432 1353
2433 1354
2434 1356
2435 1355
2436 1356
2437 1356
2438 1357
2439 1353
2440 1355
2441 1355
2442 1358
2443 1354
2444 1356
2445 1355
2446 1356
2447 1352
2448 1355
2449 1356
2450 1355
2451 1355
2452 1356
2453 1357
2454 1356
2455 1353
2456 1354
2457 1355
2458 1355
2459 1352
2460 1354
2461 1352
2462 1352
2463 1351
2464 1354
2465 1354
2466 1357
2467 1353
2468 1354
2469 1354
2470 1357
2471 1356
2472 1357
2473 1355
2474 1355
2475 1356
2476 1357
2477 1354
2478 1357
2479 1354
2480 1357
2481 1355
2482 1357
2483 1352
2484 1356
2485 1353
2486 1354
2487 1350
2488 1353
2489 1354
2490 1354
2491 1355
2492 1358
2493 1350
2494 1353
2495 1354
2496 1356
2497 1356
2498 1355
2499 1355
2500 1353
2501 1357
2502 1355
2503 1355
2504 1352
2505 1355
2506 1356
2507 1356
2508 1356
2509 1354
2510 1353
2511 1354
2512 1354
2513 1356
2514 1353
2515 1356
2516 1354
2517 1353
2518 1357
2519 1356
2520 1354
2521 1354
2522 1355
2523 1356
2524 1358
2525 1356
2526 1357
2527 1355
2528 1355
2529 1355
2530 1355
2531 1354
2532 1357
2533 1355
2534 1357
2535 1353
2536 1356
2537 1354
2538 1354
2539 1356
2540 1356
2541 1354
2542 1353
2543 1353
2544 1354
2545 1352
2546 1355
2547 1353
2548 1353
2549 1354
2550 1352
2551 1354
2552 1357
2553 1353
2554 1355
2555 1354
2556 1355
2557 1355
2558 1354
2559 1352
2560 1353
2561 1353
2562 1356
2563 1354
2564 1356
2565 1356
2566 1357
2567 1356
2568 1357
2569 1356
2570 1357
2571 1354
2572 1357
2573 1355
2574 1355
2575 1353
2576 1353
2577 1354
2578 1357
2579 1357
2580 1352
2581 1353
2582 1354
2583 1356
2584 1357
2585 1354
2586 1355
2587 1356
2588 1355
2589 1352
2590 1353
2591 1354
2592 1358
2593 1357
2594 1356
2595 1354
2596 1355
2597 1356
2598 1358
2599 1352
2600 1356
2601 1356
2602 1358
2603 1356
2604 1355
2605 1354
2606 1357
2607 1355
2608 1356
2609 1355
2610 1358
2611 1356
2612 1355
2613 1356
2614 1353
2615 1356
2616 1358
2617 1353
2618 1355
2619 1355
2620 1354
2621 1353
2622 1355
2623 1354
2624 1358
2625 1358
2626 1359
2627 1357
2628 1357
2629 1356
2630 1356
2631 1352
2632 1355
2633 1355
2634 1354
2635 1356
2636 1355
2637 1356
2638 1356
2639 1353
2640 1355
2641 1354
2642 1355
2643 1353
2644 1353
2645 1353
2646 1356
2647 1356
2648 1356
2649 1355
2650 1354
2651 1356
2652 1356
2653 1355
2654 1355
2655 1354
2656 1354
2657 1356
2658 1358
2659 1354
2660 1353
2661 1354
2662 1355
2663 1353
2664 1357
2665 1355
2666 1357
2667 1352
2668 1357
2669 1356
2670 1358
2671 1350
2672 1357
2673 1356
2674 1356
2675 1353
2676 1356
2677 1351
2678 1353
2679 1354
2680 1357
2681 1354
2682 1357
2683 1355
2684 1357
2685 1356
2686 1357
2687 1354
2688 1355
2689 1356
2690 1358
2691 1357
2692 1355
2693 1353
2694 1358
2695 1354
2696 1354
2697 1354
2698 1357
2699 1357
2700 1355
2701 1356
2702 1356
2703 1353
2704 1356
2705 1354
2706 1356
2707 1355
2708 1354
2709 1355
2710 1356
2711 1356
2712 1355
2713 1356
2714 1357
2715 1355
2716 1355
2717 1355
2718 1357
2719 1356
2720 1358
2721 1356
2722 1359
2723 1358
2724 1355
2725 1356
2726 1353
2727 1354
2728 1355
2729 1352
2730 1354
2731 1351
2732 1356
2733 1356
2734 1357
2735 1352
2736 1357
2737 1356
2738 1356
2739 1354
2740 1354
2741 1353
2742 1355
2743 1356
2744 1355
2745 1355
2746 1353
2747 1352
2748 1357
2749 1353
2750 1356
2751 1355
2752 1352
2753 1354
2754 1358
2755 1352
2756 1351
2757 1352
2758 1358
2759 1356
2760 1355
2761 1354
2762 1355
2763 1355
2764 1355
2765 1355
2766 1357
2767 1356
2768 1356
2769 1351
2770 1354
2771 1354
2772 1358
2773 1356
2774 1355
2775 1355
2776 1352
2777 1355
2778 1355
2779 1352
2780 1354
2781 1355
2782 1357
2783 1357
2784 1356
2785 1354
2786 1355
2787 1357
2788 1353
2789 1354
2790 1357
2791 1354
2792 1356
2793 1354
2794 1358
2795 1355
2796 1357
2797 1353
2798 1355
2799 1356
2800 1356
2801 1354
2802 1354
2803 1356
2804 1356
2805 1355
2806 1357
2807 1356
2808 1355
2809 1354
2810 1357
2811 1359
2812 1358
2813 1354
2814 1359
2815 1354
2816 1357
2817 1355
2818 1354
2819 1353
2820 1352
2821 1354
2822 1356
2823 1355
2824 1356
2825 1354
2826 1352
2827 1356
2828 1353
2829 1356
2830 1356
2831 1354
2832 1355
2833 1352
2834 1358
2835 1353
2836 1357
2837 1355
2838 1359
2839 1354
2840 1357
2841 1355
2842 1355
2843 1357
2844 1356
2845 1353
2846 1356
2847 1354
2848 1355
2849 1354
2850 1355
2851 1358
2852 1356
2853 1355
2854 1357
2855 1352
2856 1357
2857 1355
2858 1357
2859 1357
2860 1356
2861 1356
2862 1357
2863 1352
2864 1357
2865 1354
2866 1357
2867 1355
2868 1355
2869 1354
2870 1354
2871 1356
2872 1355
2873 1356
2874 1354
2875 1356
2876 1358
2877 1358
2878 1355
2879 1353
2880 1356
2881 1355
2882 1354
2883 1353
2884 1357
2885 1354
2886 1356
2887 1356
2888 1354
2889 1353
2890 1355
2891 1355
2892 1355
2893 1354
2894 1357
2895 1356
2896 1355
2897 1354
2898 1355
2899 1355
2900 1357
2901 1356
2902 1355
2903 1355
2904 1355
2905 1354
2906 1355
2907 1352
2908 1356
2909 1353
2910 1355
2911 1355
2912 1355
2913 1356
2914 1356
2915 1352
2916 1355
2917 1354
2918 1354
2919 1355
2920 1354
2921 1356
2922 1356
2923 1355
2924 1355
2925 1354
2926 1355
2927 1356
2928 1357
2929 1354
2930 1353
2931 1355
2932 1354
2933 1353
2934 1356
2935 1353
2936 1355
2937 1354
2938 1353
2939 1355
2940 1354
2941 1354
2942 1354
2943 1354
2944 1355
2945 1354
2946 1356
2947 1356
2948 1353
2949 1355
2950 1356
2951 1356
2952 1355
2953 1356
2954 1357
2955 1357
2956 1355
2957 1356
2958 1356
2959 1355
2960 1358
2961 1357
2962 1354
2963 1356
2964 1355
2965 1356
2966 1357
2967 1355
2968 1356
2969 1353
2970 1353
2971 1354
2972 1355
2973 1355
2974 1354
2975 1353
2976 1352
2977 1350
2978 1353
2979 1354
2980 1353
2981 1352
2982 1355
2983 1355
2984 1354
2985 1356
2986 1352
2987 1354
2988 1352
2989 1354
2990 1357
2991 1356
2992 1352
2993 1359
2994 1354
2995 1356
2996 1353
2997 1356
2998 1356
2999 1356
3000 1356
3001 1356
3002 1357
3003 1355
3004 1354
3005 1356
3006 1354
3007 1356
3008 1357
3009 1356
3010 1353
3011 1354
3012 1357
3013 1356
3014 1358
3015 1357
3016 1357
3017 1355
3018 1354
3019 1355
3020 1357
3021 1357
3022 1358
3023 1356
3024 1353
3025 1355
3026 1357
3027 1355
3028 1357
3029 1354
3030 1356
3031 1357
3032 1357
3033 1356
3034 1356
3035 1355
3036 1355
3037 1357
3038 1356
3039 1355
3040 1354
3041 1355
3042 1352
3043 1352
3044 1355
3045 1353
3046 1356
3047 1354
3048 1355
3049 1355
3050 1354
3051 1356
3052 1355
3053 1355
3054 1357
3055 1354
3056 1354
3057 1355
3058 1357
3059 1356
3060 1356
3061 1356
3062 1357
3063 1357
3064 1352
3065 1355
3066 1355
3067 1357
3068 1350
3069 1356
3070 1357
3071 1357
3072 1356
3073 1356
3074 1355
3075 1357
3076 1357
3077 1356
3078 1355
3079 1354
3080 1358
3081 1357
3082 1357
3083 1356
3084 1355
3085 1354
3086 1356
3087 1355
3088 1356
3089 1356
3090 1356
3091 1358
3092 1356
3093 1354
3094 1354
3095 1355
3096 1353
3097 1355
3098 1354
3099 1353
3100 1356
3101 1354
3102 1357
3103 1353
3104 1354
3105 1355
3106 1357
3107 1352
3108 1355
3109 1355
3110 1357
3111 1355
3112 1354
3113 1356
3114 1356
3115 1355
3116 1357
3117 1356
3118 1356
3119 1356
3120 1354
3121 1352
3122 1357
3123 1355
3124 1357
3125 1355
3126 1358
3127 1356
3128 1356
3129 1355
3130 1355
3131 1358
3132 1358
3133 1356
3134 1355
3135 1357
3136 1354
3137 1353
3138 1354
3139 1354
3140 1354
3141 1356
3142 1354
3143 1356
3144 1356
3145 1356
3146 1356
3147 1356
3148 1357
3149 1358
3150 1357
3151 1356
3152 1356
3153 1356
3154 1355
3155 1356
3156 1357
3157 1356
3158 1355
3159 1353
3160 1354
3161 1354
3162 1355
3163 1353
3164 1356
3165 1355
3166 1353
3167 1355
3168 1355
3169 1354
3170 1353
3171 1356
3172 1355
3173 1356
3174 1356
3175 1355
3176 1356
3177 1357
3178 1354
3179 1358
3180 1353
3181 1356
3182 1356
3183 1356
3184 1356
3185 1356
3186 1355
3187 1355
3188 1356
3189 1355
3190 1355
3191 1354
3192 1356
3193 1355
3194 1356
3195 1355
3196 1357
3197 1356
3198 1356
3199 1355
3200 1360
3201 1354
3202 1355
3203 1355
3204 1357
3205 1356
3206 1357
3207 1355
3208 1356
3209 1355
3210 1354
3211 1355
3212 1355
3213 1354
3214 1355
3215 1356
3216 1354
3217 1355
3218 1357
3219 1356
3220 1353
3221 1356
3222 1355
3223 1355
3224 1354
3225 1354
3226 1356
3227 1355
3228 1356
3229 1354
3230 1356
3231 1353
3232 1353
3233 1355
3234 1353
3235 1355
3236 1356
3237 1355
3238 1354
3239 1353
3240 1356
3241 1356
3242 1354
3243 1357
3244 1357
3245 1354
3246 1355
3247 1356
3248 1353
3249 1355
3250 1355
3251 1354
3252 1353
3253 1356
3254 1355
3255 1354
3256 1352
3257 1356
3258 1357
3259 1356
3260 1356
3261 1356
3262 1353
3263 1355
3264 1359
3265 1356
3266 1358
3267 1356
3268 1356
3269 1355
3270 1355
3271 1355
3272 1357
3273 1355
3274 1354
3275 1356
3276 1355
3277 1356
3278 1357
3279 1355
3280 1354
3281 1353
3282 1356
3283 1355
3284 1354
3285 1352
3286 1356
3287 1356
3288 1356
3289 1354
3290 1354
3291 1358
3292 1356
3293 1354
3294 1357
3295 1354
3296 1356
3297 1351
3298 1355
3299 1353
3300 1355
3301 1355
3302 1355
3303 1356
3304 1355
3305 1354
3306 1357
3307 1356
3308 1357
3309 1355
3310 1355
3311 1352
3312 1355
3313 1352
3314 1355
3315 1355
3316 1353
3317 1352
3318 1354
3319 1355
3320 1352
3321 1354
3322 1355
3323 1354
3324 1355
3325 1354
3326 1354
3327 1356
3328 1357
3329 1356
3330 1357
3331 1354
3332 1355
3333 1354
3334 1354
3335 1357
3336 1353
3337 1355
3338 1355
3339 1356
3340 1355
3341 1356
3342 1356
3343 1354
3344 1354
3345 1354
3346 1355
3347 1356
3348 1355
3349 1353
3350 1355
3351 1355
3352 1355
3353 1354
3354 1356
3355 1355
3356 1357
3357 1353
3358 1357
3359 1354
3360 1357
3361 1356
3362 1356
3363 1356
3364 1356
3365 1353
3366 1356
3367 1354
3368 1355
3369 1353
3370 1354
3371 1353
3372 1356
3373 1353
3374 1356
3375 1353
3376 1355
3377 1352
3378 1357
3379 1355
3380 1356
3381 1354
3382 1357
3383 1355
3384 1353
3385 1354
3386 1353
3387 1355
3388 1357
3389 1355
3390 1354
3391 1353
3392 1357
3393 1356
3394 1355
3395 1357
3396 1358
3397 1355
3398 1354
3399 1353
3400 1355
3401 1356
3402 1352
3403 1353
3404 1353
3405 1353
3406 1353
3407 1354
3408 1357
3409 1357
3410 1357
3411 1356
3412 1354
3413 1356
3414 1354
3415 1352
3416 1355
3417 1355
3418 1357
3419 1355
3420 1351
3421 1356
3422 1359
3423 1357
3424 1357
3425 1355
3426 1357
3427 1361
3428 1357
3429 1356
3430 1353
3431 1355
3432 1356
3433 1354
3434 1356
3435 1355
3436 1354
3437 1355
3438 1354
3439 1353
3440 1356
3441 1355
3442 1356
3443 1358
3444 1357
3445 1356
3446 1356
3447 1354
3448 1354
3449 1355
3450 1355
3451 1355
3452 1358
3453 1356
3454 1355
3455 1352
3456 1357
3457 1354
3458 1354
3459 1352
3460 1354
3461 1354
3462 1356
3463 1354
3464 1355
3465 1356
3466 1355
3467 1354
3468 1353
3469 1354
3470 1356
3471 1357
3472 1351
3473 1356
3474 1357
3475 1355
3476 1354
3477 1356
3478 1357
3479 1356
3480 1355
3481 1356
3482 1354
3483 1356
3484 1353
3485 1355
3486 1354
3487 1355
3488 1356
3489 1354
3490 1355
3491 1354
3492 1353
3493 1354
3494 1354
3495 1356
3496 1355
3497 1357
3498 1354
3499 1355
3500 1356
3501 1354
3502 1357
3503 1357
3504 1357
3505 1355
3506 1356
3507 1355
3508 1357
3509 1356
3510 1357
3511 1354
3512 1356
3513 1357
3514 1356
3515 1356
3516 1356
3517 1355
3518 1357
3519 1358
3520 1356
3521 1356
3522 1356
3523 1356
3524 1356
3525 1351
3526 1355
3527 1351
3528 1357
3529 1356
3530 1356
3531 1356
3532 1356
3533 1352
3534 1357
3535 1356
3536 1353
3537 1358
3538 1358
3539 1356
3540 1354
3541 1355
3542 1354
3543 1355
3544 1357
3545 1355
3546 1354
3547 1355
3548 1358
3549 1355
3550 1357
3551 1356
3552 1354
3553 1353
3554 1355
3555 1358
3556 1353
3557 1356
3558 1354
3559 1355
3560 1354
3561 1354
3562 1356
3563 1356
3564 1358
3565 1354
3566 1354
3567 1356
3568 1357
3569 1356
3570 1356
3571 1355
3572 1354
3573 1356
3574 1354
3575 1351
3576 1355
3577 1356
3578 1355
3579 1356
3580 1355
3581 1353
3582 1354
3583 1355
3584 1355
3585 1356
3586 1357
3587 1357
3588 1352
3589 1355
3590 1356
3591 1357
3592 1356
3593 1354
3594 1356
3595 1355
3596 1354
3597 1353
3598 1357
3599 1354
3600 1355
3601 1355
3602 1358
3603 1358
3604 1357
3605 1354
3606 1354
3607 1355
3608 1356
3609 1355
3610 1356
3611 1356
3612 1353
3613 1354
3614 1355
3615 1355
3616 1353
3617 1355
3618 1354
3619 1356
3620 1354
3621 1354
3622 1356
3623 1356
3624 1356
3625 1354
3626 1357
3627 1355
3628 1357
3629 1355
3630 1357
3631 1354
3632 1358
3633 1356
3634 1357
3635 1357
3636 1353
3637 1355
3638 1354
3639 1355
3640 1357
3641 1356
3642 1357
3643 1356
3644 1355
3645 1355
3646 1356
3647 1355
3648 1356
3649 1353
3650 1356
3651 1351
3652 1355
3653 1354
3654 1352
3655 1357
3656 1355
3657 1356
3658 1356
3659 1358
3660 1355
3661 1356
3662 1354
3663 1355
3664 1356
3665 1357
3666 1355
3667 1356
3668 1356
3669 1355
3670 1355
3671 1354
3672 1355
3673 1356
3674 1355
3675 1355
3676 1356
3677 1356
3678 1355
3679 1356
3680 1357
3681 1355
3682 1356
3683 1356
3684 1353
3685 1355
3686 1357
3687 1354
3688 1355
3689 1358
3690 1356
3691 1357
3692 1355
3693 1355
3694 1353
3695 1354
3696 1357
3697 1355
3698 1356
3699 1356
3700 1359
3701 1355
3702 1357
3703 1355
3704 1355
3705 1356
3706 1357
3707 1355
3708 1354
3709 1351
3710 1352
3711 1353
3712 1355
3713 1354
3714 1357
3715 1354
3716 1353
3717 1351
3718 1356
3719 1356
3720 1355
3721 1354
3722 1357
3723 1355
3724 1357
3725 1356
3726 1356
3727 1354
3728 1357
3729 1356
3730 1356
3731 1353
3732 1356
3733 1354
3734 1355
3735 1355
3736 1354
3737 1355
3738 1355
3739 1351
3740 1351
3741 1355
3742 1355
3743 1355
3744 1354
3745 1352
3746 1352
3747 1352
3748 1351
3749 1354
3750 1354
3751 1355
3752 1354
3753 1355
3754 1354
3755 1354
3756 1356
3757 1356
3758 1357
3759 1356
3760 1356
3761 1356
3762 1354
3763 1354
3764 1357
3765 1357
3766 1356
3767 1354
3768 1354
3769 1356
3770 1355
3771 1353
3772 1357
3773 1351
3774 1356
3775 1354
3776 1354
3777 1353
3778 1354
3779 1355
3780 1353
3781 1353
3782 1355
3783 1354
3784 1355
3785 1355
3786 1351
3787 1351
3788 1358
3789 1356
3790 1352
3791 1354
3792 1356
3793 1356
3794 1357
3795 1355
3796 1356
3797 1355
3798 1354
3799 1354
3800 1352
3801 1356
3802 1355
3803 1353
3804 1350
3805 1356
3806 1356
3807 1354
3808 1357
3809 1354
3810 1356
3811 1356
3812 1356
3813 1353
3814 1357
3815 1356
3816 1356
3817 1354
3818 1356
3819 1356
3820 1358
3821 1354
3822 1356
3823 1353
3824 1357
3825 1356
3826 1358
3827 1354
3828 1355
3829 1352
3830 1355
3831 1350
3832 1356
3833 1354
3834 1354
3835 1354
3836 1356
3837 1356
3838 1353
3839 1353
3840 1357
3841 1355
3842 1356
3843 1354
3844 1356
3845 1355
3846 1356
3847 1355
3848 1356
3849 1355
3850 1354
3851 1354
3852 1355
3853 1354
3854 1355
3855 1354
3856 1357
3857 1352
3858 1356
3859 1355
3860 1357
3861 1354
3862 1355
3863 1353
3864 1356
3865 1353
3866 1355
3867 1354
3868 1355
3869 1354
3870 1356
3871 1352
3872 1356
3873 1356
3874 1357
3875 1354
3876 1354
3877 1353
3878 1355
3879 1355
3880 1355
3881 1355
3882 1358
3883 1356
3884 1356
3885 1352
3886 1353
3887 1354
3888 1355
3889 1356
3890 1356
3891 1356
3892 1355
3893 1352
3894 1353
3895 1355
3896 1356
3897 1354
3898 1354
3899 1357
3900 1355
3901 1355
3902 1352
3903 1353
3904 1353
3905 1355
3906 1356
3907 1354
3908 1356
3909 1354
3910 1353
3911 1356
3912 1355
3913 1353
3914 1357
3915 1353
3916 1356
3917 1354
3918 1354
3919 1353
3920 1357
3921 1355
3922 1354
3923 1351
3924 1354
3925 1355
3926 1358
3927 1355
3928 1355
3929 1353
3930 1354
3931 1352
3932 1353
3933 1351
3934 1357
3935 1355
3936 1354
3937 1357
3938 1358
3939 1356
3940 1353
3941 1357
3942 1356
3943 1352
3944 1354
3945 1352
3946 1353
3947 1355
3948 1356
3949 1353
3950 1357
3951 1354
3952 1357
3953 1356
3954 1353
3955 1354
3956 1353
3957 1355
3958 1353
3959 1352
3960 1353
3961 1353
3962 1357
3963 1354
3964 1356
3965 1352
3966 1354
3967 1355
3968 1357
3969 1354
3970 1354
3971 1356
3972 1358
3973 1356
3974 1354
3975 1356
3976 1354
3977 1352
3978 1355
3979 1353
3980 1355
3981 1354
3982 1354
3983 1354
3984 1356
3985 1354
3986 1356
3987 1355
3988 1354
3989 1355
3990 1355
3991 1356
3992 1354
3993 1356
3994 1354
3995 1351
3996 1355
3997 1354
3998 1356
3999 1354
