0 1357
1 1356
2 1357
3 1355
4 1357
5 1359
6 1359
7 1360
8 1355
9 1356
10 1357
11 1357
12 1356
13 1357
14 1357
15 1357
16 1358
17 1357
18 1358
19 1356
20 1353
21 1353
22 1355
23 1355
24 1357
25 1352
26 1354
27 1354
28 1357
29 1356
30 1352
31 1356
32 1355
33 1358
34 1356
35 1356
36 1355
37 1354
38 1356
39 1358
40 1355
41 1356
42 1355
43 1354
44 1357
45 1355
46 1357
47 1358
48 1356
49 1355
50 1356
51 1355
52 1353
53 1356
54 1356
55 1356
56 1357
57 1354
58 1354
59 1356
60 1353
61 1354
62 1356
63 1356
64 1357
65 1356
66 1356
67 1353
68 1352
69 1355
70 1357
71 1356
72 1357
73 1354
74 1356
75 1353
76 1354
77 1357
78 1355
79 1353
80 1354
81 1355
82 1355
83 1354
84 1353
85 1355
86 1357
87 1354
88 1355
89 1357
90 1355
91 1357
92 1356
93 1353
94 1354
95 1353
96 1355
97 1354
98 1355
99 1358
100 1352
101 1353
102 1354
103 1357
104 1355
105 1355
106 1357
107 1357
108 1356
109 1355
110 1356
111 1355
112 1357
113 1356
114 1353
115 1355
116 1355
117 1352
118 1357
119 1352
120 1351
121 1354
122 1356
123 1353
124 1352
125 1354
126 1357
127 1356
128 1357
129 1355
130 1355
131 1353
132 1354
133 1355
134 1357
135 1356
136 1358
137 1354
138 1355
139 1356
140 1357
141 1355
142 1356
143 1355
144 1357
145 1353
146 1354
147 1357
148 1356
149 1357
150 1355
151 1353
152 1355
153 1357
154 1356
155 1356
156 1355
157 1357
158 1355
159 1357
160 1357
161 1353
162 1356
163 1357
164 1356
165 1355
166 1358
167 1356
168 1357
169 1355
170 1353
171 1356
172 1354
173 1354
174 1357
175 1353
176 1356
177 1356
178 1353
179 1355
180 1355
181 1353
182 1354
183 1353
184 1353
185 1355
186 1357
187 1356
188 1354
189 1356
190 1354
191 1355
192 1355
193 1355
194 1356
195 1355
196 1358
197 1358
198 1353
199 1353
200 1353
201 1355
202 1353
203 1356
204 1354
205 1353
206 1353
207 1354
208 1353
209 1355
210 1357
211 1356
212 1358
213 1355
214 1355
215 1354
216 1355
217 1353
218 1355
219 1356
220 1357
221 1354
222 1356
223 1353
224 1357
225 1353
226 1355
227 1354
228 1357
229 1357
230 1358
231 1356
232 1356
233 1356
234 1355
235 1355
236 1356
237 1355
238 1353
239 1353
240 1358
241 1353
242 1357
243 1355
244 1354
245 1354
246 1357
247 1354
248 1354
249 1355
250 1355
251 1356
252 1356
253 1357
254 1354
255 1354
256 1357
257 1359
258 1354
259 1356
260 1354
261 1355
262 1359
263 1353
264 1357
265 1354
266 1357
267 1353
268 1357
269 1352
270 1355
271 1358
272 1356
273 1356
274 1358
275 1356
276 1357
277 1354
278 1359
279 1355
280 1356
281 1354
282 1355
283 1356
284 1354
285 1353
286 1357
287 1356
288 1356
289 1355
290 1356
291 1356
292 1356
293 1354
294 1353
295 1354
296 1358
297 1354
298 1357
299 1356
300 1358
301 1354
302 1357
303 1354
304 1356
305 1352
306 1355
307 1355
308 1353
309 1354
310 1356
311 1357
312 1355
313 1356
314 1356
315 1356
316 1358
317 1359
318 1356
319 1357
320 1361
321 1358
322 1357
323 1356
324 1357
325 1358
326 1357
327 1354
328 1356
329 1353
330 1356
331 1354
332 1355
333 1356
334 1356
335 1355
336 1355
337 1355
338 1356
339 1355
340 1357
341 1357
342 1354
343 1357
344 1354
345 1355
346 1354
347 1354
348 1355
349 1357
350 1355
351 1356
352 1356
353 1357
354 1357
355 1356
356 1356
357 1355
358 1355
359 1356
360 1355
361 1355
362 1352
363 1354
364 1355
365 1355
366 1353
367 1355
368 1355
369 1355
370 1356
371 1354
372 1356
373 1353
374 1354
375 1357
376 1357
377 1357
378 1355
379 1354
380 1353
381 1355
382 1356
383 1356
384 1359
385 1357
386 1357
387 1358
388 1354
389 1353
390 1354
391 1356
392 1357
393 1356
394 1357
395 1356
396 1357
397 1356
398 1353
399 1356
400 1357
401 1355
402 1355
403 1354
404 1359
405 1358
406 1357
407 1356
408 1357
409 1360
410 1359
411 1358
412 1356
413 1357
414 1355
415 1354
416 1357
417 1355
418 1354
419 1354
420 1355
421 1356
422 1354
423 1356
424 1357
425 1357
426 1356
427 1354
428 1354
429 1355
430 1356
431 1360
432 1357
433 1355
434 1356
435 1357
436 1356
437 1359
438 1357
439 1356
440 1357
441 1356
442 1355
443 1359
444 1356
445 1357
446 1352
447 1358
448 1356
449 1358
450 1355
451 1357
452 1354
453 1357
454 1357
455 1356
456 1355
457 1356
458 1354
459 1355
460 1354
461 1355
462 1355
463 1354
464 1356
465 1358
466 1356
467 1357
468 1354
469 1356
470 1357
471 1358
472 1357
473 1355
474 1358
475 1356
476 1357
477 1356
478 1357
479 1358
480 1357
481 1357
482 1356
483 1355
484 1356
485 1357
486 1357
487 1357
488 1354
489 1355
490 1357
491 1356
492 1356
493 1355
494 1357
495 1355
496 1355
497 1358
498 1356
499 1357
500 1356
501 1356
502 1357
503 1357
504 1357
505 1356
506 1353
507 1355
508 1357
509 1355
510 1356
511 1353
512 1356
513 1356
514 1353
515 1355
516 1355
517 1357
518 1357
519 1356
520 1356
521 1354
522 1355
523 1355
524 1357
525 1355
526 1356
527 1357
528 1358
529 1360
530 1358
531 1358
532 1357
533 1358
534 1362
535 1364
536 1370
537 1379
538 1398
539 1420
540 1455
541 1501
542 1561
543 1633
544 1714
545 1801
546 1893
547 1990
548 2082
549 2172
550 2250
551 2325
552 2393
553 2448
554 2495
555 2537
556 2566
557 2592
558 2601
559 2611
560 2608
561 2604
562 2587
563 2566
564 2534
565 2498
566 2456
567 2414
568 2367
569 2323
570 2278
571 2236
572 2189
573 2150
574 2107
575 2067
576 2030
577 1993
578 1954
579 1915
580 1887
581 1856
582 1825
583 1799
584 1770
585 1745
586 1718
587 1698
588 1671
589 1651
590 1638
591 1618
592 1600
593 1580
594 1569
595 1554
596 1541
597 1525
598 1514
599 1507
600 1496
601 1488
602 1475
603 1466
604 1455
605 1451
606 1440
607 1434
608 1424
609 1420
610 1414
611 1413
612 1407
613 1403
614 1403
615 1398
616 1400
617 1394
618 1397
619 1393
620 1391
621 1388
622 1389
623 1382
624 1384
625 1380
626 1380
627 1376
628 1375
629 1372
630 1374
631 1371
632 1372
633 1369
634 1368
635 1367
636 1365
637 1366
638 1364
639 1363
640 1364
641 1365
642 1366
643 1361
644 1362
645 1359
646 1361
647 1364
648 1361
649 1359
650 1363
651 1360
652 1363
653 1359
654 1361
655 1357
656 1359
657 1358
658 1359
659 1356
660 1359
661 1358
662 1359
663 1357
664 1358
665 1357
666 1358
667 1356
668 1358
669 1357
670 1356
671 1357
672 1358
673 1357
674 1357
675 1359
676 1358
677 1358
678 1358
679 1354
680 1358
681 1357
682 1357
683 1356
684 1358
685 1358
686 1356
687 1357
688 1357
689 1356
690 1356
691 1358
692 1355
693 1355
694 1358
695 1360
696 1355
697 1357
698 1355
699 1357
700 1358
701 1354
702 1354
703 1357
704 1358
705 1356
706 1357
707 1357
708 1356
709 1356
710 1354
711 1358
712 1355
713 1357
714 1355
715 1358
716 1355
717 1356
718 1357
719 1356
720 1357
721 1355
722 1357
723 1358
724 1356
725 1356
726 1358
727 1357
728 1356
729 1354
730 1356
731 1357
732 1355
733 1356
734 1356
735 1356
736 1357
737 1356
738 1353
739 1357
740 1355
741 1357
742 1356
743 1356
744 1356
745 1355
746 1355
747 1355
748 1358
749 1356
750 1356
751 1359
752 1357
753 1357
754 1358
755 1357
756 1356
757 1355
758 1354
759 1356
760 1358
761 1355
762 1358
763 1356
764 1353
765 1357
766 1356
767 1356
768 1356
769 1356
770 1357
771 1356
772 1357
773 1354
774 1355
775 1356
776 1357
777 1356
778 1354
779 1355
780 1355
781 1355
782 1354
783 1356
784 1356
785 1356
786 1356
787 1354
788 1357
789 1353
790 1355
791 1356
792 1357
793 1358
794 1356
795 1356
796 1357
797 1354
798 1356
799 1357
800 1357
801 1353
802 1357
803 1355
804 1357
805 1356
806 1359
807 1357
808 1359
809 1356
810 1354
811 1355
812 1356
813 1357
814 1354
815 1355
816 1357
817 1353
818 1356
819 1355
820 1356
821 1355
822 1355
823 1354
824 1355
825 1357
826 1356
827 1356
828 1354
829 1354
830 1355
831 1355
832 1355
833 1356
834 1354
835 1355
836 1357
837 1358
838 1357
839 1358
840 1356
841 1357
842 1356
843 1358
844 1358
845 1355
846 1355
847 1357
848 1355
849 1354
850 1357
851 1357
852 1355
853 1353
854 1351
855 1353
856 1356
857 1356
858 1355
859 1354
860 1355
861 1357
862 1357
863 1354
864 1354
865 1355
866 1358
867 1356
868 1355
869 1357
870 1358
871 1359
872 1357
873 1358
874 1356
875 1356
876 1355
877 1356
878 1355
879 1356
880 1357
881 1359
882 1356
883 1356
884 1355
885 1358
886 1354
887 1355
888 1355
889 1353
890 1356
891 1358
892 1354
893 1354
894 1353
895 1354
896 1357
897 1355
898 1358
899 1358
900 1355
901 1355
902 1356
903 1356
904 1357
905 1358
906 1357
907 1357
908 1354
909 1356
910 1356
911 1357
912 1356
913 1355
914 1355
915 1354
916 1357
917 1354
918 1357
919 1354
920 1358
921 1356
922 1357
923 1355
924 1357
925 1356
926 1358
927 1357
928 1357
929 1356
930 1357
931 1357
932 1357
933 1354
934 1356
935 1356
936 1357
937 1354
938 1358
939 1356
940 1354
941 1355
942 1357
943 1354
944 1355
945 1356
946 1357
947 1353
948 1354
949 1353
950 1353
951 1354
952 1355
953 1355
954 1354
955 1355
956 1356
957 1356
958 1355
959 1356
960 1357
961 1355
962 1353
963 1355
964 1354
965 1357
966 1357
967 1356
968 1355
969 1356
970 1356
971 1355
972 1357
973 1356
974 1358
975 1356
976 1356
977 1354
978 1358
979 1358
980 1355
981 1357
982 1354
983 1356
984 1355
985 1355
986 1358
987 1355
988 1356
989 1355
990 1357
991 1357
992 1357
993 1355
994 1355
995 1356
996 1356
997 1359
998 1359
999 1355
1000 1357
1001 1356
1002 1357
1003 1356
1004 1357
1005 1355
1006 1356
1007 1355
1008 1354
1009 1356
1010 1354
1011 1354
1012 1353
1013 1354
1014 1355
1015 1358
1016 1356
1017 1355
1018 1356
1019 1356
1020 1357
1021 1355
1022 1356
1023 1356
1024 1357
1025 1354
1026 1357
1027 1355
1028 1356
1029 1356
1030 1359
1031 1355
1032 1354
1033 1354
1034 1356
1035 1357
1036 1355
1037 1357
1038 1356
1039 1355
1040 1354
1041 1356
1042 1354
1043 1355
1044 1356
1045 1356
1046 1357
1047 1357
1048 1355
1049 1357
1050 1354
1051 1356
1052 1355
1053 1356
1054 1357
1055 1356
1056 1359
1057 1357
1058 1355
1059 1355
1060 1352
1061 1354
1062 1357
1063 1358
1064 1357
1065 1356
1066 1354
1067 1357
1068 1355
1069 1355
1070 1354
1071 1357
1072 1357
1073 1356
1074 1357
1075 1358
1076 1358
1077 1356
1078 1356
1079 1355
1080 1357
1081 1358
1082 1357
1083 1357
1084 1357
1085 1357
1086 1357
1087 1357
1088 1357
1089 1356
1090 1355
1091 1357
1092 1357
1093 1356
1094 1355
1095 1356
1096 1355
1097 1354
1098 1356
1099 1356
1100 1358
1101 1356
1102 1353
1103 1355
1104 1355
1105 1355
1106 1355
1107 1356
1108 1357
1109 1356
1110 1355
1111 1356
1112 1357
1113 1357
1114 1354
1115 1355
1116 1353
1117 1356
1118 1357
1119 1356
1120 1355
1121 1355
1122 1356
1123 1355
1124 1355
1125 1356
1126 1357
1127 1356
1128 1356
1129 1357
1130 1357
1131 1356
1132 1356
1133 1355
1134 1353
1135 1354
1136 1355
1137 1358
1138 1358
1139 1355
1140 1356
1141 1355
1142 1355
1143 1359
1144 1357
1145 1358
1146 1356
1147 1355
1148 1356
1149 1357
1150 1357
1151 1356
1152 1357
1153 1356
1154 1357
1155 1356
1156 1357
1157 1354
1158 1353
1159 1357
1160 1358
1161 1357
1162 1354
1163 1356
1164 1357
1165 1357
1166 1357
1167 1355
1168 1355
1169 1359
1170 1359
1171 1362
1172 1357
1173 1359
1174 1357
1175 1359
1176 1361
1177 1356
1178 1357
1179 1357
1180 1357
1181 1359
1182 1359
1183 1356
1184 1358
1185 1356
1186 1357
1187 1358
1188 1356
1189 1356
1190 1355
1191 1356
1192 1358
1193 1356
1194 1357
1195 1356
1196 1358
1197 1355
1198 1358
1199 1357
1200 1356
1201 1358
1202 1358
1203 1354
1204 1354
1205 1357
1206 1360
1207 1357
1208 1357
1209 1358
1210 1357
1211 1358
1212 1357
1213 1356
1214 1356
1215 1358
1216 1359
1217 1356
1218 1356
1219 1357
1220 1358
1221 1358
1222 1357
1223 1359
1224 1356
1225 1357
1226 1357
1227 1358
1228 1358
1229 1359
1230 1357
1231 1357
1232 1357
1233 1356
1234 1357
1235 1358
1236 1356
1237 1356
1238 1356
1239 1358
1240 1354
1241 1358
1242 1358
1243 1359
1244 1358
1245 1357
1246 1358
1247 1356
1248 1359
1249 1357
1250 1359
1251 1356
1252 1356
1253 1358
1254 1355
1255 1355
1256 1357
1257 1356
1258 1356
1259 1357
1260 1354
1261 1361
1262 1357
1263 1356
1264 1354
1265 1358
1266 1360
1267 1357
1268 1356
1269 1357
1270 1359
1271 1358
1272 1360
1273 1357
1274 1356
1275 1356
1276 1357
1277 1357
1278 1357
1279 1358
1280 1357
1281 1357
1282 1359
1283 1356
1284 1357
1285 1357
1286 1358
1287 1358
1288 1359
1289 1356
1290 1356
1291 1357
1292 1358
1293 1358
1294 1357
1295 1358
1296 1358
1297 1358
1298 1356
1299 1357
1300 1356
1301 1356
1302 1359
1303 1354
1304 1357
1305 1356
1306 1356
1307 1355
1308 1355
1309 1356
1310 1358
1311 1359
1312 1359
1313 1356
1314 1358
1315 1357
1316 1357
1317 1358
1318 1356
1319 1359
1320 1357
1321 1356
1322 1358
1323 1356
1324 1357
1325 1357
1326 1357
1327 1358
1328 1358
1329 1357
1330 1358
1331 1357
1332 1357
1333 1357
1334 1357
1335 1357
1336 1356
1337 1356
1338 1356
1339 1356
1340 1355
1341 1356
1342 1358
1343 1353
1344 1358
1345 1358
1346 1357
1347 1355
1348 1356
1349 1358
1350 1357
1351 1356
1352 1357
1353 1358
1354 1357
1355 1357
1356 1357
1357 1357
1358 1356
1359 1357
1360 1357
1361 1357
1362 1358
1363 1358
1364 1358
1365 1355
1366 1358
1367 1356
1368 1357
1369 1355
1370 1356
1371 1356
1372 1360
1373 1358
1374 1355
1375 1358
1376 1356
1377 1356
1378 1357
1379 1354
1380 1357
1381 1356
1382 1357
1383 1356
1384 1356
1385 1355
1386 1357
1387 1357
1388 1357
1389 1358
1390 1356
1391 1357
1392 1354
1393 1357
1394 1358
1395 1357
1396 1357
1397 1356
1398 1355
1399 1356
1400 1355
1401 1356
1402 1355
1403 1355
1404 1355
1405 1355
1406 1353
1407 1353
1408 1356
1409 1357
1410 1356
1411 1358
1412 1354
1413 1356
1414 1353
1415 1355
1416 1355
1417 1357
1418 1356
1419 1358
1420 1352
1421 1358
1422 1355
1423 1357
1424 1356
1425 1357
1426 1358
1427 1358
1428 1357
1429 1358
1430 1357
1431 1358
1432 1357
1433 1356
1434 1357
1435 1355
1436 1355
1437 1357
1438 1357
1439 1360
1440 1357
1441 1358
1442 1357
1443 1357
1444 1357
1445 1358
1446 1360
1447 1357
1448 1356
1449 1355
1450 1357
1451 1356
1452 1358
1453 1359
1454 1355
1455 1358
1456 1357
1457 1358
1458 1360
1459 1357
1460 1355
1461 1354
1462 1355
1463 1355
1464 1355
1465 1357
1466 1353
1467 1356
1468 1357
1469 1357
1470 1357
1471 1356
1472 1357
1473 1356
1474 1357
1475 1355
1476 1355
1477 1357
1478 1355
1479 1358
1480 1359
1481 1357
1482 1357
1483 1354
1484 1356
1485 1356
1486 1358
1487 1355
1488 1355
1489 1356
1490 1356
1491 1354
1492 1357
1493 1356
1494 1357
1495 1356
1496 1356
1497 1354
1498 1355
1499 1358
1500 1355
1501 1356
1502 1356
1503 1356
1504 1357
1505 1358
1506 1357
1507 1357
1508 1357
1509 1359
1510 1356
1511 1360
1512 1355
1513 1355
1514 1357
1515 1357
1516 1357
1517 1356
1518 1356
1519 1355
1520 1353
1521 1356
1522 1355
1523 1357
1524 1355
1525 1355
1526 1354
1527 1355
1528 1357
1529 1356
1530 1355
1531 1357
1532 1352
1533 1356
1534 1355
1535 1356
1536 1357
1537 1356
1538 1360
1539 1357
1540 1356
1541 1356
1542 1359
1543 1361
1544 1358
1545 1357
1546 1356
1547 1358
1548 1357
1549 1356
1550 1354
1551 1356
1552 1354
1553 1354
1554 1357
1555 1356
1556 1355
1557 1357
1558 1355
1559 1356
1560 1357
1561 1355
1562 1357
1563 1358
1564 1356
1565 1356
1566 1353
1567 1357
1568 1359
1569 1354
1570 1354
1571 1356
1572 1359
1573 1355
1574 1354
1575 1357
1576 1357
1577 1356
1578 1355
1579 1353
1580 1359
1581 1358
1582 1354
1583 1356
1584 1355
1585 1356
1586 1355
1587 1357
1588 1356
1589 1354
1590 1354
1591 1358
1592 1356
1593 1356
1594 1353
1595 1356
1596 1357
1597 1358
1598 1354
1599 1355
1600 1358
1601 1353
1602 1355
1603 1358
1604 1358
1605 1356
1606 1355
1607 1356
1608 1357
1609 1356
1610 1355
1611 1355
1612 1356
1613 1355
1614 1354
1615 1356
1616 1355
1617 1356
1618 1355
1619 1355
1620 1356
1621 1356
1622 1356
1623 1355
1624 1356
1625 1356
1626 1358
1627 1356
1628 1358
1629 1357
1630 1356
1631 1355
1632 1356
1633 1356
1634 1354
1635 1356
1636 1357
1637 1352
1638 1356
1639 1356
1640 1355
1641 1361
1642 1355
1643 1353
1644 1354
1645 1355
1646 1354
1647 1354
1648 1355
1649 1354
1650 1354
1651 1356
1652 1352
1653 1356
1654 1355
1655 1354
1656 1355
1657 1354
1658 1354
1659 1355
1660 1356
1661 1354
1662 1357
1663 1354
1664 1357
1665 1355
1666 1356
1667 1355
1668 1354
1669 1356
1670 1357
1671 1356
1672 1352
1673 1356
1674 1356
1675 1357
1676 1354
1677 1355
1678 1355
1679 1356
1680 1351
1681 1355
1682 1354
1683 1354
1684 1354
1685 1354
1686 1352
1687 1355
1688 1354
1689 1355
1690 1356
1691 1356
1692 1357
1693 1356
1694 1352
1695 1355
1696 1357
1697 1358
1698 1357
1699 1355
1700 1355
1701 1356
1702 1353
1703 1354
1704 1357
1705 1357
1706 1357
1707 1357
1708 1353
1709 1355
1710 1356
1711 1355
1712 1356
1713 1356
1714 1358
1715 1356
1716 1354
1717 1356
1718 1354
1719 1353
1720 1350
1721 1355
1722 1359
1723 1361
1724 1355
1725 1356
1726 1356
1727 1358
1728 1358
1729 1356
1730 1355
1731 1356
1732 1356
1733 1355
1734 1354
1735 1353
1736 1357
1737 1355
1738 1356
1739 1354
1740 1355
1741 1356
1742 1358
1743 1356
1744 1354
1745 1354
1746 1357
1747 1359
1748 1358
1749 1357
1750 1356
1751 1354
1752 1355
1753 1357
1754 1354
1755 1358
1756 1358
1757 1353
1758 1356
1759 1355
1760 1357
1761 1358
1762 1355
1763 1355
1764 1355
1765 1356
1766 1353
1767 1358
1768 1355
1769 1356
1770 1355
1771 1354
1772 1355
1773 1358
1774 1356
1775 1358
1776 1355
1777 1357
1778 1356
1779 1357
1780 1354
1781 1354
1782 1354
1783 1358
1784 1355
1785 1354
1786 1355
1787 1358
1788 1358
1789 1355
1790 1358
1791 1354
1792 1355
1793 1357
1794 1354
1795 1356
1796 1353
1797 1355
1798 1356
1799 1354
1800 1357
1801 1354
1802 1355
1803 1356
1804 1357
1805 1354
1806 1357
1807 1356
1808 1357
1809 1355
1810 1354
1811 1356
1812 1354
1813 1356
1814 1355
1815 1358
1816 1359
1817 1355
1818 1357
1819 1358
1820 1357
1821 1357
1822 1356
1823 1356
1824 1357
1825 1358
1826 1357
1827 1357
1828 1357
1829 1355
1830 1355
1831 1355
1832 1357
1833 1355
1834 1356
1835 1357
1836 1358
1837 1356
1838 1357
1839 1355
1840 1357
1841 1355
1842 1356
1843 1353
1844 1353
1845 1355
1846 1355
1847 1354
1848 1356
1849 1356
1850 1355
1851 1357
1852 1356
1853 1356
1854 1357
1855 1355
1856 1354
1857 1357
1858 1356
1859 1356
1860 1357
1861 1359
1862 1358
1863 1358
1864 1357
1865 1355
1866 1356
1867 1354
1868 1358
1869 1355
1870 1356
1871 1357
1872 1358
1873 1356
1874 1355
1875 1356
1876 1355
1877 1355
1878 1357
1879 1357
1880 1359
1881 1357
1882 1358
1883 1355
1884 1355
1885 1356
1886 1357
1887 1356
1888 1357
1889 1356
1890 1354
1891 1356
1892 1357
1893 1358
1894 1353
1895 1354
1896 1355
1897 1354
1898 1352
1899 1354
1900 1351
1901 1356
1902 1361
1903 1360
1904 1357
1905 1355
1906 1359
1907 1356
1908 1356
1909 1354
1910 1356
1911 1355
1912 1357
1913 1356
1914 1357
1915 1355
1916 1357
1917 1356
1918 1354
1919 1356
1920 1353
1921 1355
1922 1359
1923 1358
1924 1356
1925 1353
1926 1356
1927 1355
1928 1360
1929 1357
1930 1355
1931 1357
1932 1360
1933 1358
1934 1358
1935 1357
1936 1358
1937 1355
1938 1354
1939 1356
1940 1357
1941 1359
1942 1357
1943 1354
1944 1357
1945 1354
1946 1357
1947 1356
1948 1356
1949 1355
1950 1354
1951 1354
1952 1356
1953 1359
1954 1357
1955 1357
1956 1356
1957 1358
1958 1355
1959 1355
1960 1357
1961 1358
1962 1357
1963 1356
1964 1355
1965 1356
1966 1357
1967 1356
1968 1357
1969 1356
1970 1357
1971 1356
1972 1359
1973 1356
1974 1354
1975 1356
1976 1355
1977 1355
1978 1356
1979 1356
1980 1357
1981 1356
1982 1356
1983 1354
1984 1354
1985 1354
1986 1355
1987 1356
1988 1355
1989 1355
1990 1356
1991 1360
1992 1357
1993 1356
1994 1357
1995 1354
1996 1357
1997 1355
1998 1354
1999 1356
2000 1357
2001 1354
2002 1356
2003 1355
2004 1357
2005 1356
2006 1357
2007 1357
2008 1356
2009 1357
2010 1357
2011 1357
2012 1357
2013 1354
2014 1355
2015 1357
2016 1358
2017 1357
2018 1355
2019 1358
2020 1359
2021 1358
2022 1357
2023 1354
2024 1355
2025 1357
2026 1357
2027 1356
2028 1356
2029 1354
2030 1357
2031 1357
2032 1357
2033 1358
2034 1359
2035 1360
2036 1357
2037 1359
2038 1355
2039 1355
2040 1355
2041 1354
2042 1356
2043 1356
2044 1357
2045 1360
2046 1358
2047 1356
2048 1357
2049 1356
2050 1356
2051 1356
2052 1355
2053 1359
2054 1357
2055 1358
2056 1357
2057 1357
2058 1356
2059 1356
2060 1357
2061 1356
2062 1359
2063 1358
2064 1357
2065 1356
2066 1355
2067 1359
2068 1357
2069 1355
2070 1354
2071 1357
2072 1357
2073 1355
2074 1354
2075 1353
2076 1353
2077 1356
2078 1357
2079 1355
2080 1353
2081 1355
2082 1356
2083 1358
2084 1356
2085 1355
2086 1355
2087 1358
2088 1357
2089 1355
2090 1355
2091 1356
2092 1357
2093 1356
2094 1353
2095 1357
2096 1357
2097 1357
2098 1356
2099 1356
2100 1356
2101 1355
2102 1356
2103 1357
2104 1354
2105 1354
2106 1352
2107 1357
2108 1358
2109 1356
2110 1354
2111 1356
2112 1357
2113 1355
2114 1354
2115 1355
2116 1357
2117 1357
2118 1355
2119 1356
2120 1358
2121 1359
2122 1358
2123 1357
2124 1356
2125 1354
2126 1353
2127 1355
2128 1357
2129 1356
2130 1356
2131 1356
2132 1356
2133 1358
2134 1354
2135 1356
2136 1355
2137 1353
2138 1355
2139 1355
2140 1353
2141 1355
2142 1357
2143 1355
2144 1356
2145 1356
2146 1357
2147 1355
2148 1354
2149 1357
2150 1357
2151 1356
2152 1354
2153 1356
2154 1358
2155 1358
2156 1358
2157 1357
2158 1358
2159 1360
2160 1355
2161 1356
2162 1356
2163 1356
2164 1355
2165 1356
2166 1356
2167 1357
2168 1354
2169 1356
2170 1357
2171 1356
2172 1356
2173 1357
2174 1357
2175 1360
2176 1354
2177 1356
2178 1356
2179 1358
2180 1358
2181 1357
2182 1355
2183 1356
2184 1355
2185 1359
2186 1356
2187 1358
2188 1355
2189 1356
2190 1357
2191 1359
2192 1355
2193 1356
2194 1353
2195 1353
2196 1355
2197 1356
2198 1355
2199 1355
2200 1356
2201 1356
2202 1355
2203 1356
2204 1355
2205 1354
2206 1357
2207 1355
2208 1356
2209 1358
2210 1355
2211 1358
2212 1355
2213 1355
2214 1358
2215 1357
2216 1358
2217 1359
2218 1356
2219 1358
2220 1358
2221 1358
2222 1357
2223 1358
2224 1357
2225 1355
2226 1356
2227 1355
2228 1357
2229 1356
2230 1355
2231 1355
2232 1357
2233 1357
2234 1357
2235 1358
2236 1357
2237 1358
2238 1357
2239 1356
2240 1357
2241 1357
2242 1356
2243 1357
2244 1358
2245 1359
2246 1357
2247 1356
2248 1355
2249 1356
2250 1356
2251 1357
2252 1355
2253 1355
2254 1357
2255 1357
2256 1357
2257 1356
2258 1354
2259 1355
2260 1355
2261 1357
2262 1357
2263 1356
2264 1355
2265 1355
2266 1354
2267 1358
2268 1357
2269 1358
2270 1357
2271 1357
2272 1355
2273 1354
2274 1356
2275 1357
2276 1356
2277 1358
2278 1354
2279 1356
2280 1357
2281 1356
2282 1358
2283 1357
2284 1362
2285 1358
2286 1354
2287 1356
2288 1358
2289 1356
2290 1353
2291 1357
2292 1357
2293 1357
2294 1355
2295 1360
2296 1357
2297 1358
2298 1357
2299 1355
2300 1357
2301 1358
2302 1357
2303 1357
2304 1358
2305 1359
2306 1357
2307 1359
2308 1360
2309 1357
2310 1357
2311 1357
2312 1355
2313 1359
2314 1357
2315 1356
2316 1354
2317 1356
2318 1355
2319 1355
2320 1356
2321 1357
2322 1356
2323 1357
2324 1357
2325 1356
2326 1354
2327 1356
2328 1357
2329 1358
2330 1355
2331 1356
2332 1352
2333 1359
2334 1356
2335 1357
2336 1355
2337 1356
2338 1354
2339 1359
2340 1357
2341 1357
2342 1357
2343 1357
2344 1357
2345 1357
2346 1357
2347 1356
2348 1355
2349 1357
2350 1355
2351 1357
2352 1355
2353 1358
2354 1356
2355 1356
2356 1358
2357 1359
2358 1356
2359 1358
2360 1356
2361 1357
2362 1357
2363 1359
2364 1357
2365 1358
2366 1355
2367 1357
2368 1357
2369 1357
2370 1357
2371 1359
2372 1357
2373 1355
2374 1356
2375 1354
2376 1356
2377 1356
2378 1355
2379 1355
2380 1354
2381 1354
2382 1354
2383 1355
2384 1356
2385 1355
2386 1354
2387 1356
2388 1355
2389 1355
2390 1357
2391 1355
2392 1358
2393 1358
2394 1357
2395 1356
2396 1356
2397 1355
2398 1357
2399 1355
2400 1359
2401 1356
2402 1355
2403 1355
2404 1356
2405 1354
2406 1355
2407 1354
2408 1353
2409 1356
2410 1353
2411 1359
2412 1358
2413 1356
2414 1357
2415 1356
2416 1355
2417 1354
2418 1355
2419 1358
2420 1355
2421 1354
2422 1358
2423 1355
2424 1354
2425 1353
2426 1355
2427 1356
2428 1357
2429 1356
2430 1356
2431 1357
2432 1354
2433 1357
2434 1355
2435 1356
2436 1358
2437 1359
2438 1357
2439 1354
2440 1354
2441 1355
2442 1359
2443 1357
2444 1352
2445 1356
2446 1358
2447 1357
2448 1358
2449 1355
2450 1353
2451 1355
2452 1356
2453 1355
2454 1356
2455 1358
2456 1357
2457 1359
2458 1357
2459 1357
2460 1359
2461 1358
2462 1355
2463 1357
2464 1357
2465 1354
2466 1351
2467 1357
2468 1357
2469 1357
2470 1354
2471 1356
2472 1357
2473 1354
2474 1356
2475 1356
2476 1354
2477 1355
2478 1354
2479 1352
2480 1356
2481 1357
2482 1357
2483 1357
2484 1359
2485 1358
2486 1355
2487 1354
2488 1354
2489 1356
2490 1357
2491 1355
2492 1357
2493 1355
2494 1355
2495 1356
2496 1355
2497 1356
2498 1355
2499 1354
2500 1357
2501 1355
2502 1357
2503 1357
2504 1354
2505 1355
2506 1354
2507 1357
2508 1359
2509 1357
2510 1357
2511 1356
2512 1356
2513 1358
2514 1357
2515 1358
2516 1354
2517 1359
2518 1356
2519 1357
2520 1358
2521 1356
2522 1356
2523 1355
2524 1355
2525 1355
2526 1353
2527 1354
2528 1356
2529 1359
2530 1355
2531 1354
2532 1352
2533 1354
2534 1356
2535 1357
2536 1357
2537 1356
2538 1356
2539 1358
2540 1357
2541 1356
2542 1353
2543 1360
2544 1357
2545 1357
2546 1359
2547 1360
2548 1356
2549 1356
2550 1355
2551 1356
2552 1357
2553 1355
2554 1359
2555 1358
2556 1357
2557 1356
2558 1354
2559 1355
2560 1356
2561 1356
2562 1356
2563 1355
2564 1357
2565 1356
2566 1355
2567 1356
2568 1354
2569 1356
2570 1356
2571 1356
2572 1357
2573 1356
2574 1356
2575 1356
2576 1355
2577 1357
2578 1354
2579 1357
2580 1358
2581 1356
2582 1358
2583 1360
2584 1356
2585 1355
2586 1353
2587 1355
2588 1357
2589 1357
2590 1359
2591 1355
2592 1357
2593 1354
2594 1356
2595 1356
2596 1356
2597 1356
2598 1357
2599 1357
2600 1357
2601 1358
2602 1357
2603 1354
2604 1356
2605 1356
2606 1360
2607 1357
2608 1356
2609 1357
2610 1356
2611 1353
2612 1356
2613 1356
2614 1358
2615 1358
2616 1356
2617 1357
2618 1356
2619 1355
2620 1354
2621 1355
2622 1359
2623 1356
2624 1356
2625 1353
2626 1356
2627 1359
2628 1357
2629 1353
2630 1355
2631 1357
2632 1359
2633 1358
2634 1356
2635 1356
2636 1357
2637 1358
2638 1358
2639 1356
2640 1357
2641 1353
2642 1355
2643 1359
2644 1358
2645 1354
2646 1355
2647 1357
2648 1357
2649 1356
2650 1353
2651 1356
2652 1356
2653 1353
2654 1356
2655 1356
2656 1356
2657 1358
2658 1357
2659 1359
2660 1357
2661 1356
2662 1357
2663 1356
2664 1355
2665 1355
2666 1355
2667 1357
2668 1356
2669 1356
2670 1356
2671 1356
2672 1357
2673 1357
2674 1356
2675 1355
2676 1355
2677 1355
2678 1357
2679 1356
2680 1357
2681 1357
2682 1357
2683 1353
2684 1354
2685 1354
2686 1357
2687 1356
2688 1353
2689 1355
2690 1357
2691 1357
2692 1357
2693 1356
2694 1360
2695 1356
2696 1355
2697 1357
2698 1355
2699 1359
2700 1357
2701 1357
2702 1357
2703 1359
2704 1355
2705 1357
2706 1356
2707 1358
2708 1357
2709 1354
2710 1355
2711 1355
2712 1356
2713 1356
2714 1355
2715 1355
2716 1355
2717 1356
2718 1357
2719 1354
2720 1356
2721 1355
2722 1358
2723 1355
2724 1357
2725 1355
2726 1356
2727 1359
2728 1357
2729 1358
2730 1357
2731 1359
2732 1357
2733 1358
2734 1355
2735 1356
2736 1357
2737 1354
2738 1356
2739 1356
2740 1358
2741 1356
2742 1356
2743 1356
2744 1355
2745 1355
2746 1355
2747 1356
2748 1356
2749 1356
2750 1356
2751 1355
2752 1358
2753 1357
2754 1357
2755 1357
2756 1357
2757 1356
2758 1358
2759 1357
2760 1363
2761 1359
2762 1358
2763 1358
2764 1357
2765 1356
2766 1356
2767 1356
2768 1357
2769 1355
2770 1356
2771 1353
2772 1356
2773 1352
2774 1354
2775 1354
2776 1355
2777 1355
2778 1354
2779 1356
2780 1358
2781 1356
2782 1356
2783 1353
2784 1357
2785 1355
2786 1357
2787 1358
2788 1357
2789 1356
2790 1355
2791 1351
2792 1357
2793 1355
2794 1359
2795 1356
2796 1356
2797 1357
2798 1356
2799 1356
2800 1353
2801 1356
2802 1359
2803 1358
2804 1356
2805 1354
2806 1355
2807 1355
2808 1357
2809 1355
2810 1356
2811 1354
2812 1356
2813 1354
2814 1355
2815 1356
2816 1357
2817 1356
2818 1359
2819 1355
2820 1357
2821 1355
2822 1355
2823 1356
2824 1357
2825 1354
2826 1352
2827 1355
2828 1360
2829 1355
2830 1356
2831 1354
2832 1358
2833 1353
2834 1356
2835 1356
2836 1356
2837 1356
2838 1356
2839 1356
2840 1355
2841 1358
2842 1357
2843 1355
2844 1358
2845 1353
2846 1357
2847 1355
2848 1357
2849 1356
2850 1357
2851 1359
2852 1355
2853 1354
2854 1357
2855 1357
2856 1360
2857 1356
2858 1356
2859 1354
2860 1357
2861 1356
2862 1357
2863 1356
2864 1356
2865 1357
2866 1355
2867 1355
2868 1353
2869 1356
2870 1361
2871 1354
2872 1354
2873 1356
2874 1357
2875 1359
2876 1357
2877 1355
2878 1357
2879 1355
2880 1356
2881 1355
2882 1355
2883 1353
2884 1355
2885 1355
2886 1356
2887 1355
2888 1358
2889 1358
2890 1357
2891 1358
2892 1354
2893 1355
2894 1355
2895 1357
2896 1357
2897 1356
2898 1355
2899 1355
2900 1353
2901 1357
2902 1355
2903 1357
2904 1358
2905 1356
2906 1355
2907 1357
2908 1354
2909 1356
2910 1356
2911 1357
2912 1358
2913 1356
2914 1356
2915 1358
2916 1357
2917 1356
2918 1356
2919 1356
2920 1357
2921 1356
2922 1359
2923 1358
2924 1359
2925 1356
2926 1357
2927 1356
2928 1357
2929 1357
2930 1355
2931 1354
2932 1352
2933 1355
2934 1355
2935 1357
2936 1356
2937 1354
2938 1355
2939 1356
2940 1357
2941 1355
2942 1356
2943 1356
2944 1357
2945 1358
2946 1359
2947 1358
2948 1358
2949 1356
2950 1355
2951 1355
2952 1356
2953 1357
2954 1357
2955 1355
2956 1358
2957 1356
2958 1358
2959 1358
2960 1357
2961 1355
2962 1356
2963 1356
2964 1357
2965 1356
2966 1357
2967 1358
2968 1359
2969 1359
2970 1359
2971 1357
2972 1360
2973 1357
2974 1360
2975 1357
2976 1357
2977 1356
2978 1357
2979 1359
2980 1357
2981 1356
2982 1358
2983 1356
2984 1355
2985 1356
2986 1355
2987 1355
2988 1353
2989 1356
2990 1357
2991 1355
2992 1355
2993 1354
2994 1354
2995 1356
2996 1357
2997 1355
2998 1356
2999 1354
3000 1356
3001 1354
3002 1359
3003 1356
3004 1356
3005 1357
3006 1357
3007 1357
3008 1358
3009 1358
3010 1357
3011 1358
3012 1356
3013 1357
3014 1355
3015 1357
3016 1357
3017 1358
3018 1355
3019 1357
3020 1355
3021 1355
3022 1357
3023 1355
3024 1356
3025 1355
3026 1355
3027 1357
3028 1357
3029 1358
3030 1355
3031 1354
3032 1357
3033 1357
3034 1356
3035 1356
3036 1358
3037 1357
3038 1358
3039 1360
3040 1358
3041 1356
3042 1356
3043 1358
3044 1356
3045 1357
3046 1355
3047 1358
3048 1354
3049 1356
3050 1356
3051 1357
3052 1354
3053 1356
3054 1355
3055 1355
3056 1355
3057 1358
3058 1354
3059 1355
3060 1354
3061 1357
3062 1357
3063 1357
3064 1355
3065 1356
3066 1357
3067 1359
3068 1357
3069 1358
3070 1357
3071 1359
3072 1359
3073 1357
3074 1356
3075 1356
3076 1357
3077 1355
3078 1355
3079 1355
3080 1355
3081 1357
3082 1355
3083 1357
3084 1354
3085 1356
3086 1359
3087 1357
3088 1357
3089 1357
3090 1358
3091 1356
3092 1355
3093 1353
3094 1356
3095 1357
3096 1358
3097 1360
3098 1355
3099 1356
3100 1357
3101 1356
3102 1354
3103 1356
3104 1356
3105 1356
3106 1357
3107 1356
3108 1354
3109 1354
3110 1355
3111 1354
3112 1355
3113 1353
3114 1359
3115 1354
3116 1356
3117 1355
3118 1355
3119 1356
3120 1357
3121 1356
3122 1358
3123 1357
3124 1356
3125 1357
3126 1357
3127 1357
3128 1357
3129 1356
3130 1355
3131 1356
3132 1358
3133 1358
3134 1355
3135 1354
3136 1358
3137 1354
3138 1357
3139 1356
3140 1356
3141 1357
3142 1357
3143 1355
3144 1353
3145 1354
3146 1356
3147 1356
3148 1356
3149 1354
3150 1355
3151 1355
3152 1357
3153 1356
3154 1358
3155 1355
3156 1358
3157 1354
3158 1357
3159 1354
3160 1353
3161 1356
3162 1358
3163 1355
3164 1353
3165 1356
3166 1356
3167 1356
3168 1358
3169 1354
3170 1357
3171 1353
3172 1356
3173 1355
3174 1354
3175 1357
3176 1358
3177 1356
3178 1357
3179 1356
3180 1357
3181 1356
3182 1356
3183 1355
3184 1356
3185 1356
3186 1360
3187 1358
3188 1359
3189 1357
3190 1357
3191 1356
3192 1357
3193 1357
3194 1359
3195 1357
3196 1358
3197 1355
3198 1357
3199 1356
3200 1354
3201 1354
3202 1358
3203 1356
3204 1357
3205 1355
3206 1360
3207 1357
3208 1357
3209 1355
3210 1359
3211 1357
3212 1354
3213 1355
3214 1358
3215 1356
3216 1356
3217 1354
3218 1355
3219 1356
3220 1358
3221 1355
3222 1358
3223 1355
3224 1356
3225 1355
3226 1353
3227 1355
3228 1355
3229 1353
3230 1358
3231 1358
3232 1358
3233 1356
3234 1352
3235 1356
3236 1357
3237 1356
3238 1357
3239 1353
3240 1357
3241 1355
3242 1356
3243 1357
3244 1358
3245 1355
3246 1356
3247 1355
3248 1356
3249 1357
3250 1356
3251 1355
3252 1354
3253 1356
3254 1358
3255 1357
3256 1357
3257 1355
3258 1356
3259 1357
3260 1357
3261 1355
3262 1354
3263 1354
3264 1357
3265 1355
3266 1355
3267 1355
3268 1356
3269 1355
3270 1356
3271 1356
3272 1357
3273 1354
3274 1357
3275 1353
3276 1356
3277 1355
3278 1357
3279 1356
3280 1356
3281 1354
3282 1357
3283 1358
3284 1357
3285 1355
3286 1357
3287 1355
3288 1357
3289 1356
3290 1358
3291 1356
3292 1357
3293 1358
3294 1357
3295 1355
3296 1357
3297 1355
3298 1356
3299 1355
3300 1354
3301 1354
3302 1356
3303 1355
3304 1355
3305 1356
3306 1359
3307 1357
3308 1359
3309 1358
3310 1354
3311 1356
3312 1358
3313 1359
3314 1357
3315 1356
3316 1357
3317 1359
3318 1359
3319 1359
3320 1354
3321 1358
3322 1358
3323 1356
3324 1357
3325 1355
3326 1355
3327 1356
3328 1354
3329 1354
3330 1356
3331 1356
3332 1357
3333 1355
3334 1356
3335 1354
3336 1357
3337 1356
3338 1356
3339 1359
3340 1355
3341 1357
3342 1356
3343 1355
3344 1356
3345 1356
3346 1356
3347 1356
3348 1361
3349 1357
3350 1356
3351 1356
3352 1354
3353 1356
3354 1355
3355 1357
3356 1356
3357 1357
3358 1359
3359 1355
3360 1358
3361 1354
3362 1356
3363 1356
3364 1356
3365 1353
3366 1357
3367 1356
3368 1360
3369 1355
3370 1356
3371 1357
3372 1358
3373 1357
3374 1357
3375 1355
3376 1356
3377 1358
3378 1358
3379 1357
3380 1357
3381 1354
3382 1357
3383 1355
3384 1357
3385 1354
3386 1357
3387 1355
3388 1356
3389 1355
3390 1357
3391 1354
3392 1357
3393 1353
3394 1355
3395 1356
3396 1356
3397 1357
3398 1357
3399 1358
3400 1356
3401 1357
3402 1357
3403 1357
3404 1357
3405 1356
3406 1358
3407 1356
3408 1355
3409 1356
3410 1356
3411 1355
3412 1357
3413 1353
3414 1355
3415 1355
3416 1356
3417 1357
3418 1357
3419 1354
3420 1352
3421 1352
3422 1354
3423 1356
3424 1354
3425 1353
3426 1356
3427 1355
3428 1356
3429 1355
3430 1357
3431 1356
3432 1353
3433 1355
3434 1357
3435 1356
3436 1358
3437 1355
3438 1360
3439 1356
3440 1357
3441 1355
3442 1356
3443 1356
3444 1355
3445 1356
3446 1357
3447 1355
3448 1355
3449 1355
3450 1354
3451 1355
3452 1354
3453 1355
3454 1355
3455 1354
3456 1359
3457 1358
3458 1355
3459 1358
3460 1355
3461 1356
3462 1357
3463 1355
3464 1356
3465 1355
3466 1357
3467 1356
3468 1358
3469 1354
3470 1355
3471 1357
3472 1357
3473 1354
3474 1357
3475 1353
3476 1356
3477 1356
3478 1357
3479 1356
3480 1357
3481 1356
3482 1354
3483 1355
3484 1357
3485 1358
3486 1357
3487 1357
3488 1354
3489 1356
3490 1356
3491 1357
3492 1357
3493 1357
3494 1357
3495 1357
3496 1356
3497 1355
3498 1355
3499 1356
3500 1357
3501 1355
3502 1355
3503 1353
3504 1354
3505 1357
3506 1356
3507 1354
3508 1354
3509 1352
3510 1356
3511 1355
3512 1351
3513 1358
3514 1356
3515 1355
3516 1356
3517 1354
3518 1355
3519 1356
3520 1356
3521 1356
3522 1357
3523 1357
3524 1355
3525 1355
3526 1357
3527 1358
3528 1354
3529 1357
3530 1355
3531 1357
3532 1356
3533 1357
3534 1355
3535 1357
3536 1355
3537 1357
3538 1355
3539 1357
3540 1356
3541 1357
3542 1357
3543 1358
3544 1355
3545 1355
3546 1353
3547 1358
3548 1355
3549 1357
3550 1356
3551 1356
3552 1354
3553 1357
3554 1354
3555 1360
3556 1355
3557 1356
3558 1358
3559 1356
3560 1357
3561 1359
3562 1357
3563 1357
3564 1356
3565 1357
3566 1356
3567 1356
3568 1354
3569 1355
3570 1355
3571 1355
3572 1357
3573 1354
3574 1355
3575 1358
3576 1355
3577 1355
3578 1355
3579 1357
3580 1354
3581 1357
3582 1358
3583 1358
3584 1358
3585 1358
3586 1354
3587 1357
3588 1356
3589 1357
3590 1356
3591 1355
3592 1358
3593 1356
3594 1356
3595 1358
3596 1356
3597 1358
3598 1354
3599 1353
3600 1354
3601 1356
3602 1355
3603 1357
3604 1355
3605 1356
3606 1356
3607 1356
3608 1354
3609 1356
3610 1354
3611 1357
3612 1356
3613 1356
3614 1359
3615 1357
3616 1357
3617 1355
3618 1357
3619 1357
3620 1357
3621 1356
3622 1353
3623 1357
3624 1356
3625 1357
3626 1358
3627 1356
3628 1357
3629 1357
3630 1358
3631 1358
3632 1357
3633 1356
3634 1357
3635 1354
3636 1352
3637 1355
3638 1355
3639 1357
3640 1357
3641 1356
3642 1358
3643 1358
3644 1357
3645 1358
3646 1357
3647 1356
3648 1357
3649 1360
3650 1358
3651 1357
3652 1356
3653 1355
3654 1358
3655 1358
3656 1356
3657 1357
3658 1357
3659 1358
3660 1355
3661 1356
3662 1355
3663 1354
3664 1354
3665 1357
3666 1357
3667 1357
3668 1356
3669 1356
3670 1358
3671 1358
3672 1359
3673 1357
3674 1357
3675 1354
3676 1357
3677 1359
3678 1358
3679 1356
3680 1357
3681 1355
3682 1357
3683 1355
3684 1356
3685 1355
3686 1356
3687 1357
3688 1358
3689 1356
3690 1355
3691 1358
3692 1355
3693 1359
3694 1356
3695 1359
3696 1356
3697 1357
3698 1352
3699 1355
3700 1359
3701 1355
3702 1357
3703 1358
3704 1358
3705 1361
3706 1354
3707 1354
3708 1355
3709 1356
3710 1354
3711 1357
3712 1356
3713 1355
3714 1357
3715 1356
3716 1356
3717 1356
3718 1355
3719 1359
3720 1353
3721 1356
3722 1357
3723 1357
3724 1356
3725 1355
3726 1355
3727 1356
3728 1355
3729 1355
3730 1355
3731 1356
3732 1356
3733 1357
3734 1355
3735 1358
3736 1357
3737 1358
3738 1358
3739 1356
3740 1357
3741 1358
3742 1358
3743 1354
3744 1354
3745 1359
3746 1355
3747 1356
3748 1354
3749 1356
3750 1354
3751 1358
3752 1356
3753 1356
3754 1358
3755 1358
3756 1358
3757 1358
3758 1357
3759 1356
3760 1356
3761 1355
3762 1357
3763 1360
3764 1356
3765 1354
3766 1356
3767 1356
3768 1355
3769 1357
3770 1357
3771 1357
3772 1357
3773 1357
3774 1355
3775 1359
3776 1357
3777 1358
3778 1356
3779 1356
3780 1355
3781 1356
3782 1356
3783 1353
3784 1355
3785 1355
3786 1353
3787 1357
3788 1358
3789 1359
3790 1358
3791 1356
3792 1359
3793 1355
3794 1355
3795 1355
3796 1355
3797 1356
3798 1357
3799 1357
3800 1355
3801 1357
3802 1357
3803 1356
3804 1358
3805 1358
3806 1357
3807 1356
3808 1356
3809 1354
3810 1357
3811 1356
3812 1356
3813 1356
3814 1357
3815 1355
3816 1357
3817 1354
3818 1354
3819 1354
3820 1357
3821 1353
3822 1357
3823 1358
3824 1357
3825 1356
3826 1357
3827 1358
3828 1358
3829 1356
3830 1358
3831 1356
3832 1357
3833 1355
3834 1355
3835 1357
3836 1356
3837 1355
3838 1355
3839 1356
3840 1359
3841 1357
3842 1357
3843 1353
3844 1354
3845 1357
3846 1358
3847 1358
3848 1357
3849 1355
3850 1357
3851 1358
3852 1358
3853 1357
3854 1357
3855 1355
3856 1357
3857 1356
3858 1357
3859 1357
3860 1355
3861 1356
3862 1357
3863 1356
3864 1356
3865 1356
3866 1357
3867 1359
3868 1354
3869 1355
3870 1357
3871 1357
3872 1357
3873 1354
3874 1353
3875 1356
3876 1356
3877 1355
3878 1355
3879 1356
3880 1358
3881 1358
3882 1357
3883 1356
3884 1354
3885 1355
3886 1357
3887 1357
3888 1356
3889 1356
3890 1355
3891 1357
3892 1355
3893 1358
3894 1356
3895 1355
3896 1355
3897 1355
3898 1354
3899 1355
3900 1357
3901 1356
3902 1358
3903 1355
3904 1355
3905 1357
3906 1356
3907 1357
3908 1358
3909 1356
3910 1358
3911 1355
3912 1355
3913 1356
3914 1354
3915 1356
3916 1357
3917 1355
3918 1355
3919 1357
3920 1359
3921 1359
3922 1359
3923 1358
3924 1357
3925 1355
3926 1357
3927 1358
3928 1356
3929 1356
3930 1356
3931 1357
3932 1356
3933 1355
3934 1354
3935 1354
3936 1355
3937 1355
3938 1356
3939 1356
3940 1357
3941 1358
3942 1354
3943 1356
3944 1356
3945 1355
3946 1356
3947 1356
3948 1354
3949 1356
3950 1357
3951 1357
3952 1356
3953 1356
3954 1354
3955 1358
3956 1357
3957 1356
3958 1357
3959 1356
3960 1357
3961 1357
3962 1355
3963 1354
3964 1356
3965 1356
3966 1353
3967 1355
3968 1357
3969 1356
3970 1357
3971 1355
3972 1354
3973 1356
3974 1355
3975 1356
3976 1357
3977 1356
3978 1354
3979 1356
3980 1356
3981 1357
3982 1355
3983 1356
3984 1354
3985 1356
3986 1354
3987 1358
3988 1357
3989 1354
3990 1355
3991 1355
3992 1354
3993 1357
3994 1355
3995 1356
3996 1354
3997 1355
3998 1354
3999 1356
