0 1356
1 1356
2 1355
3 1356
4 1353
5 1357
6 1356
7 1355
8 1353
9 1355
10 1353
11 1355
12 1355
13 1355
14 1355
15 1355
16 1354
17 1354
18 1354
19 1355
20 1354
21 1355
22 1353
23 1353
24 1353
25 1357
26 1354
27 1355
28 1353
29 1355
30 1353
31 1357
32 1356
33 1355
34 1353
35 1355
36 1356
37 1357
38 1353
39 1353
40 1357
41 1356
42 1356
43 1355
44 1356
45 1354
46 1352
47 1355
48 1355
49 1356
50 1354
51 1356
52 1353
53 1354
54 1353
55 1356
56 1352
57 1352
58 1354
59 1354
60 1353
61 1355
62 1355
63 1356
64 1356
65 1356
66 1358
67 1352
68 1356
69 1355
70 1355
71 1355
72 1355
73 1355
74 1353
75 1356
76 1354
77 1354
78 1353
79 1355
80 1356
81 1353
82 1354
83 1354
84 1353
85 1355
86 1354
87 1355
88 1354
89 1353
90 1355
91 1356
92 1355
93 1356
94 1354
95 1355
96 1354
97 1356
98 1356
99 1356
100 1354
101 1354
102 1353
103 1354
104 1354
105 1354
106 1355
107 1355
108 1356
109 1353
110 1356
111 1356
112 1354
113 1356
114 1353
115 1357
116 1355
117 1356
118 1354
119 1354
120 1354
121 1355
122 1356
123 1355
124 1351
125 1353
126 1354
127 1355
128 1352
129 1353
130 1352
131 1356
132 1353
133 1353
134 1357
135 1357
136 1358
137 1355
138 1355
139 1353
140 1354
141 1358
142 1356
143 1354
144 1355
145 1355
146 1355
147 1357
148 1356
149 1356
150 1355
151 1355
152 1356
153 1355
154 1354
155 1353
156 1356
157 1353
158 1355
159 1354
160 1356
161 1354
162 1357
163 1357
164 1354
165 1353
166 1356
167 1354
168 1359
169 1356
170 1358
171 1356
172 1353
173 1353
174 1357
175 1356
176 1358
177 1355
178 1355
179 1356
180 1351
181 1353
182 1356
183 1356
184 1353
185 1356
186 1354
187 1357
188 1355
189 1355
190 1356
191 1355
192 1354
193 1354
194 1353
195 1358
196 1355
197 1357
198 1354
199 1356
200 1353
201 1355
202 1353
203 1355
204 1354
205 1357
206 1354
207 1357
208 1355
209 1356
210 1356
211 1356
212 1356
213 1356
214 1358
215 1356
216 1354
217 1353
218 1356
219 1358
220 1353
221 1354
222 1353
223 1358
224 1352
225 1357
226 1355
227 1355
228 1358
229 1355
230 1353
231 1356
232 1356
233 1356
234 1351
235 1354
236 1352
237 1357
238 1355
239 1357
240 1354
241 1357
242 1356
243 1355
244 1356
245 1354
246 1357
247 1353
248 1352
249 1354
250 1356
251 1355
252 1355
253 1352
254 1356
255 1355
256 1356
257 1355
258 1355
259 1356
260 1355
261 1357
262 1355
263 1354
264 1355
265 1359
266 1353
267 1359
268 1354
269 1356
270 1354
271 1355
272 1354
273 1352
274 1354
275 1356
276 1355
277 1353
278 1354
279 1353
280 1354
281 1356
282 1356
283 1356
284 1353
285 1354
286 1353
287 1356
288 1356
289 1355
290 1356
291 1358
292 1356
293 1356
294 1356
295 1354
296 1356
297 1356
298 1353
299 1354
300 1356
301 1356
302 1354
303 1355
304 1355
305 1356
306 1353
307 1354
308 1354
309 1353
310 1354
311 1357
312 1356
313 1357
314 1354
315 1353
316 1354
317 1356
318 1355
319 1356
320 1355
321 1357
322 1356
323 1355
324 1354
325 1354
326 1354
327 1353
328 1356
329 1354
330 1353
331 1356
332 1352
333 1355
334 1351
335 1355
336 1353
337 1357
338 1351
339 1356
340 1352
341 1354
342 1352
343 1354
344 1352
345 1356
346 1354
347 1353
348 1353
349 1355
350 1355
351 1354
352 1354
353 1355
354 1354
355 1354
356 1355
357 1357
358 1354
359 1355
360 1355
361 1355
362 1355
363 1355
364 1352
365 1352
366 1354
367 1353
368 1353
369 1356
370 1352
371 1355
372 1355
373 1354
374 1352
375 1357
376 1356
377 1357
378 1352
379 1351
380 1354
381 1353
382 1353
383 1356
384 1353
385 1356
386 1357
387 1356
388 1353
389 1356
390 1355
391 1355
392 1354
393 1355
394 1353
395 1355
396 1353
397 1355
398 1354
399 1354
400 1354
401 1357
402 1354
403 1354
404 1353
405 1353
406 1355
407 1354
408 1352
409 1357
410 1355
411 1356
412 1354
413 1356
414 1354
415 1355
416 1355
417 1353
418 1354
419 1356
420 1355
421 1355
422 1356
423 1354
424 1355
425 1357
426 1355
427 1357
428 1356
429 1354
430 1353
431 1354
432 1356
433 1352
434 1354
435 1356
436 1356
437 1355
438 1353
439 1353
440 1354
441 1355
442 1357
443 1355
444 1353
445 1353
446 1351
447 1356
448 1356
449 1356
450 1351
451 1355
452 1354
453 1354
454 1354
455 1353
456 1353
457 1353
458 1354
459 1351
460 1354
461 1353
462 1352
463 1353
464 1357
465 1354
466 1354
467 1353
468 1355
469 1356
470 1355
471 1354
472 1354
473 1355
474 1356
475 1356
476 1356
477 1354
478 1353
479 1354
480 1353
481 1353
482 1353
483 1354
484 1355
485 1354
486 1357
487 1356
488 1357
489 1353
490 1355
491 1358
492 1356
493 1352
494 1354
495 1354
496 1353
497 1355
498 1355
499 1353
500 1354
501 1355
502 1354
503 1353
504 1356
505 1353
506 1356
507 1356
508 1355
509 1356
510 1356
511 1352
512 1354
513 1355
514 1356
515 1356
516 1356
517 1355
518 1359
519 1355
520 1354
521 1354
522 1353
523 1355
524 1357
525 1354
526 1356
527 1353
528 1356
529 1357
530 1357
531 1357
532 1357
533 1358
534 1359
535 1357
536 1356
537 1359
538 1365
539 1373
540 1381
541 1392
542 1410
543 1435
544 1463
545 1492
546 1522
547 1554
548 1584
549 1612
550 1640
551 1664
552 1684
553 1709
554 1728
555 1743
556 1757
557 1766
558 1774
559 1774
560 1773
561 1769
562 1761
563 1755
564 1745
565 1735
566 1726
567 1707
568 1696
569 1682
570 1665
571 1653
572 1640
573 1623
574 1611
575 1596
576 1582
577 1571
578 1555
579 1547
580 1536
581 1529
582 1518
583 1506
584 1497
585 1488
586 1477
587 1472
588 1463
589 1460
590 1452
591 1449
592 1435
593 1433
594 1425
595 1428
596 1418
597 1418
598 1413
599 1415
600 1409
601 1407
602 1400
603 1397
604 1393
605 1390
606 1387
607 1385
608 1382
609 1381
610 1379
611 1377
612 1373
613 1377
614 1374
615 1373
616 1371
617 1371
618 1368
619 1368
620 1368
621 1366
622 1364
623 1367
624 1364
625 1365
626 1363
627 1364
628 1361
629 1361
630 1359
631 1358
632 1359
633 1357
634 1358
635 1363
636 1359
637 1358
638 1360
639 1359
640 1358
641 1358
642 1358
643 1359
644 1359
645 1359
646 1358
647 1358
648 1360
649 1358
650 1356
651 1356
652 1356
653 1355
654 1357
655 1357
656 1356
657 1353
658 1358
659 1358
660 1355
661 1359
662 1357
663 1358
664 1357
665 1356
666 1355
667 1355
668 1356
669 1355
670 1356
671 1357
672 1355
673 1356
674 1354
675 1355
676 1354
677 1354
678 1355
679 1354
680 1356
681 1357
682 1356
683 1357
684 1358
685 1358
686 1356
687 1357
688 1357
689 1356
690 1357
691 1357
692 1354
693 1353
694 1354
695 1354
696 1357
697 1356
698 1357
699 1359
700 1357
701 1355
702 1356
703 1357
704 1358
705 1357
706 1354
707 1355
708 1357
709 1355
710 1356
711 1355
712 1355
713 1355
714 1356
715 1352
716 1355
717 1357
718 1356
719 1354
720 1356
721 1354
722 1358
723 1357
724 1355
725 1353
726 1355
727 1357
728 1356
729 1355
730 1356
731 1357
732 1359
733 1356
734 1356
735 1353
736 1356
737 1357
738 1354
739 1357
740 1355
741 1359
742 1354
743 1357
744 1354
745 1357
746 1358
747 1354
748 1355
749 1355
750 1357
751 1356
752 1356
753 1355
754 1356
755 1355
756 1354
757 1355
758 1355
759 1357
760 1355
761 1355
762 1353
763 1355
764 1350
765 1355
766 1354
767 1354
768 1354
769 1354
770 1354
771 1355
772 1356
773 1356
774 1354
775 1353
776 1354
777 1353
778 1356
779 1355
780 1358
781 1353
782 1356
783 1354
784 1355
785 1356
786 1354
787 1354
788 1355
789 1354
790 1355
791 1356
792 1352
793 1355
794 1353
795 1352
796 1354
797 1353
798 1354
799 1353
800 1355
801 1354
802 1355
803 1354
804 1353
805 1350
806 1357
807 1356
808 1357
809 1357
810 1352
811 1354
812 1355
813 1354
814 1355
815 1356
816 1355
817 1355
818 1353
819 1352
820 1354
821 1356
822 1355
823 1353
824 1355
825 1353
826 1354
827 1356
828 1355
829 1354
830 1353
831 1356
832 1355
833 1357
834 1351
835 1355
836 1357
837 1355
838 1355
839 1356
840 1356
841 1356
842 1355
843 1355
844 1355
845 1353
846 1354
847 1355
848 1356
849 1357
850 1356
851 1356
852 1356
853 1356
854 1356
855 1354
856 1356
857 1356
858 1354
859 1354
860 1354
861 1357
862 1354
863 1356
864 1356
865 1356
866 1354
867 1353
868 1353
869 1351
870 1352
871 1357
872 1355
873 1352
874 1354
875 1353
876 1352
877 1358
878 1353
879 1353
880 1354
881 1355
882 1356
883 1355
884 1352
885 1353
886 1354
887 1351
888 1353
889 1355
890 1356
891 1355
892 1355
893 1352
894 1351
895 1356
896 1357
897 1354
898 1357
899 1357
900 1355
901 1354
902 1357
903 1356
904 1355
905 1357
906 1357
907 1358
908 1358
909 1355
910 1354
911 1356
912 1355
913 1355
914 1354
915 1354
916 1354
917 1354
918 1355
919 1355
920 1354
921 1355
922 1356
923 1355
924 1355
925 1354
926 1356
927 1356
928 1356
929 1357
930 1354
931 1357
932 1356
933 1355
934 1355
935 1353
936 1354
937 1353
938 1355
939 1355
940 1353
941 1355
942 1353
943 1354
944 1356
945 1355
946 1351
947 1353
948 1355
949 1352
950 1355
951 1355
952 1353
953 1355
954 1353
955 1353
956 1354
957 1358
958 1355
959 1355
960 1354
961 1356
962 1357
963 1356
964 1352
965 1354
966 1355
967 1353
968 1354
969 1354
970 1354
971 1354
972 1356
973 1356
974 1354
975 1356
976 1354
977 1354
978 1356
979 1355
980 1356
981 1355
982 1353
983 1350
984 1356
985 1354
986 1352
987 1354
988 1357
989 1355
990 1355
991 1354
992 1355
993 1354
994 1354
995 1353
996 1355
997 1358
998 1355
999 1357
1000 1354
1001 1356
1002 1355
1003 1355
1004 1356
1005 1357
1006 1355
1007 1353
1008 1351
1009 1354
1010 1356
1011 1356
1012 1355
1013 1354
1014 1355
1015 1357
1016 1356
1017 1356
1018 1358
1019 1354
1020 1356
1021 1357
1022 1355
1023 1356
1024 1354
1025 1356
1026 1360
1027 1355
1028 1356
1029 1357
1030 1355
1031 1357
1032 1354
1033 1353
1034 1355
1035 1356
1036 1355
1037 1356
1038 1357
1039 1357
1040 1356
1041 1351
1042 1353
1043 1353
1044 1353
1045 1355
1046 1355
1047 1355
1048 1355
1049 1357
1050 1357
1051 1355
1052 1357
1053 1357
1054 1359
1055 1355
1056 1354
1057 1356
1058 1356
1059 1355
1060 1357
1061 1355
1062 1359
1063 1351
1064 1354
1065 1351
1066 1356
1067 1354
1068 1354
1069 1355
1070 1356
1071 1356
1072 1356
1073 1353
1074 1354
1075 1353
1076 1356
1077 1357
1078 1354
1079 1354
1080 1356
1081 1355
1082 1358
1083 1357
1084 1357
1085 1355
1086 1357
1087 1359
1088 1355
1089 1354
1090 1359
1091 1353
1092 1354
1093 1355
1094 1357
1095 1356
1096 1351
1097 1354
1098 1357
1099 1356
1100 1354
1101 1352
1102 1356
1103 1355
1104 1359
1105 1356
1106 1355
1107 1357
1108 1356
1109 1356
1110 1353
1111 1355
1112 1357
1113 1356
1114 1356
1115 1355
1116 1356
1117 1357
1118 1355
1119 1355
1120 1355
1121 1356
1122 1356
1123 1352
1124 1353
1125 1353
1126 1355
1127 1357
1128 1354
1129 1355
1130 1358
1131 1356
1132 1355
1133 1354
1134 1357
1135 1354
1136 1355
1137 1358
1138 1355
1139 1354
1140 1354
1141 1354
1142 1355
1143 1354
1144 1359
1145 1356
1146 1357
1147 1354
1148 1354
1149 1355
1150 1357
1151 1357
1152 1356
1153 1355
1154 1355
1155 1358
1156 1353
1157 1355
1158 1356
1159 1356
1160 1355
1161 1357
1162 1356
1163 1356
1164 1355
1165 1355
1166 1352
1167 1357
1168 1354
1169 1357
1170 1354
1171 1353
1172 1357
1173 1355
1174 1355
1175 1356
1176 1354
1177 1354
1178 1356
1179 1356
1180 1356
1181 1358
1182 1354
1183 1355
1184 1356
1185 1356
1186 1354
1187 1354
1188 1356
1189 1356
1190 1354
1191 1355
1192 1355
1193 1354
1194 1355
1195 1354
1196 1355
1197 1355
1198 1355
1199 1356
1200 1356
1201 1356
1202 1353
1203 1355
1204 1356
1205 1353
1206 1357
1207 1355
1208 1355
1209 1352
1210 1355
1211 1354
1212 1357
1213 1355
1214 1353
1215 1354
1216 1354
1217 1355
1218 1353
1219 1353
1220 1354
1221 1358
1222 1354
1223 1356
1224 1354
1225 1355
1226 1355
1227 1350
1228 1354
1229 1352
1230 1354
1231 1355
1232 1353
1233 1353
1234 1352
1235 1352
1236 1355
1237 1352
1238 1356
1239 1354
1240 1355
1241 1355
1242 1355
1243 1355
1244 1353
1245 1355
1246 1354
1247 1354
1248 1353
1249 1356
1250 1356
1251 1353
1252 1356
1253 1357
1254 1356
1255 1357
1256 1353
1257 1352
1258 1356
1259 1355
1260 1354
1261 1354
1262 1354
1263 1353
1264 1357
1265 1355
1266 1357
1267 1356
1268 1355
1269 1357
1270 1357
1271 1357
1272 1356
1273 1354
1274 1353
1275 1352
1276 1355
1277 1358
1278 1357
1279 1356
1280 1354
1281 1353
1282 1356
1283 1356
1284 1354
1285 1355
1286 1355
1287 1357
1288 1355
1289 1354
1290 1355
1291 1356
1292 1354
1293 1353
1294 1353
1295 1357
1296 1355
1297 1355
1298 1353
1299 1356
1300 1355
1301 1353
1302 1355
1303 1356
1304 1353
1305 1353
1306 1357
1307 1354
1308 1355
1309 1355
1310 1356
1311 1355
1312 1354
1313 1353
1314 1353
1315 1353
1316 1353
1317 1352
1318 1355
1319 1356
1320 1355
1321 1357
1322 1354
1323 1356
1324 1353
1325 1354
1326 1355
1327 1355
1328 1356
1329 1355
1330 1357
1331 1356
1332 1355
1333 1353
1334 1354
1335 1355
1336 1357
1337 1356
1338 1354
1339 1355
1340 1354
1341 1356
1342 1354
1343 1355
1344 1355
1345 1354
1346 1356
1347 1354
1348 1355
1349 1354
1350 1356
1351 1354
1352 1355
1353 1353
1354 1357
1355 1354
1356 1354
1357 1356
1358 1355
1359 1354
1360 1354
1361 1355
1362 1354
1363 1357
1364 1354
1365 1353
1366 1355
1367 1355
1368 1352
1369 1354
1370 1356
1371 1353
1372 1355
1373 1356
1374 1354
1375 1354
1376 1355
1377 1354
1378 1355
1379 1352
1380 1354
1381 1357
1382 1356
1383 1357
1384 1357
1385 1355
1386 1355
1387 1355
1388 1354
1389 1353
1390 1353
1391 1353
1392 1356
1393 1355
1394 1356
1395 1356
1396 1354
1397 1353
1398 1354
1399 1355
1400 1356
1401 1355
1402 1350
1403 1352
1404 1355
1405 1357
1406 1354
1407 1353
1408 1353
1409 1353
1410 1353
1411 1353
1412 1356
1413 1357
1414 1353
1415 1352
1416 1354
1417 1352
1418 1355
1419 1354
1420 1352
1421 1355
1422 1355
1423 1354
1424 1353
1425 1355
1426 1354
1427 1355
1428 1354
1429 1354
1430 1355
1431 1358
1432 1357
1433 1358
1434 1356
1435 1353
1436 1351
1437 1353
1438 1354
1439 1355
1440 1353
1441 1354
1442 1355
1443 1353
1444 1355
1445 1355
1446 1354
1447 1354
1448 1353
1449 1356
1450 1354
1451 1354
1452 1354
1453 1357
1454 1355
1455 1354
1456 1357
1457 1356
1458 1358
1459 1357
1460 1357
1461 1357
1462 1354
1463 1355
1464 1354
1465 1353
1466 1353
1467 1353
1468 1357
1469 1354
1470 1357
1471 1356
1472 1354
1473 1355
1474 1352
1475 1355
1476 1356
1477 1353
1478 1354
1479 1355
1480 1354
1481 1355
1482 1354
1483 1353
1484 1356
1485 1356
1486 1356
1487 1354
1488 1353
1489 1354
1490 1355
1491 1356
1492 1354
1493 1355
1494 1352
1495 1354
1496 1356
1497 1355
1498 1354
1499 1355
1500 1353
1501 1355
1502 1354
1503 1355
1504 1355
1505 1352
1506 1355
1507 1354
1508 1355
1509 1354
1510 1353
1511 1355
1512 1354
1513 1357
1514 1354
1515 1355
1516 1356
1517 1357
1518 1355
1519 1357
1520 1354
1521 1355
1522 1355
1523 1352
1524 1354
1525 1356
1526 1353
1527 1355
1528 1354
1529 1357
1530 1357
1531 1356
1532 1353
1533 1353
1534 1352
1535 1354
1536 1357
1537 1356
1538 1356
1539 1357
1540 1355
1541 1356
1542 1356
1543 1355
1544 1352
1545 1354
1546 1356
1547 1354
1548 1353
1549 1353
1550 1355
1551 1354
1552 1356
1553 1357
1554 1354
1555 1355
1556 1355
1557 1356
1558 1350
1559 1355
1560 1354
1561 1356
1562 1356
1563 1355
1564 1355
1565 1355
1566 1354
1567 1355
1568 1355
1569 1355
1570 1354
1571 1354
1572 1356
1573 1356
1574 1355
1575 1356
1576 1356
1577 1354
1578 1356
1579 1358
1580 1355
1581 1352
1582 1356
1583 1355
1584 1354
1585 1353
1586 1353
1587 1353
1588 1354
1589 1356
1590 1355
1591 1354
1592 1352
1593 1353
1594 1355
1595 1351
1596 1356
1597 1357
1598 1356
1599 1356
1600 1354
1601 1356
1602 1356
1603 1355
1604 1354
1605 1352
1606 1357
1607 1354
1608 1356
1609 1355
1610 1355
1611 1353
1612 1357
1613 1354
1614 1353
1615 1349
1616 1354
1617 1357
1618 1357
1619 1355
1620 1353
1621 1354
1622 1357
1623 1357
1624 1353
1625 1352
1626 1353
1627 1356
1628 1356
1629 1355
1630 1355
1631 1358
1632 1354
1633 1357
1634 1359
1635 1357
1636 1354
1637 1359
1638 1357
1639 1357
1640 1356
1641 1354
1642 1355
1643 1356
1644 1356
1645 1354
1646 1353
1647 1355
1648 1354
1649 1356
1650 1353
1651 1354
1652 1352
1653 1353
1654 1349
1655 1357
1656 1356
1657 1354
1658 1356
1659 1357
1660 1354
1661 1355
1662 1355
1663 1357
1664 1354
1665 1354
1666 1352
1667 1356
1668 1358
1669 1357
1670 1356
1671 1355
1672 1358
1673 1357
1674 1355
1675 1357
1676 1356
1677 1353
1678 1357
1679 1356
1680 1353
1681 1354
1682 1354
1683 1354
1684 1355
1685 1354
1686 1356
1687 1354
1688 1355
1689 1355
1690 1354
1691 1354
1692 1353
1693 1354
1694 1354
1695 1354
1696 1356
1697 1357
1698 1355
1699 1357
1700 1356
1701 1354
1702 1355
1703 1355
1704 1356
1705 1355
1706 1357
1707 1355
1708 1353
1709 1355
1710 1354
1711 1354
1712 1356
1713 1357
1714 1355
1715 1355
1716 1354
1717 1354
1718 1355
1719 1354
1720 1356
1721 1357
1722 1356
1723 1358
1724 1357
1725 1360
1726 1358
1727 1358
1728 1355
1729 1356
1730 1357
1731 1356
1732 1357
1733 1353
1734 1356
1735 1355
1736 1356
1737 1357
1738 1355
1739 1355
1740 1355
1741 1357
1742 1354
1743 1357
1744 1354
1745 1357
1746 1357
1747 1355
1748 1357
1749 1356
1750 1355
1751 1355
1752 1352
1753 1354
1754 1356
1755 1358
1756 1355
1757 1355
1758 1355
1759 1358
1760 1357
1761 1357
1762 1356
1763 1354
1764 1355
1765 1357
1766 1355
1767 1356
1768 1355
1769 1355
1770 1353
1771 1355
1772 1357
1773 1356
1774 1357
1775 1356
1776 1352
1777 1355
1778 1356
1779 1357
1780 1356
1781 1353
1782 1352
1783 1354
1784 1355
1785 1355
1786 1353
1787 1356
1788 1356
1789 1358
1790 1354
1791 1355
1792 1354
1793 1354
1794 1353
1795 1352
1796 1357
1797 1358
1798 1354
1799 1356
1800 1353
1801 1357
1802 1355
1803 1357
1804 1356
1805 1355
1806 1357
1807 1356
1808 1355
1809 1355
1810 1355
1811 1357
1812 1355
1813 1356
1814 1356
1815 1355
1816 1357
1817 1357
1818 1358
1819 1353
1820 1352
1821 1352
1822 1355
1823 1358
1824 1356
1825 1354
1826 1356
1827 1353
1828 1354
1829 1356
1830 1355
1831 1354
1832 1358
1833 1353
1834 1353
1835 1354
1836 1359
1837 1354
1838 1353
1839 1359
1840 1354
1841 1357
1842 1355
1843 1354
1844 1353
1845 1357
1846 1353
1847 1355
1848 1354
1849 1355
1850 1355
1851 1360
1852 1356
1853 1357
1854 1354
1855 1355
1856 1354
1857 1356
1858 1355
1859 1357
1860 1356
1861 1357
1862 1352
1863 1353
1864 1354
1865 1356
1866 1356
1867 1356
1868 1356
1869 1353
1870 1354
1871 1355
1872 1354
1873 1353
1874 1355
1875 1357
1876 1357
1877 1355
1878 1356
1879 1356
1880 1359
1881 1357
1882 1356
1883 1355
1884 1355
1885 1353
1886 1352
1887 1356
1888 1357
1889 1353
1890 1353
1891 1352
1892 1355
1893 1353
1894 1352
1895 1356
1896 1354
1897 1358
1898 1355
1899 1355
1900 1351
1901 1352
1902 1355
1903 1357
1904 1356
1905 1357
1906 1356
1907 1355
1908 1351
1909 1354
1910 1356
1911 1357
1912 1357
1913 1357
1914 1357
1915 1354
1916 1357
1917 1357
1918 1356
1919 1356
1920 1353
1921 1353
1922 1353
1923 1354
1924 1356
1925 1354
1926 1353
1927 1356
1928 1356
1929 1357
1930 1354
1931 1353
1932 1357
1933 1357
1934 1357
1935 1354
1936 1356
1937 1356
1938 1356
1939 1357
1940 1357
1941 1353
1942 1355
1943 1353
1944 1352
1945 1356
1946 1353
1947 1355
1948 1353
1949 1357
1950 1356
1951 1355
1952 1356
1953 1355
1954 1354
1955 1354
1956 1353
1957 1354
1958 1355
1959 1355
1960 1353
1961 1357
1962 1353
1963 1356
1964 1355
1965 1355
1966 1353
1967 1357
1968 1354
1969 1356
1970 1355
1971 1355
1972 1354
1973 1355
1974 1353
1975 1355
1976 1356
1977 1359
1978 1356
1979 1355
1980 1354
1981 1356
1982 1358
1983 1355
1984 1355
1985 1354
1986 1354
1987 1355
1988 1356
1989 1353
1990 1354
1991 1357
1992 1356
1993 1355
1994 1353
1995 1354
1996 1354
1997 1356
1998 1355
1999 1351
2000 1352
2001 1355
2002 1356
2003 1358
2004 1356
2005 1353
2006 1356
2007 1357
2008 1355
2009 1355
2010 1353
2011 1353
2012 1354
2013 1354
2014 1356
2015 1356
2016 1355
2017 1351
2018 1354
2019 1356
2020 1354
2021 1356
2022 1356
2023 1356
2024 1353
2025 1354
2026 1355
2027 1354
2028 1354
2029 1355
2030 1356
2031 1355
2032 1354
2033 1353
2034 1356
2035 1355
2036 1352
2037 1355
2038 1355
2039 1353
2040 1352
2041 1353
2042 1353
2043 1355
2044 1354
2045 1353
2046 1355
2047 1353
2048 1356
2049 1355
2050 1354
2051 1355
2052 1353
2053 1354
2054 1355
2055 1355
2056 1354
2057 1357
2058 1355
2059 1354
2060 1354
2061 1357
2062 1356
2063 1357
2064 1354
2065 1352
2066 1353
2067 1355
2068 1355
2069 1356
2070 1356
2071 1354
2072 1353
2073 1355
2074 1354
2075 1354
2076 1354
2077 1355
2078 1356
2079 1355
2080 1354
2081 1354
2082 1356
2083 1353
2084 1354
2085 1352
2086 1354
2087 1355
2088 1355
2089 1356
2090 1357
2091 1357
2092 1357
2093 1357
2094 1354
2095 1355
2096 1356
2097 1355
2098 1354
2099 1357
2100 1354
2101 1352
2102 1354
2103 1356
2104 1352
2105 1352
2106 1354
2107 1353
2108 1356
2109 1355
2110 1355
2111 1354
2112 1352
2113 1354
2114 1352
2115 1353
2116 1353
2117 1355
2118 1356
2119 1354
2120 1356
2121 1356
2122 1357
2123 1354
2124 1354
2125 1355
2126 1356
2127 1355
2128 1355
2129 1355
2130 1354
2131 1354
2132 1354
2133 1354
2134 1355
2135 1356
2136 1354
2137 1355
2138 1355
2139 1352
2140 1354
2141 1352
2142 1354
2143 1352
2144 1356
2145 1353
2146 1357
2147 1354
2148 1353
2149 1353
2150 1356
2151 1356
2152 1355
2153 1352
2154 1352
2155 1350
2156 1357
2157 1358
2158 1357
2159 1354
2160 1353
2161 1356
2162 1356
2163 1352
2164 1351
2165 1353
2166 1355
2167 1355
2168 1353
2169 1354
2170 1354
2171 1353
2172 1354
2173 1356
2174 1353
2175 1355
2176 1352
2177 1355
2178 1356
2179 1354
2180 1355
2181 1352
2182 1356
2183 1356
2184 1356
2185 1357
2186 1353
2187 1355
2188 1354
2189 1355
2190 1355
2191 1356
2192 1353
2193 1356
2194 1352
2195 1355
2196 1356
2197 1355
2198 1355
2199 1354
2200 1355
2201 1352
2202 1353
2203 1355
2204 1353
2205 1354
2206 1355
2207 1354
2208 1352
2209 1352
2210 1354
2211 1355
2212 1356
2213 1355
2214 1355
2215 1355
2216 1357
2217 1356
2218 1356
2219 1351
2220 1355
2221 1355
2222 1353
2223 1357
2224 1356
2225 1356
2226 1354
2227 1352
2228 1353
2229 1354
2230 1358
2231 1357
2232 1355
2233 1354
2234 1353
2235 1357
2236 1353
2237 1356
2238 1356
2239 1357
2240 1357
2241 1355
2242 1354
2243 1355
2244 1356
2245 1357
2246 1355
2247 1357
2248 1356
2249 1355
2250 1353
2251 1358
2252 1355
2253 1355
2254 1354
2255 1357
2256 1356
2257 1356
2258 1353
2259 1356
2260 1355
2261 1358
2262 1355
2263 1355
2264 1355
2265 1355
2266 1353
2267 1356
2268 1354
2269 1353
2270 1355
2271 1357
2272 1356
2273 1353
2274 1355
2275 1358
2276 1353
2277 1357
2278 1357
2279 1354
2280 1355
2281 1355
2282 1355
2283 1354
2284 1355
2285 1353
2286 1353
2287 1354
2288 1354
2289 1354
2290 1354
2291 1356
2292 1355
2293 1353
2294 1356
2295 1355
2296 1355
2297 1355
2298 1353
2299 1352
2300 1353
2301 1354
2302 1352
2303 1356
2304 1356
2305 1357
2306 1360
2307 1356
2308 1354
2309 1356
2310 1355
2311 1356
2312 1353
2313 1355
2314 1353
2315 1354
2316 1355
2317 1356
2318 1354
2319 1351
2320 1355
2321 1357
2322 1354
2323 1356
2324 1352
2325 1355
2326 1355
2327 1353
2328 1356
2329 1353
2330 1353
2331 1354
2332 1355
2333 1356
2334 1354
2335 1352
2336 1355
2337 1356
2338 1355
2339 1356
2340 1355
2341 1353
2342 1355
2343 1353
2344 1354
2345 1353
2346 1355
2347 1355
2348 1355
2349 1354
2350 1356
2351 1357
2352 1353
2353 1354
2354 1353
2355 1357
2356 1357
2357 1355
2358 1359
2359 1357
2360 1354
2361 1353
2362 1356
2363 1357
2364 1357
2365 1355
2366 1355
2367 1358
2368 1353
2369 1352
2370 1356
2371 1355
2372 1355
2373 1357
2374 1353
2375 1353
2376 1355
2377 1354
2378 1355
2379 1352
2380 1353
2381 1356
2382 1355
2383 1355
2384 1354
2385 1353
2386 1355
2387 1353
2388 1355
2389 1353
2390 1353
2391 1356
2392 1356
2393 1354
2394 1354
2395 1355
2396 1357
2397 1356
2398 1357
2399 1355
2400 1357
2401 1354
2402 1356
2403 1354
2404 1356
2405 1357
2406 1355
2407 1355
2408 1353
2409 1354
2410 1356
2411 1354
2412 1354
2413 1352
2414 1356
2415 1358
2416 1355
2417 1354
2418 1355
2419 1357
2420 1355
2421 1355
2422 1354
2423 1356
2424 1356
2425 1354
2426 1355
2427 1357
2428 1353
2429 1355
2430 1355
2431 1357
2432 1357
2433 1353
2434 1358
2435 1355
2436 1354
2437 1354
2438 1355
2439 1354
2440 1357
2441 1355
2442 1355
2443 1354
2444 1354
2445 1356
2446 1356
2447 1354
2448 1356
2449 1354
2450 1355
2451 1355
2452 1355
2453 1352
2454 1354
2455 1357
2456 1355
2457 1354
2458 1356
2459 1354
2460 1356
2461 1354
2462 1356
2463 1354
2464 1356
2465 1357
2466 1354
2467 1355
2468 1352
2469 1354
2470 1355
2471 1354
2472 1357
2473 1355
2474 1354
2475 1354
2476 1353
2477 1356
2478 1355
2479 1353
2480 1356
2481 1357
2482 1356
2483 1356
2484 1356
2485 1355
2486 1356
2487 1356
2488 1356
2489 1357
2490 1355
2491 1358
2492 1354
2493 1355
2494 1356
2495 1355
2496 1356
2497 1354
2498 1355
2499 1355
2500 1354
2501 1356
2502 1357
2503 1357
2504 1353
2505 1355
2506 1358
2507 1357
2508 1357
2509 1353
2510 1352
2511 1353
2512 1354
2513 1354
2514 1353
2515 1354
2516 1356
2517 1360
2518 1358
2519 1353
2520 1353
2521 1358
2522 1355
2523 1355
2524 1352
2525 1355
2526 1356
2527 1354
2528 1354
2529 1355
2530 1354
2531 1353
2532 1354
2533 1355
2534 1353
2535 1355
2536 1355
2537 1357
2538 1356
2539 1355
2540 1353
2541 1355
2542 1356
2543 1358
2544 1358
2545 1354
2546 1355
2547 1358
2548 1355
2549 1355
2550 1355
2551 1356
2552 1356
2553 1358
2554 1357
2555 1356
2556 1356
2557 1357
2558 1356
2559 1356
2560 1356
2561 1356
2562 1356
2563 1356
2564 1354
2565 1355
2566 1355
2567 1358
2568 1357
2569 1354
2570 1354
2571 1356
2572 1357
2573 1356
2574 1355
2575 1356
2576 1356
2577 1356
2578 1355
2579 1358
2580 1356
2581 1357
2582 1356
2583 1353
2584 1355
2585 1357
2586 1357
2587 1357
2588 1355
2589 1354
2590 1355
2591 1358
2592 1355
2593 1353
2594 1354
2595 1354
2596 1353
2597 1356
2598 1355
2599 1357
2600 1357
2601 1356
2602 1357
2603 1355
2604 1355
2605 1355
2606 1353
2607 1355
2608 1355
2609 1353
2610 1355
2611 1355
2612 1356
2613 1356
2614 1354
2615 1353
2616 1355
2617 1356
2618 1356
2619 1356
2620 1355
2621 1357
2622 1356
2623 1354
2624 1356
2625 1356
2626 1353
2627 1354
2628 1354
2629 1355
2630 1355
2631 1353
2632 1354
2633 1355
2634 1355
2635 1357
2636 1355
2637 1356
2638 1354
2639 1354
2640 1357
2641 1357
2642 1354
2643 1353
2644 1352
2645 1353
2646 1355
2647 1356
2648 1353
2649 1355
2650 1352
2651 1356
2652 1354
2653 1352
2654 1355
2655 1353
2656 1353
2657 1355
2658 1358
2659 1356
2660 1357
2661 1354
2662 1355
2663 1355
2664 1355
2665 1355
2666 1354
2667 1355
2668 1356
2669 1354
2670 1353
2671 1356
2672 1355
2673 1357
2674 1356
2675 1356
2676 1356
2677 1356
2678 1353
2679 1355
2680 1356
2681 1357
2682 1356
2683 1354
2684 1354
2685 1354
2686 1353
2687 1355
2688 1355
2689 1355
2690 1355
2691 1353
2692 1352
2693 1355
2694 1352
2695 1351
2696 1354
2697 1358
2698 1359
2699 1356
2700 1354
2701 1356
2702 1356
2703 1354
2704 1351
2705 1355
2706 1355
2707 1356
2708 1355
2709 1357
2710 1356
2711 1354
2712 1353
2713 1357
2714 1353
2715 1350
2716 1353
2717 1357
2718 1356
2719 1352
2720 1353
2721 1354
2722 1357
2723 1356
2724 1352
2725 1353
2726 1354
2727 1357
2728 1357
2729 1351
2730 1354
2731 1357
2732 1356
2733 1355
2734 1354
2735 1356
2736 1357
2737 1356
2738 1357
2739 1356
2740 1357
2741 1354
2742 1358
2743 1354
2744 1355
2745 1356
2746 1354
2747 1356
2748 1354
2749 1355
2750 1353
2751 1355
2752 1356
2753 1355
2754 1354
2755 1351
2756 1354
2757 1357
2758 1357
2759 1354
2760 1356
2761 1355
2762 1355
2763 1354
2764 1355
2765 1355
2766 1356
2767 1355
2768 1357
2769 1354
2770 1358
2771 1356
2772 1356
2773 1352
2774 1353
2775 1356
2776 1354
2777 1352
2778 1356
2779 1353
2780 1356
2781 1356
2782 1356
2783 1354
2784 1356
2785 1357
2786 1359
2787 1356
2788 1356
2789 1353
2790 1356
2791 1357
2792 1355
2793 1355
2794 1355
2795 1355
2796 1354
2797 1354
2798 1355
2799 1357
2800 1356
2801 1356
2802 1354
2803 1354
2804 1355
2805 1354
2806 1354
2807 1355
2808 1356
2809 1354
2810 1356
2811 1356
2812 1354
2813 1355
2814 1356
2815 1354
2816 1355
2817 1354
2818 1353
2819 1355
2820 1356
2821 1356
2822 1354
2823 1356
2824 1354
2825 1356
2826 1356
2827 1352
2828 1354
2829 1357
2830 1356
2831 1356
2832 1355
2833 1354
2834 1355
2835 1354
2836 1355
2837 1355
2838 1356
2839 1356
2840 1353
2841 1356
2842 1351
2843 1356
2844 1355
2845 1357
2846 1354
2847 1356
2848 1353
2849 1355
2850 1356
2851 1352
2852 1355
2853 1354
2854 1355
2855 1357
2856 1356
2857 1354
2858 1356
2859 1357
2860 1356
2861 1353
2862 1354
2863 1355
2864 1356
2865 1356
2866 1357
2867 1353
2868 1354
2869 1355
2870 1357
2871 1356
2872 1357
2873 1353
2874 1354
2875 1351
2876 1355
2877 1360
2878 1358
2879 1354
2880 1354
2881 1355
2882 1358
2883 1355
2884 1354
2885 1354
2886 1353
2887 1354
2888 1357
2889 1352
2890 1356
2891 1354
2892 1354
2893 1356
2894 1357
2895 1356
2896 1356
2897 1353
2898 1358
2899 1357
2900 1356
2901 1353
2902 1357
2903 1357
2904 1354
2905 1352
2906 1357
2907 1356
2908 1355
2909 1355
2910 1356
2911 1356
2912 1355
2913 1355
2914 1355
2915 1356
2916 1356
2917 1357
2918 1356
2919 1360
2920 1357
2921 1358
2922 1356
2923 1358
2924 1356
2925 1354
2926 1356
2927 1357
2928 1354
2929 1353
2930 1354
2931 1357
2932 1359
2933 1357
2934 1356
2935 1355
2936 1353
2937 1356
2938 1354
2939 1355
2940 1355
2941 1355
2942 1357
2943 1350
2944 1357
2945 1355
2946 1356
2947 1356
2948 1355
2949 1355
2950 1355
2951 1353
2952 1353
2953 1355
2954 1354
2955 1355
2956 1355
2957 1356
2958 1357
2959 1354
2960 1355
2961 1356
2962 1355
2963 1353
2964 1354
2965 1356
2966 1357
2967 1357
2968 1354
2969 1356
2970 1357
2971 1355
2972 1356
2973 1355
2974 1354
2975 1355
2976 1353
2977 1357
2978 1356
2979 1358
2980 1356
2981 1359
2982 1359
2983 1355
2984 1355
2985 1356
2986 1355
2987 1356
2988 1356
2989 1356
2990 1357
2991 1354
2992 1354
2993 1352
2994 1353
2995 1355
2996 1355
2997 1355
2998 1357
2999 1355
3000 1357
3001 1357
3002 1354
3003 1356
3004 1356
3005 1358
3006 1358
3007 1358
3008 1356
3009 1355
3010 1356
3011 1354
3012 1356
3013 1357
3014 1357
3015 1355
3016 1354
3017 1358
3018 1356
3019 1353
3020 1355
3021 1354
3022 1353
3023 1355
3024 1356
3025 1356
3026 1356
3027 1353
3028 1353
3029 1354
3030 1356
3031 1351
3032 1353
3033 1355
3034 1356
3035 1356
3036 1355
3037 1353
3038 1356
3039 1355
3040 1356
3041 1354
3042 1354
3043 1356
3044 1356
3045 1354
3046 1355
3047 1357
3048 1355
3049 1356
3050 1356
3051 1351
3052 1354
3053 1351
3054 1353
3055 1354
3056 1356
3057 1357
3058 1354
3059 1354
3060 1353
3061 1355
3062 1356
3063 1356
3064 1354
3065 1357
3066 1356
3067 1358
3068 1356
3069 1355
3070 1357
3071 1356
3072 1354
3073 1355
3074 1353
3075 1351
3076 1354
3077 1356
3078 1354
3079 1353
3080 1354
3081 1351
3082 1357
3083 1355
3084 1353
3085 1356
3086 1354
3087 1355
3088 1353
3089 1356
3090 1355
3091 1356
3092 1354
3093 1356
3094 1354
3095 1354
3096 1353
3097 1354
3098 1353
3099 1355
3100 1353
3101 1353
3102 1355
3103 1357
3104 1351
3105 1354
3106 1352
3107 1354
3108 1354
3109 1355
3110 1356
3111 1355
3112 1356
3113 1356
3114 1356
3115 1353
3116 1351
3117 1355
3118 1355
3119 1355
3120 1354
3121 1354
3122 1354
3123 1353
3124 1353
3125 1353
3126 1354
3127 1354
3128 1354
3129 1355
3130 1352
3131 1356
3132 1356
3133 1356
3134 1358
3135 1357
3136 1357
3137 1355
3138 1354
3139 1354
3140 1356
3141 1355
3142 1354
3143 1356
3144 1353
3145 1352
3146 1354
3147 1356
3148 1352
3149 1351
3150 1353
3151 1353
3152 1351
3153 1357
3154 1356
3155 1357
3156 1354
3157 1357
3158 1356
3159 1357
3160 1355
3161 1356
3162 1353
3163 1355
3164 1353
3165 1354
3166 1356
3167 1355
3168 1355
3169 1354
3170 1355
3171 1356
3172 1357
3173 1355
3174 1355
3175 1355
3176 1355
3177 1356
3178 1353
3179 1356
3180 1354
3181 1355
3182 1355
3183 1354
3184 1353
3185 1358
3186 1356
3187 1356
3188 1354
3189 1353
3190 1355
3191 1353
3192 1354
3193 1355
3194 1353
3195 1356
3196 1355
3197 1359
3198 1356
3199 1356
3200 1356
3201 1354
3202 1355
3203 1354
3204 1354
3205 1355
3206 1355
3207 1357
3208 1356
3209 1355
3210 1354
3211 1353
3212 1355
3213 1353
3214 1350
3215 1353
3216 1355
3217 1353
3218 1356
3219 1354
3220 1357
3221 1357
3222 1355
3223 1356
3224 1357
3225 1357
3226 1354
3227 1357
3228 1354
3229 1355
3230 1356
3231 1358
3232 1356
3233 1355
3234 1355
3235 1355
3236 1351
3237 1356
3238 1353
3239 1355
3240 1352
3241 1356
3242 1357
3243 1355
3244 1355
3245 1355
3246 1356
3247 1354
3248 1355
3249 1354
3250 1357
3251 1357
3252 1353
3253 1355
3254 1354
3255 1356
3256 1356
3257 1357
3258 1354
3259 1356
3260 1354
3261 1356
3262 1353
3263 1356
3264 1353
3265 1355
3266 1353
3267 1357
3268 1355
3269 1358
3270 1355
3271 1354
3272 1354
3273 1353
3274 1354
3275 1355
3276 1353
3277 1356
3278 1355
3279 1355
3280 1354
3281 1355
3282 1354
3283 1354
3284 1353
3285 1356
3286 1354
3287 1353
3288 1351
3289 1353
3290 1355
3291 1357
3292 1353
3293 1355
3294 1355
3295 1355
3296 1354
3297 1356
3298 1354
3299 1357
3300 1354
3301 1355
3302 1354
3303 1357
3304 1353
3305 1355
3306 1354
3307 1356
3308 1357
3309 1357
3310 1353
3311 1352
3312 1354
3313 1355
3314 1355
3315 1357
3316 1355
3317 1356
3318 1356
3319 1354
3320 1354
3321 1355
3322 1353
3323 1357
3324 1355
3325 1356
3326 1356
3327 1355
3328 1359
3329 1354
3330 1354
3331 1354
3332 1356
3333 1355
3334 1355
3335 1355
3336 1356
3337 1357
3338 1355
3339 1354
3340 1355
3341 1355
3342 1355
3343 1354
3344 1354
3345 1358
3346 1356
3347 1355
3348 1357
3349 1355
3350 1355
3351 1355
3352 1358
3353 1356
3354 1356
3355 1355
3356 1357
3357 1357
3358 1356
3359 1356
3360 1354
3361 1354
3362 1356
3363 1355
3364 1356
3365 1355
3366 1355
3367 1358
3368 1355
3369 1353
3370 1355
3371 1357
3372 1356
3373 1357
3374 1354
3375 1356
3376 1354
3377 1356
3378 1355
3379 1353
3380 1357
3381 1354
3382 1357
3383 1357
3384 1356
3385 1358
3386 1353
3387 1356
3388 1357
3389 1358
3390 1358
3391 1354
3392 1354
3393 1353
3394 1355
3395 1355
3396 1354
3397 1356
3398 1355
3399 1357
3400 1355
3401 1354
3402 1356
3403 1355
3404 1353
3405 1358
3406 1355
3407 1357
3408 1353
3409 1356
3410 1356
3411 1355
3412 1357
3413 1357
3414 1358
3415 1356
3416 1357
3417 1358
3418 1355
3419 1353
3420 1353
3421 1357
3422 1356
3423 1354
3424 1355
3425 1354
3426 1354
3427 1355
3428 1353
3429 1357
3430 1354
3431 1357
3432 1355
3433 1357
3434 1358
3435 1358
3436 1354
3437 1355
3438 1355
3439 1357
3440 1354
3441 1357
3442 1354
3443 1357
3444 1356
3445 1357
3446 1356
3447 1355
3448 1353
3449 1356
3450 1354
3451 1353
3452 1356
3453 1354
3454 1356
3455 1356
3456 1353
3457 1355
3458 1354
3459 1354
3460 1357
3461 1357
3462 1356
3463 1359
3464 1356
3465 1355
3466 1356
3467 1356
3468 1358
3469 1355
3470 1356
3471 1352
3472 1354
3473 1357
3474 1353
3475 1356
3476 1356
3477 1354
3478 1356
3479 1357
3480 1353
3481 1352
3482 1357
3483 1357
3484 1355
3485 1357
3486 1357
3487 1357
3488 1355
3489 1355
3490 1355
3491 1356
3492 1356
3493 1356
3494 1357
3495 1354
3496 1354
3497 1357
3498 1355
3499 1354
3500 1354
3501 1361
3502 1356
3503 1356
3504 1358
3505 1357
3506 1358
3507 1354
3508 1355
3509 1354
3510 1355
3511 1354
3512 1354
3513 1353
3514 1355
3515 1356
3516 1356
3517 1354
3518 1355
3519 1352
3520 1356
3521 1353
3522 1355
3523 1357
3524 1355
3525 1356
3526 1354
3527 1355
3528 1353
3529 1353
3530 1353
3531 1355
3532 1354
3533 1353
3534 1352
3535 1355
3536 1354
3537 1357
3538 1355
3539 1356
3540 1355
3541 1355
3542 1355
3543 1354
3544 1353
3545 1356
3546 1357
3547 1356
3548 1356
3549 1356
3550 1355
3551 1356
3552 1356
3553 1355
3554 1355
3555 1354
3556 1356
3557 1356
3558 1355
3559 1355
3560 1355
3561 1357
3562 1356
3563 1355
3564 1355
3565 1355
3566 1357
3567 1355
3568 1353
3569 1353
3570 1355
3571 1354
3572 1355
3573 1350
3574 1354
3575 1357
3576 1355
3577 1354
3578 1351
3579 1356
3580 1355
3581 1354
3582 1355
3583 1355
3584 1356
3585 1356
3586 1355
3587 1353
3588 1356
3589 1357
3590 1356
3591 1355
3592 1357
3593 1356
3594 1357
3595 1353
3596 1355
3597 1355
3598 1355
3599 1353
3600 1353
3601 1355
3602 1353
3603 1354
3604 1354
3605 1353
3606 1356
3607 1354
3608 1355
3609 1356
3610 1353
3611 1355
3612 1354
3613 1354
3614 1354
3615 1356
3616 1354
3617 1355
3618 1354
3619 1356
3620 1354
3621 1357
3622 1356
3623 1358
3624 1357
3625 1359
3626 1359
3627 1354
3628 1354
3629 1355
3630 1356
3631 1353
3632 1354
3633 1357
3634 1353
3635 1358
3636 1356
3637 1353
3638 1354
3639 1357
3640 1354
3641 1352
3642 1354
3643 1356
3644 1355
3645 1354
3646 1356
3647 1354
3648 1356
3649 1356
3650 1355
3651 1357
3652 1358
3653 1357
3654 1356
3655 1353
3656 1356
3657 1355
3658 1352
3659 1352
3660 1353
3661 1353
3662 1356
3663 1356
3664 1356
3665 1357
3666 1355
3667 1356
3668 1353
3669 1355
3670 1354
3671 1356
3672 1356
3673 1354
3674 1355
3675 1353
3676 1354
3677 1357
3678 1355
3679 1355
3680 1356
3681 1357
3682 1356
3683 1356
3684 1356
3685 1355
3686 1353
3687 1357
3688 1356
3689 1356
3690 1355
3691 1355
3692 1356
3693 1357
3694 1353
3695 1351
3696 1354
3697 1355
3698 1356
3699 1355
3700 1355
3701 1355
3702 1356
3703 1355
3704 1356
3705 1355
3706 1357
3707 1354
3708 1357
3709 1356
3710 1357
3711 1357
3712 1354
3713 1355
3714 1355
3715 1354
3716 1357
3717 1355
3718 1354
3719 1353
3720 1355
3721 1355
3722 1355
3723 1355
3724 1356
3725 1358
3726 1355
3727 1354
3728 1353
3729 1357
3730 1356
3731 1358
3732 1354
3733 1356
3734 1355
3735 1355
3736 1354
3737 1355
3738 1354
3739 1353
3740 1356
3741 1355
3742 1356
3743 1357
3744 1354
3745 1356
3746 1356
3747 1353
3748 1356
3749 1356
3750 1356
3751 1356
3752 1356
3753 1355
3754 1357
3755 1355
3756 1354
3757 1357
3758 1355
3759 1355
3760 1355
3761 1357
3762 1354
3763 1353
3764 1356
3765 1356
3766 1356
3767 1355
3768 1354
3769 1355
3770 1355
3771 1356
3772 1357
3773 1356
3774 1355
3775 1356
3776 1356
3777 1357
3778 1355
3779 1355
3780 1356
3781 1355
3782 1356
3783 1356
3784 1355
3785 1357
3786 1356
3787 1355
3788 1354
3789 1356
3790 1356
3791 1356
3792 1357
3793 1354
3794 1354
3795 1354
3796 1352
3797 1352
3798 1358
3799 1354
3800 1356
3801 1353
3802 1354
3803 1353
3804 1354
3805 1354
3806 1355
3807 1357
3808 1356
3809 1357
3810 1357
3811 1355
3812 1356
3813 1356
3814 1355
3815 1354
3816 1354
3817 1355
3818 1356
3819 1357
3820 1357
3821 1356
3822 1356
3823 1352
3824 1355
3825 1357
3826 1358
3827 1356
3828 1356
3829 1354
3830 1355
3831 1357
3832 1357
3833 1356
3834 1352
3835 1355
3836 1354
3837 1356
3838 1355
3839 1354
3840 1353
3841 1354
3842 1355
3843 1355
3844 1354
3845 1353
3846 1355
3847 1351
3848 1354
3849 1355
3850 1355
3851 1353
3852 1355
3853 1354
3854 1357
3855 1356
3856 1357
3857 1353
3858 1356
3859 1354
3860 1356
3861 1353
3862 1353
3863 1353
3864 1355
3865 1354
3866 1354
3867 1355
3868 1356
3869 1354
3870 1355
3871 1356
3872 1356
3873 1355
3874 1357
3875 1354
3876 1354
3877 1354
3878 1351
3879 1354
3880 1354
3881 1355
3882 1353
3883 1354
3884 1354
3885 1354
3886 1354
3887 1353
3888 1356
3889 1356
3890 1357
3891 1359
3892 1356
3893 1354
3894 1354
3895 1355
3896 1356
3897 1355
3898 1355
3899 1355
3900 1354
3901 1355
3902 1353
3903 1355
3904 1353
3905 1355
3906 1353
3907 1354
3908 1352
3909 1355
3910 1351
3911 1352
3912 1353
3913 1355
3914 1353
3915 1355
3916 1353
3917 1356
3918 1354
3919 1356
3920 1353
3921 1356
3922 1355
3923 1355
3924 1356
3925 1357
3926 1356
3927 1357
3928 1355
3929 1356
3930 1357
3931 1357
3932 1353
3933 1355
3934 1355
3935 1356
3936 1356
3937 1356
3938 1355
3939 1358
3940 1353
3941 1354
3942 1355
3943 1355
3944 1351
3945 1354
3946 1355
3947 1356
3948 1352
3949 1354
3950 1352
3951 1354
3952 1355
3953 1356
3954 1356
3955 1355
3956 1355
3957 1357
3958 1355
3959 1354
3960 1354
3961 1354
3962 1354
3963 1353
3964 1355
3965 1356
3966 1355
3967 1353
3968 1353
3969 1352
3970 1356
3971 1354
3972 1355
3973 1354
3974 1353
3975 1356
3976 1357
3977 1356
3978 1353
3979 1353
3980 1357
3981 1356
3982 1354
3983 1355
3984 1356
3985 1355
3986 1355
3987 1357
3988 1355
3989 1356
3990 1356
3991 1355
3992 1356
3993 1355
3994 1353
3995 1353
3996 1353
3997 1354
3998 1353
3999 1354
