0 1356
1 1357
2 1356
3 1355
4 1356
5 1353
6 1358
7 1357
8 1359
9 1356
10 1356
11 1356
12 1358
13 1356
14 1357
15 1357
16 1357
17 1357
18 1357
19 1357
20 1356
21 1359
22 1356
23 1356
24 1356
25 1357
26 1356
27 1356
28 1356
29 1357
30 1357
31 1358
32 1354
33 1357
34 1356
35 1357
36 1356
37 1356
38 1355
39 1357
40 1356
41 1359
42 1357
43 1358
44 1358
45 1356
46 1358
47 1356
48 1355
49 1358
50 1355
51 1354
52 1355
53 1355
54 1357
55 1357
56 1355
57 1355
58 1357
59 1353
60 1354
61 1356
62 1355
63 1357
64 1357
65 1357
66 1357
67 1357
68 1355
69 1354
70 1358
71 1355
72 1357
73 1355
74 1355
75 1354
76 1358
77 1357
78 1356
79 1356
80 1357
81 1353
82 1355
83 1355
84 1355
85 1353
86 1355
87 1356
88 1355
89 1356
90 1355
91 1355
92 1355
93 1356
94 1355
95 1355
96 1357
97 1359
98 1361
99 1357
100 1357
101 1356
102 1356
103 1356
104 1356
105 1358
106 1359
107 1359
108 1356
109 1355
110 1356
111 1356
112 1356
113 1357
114 1356
115 1354
116 1356
117 1353
118 1353
119 1356
120 1354
121 1355
122 1354
123 1353
124 1355
125 1357
126 1356
127 1355
128 1355
129 1359
130 1354
131 1357
132 1354
133 1357
134 1355
135 1354
136 1356
137 1357
138 1353
139 1357
140 1355
141 1355
142 1355
143 1357
144 1357
145 1357
146 1355
147 1357
148 1358
149 1358
150 1355
151 1355
152 1355
153 1353
154 1355
155 1359
156 1358
157 1358
158 1354
159 1356
160 1357
161 1356
162 1358
163 1357
164 1356
165 1354
166 1354
167 1357
168 1357
169 1358
170 1358
171 1357
172 1358
173 1356
174 1355
175 1357
176 1358
177 1355
178 1353
179 1356
180 1353
181 1357
182 1356
183 1354
184 1354
185 1360
186 1356
187 1357
188 1357
189 1356
190 1355
191 1355
192 1356
193 1359
194 1358
195 1355
196 1355
197 1356
198 1358
199 1358
200 1353
201 1357
202 1356
203 1356
204 1355
205 1357
206 1357
207 1356
208 1359
209 1355
210 1355
211 1355
212 1355
213 1355
214 1356
215 1356
216 1356
217 1356
218 1356
219 1356
220 1354
221 1358
222 1357
223 1356
224 1358
225 1356
226 1357
227 1355
228 1353
229 1357
230 1355
231 1359
232 1357
233 1359
234 1356
235 1357
236 1358
237 1356
238 1357
239 1356
240 1357
241 1358
242 1355
243 1354
244 1355
245 1357
246 1357
247 1356
248 1356
249 1354
250 1356
251 1356
252 1355
253 1354
254 1356
255 1355
256 1355
257 1357
258 1355
259 1358
260 1356
261 1357
262 1354
263 1358
264 1356
265 1358
266 1356
267 1356
268 1356
269 1355
270 1354
271 1354
272 1357
273 1353
274 1354
275 1356
276 1358
277 1354
278 1357
279 1355
280 1355
281 1357
282 1357
283 1354
284 1354
285 1357
286 1358
287 1356
288 1355
289 1353
290 1355
291 1356
292 1358
293 1357
294 1352
295 1354
296 1356
297 1357
298 1356
299 1355
300 1356
301 1358
302 1357
303 1357
304 1356
305 1356
306 1357
307 1357
308 1357
309 1354
310 1355
311 1355
312 1355
313 1353
314 1355
315 1359
316 1356
317 1355
318 1353
319 1352
320 1359
321 1356
322 1358
323 1356
324 1358
325 1358
326 1357
327 1357
328 1356
329 1357
330 1355
331 1355
332 1358
333 1355
334 1358
335 1357
336 1353
337 1356
338 1357
339 1356
340 1357
341 1357
342 1355
343 1353
344 1355
345 1360
346 1356
347 1354
348 1356
349 1356
350 1356
351 1357
352 1357
353 1357
354 1357
355 1356
356 1356
357 1355
358 1355
359 1356
360 1357
361 1357
362 1356
363 1355
364 1355
365 1356
366 1353
367 1354
368 1356
369 1357
370 1353
371 1356
372 1356
373 1355
374 1357
375 1359
376 1356
377 1357
378 1353
379 1357
380 1359
381 1357
382 1354
383 1357
384 1356
385 1355
386 1357
387 1355
388 1356
389 1356
390 1357
391 1355
392 1356
393 1355
394 1355
395 1354
396 1355
397 1354
398 1355
399 1354
400 1356
401 1357
402 1353
403 1357
404 1356
405 1360
406 1357
407 1355
408 1358
409 1358
410 1355
411 1356
412 1357
413 1358
414 1357
415 1357
416 1357
417 1354
418 1356
419 1355
420 1356
421 1357
422 1356
423 1355
424 1355
425 1356
426 1356
427 1357
428 1357
429 1356
430 1358
431 1357
432 1356
433 1357
434 1357
435 1357
436 1357
437 1354
438 1355
439 1355
440 1354
441 1352
442 1353
443 1354
444 1355
445 1355
446 1355
447 1357
448 1357
449 1356
450 1354
451 1354
452 1354
453 1353
454 1354
455 1356
456 1356
457 1357
458 1356
459 1356
460 1355
461 1358
462 1353
463 1358
464 1354
465 1355
466 1357
467 1358
468 1358
469 1356
470 1357
471 1359
472 1355
473 1357
474 1356
475 1355
476 1358
477 1355
478 1357
479 1357
480 1356
481 1357
482 1356
483 1355
484 1356
485 1354
486 1356
487 1357
488 1357
489 1355
490 1357
491 1354
492 1355
493 1357
494 1355
495 1357
496 1358
497 1357
498 1356
499 1359
500 1356
501 1356
502 1355
503 1354
504 1353
505 1359
506 1353
507 1356
508 1354
509 1356
510 1356
511 1357
512 1357
513 1357
514 1355
515 1357
516 1357
517 1355
518 1355
519 1355
520 1356
521 1355
522 1356
523 1356
524 1357
525 1358
526 1356
527 1354
528 1357
529 1356
530 1356
531 1358
532 1356
533 1356
534 1359
535 1359
536 1363
537 1366
538 1373
539 1383
540 1391
541 1405
542 1421
543 1437
544 1454
545 1469
546 1485
547 1501
548 1517
549 1531
550 1545
551 1558
552 1568
553 1569
554 1576
555 1580
556 1582
557 1578
558 1578
559 1577
560 1574
561 1571
562 1564
563 1559
564 1556
565 1554
566 1545
567 1536
568 1526
569 1519
570 1510
571 1500
572 1489
573 1481
574 1478
575 1468
576 1462
577 1451
578 1445
579 1441
580 1437
581 1433
582 1426
583 1423
584 1420
585 1416
586 1413
587 1410
588 1408
589 1404
590 1404
591 1402
592 1399
593 1393
594 1394
595 1391
596 1388
597 1386
598 1386
599 1382
600 1379
601 1378
602 1376
603 1374
604 1374
605 1371
606 1369
607 1371
608 1368
609 1370
610 1368
611 1370
612 1365
613 1368
614 1366
615 1367
616 1366
617 1367
618 1366
619 1366
620 1363
621 1364
622 1361
623 1362
624 1361
625 1365
626 1361
627 1360
628 1360
629 1361
630 1360
631 1360
632 1355
633 1361
634 1357
635 1359
636 1357
637 1360
638 1361
639 1358
640 1357
641 1358
642 1358
643 1358
644 1357
645 1356
646 1358
647 1357
648 1356
649 1357
650 1356
651 1357
652 1359
653 1359
654 1357
655 1356
656 1353
657 1357
658 1358
659 1358
660 1357
661 1358
662 1358
663 1355
664 1355
665 1356
666 1359
667 1357
668 1354
669 1356
670 1355
671 1355
672 1355
673 1356
674 1357
675 1354
676 1355
677 1356
678 1356
679 1357
680 1356
681 1355
682 1359
683 1355
684 1358
685 1359
686 1359
687 1354
688 1357
689 1355
690 1357
691 1356
692 1354
693 1354
694 1356
695 1356
696 1357
697 1355
698 1360
699 1357
700 1356
701 1354
702 1359
703 1359
704 1356
705 1355
706 1357
707 1357
708 1356
709 1357
710 1356
711 1356
712 1355
713 1355
714 1354
715 1356
716 1355
717 1357
718 1355
719 1356
720 1356
721 1354
722 1355
723 1354
724 1356
725 1360
726 1358
727 1356
728 1355
729 1358
730 1356
731 1358
732 1355
733 1355
734 1355
735 1356
736 1354
737 1356
738 1355
739 1355
740 1358
741 1358
742 1357
743 1357
744 1357
745 1359
746 1355
747 1357
748 1355
749 1357
750 1354
751 1357
752 1354
753 1353
754 1357
755 1357
756 1355
757 1355
758 1354
759 1357
760 1357
761 1357
762 1357
763 1355
764 1352
765 1355
766 1353
767 1357
768 1355
769 1356
770 1357
771 1356
772 1357
773 1358
774 1356
775 1357
776 1356
777 1357
778 1356
779 1355
780 1357
781 1357
782 1352
783 1355
784 1355
785 1358
786 1356
787 1353
788 1356
789 1357
790 1356
791 1355
792 1355
793 1356
794 1356
795 1355
796 1354
797 1357
798 1357
799 1357
800 1355
801 1357
802 1356
803 1357
804 1353
805 1357
806 1357
807 1358
808 1358
809 1357
810 1356
811 1357
812 1353
813 1353
814 1357
815 1358
816 1358
817 1359
818 1356
819 1357
820 1356
821 1355
822 1354
823 1357
824 1357
825 1357
826 1358
827 1354
828 1356
829 1355
830 1356
831 1357
832 1356
833 1355
834 1355
835 1357
836 1357
837 1360
838 1356
839 1357
840 1356
841 1355
842 1354
843 1357
844 1355
845 1355
846 1354
847 1356
848 1353
849 1356
850 1354
851 1357
852 1356
853 1354
854 1354
855 1354
856 1354
857 1355
858 1356
859 1356
860 1356
861 1357
862 1355
863 1358
864 1356
865 1356
866 1356
867 1358
868 1356
869 1355
870 1356
871 1356
872 1354
873 1357
874 1356
875 1354
876 1356
877 1358
878 1358
879 1355
880 1355
881 1358
882 1352
883 1355
884 1355
885 1356
886 1356
887 1357
888 1354
889 1355
890 1356
891 1357
892 1358
893 1357
894 1354
895 1354
896 1355
897 1355
898 1355
899 1356
900 1358
901 1357
902 1357
903 1357
904 1355
905 1357
906 1357
907 1356
908 1356
909 1352
910 1357
911 1356
912 1352
913 1355
914 1358
915 1361
916 1355
917 1357
918 1356
919 1357
920 1355
921 1352
922 1356
923 1360
924 1354
925 1356
926 1355
927 1358
928 1357
929 1358
930 1356
931 1359
932 1357
933 1358
934 1355
935 1357
936 1355
937 1357
938 1355
939 1355
940 1354
941 1357
942 1356
943 1356
944 1356
945 1357
946 1355
947 1358
948 1353
949 1355
950 1356
951 1359
952 1356
953 1357
954 1357
955 1356
956 1354
957 1357
958 1353
959 1359
960 1359
961 1357
962 1356
963 1356
964 1357
965 1357
966 1359
967 1355
968 1355
969 1355
970 1354
971 1358
972 1356
973 1355
974 1356
975 1360
976 1356
977 1357
978 1357
979 1357
980 1356
981 1357
982 1356
983 1357
984 1357
985 1357
986 1355
987 1356
988 1356
989 1356
990 1356
991 1358
992 1357
993 1357
994 1358
995 1357
996 1356
997 1357
998 1357
999 1357
1000 1357
1001 1356
1002 1353
1003 1353
1004 1356
1005 1357
1006 1357
1007 1357
1008 1354
1009 1355
1010 1356
1011 1355
1012 1357
1013 1355
1014 1356
1015 1355
1016 1357
1017 1357
1018 1359
1019 1357
1020 1356
1021 1357
1022 1358
1023 1357
1024 1358
1025 1357
1026 1354
1027 1357
1028 1357
1029 1355
1030 1358
1031 1356
1032 1356
1033 1354
1034 1355
1035 1355
1036 1355
1037 1356
1038 1354
1039 1356
1040 1356
1041 1357
1042 1357
1043 1354
1044 1356
1045 1356
1046 1358
1047 1357
1048 1354
1049 1357
1050 1357
1051 1355
1052 1354
1053 1356
1054 1357
1055 1355
1056 1356
1057 1354
1058 1356
1059 1354
1060 1356
1061 1356
1062 1356
1063 1354
1064 1354
1065 1352
1066 1354
1067 1356
1068 1355
1069 1355
1070 1355
1071 1353
1072 1356
1073 1357
1074 1358
1075 1357
1076 1356
1077 1358
1078 1354
1079 1356
1080 1358
1081 1356
1082 1355
1083 1355
1084 1355
1085 1355
1086 1356
1087 1358
1088 1358
1089 1357
1090 1355
1091 1357
1092 1357
1093 1354
1094 1355
1095 1356
1096 1356
1097 1357
1098 1355
1099 1356
1100 1355
1101 1354
1102 1356
1103 1356
1104 1356
1105 1358
1106 1354
1107 1357
1108 1356
1109 1358
1110 1356
1111 1357
1112 1357
1113 1357
1114 1354
1115 1355
1116 1356
1117 1357
1118 1356
1119 1357
1120 1355
1121 1353
1122 1356
1123 1355
1124 1355
1125 1356
1126 1356
1127 1354
1128 1355
1129 1355
1130 1353
1131 1356
1132 1356
1133 1353
1134 1358
1135 1357
1136 1356
1137 1353
1138 1353
1139 1355
1140 1355
1141 1356
1142 1355
1143 1357
1144 1357
1145 1357
1146 1355
1147 1357
1148 1355
1149 1359
1150 1355
1151 1354
1152 1355
1153 1355
1154 1356
1155 1355
1156 1355
1157 1357
1158 1356
1159 1355
1160 1357
1161 1358
1162 1357
1163 1354
1164 1356
1165 1360
1166 1357
1167 1356
1168 1357
1169 1358
1170 1355
1171 1357
1172 1357
1173 1357
1174 1355
1175 1356
1176 1354
1177 1357
1178 1355
1179 1358
1180 1355
1181 1357
1182 1358
1183 1356
1184 1356
1185 1355
1186 1356
1187 1356
1188 1356
1189 1355
1190 1355
1191 1355
1192 1355
1193 1356
1194 1357
1195 1359
1196 1359
1197 1358
1198 1359
1199 1359
1200 1356
1201 1356
1202 1358
1203 1355
1204 1357
1205 1359
1206 1358
1207 1357
1208 1356
1209 1356
1210 1357
1211 1356
1212 1355
1213 1355
1214 1354
1215 1357
1216 1355
1217 1357
1218 1354
1219 1357
1220 1353
1221 1352
1222 1356
1223 1359
1224 1357
1225 1357
1226 1353
1227 1355
1228 1355
1229 1356
1230 1356
1231 1357
1232 1354
1233 1358
1234 1356
1235 1358
1236 1355
1237 1356
1238 1357
1239 1359
1240 1355
1241 1356
1242 1355
1243 1354
1244 1355
1245 1357
1246 1356
1247 1357
1248 1356
1249 1358
1250 1356
1251 1356
1252 1357
1253 1352
1254 1356
1255 1357
1256 1357
1257 1359
1258 1359
1259 1357
1260 1356
1261 1357
1262 1353
1263 1353
1264 1356
1265 1358
1266 1357
1267 1356
1268 1353
1269 1359
1270 1355
1271 1357
1272 1356
1273 1356
1274 1356
1275 1357
1276 1356
1277 1358
1278 1356
1279 1353
1280 1352
1281 1355
1282 1356
1283 1355
1284 1354
1285 1356
1286 1356
1287 1356
1288 1359
1289 1357
1290 1356
1291 1356
1292 1355
1293 1355
1294 1357
1295 1359
1296 1358
1297 1356
1298 1355
1299 1355
1300 1355
1301 1355
1302 1358
1303 1357
1304 1356
1305 1355
1306 1356
1307 1356
1308 1357
1309 1355
1310 1357
1311 1356
1312 1357
1313 1354
1314 1357
1315 1354
1316 1357
1317 1356
1318 1355
1319 1357
1320 1355
1321 1356
1322 1357
1323 1355
1324 1355
1325 1357
1326 1356
1327 1356
1328 1358
1329 1357
1330 1354
1331 1355
1332 1356
1333 1354
1334 1356
1335 1354
1336 1355
1337 1358
1338 1357
1339 1357
1340 1356
1341 1355
1342 1356
1343 1356
1344 1356
1345 1356
1346 1357
1347 1358
1348 1356
1349 1358
1350 1355
1351 1354
1352 1358
1353 1355
1354 1356
1355 1357
1356 1355
1357 1353
1358 1356
1359 1355
1360 1358
1361 1356
1362 1357
1363 1355
1364 1356
1365 1357
1366 1356
1367 1354
1368 1356
1369 1357
1370 1357
1371 1354
1372 1357
1373 1357
1374 1357
1375 1354
1376 1355
1377 1355
1378 1358
1379 1356
1380 1355
1381 1357
1382 1359
1383 1354
1384 1357
1385 1358
1386 1359
1387 1357
1388 1358
1389 1358
1390 1357
1391 1358
1392 1357
1393 1356
1394 1357
1395 1357
1396 1356
1397 1355
1398 1353
1399 1354
1400 1359
1401 1355
1402 1356
1403 1357
1404 1356
1405 1358
1406 1358
1407 1355
1408 1357
1409 1357
1410 1358
1411 1354
1412 1356
1413 1353
1414 1356
1415 1357
1416 1357
1417 1357
1418 1356
1419 1355
1420 1357
1421 1356
1422 1355
1423 1355
1424 1356
1425 1355
1426 1356
1427 1356
1428 1353
1429 1356
1430 1356
1431 1355
1432 1355
1433 1354
1434 1356
1435 1359
1436 1356
1437 1357
1438 1356
1439 1355
1440 1359
1441 1356
1442 1356
1443 1357
1444 1354
1445 1354
1446 1355
1447 1358
1448 1355
1449 1357
1450 1356
1451 1352
1452 1358
1453 1354
1454 1357
1455 1358
1456 1357
1457 1354
1458 1357
1459 1355
1460 1357
1461 1355
1462 1355
1463 1357
1464 1356
1465 1357
1466 1355
1467 1357
1468 1358
1469 1354
1470 1360
1471 1357
1472 1360
1473 1357
1474 1358
1475 1358
1476 1358
1477 1357
1478 1358
1479 1357
1480 1356
1481 1356
1482 1358
1483 1355
1484 1356
1485 1359
1486 1358
1487 1355
1488 1356
1489 1356
1490 1356
1491 1357
1492 1356
1493 1356
1494 1357
1495 1355
1496 1356
1497 1357
1498 1356
1499 1359
1500 1357
1501 1356
1502 1356
1503 1356
1504 1354
1505 1358
1506 1355
1507 1357
1508 1356
1509 1355
1510 1356
1511 1356
1512 1356
1513 1356
1514 1357
1515 1357
1516 1356
1517 1356
1518 1355
1519 1354
1520 1356
1521 1355
1522 1357
1523 1356
1524 1357
1525 1357
1526 1358
1527 1356
1528 1355
1529 1355
1530 1358
1531 1357
1532 1358
1533 1357
1534 1358
1535 1354
1536 1357
1537 1355
1538 1356
1539 1356
1540 1356
1541 1356
1542 1358
1543 1356
1544 1356
1545 1358
1546 1358
1547 1356
1548 1356
1549 1355
1550 1357
1551 1357
1552 1357
1553 1356
1554 1353
1555 1356
1556 1355
1557 1357
1558 1357
1559 1357
1560 1357
1561 1355
1562 1358
1563 1359
1564 1358
1565 1359
1566 1356
1567 1354
1568 1354
1569 1355
1570 1356
1571 1356
1572 1354
1573 1354
1574 1357
1575 1361
1576 1356
1577 1358
1578 1358
1579 1355
1580 1355
1581 1354
1582 1356
1583 1357
1584 1356
1585 1355
1586 1358
1587 1356
1588 1358
1589 1357
1590 1357
1591 1357
1592 1358
1593 1357
1594 1358
1595 1355
1596 1356
1597 1357
1598 1356
1599 1356
1600 1357
1601 1356
1602 1358
1603 1356
1604 1357
1605 1357
1606 1356
1607 1356
1608 1354
1609 1355
1610 1356
1611 1356
1612 1359
1613 1355
1614 1355
1615 1355
1616 1358
1617 1356
1618 1357
1619 1355
1620 1357
1621 1357
1622 1358
1623 1354
1624 1358
1625 1357
1626 1355
1627 1355
1628 1357
1629 1355
1630 1356
1631 1358
1632 1358
1633 1357
1634 1357
1635 1358
1636 1357
1637 1358
1638 1356
1639 1357
1640 1357
1641 1356
1642 1355
1643 1354
1644 1358
1645 1359
1646 1357
1647 1357
1648 1357
1649 1356
1650 1358
1651 1357
1652 1356
1653 1357
1654 1355
1655 1356
1656 1357
1657 1357
1658 1361
1659 1356
1660 1356
1661 1357
1662 1359
1663 1357
1664 1357
1665 1355
1666 1356
1667 1358
1668 1356
1669 1356
1670 1358
1671 1356
1672 1357
1673 1353
1674 1357
1675 1357
1676 1355
1677 1355
1678 1356
1679 1354
1680 1355
1681 1357
1682 1358
1683 1356
1684 1356
1685 1357
1686 1356
1687 1357
1688 1356
1689 1358
1690 1359
1691 1357
1692 1355
1693 1354
1694 1354
1695 1358
1696 1357
1697 1356
1698 1356
1699 1354
1700 1358
1701 1357
1702 1357
1703 1357
1704 1360
1705 1360
1706 1355
1707 1355
1708 1357
1709 1357
1710 1357
1711 1356
1712 1354
1713 1355
1714 1354
1715 1354
1716 1358
1717 1353
1718 1354
1719 1355
1720 1359
1721 1356
1722 1357
1723 1354
1724 1355
1725 1357
1726 1355
1727 1356
1728 1355
1729 1359
1730 1355
1731 1354
1732 1354
1733 1353
1734 1358
1735 1361
1736 1357
1737 1358
1738 1358
1739 1358
1740 1357
1741 1355
1742 1355
1743 1356
1744 1357
1745 1357
1746 1356
1747 1354
1748 1358
1749 1356
1750 1355
1751 1356
1752 1355
1753 1359
1754 1356
1755 1355
1756 1356
1757 1357
1758 1357
1759 1356
1760 1352
1761 1356
1762 1355
1763 1351
1764 1353
1765 1358
1766 1358
1767 1358
1768 1356
1769 1358
1770 1354
1771 1357
1772 1356
1773 1355
1774 1356
1775 1356
1776 1356
1777 1357
1778 1357
1779 1356
1780 1357
1781 1356
1782 1356
1783 1356
1784 1358
1785 1356
1786 1356
1787 1355
1788 1358
1789 1356
1790 1356
1791 1360
1792 1359
1793 1355
1794 1355
1795 1356
1796 1356
1797 1355
1798 1356
1799 1354
1800 1355
1801 1358
1802 1355
1803 1357
1804 1354
1805 1355
1806 1358
1807 1355
1808 1357
1809 1357
1810 1356
1811 1355
1812 1355
1813 1356
1814 1353
1815 1356
1816 1355
1817 1357
1818 1355
1819 1357
1820 1354
1821 1356
1822 1356
1823 1356
1824 1357
1825 1356
1826 1356
1827 1355
1828 1354
1829 1356
1830 1353
1831 1357
1832 1357
1833 1355
1834 1356
1835 1355
1836 1355
1837 1355
1838 1356
1839 1357
1840 1356
1841 1355
1842 1358
1843 1357
1844 1355
1845 1356
1846 1355
1847 1355
1848 1357
1849 1357
1850 1357
1851 1357
1852 1354
1853 1356
1854 1356
1855 1355
1856 1356
1857 1358
1858 1355
1859 1355
1860 1356
1861 1353
1862 1354
1863 1355
1864 1358
1865 1360
1866 1357
1867 1357
1868 1357
1869 1354
1870 1355
1871 1355
1872 1357
1873 1358
1874 1356
1875 1356
1876 1356
1877 1358
1878 1357
1879 1354
1880 1356
1881 1360
1882 1357
1883 1355
1884 1353
1885 1355
1886 1358
1887 1357
1888 1355
1889 1355
1890 1356
1891 1353
1892 1354
1893 1354
1894 1356
1895 1358
1896 1357
1897 1356
1898 1356
1899 1359
1900 1357
1901 1357
1902 1356
1903 1356
1904 1357
1905 1357
1906 1357
1907 1357
1908 1354
1909 1356
1910 1358
1911 1354
1912 1355
1913 1355
1914 1357
1915 1357
1916 1356
1917 1356
1918 1356
1919 1357
1920 1356
1921 1355
1922 1356
1923 1355
1924 1355
1925 1359
1926 1357
1927 1357
1928 1359
1929 1353
1930 1356
1931 1354
1932 1353
1933 1355
1934 1356
1935 1356
1936 1356
1937 1356
1938 1356
1939 1358
1940 1356
1941 1356
1942 1356
1943 1357
1944 1357
1945 1358
1946 1356
1947 1354
1948 1353
1949 1354
1950 1356
1951 1356
1952 1356
1953 1352
1954 1359
1955 1358
1956 1357
1957 1357
1958 1358
1959 1357
1960 1356
1961 1356
1962 1356
1963 1357
1964 1358
1965 1355
1966 1358
1967 1357
1968 1355
1969 1355
1970 1357
1971 1356
1972 1358
1973 1356
1974 1357
1975 1357
1976 1356
1977 1354
1978 1356
1979 1355
1980 1355
1981 1356
1982 1356
1983 1357
1984 1356
1985 1351
1986 1356
1987 1356
1988 1358
1989 1357
1990 1357
1991 1357
1992 1357
1993 1358
1994 1356
1995 1356
1996 1357
1997 1357
1998 1355
1999 1354
2000 1355
2001 1357
2002 1359
2003 1357
2004 1357
2005 1356
2006 1355
2007 1354
2008 1357
2009 1355
2010 1356
2011 1353
2012 1356
2013 1353
2014 1356
2015 1357
2016 1356
2017 1356
2018 1358
2019 1355
2020 1355
2021 1354
2022 1355
2023 1356
2024 1359
2025 1360
2026 1358
2027 1355
2028 1354
2029 1356
2030 1357
2031 1360
2032 1358
2033 1355
2034 1356
2035 1357
2036 1353
2037 1355
2038 1356
2039 1357
2040 1354
2041 1357
2042 1354
2043 1358
2044 1356
2045 1355
2046 1356
2047 1357
2048 1355
2049 1354
2050 1353
2051 1356
2052 1356
2053 1354
2054 1356
2055 1357
2056 1357
2057 1357
2058 1356
2059 1356
2060 1356
2061 1357
2062 1354
2063 1358
2064 1354
2065 1357
2066 1356
2067 1357
2068 1357
2069 1353
2070 1355
2071 1357
2072 1357
2073 1358
2074 1358
2075 1356
2076 1355
2077 1358
2078 1355
2079 1356
2080 1355
2081 1355
2082 1356
2083 1354
2084 1355
2085 1360
2086 1357
2087 1357
2088 1357
2089 1358
2090 1358
2091 1357
2092 1354
2093 1358
2094 1357
2095 1356
2096 1357
2097 1355
2098 1353
2099 1356
2100 1356
2101 1355
2102 1356
2103 1357
2104 1355
2105 1359
2106 1355
2107 1355
2108 1354
2109 1357
2110 1356
2111 1358
2112 1359
2113 1357
2114 1355
2115 1356
2116 1358
2117 1357
2118 1356
2119 1356
2120 1356
2121 1356
2122 1355
2123 1357
2124 1356
2125 1357
2126 1354
2127 1359
2128 1356
2129 1357
2130 1355
2131 1356
2132 1358
2133 1356
2134 1356
2135 1355
2136 1357
2137 1357
2138 1356
2139 1356
2140 1355
2141 1356
2142 1356
2143 1356
2144 1356
2145 1357
2146 1355
2147 1357
2148 1357
2149 1355
2150 1359
2151 1356
2152 1356
2153 1357
2154 1356
2155 1357
2156 1356
2157 1356
2158 1357
2159 1355
2160 1356
2161 1356
2162 1354
2163 1355
2164 1355
2165 1357
2166 1357
2167 1357
2168 1356
2169 1354
2170 1353
2171 1354
2172 1356
2173 1357
2174 1357
2175 1355
2176 1355
2177 1355
2178 1356
2179 1357
2180 1357
2181 1357
2182 1356
2183 1359
2184 1356
2185 1355
2186 1355
2187 1356
2188 1353
2189 1356
2190 1355
2191 1354
2192 1355
2193 1354
2194 1356
2195 1355
2196 1355
2197 1354
2198 1356
2199 1357
2200 1358
2201 1357
2202 1357
2203 1354
2204 1355
2205 1355
2206 1357
2207 1357
2208 1357
2209 1356
2210 1357
2211 1356
2212 1357
2213 1357
2214 1358
2215 1361
2216 1356
2217 1354
2218 1356
2219 1355
2220 1356
2221 1357
2222 1356
2223 1356
2224 1354
2225 1352
2226 1355
2227 1354
2228 1357
2229 1356
2230 1355
2231 1353
2232 1355
2233 1357
2234 1354
2235 1354
2236 1356
2237 1357
2238 1356
2239 1356
2240 1354
2241 1353
2242 1355
2243 1353
2244 1355
2245 1355
2246 1354
2247 1358
2248 1354
2249 1355
2250 1356
2251 1355
2252 1354
2253 1354
2254 1354
2255 1356
2256 1355
2257 1357
2258 1353
2259 1356
2260 1356
2261 1356
2262 1357
2263 1356
2264 1355
2265 1354
2266 1356
2267 1353
2268 1355
2269 1356
2270 1357
2271 1357
2272 1352
2273 1354
2274 1356
2275 1355
2276 1356
2277 1357
2278 1358
2279 1356
2280 1355
2281 1355
2282 1355
2283 1356
2284 1357
2285 1357
2286 1358
2287 1356
2288 1355
2289 1355
2290 1355
2291 1353
2292 1356
2293 1355
2294 1357
2295 1357
2296 1355
2297 1356
2298 1355
2299 1356
2300 1357
2301 1357
2302 1356
2303 1354
2304 1356
2305 1359
2306 1356
2307 1357
2308 1358
2309 1356
2310 1358
2311 1354
2312 1357
2313 1357
2314 1356
2315 1354
2316 1352
2317 1357
2318 1357
2319 1356
2320 1356
2321 1357
2322 1355
2323 1354
2324 1357
2325 1354
2326 1359
2327 1358
2328 1356
2329 1357
2330 1356
2331 1356
2332 1355
2333 1351
2334 1356
2335 1356
2336 1358
2337 1357
2338 1356
2339 1357
2340 1355
2341 1358
2342 1355
2343 1357
2344 1359
2345 1357
2346 1356
2347 1356
2348 1356
2349 1356
2350 1357
2351 1357
2352 1357
2353 1356
2354 1353
2355 1356
2356 1353
2357 1358
2358 1357
2359 1356
2360 1356
2361 1360
2362 1354
2363 1357
2364 1355
2365 1359
2366 1357
2367 1357
2368 1356
2369 1356
2370 1356
2371 1356
2372 1355
2373 1357
2374 1358
2375 1358
2376 1356
2377 1356
2378 1353
2379 1357
2380 1358
2381 1361
2382 1357
2383 1356
2384 1353
2385 1355
2386 1355
2387 1356
2388 1355
2389 1356
2390 1356
2391 1357
2392 1356
2393 1357
2394 1355
2395 1359
2396 1359
2397 1357
2398 1358
2399 1355
2400 1356
2401 1358
2402 1355
2403 1356
2404 1354
2405 1357
2406 1356
2407 1357
2408 1356
2409 1357
2410 1355
2411 1355
2412 1355
2413 1354
2414 1354
2415 1355
2416 1356
2417 1357
2418 1358
2419 1355
2420 1355
2421 1355
2422 1356
2423 1356
2424 1355
2425 1357
2426 1357
2427 1356
2428 1354
2429 1355
2430 1358
2431 1357
2432 1357
2433 1358
2434 1357
2435 1361
2436 1355
2437 1356
2438 1358
2439 1353
2440 1356
2441 1355
2442 1355
2443 1357
2444 1359
2445 1355
2446 1357
2447 1357
2448 1356
2449 1356
2450 1356
2451 1354
2452 1355
2453 1358
2454 1356
2455 1353
2456 1355
2457 1355
2458 1356
2459 1355
2460 1355
2461 1355
2462 1356
2463 1354
2464 1357
2465 1357
2466 1354
2467 1355
2468 1357
2469 1356
2470 1357
2471 1354
2472 1356
2473 1356
2474 1355
2475 1357
2476 1357
2477 1358
2478 1357
2479 1357
2480 1355
2481 1357
2482 1355
2483 1356
2484 1358
2485 1355
2486 1356
2487 1354
2488 1354
2489 1356
2490 1355
2491 1355
2492 1355
2493 1356
2494 1355
2495 1359
2496 1359
2497 1357
2498 1356
2499 1358
2500 1355
2501 1356
2502 1355
2503 1356
2504 1354
2505 1355
2506 1357
2507 1356
2508 1358
2509 1356
2510 1358
2511 1357
2512 1358
2513 1357
2514 1357
2515 1356
2516 1358
2517 1358
2518 1356
2519 1356
2520 1354
2521 1355
2522 1355
2523 1356
2524 1360
2525 1359
2526 1356
2527 1356
2528 1356
2529 1357
2530 1355
2531 1355
2532 1357
2533 1357
2534 1354
2535 1356
2536 1356
2537 1355
2538 1355
2539 1354
2540 1356
2541 1355
2542 1356
2543 1359
2544 1356
2545 1356
2546 1354
2547 1357
2548 1356
2549 1356
2550 1359
2551 1356
2552 1357
2553 1356
2554 1356
2555 1356
2556 1357
2557 1356
2558 1356
2559 1356
2560 1353
2561 1354
2562 1356
2563 1357
2564 1356
2565 1358
2566 1357
2567 1354
2568 1356
2569 1360
2570 1357
2571 1356
2572 1356
2573 1356
2574 1356
2575 1358
2576 1358
2577 1359
2578 1358
2579 1358
2580 1359
2581 1356
2582 1356
2583 1361
2584 1359
2585 1357
2586 1356
2587 1352
2588 1356
2589 1354
2590 1356
2591 1356
2592 1355
2593 1353
2594 1356
2595 1358
2596 1358
2597 1355
2598 1356
2599 1356
2600 1358
2601 1355
2602 1357
2603 1354
2604 1357
2605 1355
2606 1359
2607 1358
2608 1356
2609 1357
2610 1357
2611 1357
2612 1360
2613 1357
2614 1357
2615 1354
2616 1357
2617 1355
2618 1355
2619 1355
2620 1355
2621 1357
2622 1356
2623 1357
2624 1356
2625 1357
2626 1356
2627 1357
2628 1357
2629 1358
2630 1355
2631 1356
2632 1356
2633 1357
2634 1356
2635 1356
2636 1356
2637 1356
2638 1356
2639 1353
2640 1357
2641 1356
2642 1358
2643 1355
2644 1356
2645 1358
2646 1356
2647 1358
2648 1359
2649 1356
2650 1358
2651 1356
2652 1358
2653 1353
2654 1358
2655 1358
2656 1358
2657 1354
2658 1358
2659 1357
2660 1358
2661 1356
2662 1354
2663 1357
2664 1356
2665 1356
2666 1357
2667 1357
2668 1356
2669 1356
2670 1355
2671 1355
2672 1355
2673 1358
2674 1357
2675 1355
2676 1356
2677 1355
2678 1359
2679 1353
2680 1352
2681 1353
2682 1354
2683 1353
2684 1356
2685 1358
2686 1356
2687 1356
2688 1357
2689 1359
2690 1356
2691 1357
2692 1356
2693 1356
2694 1355
2695 1356
2696 1354
2697 1357
2698 1357
2699 1356
2700 1355
2701 1357
2702 1359
2703 1355
2704 1357
2705 1355
2706 1357
2707 1355
2708 1354
2709 1355
2710 1356
2711 1358
2712 1356
2713 1353
2714 1355
2715 1355
2716 1357
2717 1357
2718 1357
2719 1353
2720 1357
2721 1357
2722 1356
2723 1356
2724 1356
2725 1356
2726 1357
2727 1360
2728 1357
2729 1354
2730 1354
2731 1356
2732 1354
2733 1355
2734 1353
2735 1354
2736 1357
2737 1357
2738 1357
2739 1357
2740 1356
2741 1354
2742 1356
2743 1354
2744 1354
2745 1354
2746 1354
2747 1354
2748 1355
2749 1354
2750 1353
2751 1355
2752 1357
2753 1353
2754 1357
2755 1360
2756 1358
2757 1356
2758 1358
2759 1354
2760 1356
2761 1357
2762 1354
2763 1355
2764 1355
2765 1355
2766 1354
2767 1356
2768 1354
2769 1356
2770 1355
2771 1358
2772 1353
2773 1359
2774 1357
2775 1356
2776 1356
2777 1355
2778 1357
2779 1355
2780 1357
2781 1354
2782 1356
2783 1355
2784 1357
2785 1357
2786 1356
2787 1358
2788 1356
2789 1357
2790 1355
2791 1354
2792 1357
2793 1357
2794 1357
2795 1356
2796 1357
2797 1354
2798 1356
2799 1357
2800 1360
2801 1356
2802 1358
2803 1356
2804 1356
2805 1357
2806 1357
2807 1355
2808 1356
2809 1354
2810 1356
2811 1359
2812 1359
2813 1356
2814 1359
2815 1359
2816 1359
2817 1358
2818 1358
2819 1358
2820 1358
2821 1360
2822 1358
2823 1359
2824 1357
2825 1358
2826 1357
2827 1357
2828 1358
2829 1357
2830 1357
2831 1355
2832 1355
2833 1358
2834 1355
2835 1357
2836 1358
2837 1358
2838 1354
2839 1354
2840 1354
2841 1357
2842 1355
2843 1356
2844 1354
2845 1358
2846 1357
2847 1355
2848 1358
2849 1357
2850 1358
2851 1357
2852 1356
2853 1358
2854 1356
2855 1356
2856 1357
2857 1357
2858 1359
2859 1357
2860 1357
2861 1356
2862 1358
2863 1358
2864 1357
2865 1357
2866 1355
2867 1355
2868 1355
2869 1357
2870 1354
2871 1354
2872 1356
2873 1357
2874 1358
2875 1359
2876 1358
2877 1356
2878 1356
2879 1358
2880 1356
2881 1356
2882 1356
2883 1355
2884 1356
2885 1355
2886 1357
2887 1357
2888 1357
2889 1357
2890 1354
2891 1355
2892 1357
2893 1354
2894 1353
2895 1354
2896 1356
2897 1356
2898 1356
2899 1357
2900 1354
2901 1357
2902 1354
2903 1354
2904 1357
2905 1357
2906 1357
2907 1357
2908 1359
2909 1358
2910 1356
2911 1359
2912 1357
2913 1359
2914 1357
2915 1356
2916 1356
2917 1355
2918 1358
2919 1354
2920 1357
2921 1354
2922 1356
2923 1357
2924 1357
2925 1357
2926 1356
2927 1356
2928 1357
2929 1357
2930 1355
2931 1355
2932 1357
2933 1358
2934 1356
2935 1358
2936 1356
2937 1360
2938 1359
2939 1357
2940 1355
2941 1355
2942 1358
2943 1357
2944 1356
2945 1359
2946 1358
2947 1356
2948 1354
2949 1357
2950 1357
2951 1357
2952 1356
2953 1358
2954 1356
2955 1356
2956 1356
2957 1358
2958 1358
2959 1357
2960 1355
2961 1355
2962 1354
2963 1356
2964 1357
2965 1356
2966 1357
2967 1357
2968 1359
2969 1357
2970 1358
2971 1357
2972 1355
2973 1353
2974 1357
2975 1357
2976 1358
2977 1356
2978 1354
2979 1355
2980 1358
2981 1356
2982 1356
2983 1356
2984 1354
2985 1353
2986 1359
2987 1357
2988 1356
2989 1357
2990 1358
2991 1356
2992 1357
2993 1355
2994 1356
2995 1357
2996 1358
2997 1357
2998 1356
2999 1354
3000 1358
3001 1357
3002 1358
3003 1354
3004 1357
3005 1357
3006 1357
3007 1357
3008 1354
3009 1355
3010 1356
3011 1356
3012 1355
3013 1357
3014 1353
3015 1354
3016 1356
3017 1354
3018 1357
3019 1356
3020 1359
3021 1356
3022 1356
3023 1356
3024 1356
3025 1357
3026 1356
3027 1357
3028 1356
3029 1354
3030 1356
3031 1357
3032 1357
3033 1357
3034 1356
3035 1360
3036 1358
3037 1355
3038 1356
3039 1357
3040 1359
3041 1357
3042 1358
3043 1357
3044 1354
3045 1353
3046 1356
3047 1355
3048 1357
3049 1355
3050 1355
3051 1354
3052 1356
3053 1357
3054 1355
3055 1356
3056 1356
3057 1357
3058 1360
3059 1358
3060 1355
3061 1359
3062 1357
3063 1352
3064 1357
3065 1358
3066 1358
3067 1356
3068 1354
3069 1355
3070 1357
3071 1355
3072 1359
3073 1355
3074 1357
3075 1356
3076 1356
3077 1353
3078 1356
3079 1355
3080 1356
3081 1357
3082 1356
3083 1355
3084 1356
3085 1355
3086 1354
3087 1355
3088 1352
3089 1357
3090 1356
3091 1359
3092 1356
3093 1354
3094 1358
3095 1358
3096 1356
3097 1358
3098 1358
3099 1357
3100 1355
3101 1357
3102 1356
3103 1359
3104 1357
3105 1354
3106 1355
3107 1355
3108 1356
3109 1357
3110 1355
3111 1357
3112 1356
3113 1355
3114 1355
3115 1355
3116 1356
3117 1360
3118 1357
3119 1357
3120 1356
3121 1356
3122 1356
3123 1357
3124 1357
3125 1354
3126 1358
3127 1358
3128 1358
3129 1356
3130 1357
3131 1357
3132 1358
3133 1355
3134 1357
3135 1357
3136 1357
3137 1357
3138 1356
3139 1356
3140 1356
3141 1355
3142 1355
3143 1357
3144 1353
3145 1357
3146 1356
3147 1355
3148 1354
3149 1353
3150 1357
3151 1357
3152 1356
3153 1355
3154 1355
3155 1357
3156 1358
3157 1356
3158 1356
3159 1357
3160 1355
3161 1357
3162 1355
3163 1357
3164 1355
3165 1358
3166 1354
3167 1356
3168 1358
3169 1357
3170 1357
3171 1354
3172 1357
3173 1354
3174 1353
3175 1356
3176 1357
3177 1358
3178 1353
3179 1356
3180 1355
3181 1353
3182 1357
3183 1354
3184 1354
3185 1357
3186 1357
3187 1354
3188 1356
3189 1355
3190 1355
3191 1360
3192 1355
3193 1355
3194 1356
3195 1360
3196 1357
3197 1355
3198 1357
3199 1355
3200 1355
3201 1357
3202 1356
3203 1355
3204 1355
3205 1356
3206 1355
3207 1355
3208 1356
3209 1358
3210 1358
3211 1356
3212 1357
3213 1357
3214 1356
3215 1356
3216 1359
3217 1356
3218 1354
3219 1357
3220 1359
3221 1356
3222 1354
3223 1355
3224 1355
3225 1355
3226 1356
3227 1353
3228 1358
3229 1357
3230 1357
3231 1355
3232 1357
3233 1359
3234 1354
3235 1354
3236 1353
3237 1355
3238 1355
3239 1355
3240 1356
3241 1357
3242 1356
3243 1356
3244 1355
3245 1357
3246 1356
3247 1356
3248 1355
3249 1355
3250 1356
3251 1357
3252 1356
3253 1355
3254 1356
3255 1360
3256 1356
3257 1355
3258 1354
3259 1355
3260 1355
3261 1356
3262 1354
3263 1356
3264 1355
3265 1355
3266 1356
3267 1355
3268 1357
3269 1357
3270 1356
3271 1357
3272 1356
3273 1356
3274 1355
3275 1355
3276 1356
3277 1357
3278 1357
3279 1357
3280 1356
3281 1360
3282 1356
3283 1356
3284 1355
3285 1358
3286 1356
3287 1357
3288 1355
3289 1358
3290 1356
3291 1356
3292 1356
3293 1355
3294 1356
3295 1356
3296 1355
3297 1355
3298 1355
3299 1358
3300 1353
3301 1357
3302 1356
3303 1356
3304 1356
3305 1357
3306 1357
3307 1357
3308 1355
3309 1356
3310 1355
3311 1356
3312 1355
3313 1357
3314 1355
3315 1356
3316 1357
3317 1358
3318 1359
3319 1357
3320 1356
3321 1356
3322 1356
3323 1357
3324 1354
3325 1358
3326 1356
3327 1356
3328 1356
3329 1354
3330 1359
3331 1356
3332 1357
3333 1356
3334 1355
3335 1356
3336 1355
3337 1357
3338 1356
3339 1356
3340 1357
3341 1354
3342 1356
3343 1361
3344 1357
3345 1358
3346 1354
3347 1356
3348 1354
3349 1357
3350 1358
3351 1356
3352 1355
3353 1355
3354 1354
3355 1358
3356 1357
3357 1357
3358 1355
3359 1357
3360 1356
3361 1356
3362 1356
3363 1357
3364 1357
3365 1356
3366 1356
3367 1357
3368 1356
3369 1358
3370 1357
3371 1356
3372 1355
3373 1357
3374 1354
3375 1357
3376 1352
3377 1355
3378 1355
3379 1356
3380 1356
3381 1356
3382 1354
3383 1353
3384 1355
3385 1356
3386 1356
3387 1357
3388 1355
3389 1357
3390 1356
3391 1357
3392 1357
3393 1357
3394 1357
3395 1355
3396 1354
3397 1357
3398 1358
3399 1356
3400 1358
3401 1357
3402 1354
3403 1355
3404 1357
3405 1355
3406 1358
3407 1355
3408 1358
3409 1357
3410 1357
3411 1359
3412 1356
3413 1354
3414 1353
3415 1359
3416 1358
3417 1358
3418 1357
3419 1357
3420 1351
3421 1357
3422 1356
3423 1356
3424 1356
3425 1355
3426 1356
3427 1355
3428 1354
3429 1353
3430 1356
3431 1355
3432 1355
3433 1357
3434 1355
3435 1357
3436 1357
3437 1357
3438 1358
3439 1357
3440 1356
3441 1354
3442 1352
3443 1353
3444 1357
3445 1357
3446 1354
3447 1354
3448 1354
3449 1355
3450 1356
3451 1356
3452 1358
3453 1357
3454 1355
3455 1358
3456 1356
3457 1357
3458 1355
3459 1356
3460 1356
3461 1359
3462 1358
3463 1357
3464 1354
3465 1358
3466 1355
3467 1355
3468 1357
3469 1357
3470 1357
3471 1355
3472 1355
3473 1352
3474 1354
3475 1357
3476 1356
3477 1355
3478 1352
3479 1355
3480 1355
3481 1356
3482 1357
3483 1355
3484 1357
3485 1356
3486 1355
3487 1357
3488 1356
3489 1358
3490 1357
3491 1359
3492 1357
3493 1356
3494 1355
3495 1356
3496 1357
3497 1358
3498 1356
3499 1358
3500 1357
3501 1357
3502 1355
3503 1356
3504 1353
3505 1356
3506 1356
3507 1357
3508 1358
3509 1358
3510 1356
3511 1356
3512 1357
3513 1357
3514 1356
3515 1357
3516 1356
3517 1357
3518 1356
3519 1355
3520 1354
3521 1357
3522 1355
3523 1358
3524 1356
3525 1357
3526 1355
3527 1357
3528 1358
3529 1359
3530 1354
3531 1356
3532 1357
3533 1358
3534 1357
3535 1357
3536 1356
3537 1357
3538 1356
3539 1355
3540 1357
3541 1356
3542 1356
3543 1354
3544 1357
3545 1359
3546 1357
3547 1356
3548 1356
3549 1359
3550 1354
3551 1358
3552 1356
3553 1356
3554 1355
3555 1356
3556 1356
3557 1358
3558 1356
3559 1356
3560 1357
3561 1355
3562 1356
3563 1357
3564 1350
3565 1356
3566 1354
3567 1357
3568 1356
3569 1353
3570 1353
3571 1355
3572 1356
3573 1357
3574 1358
3575 1361
3576 1359
3577 1356
3578 1357
3579 1355
3580 1355
3581 1360
3582 1359
3583 1358
3584 1355
3585 1354
3586 1358
3587 1355
3588 1358
3589 1358
3590 1357
3591 1357
3592 1356
3593 1357
3594 1357
3595 1355
3596 1357
3597 1354
3598 1355
3599 1355
3600 1356
3601 1358
3602 1353
3603 1357
3604 1355
3605 1357
3606 1356
3607 1356
3608 1357
3609 1357
3610 1356
3611 1356
3612 1353
3613 1358
3614 1356
3615 1357
3616 1355
3617 1358
3618 1357
3619 1359
3620 1355
3621 1355
3622 1356
3623 1357
3624 1359
3625 1357
3626 1356
3627 1357
3628 1353
3629 1357
3630 1356
3631 1357
3632 1356
3633 1355
3634 1358
3635 1355
3636 1357
3637 1359
3638 1356
3639 1354
3640 1355
3641 1357
3642 1358
3643 1363
3644 1357
3645 1354
3646 1356
3647 1357
3648 1358
3649 1360
3650 1359
3651 1358
3652 1355
3653 1356
3654 1355
3655 1357
3656 1356
3657 1354
3658 1355
3659 1356
3660 1356
3661 1355
3662 1357
3663 1353
3664 1357
3665 1360
3666 1357
3667 1357
3668 1357
3669 1357
3670 1356
3671 1357
3672 1355
3673 1357
3674 1357
3675 1358
3676 1358
3677 1357
3678 1357
3679 1356
3680 1355
3681 1357
3682 1357
3683 1356
3684 1357
3685 1356
3686 1359
3687 1355
3688 1357
3689 1353
3690 1357
3691 1356
3692 1356
3693 1356
3694 1354
3695 1356
3696 1357
3697 1357
3698 1357
3699 1356
3700 1357
3701 1357
3702 1359
3703 1359
3704 1356
3705 1358
3706 1354
3707 1356
3708 1356
3709 1357
3710 1355
3711 1356
3712 1354
3713 1355
3714 1355
3715 1355
3716 1356
3717 1356
3718 1357
3719 1353
3720 1355
3721 1356
3722 1355
3723 1356
3724 1356
3725 1355
3726 1354
3727 1353
3728 1356
3729 1354
3730 1354
3731 1355
3732 1357
3733 1357
3734 1355
3735 1356
3736 1356
3737 1357
3738 1357
3739 1359
3740 1356
3741 1357
3742 1353
3743 1356
3744 1356
3745 1356
3746 1355
3747 1356
3748 1357
3749 1357
3750 1361
3751 1357
3752 1356
3753 1357
3754 1356
3755 1357
3756 1356
3757 1357
3758 1355
3759 1355
3760 1355
3761 1357
3762 1356
3763 1355
3764 1357
3765 1355
3766 1359
3767 1357
3768 1356
3769 1356
3770 1354
3771 1356
3772 1358
3773 1357
3774 1356
3775 1355
3776 1354
3777 1356
3778 1354
3779 1354
3780 1354
3781 1356
3782 1356
3783 1356
3784 1356
3785 1358
3786 1356
3787 1354
3788 1356
3789 1356
3790 1356
3791 1357
3792 1356
3793 1352
3794 1356
3795 1358
3796 1357
3797 1355
3798 1356
3799 1356
3800 1358
3801 1357
3802 1356
3803 1355
3804 1356
3805 1357
3806 1356
3807 1355
3808 1356
3809 1356
3810 1356
3811 1357
3812 1356
3813 1356
3814 1356
3815 1356
3816 1357
3817 1358
3818 1354
3819 1353
3820 1353
3821 1355
3822 1353
3823 1356
3824 1357
3825 1357
3826 1359
3827 1354
3828 1357
3829 1358
3830 1356
3831 1357
3832 1356
3833 1351
3834 1357
3835 1355
3836 1357
3837 1355
3838 1355
3839 1356
3840 1355
3841 1354
3842 1354
3843 1355
3844 1355
3845 1355
3846 1352
3847 1357
3848 1353
3849 1357
3850 1357
3851 1355
3852 1354
3853 1354
3854 1353
3855 1358
3856 1356
3857 1354
3858 1355
3859 1356
3860 1355
3861 1354
3862 1356
3863 1354
3864 1356
3865 1357
3866 1356
3867 1355
3868 1355
3869 1355
3870 1356
3871 1354
3872 1357
3873 1356
3874 1356
3875 1354
3876 1352
3877 1356
3878 1355
3879 1355
3880 1356
3881 1356
3882 1357
3883 1357
3884 1357
3885 1357
3886 1356
3887 1356
3888 1358
3889 1357
3890 1354
3891 1355
3892 1356
3893 1357
3894 1355
3895 1357
3896 1357
3897 1355
3898 1354
3899 1351
3900 1354
3901 1356
3902 1354
3903 1351
3904 1355
3905 1355
3906 1354
3907 1354
3908 1354
3909 1353
3910 1356
3911 1357
3912 1357
3913 1352
3914 1355
3915 1353
3916 1353
3917 1353
3918 1354
3919 1358
3920 1356
3921 1356
3922 1352
3923 1354
3924 1356
3925 1357
3926 1356
3927 1358
3928 1355
3929 1357
3930 1354
3931 1354
3932 1355
3933 1357
3934 1354
3935 1354
3936 1357
3937 1354
3938 1354
3939 1354
3940 1357
3941 1355
3942 1357
3943 1355
3944 1354
3945 1357
3946 1353
3947 1356
3948 1357
3949 1355
3950 1357
3951 1356
3952 1354
3953 1356
3954 1357
3955 1357
3956 1357
3957 1353
3958 1357
3959 1355
3960 1355
3961 1353
3962 1356
3963 1357
3964 1358
3965 1355
3966 1353
3967 1357
3968 1356
3969 1357
3970 1357
3971 1357
3972 1357
3973 1356
3974 1358
3975 1353
3976 1355
3977 1354
3978 1356
3979 1356
3980 1359
3981 1357
3982 1355
3983 1356
3984 1354
3985 1357
3986 1356
3987 1358
3988 1358
3989 1356
3990 1356
3991 1355
3992 1356
3993 1357
3994 1358
3995 1357
3996 1353
3997 1357
3998 1355
3999 1359
