0 1356
1 1356
2 1355
3 1357
4 1356
5 1354
6 1358
7 1357
8 1358
9 1357
10 1357
11 1356
12 1355
13 1356
14 1356
15 1358
16 1356
17 1356
18 1356
19 1354
20 1356
21 1354
22 1355
23 1354
24 1357
25 1355
26 1356
27 1358
28 1357
29 1356
30 1356
31 1357
32 1358
33 1356
34 1358
35 1356
36 1356
37 1354
38 1353
39 1354
40 1358
41 1357
42 1358
43 1356
44 1357
45 1357
46 1355
47 1356
48 1353
49 1354
50 1356
51 1357
52 1356
53 1356
54 1354
55 1355
56 1358
57 1357
58 1358
59 1355
60 1356
61 1357
62 1357
63 1357
64 1357
65 1356
66 1357
67 1354
68 1357
69 1357
70 1356
71 1357
72 1356
73 1354
74 1355
75 1355
76 1355
77 1355
78 1357
79 1355
80 1354
81 1355
82 1356
83 1359
84 1356
85 1357
86 1357
87 1358
88 1358
89 1357
90 1358
91 1355
92 1358
93 1354
94 1354
95 1355
96 1356
97 1356
98 1356
99 1356
100 1359
101 1357
102 1357
103 1357
104 1357
105 1354
106 1355
107 1356
108 1356
109 1357
110 1358
111 1357
112 1356
113 1357
114 1358
115 1358
116 1355
117 1354
118 1355
119 1357
120 1356
121 1355
122 1356
123 1359
124 1356
125 1357
126 1356
127 1356
128 1357
129 1357
130 1357
131 1356
132 1355
133 1354
134 1354
135 1357
136 1355
137 1353
138 1358
139 1354
140 1356
141 1355
142 1357
143 1352
144 1357
145 1355
146 1356
147 1354
148 1357
149 1356
150 1357
151 1355
152 1357
153 1357
154 1357
155 1355
156 1357
157 1357
158 1358
159 1356
160 1356
161 1357
162 1356
163 1358
164 1354
165 1355
166 1355
167 1356
168 1357
169 1353
170 1357
171 1357
172 1356
173 1356
174 1356
175 1357
176 1358
177 1356
178 1356
179 1357
180 1356
181 1357
182 1357
183 1357
184 1358
185 1358
186 1358
187 1356
188 1355
189 1358
190 1357
191 1356
192 1356
193 1354
194 1357
195 1357
196 1357
197 1355
198 1355
199 1353
200 1354
201 1354
202 1355
203 1357
204 1357
205 1358
206 1357
207 1356
208 1358
209 1358
210 1357
211 1357
212 1358
213 1356
214 1356
215 1356
216 1356
217 1357
218 1358
219 1354
220 1355
221 1356
222 1356
223 1352
224 1356
225 1355
226 1354
227 1355
228 1355
229 1353
230 1355
231 1356
232 1355
233 1354
234 1357
235 1354
236 1360
237 1356
238 1355
239 1354
240 1356
241 1356
242 1358
243 1356
244 1354
245 1358
246 1358
247 1352
248 1356
249 1355
250 1357
251 1353
252 1356
253 1356
254 1354
255 1353
256 1353
257 1356
258 1358
259 1355
260 1354
261 1353
262 1356
263 1352
264 1355
265 1357
266 1357
267 1356
268 1355
269 1354
270 1355
271 1354
272 1356
273 1355
274 1354
275 1356
276 1356
277 1357
278 1354
279 1355
280 1355
281 1358
282 1355
283 1355
284 1356
285 1355
286 1358
287 1354
288 1355
289 1356
290 1355
291 1356
292 1356
293 1360
294 1358
295 1354
296 1356
297 1357
298 1355
299 1354
300 1354
301 1355
302 1356
303 1357
304 1357
305 1359
306 1358
307 1355
308 1355
309 1357
310 1357
311 1356
312 1356
313 1353
314 1355
315 1356
316 1357
317 1354
318 1356
319 1356
320 1356
321 1355
322 1356
323 1358
324 1354
325 1355
326 1356
327 1354
328 1354
329 1355
330 1356
331 1356
332 1358
333 1358
334 1360
335 1357
336 1356
337 1356
338 1356
339 1356
340 1357
341 1357
342 1357
343 1355
344 1350
345 1355
346 1353
347 1355
348 1356
349 1356
350 1357
351 1356
352 1354
353 1355
354 1356
355 1355
356 1354
357 1355
358 1356
359 1355
360 1355
361 1355
362 1356
363 1360
364 1356
365 1357
366 1356
367 1356
368 1353
369 1355
370 1356
371 1357
372 1355
373 1356
374 1356
375 1356
376 1358
377 1359
378 1354
379 1358
380 1356
381 1357
382 1355
383 1353
384 1351
385 1355
386 1356
387 1352
388 1356
389 1357
390 1356
391 1355
392 1354
393 1355
394 1356
395 1356
396 1354
397 1355
398 1354
399 1355
400 1357
401 1357
402 1357
403 1357
404 1352
405 1356
406 1354
407 1355
408 1355
409 1357
410 1356
411 1357
412 1356
413 1354
414 1358
415 1356
416 1355
417 1355
418 1356
419 1357
420 1356
421 1355
422 1355
423 1356
424 1355
425 1357
426 1354
427 1358
428 1354
429 1356
430 1356
431 1355
432 1356
433 1357
434 1354
435 1357
436 1354
437 1357
438 1354
439 1356
440 1354
441 1354
442 1355
443 1358
444 1351
445 1356
446 1355
447 1356
448 1353
449 1357
450 1356
451 1357
452 1356
453 1356
454 1354
455 1356
456 1355
457 1356
458 1356
459 1356
460 1356
461 1357
462 1354
463 1359
464 1356
465 1357
466 1356
467 1357
468 1354
469 1356
470 1356
471 1354
472 1354
473 1353
474 1354
475 1357
476 1357
477 1354
478 1352
479 1357
480 1358
481 1357
482 1355
483 1354
484 1356
485 1358
486 1355
487 1357
488 1355
489 1354
490 1354
491 1354
492 1356
493 1356
494 1356
495 1356
496 1353
497 1356
498 1354
499 1353
500 1353
501 1357
502 1356
503 1355
504 1355
505 1356
506 1354
507 1357
508 1356
509 1356
510 1353
511 1357
512 1355
513 1356
514 1355
515 1357
516 1355
517 1356
518 1354
519 1359
520 1355
521 1357
522 1356
523 1356
524 1356
525 1357
526 1354
527 1358
528 1355
529 1358
530 1355
531 1356
532 1356
533 1356
534 1356
535 1356
536 1359
537 1362
538 1366
539 1373
540 1387
541 1408
542 1435
543 1471
544 1517
545 1573
546 1630
547 1696
548 1762
549 1831
550 1897
551 1960
552 2019
553 2071
554 2117
555 2157
556 2192
557 2216
558 2239
559 2253
560 2262
561 2263
562 2262
563 2253
564 2241
565 2224
566 2208
567 2183
568 2158
569 2126
570 2095
571 2067
572 2036
573 2004
574 1977
575 1949
576 1923
577 1891
578 1863
579 1830
580 1804
581 1779
582 1756
583 1733
584 1709
585 1688
586 1669
587 1651
588 1633
589 1615
590 1599
591 1581
592 1567
593 1551
594 1539
595 1529
596 1517
597 1509
598 1499
599 1490
600 1476
601 1467
602 1462
603 1454
604 1448
605 1440
606 1438
607 1429
608 1422
609 1421
610 1412
611 1413
612 1408
613 1404
614 1401
615 1398
616 1394
617 1392
618 1388
619 1390
620 1384
621 1383
622 1380
623 1381
624 1377
625 1375
626 1376
627 1372
628 1368
629 1370
630 1369
631 1367
632 1365
633 1366
634 1364
635 1367
636 1365
637 1365
638 1364
639 1362
640 1363
641 1365
642 1361
643 1360
644 1361
645 1363
646 1361
647 1363
648 1363
649 1360
650 1359
651 1363
652 1361
653 1361
654 1361
655 1361
656 1360
657 1361
658 1357
659 1362
660 1355
661 1360
662 1359
663 1360
664 1357
665 1361
666 1361
667 1359
668 1356
669 1358
670 1359
671 1358
672 1356
673 1357
674 1358
675 1359
676 1357
677 1361
678 1359
679 1358
680 1357
681 1356
682 1355
683 1357
684 1356
685 1358
686 1357
687 1355
688 1355
689 1357
690 1356
691 1357
692 1353
693 1358
694 1356
695 1357
696 1356
697 1355
698 1356
699 1355
700 1357
701 1357
702 1358
703 1355
704 1356
705 1356
706 1357
707 1357
708 1357
709 1356
710 1355
711 1356
712 1357
713 1357
714 1356
715 1357
716 1356
717 1356
718 1353
719 1354
720 1356
721 1357
722 1355
723 1357
724 1356
725 1355
726 1357
727 1357
728 1359
729 1356
730 1358
731 1356
732 1358
733 1358
734 1355
735 1356
736 1358
737 1354
738 1359
739 1354
740 1357
741 1355
742 1357
743 1359
744 1356
745 1354
746 1358
747 1357
748 1353
749 1357
750 1356
751 1357
752 1354
753 1357
754 1357
755 1357
756 1358
757 1357
758 1355
759 1356
760 1355
761 1358
762 1358
763 1356
764 1356
765 1359
766 1358
767 1354
768 1357
769 1354
770 1356
771 1358
772 1358
773 1356
774 1354
775 1356
776 1358
777 1356
778 1356
779 1357
780 1357
781 1355
782 1357
783 1355
784 1359
785 1355
786 1357
787 1358
788 1357
789 1355
790 1356
791 1354
792 1357
793 1356
794 1357
795 1354
796 1357
797 1354
798 1357
799 1357
800 1357
801 1355
802 1355
803 1356
804 1358
805 1355
806 1354
807 1354
808 1356
809 1355
810 1356
811 1356
812 1356
813 1352
814 1356
815 1355
816 1355
817 1358
818 1355
819 1359
820 1355
821 1356
822 1357
823 1354
824 1356
825 1357
826 1357
827 1356
828 1354
829 1355
830 1357
831 1355
832 1354
833 1355
834 1353
835 1356
836 1356
837 1358
838 1356
839 1357
840 1355
841 1353
842 1356
843 1358
844 1355
845 1356
846 1356
847 1356
848 1361
849 1358
850 1356
851 1358
852 1356
853 1356
854 1358
855 1356
856 1357
857 1355
858 1356
859 1358
860 1358
861 1357
862 1357
863 1356
864 1356
865 1357
866 1356
867 1355
868 1354
869 1355
870 1357
871 1355
872 1357
873 1352
874 1357
875 1357
876 1356
877 1358
878 1356
879 1358
880 1357
881 1356
882 1357
883 1355
884 1356
885 1356
886 1361
887 1356
888 1359
889 1356
890 1357
891 1357
892 1358
893 1356
894 1359
895 1357
896 1356
897 1356
898 1357
899 1356
900 1356
901 1356
902 1357
903 1357
904 1360
905 1355
906 1357
907 1354
908 1355
909 1357
910 1358
911 1356
912 1356
913 1357
914 1356
915 1356
916 1355
917 1357
918 1356
919 1356
920 1358
921 1354
922 1357
923 1355
924 1354
925 1356
926 1355
927 1357
928 1355
929 1355
930 1354
931 1355
932 1356
933 1357
934 1355
935 1356
936 1357
937 1357
938 1354
939 1357
940 1357
941 1354
942 1356
943 1357
944 1358
945 1358
946 1360
947 1359
948 1356
949 1356
950 1357
951 1356
952 1356
953 1355
954 1356
955 1357
956 1357
957 1353
958 1357
959 1356
960 1357
961 1357
962 1354
963 1355
964 1357
965 1356
966 1356
967 1357
968 1357
969 1355
970 1356
971 1355
972 1357
973 1357
974 1358
975 1356
976 1356
977 1357
978 1356
979 1355
980 1357
981 1356
982 1358
983 1360
984 1359
985 1355
986 1354
987 1354
988 1357
989 1356
990 1357
991 1354
992 1356
993 1354
994 1354
995 1357
996 1356
997 1356
998 1354
999 1355
1000 1358
1001 1352
1002 1358
1003 1355
1004 1352
1005 1354
1006 1355
1007 1355
1008 1355
1009 1355
1010 1356
1011 1354
1012 1356
1013 1353
1014 1357
1015 1356
1016 1354
1017 1356
1018 1355
1019 1355
1020 1355
1021 1354
1022 1356
1023 1354
1024 1356
1025 1356
1026 1356
1027 1353
1028 1354
1029 1355
1030 1357
1031 1355
1032 1350
1033 1355
1034 1357
1035 1359
1036 1355
1037 1356
1038 1356
1039 1356
1040 1357
1041 1354
1042 1357
1043 1357
1044 1357
1045 1355
1046 1354
1047 1356
1048 1357
1049 1357
1050 1355
1051 1355
1052 1357
1053 1356
1054 1352
1055 1357
1056 1355
1057 1356
1058 1356
1059 1357
1060 1356
1061 1357
1062 1354
1063 1356
1064 1353
1065 1354
1066 1356
1067 1357
1068 1355
1069 1355
1070 1357
1071 1357
1072 1355
1073 1355
1074 1356
1075 1357
1076 1356
1077 1356
1078 1356
1079 1356
1080 1357
1081 1355
1082 1354
1083 1354
1084 1353
1085 1354
1086 1355
1087 1355
1088 1353
1089 1355
1090 1357
1091 1355
1092 1356
1093 1357
1094 1356
1095 1356
1096 1358
1097 1356
1098 1356
1099 1355
1100 1354
1101 1356
1102 1357
1103 1357
1104 1355
1105 1359
1106 1357
1107 1357
1108 1356
1109 1355
1110 1354
1111 1355
1112 1356
1113 1354
1114 1352
1115 1350
1116 1355
1117 1361
1118 1358
1119 1353
1120 1353
1121 1355
1122 1357
1123 1356
1124 1357
1125 1353
1126 1357
1127 1356
1128 1355
1129 1353
1130 1356
1131 1355
1132 1359
1133 1358
1134 1356
1135 1355
1136 1354
1137 1357
1138 1359
1139 1358
1140 1351
1141 1351
1142 1355
1143 1357
1144 1356
1145 1355
1146 1356
1147 1357
1148 1356
1149 1356
1150 1354
1151 1357
1152 1358
1153 1354
1154 1357
1155 1355
1156 1357
1157 1356
1158 1354
1159 1357
1160 1355
1161 1354
1162 1355
1163 1354
1164 1356
1165 1355
1166 1356
1167 1355
1168 1354
1169 1354
1170 1356
1171 1358
1172 1356
1173 1357
1174 1356
1175 1356
1176 1357
1177 1356
1178 1356
1179 1357
1180 1354
1181 1353
1182 1355
1183 1355
1184 1354
1185 1356
1186 1357
1187 1355
1188 1356
1189 1357
1190 1354
1191 1354
1192 1354
1193 1354
1194 1355
1195 1354
1196 1356
1197 1355
1198 1358
1199 1356
1200 1358
1201 1357
1202 1356
1203 1356
1204 1356
1205 1358
1206 1356
1207 1357
1208 1352
1209 1354
1210 1354
1211 1356
1212 1355
1213 1354
1214 1354
1215 1355
1216 1355
1217 1357
1218 1355
1219 1357
1220 1356
1221 1356
1222 1354
1223 1355
1224 1357
1225 1358
1226 1358
1227 1355
1228 1357
1229 1357
1230 1356
1231 1357
1232 1356
1233 1353
1234 1354
1235 1357
1236 1356
1237 1354
1238 1355
1239 1355
1240 1355
1241 1356
1242 1355
1243 1357
1244 1356
1245 1357
1246 1356
1247 1355
1248 1356
1249 1355
1250 1356
1251 1356
1252 1359
1253 1356
1254 1354
1255 1356
1256 1357
1257 1357
1258 1356
1259 1357
1260 1354
1261 1355
1262 1355
1263 1353
1264 1356
1265 1354
1266 1356
1267 1359
1268 1357
1269 1357
1270 1356
1271 1354
1272 1355
1273 1355
1274 1359
1275 1357
1276 1353
1277 1355
1278 1355
1279 1359
1280 1354
1281 1356
1282 1354
1283 1356
1284 1356
1285 1356
1286 1356
1287 1354
1288 1356
1289 1353
1290 1356
1291 1356
1292 1355
1293 1355
1294 1354
1295 1355
1296 1358
1297 1361
1298 1355
1299 1354
1300 1355
1301 1356
1302 1354
1303 1355
1304 1356
1305 1354
1306 1356
1307 1353
1308 1353
1309 1355
1310 1356
1311 1355
1312 1357
1313 1357
1314 1356
1315 1356
1316 1356
1317 1360
1318 1356
1319 1357
1320 1353
1321 1358
1322 1360
1323 1357
1324 1355
1325 1353
1326 1355
1327 1355
1328 1351
1329 1356
1330 1354
1331 1355
1332 1355
1333 1358
1334 1353
1335 1359
1336 1357
1337 1353
1338 1356
1339 1357
1340 1355
1341 1356
1342 1354
1343 1357
1344 1355
1345 1355
1346 1355
1347 1352
1348 1353
1349 1357
1350 1355
1351 1355
1352 1355
1353 1357
1354 1356
1355 1354
1356 1355
1357 1357
1358 1355
1359 1358
1360 1355
1361 1354
1362 1354
1363 1356
1364 1356
1365 1354
1366 1357
1367 1358
1368 1356
1369 1356
1370 1356
1371 1353
1372 1355
1373 1356
1374 1356
1375 1356
1376 1357
1377 1357
1378 1357
1379 1356
1380 1356
1381 1355
1382 1353
1383 1354
1384 1354
1385 1356
1386 1355
1387 1358
1388 1358
1389 1355
1390 1354
1391 1352
1392 1354
1393 1353
1394 1354
1395 1356
1396 1356
1397 1355
1398 1356
1399 1354
1400 1355
1401 1357
1402 1354
1403 1357
1404 1355
1405 1356
1406 1355
1407 1355
1408 1353
1409 1356
1410 1357
1411 1356
1412 1357
1413 1357
1414 1354
1415 1357
1416 1356
1417 1357
1418 1354
1419 1356
1420 1356
1421 1354
1422 1356
1423 1356
1424 1354
1425 1357
1426 1352
1427 1356
1428 1355
1429 1355
1430 1353
1431 1357
1432 1356
1433 1357
1434 1355
1435 1356
1436 1356
1437 1358
1438 1358
1439 1354
1440 1356
1441 1355
1442 1354
1443 1356
1444 1356
1445 1355
1446 1351
1447 1354
1448 1354
1449 1356
1450 1354
1451 1355
1452 1353
1453 1355
1454 1356
1455 1356
1456 1357
1457 1357
1458 1356
1459 1357
1460 1356
1461 1357
1462 1357
1463 1357
1464 1355
1465 1357
1466 1355
1467 1355
1468 1356
1469 1356
1470 1356
1471 1354
1472 1356
1473 1355
1474 1352
1475 1351
1476 1355
1477 1360
1478 1357
1479 1356
1480 1355
1481 1357
1482 1356
1483 1355
1484 1354
1485 1352
1486 1354
1487 1354
1488 1356
1489 1356
1490 1358
1491 1356
1492 1356
1493 1356
1494 1357
1495 1355
1496 1357
1497 1357
1498 1359
1499 1354
1500 1355
1501 1356
1502 1357
1503 1357
1504 1356
1505 1355
1506 1356
1507 1355
1508 1357
1509 1351
1510 1358
1511 1355
1512 1356
1513 1355
1514 1354
1515 1356
1516 1355
1517 1355
1518 1355
1519 1357
1520 1354
1521 1354
1522 1355
1523 1357
1524 1354
1525 1354
1526 1356
1527 1360
1528 1356
1529 1355
1530 1355
1531 1358
1532 1355
1533 1353
1534 1357
1535 1357
1536 1358
1537 1359
1538 1356
1539 1358
1540 1355
1541 1356
1542 1354
1543 1355
1544 1355
1545 1357
1546 1356
1547 1356
1548 1356
1549 1357
1550 1353
1551 1356
1552 1356
1553 1357
1554 1356
1555 1358
1556 1354
1557 1356
1558 1356
1559 1358
1560 1356
1561 1358
1562 1356
1563 1357
1564 1356
1565 1356
1566 1356
1567 1355
1568 1355
1569 1356
1570 1356
1571 1355
1572 1355
1573 1356
1574 1353
1575 1357
1576 1354
1577 1355
1578 1355
1579 1356
1580 1352
1581 1354
1582 1354
1583 1355
1584 1357
1585 1357
1586 1358
1587 1357
1588 1354
1589 1357
1590 1356
1591 1357
1592 1356
1593 1357
1594 1354
1595 1357
1596 1353
1597 1355
1598 1356
1599 1356
1600 1354
1601 1357
1602 1356
1603 1357
1604 1355
1605 1357
1606 1355
1607 1358
1608 1356
1609 1355
1610 1354
1611 1356
1612 1355
1613 1357
1614 1355
1615 1356
1616 1357
1617 1357
1618 1358
1619 1354
1620 1357
1621 1356
1622 1357
1623 1356
1624 1357
1625 1353
1626 1355
1627 1356
1628 1356
1629 1357
1630 1357
1631 1357
1632 1357
1633 1356
1634 1356
1635 1356
1636 1359
1637 1357
1638 1356
1639 1357
1640 1353
1641 1354
1642 1354
1643 1356
1644 1356
1645 1357
1646 1356
1647 1357
1648 1356
1649 1357
1650 1356
1651 1357
1652 1357
1653 1353
1654 1354
1655 1355
1656 1358
1657 1362
1658 1361
1659 1357
1660 1354
1661 1357
1662 1359
1663 1358
1664 1353
1665 1353
1666 1354
1667 1354
1668 1352
1669 1354
1670 1356
1671 1357
1672 1356
1673 1357
1674 1356
1675 1353
1676 1354
1677 1358
1678 1358
1679 1360
1680 1353
1681 1352
1682 1356
1683 1355
1684 1354
1685 1354
1686 1356
1687 1354
1688 1355
1689 1357
1690 1355
1691 1354
1692 1354
1693 1354
1694 1356
1695 1352
1696 1358
1697 1353
1698 1355
1699 1358
1700 1357
1701 1355
1702 1354
1703 1355
1704 1356
1705 1355
1706 1357
1707 1357
1708 1358
1709 1357
1710 1356
1711 1356
1712 1355
1713 1354
1714 1355
1715 1356
1716 1356
1717 1355
1718 1357
1719 1357
1720 1355
1721 1355
1722 1356
1723 1355
1724 1355
1725 1354
1726 1355
1727 1354
1728 1356
1729 1356
1730 1354
1731 1353
1732 1354
1733 1355
1734 1354
1735 1352
1736 1354
1737 1357
1738 1356
1739 1359
1740 1356
1741 1359
1742 1357
1743 1358
1744 1356
1745 1356
1746 1359
1747 1355
1748 1356
1749 1358
1750 1357
1751 1357
1752 1356
1753 1356
1754 1355
1755 1354
1756 1356
1757 1357
1758 1355
1759 1355
1760 1354
1761 1357
1762 1354
1763 1356
1764 1354
1765 1356
1766 1359
1767 1359
1768 1356
1769 1357
1770 1355
1771 1355
1772 1358
1773 1357
1774 1354
1775 1356
1776 1357
1777 1358
1778 1357
1779 1355
1780 1356
1781 1358
1782 1357
1783 1359
1784 1355
1785 1355
1786 1354
1787 1356
1788 1356
1789 1353
1790 1356
1791 1356
1792 1356
1793 1355
1794 1355
1795 1357
1796 1356
1797 1355
1798 1356
1799 1356
1800 1356
1801 1356
1802 1355
1803 1356
1804 1357
1805 1353
1806 1355
1807 1358
1808 1356
1809 1357
1810 1357
1811 1353
1812 1356
1813 1355
1814 1357
1815 1359
1816 1357
1817 1358
1818 1356
1819 1355
1820 1355
1821 1355
1822 1356
1823 1355
1824 1355
1825 1355
1826 1357
1827 1357
1828 1354
1829 1354
1830 1354
1831 1354
1832 1356
1833 1357
1834 1354
1835 1356
1836 1356
1837 1360
1838 1356
1839 1354
1840 1353
1841 1357
1842 1359
1843 1354
1844 1353
1845 1353
1846 1355
1847 1357
1848 1356
1849 1355
1850 1353
1851 1353
1852 1355
1853 1354
1854 1355
1855 1358
1856 1356
1857 1354
1858 1358
1859 1360
1860 1354
1861 1353
1862 1354
1863 1356
1864 1354
1865 1352
1866 1353
1867 1357
1868 1358
1869 1359
1870 1356
1871 1355
1872 1355
1873 1357
1874 1355
1875 1356
1876 1355
1877 1358
1878 1355
1879 1352
1880 1351
1881 1355
1882 1354
1883 1354
1884 1355
1885 1356
1886 1355
1887 1352
1888 1353
1889 1354
1890 1358
1891 1357
1892 1356
1893 1355
1894 1355
1895 1358
1896 1354
1897 1354
1898 1355
1899 1354
1900 1355
1901 1355
1902 1356
1903 1355
1904 1355
1905 1357
1906 1357
1907 1355
1908 1354
1909 1355
1910 1352
1911 1354
1912 1352
1913 1356
1914 1355
1915 1357
1916 1355
1917 1355
1918 1355
1919 1357
1920 1356
1921 1355
1922 1355
1923 1356
1924 1355
1925 1356
1926 1355
1927 1356
1928 1358
1929 1357
1930 1356
1931 1356
1932 1356
1933 1355
1934 1357
1935 1358
1936 1357
1937 1356
1938 1356
1939 1356
1940 1356
1941 1354
1942 1355
1943 1357
1944 1358
1945 1356
1946 1355
1947 1355
1948 1354
1949 1353
1950 1357
1951 1360
1952 1356
1953 1355
1954 1355
1955 1357
1956 1356
1957 1357
1958 1355
1959 1350
1960 1354
1961 1354
1962 1355
1963 1355
1964 1356
1965 1354
1966 1356
1967 1357
1968 1356
1969 1357
1970 1356
1971 1357
1972 1356
1973 1356
1974 1357
1975 1356
1976 1358
1977 1354
1978 1356
1979 1356
1980 1358
1981 1356
1982 1355
1983 1355
1984 1356
1985 1356
1986 1356
1987 1353
1988 1354
1989 1357
1990 1356
1991 1353
1992 1354
1993 1356
1994 1354
1995 1359
1996 1356
1997 1357
1998 1354
1999 1355
2000 1353
2001 1357
2002 1354
2003 1356
2004 1356
2005 1354
2006 1355
2007 1358
2008 1358
2009 1356
2010 1358
2011 1353
2012 1357
2013 1357
2014 1353
2015 1353
2016 1358
2017 1354
2018 1356
2019 1356
2020 1354
2021 1357
2022 1354
2023 1355
2024 1354
2025 1357
2026 1354
2027 1353
2028 1354
2029 1354
2030 1354
2031 1354
2032 1353
2033 1356
2034 1356
2035 1360
2036 1355
2037 1353
2038 1355
2039 1357
2040 1353
2041 1353
2042 1354
2043 1357
2044 1355
2045 1355
2046 1350
2047 1355
2048 1355
2049 1357
2050 1355
2051 1356
2052 1355
2053 1353
2054 1353
2055 1353
2056 1356
2057 1356
2058 1355
2059 1351
2060 1353
2061 1355
2062 1356
2063 1353
2064 1354
2065 1356
2066 1356
2067 1356
2068 1354
2069 1357
2070 1357
2071 1359
2072 1356
2073 1354
2074 1353
2075 1358
2076 1357
2077 1356
2078 1355
2079 1357
2080 1358
2081 1356
2082 1356
2083 1357
2084 1357
2085 1355
2086 1354
2087 1355
2088 1353
2089 1355
2090 1355
2091 1357
2092 1354
2093 1355
2094 1354
2095 1355
2096 1355
2097 1357
2098 1356
2099 1356
2100 1355
2101 1356
2102 1356
2103 1356
2104 1355
2105 1355
2106 1355
2107 1356
2108 1354
2109 1356
2110 1358
2111 1357
2112 1356
2113 1355
2114 1355
2115 1356
2116 1356
2117 1360
2118 1358
2119 1355
2120 1354
2121 1357
2122 1355
2123 1354
2124 1355
2125 1355
2126 1357
2127 1357
2128 1358
2129 1358
2130 1357
2131 1356
2132 1357
2133 1357
2134 1355
2135 1357
2136 1356
2137 1358
2138 1356
2139 1358
2140 1358
2141 1359
2142 1356
2143 1357
2144 1356
2145 1355
2146 1355
2147 1355
2148 1355
2149 1357
2150 1358
2151 1355
2152 1356
2153 1353
2154 1356
2155 1355
2156 1356
2157 1357
2158 1357
2159 1358
2160 1357
2161 1357
2162 1357
2163 1357
2164 1357
2165 1355
2166 1357
2167 1357
2168 1358
2169 1357
2170 1357
2171 1356
2172 1354
2173 1357
2174 1358
2175 1356
2176 1358
2177 1356
2178 1353
2179 1357
2180 1356
2181 1356
2182 1356
2183 1357
2184 1356
2185 1356
2186 1355
2187 1356
2188 1354
2189 1357
2190 1355
2191 1356
2192 1355
2193 1354
2194 1354
2195 1355
2196 1355
2197 1359
2198 1358
2199 1354
2200 1355
2201 1356
2202 1356
2203 1356
2204 1356
2205 1355
2206 1356
2207 1355
2208 1354
2209 1352
2210 1354
2211 1357
2212 1354
2213 1354
2214 1355
2215 1358
2216 1356
2217 1354
2218 1358
2219 1353
2220 1354
2221 1354
2222 1357
2223 1357
2224 1353
2225 1356
2226 1356
2227 1359
2228 1355
2229 1355
2230 1357
2231 1355
2232 1355
2233 1352
2234 1355
2235 1354
2236 1355
2237 1357
2238 1356
2239 1354
2240 1355
2241 1355
2242 1356
2243 1356
2244 1353
2245 1354
2246 1356
2247 1355
2248 1356
2249 1356
2250 1357
2251 1356
2252 1354
2253 1353
2254 1354
2255 1355
2256 1356
2257 1357
2258 1353
2259 1353
2260 1356
2261 1357
2262 1354
2263 1356
2264 1357
2265 1357
2266 1356
2267 1353
2268 1352
2269 1355
2270 1355
2271 1355
2272 1357
2273 1356
2274 1355
2275 1356
2276 1356
2277 1354
2278 1351
2279 1354
2280 1356
2281 1356
2282 1357
2283 1355
2284 1356
2285 1355
2286 1357
2287 1358
2288 1355
2289 1358
2290 1356
2291 1356
2292 1356
2293 1358
2294 1355
2295 1358
2296 1357
2297 1357
2298 1357
2299 1354
2300 1356
2301 1356
2302 1354
2303 1356
2304 1355
2305 1356
2306 1357
2307 1356
2308 1354
2309 1356
2310 1355
2311 1357
2312 1355
2313 1355
2314 1355
2315 1355
2316 1355
2317 1356
2318 1357
2319 1353
2320 1355
2321 1355
2322 1357
2323 1355
2324 1355
2325 1358
2326 1356
2327 1357
2328 1355
2329 1357
2330 1356
2331 1354
2332 1356
2333 1357
2334 1355
2335 1353
2336 1355
2337 1356
2338 1355
2339 1356
2340 1356
2341 1359
2342 1356
2343 1355
2344 1356
2345 1357
2346 1356
2347 1357
2348 1356
2349 1355
2350 1354
2351 1355
2352 1355
2353 1353
2354 1353
2355 1354
2356 1355
2357 1358
2358 1355
2359 1353
2360 1355
2361 1354
2362 1356
2363 1353
2364 1352
2365 1353
2366 1355
2367 1357
2368 1354
2369 1354
2370 1355
2371 1357
2372 1355
2373 1355
2374 1357
2375 1353
2376 1357
2377 1359
2378 1359
2379 1357
2380 1356
2381 1357
2382 1355
2383 1358
2384 1354
2385 1356
2386 1357
2387 1357
2388 1358
2389 1357
2390 1358
2391 1356
2392 1356
2393 1357
2394 1359
2395 1354
2396 1356
2397 1353
2398 1359
2399 1357
2400 1354
2401 1355
2402 1354
2403 1357
2404 1354
2405 1354
2406 1358
2407 1356
2408 1360
2409 1355
2410 1355
2411 1356
2412 1357
2413 1357
2414 1356
2415 1356
2416 1357
2417 1357
2418 1356
2419 1357
2420 1357
2421 1356
2422 1357
2423 1355
2424 1357
2425 1357
2426 1356
2427 1357
2428 1356
2429 1355
2430 1354
2431 1354
2432 1356
2433 1354
2434 1355
2435 1357
2436 1355
2437 1359
2438 1354
2439 1354
2440 1355
2441 1355
2442 1357
2443 1354
2444 1355
2445 1355
2446 1356
2447 1355
2448 1356
2449 1354
2450 1354
2451 1357
2452 1356
2453 1357
2454 1356
2455 1357
2456 1353
2457 1357
2458 1356
2459 1356
2460 1357
2461 1357
2462 1356
2463 1354
2464 1356
2465 1357
2466 1356
2467 1355
2468 1356
2469 1357
2470 1358
2471 1357
2472 1356
2473 1354
2474 1356
2475 1360
2476 1356
2477 1356
2478 1358
2479 1354
2480 1355
2481 1357
2482 1356
2483 1355
2484 1358
2485 1358
2486 1358
2487 1357
2488 1357
2489 1358
2490 1357
2491 1356
2492 1356
2493 1356
2494 1355
2495 1355
2496 1358
2497 1355
2498 1358
2499 1357
2500 1359
2501 1358
2502 1358
2503 1355
2504 1356
2505 1355
2506 1355
2507 1354
2508 1356
2509 1355
2510 1355
2511 1355
2512 1356
2513 1354
2514 1358
2515 1356
2516 1355
2517 1353
2518 1354
2519 1357
2520 1356
2521 1356
2522 1357
2523 1354
2524 1354
2525 1355
2526 1355
2527 1354
2528 1357
2529 1358
2530 1357
2531 1359
2532 1357
2533 1356
2534 1357
2535 1357
2536 1358
2537 1357
2538 1355
2539 1357
2540 1359
2541 1359
2542 1357
2543 1356
2544 1359
2545 1358
2546 1358
2547 1356
2548 1356
2549 1356
2550 1356
2551 1358
2552 1360
2553 1355
2554 1353
2555 1354
2556 1355
2557 1354
2558 1356
2559 1356
2560 1355
2561 1356
2562 1357
2563 1355
2564 1358
2565 1357
2566 1358
2567 1355
2568 1357
2569 1354
2570 1356
2571 1358
2572 1358
2573 1357
2574 1356
2575 1355
2576 1357
2577 1357
2578 1357
2579 1357
2580 1356
2581 1357
2582 1356
2583 1356
2584 1358
2585 1354
2586 1356
2587 1355
2588 1355
2589 1357
2590 1357
2591 1358
2592 1356
2593 1357
2594 1354
2595 1356
2596 1357
2597 1357
2598 1357
2599 1357
2600 1356
2601 1359
2602 1358
2603 1357
2604 1357
2605 1356
2606 1354
2607 1355
2608 1355
2609 1355
2610 1352
2611 1356
2612 1355
2613 1357
2614 1356
2615 1357
2616 1355
2617 1356
2618 1357
2619 1358
2620 1357
2621 1356
2622 1353
2623 1356
2624 1355
2625 1360
2626 1357
2627 1359
2628 1359
2629 1360
2630 1356
2631 1356
2632 1357
2633 1356
2634 1356
2635 1357
2636 1356
2637 1356
2638 1356
2639 1355
2640 1355
2641 1354
2642 1354
2643 1357
2644 1355
2645 1354
2646 1355
2647 1354
2648 1355
2649 1356
2650 1355
2651 1354
2652 1356
2653 1355
2654 1357
2655 1356
2656 1357
2657 1355
2658 1358
2659 1355
2660 1356
2661 1357
2662 1356
2663 1358
2664 1356
2665 1357
2666 1356
2667 1359
2668 1358
2669 1358
2670 1355
2671 1357
2672 1354
2673 1354
2674 1357
2675 1356
2676 1361
2677 1355
2678 1353
2679 1354
2680 1356
2681 1354
2682 1358
2683 1356
2684 1354
2685 1353
2686 1356
2687 1357
2688 1354
2689 1354
2690 1354
2691 1352
2692 1357
2693 1355
2694 1355
2695 1355
2696 1355
2697 1359
2698 1354
2699 1354
2700 1354
2701 1355
2702 1354
2703 1356
2704 1354
2705 1357
2706 1354
2707 1356
2708 1354
2709 1354
2710 1358
2711 1356
2712 1356
2713 1355
2714 1356
2715 1359
2716 1357
2717 1355
2718 1355
2719 1357
2720 1355
2721 1358
2722 1354
2723 1356
2724 1356
2725 1354
2726 1358
2727 1356
2728 1357
2729 1356
2730 1358
2731 1358
2732 1357
2733 1357
2734 1355
2735 1357
2736 1356
2737 1357
2738 1360
2739 1355
2740 1355
2741 1357
2742 1359
2743 1357
2744 1358
2745 1359
2746 1358
2747 1355
2748 1356
2749 1355
2750 1356
2751 1356
2752 1357
2753 1355
2754 1356
2755 1354
2756 1356
2757 1357
2758 1359
2759 1357
2760 1356
2761 1357
2762 1355
2763 1355
2764 1356
2765 1355
2766 1358
2767 1356
2768 1355
2769 1355
2770 1358
2771 1356
2772 1357
2773 1353
2774 1355
2775 1356
2776 1357
2777 1354
2778 1360
2779 1358
2780 1356
2781 1359
2782 1361
2783 1356
2784 1355
2785 1355
2786 1354
2787 1357
2788 1359
2789 1357
2790 1356
2791 1354
2792 1358
2793 1358
2794 1357
2795 1357
2796 1357
2797 1356
2798 1355
2799 1355
2800 1355
2801 1356
2802 1356
2803 1353
2804 1356
2805 1353
2806 1356
2807 1356
2808 1355
2809 1354
2810 1355
2811 1356
2812 1356
2813 1355
2814 1356
2815 1358
2816 1355
2817 1355
2818 1356
2819 1357
2820 1359
2821 1358
2822 1355
2823 1356
2824 1356
2825 1352
2826 1356
2827 1359
2828 1356
2829 1355
2830 1356
2831 1355
2832 1357
2833 1356
2834 1356
2835 1359
2836 1356
2837 1358
2838 1357
2839 1360
2840 1359
2841 1357
2842 1358
2843 1357
2844 1356
2845 1359
2846 1358
2847 1357
2848 1359
2849 1359
2850 1355
2851 1358
2852 1356
2853 1357
2854 1355
2855 1356
2856 1356
2857 1354
2858 1355
2859 1356
2860 1354
2861 1358
2862 1354
2863 1356
2864 1356
2865 1357
2866 1355
2867 1357
2868 1358
2869 1357
2870 1357
2871 1356
2872 1355
2873 1356
2874 1356
2875 1357
2876 1356
2877 1356
2878 1358
2879 1357
2880 1356
2881 1357
2882 1355
2883 1355
2884 1356
2885 1356
2886 1356
2887 1357
2888 1359
2889 1354
2890 1354
2891 1355
2892 1356
2893 1354
2894 1355
2895 1357
2896 1354
2897 1356
2898 1356
2899 1355
2900 1355
2901 1357
2902 1356
2903 1358
2904 1355
2905 1354
2906 1356
2907 1357
2908 1355
2909 1356
2910 1355
2911 1356
2912 1357
2913 1357
2914 1356
2915 1354
2916 1355
2917 1356
2918 1357
2919 1354
2920 1356
2921 1357
2922 1357
2923 1356
2924 1352
2925 1356
2926 1357
2927 1357
2928 1352
2929 1354
2930 1354
2931 1358
2932 1355
2933 1355
2934 1357
2935 1357
2936 1357
2937 1355
2938 1356
2939 1356
2940 1358
2941 1355
2942 1355
2943 1354
2944 1354
2945 1354
2946 1356
2947 1355
2948 1356
2949 1355
2950 1359
2951 1356
2952 1354
2953 1353
2954 1356
2955 1356
2956 1354
2957 1355
2958 1354
2959 1358
2960 1355
2961 1354
2962 1355
2963 1353
2964 1356
2965 1357
2966 1359
2967 1357
2968 1355
2969 1355
2970 1356
2971 1356
2972 1354
2973 1354
2974 1353
2975 1352
2976 1356
2977 1353
2978 1356
2979 1357
2980 1354
2981 1356
2982 1357
2983 1354
2984 1355
2985 1354
2986 1355
2987 1355
2988 1356
2989 1355
2990 1356
2991 1358
2992 1356
2993 1356
2994 1359
2995 1355
2996 1356
2997 1355
2998 1356
2999 1356
3000 1358
3001 1353
3002 1354
3003 1355
3004 1357
3005 1354
3006 1355
3007 1355
3008 1356
3009 1355
3010 1355
3011 1352
3012 1353
3013 1353
3014 1355
3015 1355
3016 1355
3017 1354
3018 1356
3019 1356
3020 1357
3021 1354
3022 1356
3023 1355
3024 1353
3025 1356
3026 1356
3027 1357
3028 1356
3029 1356
3030 1357
3031 1357
3032 1356
3033 1355
3034 1355
3035 1356
3036 1356
3037 1355
3038 1357
3039 1354
3040 1356
3041 1357
3042 1358
3043 1355
3044 1354
3045 1354
3046 1355
3047 1352
3048 1354
3049 1355
3050 1356
3051 1357
3052 1357
3053 1354
3054 1354
3055 1355
3056 1356
3057 1354
3058 1358
3059 1356
3060 1356
3061 1356
3062 1354
3063 1354
3064 1355
3065 1353
3066 1355
3067 1354
3068 1357
3069 1353
3070 1359
3071 1356
3072 1356
3073 1353
3074 1355
3075 1352
3076 1354
3077 1355
3078 1354
3079 1357
3080 1355
3081 1355
3082 1356
3083 1355
3084 1355
3085 1355
3086 1356
3087 1360
3088 1359
3089 1357
3090 1358
3091 1357
3092 1357
3093 1356
3094 1352
3095 1355
3096 1354
3097 1356
3098 1356
3099 1355
3100 1355
3101 1357
3102 1356
3103 1356
3104 1351
3105 1354
3106 1357
3107 1357
3108 1356
3109 1353
3110 1354
3111 1353
3112 1354
3113 1355
3114 1357
3115 1357
3116 1357
3117 1355
3118 1355
3119 1356
3120 1354
3121 1355
3122 1356
3123 1355
3124 1355
3125 1355
3126 1354
3127 1357
3128 1357
3129 1359
3130 1354
3131 1353
3132 1356
3133 1356
3134 1357
3135 1356
3136 1357
3137 1358
3138 1356
3139 1358
3140 1356
3141 1358
3142 1358
3143 1356
3144 1356
3145 1355
3146 1356
3147 1357
3148 1354
3149 1355
3150 1356
3151 1355
3152 1356
3153 1356
3154 1357
3155 1359
3156 1355
3157 1356
3158 1356
3159 1355
3160 1357
3161 1356
3162 1356
3163 1353
3164 1355
3165 1357
3166 1357
3167 1356
3168 1356
3169 1354
3170 1355
3171 1354
3172 1357
3173 1352
3174 1358
3175 1353
3176 1356
3177 1356
3178 1354
3179 1356
3180 1356
3181 1356
3182 1356
3183 1355
3184 1356
3185 1355
3186 1357
3187 1357
3188 1355
3189 1355
3190 1357
3191 1355
3192 1357
3193 1355
3194 1355
3195 1357
3196 1361
3197 1358
3198 1358
3199 1355
3200 1358
3201 1357
3202 1354
3203 1354
3204 1356
3205 1356
3206 1358
3207 1355
3208 1360
3209 1357
3210 1358
3211 1356
3212 1354
3213 1354
3214 1354
3215 1356
3216 1355
3217 1357
3218 1356
3219 1354
3220 1355
3221 1357
3222 1356
3223 1354
3224 1357
3225 1357
3226 1356
3227 1353
3228 1356
3229 1356
3230 1356
3231 1355
3232 1358
3233 1355
3234 1356
3235 1354
3236 1358
3237 1356
3238 1356
3239 1358
3240 1357
3241 1357
3242 1356
3243 1356
3244 1357
3245 1355
3246 1355
3247 1356
3248 1355
3249 1356
3250 1354
3251 1357
3252 1355
3253 1354
3254 1354
3255 1357
3256 1357
3257 1356
3258 1357
3259 1357
3260 1357
3261 1355
3262 1354
3263 1354
3264 1355
3265 1354
3266 1358
3267 1357
3268 1356
3269 1356
3270 1356
3271 1357
3272 1358
3273 1356
3274 1356
3275 1359
3276 1357
3277 1357
3278 1357
3279 1358
3280 1357
3281 1357
3282 1357
3283 1355
3284 1355
3285 1355
3286 1356
3287 1358
3288 1355
3289 1355
3290 1356
3291 1355
3292 1356
3293 1355
3294 1358
3295 1357
3296 1356
3297 1357
3298 1358
3299 1359
3300 1354
3301 1355
3302 1356
3303 1354
3304 1358
3305 1355
3306 1356
3307 1355
3308 1358
3309 1355
3310 1355
3311 1356
3312 1356
3313 1356
3314 1357
3315 1355
3316 1356
3317 1356
3318 1353
3319 1355
3320 1355
3321 1357
3322 1357
3323 1356
3324 1356
3325 1355
3326 1353
3327 1355
3328 1355
3329 1352
3330 1355
3331 1351
3332 1354
3333 1355
3334 1356
3335 1352
3336 1356
3337 1355
3338 1356
3339 1355
3340 1358
3341 1355
3342 1354
3343 1355
3344 1357
3345 1357
3346 1354
3347 1353
3348 1355
3349 1355
3350 1358
3351 1356
3352 1354
3353 1355
3354 1358
3355 1356
3356 1358
3357 1358
3358 1358
3359 1357
3360 1359
3361 1356
3362 1357
3363 1354
3364 1357
3365 1355
3366 1355
3367 1350
3368 1355
3369 1353
3370 1353
3371 1357
3372 1356
3373 1353
3374 1355
3375 1354
3376 1354
3377 1355
3378 1355
3379 1352
3380 1353
3381 1353
3382 1359
3383 1357
3384 1356
3385 1356
3386 1355
3387 1355
3388 1356
3389 1353
3390 1354
3391 1354
3392 1355
3393 1353
3394 1357
3395 1356
3396 1355
3397 1354
3398 1355
3399 1355
3400 1355
3401 1356
3402 1356
3403 1356
3404 1357
3405 1356
3406 1356
3407 1355
3408 1356
3409 1353
3410 1353
3411 1354
3412 1355
3413 1353
3414 1355
3415 1354
3416 1357
3417 1357
3418 1357
3419 1357
3420 1355
3421 1354
3422 1355
3423 1356
3424 1354
3425 1356
3426 1356
3427 1357
3428 1356
3429 1354
3430 1355
3431 1356
3432 1354
3433 1356
3434 1355
3435 1357
3436 1356
3437 1355
3438 1354
3439 1357
3440 1356
3441 1354
3442 1356
3443 1356
3444 1354
3445 1355
3446 1356
3447 1358
3448 1356
3449 1355
3450 1357
3451 1354
3452 1358
3453 1356
3454 1355
3455 1356
3456 1358
3457 1355
3458 1357
3459 1357
3460 1355
3461 1355
3462 1356
3463 1354
3464 1356
3465 1355
3466 1355
3467 1354
3468 1353
3469 1357
3470 1355
3471 1355
3472 1353
3473 1354
3474 1355
3475 1355
3476 1356
3477 1353
3478 1359
3479 1352
3480 1355
3481 1357
3482 1356
3483 1355
3484 1355
3485 1357
3486 1357
3487 1357
3488 1358
3489 1355
3490 1357
3491 1355
3492 1354
3493 1355
3494 1356
3495 1353
3496 1356
3497 1353
3498 1354
3499 1357
3500 1352
3501 1355
3502 1355
3503 1355
3504 1351
3505 1354
3506 1356
3507 1355
3508 1356
3509 1355
3510 1352
3511 1355
3512 1361
3513 1357
3514 1355
3515 1357
3516 1356
3517 1354
3518 1354
3519 1355
3520 1355
3521 1355
3522 1355
3523 1355
3524 1356
3525 1355
3526 1355
3527 1357
3528 1356
3529 1356
3530 1358
3531 1357
3532 1355
3533 1357
3534 1353
3535 1353
3536 1357
3537 1358
3538 1354
3539 1356
3540 1355
3541 1358
3542 1353
3543 1356
3544 1355
3545 1357
3546 1358
3547 1355
3548 1356
3549 1356
3550 1357
3551 1355
3552 1354
3553 1350
3554 1354
3555 1357
3556 1355
3557 1354
3558 1357
3559 1357
3560 1355
3561 1354
3562 1357
3563 1357
3564 1355
3565 1356
3566 1352
3567 1354
3568 1355
3569 1355
3570 1353
3571 1354
3572 1356
3573 1355
3574 1354
3575 1356
3576 1353
3577 1356
3578 1357
3579 1354
3580 1354
3581 1358
3582 1355
3583 1356
3584 1356
3585 1353
3586 1356
3587 1356
3588 1357
3589 1357
3590 1356
3591 1356
3592 1355
3593 1355
3594 1359
3595 1357
3596 1357
3597 1354
3598 1354
3599 1356
3600 1355
3601 1357
3602 1354
3603 1358
3604 1357
3605 1355
3606 1354
3607 1353
3608 1356
3609 1354
3610 1356
3611 1354
3612 1355
3613 1355
3614 1355
3615 1359
3616 1354
3617 1356
3618 1356
3619 1357
3620 1354
3621 1356
3622 1356
3623 1357
3624 1355
3625 1354
3626 1355
3627 1356
3628 1355
3629 1355
3630 1356
3631 1356
3632 1356
3633 1357
3634 1356
3635 1356
3636 1354
3637 1356
3638 1355
3639 1357
3640 1356
3641 1359
3642 1357
3643 1356
3644 1353
3645 1355
3646 1358
3647 1356
3648 1355
3649 1354
3650 1356
3651 1356
3652 1356
3653 1353
3654 1356
3655 1357
3656 1356
3657 1355
3658 1355
3659 1357
3660 1358
3661 1357
3662 1359
3663 1356
3664 1356
3665 1357
3666 1357
3667 1357
3668 1356
3669 1355
3670 1354
3671 1355
3672 1355
3673 1356
3674 1354
3675 1356
3676 1356
3677 1357
3678 1356
3679 1351
3680 1351
3681 1356
3682 1356
3683 1354
3684 1354
3685 1355
3686 1354
3687 1354
3688 1352
3689 1355
3690 1353
3691 1356
3692 1356
3693 1357
3694 1355
3695 1356
3696 1355
3697 1355
3698 1357
3699 1358
3700 1355
3701 1357
3702 1354
3703 1357
3704 1354
3705 1356
3706 1354
3707 1354
3708 1356
3709 1355
3710 1356
3711 1356
3712 1354
3713 1354
3714 1356
3715 1355
3716 1355
3717 1356
3718 1356
3719 1356
3720 1355
3721 1360
3722 1355
3723 1357
3724 1354
3725 1357
3726 1357
3727 1356
3728 1356
3729 1355
3730 1357
3731 1358
3732 1358
3733 1356
3734 1354
3735 1354
3736 1357
3737 1357
3738 1355
3739 1356
3740 1354
3741 1356
3742 1356
3743 1355
3744 1354
3745 1355
3746 1354
3747 1355
3748 1354
3749 1355
3750 1357
3751 1356
3752 1356
3753 1357
3754 1355
3755 1357
3756 1356
3757 1356
3758 1356
3759 1353
3760 1355
3761 1355
3762 1356
3763 1354
3764 1353
3765 1356
3766 1356
3767 1357
3768 1356
3769 1357
3770 1355
3771 1357
3772 1354
3773 1355
3774 1356
3775 1356
3776 1355
3777 1357
3778 1353
3779 1355
3780 1356
3781 1356
3782 1356
3783 1357
3784 1356
3785 1354
3786 1356
3787 1355
3788 1356
3789 1356
3790 1357
3791 1357
3792 1359
3793 1356
3794 1354
3795 1355
3796 1355
3797 1355
3798 1354
3799 1355
3800 1357
3801 1357
3802 1356
3803 1356
3804 1356
3805 1357
3806 1356
3807 1358
3808 1354
3809 1353
3810 1355
3811 1354
3812 1358
3813 1355
3814 1356
3815 1357
3816 1355
3817 1357
3818 1355
3819 1357
3820 1355
3821 1358
3822 1356
3823 1356
3824 1357
3825 1357
3826 1358
3827 1358
3828 1357
3829 1355
3830 1356
3831 1356
3832 1356
3833 1355
3834 1356
3835 1355
3836 1358
3837 1355
3838 1355
3839 1355
3840 1353
3841 1354
3842 1356
3843 1355
3844 1356
3845 1356
3846 1357
3847 1357
3848 1356
3849 1356
3850 1357
3851 1356
3852 1357
3853 1357
3854 1358
3855 1357
3856 1355
3857 1356
3858 1354
3859 1353
3860 1354
3861 1355
3862 1356
3863 1356
3864 1356
3865 1357
3866 1356
3867 1356
3868 1354
3869 1356
3870 1355
3871 1355
3872 1352
3873 1357
3874 1355
3875 1354
3876 1355
3877 1357
3878 1356
3879 1357
3880 1356
3881 1356
3882 1358
3883 1357
3884 1354
3885 1357
3886 1356
3887 1358
3888 1356
3889 1356
3890 1354
3891 1352
3892 1355
3893 1357
3894 1357
3895 1357
3896 1355
3897 1356
3898 1354
3899 1354
3900 1354
3901 1358
3902 1357
3903 1356
3904 1355
3905 1356
3906 1355
3907 1356
3908 1355
3909 1352
3910 1353
3911 1355
3912 1355
3913 1353
3914 1356
3915 1356
3916 1355
3917 1354
3918 1356
3919 1354
3920 1356
3921 1356
3922 1354
3923 1354
3924 1354
3925 1356
3926 1355
3927 1355
3928 1354
3929 1357
3930 1356
3931 1358
3932 1355
3933 1354
3934 1355
3935 1357
3936 1357
3937 1356
3938 1355
3939 1355
3940 1354
3941 1356
3942 1355
3943 1353
3944 1355
3945 1355
3946 1356
3947 1356
3948 1354
3949 1356
3950 1355
3951 1359
3952 1355
3953 1356
3954 1356
3955 1357
3956 1355
3957 1355
3958 1354
3959 1358
3960 1354
3961 1355
3962 1356
3963 1356
3964 1354
3965 1356
3966 1359
3967 1358
3968 1357
3969 1357
3970 1357
3971 1357
3972 1356
3973 1355
3974 1358
3975 1357
3976 1357
3977 1355
3978 1355
3979 1356
3980 1358
3981 1357
3982 1357
3983 1356
3984 1356
3985 1355
3986 1356
3987 1355
3988 1355
3989 1356
3990 1356
3991 1356
3992 1355
3993 1355
3994 1355
3995 1355
3996 1356
3997 1355
3998 1354
3999 1357
