0 1356
1 1357
2 1358
3 1355
4 1359
5 1358
6 1358
7 1357
8 1356
9 1357
10 1355
11 1356
12 1356
13 1357
14 1354
15 1357
16 1358
17 1356
18 1357
19 1356
20 1357
21 1357
22 1358
23 1357
24 1358
25 1356
26 1356
27 1357
28 1356
29 1356
30 1356
31 1354
32 1355
33 1356
34 1356
35 1357
36 1356
37 1357
38 1354
39 1357
40 1358
41 1357
42 1358
43 1357
44 1358
45 1356
46 1353
47 1356
48 1353
49 1354
50 1355
51 1357
52 1355
53 1354
54 1356
55 1355
56 1355
57 1357
58 1355
59 1353
60 1355
61 1357
62 1357
63 1355
64 1355
65 1357
66 1359
67 1359
68 1356
69 1357
70 1358
71 1357
72 1356
73 1355
74 1355
75 1357
76 1357
77 1358
78 1356
79 1357
80 1355
81 1354
82 1356
83 1354
84 1356
85 1357
86 1359
87 1357
88 1356
89 1356
90 1356
91 1355
92 1356
93 1355
94 1356
95 1355
96 1356
97 1357
98 1358
99 1357
100 1359
101 1358
102 1358
103 1358
104 1356
105 1357
106 1357
107 1356
108 1356
109 1355
110 1354
111 1357
112 1356
113 1358
114 1355
115 1357
116 1355
117 1355
118 1355
119 1354
120 1354
121 1354
122 1356
123 1356
124 1357
125 1358
126 1353
127 1354
128 1355
129 1357
130 1356
131 1359
132 1361
133 1360
134 1357
135 1357
136 1355
137 1359
138 1356
139 1356
140 1356
141 1356
142 1356
143 1354
144 1354
145 1358
146 1356
147 1356
148 1353
149 1356
150 1355
151 1358
152 1356
153 1358
154 1355
155 1357
156 1357
157 1357
158 1356
159 1359
160 1358
161 1359
162 1357
163 1357
164 1357
165 1358
166 1357
167 1358
168 1358
169 1356
170 1356
171 1357
172 1355
173 1351
174 1355
175 1358
176 1360
177 1356
178 1358
179 1353
180 1356
181 1355
182 1354
183 1353
184 1357
185 1356
186 1357
187 1354
188 1355
189 1357
190 1357
191 1361
192 1355
193 1354
194 1354
195 1357
196 1355
197 1354
198 1355
199 1355
200 1355
201 1357
202 1354
203 1356
204 1356
205 1356
206 1355
207 1356
208 1355
209 1356
210 1355
211 1358
212 1355
213 1357
214 1358
215 1358
216 1357
217 1359
218 1356
219 1355
220 1356
221 1354
222 1354
223 1355
224 1353
225 1357
226 1354
227 1358
228 1355
229 1357
230 1356
231 1357
232 1354
233 1353
234 1356
235 1357
236 1354
237 1359
238 1353
239 1354
240 1354
241 1357
242 1356
243 1356
244 1354
245 1357
246 1357
247 1356
248 1356
249 1358
250 1358
251 1357
252 1358
253 1355
254 1357
255 1358
256 1358
257 1356
258 1356
259 1357
260 1356
261 1356
262 1354
263 1355
264 1352
265 1355
266 1356
267 1357
268 1356
269 1356
270 1355
271 1356
272 1355
273 1355
274 1353
275 1357
276 1356
277 1356
278 1355
279 1355
280 1356
281 1357
282 1357
283 1358
284 1355
285 1361
286 1357
287 1354
288 1355
289 1355
290 1356
291 1356
292 1358
293 1357
294 1356
295 1354
296 1354
297 1356
298 1355
299 1355
300 1357
301 1355
302 1356
303 1356
304 1357
305 1354
306 1357
307 1355
308 1356
309 1356
310 1358
311 1359
312 1358
313 1356
314 1355
315 1357
316 1357
317 1358
318 1355
319 1352
320 1353
321 1356
322 1356
323 1354
324 1356
325 1354
326 1355
327 1354
328 1355
329 1355
330 1356
331 1354
332 1356
333 1355
334 1356
335 1359
336 1358
337 1358
338 1356
339 1353
340 1356
341 1359
342 1357
343 1354
344 1356
345 1356
346 1356
347 1357
348 1356
349 1357
350 1356
351 1358
352 1356
353 1357
354 1354
355 1355
356 1354
357 1353
358 1355
359 1357
360 1356
361 1356
362 1357
363 1352
364 1355
365 1357
366 1357
367 1353
368 1356
369 1356
370 1354
371 1353
372 1356
373 1355
374 1355
375 1357
376 1356
377 1357
378 1356
379 1357
380 1355
381 1356
382 1354
383 1356
384 1356
385 1357
386 1355
387 1357
388 1355
389 1358
390 1355
391 1357
392 1357
393 1356
394 1353
395 1353
396 1354
397 1358
398 1356
399 1354
400 1357
401 1357
402 1359
403 1356
404 1357
405 1356
406 1357
407 1356
408 1356
409 1358
410 1355
411 1355
412 1355
413 1356
414 1357
415 1355
416 1357
417 1355
418 1356
419 1358
420 1353
421 1357
422 1357
423 1356
424 1355
425 1354
426 1357
427 1357
428 1356
429 1357
430 1356
431 1363
432 1356
433 1353
434 1354
435 1358
436 1358
437 1358
438 1355
439 1356
440 1358
441 1359
442 1357
443 1358
444 1356
445 1358
446 1356
447 1354
448 1357
449 1356
450 1355
451 1357
452 1356
453 1356
454 1358
455 1358
456 1358
457 1358
458 1357
459 1354
460 1356
461 1356
462 1354
463 1353
464 1354
465 1357
466 1357
467 1357
468 1359
469 1358
470 1356
471 1359
472 1357
473 1356
474 1357
475 1356
476 1358
477 1355
478 1356
479 1358
480 1355
481 1357
482 1357
483 1357
484 1355
485 1358
486 1354
487 1355
488 1357
489 1358
490 1356
491 1353
492 1356
493 1354
494 1356
495 1360
496 1357
497 1357
498 1359
499 1357
500 1355
501 1354
502 1358
503 1357
504 1358
505 1356
506 1359
507 1360
508 1358
509 1360
510 1361
511 1361
512 1362
513 1365
514 1367
515 1373
516 1382
517 1389
518 1399
519 1408
520 1417
521 1430
522 1438
523 1446
524 1458
525 1469
526 1475
527 1482
528 1491
529 1492
530 1497
531 1499
532 1495
533 1499
534 1497
535 1495
536 1494
537 1490
538 1486
539 1483
540 1476
541 1469
542 1469
543 1462
544 1458
545 1449
546 1451
547 1444
548 1443
549 1439
550 1436
551 1428
552 1423
553 1421
554 1418
555 1417
556 1411
557 1408
558 1402
559 1398
560 1393
561 1395
562 1389
563 1387
564 1387
565 1385
566 1383
567 1385
568 1379
569 1378
570 1376
571 1378
572 1373
573 1373
574 1371
575 1369
576 1370
577 1369
578 1367
579 1367
580 1366
581 1365
582 1364
583 1363
584 1365
585 1362
586 1362
587 1362
588 1362
589 1361
590 1359
591 1361
592 1360
593 1359
594 1357
595 1359
596 1362
597 1359
598 1357
599 1357
600 1357
601 1357
602 1357
603 1357
604 1357
605 1357
606 1360
607 1354
608 1356
609 1356
610 1358
611 1357
612 1357
613 1354
614 1357
615 1357
616 1358
617 1359
618 1358
619 1359
620 1354
621 1356
622 1356
623 1354
624 1358
625 1359
626 1359
627 1355
628 1357
629 1355
630 1356
631 1357
632 1355
633 1356
634 1354
635 1357
636 1355
637 1356
638 1353
639 1353
640 1356
641 1356
642 1357
643 1357
644 1356
645 1357
646 1356
647 1359
648 1357
649 1356
650 1360
651 1357
652 1355
653 1355
654 1357
655 1356
656 1358
657 1357
658 1358
659 1358
660 1357
661 1353
662 1358
663 1360
664 1356
665 1355
666 1359
667 1359
668 1358
669 1359
670 1359
671 1359
672 1358
673 1355
674 1358
675 1356
676 1357
677 1358
678 1357
679 1357
680 1358
681 1358
682 1356
683 1357
684 1359
685 1354
686 1359
687 1357
688 1359
689 1360
690 1358
691 1356
692 1355
693 1353
694 1357
695 1354
696 1356
697 1353
698 1356
699 1358
700 1356
701 1357
702 1359
703 1361
704 1359
705 1353
706 1357
707 1358
708 1358
709 1356
710 1357
711 1357
712 1357
713 1355
714 1360
715 1359
716 1357
717 1355
718 1356
719 1357
720 1356
721 1357
722 1355
723 1357
724 1355
725 1356
726 1359
727 1357
728 1356
729 1356
730 1355
731 1357
732 1357
733 1357
734 1355
735 1358
736 1357
737 1357
738 1357
739 1355
740 1354
741 1356
742 1355
743 1355
744 1355
745 1359
746 1358
747 1356
748 1358
749 1355
750 1357
751 1358
752 1356
753 1354
754 1357
755 1355
756 1357
757 1358
758 1357
759 1358
760 1356
761 1359
762 1358
763 1357
764 1357
765 1357
766 1359
767 1361
768 1359
769 1355
770 1356
771 1358
772 1359
773 1360
774 1356
775 1358
776 1361
777 1358
778 1357
779 1358
780 1355
781 1358
782 1355
783 1355
784 1354
785 1356
786 1356
787 1355
788 1356
789 1358
790 1359
791 1356
792 1356
793 1357
794 1356
795 1357
796 1354
797 1356
798 1357
799 1357
800 1359
801 1359
802 1358
803 1357
804 1357
805 1355
806 1352
807 1356
808 1355
809 1355
810 1355
811 1359
812 1356
813 1357
814 1353
815 1358
816 1359
817 1358
818 1355
819 1353
820 1357
821 1358
822 1355
823 1357
824 1356
825 1357
826 1357
827 1354
828 1356
829 1356
830 1358
831 1360
832 1359
833 1358
834 1356
835 1358
836 1357
837 1357
838 1355
839 1356
840 1357
841 1356
842 1356
843 1355
844 1354
845 1357
846 1358
847 1355
848 1358
849 1354
850 1355
851 1358
852 1356
853 1357
854 1355
855 1356
856 1357
857 1354
858 1357
859 1356
860 1360
861 1357
862 1356
863 1357
864 1357
865 1358
866 1356
867 1359
868 1357
869 1358
870 1357
871 1356
872 1356
873 1354
874 1354
875 1357
876 1357
877 1357
878 1356
879 1355
880 1356
881 1354
882 1356
883 1357
884 1355
885 1359
886 1357
887 1358
888 1354
889 1358
890 1356
891 1356
892 1357
893 1357
894 1358
895 1357
896 1357
897 1356
898 1357
899 1355
900 1357
901 1357
902 1357
903 1358
904 1355
905 1359
906 1359
907 1359
908 1357
909 1355
910 1356
911 1355
912 1356
913 1359
914 1357
915 1357
916 1356
917 1361
918 1357
919 1357
920 1358
921 1359
922 1359
923 1359
924 1359
925 1360
926 1356
927 1357
928 1357
929 1356
930 1354
931 1355
932 1359
933 1356
934 1356
935 1360
936 1361
937 1357
938 1357
939 1355
940 1354
941 1358
942 1356
943 1356
944 1355
945 1358
946 1354
947 1359
948 1356
949 1355
950 1357
951 1359
952 1357
953 1360
954 1355
955 1358
956 1357
957 1358
958 1356
959 1360
960 1357
961 1358
962 1358
963 1357
964 1357
965 1353
966 1357
967 1358
968 1356
969 1355
970 1357
971 1356
972 1354
973 1354
974 1360
975 1357
976 1356
977 1357
978 1357
979 1355
980 1358
981 1358
982 1361
983 1359
984 1358
985 1358
986 1357
987 1357
988 1354
989 1357
990 1355
991 1359
992 1356
993 1359
994 1354
995 1355
996 1357
997 1360
998 1357
999 1355
1000 1360
1001 1359
1002 1360
1003 1355
1004 1356
1005 1356
1006 1357
1007 1359
1008 1358
1009 1356
1010 1359
1011 1358
1012 1359
1013 1357
1014 1358
1015 1358
1016 1357
1017 1357
1018 1356
1019 1357
1020 1358
1021 1357
1022 1357
1023 1356
1024 1359
1025 1359
1026 1358
1027 1356
1028 1357
1029 1357
1030 1359
1031 1355
1032 1361
1033 1356
1034 1356
1035 1355
1036 1355
1037 1357
1038 1358
1039 1356
1040 1356
1041 1356
1042 1357
1043 1356
1044 1354
1045 1356
1046 1359
1047 1357
1048 1357
1049 1356
1050 1362
1051 1360
1052 1360
1053 1356
1054 1356
1055 1356
1056 1356
1057 1356
1058 1356
1059 1357
1060 1357
1061 1356
1062 1353
1063 1356
1064 1356
1065 1356
1066 1357
1067 1353
1068 1357
1069 1356
1070 1356
1071 1358
1072 1356
1073 1355
1074 1358
1075 1358
1076 1359
1077 1356
1078 1359
1079 1360
1080 1354
1081 1355
1082 1355
1083 1356
1084 1356
1085 1357
1086 1358
1087 1357
1088 1354
1089 1357
1090 1358
1091 1359
1092 1356
1093 1354
1094 1359
1095 1361
1096 1358
1097 1357
1098 1354
1099 1356
1100 1356
1101 1358
1102 1357
1103 1358
1104 1356
1105 1357
1106 1356
1107 1358
1108 1357
1109 1358
1110 1356
1111 1359
1112 1356
1113 1358
1114 1355
1115 1356
1116 1355
1117 1359
1118 1353
1119 1359
1120 1355
1121 1358
1122 1354
1123 1356
1124 1353
1125 1357
1126 1358
1127 1359
1128 1355
1129 1359
1130 1357
1131 1354
1132 1358
1133 1361
1134 1357
1135 1359
1136 1356
1137 1358
1138 1355
1139 1357
1140 1357
1141 1357
1142 1356
1143 1357
1144 1356
1145 1356
1146 1355
1147 1356
1148 1358
1149 1358
1150 1355
1151 1360
1152 1356
1153 1356
1154 1356
1155 1355
1156 1356
1157 1357
1158 1359
1159 1356
1160 1355
1161 1355
1162 1356
1163 1359
1164 1357
1165 1361
1166 1359
1167 1359
1168 1357
1169 1355
1170 1357
1171 1360
1172 1358
1173 1358
1174 1358
1175 1357
1176 1357
1177 1358
1178 1354
1179 1356
1180 1356
1181 1357
1182 1354
1183 1357
1184 1356
1185 1356
1186 1358
1187 1358
1188 1359
1189 1356
1190 1357
1191 1358
1192 1356
1193 1358
1194 1355
1195 1358
1196 1359
1197 1358
1198 1354
1199 1355
1200 1357
1201 1357
1202 1360
1203 1357
1204 1356
1205 1358
1206 1357
1207 1358
1208 1356
1209 1359
1210 1358
1211 1360
1212 1357
1213 1357
1214 1356
1215 1358
1216 1358
1217 1359
1218 1355
1219 1358
1220 1357
1221 1356
1222 1356
1223 1357
1224 1359
1225 1361
1226 1360
1227 1358
1228 1356
1229 1359
1230 1357
1231 1357
1232 1359
1233 1356
1234 1355
1235 1359
1236 1356
1237 1357
1238 1357
1239 1354
1240 1359
1241 1357
1242 1358
1243 1358
1244 1356
1245 1358
1246 1357
1247 1357
1248 1356
1249 1359
1250 1357
1251 1356
1252 1356
1253 1359
1254 1355
1255 1359
1256 1357
1257 1358
1258 1357
1259 1356
1260 1358
1261 1357
1262 1355
1263 1355
1264 1355
1265 1359
1266 1356
1267 1356
1268 1357
1269 1358
1270 1357
1271 1357
1272 1356
1273 1356
1274 1356
1275 1358
1276 1355
1277 1359
1278 1356
1279 1357
1280 1353
1281 1360
1282 1356
1283 1357
1284 1358
1285 1358
1286 1356
1287 1357
1288 1357
1289 1360
1290 1359
1291 1357
1292 1356
1293 1358
1294 1357
1295 1357
1296 1355
1297 1357
1298 1354
1299 1357
1300 1358
1301 1359
1302 1354
1303 1354
1304 1355
1305 1358
1306 1357
1307 1356
1308 1357
1309 1356
1310 1359
1311 1357
1312 1357
1313 1357
1314 1358
1315 1359
1316 1358
1317 1356
1318 1357
1319 1356
1320 1357
1321 1357
1322 1357
1323 1359
1324 1357
1325 1357
1326 1356
1327 1356
1328 1356
1329 1357
1330 1356
1331 1358
1332 1356
1333 1355
1334 1355
1335 1357
1336 1356
1337 1356
1338 1357
1339 1356
1340 1354
1341 1357
1342 1356
1343 1360
1344 1357
1345 1356
1346 1356
1347 1358
1348 1356
1349 1358
1350 1355
1351 1357
1352 1356
1353 1356
1354 1356
1355 1360
1356 1360
1357 1359
1358 1356
1359 1357
1360 1357
1361 1361
1362 1357
1363 1356
1364 1355
1365 1356
1366 1357
1367 1358
1368 1356
1369 1356
1370 1355
1371 1358
1372 1359
1373 1360
1374 1358
1375 1356
1376 1357
1377 1357
1378 1356
1379 1358
1380 1358
1381 1357
1382 1355
1383 1357
1384 1355
1385 1357
1386 1359
1387 1358
1388 1357
1389 1358
1390 1355
1391 1357
1392 1355
1393 1355
1394 1356
1395 1357
1396 1357
1397 1357
1398 1355
1399 1356
1400 1355
1401 1355
1402 1356
1403 1357
1404 1354
1405 1357
1406 1357
1407 1358
1408 1356
1409 1360
1410 1357
1411 1357
1412 1355
1413 1356
1414 1355
1415 1359
1416 1360
1417 1356
1418 1357
1419 1356
1420 1357
1421 1353
1422 1355
1423 1355
1424 1354
1425 1355
1426 1356
1427 1358
1428 1354
1429 1355
1430 1358
1431 1357
1432 1356
1433 1359
1434 1356
1435 1356
1436 1356
1437 1356
1438 1356
1439 1356
1440 1356
1441 1358
1442 1355
1443 1358
1444 1356
1445 1357
1446 1358
1447 1358
1448 1358
1449 1358
1450 1357
1451 1358
1452 1356
1453 1357
1454 1355
1455 1358
1456 1357
1457 1360
1458 1357
1459 1354
1460 1353
1461 1357
1462 1357
1463 1358
1464 1354
1465 1357
1466 1356
1467 1361
1468 1356
1469 1356
1470 1358
1471 1355
1472 1354
1473 1355
1474 1356
1475 1357
1476 1358
1477 1358
1478 1358
1479 1357
1480 1355
1481 1359
1482 1355
1483 1357
1484 1353
1485 1357
1486 1356
1487 1355
1488 1355
1489 1357
1490 1358
1491 1356
1492 1359
1493 1358
1494 1360
1495 1357
1496 1355
1497 1356
1498 1357
1499 1355
1500 1357
1501 1357
1502 1358
1503 1357
1504 1359
1505 1360
1506 1358
1507 1361
1508 1355
1509 1355
1510 1356
1511 1358
1512 1356
1513 1358
1514 1356
1515 1357
1516 1355
1517 1357
1518 1357
1519 1358
1520 1353
1521 1354
1522 1355
1523 1359
1524 1356
1525 1354
1526 1356
1527 1356
1528 1358
1529 1359
1530 1356
1531 1358
1532 1357
1533 1360
1534 1358
1535 1358
1536 1356
1537 1358
1538 1356
1539 1358
1540 1356
1541 1361
1542 1358
1543 1356
1544 1356
1545 1358
1546 1356
1547 1358
1548 1355
1549 1359
1550 1356
1551 1358
1552 1355
1553 1358
1554 1356
1555 1357
1556 1358
1557 1357
1558 1359
1559 1356
1560 1356
1561 1355
1562 1357
1563 1358
1564 1359
1565 1357
1566 1355
1567 1356
1568 1357
1569 1357
1570 1357
1571 1359
1572 1358
1573 1357
1574 1356
1575 1359
1576 1358
1577 1356
1578 1356
1579 1357
1580 1357
1581 1358
1582 1356
1583 1355
1584 1355
1585 1357
1586 1359
1587 1360
1588 1356
1589 1358
1590 1354
1591 1357
1592 1356
1593 1359
1594 1357
1595 1359
1596 1359
1597 1358
1598 1357
1599 1356
1600 1358
1601 1358
1602 1354
1603 1355
1604 1357
1605 1357
1606 1356
1607 1356
1608 1358
1609 1357
1610 1356
1611 1360
1612 1357
1613 1357
1614 1357
1615 1357
1616 1358
1617 1355
1618 1358
1619 1357
1620 1357
1621 1356
1622 1356
1623 1355
1624 1358
1625 1355
1626 1358
1627 1358
1628 1357
1629 1357
1630 1355
1631 1355
1632 1356
1633 1357
1634 1357
1635 1355
1636 1358
1637 1354
1638 1354
1639 1355
1640 1356
1641 1355
1642 1356
1643 1353
1644 1354
1645 1357
1646 1358
1647 1358
1648 1356
1649 1357
1650 1359
1651 1358
1652 1358
1653 1358
1654 1356
1655 1357
1656 1354
1657 1357
1658 1356
1659 1357
1660 1358
1661 1358
1662 1359
1663 1356
1664 1357
1665 1361
1666 1360
1667 1357
1668 1357
1669 1356
1670 1357
1671 1353
1672 1354
1673 1356
1674 1354
1675 1355
1676 1355
1677 1358
1678 1356
1679 1357
1680 1356
1681 1357
1682 1355
1683 1358
1684 1360
1685 1357
1686 1356
1687 1360
1688 1356
1689 1358
1690 1355
1691 1359
1692 1357
1693 1354
1694 1356
1695 1361
1696 1356
1697 1359
1698 1358
1699 1359
1700 1357
1701 1357
1702 1356
1703 1357
1704 1355
1705 1357
1706 1356
1707 1357
1708 1355
1709 1356
1710 1357
1711 1357
1712 1358
1713 1357
1714 1357
1715 1355
1716 1356
1717 1357
1718 1358
1719 1357
1720 1357
1721 1355
1722 1358
1723 1357
1724 1357
1725 1357
1726 1358
1727 1357
1728 1359
1729 1354
1730 1355
1731 1355
1732 1357
1733 1357
1734 1356
1735 1358
1736 1353
1737 1356
1738 1356
1739 1357
1740 1356
1741 1356
1742 1355
1743 1359
1744 1356
1745 1357
1746 1356
1747 1358
1748 1356
1749 1357
1750 1355
1751 1357
1752 1357
1753 1357
1754 1358
1755 1358
1756 1357
1757 1357
1758 1358
1759 1357
1760 1357
1761 1354
1762 1355
1763 1356
1764 1357
1765 1358
1766 1356
1767 1353
1768 1356
1769 1354
1770 1357
1771 1353
1772 1356
1773 1355
1774 1355
1775 1357
1776 1358
1777 1357
1778 1359
1779 1358
1780 1358
1781 1358
1782 1357
1783 1358
1784 1356
1785 1356
1786 1359
1787 1356
1788 1358
1789 1356
1790 1358
1791 1357
1792 1356
1793 1357
1794 1354
1795 1359
1796 1357
1797 1353
1798 1356
1799 1355
1800 1356
1801 1357
1802 1356
1803 1355
1804 1355
1805 1355
1806 1357
1807 1356
1808 1357
1809 1354
1810 1357
1811 1355
1812 1356
1813 1356
1814 1360
1815 1355
1816 1357
1817 1356
1818 1356
1819 1357
1820 1356
1821 1356
1822 1358
1823 1357
1824 1358
1825 1361
1826 1357
1827 1357
1828 1357
1829 1357
1830 1357
1831 1356
1832 1356
1833 1357
1834 1356
1835 1359
1836 1357
1837 1357
1838 1357
1839 1357
1840 1357
1841 1358
1842 1359
1843 1360
1844 1357
1845 1357
1846 1359
1847 1358
1848 1355
1849 1358
1850 1355
1851 1356
1852 1358
1853 1357
1854 1357
1855 1361
1856 1356
1857 1357
1858 1357
1859 1360
1860 1357
1861 1357
1862 1356
1863 1359
1864 1356
1865 1356
1866 1357
1867 1359
1868 1360
1869 1358
1870 1357
1871 1358
1872 1357
1873 1359
1874 1356
1875 1360
1876 1358
1877 1357
1878 1360
1879 1358
1880 1359
1881 1355
1882 1359
1883 1356
1884 1357
1885 1357
1886 1358
1887 1356
1888 1357
1889 1355
1890 1357
1891 1356
1892 1356
1893 1357
1894 1356
1895 1357
1896 1352
1897 1355
1898 1357
1899 1356
1900 1359
1901 1357
1902 1357
1903 1355
1904 1356
1905 1357
1906 1357
1907 1357
1908 1358
1909 1357
1910 1356
1911 1355
1912 1360
1913 1357
1914 1355
1915 1356
1916 1356
1917 1360
1918 1357
1919 1356
1920 1357
1921 1356
1922 1355
1923 1356
1924 1358
1925 1357
1926 1356
1927 1357
1928 1355
1929 1359
1930 1355
1931 1356
1932 1358
1933 1357
1934 1357
1935 1356
1936 1357
1937 1357
1938 1357
1939 1356
1940 1356
1941 1357
1942 1356
1943 1355
1944 1357
1945 1357
1946 1357
1947 1355
1948 1357
1949 1356
1950 1360
1951 1358
1952 1356
1953 1355
1954 1359
1955 1356
1956 1363
1957 1358
1958 1357
1959 1355
1960 1360
1961 1358
1962 1357
1963 1358
1964 1358
1965 1356
1966 1357
1967 1357
1968 1357
1969 1354
1970 1356
1971 1356
1972 1357
1973 1356
1974 1358
1975 1355
1976 1356
1977 1358
1978 1355
1979 1356
1980 1357
1981 1357
1982 1354
1983 1353
1984 1357
1985 1357
1986 1358
1987 1356
1988 1356
1989 1357
1990 1357
1991 1358
1992 1357
1993 1356
1994 1357
1995 1353
1996 1359
1997 1356
1998 1357
1999 1356
2000 1357
2001 1357
2002 1358
2003 1355
2004 1358
2005 1357
2006 1358
2007 1356
2008 1357
2009 1356
2010 1358
2011 1356
2012 1358
2013 1354
2014 1354
2015 1360
2016 1357
2017 1358
2018 1358
2019 1357
2020 1357
2021 1357
2022 1359
2023 1356
2024 1356
2025 1354
2026 1358
2027 1357
2028 1358
2029 1357
2030 1358
2031 1358
2032 1357
2033 1358
2034 1359
2035 1356
2036 1357
2037 1355
2038 1358
2039 1357
2040 1356
2041 1357
2042 1357
2043 1356
2044 1353
2045 1357
2046 1356
2047 1358
2048 1355
2049 1354
2050 1356
2051 1356
2052 1358
2053 1357
2054 1356
2055 1356
2056 1357
2057 1356
2058 1357
2059 1358
2060 1358
2061 1355
2062 1355
2063 1356
2064 1356
2065 1355
2066 1355
2067 1355
2068 1358
2069 1356
2070 1357
2071 1355
2072 1357
2073 1353
2074 1357
2075 1359
2076 1359
2077 1356
2078 1359
2079 1356
2080 1359
2081 1355
2082 1357
2083 1358
2084 1359
2085 1356
2086 1358
2087 1355
2088 1359
2089 1356
2090 1357
2091 1357
2092 1358
2093 1355
2094 1356
2095 1355
2096 1356
2097 1357
2098 1358
2099 1356
2100 1354
2101 1355
2102 1358
2103 1357
2104 1358
2105 1356
2106 1357
2107 1356
2108 1357
2109 1357
2110 1357
2111 1358
2112 1357
2113 1357
2114 1356
2115 1357
2116 1356
2117 1359
2118 1356
2119 1356
2120 1354
2121 1354
2122 1358
2123 1357
2124 1357
2125 1355
2126 1356
2127 1355
2128 1355
2129 1353
2130 1356
2131 1357
2132 1357
2133 1354
2134 1357
2135 1355
2136 1356
2137 1358
2138 1358
2139 1357
2140 1358
2141 1357
2142 1358
2143 1356
2144 1357
2145 1354
2146 1359
2147 1360
2148 1359
2149 1354
2150 1359
2151 1358
2152 1358
2153 1356
2154 1358
2155 1354
2156 1358
2157 1355
2158 1356
2159 1357
2160 1358
2161 1355
2162 1357
2163 1356
2164 1357
2165 1355
2166 1356
2167 1354
2168 1356
2169 1356
2170 1356
2171 1355
2172 1355
2173 1353
2174 1355
2175 1360
2176 1357
2177 1356
2178 1358
2179 1355
2180 1356
2181 1357
2182 1356
2183 1357
2184 1357
2185 1356
2186 1356
2187 1357
2188 1358
2189 1359
2190 1356
2191 1356
2192 1357
2193 1354
2194 1355
2195 1357
2196 1358
2197 1356
2198 1356
2199 1356
2200 1359
2201 1359
2202 1354
2203 1356
2204 1355
2205 1359
2206 1358
2207 1357
2208 1358
2209 1356
2210 1357
2211 1358
2212 1357
2213 1358
2214 1356
2215 1356
2216 1356
2217 1357
2218 1358
2219 1358
2220 1357
2221 1358
2222 1357
2223 1356
2224 1356
2225 1356
2226 1361
2227 1359
2228 1358
2229 1357
2230 1356
2231 1357
2232 1356
2233 1354
2234 1357
2235 1358
2236 1357
2237 1356
2238 1356
2239 1356
2240 1356
2241 1357
2242 1356
2243 1357
2244 1353
2245 1353
2246 1356
2247 1356
2248 1358
2249 1353
2250 1356
2251 1357
2252 1356
2253 1354
2254 1357
2255 1357
2256 1357
2257 1355
2258 1356
2259 1357
2260 1357
2261 1358
2262 1355
2263 1355
2264 1354
2265 1357
2266 1356
2267 1357
2268 1358
2269 1355
2270 1354
2271 1357
2272 1356
2273 1358
2274 1354
2275 1356
2276 1353
2277 1359
2278 1356
2279 1358
2280 1355
2281 1358
2282 1354
2283 1358
2284 1354
2285 1357
2286 1355
2287 1360
2288 1355
2289 1354
2290 1355
2291 1359
2292 1357
2293 1357
2294 1356
2295 1357
2296 1356
2297 1360
2298 1355
2299 1355
2300 1356
2301 1355
2302 1355
2303 1357
2304 1358
2305 1357
2306 1355
2307 1357
2308 1356
2309 1355
2310 1356
2311 1357
2312 1357
2313 1361
2314 1355
2315 1353
2316 1352
2317 1359
2318 1358
2319 1356
2320 1353
2321 1358
2322 1356
2323 1360
2324 1356
2325 1358
2326 1358
2327 1359
2328 1357
2329 1354
2330 1354
2331 1356
2332 1356
2333 1358
2334 1358
2335 1358
2336 1358
2337 1356
2338 1354
2339 1353
2340 1356
2341 1359
2342 1356
2343 1357
2344 1355
2345 1355
2346 1357
2347 1357
2348 1356
2349 1355
2350 1358
2351 1356
2352 1356
2353 1357
2354 1355
2355 1357
2356 1358
2357 1361
2358 1359
2359 1358
2360 1355
2361 1357
2362 1355
2363 1357
2364 1357
2365 1356
2366 1356
2367 1354
2368 1356
2369 1356
2370 1358
2371 1358
2372 1356
2373 1357
2374 1354
2375 1355
2376 1355
2377 1356
2378 1358
2379 1358
2380 1357
2381 1355
2382 1356
2383 1357
2384 1357
2385 1354
2386 1357
2387 1360
2388 1358
2389 1359
2390 1354
2391 1355
2392 1357
2393 1358
2394 1356
2395 1358
2396 1359
2397 1358
2398 1357
2399 1358
2400 1353
2401 1359
2402 1355
2403 1358
2404 1356
2405 1357
2406 1357
2407 1357
2408 1358
2409 1358
2410 1358
2411 1359
2412 1359
2413 1359
2414 1356
2415 1357
2416 1357
2417 1357
2418 1357
2419 1361
2420 1358
2421 1356
2422 1357
2423 1357
2424 1356
2425 1363
2426 1356
2427 1357
2428 1356
2429 1358
2430 1356
2431 1357
2432 1355
2433 1356
2434 1356
2435 1355
2436 1355
2437 1359
2438 1359
2439 1355
2440 1356
2441 1360
2442 1354
2443 1358
2444 1357
2445 1357
2446 1356
2447 1356
2448 1356
2449 1357
2450 1358
2451 1357
2452 1358
2453 1355
2454 1357
2455 1359
2456 1357
2457 1357
2458 1358
2459 1354
2460 1354
2461 1354
2462 1354
2463 1357
2464 1357
2465 1354
2466 1357
2467 1357
2468 1353
2469 1355
2470 1355
2471 1357
2472 1356
2473 1358
2474 1356
2475 1355
2476 1355
2477 1358
2478 1354
2479 1356
2480 1356
2481 1356
2482 1356
2483 1361
2484 1356
2485 1355
2486 1356
2487 1357
2488 1355
2489 1355
2490 1357
2491 1357
2492 1355
2493 1355
2494 1357
2495 1356
2496 1356
2497 1356
2498 1356
2499 1357
2500 1356
2501 1353
2502 1355
2503 1355
2504 1354
2505 1356
2506 1357
2507 1358
2508 1358
2509 1356
2510 1356
2511 1357
2512 1357
2513 1357
2514 1355
2515 1358
2516 1356
2517 1358
2518 1358
2519 1358
2520 1358
2521 1355
2522 1355
2523 1357
2524 1357
2525 1358
2526 1356
2527 1355
2528 1355
2529 1357
2530 1356
2531 1357
2532 1356
2533 1358
2534 1357
2535 1356
2536 1359
2537 1358
2538 1356
2539 1354
2540 1356
2541 1357
2542 1356
2543 1357
2544 1355
2545 1355
2546 1357
2547 1358
2548 1356
2549 1357
2550 1354
2551 1353
2552 1356
2553 1354
2554 1356
2555 1358
2556 1354
2557 1354
2558 1354
2559 1358
2560 1357
2561 1357
2562 1356
2563 1357
2564 1357
2565 1356
2566 1356
2567 1355
2568 1355
2569 1356
2570 1357
2571 1357
2572 1355
2573 1355
2574 1355
2575 1356
2576 1355
2577 1356
2578 1354
2579 1355
2580 1356
2581 1358
2582 1356
2583 1353
2584 1354
2585 1357
2586 1357
2587 1353
2588 1356
2589 1357
2590 1358
2591 1358
2592 1354
2593 1355
2594 1355
2595 1355
2596 1358
2597 1355
2598 1358
2599 1355
2600 1356
2601 1357
2602 1357
2603 1357
2604 1358
2605 1357
2606 1356
2607 1357
2608 1355
2609 1353
2610 1355
2611 1355
2612 1357
2613 1354
2614 1355
2615 1363
2616 1359
2617 1355
2618 1356
2619 1357
2620 1356
2621 1357
2622 1359
2623 1361
2624 1359
2625 1357
2626 1356
2627 1356
2628 1358
2629 1357
2630 1359
2631 1359
2632 1358
2633 1359
2634 1355
2635 1361
2636 1356
2637 1359
2638 1355
2639 1355
2640 1355
2641 1356
2642 1354
2643 1354
2644 1356
2645 1358
2646 1358
2647 1361
2648 1357
2649 1356
2650 1357
2651 1357
2652 1357
2653 1356
2654 1358
2655 1358
2656 1358
2657 1357
2658 1357
2659 1357
2660 1359
2661 1360
2662 1357
2663 1355
2664 1356
2665 1356
2666 1353
2667 1359
2668 1356
2669 1357
2670 1358
2671 1357
2672 1356
2673 1356
2674 1357
2675 1357
2676 1357
2677 1357
2678 1357
2679 1357
2680 1357
2681 1356
2682 1357
2683 1357
2684 1358
2685 1356
2686 1357
2687 1357
2688 1357
2689 1358
2690 1357
2691 1357
2692 1359
2693 1359
2694 1357
2695 1357
2696 1354
2697 1357
2698 1355
2699 1355
2700 1359
2701 1358
2702 1359
2703 1356
2704 1356
2705 1355
2706 1358
2707 1360
2708 1356
2709 1359
2710 1356
2711 1362
2712 1356
2713 1357
2714 1353
2715 1360
2716 1358
2717 1357
2718 1355
2719 1361
2720 1357
2721 1358
2722 1356
2723 1356
2724 1358
2725 1357
2726 1356
2727 1359
2728 1358
2729 1358
2730 1356
2731 1358
2732 1356
2733 1356
2734 1357
2735 1358
2736 1355
2737 1358
2738 1355
2739 1355
2740 1353
2741 1356
2742 1356
2743 1355
2744 1358
2745 1361
2746 1358
2747 1357
2748 1355
2749 1358
2750 1356
2751 1359
2752 1356
2753 1357
2754 1357
2755 1358
2756 1357
2757 1356
2758 1353
2759 1358
2760 1356
2761 1359
2762 1353
2763 1356
2764 1355
2765 1357
2766 1357
2767 1357
2768 1358
2769 1361
2770 1355
2771 1358
2772 1355
2773 1355
2774 1354
2775 1357
2776 1356
2777 1358
2778 1358
2779 1357
2780 1355
2781 1356
2782 1356
2783 1357
2784 1356
2785 1358
2786 1357
2787 1358
2788 1356
2789 1357
2790 1357
2791 1356
2792 1357
2793 1354
2794 1355
2795 1357
2796 1356
2797 1357
2798 1355
2799 1356
2800 1355
2801 1358
2802 1357
2803 1355
2804 1355
2805 1356
2806 1355
2807 1353
2808 1356
2809 1357
2810 1356
2811 1358
2812 1356
2813 1358
2814 1352
2815 1357
2816 1356
2817 1357
2818 1357
2819 1356
2820 1357
2821 1356
2822 1357
2823 1357
2824 1356
2825 1355
2826 1357
2827 1355
2828 1356
2829 1354
2830 1357
2831 1355
2832 1356
2833 1357
2834 1357
2835 1356
2836 1357
2837 1358
2838 1356
2839 1356
2840 1356
2841 1354
2842 1356
2843 1359
2844 1356
2845 1358
2846 1357
2847 1356
2848 1356
2849 1353
2850 1358
2851 1357
2852 1358
2853 1357
2854 1357
2855 1357
2856 1353
2857 1356
2858 1357
2859 1356
2860 1354
2861 1356
2862 1356
2863 1357
2864 1357
2865 1356
2866 1356
2867 1354
2868 1356
2869 1356
2870 1357
2871 1353
2872 1356
2873 1355
2874 1357
2875 1355
2876 1356
2877 1356
2878 1356
2879 1355
2880 1353
2881 1357
2882 1356
2883 1359
2884 1358
2885 1358
2886 1357
2887 1357
2888 1354
2889 1356
2890 1354
2891 1357
2892 1356
2893 1357
2894 1357
2895 1357
2896 1357
2897 1355
2898 1356
2899 1356
2900 1357
2901 1356
2902 1358
2903 1356
2904 1356
2905 1356
2906 1356
2907 1355
2908 1357
2909 1357
2910 1359
2911 1357
2912 1358
2913 1355
2914 1357
2915 1358
2916 1359
2917 1358
2918 1358
2919 1359
2920 1359
2921 1356
2922 1357
2923 1356
2924 1360
2925 1356
2926 1354
2927 1355
2928 1358
2929 1357
2930 1356
2931 1357
2932 1356
2933 1356
2934 1356
2935 1358
2936 1356
2937 1357
2938 1356
2939 1358
2940 1354
2941 1358
2942 1357
2943 1356
2944 1356
2945 1356
2946 1357
2947 1357
2948 1357
2949 1358
2950 1356
2951 1357
2952 1356
2953 1358
2954 1354
2955 1356
2956 1355
2957 1357
2958 1356
2959 1356
2960 1357
2961 1355
2962 1357
2963 1355
2964 1357
2965 1357
2966 1357
2967 1357
2968 1358
2969 1356
2970 1357
2971 1357
2972 1357
2973 1357
2974 1357
2975 1357
2976 1356
2977 1357
2978 1354
2979 1353
2980 1355
2981 1358
2982 1356
2983 1358
2984 1357
2985 1357
2986 1356
2987 1357
2988 1357
2989 1354
2990 1358
2991 1355
2992 1356
2993 1354
2994 1358
2995 1358
2996 1356
2997 1353
2998 1356
2999 1358
3000 1355
3001 1357
3002 1357
3003 1355
3004 1357
3005 1356
3006 1354
3007 1356
3008 1358
3009 1357
3010 1357
3011 1355
3012 1355
3013 1357
3014 1358
3015 1358
3016 1355
3017 1355
3018 1356
3019 1355
3020 1357
3021 1357
3022 1356
3023 1356
3024 1356
3025 1359
3026 1358
3027 1356
3028 1356
3029 1359
3030 1358
3031 1357
3032 1355
3033 1358
3034 1357
3035 1357
3036 1358
3037 1357
3038 1358
3039 1357
3040 1358
3041 1358
3042 1356
3043 1356
3044 1356
3045 1359
3046 1357
3047 1358
3048 1357
3049 1358
3050 1357
3051 1357
3052 1357
3053 1360
3054 1358
3055 1358
3056 1357
3057 1356
3058 1356
3059 1358
3060 1359
3061 1358
3062 1357
3063 1357
3064 1356
3065 1357
3066 1357
3067 1359
3068 1356
3069 1357
3070 1356
3071 1355
3072 1356
3073 1354
3074 1358
3075 1357
3076 1357
3077 1355
3078 1356
3079 1355
3080 1355
3081 1356
3082 1355
3083 1357
3084 1356
3085 1356
3086 1356
3087 1357
3088 1356
3089 1356
3090 1355
3091 1357
3092 1358
3093 1350
3094 1354
3095 1360
3096 1358
3097 1359
3098 1356
3099 1357
3100 1359
3101 1356
3102 1355
3103 1357
3104 1354
3105 1356
3106 1356
3107 1355
3108 1358
3109 1359
3110 1353
3111 1356
3112 1356
3113 1357
3114 1356
3115 1357
3116 1356
3117 1359
3118 1356
3119 1358
3120 1356
3121 1355
3122 1354
3123 1355
3124 1356
3125 1358
3126 1358
3127 1358
3128 1358
3129 1357
3130 1357
3131 1358
3132 1358
3133 1357
3134 1353
3135 1357
3136 1357
3137 1356
3138 1352
3139 1356
3140 1359
3141 1357
3142 1355
3143 1356
3144 1355
3145 1356
3146 1357
3147 1357
3148 1357
3149 1356
3150 1358
3151 1358
3152 1358
3153 1357
3154 1355
3155 1357
3156 1356
3157 1355
3158 1355
3159 1360
3160 1357
3161 1358
3162 1357
3163 1354
3164 1357
3165 1359
3166 1356
3167 1356
3168 1356
3169 1355
3170 1357
3171 1359
3172 1356
3173 1356
3174 1355
3175 1357
3176 1356
3177 1359
3178 1360
3179 1359
3180 1355
3181 1353
3182 1356
3183 1355
3184 1355
3185 1358
3186 1357
3187 1355
3188 1355
3189 1357
3190 1359
3191 1357
3192 1356
3193 1356
3194 1356
3195 1357
3196 1355
3197 1355
3198 1355
3199 1357
3200 1358
3201 1358
3202 1357
3203 1356
3204 1357
3205 1356
3206 1356
3207 1356
3208 1356
3209 1356
3210 1356
3211 1355
3212 1355
3213 1357
3214 1356
3215 1358
3216 1354
3217 1358
3218 1356
3219 1357
3220 1360
3221 1358
3222 1358
3223 1357
3224 1358
3225 1356
3226 1359
3227 1356
3228 1356
3229 1353
3230 1356
3231 1359
3232 1356
3233 1356
3234 1355
3235 1356
3236 1356
3237 1357
3238 1359
3239 1355
3240 1359
3241 1358
3242 1357
3243 1354
3244 1356
3245 1358
3246 1357
3247 1357
3248 1356
3249 1358
3250 1354
3251 1356
3252 1356
3253 1356
3254 1354
3255 1354
3256 1355
3257 1353
3258 1356
3259 1357
3260 1354
3261 1355
3262 1354
3263 1355
3264 1354
3265 1358
3266 1356
3267 1359
3268 1359
3269 1357
3270 1359
3271 1358
3272 1355
3273 1358
3274 1356
3275 1358
3276 1359
3277 1359
3278 1356
3279 1357
3280 1356
3281 1356
3282 1356
3283 1356
3284 1354
3285 1359
3286 1358
3287 1356
3288 1355
3289 1355
3290 1355
3291 1357
3292 1357
3293 1354
3294 1355
3295 1358
3296 1356
3297 1351
3298 1356
3299 1358
3300 1355
3301 1357
3302 1359
3303 1354
3304 1354
3305 1357
3306 1358
3307 1357
3308 1356
3309 1357
3310 1355
3311 1358
3312 1355
3313 1359
3314 1357
3315 1362
3316 1357
3317 1356
3318 1357
3319 1358
3320 1355
3321 1358
3322 1356
3323 1357
3324 1355
3325 1361
3326 1358
3327 1357
3328 1356
3329 1358
3330 1357
3331 1359
3332 1357
3333 1357
3334 1358
3335 1359
3336 1358
3337 1355
3338 1354
3339 1356
3340 1356
3341 1358
3342 1356
3343 1359
3344 1358
3345 1358
3346 1357
3347 1356
3348 1354
3349 1357
3350 1355
3351 1359
3352 1356
3353 1357
3354 1354
3355 1355
3356 1356
3357 1358
3358 1354
3359 1356
3360 1357
3361 1359
3362 1356
3363 1357
3364 1355
3365 1359
3366 1359
3367 1358
3368 1354
3369 1358
3370 1355
3371 1357
3372 1358
3373 1356
3374 1359
3375 1358
3376 1356
3377 1354
3378 1358
3379 1357
3380 1357
3381 1358
3382 1356
3383 1355
3384 1356
3385 1356
3386 1354
3387 1355
3388 1356
3389 1353
3390 1355
3391 1358
3392 1353
3393 1354
3394 1356
3395 1357
3396 1360
3397 1358
3398 1358
3399 1358
3400 1355
3401 1355
3402 1356
3403 1355
3404 1357
3405 1361
3406 1359
3407 1358
3408 1358
3409 1355
3410 1357
3411 1358
3412 1357
3413 1354
3414 1357
3415 1353
3416 1358
3417 1357
3418 1357
3419 1357
3420 1357
3421 1357
3422 1356
3423 1357
3424 1357
3425 1357
3426 1358
3427 1358
3428 1359
3429 1358
3430 1357
3431 1358
3432 1358
3433 1358
3434 1356
3435 1357
3436 1357
3437 1356
3438 1355
3439 1357
3440 1356
3441 1355
3442 1355
3443 1357
3444 1356
3445 1359
3446 1358
3447 1358
3448 1356
3449 1355
3450 1354
3451 1357
3452 1358
3453 1357
3454 1356
3455 1358
3456 1355
3457 1357
3458 1354
3459 1356
3460 1358
3461 1356
3462 1356
3463 1359
3464 1358
3465 1357
3466 1356
3467 1357
3468 1355
3469 1357
3470 1357
3471 1358
3472 1354
3473 1355
3474 1353
3475 1356
3476 1358
3477 1357
3478 1354
3479 1356
3480 1356
3481 1357
3482 1359
3483 1357
3484 1355
3485 1355
3486 1357
3487 1358
3488 1355
3489 1358
3490 1360
3491 1357
3492 1353
3493 1356
3494 1357
3495 1360
3496 1356
3497 1355
3498 1355
3499 1352
3500 1356
3501 1353
3502 1355
3503 1354
3504 1355
3505 1357
3506 1357
3507 1356
3508 1357
3509 1355
3510 1356
3511 1357
3512 1356
3513 1354
3514 1358
3515 1357
3516 1358
3517 1357
3518 1355
3519 1358
3520 1356
3521 1358
3522 1359
3523 1358
3524 1359
3525 1356
3526 1356
3527 1358
3528 1357
3529 1356
3530 1355
3531 1355
3532 1359
3533 1355
3534 1353
3535 1359
3536 1358
3537 1356
3538 1355
3539 1353
3540 1357
3541 1358
3542 1357
3543 1356
3544 1359
3545 1358
3546 1357
3547 1356
3548 1355
3549 1358
3550 1359
3551 1358
3552 1356
3553 1358
3554 1358
3555 1356
3556 1356
3557 1357
3558 1355
3559 1357
3560 1358
3561 1358
3562 1356
3563 1358
3564 1356
3565 1357
3566 1355
3567 1354
3568 1357
3569 1358
3570 1358
3571 1356
3572 1353
3573 1355
3574 1355
3575 1356
3576 1357
3577 1356
3578 1356
3579 1354
3580 1354
3581 1357
3582 1355
3583 1357
3584 1359
3585 1357
3586 1356
3587 1355
3588 1355
3589 1357
3590 1358
3591 1358
3592 1354
3593 1355
3594 1356
3595 1358
3596 1357
3597 1355
3598 1356
3599 1358
3600 1356
3601 1358
3602 1356
3603 1359
3604 1355
3605 1355
3606 1355
3607 1358
3608 1356
3609 1359
3610 1358
3611 1359
3612 1354
3613 1358
3614 1359
3615 1358
3616 1357
3617 1356
3618 1357
3619 1357
3620 1355
3621 1357
3622 1359
3623 1357
3624 1357
3625 1355
3626 1357
3627 1359
3628 1356
3629 1355
3630 1357
3631 1357
3632 1358
3633 1354
3634 1357
3635 1357
3636 1360
3637 1357
3638 1359
3639 1359
3640 1361
3641 1360
3642 1358
3643 1359
3644 1358
3645 1359
3646 1356
3647 1356
3648 1355
3649 1356
3650 1357
3651 1357
3652 1357
3653 1357
3654 1357
3655 1355
3656 1357
3657 1357
3658 1356
3659 1359
3660 1359
3661 1359
3662 1359
3663 1358
3664 1356
3665 1357
3666 1359
3667 1358
3668 1358
3669 1358
3670 1357
3671 1359
3672 1358
3673 1355
3674 1355
3675 1360
3676 1356
3677 1358
3678 1357
3679 1357
3680 1358
3681 1358
3682 1358
3683 1359
3684 1357
3685 1359
3686 1356
3687 1355
3688 1358
3689 1356
3690 1357
3691 1357
3692 1358
3693 1359
3694 1357
3695 1358
3696 1356
3697 1360
3698 1357
3699 1357
3700 1356
3701 1356
3702 1357
3703 1356
3704 1356
3705 1359
3706 1356
3707 1358
3708 1357
3709 1358
3710 1360
3711 1361
3712 1356
3713 1357
3714 1355
3715 1357
3716 1355
3717 1356
3718 1356
3719 1355
3720 1356
3721 1352
3722 1354
3723 1355
3724 1356
3725 1358
3726 1359
3727 1357
3728 1357
3729 1357
3730 1358
3731 1357
3732 1356
3733 1358
3734 1356
3735 1360
3736 1356
3737 1357
3738 1358
3739 1355
3740 1355
3741 1357
3742 1358
3743 1356
3744 1356
3745 1356
3746 1356
3747 1356
3748 1354
3749 1356
3750 1356
3751 1359
3752 1359
3753 1358
3754 1356
3755 1361
3756 1356
3757 1355
3758 1358
3759 1358
3760 1357
3761 1357
3762 1352
3763 1357
3764 1356
3765 1355
3766 1358
3767 1357
3768 1355
3769 1358
3770 1356
3771 1357
3772 1354
3773 1356
3774 1355
3775 1356
3776 1356
3777 1357
3778 1356
3779 1355
3780 1356
3781 1357
3782 1356
3783 1357
3784 1357
3785 1359
3786 1362
3787 1359
3788 1356
3789 1359
3790 1357
3791 1356
3792 1356
3793 1359
3794 1357
3795 1357
3796 1357
3797 1359
3798 1356
3799 1360
3800 1357
3801 1359
3802 1358
3803 1359
3804 1358
3805 1356
3806 1356
3807 1354
3808 1357
3809 1357
3810 1356
3811 1361
3812 1356
3813 1362
3814 1358
3815 1358
3816 1356
3817 1357
3818 1357
3819 1356
3820 1355
3821 1356
3822 1357
3823 1357
3824 1359
3825 1358
3826 1360
3827 1361
3828 1358
3829 1358
3830 1357
3831 1359
3832 1356
3833 1357
3834 1354
3835 1354
3836 1355
3837 1358
3838 1356
3839 1359
3840 1359
3841 1355
3842 1356
3843 1358
3844 1356
3845 1359
3846 1354
3847 1357
3848 1354
3849 1356
3850 1353
3851 1360
3852 1359
3853 1357
3854 1355
3855 1356
3856 1359
3857 1356
3858 1356
3859 1357
3860 1357
3861 1358
3862 1359
3863 1357
3864 1356
3865 1357
3866 1358
3867 1358
3868 1357
3869 1356
3870 1356
3871 1357
3872 1355
3873 1354
3874 1355
3875 1356
3876 1356
3877 1355
3878 1359
3879 1359
3880 1356
3881 1360
3882 1358
3883 1352
3884 1358
3885 1357
3886 1361
3887 1359
3888 1356
3889 1357
3890 1359
3891 1356
3892 1361
3893 1358
3894 1359
3895 1355
3896 1356
3897 1357
3898 1354
3899 1356
3900 1358
3901 1358
3902 1357
3903 1357
3904 1356
3905 1357
3906 1359
3907 1360
3908 1357
3909 1354
3910 1357
3911 1357
3912 1355
3913 1355
3914 1356
3915 1359
3916 1359
3917 1357
3918 1356
3919 1356
3920 1359
3921 1359
3922 1356
3923 1358
3924 1357
3925 1356
3926 1355
3927 1355
3928 1355
3929 1358
3930 1356
3931 1357
3932 1355
3933 1360
3934 1352
3935 1357
3936 1356
3937 1358
3938 1357
3939 1359
3940 1358
3941 1358
3942 1358
3943 1359
3944 1357
3945 1360
3946 1357
3947 1355
3948 1356
3949 1358
3950 1357
3951 1356
3952 1356
3953 1355
3954 1355
3955 1356
3956 1355
3957 1356
3958 1356
3959 1355
3960 1357
3961 1355
3962 1356
3963 1357
3964 1355
3965 1356
3966 1356
3967 1356
3968 1356
3969 1359
3970 1358
3971 1359
3972 1356
3973 1355
3974 1354
3975 1355
3976 1358
3977 1356
3978 1358
3979 1356
3980 1356
3981 1357
3982 1356
3983 1357
3984 1357
3985 1357
3986 1357
3987 1358
3988 1358
3989 1357
3990 1357
3991 1358
3992 1356
3993 1357
3994 1357
3995 1357
3996 1357
3997 1357
3998 1356
3999 1357
