0 1357
1 1356
2 1356
3 1356
4 1353
5 1357
6 1358
7 1357
8 1356
9 1357
10 1357
11 1357
12 1356
13 1356
14 1356
15 1357
16 1354
17 1356
18 1358
19 1356
20 1356
21 1353
22 1361
23 1356
24 1355
25 1355
26 1355
27 1356
28 1356
29 1354
30 1355
31 1354
32 1358
33 1357
34 1356
35 1350
36 1354
37 1357
38 1356
39 1357
40 1356
41 1354
42 1354
43 1353
44 1355
45 1356
46 1356
47 1354
48 1354
49 1354
50 1355
51 1358
52 1356
53 1357
54 1356
55 1355
56 1357
57 1357
58 1357
59 1354
60 1357
61 1357
62 1357
63 1354
64 1354
65 1359
66 1359
67 1357
68 1357
69 1355
70 1355
71 1354
72 1356
73 1359
74 1356
75 1359
76 1355
77 1357
78 1355
79 1353
80 1354
81 1357
82 1356
83 1355
84 1355
85 1357
86 1357
87 1356
88 1358
89 1357
90 1356
91 1357
92 1356
93 1356
94 1357
95 1358
96 1355
97 1356
98 1354
99 1352
100 1352
101 1355
102 1354
103 1355
104 1356
105 1354
106 1356
107 1357
108 1356
109 1355
110 1355
111 1355
112 1356
113 1356
114 1354
115 1356
116 1356
117 1357
118 1357
119 1357
120 1358
121 1357
122 1356
123 1352
124 1357
125 1355
126 1356
127 1356
128 1357
129 1357
130 1354
131 1358
132 1357
133 1356
134 1355
135 1354
136 1358
137 1357
138 1355
139 1357
140 1355
141 1358
142 1356
143 1357
144 1356
145 1358
146 1355
147 1357
148 1356
149 1356
150 1355
151 1356
152 1356
153 1358
154 1356
155 1356
156 1357
157 1354
158 1356
159 1356
160 1356
161 1357
162 1355
163 1357
164 1353
165 1355
166 1354
167 1355
168 1356
169 1355
170 1355
171 1356
172 1355
173 1358
174 1356
175 1357
176 1357
177 1360
178 1357
179 1356
180 1355
181 1359
182 1359
183 1358
184 1358
185 1355
186 1357
187 1357
188 1354
189 1356
190 1356
191 1356
192 1356
193 1355
194 1357
195 1356
196 1355
197 1354
198 1356
199 1358
200 1354
201 1353
202 1355
203 1357
204 1356
205 1355
206 1355
207 1358
208 1356
209 1357
210 1355
211 1358
212 1356
213 1355
214 1354
215 1353
216 1357
217 1357
218 1354
219 1357
220 1357
221 1359
222 1358
223 1356
224 1354
225 1356
226 1356
227 1354
228 1355
229 1356
230 1358
231 1358
232 1356
233 1356
234 1355
235 1357
236 1354
237 1355
238 1353
239 1356
240 1358
241 1358
242 1354
243 1358
244 1355
245 1358
246 1358
247 1356
248 1357
249 1354
250 1354
251 1356
252 1354
253 1357
254 1355
255 1355
256 1354
257 1355
258 1357
259 1356
260 1358
261 1356
262 1355
263 1354
264 1355
265 1357
266 1355
267 1358
268 1356
269 1357
270 1356
271 1357
272 1359
273 1357
274 1356
275 1356
276 1357
277 1357
278 1356
279 1355
280 1358
281 1358
282 1359
283 1359
284 1357
285 1353
286 1355
287 1354
288 1354
289 1354
290 1356
291 1356
292 1355
293 1356
294 1355
295 1356
296 1357
297 1357
298 1356
299 1357
300 1357
301 1356
302 1358
303 1358
304 1355
305 1353
306 1353
307 1356
308 1358
309 1356
310 1355
311 1354
312 1357
313 1355
314 1356
315 1353
316 1355
317 1357
318 1356
319 1355
320 1356
321 1355
322 1355
323 1357
324 1357
325 1354
326 1358
327 1356
328 1354
329 1354
330 1358
331 1359
332 1354
333 1356
334 1355
335 1355
336 1355
337 1358
338 1357
339 1357
340 1355
341 1356
342 1355
343 1356
344 1357
345 1356
346 1357
347 1353
348 1355
349 1356
350 1355
351 1353
352 1354
353 1356
354 1356
355 1356
356 1354
357 1358
358 1357
359 1358
360 1356
361 1354
362 1354
363 1358
364 1357
365 1357
366 1354
367 1356
368 1355
369 1355
370 1358
371 1357
372 1356
373 1355
374 1355
375 1357
376 1355
377 1355
378 1356
379 1359
380 1356
381 1355
382 1356
383 1357
384 1357
385 1357
386 1356
387 1356
388 1356
389 1352
390 1353
391 1354
392 1354
393 1357
394 1353
395 1356
396 1357
397 1358
398 1354
399 1356
400 1356
401 1360
402 1356
403 1357
404 1355
405 1355
406 1354
407 1356
408 1353
409 1358
410 1356
411 1358
412 1357
413 1356
414 1354
415 1356
416 1356
417 1356
418 1358
419 1355
420 1356
421 1357
422 1358
423 1354
424 1358
425 1357
426 1356
427 1355
428 1356
429 1355
430 1356
431 1358
432 1355
433 1355
434 1355
435 1356
436 1353
437 1356
438 1357
439 1355
440 1358
441 1356
442 1356
443 1355
444 1354
445 1356
446 1354
447 1355
448 1355
449 1356
450 1357
451 1355
452 1356
453 1357
454 1359
455 1357
456 1355
457 1356
458 1357
459 1357
460 1356
461 1354
462 1356
463 1356
464 1354
465 1354
466 1356
467 1354
468 1357
469 1355
470 1356
471 1355
472 1355
473 1356
474 1354
475 1358
476 1356
477 1356
478 1357
479 1354
480 1356
481 1357
482 1356
483 1355
484 1356
485 1356
486 1356
487 1357
488 1355
489 1354
490 1355
491 1355
492 1357
493 1355
494 1356
495 1355
496 1356
497 1355
498 1358
499 1357
500 1360
501 1354
502 1354
503 1356
504 1356
505 1354
506 1354
507 1358
508 1356
509 1358
510 1358
511 1358
512 1356
513 1356
514 1358
515 1357
516 1356
517 1358
518 1355
519 1353
520 1356
521 1356
522 1357
523 1354
524 1356
525 1355
526 1355
527 1357
528 1354
529 1353
530 1356
531 1356
532 1355
533 1357
534 1356
535 1357
536 1360
537 1363
538 1368
539 1377
540 1391
541 1413
542 1439
543 1470
544 1507
545 1549
546 1595
547 1640
548 1681
549 1726
550 1767
551 1803
552 1838
553 1863
554 1890
555 1913
556 1933
557 1954
558 1970
559 1973
560 1979
561 1979
562 1977
563 1969
564 1956
565 1937
566 1917
567 1894
568 1873
569 1853
570 1832
571 1808
572 1786
573 1763
574 1744
575 1724
576 1710
577 1690
578 1671
579 1655
580 1640
581 1624
582 1606
583 1592
584 1577
585 1563
586 1548
587 1533
588 1523
589 1512
590 1503
591 1491
592 1484
593 1476
594 1470
595 1460
596 1455
597 1447
598 1442
599 1433
600 1422
601 1421
602 1417
603 1413
604 1407
605 1404
606 1399
607 1399
608 1394
609 1390
610 1391
611 1391
612 1386
613 1383
614 1380
615 1381
616 1378
617 1379
618 1373
619 1372
620 1372
621 1372
622 1373
623 1372
624 1373
625 1370
626 1367
627 1367
628 1368
629 1366
630 1367
631 1368
632 1366
633 1365
634 1361
635 1362
636 1363
637 1367
638 1365
639 1366
640 1363
641 1362
642 1360
643 1361
644 1358
645 1357
646 1358
647 1360
648 1359
649 1359
650 1356
651 1356
652 1356
653 1356
654 1359
655 1359
656 1360
657 1358
658 1357
659 1358
660 1359
661 1357
662 1356
663 1357
664 1357
665 1359
666 1359
667 1360
668 1361
669 1359
670 1359
671 1357
672 1359
673 1356
674 1356
675 1360
676 1356
677 1356
678 1360
679 1357
680 1356
681 1357
682 1358
683 1357
684 1358
685 1360
686 1355
687 1357
688 1357
689 1360
690 1358
691 1356
692 1357
693 1357
694 1356
695 1358
696 1356
697 1358
698 1358
699 1358
700 1356
701 1359
702 1358
703 1356
704 1358
705 1357
706 1361
707 1355
708 1356
709 1358
710 1357
711 1354
712 1356
713 1356
714 1356
715 1357
716 1357
717 1356
718 1356
719 1358
720 1357
721 1357
722 1357
723 1357
724 1359
725 1357
726 1360
727 1355
728 1357
729 1358
730 1357
731 1358
732 1361
733 1360
734 1358
735 1359
736 1356
737 1358
738 1357
739 1356
740 1357
741 1357
742 1358
743 1357
744 1357
745 1357
746 1357
747 1359
748 1357
749 1357
750 1356
751 1355
752 1358
753 1354
754 1356
755 1357
756 1358
757 1355
758 1357
759 1356
760 1359
761 1355
762 1355
763 1356
764 1358
765 1356
766 1357
767 1356
768 1357
769 1357
770 1357
771 1355
772 1358
773 1360
774 1357
775 1360
776 1360
777 1355
778 1358
779 1355
780 1357
781 1358
782 1355
783 1357
784 1359
785 1358
786 1357
787 1357
788 1358
789 1357
790 1358
791 1357
792 1356
793 1358
794 1357
795 1357
796 1361
797 1355
798 1359
799 1355
800 1356
801 1354
802 1356
803 1354
804 1356
805 1358
806 1357
807 1355
808 1354
809 1354
810 1354
811 1356
812 1356
813 1357
814 1356
815 1357
816 1357
817 1356
818 1358
819 1357
820 1356
821 1356
822 1355
823 1354
824 1357
825 1355
826 1356
827 1357
828 1357
829 1353
830 1357
831 1358
832 1357
833 1357
834 1357
835 1355
836 1358
837 1357
838 1359
839 1354
840 1356
841 1355
842 1356
843 1357
844 1358
845 1354
846 1355
847 1353
848 1357
849 1357
850 1358
851 1355
852 1357
853 1357
854 1357
855 1357
856 1356
857 1356
858 1358
859 1357
860 1358
861 1352
862 1356
863 1358
864 1355
865 1355
866 1354
867 1357
868 1358
869 1357
870 1357
871 1357
872 1357
873 1356
874 1357
875 1356
876 1357
877 1357
878 1354
879 1355
880 1356
881 1357
882 1360
883 1358
884 1356
885 1357
886 1356
887 1357
888 1358
889 1358
890 1358
891 1355
892 1355
893 1356
894 1352
895 1355
896 1354
897 1356
898 1356
899 1356
900 1358
901 1355
902 1357
903 1356
904 1354
905 1356
906 1355
907 1358
908 1357
909 1354
910 1357
911 1355
912 1356
913 1357
914 1354
915 1357
916 1356
917 1355
918 1355
919 1358
920 1356
921 1357
922 1357
923 1356
924 1357
925 1357
926 1357
927 1357
928 1354
929 1355
930 1356
931 1358
932 1355
933 1355
934 1356
935 1357
936 1355
937 1356
938 1355
939 1354
940 1356
941 1356
942 1355
943 1357
944 1356
945 1356
946 1356
947 1356
948 1357
949 1353
950 1359
951 1356
952 1356
953 1354
954 1357
955 1357
956 1355
957 1356
958 1356
959 1354
960 1359
961 1358
962 1356
963 1355
964 1352
965 1352
966 1358
967 1356
968 1356
969 1354
970 1358
971 1356
972 1357
973 1358
974 1358
975 1359
976 1357
977 1357
978 1357
979 1355
980 1356
981 1355
982 1358
983 1356
984 1356
985 1358
986 1357
987 1357
988 1356
989 1353
990 1355
991 1355
992 1355
993 1356
994 1356
995 1355
996 1357
997 1356
998 1355
999 1354
1000 1356
1001 1357
1002 1356
1003 1357
1004 1356
1005 1356
1006 1354
1007 1357
1008 1354
1009 1356
1010 1355
1011 1357
1012 1356
1013 1354
1014 1355
1015 1354
1016 1355
1017 1357
1018 1356
1019 1356
1020 1356
1021 1353
1022 1355
1023 1353
1024 1357
1025 1354
1026 1355
1027 1353
1028 1352
1029 1353
1030 1356
1031 1357
1032 1358
1033 1354
1034 1358
1035 1357
1036 1357
1037 1356
1038 1356
1039 1355
1040 1355
1041 1354
1042 1356
1043 1354
1044 1356
1045 1357
1046 1357
1047 1358
1048 1359
1049 1358
1050 1358
1051 1354
1052 1356
1053 1357
1054 1354
1055 1361
1056 1355
1057 1358
1058 1356
1059 1356
1060 1356
1061 1357
1062 1357
1063 1357
1064 1357
1065 1354
1066 1357
1067 1354
1068 1356
1069 1356
1070 1356
1071 1357
1072 1360
1073 1355
1074 1356
1075 1355
1076 1357
1077 1357
1078 1355
1079 1357
1080 1356
1081 1354
1082 1354
1083 1356
1084 1353
1085 1358
1086 1356
1087 1360
1088 1357
1089 1355
1090 1356
1091 1354
1092 1358
1093 1357
1094 1359
1095 1358
1096 1355
1097 1358
1098 1357
1099 1357
1100 1356
1101 1355
1102 1359
1103 1354
1104 1354
1105 1354
1106 1357
1107 1357
1108 1359
1109 1356
1110 1357
1111 1356
1112 1356
1113 1357
1114 1359
1115 1354
1116 1357
1117 1354
1118 1356
1119 1356
1120 1355
1121 1357
1122 1358
1123 1353
1124 1356
1125 1359
1126 1358
1127 1360
1128 1356
1129 1357
1130 1357
1131 1358
1132 1356
1133 1356
1134 1356
1135 1353
1136 1357
1137 1355
1138 1357
1139 1356
1140 1355
1141 1355
1142 1355
1143 1357
1144 1356
1145 1358
1146 1358
1147 1358
1148 1355
1149 1353
1150 1357
1151 1356
1152 1358
1153 1357
1154 1356
1155 1357
1156 1357
1157 1355
1158 1359
1159 1357
1160 1358
1161 1355
1162 1358
1163 1358
1164 1356
1165 1357
1166 1355
1167 1359
1168 1356
1169 1355
1170 1356
1171 1357
1172 1360
1173 1355
1174 1357
1175 1355
1176 1356
1177 1357
1178 1356
1179 1353
1180 1355
1181 1354
1182 1354
1183 1354
1184 1359
1185 1355
1186 1358
1187 1356
1188 1357
1189 1352
1190 1356
1191 1357
1192 1356
1193 1355
1194 1355
1195 1353
1196 1356
1197 1355
1198 1356
1199 1353
1200 1356
1201 1355
1202 1356
1203 1355
1204 1356
1205 1356
1206 1353
1207 1356
1208 1357
1209 1356
1210 1355
1211 1356
1212 1356
1213 1356
1214 1355
1215 1356
1216 1356
1217 1355
1218 1356
1219 1355
1220 1356
1221 1357
1222 1357
1223 1357
1224 1355
1225 1354
1226 1356
1227 1355
1228 1355
1229 1357
1230 1357
1231 1355
1232 1354
1233 1356
1234 1356
1235 1357
1236 1356
1237 1357
1238 1354
1239 1356
1240 1355
1241 1355
1242 1355
1243 1356
1244 1356
1245 1352
1246 1356
1247 1355
1248 1357
1249 1355
1250 1357
1251 1357
1252 1358
1253 1359
1254 1356
1255 1357
1256 1356
1257 1356
1258 1356
1259 1355
1260 1356
1261 1357
1262 1355
1263 1355
1264 1355
1265 1354
1266 1354
1267 1356
1268 1354
1269 1356
1270 1355
1271 1358
1272 1358
1273 1356
1274 1355
1275 1358
1276 1356
1277 1356
1278 1354
1279 1358
1280 1355
1281 1356
1282 1356
1283 1356
1284 1355
1285 1357
1286 1356
1287 1357
1288 1356
1289 1357
1290 1356
1291 1357
1292 1356
1293 1356
1294 1354
1295 1357
1296 1356
1297 1359
1298 1354
1299 1357
1300 1356
1301 1358
1302 1356
1303 1356
1304 1355
1305 1357
1306 1355
1307 1355
1308 1355
1309 1356
1310 1352
1311 1356
1312 1356
1313 1358
1314 1355
1315 1356
1316 1355
1317 1355
1318 1358
1319 1356
1320 1355
1321 1356
1322 1356
1323 1353
1324 1354
1325 1358
1326 1355
1327 1357
1328 1357
1329 1355
1330 1354
1331 1357
1332 1356
1333 1355
1334 1356
1335 1356
1336 1357
1337 1357
1338 1355
1339 1357
1340 1355
1341 1357
1342 1357
1343 1356
1344 1357
1345 1358
1346 1356
1347 1357
1348 1356
1349 1357
1350 1355
1351 1354
1352 1356
1353 1356
1354 1354
1355 1355
1356 1355
1357 1353
1358 1353
1359 1355
1360 1354
1361 1357
1362 1352
1363 1353
1364 1356
1365 1357
1366 1356
1367 1359
1368 1359
1369 1357
1370 1356
1371 1355
1372 1357
1373 1357
1374 1356
1375 1356
1376 1356
1377 1355
1378 1356
1379 1356
1380 1358
1381 1357
1382 1356
1383 1357
1384 1355
1385 1357
1386 1355
1387 1355
1388 1356
1389 1354
1390 1356
1391 1359
1392 1359
1393 1358
1394 1356
1395 1356
1396 1357
1397 1356
1398 1358
1399 1355
1400 1356
1401 1357
1402 1357
1403 1360
1404 1356
1405 1357
1406 1355
1407 1355
1408 1356
1409 1357
1410 1356
1411 1353
1412 1356
1413 1357
1414 1359
1415 1354
1416 1356
1417 1355
1418 1356
1419 1357
1420 1354
1421 1355
1422 1355
1423 1356
1424 1355
1425 1356
1426 1356
1427 1357
1428 1358
1429 1357
1430 1357
1431 1357
1432 1359
1433 1355
1434 1359
1435 1355
1436 1357
1437 1357
1438 1356
1439 1357
1440 1358
1441 1355
1442 1358
1443 1357
1444 1355
1445 1358
1446 1355
1447 1357
1448 1357
1449 1357
1450 1358
1451 1355
1452 1357
1453 1357
1454 1358
1455 1360
1456 1356
1457 1358
1458 1358
1459 1357
1460 1357
1461 1357
1462 1359
1463 1357
1464 1358
1465 1355
1466 1356
1467 1357
1468 1356
1469 1357
1470 1359
1471 1360
1472 1359
1473 1356
1474 1356
1475 1357
1476 1357
1477 1354
1478 1353
1479 1357
1480 1356
1481 1356
1482 1355
1483 1354
1484 1353
1485 1353
1486 1357
1487 1355
1488 1356
1489 1356
1490 1356
1491 1357
1492 1355
1493 1359
1494 1356
1495 1360
1496 1358
1497 1360
1498 1359
1499 1356
1500 1359
1501 1357
1502 1356
1503 1357
1504 1355
1505 1356
1506 1356
1507 1357
1508 1356
1509 1355
1510 1359
1511 1357
1512 1358
1513 1357
1514 1359
1515 1356
1516 1358
1517 1357
1518 1358
1519 1356
1520 1356
1521 1359
1522 1358
1523 1358
1524 1360
1525 1359
1526 1356
1527 1358
1528 1356
1529 1361
1530 1357
1531 1358
1532 1358
1533 1357
1534 1356
1535 1361
1536 1356
1537 1354
1538 1353
1539 1355
1540 1358
1541 1356
1542 1357
1543 1357
1544 1361
1545 1359
1546 1357
1547 1357
1548 1360
1549 1357
1550 1357
1551 1354
1552 1355
1553 1358
1554 1359
1555 1356
1556 1357
1557 1357
1558 1357
1559 1357
1560 1356
1561 1355
1562 1358
1563 1357
1564 1358
1565 1354
1566 1356
1567 1356
1568 1354
1569 1356
1570 1356
1571 1355
1572 1355
1573 1354
1574 1355
1575 1354
1576 1355
1577 1353
1578 1354
1579 1356
1580 1356
1581 1355
1582 1357
1583 1357
1584 1362
1585 1358
1586 1358
1587 1355
1588 1356
1589 1357
1590 1357
1591 1357
1592 1356
1593 1357
1594 1357
1595 1356
1596 1358
1597 1354
1598 1355
1599 1354
1600 1357
1601 1356
1602 1356
1603 1354
1604 1359
1605 1356
1606 1357
1607 1356
1608 1356
1609 1358
1610 1357
1611 1356
1612 1356
1613 1356
1614 1358
1615 1358
1616 1356
1617 1358
1618 1358
1619 1357
1620 1356
1621 1354
1622 1354
1623 1352
1624 1355
1625 1357
1626 1360
1627 1354
1628 1356
1629 1357
1630 1356
1631 1356
1632 1356
1633 1353
1634 1354
1635 1357
1636 1356
1637 1354
1638 1356
1639 1360
1640 1356
1641 1358
1642 1356
1643 1359
1644 1357
1645 1356
1646 1354
1647 1355
1648 1356
1649 1357
1650 1357
1651 1355
1652 1354
1653 1355
1654 1357
1655 1357
1656 1355
1657 1358
1658 1355
1659 1357
1660 1355
1661 1357
1662 1358
1663 1357
1664 1357
1665 1356
1666 1356
1667 1360
1668 1357
1669 1359
1670 1356
1671 1357
1672 1357
1673 1353
1674 1356
1675 1355
1676 1357
1677 1357
1678 1354
1679 1358
1680 1355
1681 1355
1682 1356
1683 1358
1684 1356
1685 1356
1686 1357
1687 1359
1688 1359
1689 1356
1690 1355
1691 1357
1692 1358
1693 1357
1694 1356
1695 1358
1696 1354
1697 1358
1698 1356
1699 1356
1700 1356
1701 1358
1702 1358
1703 1359
1704 1359
1705 1357
1706 1357
1707 1354
1708 1357
1709 1356
1710 1358
1711 1358
1712 1358
1713 1359
1714 1357
1715 1356
1716 1357
1717 1356
1718 1355
1719 1360
1720 1357
1721 1357
1722 1356
1723 1356
1724 1355
1725 1355
1726 1356
1727 1356
1728 1355
1729 1355
1730 1357
1731 1357
1732 1359
1733 1357
1734 1356
1735 1360
1736 1357
1737 1356
1738 1355
1739 1357
1740 1356
1741 1359
1742 1359
1743 1353
1744 1355
1745 1356
1746 1355
1747 1355
1748 1358
1749 1357
1750 1361
1751 1353
1752 1357
1753 1356
1754 1355
1755 1355
1756 1352
1757 1357
1758 1356
1759 1357
1760 1358
1761 1356
1762 1355
1763 1355
1764 1359
1765 1356
1766 1357
1767 1355
1768 1356
1769 1354
1770 1357
1771 1353
1772 1359
1773 1356
1774 1358
1775 1355
1776 1357
1777 1354
1778 1355
1779 1354
1780 1355
1781 1357
1782 1356
1783 1355
1784 1354
1785 1355
1786 1356
1787 1354
1788 1354
1789 1353
1790 1356
1791 1358
1792 1356
1793 1355
1794 1356
1795 1355
1796 1357
1797 1355
1798 1358
1799 1354
1800 1358
1801 1356
1802 1357
1803 1356
1804 1356
1805 1354
1806 1358
1807 1360
1808 1358
1809 1356
1810 1356
1811 1355
1812 1356
1813 1355
1814 1355
1815 1356
1816 1355
1817 1355
1818 1355
1819 1357
1820 1357
1821 1357
1822 1357
1823 1356
1824 1357
1825 1353
1826 1357
1827 1356
1828 1357
1829 1356
1830 1356
1831 1356
1832 1358
1833 1354
1834 1357
1835 1357
1836 1357
1837 1354
1838 1357
1839 1355
1840 1355
1841 1354
1842 1356
1843 1357
1844 1357
1845 1357
1846 1356
1847 1356
1848 1355
1849 1356
1850 1356
1851 1354
1852 1357
1853 1354
1854 1358
1855 1357
1856 1357
1857 1355
1858 1357
1859 1355
1860 1357
1861 1353
1862 1358
1863 1358
1864 1358
1865 1357
1866 1357
1867 1356
1868 1356
1869 1353
1870 1357
1871 1355
1872 1356
1873 1352
1874 1358
1875 1355
1876 1356
1877 1357
1878 1356
1879 1353
1880 1355
1881 1357
1882 1357
1883 1358
1884 1358
1885 1358
1886 1357
1887 1355
1888 1357
1889 1355
1890 1357
1891 1356
1892 1358
1893 1356
1894 1355
1895 1354
1896 1356
1897 1353
1898 1355
1899 1356
1900 1358
1901 1356
1902 1357
1903 1352
1904 1353
1905 1352
1906 1356
1907 1356
1908 1355
1909 1355
1910 1355
1911 1353
1912 1357
1913 1357
1914 1357
1915 1357
1916 1356
1917 1356
1918 1356
1919 1355
1920 1357
1921 1355
1922 1358
1923 1355
1924 1357
1925 1355
1926 1357
1927 1354
1928 1356
1929 1355
1930 1356
1931 1356
1932 1356
1933 1353
1934 1358
1935 1356
1936 1359
1937 1357
1938 1356
1939 1354
1940 1354
1941 1356
1942 1356
1943 1354
1944 1356
1945 1357
1946 1356
1947 1355
1948 1357
1949 1351
1950 1357
1951 1356
1952 1357
1953 1353
1954 1355
1955 1356
1956 1354
1957 1355
1958 1359
1959 1358
1960 1359
1961 1355
1962 1358
1963 1355
1964 1356
1965 1353
1966 1357
1967 1358
1968 1358
1969 1356
1970 1357
1971 1354
1972 1357
1973 1356
1974 1356
1975 1356
1976 1358
1977 1357
1978 1355
1979 1355
1980 1356
1981 1357
1982 1358
1983 1353
1984 1356
1985 1357
1986 1358
1987 1356
1988 1357
1989 1353
1990 1355
1991 1355
1992 1357
1993 1354
1994 1354
1995 1355
1996 1357
1997 1357
1998 1356
1999 1357
2000 1355
2001 1356
2002 1355
2003 1355
2004 1356
2005 1358
2006 1356
2007 1353
2008 1355
2009 1353
2010 1355
2011 1355
2012 1357
2013 1355
2014 1356
2015 1356
2016 1354
2017 1356
2018 1356
2019 1358
2020 1353
2021 1357
2022 1356
2023 1357
2024 1356
2025 1358
2026 1355
2027 1357
2028 1355
2029 1356
2030 1356
2031 1355
2032 1356
2033 1356
2034 1354
2035 1356
2036 1357
2037 1357
2038 1356
2039 1354
2040 1356
2041 1359
2042 1355
2043 1357
2044 1356
2045 1358
2046 1355
2047 1356
2048 1353
2049 1357
2050 1357
2051 1355
2052 1356
2053 1357
2054 1356
2055 1355
2056 1355
2057 1355
2058 1356
2059 1359
2060 1357
2061 1352
2062 1356
2063 1356
2064 1354
2065 1355
2066 1356
2067 1361
2068 1360
2069 1356
2070 1353
2071 1355
2072 1356
2073 1359
2074 1358
2075 1353
2076 1356
2077 1355
2078 1356
2079 1353
2080 1356
2081 1356
2082 1360
2083 1356
2084 1356
2085 1355
2086 1356
2087 1357
2088 1361
2089 1357
2090 1350
2091 1355
2092 1359
2093 1356
2094 1355
2095 1351
2096 1356
2097 1354
2098 1357
2099 1355
2100 1356
2101 1357
2102 1359
2103 1356
2104 1358
2105 1357
2106 1361
2107 1355
2108 1357
2109 1357
2110 1358
2111 1355
2112 1356
2113 1354
2114 1356
2115 1357
2116 1354
2117 1357
2118 1356
2119 1356
2120 1356
2121 1357
2122 1356
2123 1355
2124 1356
2125 1355
2126 1357
2127 1356
2128 1356
2129 1354
2130 1356
2131 1355
2132 1357
2133 1358
2134 1356
2135 1356
2136 1356
2137 1356
2138 1359
2139 1357
2140 1357
2141 1357
2142 1357
2143 1357
2144 1357
2145 1356
2146 1356
2147 1353
2148 1357
2149 1358
2150 1358
2151 1358
2152 1358
2153 1357
2154 1357
2155 1353
2156 1357
2157 1357
2158 1358
2159 1357
2160 1356
2161 1357
2162 1357
2163 1355
2164 1357
2165 1355
2166 1358
2167 1357
2168 1357
2169 1358
2170 1357
2171 1356
2172 1356
2173 1354
2174 1354
2175 1355
2176 1355
2177 1357
2178 1354
2179 1351
2180 1358
2181 1354
2182 1357
2183 1357
2184 1356
2185 1355
2186 1356
2187 1356
2188 1357
2189 1355
2190 1356
2191 1356
2192 1355
2193 1353
2194 1358
2195 1357
2196 1358
2197 1357
2198 1357
2199 1356
2200 1358
2201 1358
2202 1356
2203 1356
2204 1357
2205 1356
2206 1358
2207 1355
2208 1354
2209 1355
2210 1359
2211 1357
2212 1357
2213 1356
2214 1351
2215 1352
2216 1356
2217 1357
2218 1357
2219 1355
2220 1359
2221 1358
2222 1356
2223 1357
2224 1356
2225 1357
2226 1355
2227 1356
2228 1357
2229 1356
2230 1357
2231 1358
2232 1357
2233 1354
2234 1356
2235 1357
2236 1356
2237 1357
2238 1357
2239 1354
2240 1357
2241 1355
2242 1355
2243 1354
2244 1356
2245 1354
2246 1363
2247 1361
2248 1358
2249 1354
2250 1354
2251 1357
2252 1358
2253 1356
2254 1353
2255 1355
2256 1356
2257 1357
2258 1355
2259 1358
2260 1358
2261 1360
2262 1358
2263 1358
2264 1362
2265 1356
2266 1357
2267 1358
2268 1358
2269 1357
2270 1355
2271 1354
2272 1358
2273 1358
2274 1357
2275 1357
2276 1356
2277 1357
2278 1355
2279 1358
2280 1360
2281 1357
2282 1358
2283 1356
2284 1355
2285 1359
2286 1357
2287 1358
2288 1358
2289 1361
2290 1353
2291 1357
2292 1358
2293 1358
2294 1356
2295 1357
2296 1355
2297 1357
2298 1354
2299 1357
2300 1357
2301 1358
2302 1356
2303 1361
2304 1356
2305 1357
2306 1359
2307 1357
2308 1356
2309 1357
2310 1358
2311 1356
2312 1356
2313 1356
2314 1353
2315 1360
2316 1355
2317 1357
2318 1357
2319 1357
2320 1356
2321 1355
2322 1355
2323 1357
2324 1359
2325 1357
2326 1358
2327 1357
2328 1356
2329 1355
2330 1357
2331 1356
2332 1357
2333 1356
2334 1355
2335 1357
2336 1357
2337 1356
2338 1359
2339 1357
2340 1356
2341 1357
2342 1357
2343 1357
2344 1358
2345 1356
2346 1355
2347 1357
2348 1357
2349 1360
2350 1359
2351 1357
2352 1358
2353 1356
2354 1356
2355 1357
2356 1357
2357 1356
2358 1355
2359 1355
2360 1356
2361 1360
2362 1356
2363 1356
2364 1356
2365 1356
2366 1356
2367 1356
2368 1356
2369 1355
2370 1355
2371 1359
2372 1356
2373 1356
2374 1353
2375 1355
2376 1361
2377 1358
2378 1353
2379 1355
2380 1357
2381 1359
2382 1357
2383 1355
2384 1355
2385 1355
2386 1355
2387 1353
2388 1351
2389 1357
2390 1357
2391 1357
2392 1358
2393 1357
2394 1354
2395 1357
2396 1356
2397 1358
2398 1356
2399 1356
2400 1356
2401 1355
2402 1353
2403 1357
2404 1357
2405 1356
2406 1356
2407 1357
2408 1357
2409 1357
2410 1357
2411 1358
2412 1358
2413 1355
2414 1355
2415 1355
2416 1358
2417 1357
2418 1358
2419 1356
2420 1355
2421 1357
2422 1354
2423 1356
2424 1353
2425 1351
2426 1358
2427 1363
2428 1359
2429 1354
2430 1356
2431 1355
2432 1357
2433 1355
2434 1356
2435 1354
2436 1355
2437 1356
2438 1356
2439 1356
2440 1357
2441 1358
2442 1358
2443 1355
2444 1357
2445 1354
2446 1357
2447 1357
2448 1358
2449 1355
2450 1353
2451 1354
2452 1357
2453 1356
2454 1354
2455 1358
2456 1357
2457 1357
2458 1355
2459 1357
2460 1358
2461 1357
2462 1361
2463 1355
2464 1353
2465 1358
2466 1361
2467 1358
2468 1353
2469 1358
2470 1356
2471 1357
2472 1357
2473 1357
2474 1359
2475 1357
2476 1356
2477 1355
2478 1358
2479 1356
2480 1354
2481 1356
2482 1357
2483 1357
2484 1355
2485 1355
2486 1360
2487 1357
2488 1359
2489 1357
2490 1355
2491 1356
2492 1355
2493 1354
2494 1356
2495 1357
2496 1357
2497 1356
2498 1357
2499 1355
2500 1355
2501 1356
2502 1354
2503 1357
2504 1356
2505 1357
2506 1357
2507 1355
2508 1354
2509 1354
2510 1355
2511 1357
2512 1359
2513 1359
2514 1358
2515 1357
2516 1356
2517 1357
2518 1357
2519 1355
2520 1356
2521 1357
2522 1358
2523 1357
2524 1353
2525 1355
2526 1356
2527 1356
2528 1358
2529 1357
2530 1357
2531 1356
2532 1356
2533 1355
2534 1355
2535 1354
2536 1357
2537 1354
2538 1358
2539 1354
2540 1356
2541 1354
2542 1358
2543 1357
2544 1357
2545 1355
2546 1359
2547 1357
2548 1359
2549 1357
2550 1354
2551 1355
2552 1354
2553 1357
2554 1356
2555 1356
2556 1355
2557 1356
2558 1357
2559 1355
2560 1358
2561 1355
2562 1355
2563 1354
2564 1359
2565 1357
2566 1357
2567 1356
2568 1358
2569 1357
2570 1355
2571 1357
2572 1356
2573 1357
2574 1359
2575 1356
2576 1356
2577 1354
2578 1356
2579 1353
2580 1357
2581 1358
2582 1355
2583 1357
2584 1355
2585 1355
2586 1358
2587 1356
2588 1355
2589 1355
2590 1357
2591 1355
2592 1356
2593 1354
2594 1358
2595 1357
2596 1356
2597 1357
2598 1359
2599 1357
2600 1356
2601 1357
2602 1356
2603 1356
2604 1354
2605 1352
2606 1358
2607 1357
2608 1360
2609 1354
2610 1355
2611 1354
2612 1355
2613 1352
2614 1351
2615 1353
2616 1355
2617 1355
2618 1355
2619 1355
2620 1357
2621 1355
2622 1360
2623 1353
2624 1357
2625 1356
2626 1355
2627 1358
2628 1358
2629 1356
2630 1353
2631 1354
2632 1356
2633 1357
2634 1355
2635 1353
2636 1356
2637 1354
2638 1358
2639 1357
2640 1356
2641 1357
2642 1353
2643 1356
2644 1356
2645 1358
2646 1359
2647 1356
2648 1355
2649 1356
2650 1357
2651 1357
2652 1358
2653 1357
2654 1356
2655 1353
2656 1354
2657 1356
2658 1357
2659 1357
2660 1358
2661 1356
2662 1358
2663 1356
2664 1358
2665 1358
2666 1355
2667 1355
2668 1355
2669 1356
2670 1357
2671 1354
2672 1359
2673 1360
2674 1356
2675 1357
2676 1353
2677 1356
2678 1357
2679 1356
2680 1357
2681 1357
2682 1357
2683 1356
2684 1357
2685 1359
2686 1358
2687 1358
2688 1358
2689 1357
2690 1354
2691 1359
2692 1356
2693 1357
2694 1357
2695 1357
2696 1358
2697 1356
2698 1359
2699 1358
2700 1357
2701 1357
2702 1356
2703 1360
2704 1356
2705 1356
2706 1354
2707 1353
2708 1358
2709 1354
2710 1354
2711 1356
2712 1358
2713 1354
2714 1357
2715 1359
2716 1358
2717 1359
2718 1357
2719 1359
2720 1357
2721 1358
2722 1356
2723 1357
2724 1358
2725 1354
2726 1355
2727 1355
2728 1357
2729 1355
2730 1355
2731 1357
2732 1354
2733 1357
2734 1354
2735 1354
2736 1356
2737 1357
2738 1358
2739 1356
2740 1358
2741 1359
2742 1357
2743 1358
2744 1356
2745 1353
2746 1356
2747 1355
2748 1357
2749 1356
2750 1357
2751 1356
2752 1357
2753 1354
2754 1357
2755 1355
2756 1357
2757 1356
2758 1359
2759 1357
2760 1356
2761 1357
2762 1358
2763 1357
2764 1358
2765 1355
2766 1357
2767 1355
2768 1358
2769 1355
2770 1356
2771 1356
2772 1356
2773 1354
2774 1357
2775 1356
2776 1357
2777 1357
2778 1359
2779 1357
2780 1357
2781 1357
2782 1358
2783 1355
2784 1354
2785 1355
2786 1358
2787 1357
2788 1357
2789 1353
2790 1355
2791 1357
2792 1356
2793 1354
2794 1353
2795 1357
2796 1356
2797 1355
2798 1356
2799 1356
2800 1356
2801 1355
2802 1358
2803 1357
2804 1358
2805 1357
2806 1356
2807 1355
2808 1358
2809 1360
2810 1358
2811 1353
2812 1356
2813 1358
2814 1359
2815 1359
2816 1359
2817 1356
2818 1358
2819 1356
2820 1357
2821 1353
2822 1358
2823 1351
2824 1356
2825 1355
2826 1358
2827 1356
2828 1355
2829 1353
2830 1357
2831 1356
2832 1356
2833 1355
2834 1360
2835 1355
2836 1356
2837 1356
2838 1357
2839 1354
2840 1356
2841 1357
2842 1356
2843 1355
2844 1357
2845 1357
2846 1358
2847 1357
2848 1356
2849 1354
2850 1355
2851 1357
2852 1356
2853 1354
2854 1356
2855 1361
2856 1357
2857 1359
2858 1356
2859 1357
2860 1357
2861 1354
2862 1357
2863 1355
2864 1358
2865 1357
2866 1359
2867 1355
2868 1356
2869 1354
2870 1358
2871 1358
2872 1357
2873 1356
2874 1356
2875 1358
2876 1357
2877 1357
2878 1355
2879 1355
2880 1356
2881 1355
2882 1357
2883 1353
2884 1355
2885 1359
2886 1358
2887 1355
2888 1355
2889 1352
2890 1356
2891 1356
2892 1358
2893 1356
2894 1358
2895 1357
2896 1358
2897 1356
2898 1357
2899 1355
2900 1358
2901 1354
2902 1356
2903 1354
2904 1357
2905 1355
2906 1356
2907 1356
2908 1358
2909 1355
2910 1357
2911 1355
2912 1356
2913 1355
2914 1357
2915 1353
2916 1357
2917 1355
2918 1360
2919 1355
2920 1357
2921 1356
2922 1356
2923 1355
2924 1356
2925 1357
2926 1356
2927 1355
2928 1357
2929 1356
2930 1356
2931 1355
2932 1358
2933 1356
2934 1356
2935 1357
2936 1359
2937 1355
2938 1354
2939 1355
2940 1356
2941 1357
2942 1356
2943 1355
2944 1357
2945 1355
2946 1360
2947 1358
2948 1358
2949 1356
2950 1357
2951 1357
2952 1356
2953 1355
2954 1356
2955 1356
2956 1357
2957 1356
2958 1359
2959 1356
2960 1356
2961 1356
2962 1359
2963 1356
2964 1355
2965 1356
2966 1357
2967 1357
2968 1357
2969 1354
2970 1353
2971 1355
2972 1357
2973 1357
2974 1355
2975 1353
2976 1357
2977 1354
2978 1355
2979 1357
2980 1357
2981 1356
2982 1356
2983 1359
2984 1359
2985 1358
2986 1359
2987 1356
2988 1359
2989 1357
2990 1356
2991 1356
2992 1353
2993 1358
2994 1358
2995 1356
2996 1354
2997 1357
2998 1358
2999 1356
3000 1357
3001 1356
3002 1354
3003 1355
3004 1356
3005 1353
3006 1355
3007 1356
3008 1358
3009 1357
3010 1358
3011 1356
3012 1358
3013 1356
3014 1355
3015 1357
3016 1354
3017 1355
3018 1359
3019 1358
3020 1356
3021 1357
3022 1355
3023 1357
3024 1356
3025 1354
3026 1356
3027 1358
3028 1357
3029 1356
3030 1353
3031 1354
3032 1353
3033 1356
3034 1357
3035 1356
3036 1356
3037 1357
3038 1356
3039 1355
3040 1357
3041 1356
3042 1357
3043 1353
3044 1356
3045 1357
3046 1356
3047 1354
3048 1357
3049 1353
3050 1355
3051 1358
3052 1355
3053 1357
3054 1356
3055 1356
3056 1356
3057 1356
3058 1355
3059 1354
3060 1356
3061 1357
3062 1356
3063 1356
3064 1354
3065 1355
3066 1359
3067 1355
3068 1354
3069 1356
3070 1356
3071 1354
3072 1355
3073 1354
3074 1356
3075 1355
3076 1356
3077 1358
3078 1354
3079 1352
3080 1352
3081 1355
3082 1353
3083 1357
3084 1356
3085 1357
3086 1356
3087 1356
3088 1355
3089 1357
3090 1358
3091 1352
3092 1352
3093 1356
3094 1356
3095 1356
3096 1355
3097 1358
3098 1356
3099 1355
3100 1356
3101 1357
3102 1358
3103 1354
3104 1353
3105 1354
3106 1353
3107 1357
3108 1356
3109 1356
3110 1354
3111 1358
3112 1355
3113 1356
3114 1358
3115 1356
3116 1357
3117 1357
3118 1353
3119 1355
3120 1355
3121 1356
3122 1354
3123 1355
3124 1357
3125 1355
3126 1356
3127 1353
3128 1355
3129 1353
3130 1355
3131 1357
3132 1357
3133 1355
3134 1354
3135 1356
3136 1354
3137 1355
3138 1356
3139 1353
3140 1358
3141 1358
3142 1358
3143 1355
3144 1357
3145 1357
3146 1356
3147 1361
3148 1361
3149 1356
3150 1356
3151 1353
3152 1357
3153 1354
3154 1356
3155 1355
3156 1358
3157 1355
3158 1355
3159 1356
3160 1356
3161 1358
3162 1357
3163 1358
3164 1356
3165 1356
3166 1355
3167 1360
3168 1358
3169 1356
3170 1355
3171 1355
3172 1356
3173 1359
3174 1358
3175 1354
3176 1356
3177 1354
3178 1357
3179 1357
3180 1357
3181 1356
3182 1355
3183 1358
3184 1356
3185 1356
3186 1354
3187 1356
3188 1355
3189 1356
3190 1354
3191 1355
3192 1359
3193 1357
3194 1355
3195 1356
3196 1356
3197 1357
3198 1356
3199 1353
3200 1358
3201 1354
3202 1356
3203 1352
3204 1353
3205 1355
3206 1356
3207 1356
3208 1358
3209 1355
3210 1356
3211 1356
3212 1356
3213 1355
3214 1355
3215 1354
3216 1359
3217 1355
3218 1354
3219 1351
3220 1357
3221 1355
3222 1356
3223 1352
3224 1356
3225 1357
3226 1358
3227 1358
3228 1354
3229 1357
3230 1356
3231 1355
3232 1357
3233 1354
3234 1355
3235 1355
3236 1355
3237 1357
3238 1356
3239 1357
3240 1356
3241 1357
3242 1359
3243 1359
3244 1356
3245 1354
3246 1356
3247 1354
3248 1355
3249 1355
3250 1358
3251 1360
3252 1359
3253 1356
3254 1356
3255 1355
3256 1357
3257 1357
3258 1357
3259 1356
3260 1359
3261 1355
3262 1359
3263 1356
3264 1356
3265 1357
3266 1361
3267 1357
3268 1359
3269 1352
3270 1357
3271 1354
3272 1356
3273 1355
3274 1357
3275 1356
3276 1358
3277 1355
3278 1356
3279 1354
3280 1357
3281 1355
3282 1354
3283 1355
3284 1356
3285 1355
3286 1355
3287 1353
3288 1356
3289 1356
3290 1358
3291 1357
3292 1357
3293 1357
3294 1356
3295 1357
3296 1356
3297 1354
3298 1357
3299 1358
3300 1357
3301 1356
3302 1356
3303 1357
3304 1356
3305 1357
3306 1357
3307 1355
3308 1358
3309 1355
3310 1355
3311 1354
3312 1354
3313 1355
3314 1356
3315 1355
3316 1357
3317 1356
3318 1353
3319 1355
3320 1356
3321 1358
3322 1356
3323 1355
3324 1354
3325 1355
3326 1354
3327 1360
3328 1359
3329 1356
3330 1352
3331 1357
3332 1359
3333 1357
3334 1357
3335 1356
3336 1355
3337 1354
3338 1356
3339 1352
3340 1355
3341 1355
3342 1356
3343 1357
3344 1355
3345 1355
3346 1356
3347 1354
3348 1357
3349 1357
3350 1356
3351 1354
3352 1354
3353 1358
3354 1356
3355 1354
3356 1353
3357 1356
3358 1354
3359 1355
3360 1356
3361 1355
3362 1355
3363 1354
3364 1356
3365 1352
3366 1359
3367 1357
3368 1356
3369 1356
3370 1356
3371 1353
3372 1357
3373 1357
3374 1356
3375 1354
3376 1355
3377 1355
3378 1355
3379 1351
3380 1356
3381 1356
3382 1357
3383 1353
3384 1356
3385 1357
3386 1357
3387 1354
3388 1356
3389 1355
3390 1354
3391 1354
3392 1357
3393 1354
3394 1357
3395 1356
3396 1357
3397 1354
3398 1357
3399 1355
3400 1356
3401 1354
3402 1356
3403 1354
3404 1355
3405 1355
3406 1357
3407 1355
3408 1356
3409 1357
3410 1358
3411 1356
3412 1357
3413 1357
3414 1357
3415 1355
3416 1358
3417 1360
3418 1357
3419 1354
3420 1355
3421 1356
3422 1356
3423 1355
3424 1355
3425 1356
3426 1356
3427 1357
3428 1354
3429 1357
3430 1356
3431 1356
3432 1356
3433 1355
3434 1354
3435 1354
3436 1356
3437 1357
3438 1356
3439 1352
3440 1356
3441 1356
3442 1356
3443 1355
3444 1356
3445 1355
3446 1358
3447 1357
3448 1358
3449 1357
3450 1356
3451 1357
3452 1357
3453 1355
3454 1358
3455 1357
3456 1358
3457 1355
3458 1357
3459 1356
3460 1356
3461 1357
3462 1356
3463 1354
3464 1356
3465 1355
3466 1355
3467 1358
3468 1354
3469 1356
3470 1356
3471 1355
3472 1357
3473 1357
3474 1355
3475 1357
3476 1356
3477 1357
3478 1358
3479 1356
3480 1355
3481 1354
3482 1356
3483 1356
3484 1356
3485 1358
3486 1358
3487 1358
3488 1357
3489 1357
3490 1356
3491 1356
3492 1355
3493 1354
3494 1356
3495 1354
3496 1357
3497 1356
3498 1357
3499 1356
3500 1357
3501 1357
3502 1356
3503 1355
3504 1355
3505 1357
3506 1358
3507 1357
3508 1357
3509 1353
3510 1357
3511 1357
3512 1357
3513 1356
3514 1355
3515 1358
3516 1359
3517 1357
3518 1356
3519 1356
3520 1356
3521 1357
3522 1358
3523 1354
3524 1355
3525 1357
3526 1357
3527 1357
3528 1358
3529 1355
3530 1356
3531 1357
3532 1357
3533 1357
3534 1354
3535 1357
3536 1356
3537 1352
3538 1355
3539 1357
3540 1357
3541 1355
3542 1356
3543 1354
3544 1356
3545 1355
3546 1357
3547 1356
3548 1358
3549 1356
3550 1355
3551 1356
3552 1355
3553 1354
3554 1356
3555 1355
3556 1356
3557 1356
3558 1357
3559 1357
3560 1357
3561 1355
3562 1357
3563 1354
3564 1356
3565 1357
3566 1354
3567 1357
3568 1358
3569 1354
3570 1357
3571 1355
3572 1356
3573 1359
3574 1356
3575 1356
3576 1358
3577 1356
3578 1356
3579 1356
3580 1358
3581 1354
3582 1356
3583 1355
3584 1355
3585 1354
3586 1358
3587 1356
3588 1356
3589 1353
3590 1354
3591 1354
3592 1356
3593 1357
3594 1356
3595 1356
3596 1356
3597 1353
3598 1358
3599 1356
3600 1356
3601 1354
3602 1353
3603 1353
3604 1357
3605 1358
3606 1358
3607 1356
3608 1359
3609 1355
3610 1357
3611 1355
3612 1357
3613 1357
3614 1356
3615 1356
3616 1354
3617 1357
3618 1354
3619 1356
3620 1356
3621 1356
3622 1356
3623 1357
3624 1355
3625 1357
3626 1356
3627 1354
3628 1357
3629 1357
3630 1356
3631 1357
3632 1356
3633 1356
3634 1356
3635 1358
3636 1355
3637 1356
3638 1357
3639 1357
3640 1359
3641 1355
3642 1357
3643 1355
3644 1356
3645 1355
3646 1357
3647 1354
3648 1358
3649 1354
3650 1357
3651 1353
3652 1356
3653 1353
3654 1356
3655 1356
3656 1358
3657 1353
3658 1356
3659 1357
3660 1359
3661 1356
3662 1356
3663 1355
3664 1358
3665 1358
3666 1358
3667 1355
3668 1357
3669 1357
3670 1355
3671 1356
3672 1357
3673 1360
3674 1354
3675 1358
3676 1356
3677 1355
3678 1355
3679 1356
3680 1356
3681 1356
3682 1356
3683 1355
3684 1356
3685 1355
3686 1356
3687 1357
3688 1356
3689 1355
3690 1356
3691 1354
3692 1356
3693 1357
3694 1358
3695 1358
3696 1356
3697 1353
3698 1357
3699 1352
3700 1355
3701 1355
3702 1356
3703 1354
3704 1354
3705 1360
3706 1356
3707 1355
3708 1358
3709 1357
3710 1359
3711 1359
3712 1358
3713 1358
3714 1357
3715 1357
3716 1355
3717 1357
3718 1359
3719 1357
3720 1355
3721 1354
3722 1356
3723 1356
3724 1356
3725 1357
3726 1356
3727 1357
3728 1356
3729 1355
3730 1354
3731 1358
3732 1354
3733 1355
3734 1355
3735 1354
3736 1356
3737 1357
3738 1355
3739 1357
3740 1356
3741 1357
3742 1357
3743 1353
3744 1356
3745 1357
3746 1360
3747 1356
3748 1356
3749 1354
3750 1356
3751 1357
3752 1355
3753 1356
3754 1356
3755 1358
3756 1357
3757 1359
3758 1357
3759 1355
3760 1353
3761 1356
3762 1355
3763 1357
3764 1354
3765 1355
3766 1356
3767 1358
3768 1355
3769 1355
3770 1354
3771 1358
3772 1355
3773 1357
3774 1356
3775 1357
3776 1357
3777 1357
3778 1356
3779 1356
3780 1357
3781 1353
3782 1356
3783 1359
3784 1358
3785 1357
3786 1356
3787 1355
3788 1356
3789 1353
3790 1355
3791 1353
3792 1356
3793 1354
3794 1354
3795 1357
3796 1356
3797 1355
3798 1355
3799 1354
3800 1356
3801 1351
3802 1357
3803 1354
3804 1356
3805 1357
3806 1356
3807 1356
3808 1356
3809 1354
3810 1355
3811 1355
3812 1356
3813 1356
3814 1357
3815 1356
3816 1357
3817 1358
3818 1357
3819 1354
3820 1357
3821 1355
3822 1358
3823 1356
3824 1356
3825 1353
3826 1353
3827 1356
3828 1355
3829 1354
3830 1356
3831 1356
3832 1359
3833 1357
3834 1354
3835 1357
3836 1353
3837 1357
3838 1356
3839 1356
3840 1356
3841 1357
3842 1354
3843 1357
3844 1355
3845 1357
3846 1355
3847 1355
3848 1355
3849 1359
3850 1354
3851 1356
3852 1356
3853 1355
3854 1355
3855 1356
3856 1355
3857 1355
3858 1355
3859 1357
3860 1356
3861 1353
3862 1355
3863 1355
3864 1356
3865 1353
3866 1356
3867 1356
3868 1356
3869 1352
3870 1352
3871 1353
3872 1354
3873 1355
3874 1356
3875 1357
3876 1358
3877 1356
3878 1354
3879 1355
3880 1357
3881 1355
3882 1358
3883 1356
3884 1355
3885 1357
3886 1357
3887 1355
3888 1355
3889 1354
3890 1357
3891 1357
3892 1357
3893 1355
3894 1357
3895 1355
3896 1357
3897 1357
3898 1355
3899 1357
3900 1354
3901 1353
3902 1358
3903 1357
3904 1358
3905 1356
3906 1356
3907 1356
3908 1357
3909 1354
3910 1357
3911 1357
3912 1356
3913 1355
3914 1356
3915 1357
3916 1357
3917 1357
3918 1356
3919 1356
3920 1355
3921 1355
3922 1354
3923 1355
3924 1356
3925 1356
3926 1354
3927 1359
3928 1357
3929 1358
3930 1358
3931 1358
3932 1355
3933 1356
3934 1355
3935 1357
3936 1357
3937 1358
3938 1357
3939 1356
3940 1358
3941 1356
3942 1356
3943 1354
3944 1354
3945 1352
3946 1356
3947 1354
3948 1359
3949 1356
3950 1354
3951 1358
3952 1357
3953 1357
3954 1356
3955 1357
3956 1354
3957 1357
3958 1354
3959 1351
3960 1356
3961 1357
3962 1356
3963 1357
3964 1355
3965 1357
3966 1357
3967 1357
3968 1356
3969 1357
3970 1353
3971 1358
3972 1356
3973 1355
3974 1358
3975 1358
3976 1354
3977 1355
3978 1354
3979 1353
3980 1355
3981 1356
3982 1355
3983 1357
3984 1356
3985 1356
3986 1354
3987 1355
3988 1356
3989 1358
3990 1356
3991 1357
3992 1356
3993 1356
3994 1356
3995 1358
3996 1357
3997 1358
3998 1357
3999 1357
