0 1356
1 1357
2 1355
3 1357
4 1353
5 1357
6 1355
7 1355
8 1353
9 1356
10 1353
11 1356
12 1355
13 1356
14 1356
15 1355
16 1357
17 1357
18 1354
19 1355
20 1356
21 1356
22 1357
23 1357
24 1353
25 1354
26 1356
27 1358
28 1356
29 1355
30 1355
31 1355
32 1351
33 1355
34 1354
35 1355
36 1354
37 1356
38 1357
39 1358
40 1357
41 1355
42 1357
43 1357
44 1355
45 1357
46 1355
47 1354
48 1354
49 1355
50 1356
51 1356
52 1355
53 1357
54 1355
55 1356
56 1356
57 1356
58 1354
59 1356
60 1355
61 1357
62 1355
63 1357
64 1356
65 1356
66 1357
67 1357
68 1355
69 1355
70 1356
71 1357
72 1354
73 1354
74 1355
75 1357
76 1356
77 1356
78 1353
79 1355
80 1356
81 1355
82 1357
83 1355
84 1354
85 1354
86 1356
87 1355
88 1354
89 1353
90 1356
91 1358
92 1359
93 1361
94 1358
95 1353
96 1353
97 1355
98 1356
99 1354
100 1356
101 1357
102 1356
103 1355
104 1354
105 1355
106 1356
107 1358
108 1356
109 1356
110 1357
111 1356
112 1356
113 1357
114 1353
115 1355
116 1355
117 1355
118 1354
119 1354
120 1356
121 1355
122 1356
123 1354
124 1353
125 1353
126 1354
127 1354
128 1354
129 1354
130 1354
131 1357
132 1355
133 1357
134 1356
135 1359
136 1357
137 1357
138 1354
139 1357
140 1358
141 1353
142 1355
143 1356
144 1356
145 1356
146 1355
147 1356
148 1357
149 1354
150 1354
151 1355
152 1356
153 1357
154 1356
155 1353
156 1355
157 1356
158 1354
159 1352
160 1355
161 1355
162 1357
163 1356
164 1356
165 1358
166 1356
167 1354
168 1356
169 1356
170 1356
171 1356
172 1354
173 1355
174 1354
175 1355
176 1355
177 1355
178 1356
179 1355
180 1356
181 1356
182 1355
183 1353
184 1356
185 1353
186 1355
187 1354
188 1355
189 1356
190 1353
191 1353
192 1355
193 1356
194 1356
195 1357
196 1356
197 1355
198 1357
199 1357
200 1356
201 1354
202 1355
203 1357
204 1355
205 1356
206 1357
207 1357
208 1355
209 1357
210 1355
211 1356
212 1353
213 1354
214 1355
215 1354
216 1354
217 1354
218 1354
219 1355
220 1356
221 1356
222 1355
223 1355
224 1356
225 1355
226 1353
227 1353
228 1355
229 1357
230 1356
231 1355
232 1357
233 1354
234 1353
235 1356
236 1358
237 1354
238 1355
239 1356
240 1355
241 1354
242 1353
243 1353
244 1356
245 1355
246 1353
247 1354
248 1354
249 1356
250 1355
251 1356
252 1358
253 1357
254 1356
255 1353
256 1356
257 1357
258 1356
259 1356
260 1353
261 1357
262 1354
263 1357
264 1357
265 1358
266 1355
267 1356
268 1355
269 1357
270 1354
271 1356
272 1353
273 1356
274 1354
275 1357
276 1355
277 1357
278 1357
279 1353
280 1355
281 1355
282 1359
283 1357
284 1355
285 1355
286 1355
287 1357
288 1353
289 1354
290 1353
291 1356
292 1353
293 1353
294 1354
295 1359
296 1356
297 1356
298 1355
299 1354
300 1352
301 1354
302 1353
303 1357
304 1355
305 1356
306 1356
307 1353
308 1354
309 1357
310 1355
311 1357
312 1354
313 1353
314 1354
315 1355
316 1356
317 1356
318 1355
319 1355
320 1356
321 1358
322 1355
323 1356
324 1356
325 1357
326 1357
327 1352
328 1355
329 1353
330 1354
331 1354
332 1354
333 1355
334 1353
335 1354
336 1356
337 1356
338 1356
339 1352
340 1355
341 1356
342 1356
343 1357
344 1357
345 1356
346 1357
347 1355
348 1356
349 1360
350 1358
351 1358
352 1357
353 1354
354 1355
355 1357
356 1356
357 1357
358 1356
359 1356
360 1356
361 1356
362 1354
363 1355
364 1353
365 1355
366 1353
367 1354
368 1352
369 1354
370 1356
371 1354
372 1356
373 1355
374 1355
375 1355
376 1356
377 1358
378 1354
379 1356
380 1353
381 1357
382 1357
383 1357
384 1354
385 1356
386 1356
387 1353
388 1355
389 1355
390 1354
391 1354
392 1354
393 1355
394 1355
395 1355
396 1356
397 1356
398 1353
399 1353
400 1355
401 1355
402 1356
403 1353
404 1353
405 1353
406 1355
407 1352
408 1356
409 1354
410 1354
411 1357
412 1356
413 1357
414 1355
415 1356
416 1354
417 1354
418 1356
419 1353
420 1353
421 1353
422 1354
423 1352
424 1355
425 1358
426 1356
427 1357
428 1354
429 1353
430 1356
431 1355
432 1354
433 1355
434 1358
435 1355
436 1355
437 1354
438 1353
439 1355
440 1355
441 1353
442 1356
443 1356
444 1355
445 1357
446 1355
447 1356
448 1356
449 1357
450 1354
451 1355
452 1355
453 1353
454 1355
455 1357
456 1356
457 1356
458 1356
459 1355
460 1355
461 1353
462 1355
463 1357
464 1356
465 1355
466 1357
467 1355
468 1354
469 1353
470 1355
471 1356
472 1357
473 1355
474 1354
475 1357
476 1356
477 1357
478 1357
479 1354
480 1355
481 1354
482 1354
483 1356
484 1356
485 1359
486 1357
487 1356
488 1356
489 1353
490 1354
491 1357
492 1355
493 1354
494 1356
495 1355
496 1355
497 1353
498 1356
499 1357
500 1358
501 1357
502 1356
503 1357
504 1355
505 1357
506 1357
507 1353
508 1357
509 1357
510 1352
511 1358
512 1355
513 1355
514 1354
515 1361
516 1357
517 1355
518 1356
519 1355
520 1355
521 1354
522 1355
523 1357
524 1356
525 1355
526 1358
527 1356
528 1354
529 1356
530 1355
531 1353
532 1356
533 1357
534 1359
535 1363
536 1367
537 1376
538 1382
539 1396
540 1416
541 1445
542 1473
543 1507
544 1543
545 1582
546 1621
547 1659
548 1699
549 1730
550 1763
551 1792
552 1822
553 1841
554 1862
555 1881
556 1895
557 1903
558 1908
559 1912
560 1911
561 1905
562 1896
563 1881
564 1861
565 1843
566 1827
567 1802
568 1782
569 1758
570 1740
571 1717
572 1702
573 1682
574 1667
575 1654
576 1641
577 1624
578 1610
579 1590
580 1579
581 1569
582 1556
583 1545
584 1534
585 1525
586 1515
587 1507
588 1496
589 1488
590 1482
591 1477
592 1470
593 1462
594 1456
595 1446
596 1443
597 1433
598 1427
599 1421
600 1420
601 1416
602 1413
603 1409
604 1404
605 1404
606 1397
607 1397
608 1390
609 1388
610 1387
611 1388
612 1381
613 1379
614 1377
615 1377
616 1372
617 1375
618 1371
619 1373
620 1369
621 1367
622 1369
623 1368
624 1366
625 1363
626 1365
627 1365
628 1365
629 1362
630 1363
631 1361
632 1359
633 1359
634 1362
635 1360
636 1361
637 1359
638 1361
639 1360
640 1360
641 1357
642 1360
643 1356
644 1357
645 1361
646 1362
647 1359
648 1358
649 1358
650 1357
651 1359
652 1356
653 1357
654 1358
655 1357
656 1358
657 1359
658 1358
659 1357
660 1356
661 1356
662 1355
663 1355
664 1357
665 1357
666 1358
667 1357
668 1357
669 1358
670 1355
671 1356
672 1355
673 1355
674 1356
675 1358
676 1356
677 1355
678 1354
679 1358
680 1355
681 1358
682 1356
683 1357
684 1356
685 1357
686 1354
687 1354
688 1354
689 1355
690 1356
691 1357
692 1357
693 1358
694 1356
695 1357
696 1355
697 1358
698 1356
699 1357
700 1355
701 1357
702 1356
703 1355
704 1355
705 1357
706 1357
707 1359
708 1354
709 1357
710 1356
711 1353
712 1354
713 1354
714 1357
715 1357
716 1356
717 1356
718 1357
719 1356
720 1354
721 1357
722 1356
723 1356
724 1354
725 1357
726 1352
727 1357
728 1356
729 1355
730 1353
731 1355
732 1353
733 1354
734 1354
735 1357
736 1356
737 1353
738 1356
739 1355
740 1359
741 1355
742 1357
743 1355
744 1356
745 1356
746 1359
747 1358
748 1356
749 1359
750 1355
751 1358
752 1357
753 1358
754 1355
755 1356
756 1355
757 1357
758 1356
759 1353
760 1354
761 1355
762 1352
763 1354
764 1356
765 1354
766 1355
767 1357
768 1356
769 1352
770 1354
771 1354
772 1355
773 1352
774 1355
775 1356
776 1354
777 1356
778 1356
779 1355
780 1356
781 1356
782 1354
783 1352
784 1355
785 1355
786 1356
787 1356
788 1356
789 1357
790 1354
791 1356
792 1355
793 1358
794 1355
795 1356
796 1351
797 1355
798 1355
799 1353
800 1355
801 1356
802 1357
803 1355
804 1352
805 1358
806 1357
807 1358
808 1356
809 1356
810 1356
811 1354
812 1357
813 1354
814 1356
815 1352
816 1356
817 1354
818 1355
819 1353
820 1352
821 1353
822 1355
823 1352
824 1355
825 1356
826 1356
827 1355
828 1357
829 1353
830 1355
831 1356
832 1353
833 1354
834 1354
835 1357
836 1357
837 1355
838 1357
839 1358
840 1356
841 1357
842 1356
843 1357
844 1355
845 1355
846 1354
847 1355
848 1355
849 1353
850 1355
851 1356
852 1355
853 1353
854 1355
855 1353
856 1354
857 1357
858 1356
859 1358
860 1356
861 1355
862 1355
863 1354
864 1355
865 1358
866 1356
867 1357
868 1358
869 1356
870 1357
871 1355
872 1357
873 1355
874 1358
875 1356
876 1356
877 1355
878 1354
879 1355
880 1356
881 1356
882 1359
883 1356
884 1356
885 1354
886 1355
887 1353
888 1356
889 1358
890 1355
891 1353
892 1356
893 1353
894 1355
895 1358
896 1356
897 1354
898 1356
899 1358
900 1356
901 1354
902 1354
903 1352
904 1353
905 1355
906 1357
907 1355
908 1355
909 1355
910 1358
911 1354
912 1355
913 1356
914 1354
915 1353
916 1354
917 1357
918 1355
919 1357
920 1357
921 1356
922 1354
923 1353
924 1356
925 1357
926 1358
927 1355
928 1357
929 1357
930 1358
931 1356
932 1356
933 1357
934 1356
935 1350
936 1352
937 1353
938 1354
939 1355
940 1357
941 1354
942 1354
943 1355
944 1355
945 1354
946 1357
947 1354
948 1358
949 1354
950 1354
951 1352
952 1355
953 1354
954 1356
955 1355
956 1354
957 1353
958 1357
959 1358
960 1355
961 1356
962 1355
963 1355
964 1356
965 1355
966 1356
967 1356
968 1356
969 1353
970 1358
971 1356
972 1356
973 1354
974 1357
975 1357
976 1355
977 1355
978 1355
979 1356
980 1354
981 1357
982 1353
983 1353
984 1356
985 1355
986 1355
987 1357
988 1355
989 1355
990 1355
991 1355
992 1355
993 1353
994 1355
995 1360
996 1357
997 1354
998 1353
999 1352
1000 1353
1001 1356
1002 1355
1003 1354
1004 1354
1005 1354
1006 1356
1007 1356
1008 1354
1009 1355
1010 1353
1011 1356
1012 1353
1013 1350
1014 1356
1015 1354
1016 1356
1017 1353
1018 1355
1019 1357
1020 1356
1021 1357
1022 1356
1023 1355
1024 1354
1025 1359
1026 1357
1027 1355
1028 1359
1029 1358
1030 1355
1031 1356
1032 1356
1033 1357
1034 1354
1035 1355
1036 1355
1037 1355
1038 1355
1039 1355
1040 1356
1041 1356
1042 1355
1043 1354
1044 1355
1045 1355
1046 1352
1047 1356
1048 1357
1049 1354
1050 1355
1051 1356
1052 1358
1053 1356
1054 1353
1055 1354
1056 1355
1057 1357
1058 1356
1059 1356
1060 1353
1061 1357
1062 1357
1063 1356
1064 1353
1065 1354
1066 1352
1067 1356
1068 1355
1069 1355
1070 1355
1071 1357
1072 1354
1073 1355
1074 1355
1075 1355
1076 1354
1077 1354
1078 1355
1079 1354
1080 1357
1081 1355
1082 1357
1083 1353
1084 1355
1085 1357
1086 1358
1087 1357
1088 1356
1089 1355
1090 1355
1091 1353
1092 1355
1093 1354
1094 1354
1095 1355
1096 1355
1097 1356
1098 1355
1099 1357
1100 1357
1101 1355
1102 1354
1103 1355
1104 1354
1105 1357
1106 1355
1107 1354
1108 1353
1109 1356
1110 1355
1111 1355
1112 1353
1113 1355
1114 1354
1115 1357
1116 1359
1117 1355
1118 1355
1119 1355
1120 1353
1121 1355
1122 1353
1123 1355
1124 1354
1125 1357
1126 1356
1127 1357
1128 1353
1129 1354
1130 1354
1131 1356
1132 1356
1133 1354
1134 1354
1135 1356
1136 1355
1137 1357
1138 1354
1139 1352
1140 1354
1141 1356
1142 1357
1143 1354
1144 1354
1145 1356
1146 1355
1147 1357
1148 1355
1149 1355
1150 1356
1151 1356
1152 1356
1153 1355
1154 1356
1155 1355
1156 1356
1157 1354
1158 1354
1159 1354
1160 1355
1161 1357
1162 1356
1163 1356
1164 1355
1165 1357
1166 1356
1167 1356
1168 1354
1169 1356
1170 1356
1171 1357
1172 1356
1173 1355
1174 1354
1175 1356
1176 1355
1177 1354
1178 1355
1179 1357
1180 1354
1181 1357
1182 1357
1183 1354
1184 1356
1185 1356
1186 1356
1187 1356
1188 1358
1189 1356
1190 1355
1191 1356
1192 1355
1193 1358
1194 1353
1195 1353
1196 1356
1197 1356
1198 1355
1199 1354
1200 1354
1201 1355
1202 1354
1203 1357
1204 1357
1205 1360
1206 1357
1207 1354
1208 1352
1209 1352
1210 1354
1211 1353
1212 1355
1213 1356
1214 1355
1215 1354
1216 1356
1217 1357
1218 1353
1219 1356
1220 1355
1221 1356
1222 1354
1223 1357
1224 1353
1225 1354
1226 1355
1227 1353
1228 1354
1229 1356
1230 1355
1231 1358
1232 1355
1233 1354
1234 1355
1235 1354
1236 1354
1237 1355
1238 1357
1239 1356
1240 1357
1241 1354
1242 1353
1243 1353
1244 1355
1245 1354
1246 1356
1247 1353
1248 1355
1249 1351
1250 1354
1251 1353
1252 1355
1253 1354
1254 1355
1255 1354
1256 1355
1257 1354
1258 1356
1259 1356
1260 1356
1261 1357
1262 1355
1263 1357
1264 1354
1265 1354
1266 1355
1267 1355
1268 1356
1269 1356
1270 1355
1271 1356
1272 1356
1273 1355
1274 1356
1275 1356
1276 1356
1277 1354
1278 1354
1279 1353
1280 1355
1281 1357
1282 1352
1283 1357
1284 1357
1285 1356
1286 1356
1287 1354
1288 1353
1289 1353
1290 1354
1291 1356
1292 1356
1293 1357
1294 1355
1295 1357
1296 1354
1297 1356
1298 1354
1299 1356
1300 1356
1301 1357
1302 1355
1303 1354
1304 1358
1305 1357
1306 1356
1307 1353
1308 1353
1309 1355
1310 1355
1311 1355
1312 1356
1313 1357
1314 1356
1315 1356
1316 1355
1317 1356
1318 1356
1319 1356
1320 1355
1321 1356
1322 1356
1323 1356
1324 1355
1325 1355
1326 1356
1327 1353
1328 1354
1329 1357
1330 1356
1331 1358
1332 1355
1333 1355
1334 1354
1335 1357
1336 1354
1337 1352
1338 1356
1339 1356
1340 1354
1341 1355
1342 1353
1343 1355
1344 1354
1345 1356
1346 1354
1347 1356
1348 1355
1349 1357
1350 1355
1351 1357
1352 1359
1353 1354
1354 1355
1355 1358
1356 1357
1357 1356
1358 1358
1359 1357
1360 1355
1361 1358
1362 1356
1363 1357
1364 1356
1365 1356
1366 1355
1367 1354
1368 1355
1369 1354
1370 1356
1371 1356
1372 1354
1373 1354
1374 1352
1375 1356
1376 1357
1377 1354
1378 1356
1379 1358
1380 1356
1381 1358
1382 1357
1383 1356
1384 1355
1385 1357
1386 1355
1387 1356
1388 1355
1389 1358
1390 1354
1391 1357
1392 1358
1393 1357
1394 1355
1395 1356
1396 1355
1397 1355
1398 1356
1399 1357
1400 1354
1401 1353
1402 1353
1403 1351
1404 1355
1405 1356
1406 1357
1407 1355
1408 1355
1409 1355
1410 1355
1411 1360
1412 1356
1413 1354
1414 1355
1415 1354
1416 1354
1417 1357
1418 1356
1419 1356
1420 1356
1421 1358
1422 1356
1423 1356
1424 1356
1425 1356
1426 1356
1427 1358
1428 1356
1429 1356
1430 1354
1431 1353
1432 1354
1433 1354
1434 1356
1435 1357
1436 1356
1437 1353
1438 1354
1439 1359
1440 1356
1441 1356
1442 1354
1443 1357
1444 1360
1445 1356
1446 1356
1447 1356
1448 1356
1449 1357
1450 1356
1451 1354
1452 1354
1453 1357
1454 1355
1455 1354
1456 1352
1457 1353
1458 1354
1459 1356
1460 1352
1461 1352
1462 1354
1463 1355
1464 1353
1465 1357
1466 1355
1467 1354
1468 1355
1469 1354
1470 1352
1471 1357
1472 1354
1473 1353
1474 1354
1475 1356
1476 1356
1477 1358
1478 1354
1479 1355
1480 1354
1481 1357
1482 1355
1483 1356
1484 1353
1485 1356
1486 1359
1487 1352
1488 1351
1489 1357
1490 1355
1491 1356
1492 1352
1493 1353
1494 1353
1495 1357
1496 1355
1497 1354
1498 1357
1499 1356
1500 1356
1501 1356
1502 1356
1503 1356
1504 1356
1505 1355
1506 1355
1507 1354
1508 1356
1509 1357
1510 1356
1511 1356
1512 1356
1513 1354
1514 1356
1515 1355
1516 1353
1517 1354
1518 1354
1519 1354
1520 1355
1521 1357
1522 1353
1523 1353
1524 1356
1525 1355
1526 1355
1527 1355
1528 1356
1529 1356
1530 1357
1531 1353
1532 1354
1533 1356
1534 1354
1535 1355
1536 1354
1537 1357
1538 1356
1539 1354
1540 1356
1541 1356
1542 1356
1543 1356
1544 1358
1545 1354
1546 1356
1547 1353
1548 1354
1549 1352
1550 1352
1551 1355
1552 1356
1553 1355
1554 1353
1555 1356
1556 1356
1557 1355
1558 1354
1559 1354
1560 1355
1561 1356
1562 1356
1563 1352
1564 1355
1565 1355
1566 1357
1567 1359
1568 1358
1569 1356
1570 1358
1571 1355
1572 1356
1573 1354
1574 1352
1575 1354
1576 1354
1577 1353
1578 1354
1579 1354
1580 1354
1581 1354
1582 1353
1583 1353
1584 1354
1585 1355
1586 1356
1587 1356
1588 1355
1589 1355
1590 1353
1591 1354
1592 1356
1593 1351
1594 1356
1595 1357
1596 1355
1597 1353
1598 1354
1599 1355
1600 1355
1601 1355
1602 1355
1603 1357
1604 1356
1605 1353
1606 1353
1607 1356
1608 1354
1609 1356
1610 1355
1611 1353
1612 1355
1613 1356
1614 1353
1615 1354
1616 1355
1617 1352
1618 1356
1619 1357
1620 1355
1621 1353
1622 1353
1623 1353
1624 1352
1625 1355
1626 1355
1627 1355
1628 1356
1629 1357
1630 1356
1631 1356
1632 1354
1633 1354
1634 1355
1635 1355
1636 1354
1637 1353
1638 1353
1639 1354
1640 1355
1641 1356
1642 1355
1643 1356
1644 1354
1645 1350
1646 1355
1647 1354
1648 1353
1649 1356
1650 1354
1651 1355
1652 1353
1653 1356
1654 1353
1655 1356
1656 1354
1657 1355
1658 1353
1659 1353
1660 1355
1661 1354
1662 1353
1663 1355
1664 1354
1665 1357
1666 1355
1667 1356
1668 1353
1669 1356
1670 1354
1671 1356
1672 1355
1673 1355
1674 1356
1675 1354
1676 1353
1677 1356
1678 1355
1679 1355
1680 1355
1681 1355
1682 1353
1683 1354
1684 1355
1685 1361
1686 1355
1687 1355
1688 1353
1689 1355
1690 1355
1691 1354
1692 1356
1693 1357
1694 1354
1695 1354
1696 1352
1697 1354
1698 1354
1699 1353
1700 1354
1701 1355
1702 1354
1703 1354
1704 1357
1705 1355
1706 1355
1707 1353
1708 1355
1709 1353
1710 1356
1711 1355
1712 1354
1713 1352
1714 1354
1715 1355
1716 1355
1717 1354
1718 1355
1719 1357
1720 1353
1721 1354
1722 1354
1723 1356
1724 1354
1725 1357
1726 1355
1727 1355
1728 1354
1729 1358
1730 1354
1731 1358
1732 1356
1733 1358
1734 1354
1735 1357
1736 1356
1737 1355
1738 1353
1739 1356
1740 1354
1741 1355
1742 1356
1743 1354
1744 1354
1745 1356
1746 1356
1747 1354
1748 1354
1749 1357
1750 1356
1751 1354
1752 1355
1753 1354
1754 1356
1755 1357
1756 1357
1757 1357
1758 1353
1759 1354
1760 1356
1761 1355
1762 1357
1763 1355
1764 1353
1765 1353
1766 1353
1767 1355
1768 1355
1769 1355
1770 1351
1771 1353
1772 1355
1773 1353
1774 1356
1775 1356
1776 1354
1777 1356
1778 1352
1779 1353
1780 1353
1781 1355
1782 1355
1783 1353
1784 1354
1785 1358
1786 1356
1787 1356
1788 1355
1789 1357
1790 1353
1791 1356
1792 1355
1793 1356
1794 1354
1795 1357
1796 1354
1797 1352
1798 1353
1799 1356
1800 1354
1801 1355
1802 1354
1803 1355
1804 1354
1805 1354
1806 1354
1807 1355
1808 1355
1809 1354
1810 1355
1811 1355
1812 1355
1813 1356
1814 1353
1815 1356
1816 1357
1817 1357
1818 1354
1819 1358
1820 1353
1821 1355
1822 1355
1823 1357
1824 1357
1825 1356
1826 1356
1827 1356
1828 1356
1829 1353
1830 1354
1831 1353
1832 1352
1833 1354
1834 1353
1835 1355
1836 1354
1837 1355
1838 1352
1839 1356
1840 1357
1841 1355
1842 1351
1843 1352
1844 1354
1845 1360
1846 1355
1847 1353
1848 1353
1849 1357
1850 1355
1851 1357
1852 1355
1853 1357
1854 1352
1855 1354
1856 1355
1857 1355
1858 1353
1859 1354
1860 1351
1861 1354
1862 1354
1863 1352
1864 1352
1865 1356
1866 1354
1867 1357
1868 1353
1869 1352
1870 1353
1871 1356
1872 1356
1873 1351
1874 1353
1875 1357
1876 1356
1877 1357
1878 1354
1879 1356
1880 1352
1881 1356
1882 1351
1883 1355
1884 1354
1885 1355
1886 1353
1887 1355
1888 1352
1889 1352
1890 1355
1891 1353
1892 1354
1893 1357
1894 1355
1895 1356
1896 1353
1897 1356
1898 1358
1899 1355
1900 1356
1901 1352
1902 1352
1903 1356
1904 1353
1905 1354
1906 1355
1907 1356
1908 1356
1909 1357
1910 1357
1911 1358
1912 1357
1913 1356
1914 1353
1915 1352
1916 1355
1917 1355
1918 1353
1919 1352
1920 1354
1921 1356
1922 1356
1923 1357
1924 1356
1925 1353
1926 1355
1927 1355
1928 1354
1929 1354
1930 1355
1931 1356
1932 1354
1933 1357
1934 1353
1935 1354
1936 1355
1937 1357
1938 1357
1939 1357
1940 1356
1941 1355
1942 1354
1943 1352
1944 1354
1945 1355
1946 1356
1947 1357
1948 1354
1949 1354
1950 1353
1951 1353
1952 1354
1953 1356
1954 1354
1955 1352
1956 1356
1957 1356
1958 1356
1959 1356
1960 1356
1961 1356
1962 1353
1963 1354
1964 1354
1965 1354
1966 1354
1967 1356
1968 1354
1969 1355
1970 1353
1971 1357
1972 1356
1973 1356
1974 1356
1975 1357
1976 1356
1977 1355
1978 1353
1979 1354
1980 1355
1981 1354
1982 1354
1983 1354
1984 1354
1985 1354
1986 1353
1987 1356
1988 1353
1989 1354
1990 1353
1991 1356
1992 1356
1993 1358
1994 1357
1995 1355
1996 1354
1997 1355
1998 1356
1999 1355
2000 1356
2001 1357
2002 1357
2003 1351
2004 1353
2005 1357
2006 1358
2007 1356
2008 1356
2009 1354
2010 1356
2011 1354
2012 1357
2013 1355
2014 1355
2015 1353
2016 1355
2017 1354
2018 1355
2019 1355
2020 1356
2021 1355
2022 1356
2023 1355
2024 1353
2025 1354
2026 1356
2027 1354
2028 1354
2029 1353
2030 1352
2031 1357
2032 1355
2033 1354
2034 1354
2035 1357
2036 1356
2037 1356
2038 1357
2039 1356
2040 1355
2041 1354
2042 1353
2043 1354
2044 1355
2045 1352
2046 1354
2047 1357
2048 1356
2049 1357
2050 1356
2051 1355
2052 1355
2053 1357
2054 1355
2055 1353
2056 1356
2057 1354
2058 1357
2059 1355
2060 1356
2061 1355
2062 1354
2063 1355
2064 1356
2065 1355
2066 1356
2067 1354
2068 1356
2069 1354
2070 1355
2071 1358
2072 1354
2073 1355
2074 1353
2075 1355
2076 1354
2077 1356
2078 1355
2079 1355
2080 1353
2081 1354
2082 1355
2083 1355
2084 1356
2085 1358
2086 1355
2087 1355
2088 1355
2089 1354
2090 1353
2091 1351
2092 1354
2093 1357
2094 1355
2095 1356
2096 1355
2097 1355
2098 1355
2099 1357
2100 1354
2101 1356
2102 1357
2103 1357
2104 1356
2105 1356
2106 1353
2107 1353
2108 1354
2109 1354
2110 1356
2111 1355
2112 1354
2113 1358
2114 1356
2115 1356
2116 1356
2117 1357
2118 1357
2119 1355
2120 1357
2121 1354
2122 1356
2123 1357
2124 1355
2125 1355
2126 1357
2127 1354
2128 1356
2129 1353
2130 1355
2131 1355
2132 1353
2133 1356
2134 1354
2135 1355
2136 1356
2137 1353
2138 1354
2139 1355
2140 1354
2141 1354
2142 1355
2143 1356
2144 1357
2145 1355
2146 1353
2147 1354
2148 1356
2149 1355
2150 1355
2151 1356
2152 1357
2153 1353
2154 1356
2155 1353
2156 1355
2157 1358
2158 1359
2159 1352
2160 1354
2161 1355
2162 1355
2163 1355
2164 1356
2165 1358
2166 1357
2167 1353
2168 1352
2169 1355
2170 1356
2171 1356
2172 1355
2173 1356
2174 1355
2175 1355
2176 1356
2177 1354
2178 1355
2179 1356
2180 1356
2181 1356
2182 1357
2183 1356
2184 1356
2185 1354
2186 1356
2187 1354
2188 1352
2189 1355
2190 1356
2191 1357
2192 1356
2193 1354
2194 1352
2195 1357
2196 1355
2197 1354
2198 1356
2199 1355
2200 1353
2201 1354
2202 1356
2203 1354
2204 1355
2205 1355
2206 1355
2207 1354
2208 1355
2209 1358
2210 1356
2211 1356
2212 1356
2213 1356
2214 1355
2215 1357
2216 1357
2217 1354
2218 1357
2219 1355
2220 1357
2221 1356
2222 1356
2223 1353
2224 1357
2225 1358
2226 1359
2227 1355
2228 1358
2229 1353
2230 1355
2231 1353
2232 1355
2233 1353
2234 1354
2235 1355
2236 1355
2237 1356
2238 1356
2239 1354
2240 1354
2241 1355
2242 1358
2243 1356
2244 1355
2245 1352
2246 1355
2247 1355
2248 1355
2249 1353
2250 1355
2251 1357
2252 1355
2253 1353
2254 1352
2255 1355
2256 1356
2257 1354
2258 1356
2259 1354
2260 1353
2261 1354
2262 1354
2263 1354
2264 1356
2265 1353
2266 1354
2267 1355
2268 1356
2269 1356
2270 1353
2271 1354
2272 1356
2273 1356
2274 1357
2275 1356
2276 1355
2277 1356
2278 1358
2279 1357
2280 1355
2281 1354
2282 1356
2283 1356
2284 1356
2285 1354
2286 1355
2287 1358
2288 1356
2289 1356
2290 1353
2291 1357
2292 1355
2293 1356
2294 1355
2295 1352
2296 1356
2297 1355
2298 1356
2299 1357
2300 1356
2301 1356
2302 1354
2303 1355
2304 1358
2305 1357
2306 1354
2307 1356
2308 1354
2309 1355
2310 1357
2311 1358
2312 1356
2313 1357
2314 1355
2315 1356
2316 1355
2317 1354
2318 1354
2319 1357
2320 1355
2321 1356
2322 1355
2323 1357
2324 1358
2325 1357
2326 1356
2327 1357
2328 1356
2329 1356
2330 1356
2331 1355
2332 1357
2333 1356
2334 1357
2335 1355
2336 1355
2337 1356
2338 1355
2339 1353
2340 1357
2341 1358
2342 1355
2343 1355
2344 1355
2345 1355
2346 1354
2347 1353
2348 1356
2349 1354
2350 1356
2351 1355
2352 1353
2353 1356
2354 1353
2355 1357
2356 1355
2357 1354
2358 1354
2359 1356
2360 1357
2361 1354
2362 1353
2363 1356
2364 1356
2365 1357
2366 1354
2367 1357
2368 1354
2369 1355
2370 1356
2371 1357
2372 1352
2373 1355
2374 1357
2375 1356
2376 1354
2377 1356
2378 1354
2379 1357
2380 1353
2381 1355
2382 1354
2383 1355
2384 1353
2385 1357
2386 1358
2387 1357
2388 1356
2389 1354
2390 1354
2391 1353
2392 1356
2393 1352
2394 1353
2395 1355
2396 1356
2397 1356
2398 1356
2399 1356
2400 1355
2401 1358
2402 1356
2403 1356
2404 1354
2405 1357
2406 1354
2407 1354
2408 1352
2409 1355
2410 1353
2411 1354
2412 1352
2413 1352
2414 1353
2415 1355
2416 1355
2417 1353
2418 1353
2419 1354
2420 1355
2421 1357
2422 1359
2423 1356
2424 1355
2425 1356
2426 1355
2427 1353
2428 1355
2429 1356
2430 1355
2431 1358
2432 1355
2433 1356
2434 1355
2435 1357
2436 1356
2437 1357
2438 1355
2439 1355
2440 1356
2441 1354
2442 1353
2443 1353
2444 1356
2445 1355
2446 1357
2447 1355
2448 1354
2449 1356
2450 1355
2451 1357
2452 1353
2453 1356
2454 1355
2455 1356
2456 1355
2457 1356
2458 1354
2459 1354
2460 1356
2461 1353
2462 1356
2463 1354
2464 1354
2465 1354
2466 1353
2467 1357
2468 1356
2469 1356
2470 1356
2471 1356
2472 1356
2473 1357
2474 1353
2475 1356
2476 1355
2477 1356
2478 1355
2479 1355
2480 1355
2481 1352
2482 1353
2483 1358
2484 1353
2485 1356
2486 1354
2487 1355
2488 1354
2489 1353
2490 1356
2491 1356
2492 1354
2493 1355
2494 1354
2495 1355
2496 1355
2497 1354
2498 1354
2499 1353
2500 1351
2501 1357
2502 1355
2503 1356
2504 1356
2505 1354
2506 1356
2507 1352
2508 1355
2509 1353
2510 1355
2511 1357
2512 1355
2513 1356
2514 1352
2515 1360
2516 1358
2517 1357
2518 1356
2519 1355
2520 1356
2521 1356
2522 1355
2523 1354
2524 1354
2525 1355
2526 1355
2527 1356
2528 1354
2529 1355
2530 1353
2531 1351
2532 1353
2533 1357
2534 1355
2535 1358
2536 1356
2537 1352
2538 1351
2539 1355
2540 1354
2541 1354
2542 1354
2543 1353
2544 1354
2545 1358
2546 1359
2547 1353
2548 1355
2549 1357
2550 1357
2551 1356
2552 1356
2553 1354
2554 1355
2555 1356
2556 1354
2557 1354
2558 1358
2559 1357
2560 1357
2561 1356
2562 1355
2563 1353
2564 1356
2565 1355
2566 1354
2567 1354
2568 1355
2569 1357
2570 1356
2571 1355
2572 1353
2573 1356
2574 1352
2575 1355
2576 1354
2577 1353
2578 1355
2579 1355
2580 1350
2581 1353
2582 1353
2583 1357
2584 1353
2585 1354
2586 1354
2587 1354
2588 1354
2589 1355
2590 1352
2591 1354
2592 1354
2593 1356
2594 1354
2595 1357
2596 1355
2597 1355
2598 1353
2599 1353
2600 1351
2601 1352
2602 1354
2603 1357
2604 1355
2605 1357
2606 1358
2607 1354
2608 1354
2609 1356
2610 1356
2611 1357
2612 1355
2613 1356
2614 1353
2615 1354
2616 1355
2617 1357
2618 1352
2619 1355
2620 1353
2621 1353
2622 1356
2623 1358
2624 1357
2625 1357
2626 1356
2627 1355
2628 1356
2629 1354
2630 1356
2631 1353
2632 1354
2633 1355
2634 1353
2635 1359
2636 1355
2637 1353
2638 1357
2639 1354
2640 1356
2641 1355
2642 1356
2643 1356
2644 1354
2645 1355
2646 1354
2647 1354
2648 1354
2649 1357
2650 1355
2651 1356
2652 1356
2653 1355
2654 1355
2655 1354
2656 1355
2657 1351
2658 1351
2659 1355
2660 1354
2661 1355
2662 1354
2663 1353
2664 1356
2665 1355
2666 1357
2667 1356
2668 1357
2669 1354
2670 1355
2671 1354
2672 1353
2673 1356
2674 1357
2675 1355
2676 1354
2677 1355
2678 1353
2679 1356
2680 1355
2681 1353
2682 1354
2683 1355
2684 1355
2685 1355
2686 1355
2687 1353
2688 1352
2689 1352
2690 1355
2691 1355
2692 1353
2693 1355
2694 1352
2695 1357
2696 1356
2697 1356
2698 1353
2699 1355
2700 1356
2701 1357
2702 1353
2703 1352
2704 1351
2705 1358
2706 1355
2707 1357
2708 1355
2709 1354
2710 1355
2711 1354
2712 1353
2713 1356
2714 1354
2715 1357
2716 1353
2717 1354
2718 1353
2719 1357
2720 1352
2721 1353
2722 1354
2723 1359
2724 1354
2725 1355
2726 1354
2727 1357
2728 1357
2729 1356
2730 1355
2731 1353
2732 1353
2733 1354
2734 1352
2735 1354
2736 1355
2737 1354
2738 1353
2739 1357
2740 1354
2741 1354
2742 1354
2743 1354
2744 1353
2745 1356
2746 1356
2747 1353
2748 1353
2749 1354
2750 1354
2751 1356
2752 1355
2753 1355
2754 1354
2755 1356
2756 1356
2757 1356
2758 1355
2759 1356
2760 1352
2761 1357
2762 1356
2763 1355
2764 1351
2765 1356
2766 1356
2767 1357
2768 1354
2769 1355
2770 1355
2771 1357
2772 1355
2773 1354
2774 1351
2775 1350
2776 1353
2777 1355
2778 1357
2779 1357
2780 1356
2781 1357
2782 1356
2783 1354
2784 1354
2785 1357
2786 1355
2787 1356
2788 1355
2789 1356
2790 1356
2791 1354
2792 1354
2793 1353
2794 1355
2795 1356
2796 1356
2797 1358
2798 1356
2799 1357
2800 1354
2801 1354
2802 1355
2803 1358
2804 1354
2805 1354
2806 1354
2807 1354
2808 1356
2809 1356
2810 1354
2811 1356
2812 1357
2813 1356
2814 1356
2815 1358
2816 1359
2817 1357
2818 1357
2819 1355
2820 1354
2821 1356
2822 1355
2823 1353
2824 1354
2825 1359
2826 1357
2827 1353
2828 1354
2829 1353
2830 1354
2831 1354
2832 1355
2833 1354
2834 1355
2835 1355
2836 1355
2837 1355
2838 1356
2839 1358
2840 1354
2841 1356
2842 1359
2843 1355
2844 1357
2845 1356
2846 1354
2847 1354
2848 1356
2849 1357
2850 1354
2851 1355
2852 1354
2853 1354
2854 1355
2855 1354
2856 1356
2857 1355
2858 1354
2859 1356
2860 1356
2861 1354
2862 1354
2863 1354
2864 1356
2865 1356
2866 1358
2867 1355
2868 1354
2869 1357
2870 1356
2871 1357
2872 1353
2873 1356
2874 1356
2875 1355
2876 1354
2877 1358
2878 1355
2879 1354
2880 1354
2881 1357
2882 1352
2883 1353
2884 1353
2885 1355
2886 1354
2887 1356
2888 1356
2889 1355
2890 1356
2891 1354
2892 1353
2893 1354
2894 1354
2895 1357
2896 1359
2897 1357
2898 1355
2899 1353
2900 1352
2901 1357
2902 1354
2903 1354
2904 1353
2905 1355
2906 1355
2907 1355
2908 1354
2909 1357
2910 1353
2911 1356
2912 1355
2913 1357
2914 1354
2915 1354
2916 1354
2917 1355
2918 1355
2919 1357
2920 1353
2921 1355
2922 1353
2923 1353
2924 1354
2925 1357
2926 1356
2927 1353
2928 1355
2929 1354
2930 1354
2931 1357
2932 1354
2933 1353
2934 1352
2935 1353
2936 1353
2937 1353
2938 1356
2939 1354
2940 1357
2941 1356
2942 1356
2943 1354
2944 1356
2945 1354
2946 1355
2947 1353
2948 1356
2949 1353
2950 1355
2951 1355
2952 1354
2953 1353
2954 1355
2955 1357
2956 1358
2957 1354
2958 1355
2959 1357
2960 1356
2961 1356
2962 1353
2963 1355
2964 1355
2965 1355
2966 1354
2967 1355
2968 1355
2969 1357
2970 1358
2971 1356
2972 1354
2973 1354
2974 1355
2975 1355
2976 1354
2977 1354
2978 1356
2979 1355
2980 1351
2981 1355
2982 1353
2983 1354
2984 1355
2985 1356
2986 1355
2987 1354
2988 1356
2989 1356
2990 1354
2991 1355
2992 1355
2993 1354
2994 1354
2995 1353
2996 1355
2997 1354
2998 1353
2999 1353
3000 1355
3001 1353
3002 1353
3003 1354
3004 1353
3005 1357
3006 1352
3007 1355
3008 1355
3009 1354
3010 1353
3011 1353
3012 1357
3013 1352
3014 1353
3015 1356
3016 1356
3017 1354
3018 1353
3019 1355
3020 1357
3021 1353
3022 1356
3023 1355
3024 1353
3025 1350
3026 1354
3027 1354
3028 1355
3029 1353
3030 1357
3031 1358
3032 1355
3033 1356
3034 1355
3035 1356
3036 1354
3037 1352
3038 1353
3039 1354
3040 1355
3041 1353
3042 1355
3043 1356
3044 1354
3045 1357
3046 1356
3047 1355
3048 1355
3049 1357
3050 1353
3051 1355
3052 1356
3053 1354
3054 1353
3055 1355
3056 1353
3057 1357
3058 1353
3059 1353
3060 1357
3061 1357
3062 1356
3063 1356
3064 1357
3065 1356
3066 1355
3067 1353
3068 1352
3069 1354
3070 1353
3071 1357
3072 1355
3073 1355
3074 1355
3075 1354
3076 1355
3077 1354
3078 1357
3079 1357
3080 1356
3081 1358
3082 1355
3083 1352
3084 1353
3085 1354
3086 1356
3087 1357
3088 1356
3089 1354
3090 1356
3091 1356
3092 1355
3093 1355
3094 1355
3095 1354
3096 1356
3097 1355
3098 1351
3099 1352
3100 1355
3101 1354
3102 1357
3103 1358
3104 1357
3105 1350
3106 1353
3107 1355
3108 1357
3109 1355
3110 1356
3111 1357
3112 1357
3113 1352
3114 1353
3115 1356
3116 1355
3117 1352
3118 1355
3119 1353
3120 1356
3121 1358
3122 1354
3123 1353
3124 1355
3125 1355
3126 1356
3127 1354
3128 1356
3129 1357
3130 1355
3131 1357
3132 1354
3133 1354
3134 1355
3135 1357
3136 1355
3137 1356
3138 1355
3139 1355
3140 1355
3141 1352
3142 1352
3143 1353
3144 1356
3145 1357
3146 1358
3147 1354
3148 1355
3149 1355
3150 1355
3151 1354
3152 1356
3153 1356
3154 1356
3155 1353
3156 1357
3157 1355
3158 1355
3159 1355
3160 1356
3161 1357
3162 1357
3163 1354
3164 1356
3165 1353
3166 1355
3167 1352
3168 1355
3169 1353
3170 1356
3171 1352
3172 1354
3173 1353
3174 1354
3175 1357
3176 1357
3177 1353
3178 1353
3179 1352
3180 1356
3181 1354
3182 1351
3183 1352
3184 1355
3185 1353
3186 1356
3187 1356
3188 1358
3189 1357
3190 1355
3191 1356
3192 1354
3193 1355
3194 1356
3195 1353
3196 1357
3197 1355
3198 1357
3199 1357
3200 1355
3201 1355
3202 1356
3203 1355
3204 1355
3205 1356
3206 1356
3207 1356
3208 1355
3209 1355
3210 1353
3211 1353
3212 1354
3213 1354
3214 1354
3215 1354
3216 1353
3217 1353
3218 1353
3219 1354
3220 1353
3221 1358
3222 1356
3223 1358
3224 1355
3225 1357
3226 1356
3227 1355
3228 1355
3229 1354
3230 1355
3231 1356
3232 1355
3233 1356
3234 1354
3235 1356
3236 1355
3237 1355
3238 1354
3239 1356
3240 1352
3241 1352
3242 1353
3243 1353
3244 1353
3245 1353
3246 1357
3247 1355
3248 1356
3249 1354
3250 1355
3251 1358
3252 1355
3253 1355
3254 1357
3255 1355
3256 1356
3257 1353
3258 1353
3259 1355
3260 1356
3261 1356
3262 1355
3263 1356
3264 1354
3265 1352
3266 1355
3267 1355
3268 1354
3269 1353
3270 1354
3271 1355
3272 1355
3273 1354
3274 1353
3275 1353
3276 1355
3277 1356
3278 1356
3279 1354
3280 1356
3281 1357
3282 1356
3283 1355
3284 1353
3285 1353
3286 1354
3287 1354
3288 1354
3289 1355
3290 1353
3291 1356
3292 1352
3293 1353
3294 1354
3295 1354
3296 1353
3297 1356
3298 1354
3299 1355
3300 1355
3301 1356
3302 1356
3303 1355
3304 1350
3305 1355
3306 1355
3307 1353
3308 1356
3309 1357
3310 1355
3311 1353
3312 1353
3313 1357
3314 1354
3315 1354
3316 1351
3317 1353
3318 1355
3319 1354
3320 1354
3321 1355
3322 1354
3323 1355
3324 1355
3325 1355
3326 1353
3327 1354
3328 1353
3329 1354
3330 1353
3331 1354
3332 1355
3333 1353
3334 1352
3335 1355
3336 1357
3337 1356
3338 1356
3339 1353
3340 1354
3341 1355
3342 1353
3343 1357
3344 1356
3345 1357
3346 1355
3347 1354
3348 1354
3349 1355
3350 1355
3351 1358
3352 1354
3353 1355
3354 1355
3355 1355
3356 1354
3357 1355
3358 1354
3359 1354
3360 1356
3361 1355
3362 1355
3363 1352
3364 1353
3365 1357
3366 1353
3367 1355
3368 1356
3369 1352
3370 1354
3371 1354
3372 1357
3373 1356
3374 1355
3375 1353
3376 1356
3377 1358
3378 1356
3379 1354
3380 1353
3381 1353
3382 1357
3383 1355
3384 1356
3385 1354
3386 1354
3387 1356
3388 1353
3389 1351
3390 1355
3391 1356
3392 1353
3393 1355
3394 1356
3395 1356
3396 1357
3397 1353
3398 1355
3399 1354
3400 1358
3401 1356
3402 1354
3403 1356
3404 1356
3405 1356
3406 1356
3407 1355
3408 1352
3409 1355
3410 1354
3411 1356
3412 1354
3413 1352
3414 1354
3415 1353
3416 1355
3417 1354
3418 1352
3419 1352
3420 1355
3421 1352
3422 1355
3423 1357
3424 1351
3425 1356
3426 1354
3427 1355
3428 1355
3429 1354
3430 1356
3431 1357
3432 1356
3433 1355
3434 1354
3435 1356
3436 1355
3437 1354
3438 1353
3439 1355
3440 1352
3441 1357
3442 1356
3443 1355
3444 1353
3445 1355
3446 1353
3447 1354
3448 1354
3449 1355
3450 1353
3451 1352
3452 1354
3453 1357
3454 1356
3455 1353
3456 1353
3457 1357
3458 1356
3459 1354
3460 1352
3461 1355
3462 1353
3463 1354
3464 1353
3465 1355
3466 1354
3467 1355
3468 1354
3469 1356
3470 1354
3471 1357
3472 1354
3473 1356
3474 1356
3475 1355
3476 1353
3477 1356
3478 1354
3479 1356
3480 1354
3481 1353
3482 1354
3483 1356
3484 1355
3485 1356
3486 1352
3487 1355
3488 1353
3489 1355
3490 1356
3491 1356
3492 1355
3493 1353
3494 1356
3495 1358
3496 1356
3497 1353
3498 1354
3499 1355
3500 1355
3501 1355
3502 1355
3503 1355
3504 1353
3505 1352
3506 1352
3507 1352
3508 1353
3509 1351
3510 1353
3511 1354
3512 1356
3513 1355
3514 1353
3515 1351
3516 1354
3517 1353
3518 1356
3519 1354
3520 1354
3521 1355
3522 1356
3523 1353
3524 1356
3525 1357
3526 1356
3527 1354
3528 1358
3529 1356
3530 1357
3531 1355
3532 1354
3533 1355
3534 1356
3535 1353
3536 1356
3537 1356
3538 1354
3539 1355
3540 1355
3541 1356
3542 1354
3543 1357
3544 1356
3545 1354
3546 1354
3547 1352
3548 1356
3549 1356
3550 1357
3551 1357
3552 1355
3553 1354
3554 1352
3555 1357
3556 1355
3557 1353
3558 1353
3559 1352
3560 1353
3561 1355
3562 1354
3563 1357
3564 1354
3565 1353
3566 1353
3567 1354
3568 1354
3569 1352
3570 1354
3571 1356
3572 1353
3573 1354
3574 1353
3575 1354
3576 1352
3577 1355
3578 1352
3579 1353
3580 1353
3581 1353
3582 1354
3583 1354
3584 1353
3585 1359
3586 1356
3587 1355
3588 1355
3589 1357
3590 1357
3591 1356
3592 1355
3593 1353
3594 1353
3595 1354
3596 1356
3597 1354
3598 1355
3599 1352
3600 1355
3601 1357
3602 1357
3603 1353
3604 1354
3605 1353
3606 1353
3607 1354
3608 1353
3609 1356
3610 1355
3611 1355
3612 1353
3613 1355
3614 1357
3615 1357
3616 1354
3617 1355
3618 1354
3619 1354
3620 1353
3621 1355
3622 1355
3623 1357
3624 1354
3625 1355
3626 1356
3627 1356
3628 1355
3629 1355
3630 1355
3631 1357
3632 1356
3633 1352
3634 1354
3635 1353
3636 1353
3637 1356
3638 1353
3639 1354
3640 1353
3641 1357
3642 1353
3643 1354
3644 1354
3645 1355
3646 1357
3647 1357
3648 1356
3649 1353
3650 1353
3651 1355
3652 1352
3653 1357
3654 1351
3655 1356
3656 1355
3657 1355
3658 1353
3659 1354
3660 1355
3661 1354
3662 1353
3663 1355
3664 1355
3665 1353
3666 1354
3667 1353
3668 1353
3669 1355
3670 1354
3671 1353
3672 1356
3673 1356
3674 1355
3675 1354
3676 1355
3677 1352
3678 1357
3679 1356
3680 1355
3681 1354
3682 1354
3683 1350
3684 1353
3685 1351
3686 1355
3687 1355
3688 1353
3689 1354
3690 1356
3691 1354
3692 1356
3693 1351
3694 1354
3695 1353
3696 1358
3697 1355
3698 1356
3699 1355
3700 1355
3701 1355
3702 1358
3703 1354
3704 1355
3705 1351
3706 1354
3707 1355
3708 1355
3709 1355
3710 1356
3711 1354
3712 1353
3713 1351
3714 1356
3715 1356
3716 1358
3717 1355
3718 1354
3719 1353
3720 1354
3721 1355
3722 1354
3723 1354
3724 1356
3725 1355
3726 1352
3727 1356
3728 1355
3729 1354
3730 1356
3731 1354
3732 1356
3733 1350
3734 1356
3735 1355
3736 1356
3737 1357
3738 1359
3739 1354
3740 1356
3741 1354
3742 1355
3743 1353
3744 1356
3745 1357
3746 1358
3747 1355
3748 1357
3749 1355
3750 1353
3751 1355
3752 1356
3753 1355
3754 1350
3755 1355
3756 1356
3757 1353
3758 1357
3759 1353
3760 1355
3761 1352
3762 1355
3763 1354
3764 1354
3765 1354
3766 1354
3767 1355
3768 1355
3769 1356
3770 1356
3771 1355
3772 1354
3773 1354
3774 1356
3775 1357
3776 1357
3777 1353
3778 1356
3779 1356
3780 1357
3781 1354
3782 1357
3783 1357
3784 1355
3785 1355
3786 1356
3787 1352
3788 1354
3789 1353
3790 1356
3791 1354
3792 1354
3793 1354
3794 1354
3795 1353
3796 1355
3797 1353
3798 1355
3799 1355
3800 1356
3801 1356
3802 1357
3803 1353
3804 1355
3805 1353
3806 1355
3807 1353
3808 1353
3809 1354
3810 1356
3811 1354
3812 1355
3813 1354
3814 1355
3815 1356
3816 1356
3817 1356
3818 1355
3819 1355
3820 1355
3821 1352
3822 1352
3823 1353
3824 1352
3825 1355
3826 1354
3827 1354
3828 1354
3829 1354
3830 1356
3831 1356
3832 1354
3833 1357
3834 1355
3835 1355
3836 1355
3837 1357
3838 1357
3839 1354
3840 1356
3841 1354
3842 1355
3843 1353
3844 1352
3845 1357
3846 1356
3847 1355
3848 1353
3849 1354
3850 1352
3851 1355
3852 1356
3853 1354
3854 1353
3855 1354
3856 1355
3857 1353
3858 1355
3859 1357
3860 1356
3861 1355
3862 1354
3863 1354
3864 1354
3865 1355
3866 1355
3867 1355
3868 1356
3869 1354
3870 1353
3871 1355
3872 1355
3873 1353
3874 1356
3875 1357
3876 1356
3877 1357
3878 1354
3879 1355
3880 1354
3881 1355
3882 1355
3883 1353
3884 1354
3885 1351
3886 1356
3887 1358
3888 1354
3889 1355
3890 1354
3891 1354
3892 1355
3893 1353
3894 1352
3895 1354
3896 1353
3897 1356
3898 1354
3899 1355
3900 1353
3901 1357
3902 1356
3903 1354
3904 1353
3905 1354
3906 1354
3907 1352
3908 1355
3909 1353
3910 1354
3911 1355
3912 1355
3913 1354
3914 1357
3915 1351
3916 1354
3917 1353
3918 1356
3919 1354
3920 1354
3921 1354
3922 1356
3923 1355
3924 1355
3925 1355
3926 1357
3927 1356
3928 1355
3929 1353
3930 1354
3931 1353
3932 1354
3933 1356
3934 1357
3935 1354
3936 1355
3937 1356
3938 1356
3939 1355
3940 1350
3941 1354
3942 1356
3943 1353
3944 1353
3945 1351
3946 1354
3947 1357
3948 1356
3949 1354
3950 1355
3951 1356
3952 1355
3953 1354
3954 1358
3955 1355
3956 1357
3957 1354
3958 1355
3959 1352
3960 1354
3961 1354
3962 1354
3963 1352
3964 1357
3965 1359
3966 1357
3967 1353
3968 1356
3969 1355
3970 1356
3971 1354
3972 1355
3973 1355
3974 1356
3975 1353
3976 1357
3977 1353
3978 1353
3979 1357
3980 1356
3981 1354
3982 1358
3983 1356
3984 1358
3985 1353
3986 1356
3987 1357
3988 1357
3989 1354
3990 1356
3991 1355
3992 1358
3993 1355
3994 1355
3995 1358
3996 1355
3997 1355
3998 1357
3999 1354
