0 1358
1 1358
2 1358
3 1357
4 1358
5 1359
6 1357
7 1355
8 1356
9 1357
10 1359
11 1357
12 1356
13 1358
14 1357
15 1358
16 1359
17 1356
18 1357
19 1356
20 1355
21 1354
22 1355
23 1355
24 1359
25 1356
26 1357
27 1356
28 1357
29 1356
30 1356
31 1357
32 1356
33 1358
34 1357
35 1358
36 1356
37 1357
38 1357
39 1358
40 1357
41 1355
42 1359
43 1355
44 1356
45 1356
46 1356
47 1357
48 1356
49 1358
50 1356
51 1355
52 1358
53 1357
54 1358
55 1357
56 1357
57 1355
58 1358
59 1359
60 1361
61 1358
62 1355
63 1354
64 1356
65 1356
66 1357
67 1359
68 1359
69 1356
70 1355
71 1358
72 1356
73 1356
74 1356
75 1356
76 1360
77 1357
78 1356
79 1357
80 1356
81 1357
82 1360
83 1356
84 1353
85 1355
86 1356
87 1356
88 1356
89 1354
90 1357
91 1356
92 1356
93 1356
94 1355
95 1358
96 1356
97 1357
98 1358
99 1356
100 1354
101 1356
102 1358
103 1356
104 1357
105 1355
106 1355
107 1356
108 1355
109 1358
110 1358
111 1356
112 1357
113 1356
114 1355
115 1355
116 1357
117 1355
118 1354
119 1358
120 1355
121 1355
122 1357
123 1357
124 1355
125 1355
126 1356
127 1354
128 1356
129 1355
130 1356
131 1357
132 1356
133 1360
134 1358
135 1357
136 1356
137 1355
138 1355
139 1354
140 1358
141 1360
142 1363
143 1357
144 1356
145 1356
146 1358
147 1357
148 1355
149 1357
150 1357
151 1358
152 1358
153 1357
154 1358
155 1356
156 1361
157 1357
158 1361
159 1356
160 1359
161 1358
162 1362
163 1359
164 1356
165 1354
166 1356
167 1356
168 1357
169 1355
170 1357
171 1359
172 1357
173 1358
174 1357
175 1358
176 1359
177 1358
178 1355
179 1354
180 1356
181 1358
182 1356
183 1358
184 1359
185 1357
186 1358
187 1358
188 1361
189 1356
190 1358
191 1358
192 1359
193 1358
194 1356
195 1356
196 1356
197 1357
198 1358
199 1357
200 1359
201 1356
202 1358
203 1356
204 1356
205 1359
206 1357
207 1357
208 1357
209 1361
210 1358
211 1356
212 1356
213 1358
214 1359
215 1356
216 1360
217 1355
218 1353
219 1357
220 1360
221 1357
222 1357
223 1359
224 1357
225 1356
226 1356
227 1358
228 1357
229 1357
230 1357
231 1356
232 1356
233 1358
234 1356
235 1358
236 1357
237 1356
238 1358
239 1356
240 1356
241 1358
242 1355
243 1358
244 1357
245 1360
246 1359
247 1357
248 1359
249 1356
250 1356
251 1359
252 1356
253 1355
254 1359
255 1358
256 1359
257 1358
258 1359
259 1358
260 1360
261 1358
262 1357
263 1357
264 1357
265 1355
266 1356
267 1357
268 1357
269 1356
270 1358
271 1359
272 1357
273 1356
274 1358
275 1360
276 1357
277 1356
278 1356
279 1356
280 1356
281 1356
282 1357
283 1361
284 1357
285 1359
286 1357
287 1359
288 1357
289 1358
290 1355
291 1358
292 1359
293 1358
294 1355
295 1357
296 1359
297 1358
298 1357
299 1357
300 1357
301 1360
302 1354
303 1353
304 1355
305 1357
306 1357
307 1358
308 1357
309 1359
310 1358
311 1355
312 1357
313 1355
314 1356
315 1356
316 1357
317 1356
318 1356
319 1357
320 1355
321 1359
322 1360
323 1359
324 1357
325 1354
326 1357
327 1357
328 1357
329 1356
330 1354
331 1357
332 1355
333 1356
334 1357
335 1356
336 1357
337 1355
338 1357
339 1356
340 1353
341 1357
342 1360
343 1360
344 1354
345 1357
346 1358
347 1359
348 1357
349 1355
350 1356
351 1358
352 1360
353 1359
354 1357
355 1356
356 1357
357 1358
358 1355
359 1358
360 1356
361 1360
362 1355
363 1355
364 1358
365 1357
366 1356
367 1358
368 1356
369 1356
370 1356
371 1356
372 1357
373 1358
374 1355
375 1357
376 1358
377 1359
378 1357
379 1357
380 1357
381 1356
382 1357
383 1357
384 1357
385 1356
386 1358
387 1359
388 1356
389 1357
390 1355
391 1359
392 1357
393 1358
394 1356
395 1356
396 1354
397 1358
398 1353
399 1355
400 1355
401 1359
402 1357
403 1358
404 1357
405 1357
406 1358
407 1358
408 1357
409 1356
410 1358
411 1360
412 1359
413 1358
414 1358
415 1356
416 1358
417 1357
418 1359
419 1356
420 1357
421 1357
422 1358
423 1356
424 1357
425 1357
426 1356
427 1359
428 1354
429 1353
430 1356
431 1357
432 1358
433 1358
434 1357
435 1357
436 1358
437 1359
438 1356
439 1355
440 1358
441 1358
442 1358
443 1359
444 1358
445 1359
446 1357
447 1357
448 1357
449 1356
450 1357
451 1358
452 1356
453 1357
454 1355
455 1357
456 1357
457 1357
458 1357
459 1356
460 1356
461 1356
462 1359
463 1353
464 1356
465 1356
466 1357
467 1358
468 1357
469 1357
470 1358
471 1356
472 1356
473 1357
474 1357
475 1357
476 1358
477 1358
478 1358
479 1356
480 1356
481 1357
482 1355
483 1358
484 1357
485 1357
486 1358
487 1355
488 1356
489 1357
490 1357
491 1358
492 1356
493 1354
494 1355
495 1357
496 1358
497 1358
498 1356
499 1356
500 1357
501 1359
502 1361
503 1360
504 1357
505 1354
506 1356
507 1361
508 1355
509 1354
510 1354
511 1358
512 1357
513 1351
514 1354
515 1354
516 1359
517 1357
518 1360
519 1356
520 1356
521 1356
522 1358
523 1358
524 1357
525 1354
526 1358
527 1357
528 1357
529 1357
530 1357
531 1356
532 1358
533 1359
534 1358
535 1357
536 1359
537 1362
538 1366
539 1374
540 1389
541 1405
542 1425
543 1454
544 1485
545 1515
546 1552
547 1590
548 1629
549 1666
550 1707
551 1740
552 1773
553 1797
554 1821
555 1839
556 1852
557 1863
558 1865
559 1866
560 1868
561 1866
562 1860
563 1852
564 1841
565 1831
566 1818
567 1802
568 1787
569 1771
570 1749
571 1732
572 1710
573 1695
574 1672
575 1652
576 1633
577 1622
578 1606
579 1593
580 1579
581 1567
582 1554
583 1543
584 1534
585 1522
586 1510
587 1500
588 1492
589 1482
590 1472
591 1465
592 1456
593 1451
594 1446
595 1441
596 1438
597 1429
598 1428
599 1421
600 1418
601 1413
602 1410
603 1406
604 1405
605 1399
606 1395
607 1393
608 1393
609 1389
610 1388
611 1384
612 1383
613 1381
614 1381
615 1375
616 1378
617 1374
618 1373
619 1374
620 1374
621 1372
622 1373
623 1370
624 1368
625 1369
626 1371
627 1369
628 1367
629 1367
630 1365
631 1364
632 1362
633 1364
634 1366
635 1363
636 1364
637 1362
638 1361
639 1361
640 1363
641 1364
642 1362
643 1364
644 1365
645 1363
646 1363
647 1359
648 1360
649 1357
650 1361
651 1359
652 1360
653 1360
654 1358
655 1358
656 1359
657 1359
658 1359
659 1362
660 1359
661 1358
662 1357
663 1358
664 1357
665 1359
666 1359
667 1359
668 1356
669 1357
670 1357
671 1359
672 1358
673 1357
674 1356
675 1358
676 1358
677 1360
678 1358
679 1357
680 1357
681 1360
682 1362
683 1361
684 1354
685 1358
686 1359
687 1358
688 1358
689 1357
690 1358
691 1361
692 1358
693 1358
694 1356
695 1358
696 1359
697 1358
698 1360
699 1357
700 1359
701 1355
702 1356
703 1358
704 1361
705 1357
706 1356
707 1358
708 1362
709 1358
710 1356
711 1356
712 1356
713 1358
714 1360
715 1358
716 1358
717 1356
718 1355
719 1356
720 1358
721 1357
722 1361
723 1356
724 1358
725 1356
726 1356
727 1357
728 1357
729 1356
730 1357
731 1355
732 1356
733 1355
734 1357
735 1358
736 1357
737 1357
738 1359
739 1358
740 1358
741 1358
742 1358
743 1357
744 1357
745 1358
746 1357
747 1356
748 1357
749 1356
750 1357
751 1354
752 1357
753 1358
754 1357
755 1359
756 1360
757 1356
758 1357
759 1356
760 1358
761 1359
762 1361
763 1357
764 1354
765 1355
766 1359
767 1355
768 1356
769 1356
770 1355
771 1358
772 1357
773 1356
774 1357
775 1359
776 1358
777 1358
778 1356
779 1358
780 1357
781 1359
782 1358
783 1359
784 1358
785 1358
786 1357
787 1355
788 1359
789 1357
790 1358
791 1357
792 1356
793 1355
794 1356
795 1356
796 1358
797 1358
798 1356
799 1358
800 1357
801 1356
802 1359
803 1356
804 1358
805 1356
806 1358
807 1356
808 1358
809 1359
810 1359
811 1356
812 1358
813 1357
814 1357
815 1355
816 1357
817 1357
818 1357
819 1356
820 1356
821 1357
822 1357
823 1355
824 1357
825 1356
826 1355
827 1357
828 1357
829 1356
830 1357
831 1358
832 1357
833 1358
834 1358
835 1357
836 1358
837 1360
838 1355
839 1359
840 1357
841 1356
842 1357
843 1357
844 1358
845 1357
846 1358
847 1356
848 1357
849 1356
850 1358
851 1358
852 1357
853 1357
854 1358
855 1359
856 1356
857 1356
858 1357
859 1356
860 1353
861 1356
862 1360
863 1355
864 1354
865 1356
866 1357
867 1359
868 1357
869 1358
870 1356
871 1359
872 1357
873 1358
874 1356
875 1357
876 1358
877 1356
878 1358
879 1357
880 1357
881 1356
882 1357
883 1360
884 1358
885 1355
886 1357
887 1357
888 1359
889 1356
890 1355
891 1355
892 1354
893 1359
894 1355
895 1357
896 1357
897 1356
898 1356
899 1358
900 1357
901 1357
902 1356
903 1356
904 1356
905 1355
906 1351
907 1358
908 1355
909 1354
910 1354
911 1355
912 1357
913 1356
914 1355
915 1358
916 1356
917 1357
918 1355
919 1359
920 1357
921 1356
922 1358
923 1358
924 1357
925 1359
926 1358
927 1357
928 1356
929 1356
930 1356
931 1355
932 1357
933 1358
934 1355
935 1357
936 1353
937 1356
938 1355
939 1356
940 1357
941 1358
942 1353
943 1355
944 1355
945 1358
946 1357
947 1356
948 1355
949 1359
950 1358
951 1355
952 1359
953 1354
954 1356
955 1356
956 1357
957 1357
958 1355
959 1357
960 1357
961 1359
962 1359
963 1358
964 1357
965 1357
966 1360
967 1361
968 1357
969 1356
970 1358
971 1356
972 1357
973 1357
974 1354
975 1356
976 1355
977 1356
978 1357
979 1359
980 1357
981 1356
982 1356
983 1356
984 1355
985 1358
986 1357
987 1357
988 1355
989 1358
990 1357
991 1358
992 1359
993 1358
994 1358
995 1359
996 1356
997 1357
998 1356
999 1359
1000 1358
1001 1358
1002 1356
1003 1357
1004 1356
1005 1355
1006 1356
1007 1357
1008 1356
1009 1359
1010 1357
1011 1358
1012 1358
1013 1358
1014 1356
1015 1357
1016 1358
1017 1358
1018 1359
1019 1359
1020 1357
1021 1358
1022 1358
1023 1359
1024 1354
1025 1357
1026 1358
1027 1357
1028 1357
1029 1356
1030 1357
1031 1357
1032 1357
1033 1357
1034 1355
1035 1356
1036 1356
1037 1357
1038 1356
1039 1354
1040 1353
1041 1355
1042 1357
1043 1357
1044 1356
1045 1356
1046 1358
1047 1357
1048 1358
1049 1356
1050 1355
1051 1356
1052 1356
1053 1356
1054 1355
1055 1359
1056 1359
1057 1356
1058 1356
1059 1354
1060 1356
1061 1357
1062 1356
1063 1357
1064 1356
1065 1355
1066 1353
1067 1355
1068 1356
1069 1356
1070 1354
1071 1358
1072 1357
1073 1358
1074 1357
1075 1356
1076 1357
1077 1357
1078 1357
1079 1358
1080 1355
1081 1359
1082 1358
1083 1359
1084 1355
1085 1358
1086 1357
1087 1359
1088 1360
1089 1357
1090 1356
1091 1358
1092 1357
1093 1357
1094 1356
1095 1359
1096 1356
1097 1357
1098 1356
1099 1357
1100 1354
1101 1357
1102 1356
1103 1357
1104 1355
1105 1356
1106 1358
1107 1357
1108 1357
1109 1356
1110 1357
1111 1356
1112 1357
1113 1358
1114 1357
1115 1360
1116 1357
1117 1358
1118 1362
1119 1361
1120 1357
1121 1356
1122 1358
1123 1360
1124 1356
1125 1356
1126 1354
1127 1357
1128 1357
1129 1356
1130 1354
1131 1359
1132 1357
1133 1357
1134 1355
1135 1358
1136 1357
1137 1357
1138 1357
1139 1357
1140 1357
1141 1357
1142 1356
1143 1357
1144 1357
1145 1359
1146 1354
1147 1357
1148 1357
1149 1355
1150 1357
1151 1356
1152 1357
1153 1356
1154 1360
1155 1358
1156 1357
1157 1358
1158 1357
1159 1359
1160 1357
1161 1356
1162 1358
1163 1359
1164 1357
1165 1356
1166 1355
1167 1357
1168 1358
1169 1359
1170 1357
1171 1359
1172 1356
1173 1357
1174 1358
1175 1360
1176 1358
1177 1356
1178 1357
1179 1358
1180 1355
1181 1358
1182 1358
1183 1358
1184 1356
1185 1356
1186 1358
1187 1355
1188 1354
1189 1356
1190 1357
1191 1359
1192 1357
1193 1355
1194 1355
1195 1358
1196 1357
1197 1357
1198 1355
1199 1358
1200 1356
1201 1357
1202 1360
1203 1358
1204 1357
1205 1356
1206 1357
1207 1356
1208 1358
1209 1355
1210 1358
1211 1354
1212 1358
1213 1359
1214 1360
1215 1358
1216 1359
1217 1358
1218 1357
1219 1356
1220 1355
1221 1359
1222 1361
1223 1358
1224 1355
1225 1355
1226 1357
1227 1357
1228 1357
1229 1357
1230 1356
1231 1357
1232 1358
1233 1358
1234 1357
1235 1358
1236 1357
1237 1357
1238 1358
1239 1356
1240 1358
1241 1355
1242 1356
1243 1358
1244 1359
1245 1354
1246 1357
1247 1357
1248 1363
1249 1357
1250 1355
1251 1354
1252 1357
1253 1358
1254 1359
1255 1358
1256 1360
1257 1357
1258 1355
1259 1357
1260 1356
1261 1357
1262 1357
1263 1355
1264 1357
1265 1356
1266 1356
1267 1358
1268 1361
1269 1357
1270 1355
1271 1358
1272 1357
1273 1357
1274 1360
1275 1353
1276 1355
1277 1356
1278 1357
1279 1355
1280 1358
1281 1357
1282 1357
1283 1357
1284 1357
1285 1357
1286 1357
1287 1357
1288 1359
1289 1354
1290 1357
1291 1356
1292 1357
1293 1357
1294 1358
1295 1356
1296 1357
1297 1357
1298 1358
1299 1357
1300 1360
1301 1356
1302 1360
1303 1357
1304 1356
1305 1359
1306 1358
1307 1356
1308 1356
1309 1357
1310 1357
1311 1359
1312 1357
1313 1356
1314 1359
1315 1357
1316 1360
1317 1356
1318 1358
1319 1356
1320 1358
1321 1357
1322 1359
1323 1358
1324 1360
1325 1358
1326 1356
1327 1355
1328 1361
1329 1356
1330 1358
1331 1355
1332 1357
1333 1357
1334 1359
1335 1357
1336 1358
1337 1356
1338 1357
1339 1356
1340 1356
1341 1358
1342 1359
1343 1357
1344 1357
1345 1358
1346 1362
1347 1355
1348 1357
1349 1356
1350 1359
1351 1357
1352 1357
1353 1355
1354 1358
1355 1357
1356 1359
1357 1358
1358 1359
1359 1357
1360 1359
1361 1357
1362 1357
1363 1356
1364 1357
1365 1356
1366 1361
1367 1357
1368 1355
1369 1357
1370 1357
1371 1358
1372 1357
1373 1355
1374 1356
1375 1353
1376 1356
1377 1357
1378 1360
1379 1357
1380 1361
1381 1358
1382 1357
1383 1356
1384 1356
1385 1357
1386 1357
1387 1359
1388 1356
1389 1356
1390 1358
1391 1356
1392 1362
1393 1356
1394 1357
1395 1359
1396 1359
1397 1356
1398 1356
1399 1357
1400 1355
1401 1356
1402 1358
1403 1357
1404 1357
1405 1357
1406 1358
1407 1359
1408 1358
1409 1359
1410 1357
1411 1356
1412 1356
1413 1356
1414 1359
1415 1358
1416 1361
1417 1357
1418 1357
1419 1356
1420 1359
1421 1358
1422 1356
1423 1357
1424 1356
1425 1357
1426 1360
1427 1356
1428 1357
1429 1356
1430 1357
1431 1356
1432 1359
1433 1356
1434 1358
1435 1358
1436 1358
1437 1357
1438 1357
1439 1355
1440 1358
1441 1357
1442 1357
1443 1356
1444 1358
1445 1355
1446 1356
1447 1355
1448 1357
1449 1356
1450 1357
1451 1356
1452 1358
1453 1355
1454 1357
1455 1358
1456 1359
1457 1358
1458 1357
1459 1358
1460 1357
1461 1357
1462 1357
1463 1361
1464 1359
1465 1359
1466 1357
1467 1357
1468 1357
1469 1359
1470 1357
1471 1357
1472 1360
1473 1355
1474 1358
1475 1355
1476 1358
1477 1357
1478 1359
1479 1356
1480 1356
1481 1357
1482 1358
1483 1355
1484 1356
1485 1356
1486 1356
1487 1360
1488 1357
1489 1357
1490 1357
1491 1356
1492 1357
1493 1357
1494 1357
1495 1355
1496 1355
1497 1357
1498 1358
1499 1355
1500 1360
1501 1358
1502 1357
1503 1356
1504 1357
1505 1359
1506 1357
1507 1359
1508 1358
1509 1358
1510 1357
1511 1357
1512 1357
1513 1356
1514 1357
1515 1358
1516 1358
1517 1357
1518 1356
1519 1356
1520 1356
1521 1357
1522 1356
1523 1357
1524 1357
1525 1355
1526 1358
1527 1354
1528 1355
1529 1357
1530 1357
1531 1358
1532 1357
1533 1358
1534 1355
1535 1358
1536 1356
1537 1358
1538 1356
1539 1359
1540 1358
1541 1357
1542 1355
1543 1360
1544 1357
1545 1357
1546 1358
1547 1357
1548 1357
1549 1357
1550 1357
1551 1357
1552 1362
1553 1357
1554 1357
1555 1358
1556 1357
1557 1361
1558 1357
1559 1358
1560 1359
1561 1361
1562 1359
1563 1357
1564 1357
1565 1355
1566 1356
1567 1357
1568 1356
1569 1356
1570 1358
1571 1361
1572 1362
1573 1357
1574 1357
1575 1356
1576 1355
1577 1358
1578 1359
1579 1356
1580 1358
1581 1358
1582 1357
1583 1358
1584 1357
1585 1357
1586 1357
1587 1356
1588 1357
1589 1356
1590 1357
1591 1356
1592 1357
1593 1359
1594 1357
1595 1358
1596 1358
1597 1359
1598 1357
1599 1361
1600 1359
1601 1353
1602 1353
1603 1356
1604 1357
1605 1357
1606 1358
1607 1357
1608 1357
1609 1356
1610 1355
1611 1356
1612 1357
1613 1358
1614 1356
1615 1358
1616 1357
1617 1355
1618 1357
1619 1357
1620 1358
1621 1360
1622 1357
1623 1356
1624 1358
1625 1357
1626 1357
1627 1358
1628 1358
1629 1357
1630 1362
1631 1359
1632 1358
1633 1355
1634 1356
1635 1356
1636 1358
1637 1359
1638 1357
1639 1357
1640 1358
1641 1355
1642 1357
1643 1355
1644 1358
1645 1355
1646 1357
1647 1357
1648 1357
1649 1358
1650 1356
1651 1356
1652 1359
1653 1358
1654 1356
1655 1356
1656 1359
1657 1359
1658 1356
1659 1358
1660 1357
1661 1356
1662 1359
1663 1357
1664 1357
1665 1357
1666 1359
1667 1356
1668 1357
1669 1354
1670 1355
1671 1356
1672 1357
1673 1356
1674 1357
1675 1354
1676 1357
1677 1355
1678 1357
1679 1355
1680 1357
1681 1358
1682 1359
1683 1359
1684 1357
1685 1356
1686 1358
1687 1357
1688 1358
1689 1357
1690 1357
1691 1355
1692 1360
1693 1356
1694 1358
1695 1358
1696 1361
1697 1358
1698 1358
1699 1355
1700 1357
1701 1356
1702 1357
1703 1356
1704 1359
1705 1356
1706 1358
1707 1356
1708 1356
1709 1354
1710 1357
1711 1356
1712 1355
1713 1358
1714 1357
1715 1356
1716 1359
1717 1356
1718 1357
1719 1354
1720 1357
1721 1356
1722 1358
1723 1358
1724 1358
1725 1357
1726 1358
1727 1358
1728 1357
1729 1354
1730 1360
1731 1356
1732 1359
1733 1354
1734 1358
1735 1357
1736 1357
1737 1357
1738 1356
1739 1356
1740 1359
1741 1355
1742 1356
1743 1356
1744 1358
1745 1355
1746 1357
1747 1357
1748 1357
1749 1356
1750 1356
1751 1357
1752 1361
1753 1356
1754 1357
1755 1356
1756 1357
1757 1356
1758 1357
1759 1358
1760 1357
1761 1355
1762 1361
1763 1358
1764 1357
1765 1356
1766 1358
1767 1359
1768 1355
1769 1355
1770 1357
1771 1357
1772 1357
1773 1356
1774 1355
1775 1355
1776 1357
1777 1355
1778 1358
1779 1356
1780 1357
1781 1357
1782 1357
1783 1359
1784 1356
1785 1357
1786 1357
1787 1359
1788 1358
1789 1360
1790 1357
1791 1358
1792 1357
1793 1357
1794 1357
1795 1357
1796 1356
1797 1358
1798 1357
1799 1355
1800 1359
1801 1359
1802 1356
1803 1355
1804 1355
1805 1357
1806 1356
1807 1358
1808 1357
1809 1358
1810 1357
1811 1358
1812 1359
1813 1357
1814 1357
1815 1356
1816 1356
1817 1355
1818 1358
1819 1356
1820 1357
1821 1357
1822 1357
1823 1358
1824 1358
1825 1359
1826 1357
1827 1357
1828 1357
1829 1359
1830 1356
1831 1356
1832 1356
1833 1358
1834 1354
1835 1356
1836 1358
1837 1357
1838 1358
1839 1357
1840 1357
1841 1358
1842 1357
1843 1359
1844 1359
1845 1358
1846 1358
1847 1357
1848 1357
1849 1354
1850 1358
1851 1357
1852 1358
1853 1355
1854 1357
1855 1358
1856 1360
1857 1359
1858 1356
1859 1358
1860 1356
1861 1360
1862 1358
1863 1358
1864 1356
1865 1359
1866 1358
1867 1357
1868 1357
1869 1356
1870 1358
1871 1356
1872 1357
1873 1355
1874 1357
1875 1357
1876 1356
1877 1356
1878 1358
1879 1355
1880 1357
1881 1356
1882 1355
1883 1358
1884 1357
1885 1358
1886 1356
1887 1355
1888 1354
1889 1355
1890 1357
1891 1357
1892 1360
1893 1357
1894 1354
1895 1357
1896 1358
1897 1356
1898 1355
1899 1356
1900 1356
1901 1359
1902 1357
1903 1357
1904 1356
1905 1358
1906 1356
1907 1358
1908 1356
1909 1355
1910 1357
1911 1356
1912 1355
1913 1356
1914 1354
1915 1356
1916 1361
1917 1359
1918 1356
1919 1355
1920 1357
1921 1356
1922 1356
1923 1355
1924 1353
1925 1355
1926 1355
1927 1356
1928 1356
1929 1355
1930 1355
1931 1359
1932 1361
1933 1359
1934 1357
1935 1356
1936 1360
1937 1356
1938 1355
1939 1357
1940 1356
1941 1359
1942 1358
1943 1358
1944 1354
1945 1354
1946 1356
1947 1356
1948 1357
1949 1357
1950 1354
1951 1358
1952 1356
1953 1355
1954 1357
1955 1357
1956 1357
1957 1357
1958 1358
1959 1356
1960 1356
1961 1359
1962 1354
1963 1355
1964 1357
1965 1356
1966 1356
1967 1356
1968 1357
1969 1357
1970 1358
1971 1355
1972 1355
1973 1354
1974 1356
1975 1356
1976 1355
1977 1356
1978 1355
1979 1356
1980 1355
1981 1354
1982 1357
1983 1356
1984 1355
1985 1356
1986 1356
1987 1356
1988 1358
1989 1357
1990 1354
1991 1357
1992 1355
1993 1358
1994 1357
1995 1358
1996 1357
1997 1356
1998 1357
1999 1355
2000 1358
2001 1356
2002 1358
2003 1357
2004 1356
2005 1357
2006 1355
2007 1355
2008 1357
2009 1356
2010 1356
2011 1357
2012 1357
2013 1356
2014 1357
2015 1354
2016 1360
2017 1355
2018 1355
2019 1356
2020 1357
2021 1356
2022 1354
2023 1354
2024 1360
2025 1357
2026 1358
2027 1354
2028 1356
2029 1356
2030 1357
2031 1355
2032 1357
2033 1357
2034 1356
2035 1356
2036 1355
2037 1354
2038 1355
2039 1352
2040 1355
2041 1355
2042 1355
2043 1355
2044 1353
2045 1356
2046 1356
2047 1355
2048 1353
2049 1355
2050 1356
2051 1354
2052 1359
2053 1356
2054 1357
2055 1357
2056 1356
2057 1356
2058 1354
2059 1355
2060 1356
2061 1357
2062 1353
2063 1355
2064 1355
2065 1354
2066 1356
2067 1357
2068 1353
2069 1357
2070 1357
2071 1355
2072 1355
2073 1353
2074 1354
2075 1355
2076 1356
2077 1356
2078 1357
2079 1357
2080 1356
2081 1356
2082 1355
2083 1354
2084 1357
2085 1357
2086 1356
2087 1356
2088 1357
2089 1357
2090 1357
2091 1356
2092 1357
2093 1358
2094 1360
2095 1357
2096 1355
2097 1359
2098 1352
2099 1358
2100 1355
2101 1355
2102 1355
2103 1357
2104 1354
2105 1356
2106 1355
2107 1357
2108 1354
2109 1356
2110 1355
2111 1355
2112 1356
2113 1357
2114 1355
2115 1358
2116 1355
2117 1356
2118 1354
2119 1356
2120 1359
2121 1358
2122 1356
2123 1357
2124 1357
2125 1356
2126 1357
2127 1354
2128 1356
2129 1359
2130 1356
2131 1357
2132 1355
2133 1355
2134 1355
2135 1355
2136 1355
2137 1355
2138 1356
2139 1355
2140 1352
2141 1358
2142 1355
2143 1356
2144 1354
2145 1356
2146 1356
2147 1358
2148 1355
2149 1357
2150 1357
2151 1358
2152 1357
2153 1356
2154 1357
2155 1358
2156 1360
2157 1359
2158 1356
2159 1356
2160 1357
2161 1356
2162 1353
2163 1357
2164 1357
2165 1359
2166 1358
2167 1357
2168 1356
2169 1355
2170 1356
2171 1354
2172 1353
2173 1354
2174 1356
2175 1356
2176 1359
2177 1357
2178 1357
2179 1358
2180 1357
2181 1360
2182 1355
2183 1357
2184 1358
2185 1355
2186 1358
2187 1357
2188 1358
2189 1356
2190 1356
2191 1356
2192 1357
2193 1357
2194 1356
2195 1357
2196 1356
2197 1357
2198 1356
2199 1356
2200 1355
2201 1358
2202 1356
2203 1356
2204 1355
2205 1354
2206 1354
2207 1356
2208 1356
2209 1357
2210 1358
2211 1357
2212 1357
2213 1356
2214 1356
2215 1357
2216 1358
2217 1356
2218 1356
2219 1355
2220 1356
2221 1356
2222 1356
2223 1356
2224 1356
2225 1357
2226 1357
2227 1357
2228 1357
2229 1359
2230 1357
2231 1355
2232 1354
2233 1355
2234 1356
2235 1356
2236 1355
2237 1356
2238 1357
2239 1356
2240 1359
2241 1356
2242 1360
2243 1357
2244 1357
2245 1357
2246 1356
2247 1356
2248 1357
2249 1358
2250 1357
2251 1356
2252 1358
2253 1356
2254 1356
2255 1358
2256 1356
2257 1356
2258 1355
2259 1356
2260 1355
2261 1359
2262 1356
2263 1355
2264 1356
2265 1356
2266 1352
2267 1353
2268 1355
2269 1355
2270 1356
2271 1356
2272 1356
2273 1356
2274 1356
2275 1357
2276 1356
2277 1355
2278 1353
2279 1356
2280 1358
2281 1355
2282 1356
2283 1353
2284 1354
2285 1356
2286 1357
2287 1357
2288 1357
2289 1354
2290 1356
2291 1356
2292 1356
2293 1358
2294 1356
2295 1356
2296 1357
2297 1356
2298 1355
2299 1356
2300 1357
2301 1354
2302 1357
2303 1356
2304 1354
2305 1357
2306 1357
2307 1357
2308 1356
2309 1355
2310 1357
2311 1355
2312 1356
2313 1356
2314 1357
2315 1356
2316 1356
2317 1356
2318 1356
2319 1356
2320 1353
2321 1357
2322 1355
2323 1357
2324 1355
2325 1355
2326 1357
2327 1356
2328 1357
2329 1356
2330 1358
2331 1356
2332 1357
2333 1356
2334 1353
2335 1355
2336 1354
2337 1354
2338 1355
2339 1355
2340 1357
2341 1359
2342 1357
2343 1356
2344 1354
2345 1356
2346 1357
2347 1356
2348 1354
2349 1354
2350 1355
2351 1355
2352 1357
2353 1356
2354 1358
2355 1355
2356 1357
2357 1359
2358 1356
2359 1355
2360 1356
2361 1356
2362 1356
2363 1358
2364 1355
2365 1357
2366 1354
2367 1356
2368 1357
2369 1356
2370 1356
2371 1356
2372 1356
2373 1358
2374 1357
2375 1356
2376 1357
2377 1357
2378 1357
2379 1358
2380 1356
2381 1356
2382 1357
2383 1354
2384 1355
2385 1355
2386 1358
2387 1355
2388 1353
2389 1357
2390 1354
2391 1355
2392 1357
2393 1355
2394 1361
2395 1356
2396 1355
2397 1358
2398 1357
2399 1358
2400 1357
2401 1360
2402 1356
2403 1357
2404 1355
2405 1356
2406 1354
2407 1354
2408 1357
2409 1357
2410 1355
2411 1355
2412 1353
2413 1356
2414 1355
2415 1356
2416 1354
2417 1356
2418 1358
2419 1356
2420 1357
2421 1359
2422 1355
2423 1356
2424 1357
2425 1357
2426 1356
2427 1355
2428 1357
2429 1356
2430 1358
2431 1360
2432 1357
2433 1357
2434 1356
2435 1354
2436 1353
2437 1355
2438 1359
2439 1355
2440 1357
2441 1356
2442 1360
2443 1361
2444 1353
2445 1352
2446 1354
2447 1358
2448 1360
2449 1357
2450 1356
2451 1357
2452 1358
2453 1358
2454 1356
2455 1355
2456 1359
2457 1359
2458 1356
2459 1356
2460 1357
2461 1357
2462 1355
2463 1357
2464 1357
2465 1356
2466 1356
2467 1353
2468 1357
2469 1355
2470 1357
2471 1356
2472 1358
2473 1356
2474 1357
2475 1355
2476 1356
2477 1356
2478 1355
2479 1356
2480 1357
2481 1361
2482 1353
2483 1354
2484 1356
2485 1359
2486 1357
2487 1358
2488 1357
2489 1356
2490 1362
2491 1358
2492 1360
2493 1356
2494 1357
2495 1357
2496 1359
2497 1355
2498 1357
2499 1357
2500 1358
2501 1355
2502 1356
2503 1355
2504 1355
2505 1359
2506 1357
2507 1356
2508 1358
2509 1355
2510 1360
2511 1358
2512 1360
2513 1358
2514 1357
2515 1358
2516 1357
2517 1356
2518 1359
2519 1356
2520 1355
2521 1358
2522 1359
2523 1357
2524 1357
2525 1354
2526 1357
2527 1355
2528 1357
2529 1356
2530 1355
2531 1357
2532 1356
2533 1358
2534 1357
2535 1355
2536 1358
2537 1355
2538 1357
2539 1356
2540 1357
2541 1358
2542 1357
2543 1356
2544 1356
2545 1360
2546 1359
2547 1357
2548 1358
2549 1357
2550 1356
2551 1356
2552 1357
2553 1359
2554 1357
2555 1356
2556 1357
2557 1356
2558 1354
2559 1355
2560 1357
2561 1356
2562 1356
2563 1359
2564 1357
2565 1357
2566 1356
2567 1356
2568 1357
2569 1358
2570 1357
2571 1359
2572 1357
2573 1357
2574 1358
2575 1357
2576 1357
2577 1358
2578 1358
2579 1358
2580 1359
2581 1358
2582 1357
2583 1359
2584 1357
2585 1356
2586 1358
2587 1355
2588 1355
2589 1353
2590 1355
2591 1355
2592 1358
2593 1357
2594 1357
2595 1358
2596 1358
2597 1357
2598 1357
2599 1357
2600 1357
2601 1358
2602 1359
2603 1359
2604 1358
2605 1358
2606 1356
2607 1357
2608 1357
2609 1359
2610 1356
2611 1357
2612 1361
2613 1358
2614 1356
2615 1358
2616 1355
2617 1357
2618 1356
2619 1356
2620 1357
2621 1358
2622 1357
2623 1358
2624 1358
2625 1357
2626 1358
2627 1356
2628 1356
2629 1355
2630 1355
2631 1357
2632 1357
2633 1356
2634 1357
2635 1356
2636 1357
2637 1357
2638 1357
2639 1356
2640 1358
2641 1355
2642 1358
2643 1356
2644 1359
2645 1357
2646 1358
2647 1358
2648 1357
2649 1356
2650 1358
2651 1357
2652 1357
2653 1356
2654 1356
2655 1356
2656 1357
2657 1356
2658 1354
2659 1357
2660 1357
2661 1359
2662 1358
2663 1357
2664 1356
2665 1358
2666 1358
2667 1357
2668 1356
2669 1354
2670 1357
2671 1355
2672 1357
2673 1356
2674 1356
2675 1360
2676 1358
2677 1358
2678 1355
2679 1359
2680 1355
2681 1358
2682 1355
2683 1356
2684 1355
2685 1357
2686 1357
2687 1359
2688 1354
2689 1357
2690 1356
2691 1358
2692 1357
2693 1358
2694 1356
2695 1358
2696 1357
2697 1356
2698 1358
2699 1356
2700 1357
2701 1356
2702 1357
2703 1355
2704 1358
2705 1356
2706 1359
2707 1358
2708 1357
2709 1358
2710 1356
2711 1355
2712 1356
2713 1358
2714 1356
2715 1355
2716 1354
2717 1355
2718 1355
2719 1354
2720 1354
2721 1357
2722 1359
2723 1357
2724 1355
2725 1356
2726 1355
2727 1356
2728 1356
2729 1355
2730 1358
2731 1358
2732 1358
2733 1356
2734 1356
2735 1355
2736 1359
2737 1356
2738 1359
2739 1358
2740 1356
2741 1357
2742 1358
2743 1356
2744 1355
2745 1357
2746 1355
2747 1355
2748 1359
2749 1353
2750 1357
2751 1357
2752 1357
2753 1357
2754 1359
2755 1356
2756 1356
2757 1356
2758 1357
2759 1357
2760 1354
2761 1357
2762 1358
2763 1359
2764 1359
2765 1356
2766 1358
2767 1358
2768 1358
2769 1357
2770 1359
2771 1356
2772 1357
2773 1356
2774 1359
2775 1357
2776 1355
2777 1356
2778 1359
2779 1354
2780 1354
2781 1355
2782 1355
2783 1355
2784 1355
2785 1354
2786 1359
2787 1357
2788 1358
2789 1354
2790 1357
2791 1357
2792 1355
2793 1356
2794 1354
2795 1356
2796 1359
2797 1356
2798 1356
2799 1355
2800 1357
2801 1356
2802 1357
2803 1355
2804 1360
2805 1357
2806 1357
2807 1357
2808 1356
2809 1354
2810 1356
2811 1357
2812 1356
2813 1354
2814 1357
2815 1354
2816 1355
2817 1356
2818 1359
2819 1356
2820 1357
2821 1356
2822 1358
2823 1356
2824 1353
2825 1357
2826 1360
2827 1356
2828 1359
2829 1358
2830 1358
2831 1357
2832 1357
2833 1358
2834 1356
2835 1357
2836 1360
2837 1356
2838 1357
2839 1357
2840 1355
2841 1355
2842 1357
2843 1353
2844 1355
2845 1358
2846 1355
2847 1354
2848 1357
2849 1355
2850 1355
2851 1357
2852 1357
2853 1357
2854 1357
2855 1357
2856 1359
2857 1357
2858 1358
2859 1356
2860 1359
2861 1356
2862 1358
2863 1356
2864 1358
2865 1356
2866 1355
2867 1355
2868 1357
2869 1354
2870 1356
2871 1357
2872 1358
2873 1356
2874 1357
2875 1356
2876 1358
2877 1357
2878 1358
2879 1357
2880 1358
2881 1360
2882 1358
2883 1357
2884 1357
2885 1358
2886 1356
2887 1355
2888 1356
2889 1356
2890 1358
2891 1355
2892 1353
2893 1355
2894 1357
2895 1354
2896 1356
2897 1355
2898 1354
2899 1357
2900 1356
2901 1357
2902 1358
2903 1357
2904 1357
2905 1357
2906 1358
2907 1357
2908 1357
2909 1357
2910 1357
2911 1356
2912 1358
2913 1357
2914 1358
2915 1358
2916 1358
2917 1358
2918 1359
2919 1360
2920 1357
2921 1357
2922 1357
2923 1358
2924 1358
2925 1355
2926 1358
2927 1357
2928 1355
2929 1353
2930 1351
2931 1353
2932 1358
2933 1357
2934 1357
2935 1356
2936 1356
2937 1358
2938 1358
2939 1357
2940 1356
2941 1357
2942 1357
2943 1357
2944 1356
2945 1357
2946 1356
2947 1355
2948 1358
2949 1355
2950 1356
2951 1356
2952 1357
2953 1356
2954 1357
2955 1357
2956 1358
2957 1356
2958 1356
2959 1356
2960 1357
2961 1357
2962 1359
2963 1357
2964 1357
2965 1357
2966 1356
2967 1359
2968 1357
2969 1358
2970 1361
2971 1355
2972 1357
2973 1355
2974 1357
2975 1357
2976 1356
2977 1354
2978 1355
2979 1357
2980 1355
2981 1356
2982 1358
2983 1358
2984 1357
2985 1355
2986 1357
2987 1356
2988 1359
2989 1356
2990 1357
2991 1358
2992 1357
2993 1356
2994 1357
2995 1355
2996 1356
2997 1354
2998 1359
2999 1356
3000 1358
3001 1354
3002 1358
3003 1357
3004 1357
3005 1358
3006 1357
3007 1357
3008 1357
3009 1355
3010 1356
3011 1357
3012 1361
3013 1356
3014 1357
3015 1356
3016 1356
3017 1356
3018 1357
3019 1356
3020 1356
3021 1358
3022 1358
3023 1357
3024 1355
3025 1360
3026 1358
3027 1357
3028 1357
3029 1354
3030 1357
3031 1358
3032 1358
3033 1356
3034 1357
3035 1356
3036 1357
3037 1358
3038 1358
3039 1356
3040 1355
3041 1356
3042 1356
3043 1358
3044 1357
3045 1356
3046 1357
3047 1356
3048 1356
3049 1359
3050 1358
3051 1359
3052 1358
3053 1355
3054 1356
3055 1355
3056 1356
3057 1354
3058 1354
3059 1355
3060 1357
3061 1354
3062 1353
3063 1356
3064 1357
3065 1358
3066 1355
3067 1357
3068 1357
3069 1356
3070 1359
3071 1358
3072 1359
3073 1356
3074 1356
3075 1357
3076 1355
3077 1356
3078 1357
3079 1356
3080 1359
3081 1358
3082 1356
3083 1357
3084 1357
3085 1358
3086 1357
3087 1359
3088 1359
3089 1357
3090 1357
3091 1358
3092 1356
3093 1358
3094 1355
3095 1358
3096 1356
3097 1359
3098 1357
3099 1356
3100 1354
3101 1357
3102 1358
3103 1358
3104 1355
3105 1356
3106 1357
3107 1356
3108 1355
3109 1357
3110 1360
3111 1359
3112 1357
3113 1356
3114 1356
3115 1357
3116 1355
3117 1356
3118 1355
3119 1356
3120 1357
3121 1356
3122 1356
3123 1353
3124 1357
3125 1356
3126 1357
3127 1357
3128 1362
3129 1357
3130 1359
3131 1356
3132 1355
3133 1356
3134 1357
3135 1356
3136 1357
3137 1358
3138 1358
3139 1355
3140 1355
3141 1354
3142 1357
3143 1353
3144 1356
3145 1356
3146 1357
3147 1356
3148 1357
3149 1355
3150 1356
3151 1356
3152 1353
3153 1356
3154 1358
3155 1359
3156 1357
3157 1354
3158 1357
3159 1358
3160 1358
3161 1356
3162 1356
3163 1355
3164 1357
3165 1356
3166 1356
3167 1356
3168 1355
3169 1355
3170 1355
3171 1357
3172 1356
3173 1356
3174 1354
3175 1356
3176 1358
3177 1359
3178 1356
3179 1356
3180 1354
3181 1356
3182 1358
3183 1357
3184 1357
3185 1356
3186 1359
3187 1356
3188 1357
3189 1357
3190 1358
3191 1357
3192 1357
3193 1358
3194 1358
3195 1356
3196 1357
3197 1356
3198 1357
3199 1352
3200 1353
3201 1356
3202 1356
3203 1354
3204 1356
3205 1355
3206 1357
3207 1354
3208 1357
3209 1357
3210 1358
3211 1358
3212 1357
3213 1356
3214 1358
3215 1359
3216 1354
3217 1358
3218 1358
3219 1357
3220 1360
3221 1358
3222 1356
3223 1356
3224 1359
3225 1356
3226 1357
3227 1356
3228 1355
3229 1355
3230 1356
3231 1356
3232 1358
3233 1356
3234 1357
3235 1357
3236 1355
3237 1353
3238 1358
3239 1355
3240 1358
3241 1357
3242 1358
3243 1356
3244 1357
3245 1356
3246 1355
3247 1355
3248 1356
3249 1354
3250 1357
3251 1356
3252 1358
3253 1354
3254 1357
3255 1355
3256 1357
3257 1355
3258 1357
3259 1353
3260 1357
3261 1355
3262 1352
3263 1353
3264 1355
3265 1358
3266 1357
3267 1352
3268 1356
3269 1356
3270 1357
3271 1357
3272 1357
3273 1356
3274 1357
3275 1358
3276 1359
3277 1354
3278 1358
3279 1354
3280 1357
3281 1356
3282 1359
3283 1357
3284 1355
3285 1357
3286 1356
3287 1356
3288 1357
3289 1357
3290 1359
3291 1357
3292 1354
3293 1355
3294 1354
3295 1354
3296 1354
3297 1353
3298 1361
3299 1355
3300 1357
3301 1357
3302 1356
3303 1356
3304 1358
3305 1356
3306 1357
3307 1358
3308 1359
3309 1356
3310 1354
3311 1356
3312 1359
3313 1358
3314 1356
3315 1356
3316 1358
3317 1357
3318 1353
3319 1354
3320 1356
3321 1356
3322 1357
3323 1352
3324 1355
3325 1356
3326 1356
3327 1355
3328 1353
3329 1355
3330 1360
3331 1358
3332 1358
3333 1358
3334 1359
3335 1357
3336 1359
3337 1357
3338 1355
3339 1356
3340 1357
3341 1356
3342 1357
3343 1356
3344 1358
3345 1355
3346 1357
3347 1356
3348 1356
3349 1358
3350 1357
3351 1358
3352 1359
3353 1354
3354 1359
3355 1354
3356 1358
3357 1357
3358 1358
3359 1357
3360 1357
3361 1355
3362 1357
3363 1358
3364 1359
3365 1358
3366 1357
3367 1356
3368 1358
3369 1357
3370 1358
3371 1354
3372 1357
3373 1353
3374 1359
3375 1355
3376 1357
3377 1356
3378 1356
3379 1356
3380 1359
3381 1357
3382 1357
3383 1356
3384 1356
3385 1353
3386 1356
3387 1355
3388 1355
3389 1358
3390 1357
3391 1357
3392 1358
3393 1356
3394 1356
3395 1357
3396 1357
3397 1358
3398 1357
3399 1357
3400 1358
3401 1359
3402 1359
3403 1356
3404 1357
3405 1358
3406 1355
3407 1356
3408 1357
3409 1359
3410 1358
3411 1358
3412 1356
3413 1357
3414 1354
3415 1357
3416 1354
3417 1355
3418 1358
3419 1356
3420 1356
3421 1356
3422 1356
3423 1355
3424 1356
3425 1356
3426 1355
3427 1356
3428 1358
3429 1356
3430 1353
3431 1355
3432 1357
3433 1358
3434 1357
3435 1356
3436 1357
3437 1357
3438 1357
3439 1358
3440 1353
3441 1354
3442 1357
3443 1356
3444 1355
3445 1355
3446 1357
3447 1356
3448 1357
3449 1353
3450 1356
3451 1356
3452 1355
3453 1356
3454 1354
3455 1356
3456 1357
3457 1354
3458 1355
3459 1356
3460 1357
3461 1355
3462 1354
3463 1357
3464 1357
3465 1359
3466 1360
3467 1358
3468 1356
3469 1357
3470 1354
3471 1356
3472 1354
3473 1356
3474 1356
3475 1358
3476 1353
3477 1356
3478 1357
3479 1355
3480 1357
3481 1355
3482 1356
3483 1353
3484 1352
3485 1354
3486 1356
3487 1357
3488 1357
3489 1359
3490 1358
3491 1356
3492 1358
3493 1358
3494 1357
3495 1355
3496 1355
3497 1356
3498 1356
3499 1356
3500 1356
3501 1356
3502 1357
3503 1357
3504 1355
3505 1355
3506 1356
3507 1354
3508 1352
3509 1354
3510 1357
3511 1356
3512 1357
3513 1357
3514 1357
3515 1357
3516 1356
3517 1356
3518 1357
3519 1356
3520 1356
3521 1355
3522 1357
3523 1358
3524 1356
3525 1357
3526 1356
3527 1358
3528 1357
3529 1356
3530 1358
3531 1357
3532 1355
3533 1356
3534 1357
3535 1359
3536 1357
3537 1355
3538 1357
3539 1357
3540 1358
3541 1355
3542 1356
3543 1355
3544 1358
3545 1357
3546 1360
3547 1356
3548 1357
3549 1355
3550 1358
3551 1357
3552 1355
3553 1356
3554 1355
3555 1356
3556 1359
3557 1356
3558 1357
3559 1356
3560 1356
3561 1356
3562 1358
3563 1355
3564 1355
3565 1357
3566 1359
3567 1358
3568 1353
3569 1353
3570 1358
3571 1357
3572 1356
3573 1356
3574 1354
3575 1356
3576 1356
3577 1352
3578 1357
3579 1355
3580 1354
3581 1357
3582 1358
3583 1357
3584 1357
3585 1355
3586 1357
3587 1356
3588 1359
3589 1358
3590 1358
3591 1355
3592 1357
3593 1358
3594 1354
3595 1355
3596 1355
3597 1357
3598 1357
3599 1356
3600 1357
3601 1357
3602 1357
3603 1358
3604 1357
3605 1357
3606 1356
3607 1356
3608 1357
3609 1356
3610 1356
3611 1359
3612 1354
3613 1359
3614 1356
3615 1356
3616 1353
3617 1356
3618 1358
3619 1356
3620 1356
3621 1357
3622 1356
3623 1357
3624 1353
3625 1354
3626 1354
3627 1356
3628 1357
3629 1356
3630 1357
3631 1357
3632 1355
3633 1355
3634 1355
3635 1356
3636 1355
3637 1352
3638 1354
3639 1356
3640 1357
3641 1355
3642 1355
3643 1355
3644 1357
3645 1356
3646 1356
3647 1356
3648 1355
3649 1358
3650 1359
3651 1355
3652 1356
3653 1356
3654 1354
3655 1357
3656 1355
3657 1356
3658 1355
3659 1355
3660 1357
3661 1354
3662 1352
3663 1354
3664 1355
3665 1354
3666 1356
3667 1356
3668 1357
3669 1355
3670 1355
3671 1354
3672 1357
3673 1357
3674 1355
3675 1356
3676 1355
3677 1356
3678 1356
3679 1355
3680 1357
3681 1354
3682 1357
3683 1355
3684 1354
3685 1355
3686 1358
3687 1356
3688 1357
3689 1356
3690 1353
3691 1353
3692 1355
3693 1354
3694 1357
3695 1357
3696 1356
3697 1357
3698 1356
3699 1360
3700 1356
3701 1356
3702 1353
3703 1356
3704 1358
3705 1357
3706 1353
3707 1356
3708 1357
3709 1355
3710 1355
3711 1355
3712 1355
3713 1357
3714 1357
3715 1358
3716 1356
3717 1357
3718 1357
3719 1355
3720 1357
3721 1358
3722 1357
3723 1359
3724 1357
3725 1356
3726 1357
3727 1356
3728 1355
3729 1356
3730 1355
3731 1358
3732 1357
3733 1356
3734 1355
3735 1356
3736 1357
3737 1354
3738 1358
3739 1354
3740 1356
3741 1356
3742 1355
3743 1354
3744 1356
3745 1355
3746 1356
3747 1356
3748 1356
3749 1356
3750 1358
3751 1354
3752 1356
3753 1354
3754 1352
3755 1356
3756 1354
3757 1356
3758 1357
3759 1353
3760 1355
3761 1356
3762 1357
3763 1356
3764 1355
3765 1357
3766 1357
3767 1357
3768 1354
3769 1355
3770 1356
3771 1356
3772 1356
3773 1354
3774 1359
3775 1355
3776 1355
3777 1356
3778 1356
3779 1356
3780 1353
3781 1356
3782 1358
3783 1355
3784 1356
3785 1355
3786 1353
3787 1353
3788 1354
3789 1353
3790 1355
3791 1356
3792 1357
3793 1355
3794 1355
3795 1354
3796 1354
3797 1355
3798 1356
3799 1355
3800 1357
3801 1359
3802 1356
3803 1353
3804 1354
3805 1355
3806 1359
3807 1355
3808 1357
3809 1353
3810 1355
3811 1355
3812 1356
3813 1357
3814 1359
3815 1358
3816 1358
3817 1356
3818 1357
3819 1358
3820 1356
3821 1354
3822 1355
3823 1353
3824 1356
3825 1356
3826 1355
3827 1358
3828 1355
3829 1356
3830 1357
3831 1357
3832 1357
3833 1356
3834 1356
3835 1355
3836 1356
3837 1356
3838 1357
3839 1356
3840 1356
3841 1356
3842 1356
3843 1356
3844 1355
3845 1355
3846 1357
3847 1358
3848 1357
3849 1357
3850 1356
3851 1357
3852 1356
3853 1355
3854 1357
3855 1356
3856 1358
3857 1356
3858 1358
3859 1355
3860 1357
3861 1356
3862 1359
3863 1357
3864 1357
3865 1357
3866 1357
3867 1355
3868 1355
3869 1358
3870 1358
3871 1355
3872 1357
3873 1356
3874 1358
3875 1355
3876 1356
3877 1356
3878 1354
3879 1356
3880 1355
3881 1356
3882 1358
3883 1354
3884 1356
3885 1356
3886 1356
3887 1357
3888 1355
3889 1356
3890 1354
3891 1357
3892 1355
3893 1357
3894 1358
3895 1357
3896 1358
3897 1356
3898 1357
3899 1357
3900 1356
3901 1355
3902 1353
3903 1356
3904 1354
3905 1356
3906 1353
3907 1357
3908 1356
3909 1356
3910 1357
3911 1358
3912 1356
3913 1356
3914 1358
3915 1354
3916 1358
3917 1355
3918 1355
3919 1357
3920 1357
3921 1358
3922 1359
3923 1357
3924 1356
3925 1358
3926 1357
3927 1357
3928 1356
3929 1357
3930 1358
3931 1356
3932 1356
3933 1353
3934 1355
3935 1355
3936 1355
3937 1356
3938 1355
3939 1355
3940 1352
3941 1357
3942 1357
3943 1358
3944 1356
3945 1355
3946 1357
3947 1356
3948 1358
3949 1358
3950 1357
3951 1358
3952 1357
3953 1356
3954 1356
3955 1356
3956 1358
3957 1357
3958 1355
3959 1357
3960 1355
3961 1356
3962 1357
3963 1358
3964 1355
3965 1354
3966 1355
3967 1355
3968 1356
3969 1356
3970 1353
3971 1354
3972 1357
3973 1356
3974 1357
3975 1357
3976 1357
3977 1355
3978 1355
3979 1357
3980 1357
3981 1357
3982 1357
3983 1357
3984 1358
3985 1357
3986 1354
3987 1358
3988 1356
3989 1358
3990 1357
3991 1357
3992 1359
3993 1355
3994 1356
3995 1354
3996 1354
3997 1356
3998 1358
3999 1355
