0 1354
1 1357
2 1358
3 1359
4 1355
5 1357
6 1357
7 1357
8 1355
9 1356
10 1357
11 1358
12 1357
13 1357
14 1356
15 1356
16 1356
17 1356
18 1354
19 1354
20 1357
21 1359
22 1357
23 1355
24 1356
25 1357
26 1356
27 1357
28 1356
29 1358
30 1354
31 1359
32 1356
33 1359
34 1357
35 1355
36 1358
37 1356
38 1357
39 1355
40 1358
41 1356
42 1356
43 1355
44 1358
45 1357
46 1355
47 1355
48 1354
49 1354
50 1355
51 1356
52 1355
53 1355
54 1354
55 1356
56 1358
57 1357
58 1355
59 1356
60 1356
61 1356
62 1356
63 1358
64 1357
65 1357
66 1358
67 1354
68 1356
69 1359
70 1356
71 1357
72 1356
73 1356
74 1356
75 1355
76 1357
77 1356
78 1355
79 1356
80 1358
81 1356
82 1357
83 1356
84 1353
85 1357
86 1357
87 1354
88 1356
89 1355
90 1355
91 1356
92 1357
93 1356
94 1356
95 1354
96 1357
97 1354
98 1358
99 1354
100 1355
101 1357
102 1356
103 1356
104 1354
105 1358
106 1357
107 1358
108 1356
109 1356
110 1356
111 1357
112 1358
113 1357
114 1356
115 1356
116 1357
117 1358
118 1357
119 1356
120 1356
121 1361
122 1356
123 1358
124 1357
125 1359
126 1359
127 1357
128 1357
129 1356
130 1357
131 1356
132 1356
133 1357
134 1354
135 1356
136 1354
137 1356
138 1357
139 1356
140 1354
141 1358
142 1357
143 1359
144 1356
145 1356
146 1358
147 1356
148 1356
149 1358
150 1356
151 1356
152 1352
153 1357
154 1355
155 1358
156 1353
157 1359
158 1357
159 1357
160 1359
161 1360
162 1356
163 1356
164 1355
165 1359
166 1355
167 1358
168 1355
169 1355
170 1354
171 1358
172 1355
173 1357
174 1355
175 1357
176 1356
177 1357
178 1360
179 1356
180 1355
181 1361
182 1354
183 1356
184 1359
185 1359
186 1356
187 1354
188 1356
189 1357
190 1355
191 1357
192 1355
193 1357
194 1354
195 1356
196 1356
197 1356
198 1355
199 1356
200 1356
201 1354
202 1357
203 1356
204 1357
205 1357
206 1356
207 1357
208 1360
209 1359
210 1357
211 1358
212 1358
213 1356
214 1357
215 1357
216 1357
217 1357
218 1358
219 1357
220 1357
221 1356
222 1359
223 1355
224 1356
225 1357
226 1356
227 1359
228 1355
229 1356
230 1358
231 1358
232 1357
233 1355
234 1357
235 1357
236 1357
237 1357
238 1357
239 1358
240 1359
241 1354
242 1357
243 1358
244 1358
245 1359
246 1357
247 1355
248 1357
249 1357
250 1357
251 1356
252 1356
253 1355
254 1356
255 1353
256 1355
257 1355
258 1356
259 1357
260 1355
261 1356
262 1357
263 1356
264 1357
265 1356
266 1355
267 1358
268 1356
269 1358
270 1357
271 1354
272 1356
273 1356
274 1355
275 1359
276 1356
277 1358
278 1356
279 1356
280 1357
281 1356
282 1355
283 1355
284 1356
285 1355
286 1355
287 1355
288 1356
289 1358
290 1357
291 1356
292 1356
293 1356
294 1356
295 1356
296 1358
297 1359
298 1357
299 1357
300 1357
301 1357
302 1359
303 1358
304 1358
305 1359
306 1357
307 1357
308 1355
309 1357
310 1355
311 1357
312 1358
313 1355
314 1356
315 1356
316 1357
317 1357
318 1356
319 1356
320 1357
321 1358
322 1356
323 1357
324 1356
325 1357
326 1358
327 1358
328 1356
329 1358
330 1360
331 1358
332 1357
333 1357
334 1358
335 1358
336 1358
337 1358
338 1357
339 1355
340 1353
341 1360
342 1357
343 1358
344 1359
345 1358
346 1357
347 1356
348 1354
349 1354
350 1357
351 1356
352 1358
353 1357
354 1356
355 1357
356 1358
357 1358
358 1356
359 1356
360 1356
361 1356
362 1355
363 1358
364 1357
365 1356
366 1358
367 1357
368 1356
369 1355
370 1358
371 1358
372 1357
373 1355
374 1357
375 1359
376 1357
377 1358
378 1357
379 1354
380 1357
381 1357
382 1354
383 1356
384 1357
385 1357
386 1354
387 1356
388 1356
389 1355
390 1359
391 1355
392 1357
393 1357
394 1355
395 1356
396 1356
397 1356
398 1356
399 1356
400 1355
401 1357
402 1358
403 1359
404 1357
405 1354
406 1356
407 1356
408 1356
409 1356
410 1356
411 1356
412 1358
413 1356
414 1356
415 1357
416 1356
417 1358
418 1357
419 1357
420 1357
421 1358
422 1357
423 1355
424 1357
425 1354
426 1359
427 1357
428 1357
429 1357
430 1357
431 1357
432 1355
433 1358
434 1353
435 1356
436 1357
437 1355
438 1356
439 1357
440 1352
441 1356
442 1357
443 1358
444 1357
445 1356
446 1354
447 1358
448 1357
449 1356
450 1353
451 1357
452 1357
453 1356
454 1357
455 1355
456 1358
457 1356
458 1358
459 1358
460 1358
461 1356
462 1356
463 1354
464 1356
465 1354
466 1356
467 1356
468 1357
469 1358
470 1356
471 1358
472 1355
473 1354
474 1355
475 1354
476 1357
477 1356
478 1356
479 1357
480 1356
481 1359
482 1359
483 1356
484 1357
485 1355
486 1356
487 1357
488 1357
489 1356
490 1357
491 1357
492 1355
493 1357
494 1355
495 1356
496 1357
497 1356
498 1357
499 1354
500 1358
501 1356
502 1356
503 1358
504 1358
505 1360
506 1366
507 1369
508 1375
509 1379
510 1384
511 1396
512 1407
513 1413
514 1422
515 1433
516 1438
517 1444
518 1444
519 1451
520 1454
521 1459
522 1460
523 1459
524 1461
525 1462
526 1464
527 1465
528 1462
529 1463
530 1460
531 1458
532 1454
533 1454
534 1449
535 1446
536 1441
537 1437
538 1432
539 1428
540 1427
541 1422
542 1420
543 1415
544 1412
545 1413
546 1411
547 1409
548 1405
549 1403
550 1402
551 1397
552 1395
553 1392
554 1390
555 1387
556 1385
557 1382
558 1379
559 1377
560 1375
561 1376
562 1377
563 1375
564 1372
565 1371
566 1374
567 1371
568 1372
569 1369
570 1366
571 1365
572 1368
573 1365
574 1364
575 1364
576 1360
577 1357
578 1359
579 1361
580 1359
581 1362
582 1358
583 1359
584 1359
585 1357
586 1357
587 1358
588 1358
589 1360
590 1362
591 1360
592 1358
593 1358
594 1358
595 1360
596 1357
597 1359
598 1357
599 1360
600 1360
601 1360
602 1360
603 1355
604 1360
605 1359
606 1358
607 1359
608 1356
609 1358
610 1360
611 1360
612 1360
613 1355
614 1357
615 1357
616 1358
617 1359
618 1356
619 1356
620 1356
621 1353
622 1358
623 1354
624 1362
625 1357
626 1356
627 1359
628 1356
629 1357
630 1356
631 1355
632 1357
633 1356
634 1357
635 1358
636 1356
637 1356
638 1357
639 1357
640 1359
641 1358
642 1360
643 1360
644 1357
645 1358
646 1359
647 1358
648 1360
649 1358
650 1358
651 1356
652 1357
653 1356
654 1357
655 1358
656 1356
657 1355
658 1355
659 1355
660 1356
661 1357
662 1358
663 1354
664 1355
665 1358
666 1356
667 1358
668 1357
669 1356
670 1357
671 1356
672 1354
673 1357
674 1357
675 1360
676 1359
677 1355
678 1355
679 1356
680 1358
681 1357
682 1360
683 1358
684 1355
685 1357
686 1356
687 1358
688 1357
689 1356
690 1357
691 1356
692 1357
693 1357
694 1359
695 1358
696 1358
697 1359
698 1359
699 1358
700 1360
701 1357
702 1357
703 1358
704 1358
705 1357
706 1357
707 1355
708 1355
709 1355
710 1356
711 1353
712 1357
713 1358
714 1357
715 1355
716 1354
717 1356
718 1355
719 1354
720 1356
721 1355
722 1357
723 1359
724 1359
725 1359
726 1356
727 1355
728 1356
729 1358
730 1357
731 1358
732 1357
733 1356
734 1356
735 1357
736 1356
737 1356
738 1357
739 1355
740 1357
741 1358
742 1357
743 1357
744 1357
745 1356
746 1357
747 1355
748 1357
749 1357
750 1358
751 1355
752 1358
753 1358
754 1357
755 1356
756 1355
757 1357
758 1359
759 1355
760 1358
761 1355
762 1358
763 1357
764 1357
765 1360
766 1360
767 1358
768 1355
769 1356
770 1359
771 1360
772 1358
773 1357
774 1357
775 1357
776 1358
777 1355
778 1355
779 1358
780 1357
781 1356
782 1357
783 1357
784 1357
785 1359
786 1357
787 1358
788 1357
789 1358
790 1358
791 1362
792 1358
793 1358
794 1357
795 1358
796 1357
797 1359
798 1356
799 1359
800 1357
801 1358
802 1357
803 1358
804 1358
805 1358
806 1357
807 1359
808 1356
809 1359
810 1355
811 1359
812 1357
813 1357
814 1357
815 1355
816 1357
817 1357
818 1355
819 1358
820 1356
821 1357
822 1357
823 1358
824 1356
825 1356
826 1357
827 1356
828 1356
829 1357
830 1360
831 1357
832 1356
833 1357
834 1358
835 1356
836 1357
837 1357
838 1358
839 1355
840 1355
841 1358
842 1355
843 1356
844 1355
845 1358
846 1357
847 1359
848 1357
849 1356
850 1356
851 1357
852 1359
853 1359
854 1359
855 1357
856 1356
857 1358
858 1357
859 1354
860 1357
861 1359
862 1356
863 1356
864 1357
865 1356
866 1354
867 1358
868 1355
869 1357
870 1354
871 1354
872 1356
873 1357
874 1355
875 1357
876 1361
877 1357
878 1356
879 1357
880 1357
881 1356
882 1357
883 1356
884 1358
885 1359
886 1360
887 1360
888 1359
889 1358
890 1357
891 1358
892 1357
893 1357
894 1356
895 1356
896 1358
897 1359
898 1357
899 1356
900 1356
901 1357
902 1356
903 1356
904 1356
905 1354
906 1357
907 1358
908 1356
909 1359
910 1357
911 1358
912 1359
913 1359
914 1358
915 1359
916 1357
917 1360
918 1358
919 1358
920 1357
921 1358
922 1357
923 1356
924 1357
925 1357
926 1359
927 1358
928 1358
929 1356
930 1357
931 1357
932 1359
933 1357
934 1360
935 1357
936 1358
937 1356
938 1359
939 1356
940 1356
941 1356
942 1355
943 1358
944 1357
945 1357
946 1357
947 1357
948 1357
949 1357
950 1357
951 1359
952 1356
953 1353
954 1358
955 1359
956 1358
957 1357
958 1358
959 1356
960 1357
961 1357
962 1358
963 1358
964 1359
965 1358
966 1360
967 1357
968 1359
969 1357
970 1360
971 1358
972 1356
973 1358
974 1357
975 1359
976 1357
977 1357
978 1357
979 1359
980 1357
981 1357
982 1359
983 1359
984 1357
985 1357
986 1357
987 1358
988 1358
989 1357
990 1359
991 1357
992 1355
993 1356
994 1358
995 1358
996 1361
997 1358
998 1359
999 1359
1000 1356
1001 1358
1002 1357
1003 1356
1004 1357
1005 1358
1006 1358
1007 1358
1008 1358
1009 1358
1010 1358
1011 1357
1012 1359
1013 1356
1014 1357
1015 1355
1016 1357
1017 1356
1018 1359
1019 1355
1020 1357
1021 1358
1022 1357
1023 1357
1024 1354
1025 1358
1026 1359
1027 1356
1028 1359
1029 1356
1030 1355
1031 1356
1032 1359
1033 1357
1034 1357
1035 1354
1036 1357
1037 1356
1038 1357
1039 1355
1040 1357
1041 1357
1042 1357
1043 1358
1044 1357
1045 1356
1046 1359
1047 1358
1048 1356
1049 1356
1050 1358
1051 1357
1052 1360
1053 1358
1054 1359
1055 1357
1056 1356
1057 1360
1058 1358
1059 1358
1060 1356
1061 1358
1062 1359
1063 1358
1064 1358
1065 1358
1066 1358
1067 1358
1068 1358
1069 1356
1070 1358
1071 1358
1072 1361
1073 1358
1074 1357
1075 1356
1076 1357
1077 1355
1078 1355
1079 1356
1080 1357
1081 1357
1082 1360
1083 1355
1084 1358
1085 1356
1086 1358
1087 1356
1088 1358
1089 1356
1090 1357
1091 1360
1092 1357
1093 1360
1094 1356
1095 1355
1096 1356
1097 1356
1098 1357
1099 1357
1100 1356
1101 1356
1102 1357
1103 1358
1104 1358
1105 1356
1106 1357
1107 1357
1108 1358
1109 1356
1110 1354
1111 1356
1112 1356
1113 1356
1114 1357
1115 1353
1116 1359
1117 1355
1118 1354
1119 1355
1120 1354
1121 1355
1122 1357
1123 1357
1124 1358
1125 1358
1126 1358
1127 1354
1128 1355
1129 1354
1130 1356
1131 1356
1132 1357
1133 1354
1134 1357
1135 1358
1136 1357
1137 1356
1138 1356
1139 1357
1140 1356
1141 1358
1142 1356
1143 1356
1144 1358
1145 1355
1146 1355
1147 1356
1148 1359
1149 1356
1150 1357
1151 1359
1152 1360
1153 1357
1154 1358
1155 1360
1156 1357
1157 1356
1158 1357
1159 1356
1160 1358
1161 1359
1162 1355
1163 1359
1164 1357
1165 1355
1166 1353
1167 1357
1168 1356
1169 1358
1170 1356
1171 1359
1172 1357
1173 1357
1174 1355
1175 1357
1176 1358
1177 1356
1178 1358
1179 1356
1180 1357
1181 1355
1182 1358
1183 1355
1184 1357
1185 1358
1186 1357
1187 1357
1188 1357
1189 1358
1190 1359
1191 1357
1192 1353
1193 1356
1194 1355
1195 1355
1196 1359
1197 1359
1198 1356
1199 1355
1200 1357
1201 1356
1202 1354
1203 1357
1204 1356
1205 1356
1206 1356
1207 1358
1208 1356
1209 1360
1210 1355
1211 1357
1212 1355
1213 1359
1214 1358
1215 1356
1216 1357
1217 1356
1218 1358
1219 1358
1220 1358
1221 1359
1222 1358
1223 1357
1224 1357
1225 1356
1226 1354
1227 1356
1228 1354
1229 1356
1230 1356
1231 1355
1232 1354
1233 1356
1234 1356
1235 1357
1236 1357
1237 1356
1238 1355
1239 1358
1240 1357
1241 1358
1242 1359
1243 1356
1244 1357
1245 1356
1246 1357
1247 1357
1248 1356
1249 1355
1250 1357
1251 1358
1252 1357
1253 1356
1254 1360
1255 1359
1256 1357
1257 1355
1258 1355
1259 1354
1260 1356
1261 1357
1262 1358
1263 1358
1264 1359
1265 1356
1266 1357
1267 1353
1268 1356
1269 1356
1270 1357
1271 1353
1272 1358
1273 1357
1274 1358
1275 1357
1276 1358
1277 1357
1278 1357
1279 1359
1280 1356
1281 1354
1282 1357
1283 1356
1284 1359
1285 1356
1286 1357
1287 1355
1288 1355
1289 1355
1290 1359
1291 1355
1292 1357
1293 1354
1294 1356
1295 1356
1296 1355
1297 1356
1298 1356
1299 1356
1300 1355
1301 1356
1302 1359
1303 1357
1304 1356
1305 1356
1306 1358
1307 1356
1308 1358
1309 1358
1310 1355
1311 1355
1312 1358
1313 1356
1314 1357
1315 1357
1316 1358
1317 1360
1318 1356
1319 1355
1320 1354
1321 1356
1322 1356
1323 1358
1324 1357
1325 1356
1326 1356
1327 1356
1328 1357
1329 1355
1330 1358
1331 1355
1332 1358
1333 1357
1334 1359
1335 1357
1336 1358
1337 1357
1338 1356
1339 1358
1340 1357
1341 1357
1342 1358
1343 1354
1344 1356
1345 1358
1346 1357
1347 1357
1348 1359
1349 1358
1350 1357
1351 1357
1352 1357
1353 1357
1354 1354
1355 1355
1356 1357
1357 1356
1358 1357
1359 1359
1360 1359
1361 1357
1362 1361
1363 1359
1364 1358
1365 1357
1366 1360
1367 1356
1368 1358
1369 1357
1370 1359
1371 1359
1372 1359
1373 1357
1374 1357
1375 1356
1376 1357
1377 1355
1378 1357
1379 1359
1380 1357
1381 1358
1382 1358
1383 1355
1384 1357
1385 1359
1386 1356
1387 1357
1388 1356
1389 1356
1390 1358
1391 1358
1392 1357
1393 1358
1394 1357
1395 1358
1396 1356
1397 1359
1398 1358
1399 1359
1400 1358
1401 1357
1402 1360
1403 1357
1404 1357
1405 1359
1406 1356
1407 1357
1408 1357
1409 1356
1410 1356
1411 1359
1412 1357
1413 1358
1414 1356
1415 1356
1416 1358
1417 1357
1418 1354
1419 1358
1420 1359
1421 1356
1422 1357
1423 1357
1424 1359
1425 1356
1426 1356
1427 1356
1428 1357
1429 1358
1430 1358
1431 1359
1432 1358
1433 1359
1434 1359
1435 1360
1436 1358
1437 1356
1438 1359
1439 1360
1440 1357
1441 1356
1442 1358
1443 1356
1444 1357
1445 1356
1446 1357
1447 1355
1448 1361
1449 1356
1450 1358
1451 1356
1452 1356
1453 1356
1454 1357
1455 1354
1456 1359
1457 1358
1458 1359
1459 1360
1460 1357
1461 1357
1462 1356
1463 1356
1464 1359
1465 1355
1466 1355
1467 1356
1468 1359
1469 1359
1470 1355
1471 1357
1472 1357
1473 1357
1474 1359
1475 1359
1476 1357
1477 1358
1478 1356
1479 1356
1480 1356
1481 1356
1482 1358
1483 1356
1484 1359
1485 1356
1486 1358
1487 1360
1488 1358
1489 1356
1490 1357
1491 1358
1492 1357
1493 1358
1494 1358
1495 1357
1496 1357
1497 1360
1498 1360
1499 1359
1500 1358
1501 1359
1502 1358
1503 1358
1504 1360
1505 1357
1506 1357
1507 1358
1508 1356
1509 1355
1510 1357
1511 1357
1512 1358
1513 1358
1514 1356
1515 1357
1516 1357
1517 1355
1518 1355
1519 1356
1520 1357
1521 1358
1522 1356
1523 1356
1524 1356
1525 1358
1526 1357
1527 1359
1528 1357
1529 1356
1530 1359
1531 1358
1532 1356
1533 1355
1534 1355
1535 1358
1536 1357
1537 1356
1538 1356
1539 1357
1540 1357
1541 1355
1542 1357
1543 1356
1544 1356
1545 1356
1546 1357
1547 1355
1548 1356
1549 1356
1550 1357
1551 1356
1552 1356
1553 1356
1554 1358
1555 1356
1556 1357
1557 1356
1558 1357
1559 1358
1560 1358
1561 1357
1562 1359
1563 1358
1564 1357
1565 1357
1566 1356
1567 1356
1568 1358
1569 1358
1570 1356
1571 1355
1572 1357
1573 1356
1574 1357
1575 1356
1576 1354
1577 1355
1578 1355
1579 1355
1580 1357
1581 1356
1582 1357
1583 1356
1584 1357
1585 1357
1586 1357
1587 1357
1588 1354
1589 1357
1590 1358
1591 1356
1592 1355
1593 1355
1594 1358
1595 1357
1596 1358
1597 1356
1598 1355
1599 1355
1600 1355
1601 1357
1602 1354
1603 1356
1604 1356
1605 1356
1606 1354
1607 1355
1608 1355
1609 1356
1610 1356
1611 1356
1612 1356
1613 1357
1614 1356
1615 1358
1616 1355
1617 1355
1618 1357
1619 1359
1620 1357
1621 1359
1622 1355
1623 1356
1624 1355
1625 1357
1626 1359
1627 1358
1628 1356
1629 1355
1630 1358
1631 1356
1632 1359
1633 1355
1634 1357
1635 1357
1636 1355
1637 1357
1638 1358
1639 1354
1640 1357
1641 1356
1642 1357
1643 1357
1644 1355
1645 1358
1646 1361
1647 1359
1648 1356
1649 1354
1650 1355
1651 1359
1652 1361
1653 1361
1654 1355
1655 1356
1656 1360
1657 1359
1658 1358
1659 1355
1660 1354
1661 1357
1662 1356
1663 1357
1664 1357
1665 1358
1666 1355
1667 1355
1668 1355
1669 1358
1670 1357
1671 1355
1672 1357
1673 1358
1674 1356
1675 1356
1676 1354
1677 1356
1678 1357
1679 1356
1680 1355
1681 1358
1682 1358
1683 1356
1684 1357
1685 1358
1686 1357
1687 1357
1688 1355
1689 1355
1690 1358
1691 1355
1692 1355
1693 1356
1694 1359
1695 1355
1696 1357
1697 1356
1698 1355
1699 1356
1700 1356
1701 1353
1702 1356
1703 1356
1704 1361
1705 1359
1706 1360
1707 1357
1708 1357
1709 1356
1710 1357
1711 1358
1712 1357
1713 1354
1714 1356
1715 1356
1716 1357
1717 1355
1718 1356
1719 1356
1720 1359
1721 1358
1722 1359
1723 1356
1724 1358
1725 1358
1726 1357
1727 1355
1728 1355
1729 1353
1730 1354
1731 1355
1732 1356
1733 1356
1734 1353
1735 1355
1736 1357
1737 1356
1738 1357
1739 1358
1740 1359
1741 1362
1742 1356
1743 1355
1744 1353
1745 1357
1746 1356
1747 1356
1748 1353
1749 1356
1750 1356
1751 1355
1752 1357
1753 1354
1754 1353
1755 1358
1756 1357
1757 1355
1758 1356
1759 1357
1760 1353
1761 1358
1762 1359
1763 1357
1764 1357
1765 1356
1766 1357
1767 1357
1768 1358
1769 1355
1770 1358
1771 1357
1772 1357
1773 1356
1774 1357
1775 1358
1776 1358
1777 1355
1778 1356
1779 1358
1780 1359
1781 1355
1782 1357
1783 1355
1784 1354
1785 1355
1786 1356
1787 1356
1788 1357
1789 1356
1790 1356
1791 1355
1792 1357
1793 1357
1794 1355
1795 1357
1796 1356
1797 1356
1798 1357
1799 1356
1800 1357
1801 1354
1802 1357
1803 1354
1804 1357
1805 1356
1806 1355
1807 1356
1808 1357
1809 1355
1810 1355
1811 1355
1812 1354
1813 1355
1814 1357
1815 1356
1816 1355
1817 1357
1818 1358
1819 1357
1820 1355
1821 1356
1822 1355
1823 1358
1824 1358
1825 1358
1826 1358
1827 1358
1828 1356
1829 1355
1830 1356
1831 1356
1832 1360
1833 1357
1834 1353
1835 1357
1836 1357
1837 1357
1838 1358
1839 1354
1840 1356
1841 1358
1842 1357
1843 1358
1844 1358
1845 1357
1846 1356
1847 1357
1848 1355
1849 1354
1850 1356
1851 1357
1852 1363
1853 1358
1854 1356
1855 1353
1856 1360
1857 1356
1858 1358
1859 1355
1860 1357
1861 1355
1862 1357
1863 1356
1864 1357
1865 1358
1866 1357
1867 1356
1868 1357
1869 1356
1870 1362
1871 1358
1872 1355
1873 1358
1874 1358
1875 1355
1876 1356
1877 1356
1878 1357
1879 1356
1880 1354
1881 1356
1882 1356
1883 1355
1884 1355
1885 1356
1886 1358
1887 1354
1888 1357
1889 1356
1890 1358
1891 1358
1892 1355
1893 1355
1894 1357
1895 1356
1896 1361
1897 1356
1898 1359
1899 1356
1900 1361
1901 1357
1902 1357
1903 1360
1904 1360
1905 1357
1906 1355
1907 1356
1908 1356
1909 1356
1910 1357
1911 1355
1912 1355
1913 1356
1914 1358
1915 1356
1916 1358
1917 1356
1918 1357
1919 1357
1920 1358
1921 1357
1922 1357
1923 1357
1924 1354
1925 1354
1926 1358
1927 1356
1928 1357
1929 1355
1930 1358
1931 1357
1932 1358
1933 1356
1934 1357
1935 1354
1936 1355
1937 1354
1938 1358
1939 1356
1940 1360
1941 1358
1942 1357
1943 1354
1944 1358
1945 1355
1946 1357
1947 1356
1948 1357
1949 1356
1950 1359
1951 1356
1952 1357
1953 1356
1954 1354
1955 1356
1956 1358
1957 1353
1958 1356
1959 1356
1960 1359
1961 1358
1962 1360
1963 1356
1964 1357
1965 1357
1966 1354
1967 1355
1968 1359
1969 1353
1970 1358
1971 1359
1972 1357
1973 1354
1974 1357
1975 1357
1976 1354
1977 1355
1978 1358
1979 1356
1980 1358
1981 1357
1982 1356
1983 1357
1984 1357
1985 1360
1986 1360
1987 1357
1988 1359
1989 1357
1990 1358
1991 1355
1992 1357
1993 1356
1994 1355
1995 1357
1996 1357
1997 1357
1998 1356
1999 1356
2000 1354
2001 1356
2002 1357
2003 1355
2004 1356
2005 1359
2006 1357
2007 1359
2008 1350
2009 1354
2010 1353
2011 1358
2012 1360
2013 1359
2014 1356
2015 1357
2016 1359
2017 1358
2018 1357
2019 1356
2020 1353
2021 1354
2022 1357
2023 1356
2024 1357
2025 1358
2026 1357
2027 1357
2028 1355
2029 1357
2030 1356
2031 1359
2032 1360
2033 1360
2034 1356
2035 1355
2036 1357
2037 1356
2038 1358
2039 1355
2040 1357
2041 1358
2042 1356
2043 1358
2044 1360
2045 1357
2046 1358
2047 1356
2048 1357
2049 1357
2050 1361
2051 1358
2052 1355
2053 1356
2054 1359
2055 1354
2056 1356
2057 1356
2058 1357
2059 1356
2060 1356
2061 1358
2062 1360
2063 1356
2064 1357
2065 1356
2066 1357
2067 1355
2068 1359
2069 1357
2070 1357
2071 1357
2072 1359
2073 1357
2074 1356
2075 1359
2076 1360
2077 1357
2078 1358
2079 1358
2080 1361
2081 1358
2082 1356
2083 1356
2084 1357
2085 1356
2086 1357
2087 1358
2088 1356
2089 1354
2090 1357
2091 1357
2092 1358
2093 1357
2094 1355
2095 1357
2096 1357
2097 1356
2098 1357
2099 1355
2100 1354
2101 1356
2102 1357
2103 1356
2104 1359
2105 1356
2106 1355
2107 1355
2108 1355
2109 1357
2110 1357
2111 1355
2112 1353
2113 1357
2114 1356
2115 1357
2116 1357
2117 1359
2118 1361
2119 1356
2120 1357
2121 1355
2122 1356
2123 1356
2124 1356
2125 1356
2126 1358
2127 1355
2128 1355
2129 1356
2130 1358
2131 1356
2132 1358
2133 1357
2134 1355
2135 1356
2136 1357
2137 1356
2138 1358
2139 1356
2140 1355
2141 1357
2142 1357
2143 1355
2144 1357
2145 1356
2146 1358
2147 1355
2148 1361
2149 1357
2150 1357
2151 1359
2152 1357
2153 1358
2154 1359
2155 1358
2156 1356
2157 1357
2158 1358
2159 1355
2160 1358
2161 1355
2162 1356
2163 1356
2164 1357
2165 1356
2166 1359
2167 1355
2168 1358
2169 1355
2170 1358
2171 1357
2172 1356
2173 1356
2174 1358
2175 1358
2176 1359
2177 1356
2178 1360
2179 1358
2180 1357
2181 1356
2182 1357
2183 1358
2184 1355
2185 1358
2186 1359
2187 1357
2188 1354
2189 1353
2190 1354
2191 1358
2192 1362
2193 1359
2194 1354
2195 1357
2196 1357
2197 1357
2198 1355
2199 1354
2200 1358
2201 1355
2202 1357
2203 1356
2204 1357
2205 1357
2206 1358
2207 1358
2208 1357
2209 1359
2210 1358
2211 1356
2212 1359
2213 1358
2214 1355
2215 1356
2216 1357
2217 1357
2218 1355
2219 1354
2220 1355
2221 1356
2222 1357
2223 1355
2224 1359
2225 1358
2226 1359
2227 1357
2228 1356
2229 1356
2230 1358
2231 1356
2232 1357
2233 1355
2234 1357
2235 1356
2236 1357
2237 1361
2238 1357
2239 1355
2240 1356
2241 1357
2242 1356
2243 1356
2244 1358
2245 1359
2246 1362
2247 1358
2248 1357
2249 1357
2250 1357
2251 1356
2252 1355
2253 1356
2254 1357
2255 1356
2256 1356
2257 1357
2258 1356
2259 1359
2260 1360
2261 1358
2262 1358
2263 1358
2264 1354
2265 1358
2266 1357
2267 1360
2268 1358
2269 1355
2270 1356
2271 1355
2272 1355
2273 1356
2274 1357
2275 1358
2276 1358
2277 1358
2278 1355
2279 1358
2280 1359
2281 1358
2282 1356
2283 1357
2284 1357
2285 1361
2286 1357
2287 1358
2288 1355
2289 1356
2290 1357
2291 1358
2292 1359
2293 1356
2294 1358
2295 1357
2296 1357
2297 1359
2298 1357
2299 1357
2300 1360
2301 1356
2302 1357
2303 1359
2304 1356
2305 1355
2306 1357
2307 1357
2308 1357
2309 1357
2310 1356
2311 1358
2312 1358
2313 1357
2314 1356
2315 1356
2316 1357
2317 1356
2318 1356
2319 1358
2320 1357
2321 1358
2322 1361
2323 1356
2324 1360
2325 1358
2326 1357
2327 1357
2328 1357
2329 1356
2330 1358
2331 1357
2332 1357
2333 1356
2334 1356
2335 1355
2336 1359
2337 1356
2338 1354
2339 1358
2340 1357
2341 1358
2342 1356
2343 1356
2344 1358
2345 1359
2346 1358
2347 1357
2348 1359
2349 1358
2350 1359
2351 1356
2352 1358
2353 1357
2354 1358
2355 1356
2356 1355
2357 1357
2358 1358
2359 1356
2360 1357
2361 1356
2362 1357
2363 1358
2364 1360
2365 1358
2366 1356
2367 1355
2368 1355
2369 1353
2370 1353
2371 1360
2372 1358
2373 1356
2374 1355
2375 1356
2376 1360
2377 1361
2378 1359
2379 1355
2380 1358
2381 1362
2382 1357
2383 1358
2384 1355
2385 1357
2386 1358
2387 1358
2388 1357
2389 1358
2390 1358
2391 1355
2392 1356
2393 1362
2394 1357
2395 1357
2396 1352
2397 1358
2398 1358
2399 1357
2400 1357
2401 1356
2402 1357
2403 1358
2404 1357
2405 1357
2406 1355
2407 1356
2408 1357
2409 1357
2410 1357
2411 1359
2412 1357
2413 1359
2414 1355
2415 1354
2416 1359
2417 1356
2418 1357
2419 1357
2420 1357
2421 1356
2422 1356
2423 1356
2424 1357
2425 1357
2426 1360
2427 1356
2428 1360
2429 1356
2430 1357
2431 1359
2432 1356
2433 1361
2434 1358
2435 1358
2436 1357
2437 1361
2438 1357
2439 1357
2440 1356
2441 1356
2442 1358
2443 1360
2444 1359
2445 1356
2446 1357
2447 1357
2448 1354
2449 1358
2450 1357
2451 1357
2452 1354
2453 1357
2454 1358
2455 1356
2456 1355
2457 1357
2458 1358
2459 1358
2460 1357
2461 1356
2462 1359
2463 1359
2464 1357
2465 1356
2466 1359
2467 1357
2468 1357
2469 1357
2470 1356
2471 1356
2472 1358
2473 1359
2474 1357
2475 1358
2476 1357
2477 1356
2478 1355
2479 1356
2480 1356
2481 1356
2482 1357
2483 1355
2484 1357
2485 1357
2486 1355
2487 1356
2488 1356
2489 1357
2490 1357
2491 1359
2492 1357
2493 1359
2494 1355
2495 1357
2496 1355
2497 1358
2498 1358
2499 1356
2500 1355
2501 1356
2502 1357
2503 1357
2504 1357
2505 1357
2506 1356
2507 1356
2508 1354
2509 1355
2510 1359
2511 1356
2512 1356
2513 1357
2514 1358
2515 1356
2516 1357
2517 1358
2518 1355
2519 1357
2520 1356
2521 1356
2522 1356
2523 1357
2524 1358
2525 1356
2526 1358
2527 1355
2528 1357
2529 1357
2530 1357
2531 1358
2532 1357
2533 1358
2534 1358
2535 1358
2536 1358
2537 1359
2538 1358
2539 1359
2540 1354
2541 1357
2542 1357
2543 1357
2544 1357
2545 1358
2546 1354
2547 1356
2548 1356
2549 1357
2550 1357
2551 1359
2552 1357
2553 1356
2554 1355
2555 1355
2556 1358
2557 1356
2558 1357
2559 1357
2560 1358
2561 1357
2562 1356
2563 1359
2564 1356
2565 1357
2566 1357
2567 1356
2568 1356
2569 1359
2570 1357
2571 1356
2572 1359
2573 1358
2574 1357
2575 1353
2576 1352
2577 1356
2578 1359
2579 1356
2580 1356
2581 1353
2582 1358
2583 1353
2584 1356
2585 1355
2586 1356
2587 1356
2588 1356
2589 1356
2590 1358
2591 1354
2592 1358
2593 1356
2594 1358
2595 1356
2596 1360
2597 1359
2598 1361
2599 1357
2600 1357
2601 1356
2602 1359
2603 1358
2604 1356
2605 1356
2606 1356
2607 1355
2608 1355
2609 1359
2610 1358
2611 1356
2612 1359
2613 1355
2614 1357
2615 1356
2616 1357
2617 1356
2618 1354
2619 1356
2620 1356
2621 1355
2622 1354
2623 1358
2624 1357
2625 1360
2626 1354
2627 1356
2628 1356
2629 1355
2630 1355
2631 1356
2632 1358
2633 1356
2634 1356
2635 1356
2636 1356
2637 1356
2638 1357
2639 1358
2640 1356
2641 1354
2642 1357
2643 1356
2644 1356
2645 1357
2646 1357
2647 1356
2648 1360
2649 1355
2650 1357
2651 1357
2652 1356
2653 1358
2654 1357
2655 1357
2656 1359
2657 1360
2658 1357
2659 1357
2660 1357
2661 1356
2662 1357
2663 1357
2664 1355
2665 1356
2666 1356
2667 1357
2668 1357
2669 1357
2670 1357
2671 1357
2672 1357
2673 1356
2674 1354
2675 1352
2676 1358
2677 1358
2678 1358
2679 1355
2680 1359
2681 1356
2682 1358
2683 1358
2684 1358
2685 1356
2686 1358
2687 1356
2688 1358
2689 1358
2690 1357
2691 1358
2692 1357
2693 1356
2694 1355
2695 1356
2696 1357
2697 1356
2698 1355
2699 1356
2700 1357
2701 1355
2702 1354
2703 1357
2704 1356
2705 1356
2706 1357
2707 1356
2708 1357
2709 1358
2710 1357
2711 1357
2712 1356
2713 1356
2714 1357
2715 1359
2716 1358
2717 1356
2718 1359
2719 1357
2720 1358
2721 1357
2722 1356
2723 1354
2724 1356
2725 1356
2726 1358
2727 1355
2728 1355
2729 1354
2730 1353
2731 1355
2732 1358
2733 1360
2734 1357
2735 1355
2736 1355
2737 1359
2738 1360
2739 1355
2740 1356
2741 1356
2742 1358
2743 1354
2744 1357
2745 1354
2746 1358
2747 1356
2748 1360
2749 1354
2750 1355
2751 1355
2752 1360
2753 1357
2754 1354
2755 1354
2756 1358
2757 1357
2758 1355
2759 1354
2760 1356
2761 1355
2762 1358
2763 1355
2764 1357
2765 1356
2766 1357
2767 1356
2768 1354
2769 1355
2770 1358
2771 1356
2772 1357
2773 1357
2774 1357
2775 1353
2776 1354
2777 1357
2778 1358
2779 1356
2780 1357
2781 1356
2782 1359
2783 1356
2784 1358
2785 1356
2786 1357
2787 1356
2788 1358
2789 1356
2790 1356
2791 1355
2792 1355
2793 1355
2794 1357
2795 1355
2796 1358
2797 1358
2798 1358
2799 1356
2800 1355
2801 1354
2802 1358
2803 1355
2804 1355
2805 1359
2806 1359
2807 1358
2808 1357
2809 1356
2810 1358
2811 1357
2812 1358
2813 1357
2814 1359
2815 1356
2816 1356
2817 1353
2818 1357
2819 1354
2820 1357
2821 1356
2822 1355
2823 1354
2824 1355
2825 1356
2826 1355
2827 1356
2828 1358
2829 1358
2830 1358
2831 1355
2832 1356
2833 1358
2834 1359
2835 1357
2836 1357
2837 1358
2838 1358
2839 1356
2840 1358
2841 1357
2842 1357
2843 1357
2844 1356
2845 1357
2846 1355
2847 1357
2848 1357
2849 1356
2850 1359
2851 1358
2852 1356
2853 1356
2854 1357
2855 1357
2856 1357
2857 1356
2858 1358
2859 1357
2860 1356
2861 1354
2862 1356
2863 1358
2864 1356
2865 1357
2866 1359
2867 1359
2868 1356
2869 1357
2870 1358
2871 1356
2872 1356
2873 1357
2874 1356
2875 1356
2876 1359
2877 1357
2878 1358
2879 1358
2880 1356
2881 1356
2882 1355
2883 1356
2884 1359
2885 1359
2886 1357
2887 1356
2888 1357
2889 1355
2890 1357
2891 1353
2892 1355
2893 1356
2894 1359
2895 1357
2896 1357
2897 1355
2898 1357
2899 1355
2900 1356
2901 1356
2902 1359
2903 1356
2904 1359
2905 1354
2906 1357
2907 1355
2908 1355
2909 1354
2910 1357
2911 1358
2912 1361
2913 1357
2914 1355
2915 1355
2916 1356
2917 1357
2918 1356
2919 1356
2920 1355
2921 1356
2922 1358
2923 1358
2924 1357
2925 1356
2926 1355
2927 1356
2928 1357
2929 1358
2930 1358
2931 1355
2932 1357
2933 1359
2934 1358
2935 1353
2936 1353
2937 1354
2938 1356
2939 1358
2940 1355
2941 1358
2942 1358
2943 1355
2944 1357
2945 1355
2946 1357
2947 1356
2948 1356
2949 1353
2950 1357
2951 1357
2952 1358
2953 1358
2954 1358
2955 1356
2956 1357
2957 1357
2958 1357
2959 1356
2960 1357
2961 1356
2962 1358
2963 1358
2964 1358
2965 1356
2966 1361
2967 1356
2968 1357
2969 1357
2970 1358
2971 1357
2972 1359
2973 1358
2974 1358
2975 1357
2976 1360
2977 1356
2978 1357
2979 1357
2980 1356
2981 1357
2982 1357
2983 1357
2984 1356
2985 1355
2986 1356
2987 1356
2988 1355
2989 1357
2990 1358
2991 1358
2992 1360
2993 1357
2994 1358
2995 1356
2996 1358
2997 1355
2998 1357
2999 1355
3000 1358
3001 1358
3002 1359
3003 1357
3004 1353
3005 1356
3006 1357
3007 1358
3008 1357
3009 1356
3010 1356
3011 1356
3012 1357
3013 1358
3014 1355
3015 1357
3016 1359
3017 1358
3018 1359
3019 1360
3020 1357
3021 1359
3022 1359
3023 1358
3024 1356
3025 1356
3026 1357
3027 1357
3028 1355
3029 1355
3030 1359
3031 1354
3032 1357
3033 1356
3034 1357
3035 1356
3036 1358
3037 1353
3038 1356
3039 1357
3040 1356
3041 1356
3042 1358
3043 1359
3044 1355
3045 1356
3046 1357
3047 1356
3048 1355
3049 1358
3050 1354
3051 1357
3052 1356
3053 1358
3054 1358
3055 1355
3056 1357
3057 1358
3058 1356
3059 1358
3060 1356
3061 1357
3062 1356
3063 1356
3064 1357
3065 1356
3066 1357
3067 1356
3068 1356
3069 1355
3070 1357
3071 1355
3072 1354
3073 1355
3074 1356
3075 1356
3076 1356
3077 1354
3078 1356
3079 1356
3080 1358
3081 1356
3082 1357
3083 1357
3084 1356
3085 1356
3086 1358
3087 1360
3088 1357
3089 1357
3090 1357
3091 1359
3092 1360
3093 1358
3094 1354
3095 1356
3096 1356
3097 1358
3098 1357
3099 1356
3100 1356
3101 1357
3102 1357
3103 1358
3104 1358
3105 1356
3106 1353
3107 1357
3108 1359
3109 1358
3110 1357
3111 1359
3112 1356
3113 1358
3114 1357
3115 1357
3116 1358
3117 1356
3118 1357
3119 1356
3120 1357
3121 1358
3122 1357
3123 1357
3124 1353
3125 1356
3126 1357
3127 1358
3128 1357
3129 1356
3130 1358
3131 1356
3132 1357
3133 1357
3134 1357
3135 1355
3136 1358
3137 1357
3138 1359
3139 1356
3140 1354
3141 1358
3142 1359
3143 1358
3144 1357
3145 1356
3146 1357
3147 1356
3148 1359
3149 1356
3150 1357
3151 1356
3152 1358
3153 1357
3154 1358
3155 1356
3156 1357
3157 1358
3158 1357
3159 1356
3160 1358
3161 1357
3162 1354
3163 1357
3164 1357
3165 1355
3166 1356
3167 1358
3168 1357
3169 1358
3170 1358
3171 1357
3172 1357
3173 1357
3174 1357
3175 1357
3176 1356
3177 1357
3178 1357
3179 1357
3180 1357
3181 1360
3182 1357
3183 1356
3184 1357
3185 1356
3186 1356
3187 1359
3188 1354
3189 1356
3190 1356
3191 1355
3192 1354
3193 1358
3194 1356
3195 1356
3196 1356
3197 1355
3198 1357
3199 1355
3200 1357
3201 1358
3202 1356
3203 1357
3204 1357
3205 1358
3206 1355
3207 1357
3208 1356
3209 1358
3210 1358
3211 1357
3212 1356
3213 1356
3214 1356
3215 1359
3216 1359
3217 1358
3218 1357
3219 1353
3220 1356
3221 1355
3222 1357
3223 1356
3224 1356
3225 1356
3226 1356
3227 1360
3228 1358
3229 1358
3230 1356
3231 1356
3232 1357
3233 1359
3234 1358
3235 1359
3236 1361
3237 1360
3238 1357
3239 1357
3240 1357
3241 1357
3242 1358
3243 1357
3244 1357
3245 1354
3246 1357
3247 1356
3248 1356
3249 1358
3250 1358
3251 1355
3252 1357
3253 1358
3254 1357
3255 1356
3256 1355
3257 1358
3258 1357
3259 1356
3260 1356
3261 1357
3262 1357
3263 1359
3264 1356
3265 1356
3266 1358
3267 1358
3268 1357
3269 1356
3270 1357
3271 1357
3272 1356
3273 1358
3274 1357
3275 1356
3276 1360
3277 1356
3278 1356
3279 1355
3280 1357
3281 1359
3282 1358
3283 1355
3284 1357
3285 1357
3286 1358
3287 1361
3288 1358
3289 1359
3290 1358
3291 1356
3292 1359
3293 1360
3294 1358
3295 1355
3296 1356
3297 1359
3298 1359
3299 1358
3300 1359
3301 1358
3302 1355
3303 1359
3304 1358
3305 1355
3306 1357
3307 1355
3308 1357
3309 1356
3310 1360
3311 1360
3312 1357
3313 1359
3314 1359
3315 1356
3316 1357
3317 1357
3318 1357
3319 1359
3320 1359
3321 1359
3322 1360
3323 1358
3324 1355
3325 1358
3326 1356
3327 1358
3328 1356
3329 1357
3330 1356
3331 1358
3332 1360
3333 1358
3334 1357
3335 1358
3336 1357
3337 1359
3338 1357
3339 1358
3340 1358
3341 1357
3342 1358
3343 1358
3344 1357
3345 1355
3346 1355
3347 1359
3348 1357
3349 1357
3350 1353
3351 1357
3352 1357
3353 1357
3354 1355
3355 1355
3356 1355
3357 1356
3358 1354
3359 1356
3360 1355
3361 1359
3362 1358
3363 1356
3364 1355
3365 1358
3366 1354
3367 1355
3368 1357
3369 1358
3370 1356
3371 1358
3372 1356
3373 1358
3374 1355
3375 1357
3376 1356
3377 1356
3378 1356
3379 1357
3380 1357
3381 1360
3382 1357
3383 1359
3384 1358
3385 1357
3386 1356
3387 1357
3388 1359
3389 1357
3390 1355
3391 1359
3392 1356
3393 1356
3394 1357
3395 1358
3396 1355
3397 1359
3398 1357
3399 1357
3400 1357
3401 1356
3402 1356
3403 1359
3404 1357
3405 1356
3406 1356
3407 1356
3408 1356
3409 1358
3410 1357
3411 1357
3412 1356
3413 1362
3414 1358
3415 1361
3416 1357
3417 1357
3418 1354
3419 1358
3420 1358
3421 1357
3422 1359
3423 1357
3424 1359
3425 1361
3426 1359
3427 1357
3428 1359
3429 1355
3430 1356
3431 1358
3432 1356
3433 1358
3434 1357
3435 1358
3436 1357
3437 1353
3438 1354
3439 1353
3440 1357
3441 1355
3442 1356
3443 1356
3444 1357
3445 1359
3446 1357
3447 1356
3448 1359
3449 1356
3450 1360
3451 1358
3452 1358
3453 1360
3454 1357
3455 1357
3456 1356
3457 1356
3458 1356
3459 1357
3460 1361
3461 1359
3462 1357
3463 1358
3464 1355
3465 1356
3466 1355
3467 1356
3468 1358
3469 1359
3470 1357
3471 1359
3472 1360
3473 1358
3474 1357
3475 1357
3476 1358
3477 1358
3478 1358
3479 1357
3480 1358
3481 1360
3482 1357
3483 1357
3484 1357
3485 1357
3486 1357
3487 1357
3488 1358
3489 1356
3490 1356
3491 1358
3492 1357
3493 1357
3494 1356
3495 1356
3496 1355
3497 1359
3498 1359
3499 1358
3500 1358
3501 1359
3502 1358
3503 1358
3504 1359
3505 1358
3506 1357
3507 1357
3508 1357
3509 1359
3510 1359
3511 1358
3512 1358
3513 1357
3514 1358
3515 1356
3516 1355
3517 1356
3518 1357
3519 1357
3520 1357
3521 1357
3522 1356
3523 1357
3524 1358
3525 1358
3526 1357
3527 1357
3528 1358
3529 1358
3530 1356
3531 1357
3532 1357
3533 1358
3534 1356
3535 1361
3536 1357
3537 1358
3538 1357
3539 1359
3540 1358
3541 1356
3542 1357
3543 1356
3544 1358
3545 1358
3546 1357
3547 1358
3548 1358
3549 1356
3550 1357
3551 1358
3552 1356
3553 1359
3554 1357
3555 1358
3556 1359
3557 1361
3558 1357
3559 1358
3560 1354
3561 1356
3562 1355
3563 1356
3564 1358
3565 1356
3566 1358
3567 1357
3568 1357
3569 1356
3570 1358
3571 1356
3572 1358
3573 1360
3574 1357
3575 1357
3576 1358
3577 1359
3578 1358
3579 1354
3580 1358
3581 1357
3582 1359
3583 1359
3584 1356
3585 1358
3586 1356
3587 1357
3588 1357
3589 1357
3590 1357
3591 1357
3592 1355
3593 1353
3594 1356
3595 1360
3596 1359
3597 1359
3598 1357
3599 1358
3600 1357
3601 1358
3602 1357
3603 1356
3604 1356
3605 1354
3606 1356
3607 1356
3608 1356
3609 1356
3610 1357
3611 1358
3612 1356
3613 1358
3614 1359
3615 1359
3616 1361
3617 1358
3618 1358
3619 1356
3620 1356
3621 1357
3622 1359
3623 1358
3624 1356
3625 1357
3626 1358
3627 1358
3628 1359
3629 1356
3630 1357
3631 1357
3632 1357
3633 1355
3634 1355
3635 1355
3636 1357
3637 1359
3638 1354
3639 1357
3640 1357
3641 1357
3642 1357
3643 1358
3644 1358
3645 1356
3646 1357
3647 1357
3648 1356
3649 1353
3650 1356
3651 1355
3652 1356
3653 1357
3654 1357
3655 1358
3656 1358
3657 1357
3658 1357
3659 1358
3660 1358
3661 1360
3662 1357
3663 1356
3664 1357
3665 1359
3666 1358
3667 1360
3668 1357
3669 1356
3670 1357
3671 1360
3672 1356
3673 1357
3674 1357
3675 1358
3676 1358
3677 1355
3678 1356
3679 1356
3680 1354
3681 1357
3682 1357
3683 1356
3684 1354
3685 1357
3686 1354
3687 1360
3688 1355
3689 1358
3690 1357
3691 1356
3692 1357
3693 1360
3694 1356
3695 1359
3696 1358
3697 1358
3698 1356
3699 1357
3700 1357
3701 1359
3702 1357
3703 1360
3704 1355
3705 1357
3706 1357
3707 1356
3708 1355
3709 1357
3710 1357
3711 1356
3712 1356
3713 1355
3714 1355
3715 1357
3716 1353
3717 1356
3718 1356
3719 1355
3720 1358
3721 1357
3722 1359
3723 1357
3724 1356
3725 1356
3726 1358
3727 1358
3728 1357
3729 1358
3730 1359
3731 1357
3732 1357
3733 1357
3734 1357
3735 1356
3736 1356
3737 1357
3738 1356
3739 1357
3740 1353
3741 1355
3742 1356
3743 1357
3744 1358
3745 1359
3746 1358
3747 1356
3748 1357
3749 1356
3750 1358
3751 1357
3752 1359
3753 1357
3754 1358
3755 1358
3756 1359
3757 1360
3758 1358
3759 1356
3760 1355
3761 1356
3762 1356
3763 1356
3764 1356
3765 1356
3766 1359
3767 1358
3768 1357
3769 1357
3770 1354
3771 1357
3772 1356
3773 1357
3774 1357
3775 1355
3776 1357
3777 1358
3778 1357
3779 1357
3780 1357
3781 1357
3782 1358
3783 1357
3784 1357
3785 1357
3786 1361
3787 1357
3788 1357
3789 1356
3790 1357
3791 1358
3792 1358
3793 1357
3794 1358
3795 1358
3796 1357
3797 1357
3798 1356
3799 1355
3800 1355
3801 1356
3802 1358
3803 1357
3804 1358
3805 1355
3806 1359
3807 1357
3808 1358
3809 1356
3810 1356
3811 1353
3812 1355
3813 1356
3814 1356
3815 1357
3816 1359
3817 1357
3818 1358
3819 1358
3820 1356
3821 1356
3822 1357
3823 1355
3824 1355
3825 1357
3826 1359
3827 1354
3828 1360
3829 1356
3830 1356
3831 1355
3832 1356
3833 1355
3834 1357
3835 1356
3836 1356
3837 1355
3838 1356
3839 1358
3840 1357
3841 1356
3842 1354
3843 1357
3844 1357
3845 1356
3846 1359
3847 1356
3848 1357
3849 1353
3850 1357
3851 1356
3852 1357
3853 1357
3854 1355
3855 1357
3856 1356
3857 1355
3858 1356
3859 1357
3860 1356
3861 1358
3862 1354
3863 1357
3864 1354
3865 1357
3866 1357
3867 1355
3868 1357
3869 1356
3870 1356
3871 1357
3872 1354
3873 1358
3874 1357
3875 1355
3876 1355
3877 1358
3878 1356
3879 1357
3880 1357
3881 1356
3882 1356
3883 1356
3884 1355
3885 1359
3886 1355
3887 1359
3888 1355
3889 1357
3890 1357
3891 1358
3892 1357
3893 1358
3894 1357
3895 1355
3896 1354
3897 1355
3898 1355
3899 1356
3900 1356
3901 1357
3902 1357
3903 1356
3904 1356
3905 1358
3906 1357
3907 1355
3908 1355
3909 1354
3910 1357
3911 1355
3912 1354
3913 1355
3914 1354
3915 1356
3916 1358
3917 1356
3918 1357
3919 1356
3920 1356
3921 1356
3922 1356
3923 1355
3924 1354
3925 1354
3926 1355
3927 1356
3928 1355
3929 1356
3930 1354
3931 1357
3932 1355
3933 1356
3934 1355
3935 1356
3936 1357
3937 1356
3938 1357
3939 1358
3940 1357
3941 1357
3942 1353
3943 1355
3944 1357
3945 1355
3946 1358
3947 1357
3948 1357
3949 1357
3950 1360
3951 1357
3952 1357
3953 1355
3954 1355
3955 1356
3956 1357
3957 1355
3958 1356
3959 1355
3960 1357
3961 1358
3962 1357
3963 1356
3964 1357
3965 1356
3966 1354
3967 1356
3968 1357
3969 1358
3970 1355
3971 1358
3972 1356
3973 1356
3974 1354
3975 1357
3976 1357
3977 1358
3978 1355
3979 1357
3980 1356
3981 1353
3982 1359
3983 1353
3984 1356
3985 1355
3986 1356
3987 1358
3988 1355
3989 1355
3990 1357
3991 1358
3992 1361
3993 1358
3994 1357
3995 1358
3996 1356
3997 1354
3998 1357
3999 1356
