0 1355
1 1358
2 1356
3 1356
4 1354
5 1355
6 1358
7 1360
8 1357
9 1354
10 1353
11 1357
12 1357
13 1355
14 1354
15 1355
16 1356
17 1354
18 1354
19 1353
20 1354
21 1358
22 1358
23 1357
24 1357
25 1358
26 1356
27 1355
28 1357
29 1356
30 1355
31 1357
32 1356
33 1359
34 1356
35 1355
36 1355
37 1357
38 1357
39 1355
40 1359
41 1357
42 1356
43 1355
44 1354
45 1354
46 1358
47 1357
48 1359
49 1357
50 1356
51 1358
52 1357
53 1357
54 1356
55 1354
56 1354
57 1354
58 1357
59 1357
60 1359
61 1358
62 1359
63 1359
64 1356
65 1356
66 1355
67 1357
68 1358
69 1359
70 1356
71 1356
72 1356
73 1356
74 1356
75 1356
76 1357
77 1359
78 1356
79 1356
80 1356
81 1357
82 1354
83 1354
84 1355
85 1355
86 1356
87 1355
88 1356
89 1352
90 1354
91 1355
92 1357
93 1353
94 1357
95 1354
96 1356
97 1357
98 1357
99 1358
100 1356
101 1357
102 1359
103 1359
104 1357
105 1357
106 1357
107 1356
108 1356
109 1357
110 1356
111 1356
112 1355
113 1356
114 1354
115 1357
116 1358
117 1357
118 1353
119 1355
120 1358
121 1352
122 1357
123 1356
124 1357
125 1355
126 1356
127 1354
128 1356
129 1354
130 1356
131 1358
132 1357
133 1356
134 1356
135 1357
136 1355
137 1354
138 1359
139 1355
140 1358
141 1355
142 1357
143 1356
144 1355
145 1354
146 1353
147 1358
148 1357
149 1357
150 1357
151 1358
152 1356
153 1355
154 1354
155 1357
156 1357
157 1360
158 1353
159 1356
160 1357
161 1358
162 1359
163 1358
164 1356
165 1356
166 1356
167 1356
168 1355
169 1353
170 1357
171 1356
172 1356
173 1354
174 1354
175 1356
176 1355
177 1357
178 1356
179 1355
180 1355
181 1355
182 1357
183 1356
184 1355
185 1354
186 1355
187 1359
188 1355
189 1355
190 1356
191 1356
192 1358
193 1357
194 1358
195 1357
196 1359
197 1358
198 1358
199 1357
200 1357
201 1357
202 1357
203 1357
204 1355
205 1356
206 1356
207 1357
208 1360
209 1357
210 1353
211 1355
212 1354
213 1358
214 1356
215 1353
216 1355
217 1356
218 1354
219 1356
220 1356
221 1358
222 1357
223 1357
224 1356
225 1357
226 1360
227 1358
228 1356
229 1357
230 1354
231 1358
232 1357
233 1355
234 1354
235 1357
236 1358
237 1355
238 1356
239 1355
240 1357
241 1356
242 1356
243 1354
244 1355
245 1356
246 1358
247 1357
248 1356
249 1357
250 1357
251 1359
252 1356
253 1356
254 1355
255 1357
256 1356
257 1358
258 1357
259 1356
260 1356
261 1356
262 1353
263 1354
264 1356
265 1357
266 1356
267 1356
268 1355
269 1354
270 1354
271 1355
272 1358
273 1360
274 1356
275 1357
276 1356
277 1357
278 1357
279 1358
280 1355
281 1360
282 1355
283 1356
284 1354
285 1356
286 1353
287 1358
288 1356
289 1357
290 1355
291 1358
292 1354
293 1355
294 1354
295 1357
296 1355
297 1355
298 1356
299 1356
300 1355
301 1357
302 1355
303 1357
304 1354
305 1356
306 1357
307 1357
308 1353
309 1354
310 1355
311 1354
312 1356
313 1358
314 1356
315 1357
316 1351
317 1357
318 1354
319 1358
320 1356
321 1355
322 1355
323 1356
324 1355
325 1358
326 1354
327 1357
328 1354
329 1357
330 1356
331 1357
332 1357
333 1355
334 1356
335 1355
336 1356
337 1355
338 1354
339 1357
340 1357
341 1357
342 1356
343 1357
344 1355
345 1357
346 1356
347 1358
348 1354
349 1357
350 1358
351 1358
352 1356
353 1358
354 1358
355 1357
356 1358
357 1357
358 1356
359 1356
360 1356
361 1355
362 1356
363 1355
364 1355
365 1351
366 1357
367 1362
368 1358
369 1356
370 1356
371 1356
372 1358
373 1358
374 1357
375 1355
376 1357
377 1358
378 1360
379 1355
380 1356
381 1356
382 1356
383 1354
384 1356
385 1355
386 1356
387 1354
388 1359
389 1360
390 1353
391 1353
392 1358
393 1359
394 1356
395 1354
396 1355
397 1358
398 1358
399 1358
400 1355
401 1356
402 1356
403 1356
404 1358
405 1355
406 1358
407 1358
408 1355
409 1355
410 1358
411 1356
412 1357
413 1358
414 1355
415 1357
416 1356
417 1356
418 1358
419 1353
420 1356
421 1357
422 1356
423 1357
424 1356
425 1356
426 1356
427 1356
428 1358
429 1356
430 1355
431 1357
432 1356
433 1357
434 1354
435 1356
436 1354
437 1355
438 1354
439 1357
440 1354
441 1356
442 1357
443 1359
444 1356
445 1357
446 1354
447 1357
448 1356
449 1356
450 1359
451 1358
452 1357
453 1357
454 1353
455 1357
456 1356
457 1355
458 1356
459 1358
460 1356
461 1355
462 1354
463 1353
464 1354
465 1358
466 1355
467 1358
468 1356
469 1357
470 1358
471 1356
472 1356
473 1357
474 1354
475 1354
476 1355
477 1357
478 1355
479 1357
480 1356
481 1357
482 1357
483 1357
484 1354
485 1354
486 1354
487 1355
488 1358
489 1359
490 1357
491 1357
492 1356
493 1358
494 1356
495 1357
496 1357
497 1356
498 1357
499 1354
500 1358
501 1358
502 1357
503 1357
504 1354
505 1357
506 1355
507 1356
508 1354
509 1358
510 1356
511 1355
512 1355
513 1356
514 1355
515 1357
516 1356
517 1358
518 1358
519 1357
520 1357
521 1357
522 1353
523 1356
524 1356
525 1357
526 1357
527 1359
528 1357
529 1358
530 1359
531 1358
532 1355
533 1359
534 1357
535 1361
536 1364
537 1372
538 1379
539 1392
540 1408
541 1436
542 1474
543 1518
544 1572
545 1629
546 1697
547 1768
548 1839
549 1903
550 1964
551 2027
552 2084
553 2129
554 2172
555 2212
556 2244
557 2268
558 2287
559 2294
560 2301
561 2298
562 2289
563 2271
564 2258
565 2228
566 2199
567 2170
568 2144
569 2109
570 2085
571 2051
572 2017
573 1988
574 1959
575 1926
576 1892
577 1862
578 1832
579 1803
580 1775
581 1752
582 1729
583 1708
584 1687
585 1668
586 1655
587 1636
588 1617
589 1599
590 1587
591 1568
592 1556
593 1545
594 1529
595 1518
596 1510
597 1499
598 1490
599 1485
600 1475
601 1466
602 1463
603 1452
604 1446
605 1437
606 1429
607 1421
608 1418
609 1415
610 1410
611 1405
612 1403
613 1399
614 1396
615 1398
616 1393
617 1389
618 1387
619 1385
620 1384
621 1382
622 1380
623 1378
624 1377
625 1376
626 1372
627 1372
628 1369
629 1366
630 1371
631 1370
632 1367
633 1366
634 1367
635 1365
636 1364
637 1365
638 1365
639 1363
640 1364
641 1365
642 1365
643 1365
644 1363
645 1360
646 1363
647 1361
648 1361
649 1361
650 1361
651 1362
652 1360
653 1361
654 1362
655 1360
656 1361
657 1360
658 1360
659 1361
660 1361
661 1358
662 1358
663 1358
664 1359
665 1362
666 1359
667 1357
668 1358
669 1358
670 1359
671 1359
672 1359
673 1355
674 1358
675 1357
676 1357
677 1360
678 1356
679 1359
680 1359
681 1360
682 1359
683 1354
684 1359
685 1357
686 1358
687 1356
688 1357
689 1358
690 1355
691 1353
692 1354
693 1355
694 1356
695 1355
696 1354
697 1356
698 1357
699 1356
700 1355
701 1359
702 1357
703 1357
704 1356
705 1358
706 1357
707 1360
708 1357
709 1356
710 1356
711 1354
712 1358
713 1356
714 1358
715 1357
716 1357
717 1356
718 1359
719 1356
720 1356
721 1355
722 1357
723 1356
724 1355
725 1355
726 1358
727 1358
728 1357
729 1357
730 1357
731 1359
732 1358
733 1355
734 1357
735 1357
736 1358
737 1357
738 1355
739 1356
740 1357
741 1356
742 1356
743 1358
744 1357
745 1357
746 1357
747 1356
748 1357
749 1357
750 1356
751 1357
752 1355
753 1354
754 1356
755 1356
756 1356
757 1356
758 1355
759 1356
760 1355
761 1355
762 1355
763 1354
764 1355
765 1357
766 1355
767 1357
768 1357
769 1355
770 1356
771 1359
772 1357
773 1356
774 1354
775 1358
776 1359
777 1359
778 1358
779 1357
780 1355
781 1355
782 1356
783 1357
784 1357
785 1356
786 1355
787 1355
788 1356
789 1355
790 1357
791 1354
792 1355
793 1353
794 1356
795 1356
796 1356
797 1358
798 1355
799 1358
800 1355
801 1353
802 1355
803 1356
804 1356
805 1355
806 1356
807 1357
808 1355
809 1356
810 1359
811 1357
812 1355
813 1355
814 1355
815 1357
816 1356
817 1356
818 1357
819 1356
820 1356
821 1356
822 1356
823 1357
824 1361
825 1356
826 1358
827 1357
828 1355
829 1356
830 1356
831 1357
832 1359
833 1358
834 1357
835 1356
836 1357
837 1354
838 1356
839 1356
840 1357
841 1358
842 1356
843 1355
844 1356
845 1356
846 1357
847 1356
848 1355
849 1354
850 1356
851 1356
852 1355
853 1357
854 1355
855 1355
856 1356
857 1358
858 1354
859 1355
860 1355
861 1355
862 1356
863 1357
864 1357
865 1356
866 1358
867 1356
868 1357
869 1358
870 1356
871 1357
872 1358
873 1355
874 1354
875 1357
876 1356
877 1355
878 1357
879 1354
880 1358
881 1357
882 1358
883 1356
884 1356
885 1356
886 1358
887 1357
888 1360
889 1358
890 1358
891 1356
892 1359
893 1357
894 1358
895 1357
896 1355
897 1356
898 1356
899 1356
900 1356
901 1355
902 1357
903 1354
904 1353
905 1355
906 1355
907 1356
908 1356
909 1355
910 1356
911 1358
912 1357
913 1354
914 1357
915 1355
916 1356
917 1357
918 1356
919 1356
920 1354
921 1357
922 1356
923 1355
924 1356
925 1358
926 1355
927 1358
928 1355
929 1356
930 1356
931 1358
932 1357
933 1354
934 1354
935 1357
936 1358
937 1358
938 1356
939 1355
940 1357
941 1357
942 1356
943 1354
944 1354
945 1356
946 1355
947 1358
948 1354
949 1356
950 1356
951 1354
952 1357
953 1357
954 1356
955 1356
956 1358
957 1356
958 1358
959 1357
960 1356
961 1358
962 1359
963 1356
964 1359
965 1353
966 1356
967 1357
968 1354
969 1358
970 1358
971 1357
972 1355
973 1358
974 1357
975 1357
976 1356
977 1357
978 1355
979 1357
980 1357
981 1358
982 1359
983 1355
984 1358
985 1360
986 1357
987 1357
988 1357
989 1357
990 1356
991 1360
992 1356
993 1357
994 1355
995 1356
996 1358
997 1355
998 1358
999 1356
1000 1355
1001 1357
1002 1354
1003 1357
1004 1357
1005 1355
1006 1356
1007 1356
1008 1357
1009 1358
1010 1355
1011 1355
1012 1357
1013 1355
1014 1357
1015 1356
1016 1357
1017 1354
1018 1355
1019 1357
1020 1357
1021 1357
1022 1356
1023 1356
1024 1354
1025 1357
1026 1358
1027 1357
1028 1356
1029 1356
1030 1359
1031 1358
1032 1356
1033 1353
1034 1355
1035 1356
1036 1355
1037 1355
1038 1357
1039 1355
1040 1356
1041 1357
1042 1356
1043 1354
1044 1356
1045 1355
1046 1359
1047 1357
1048 1357
1049 1354
1050 1356
1051 1357
1052 1357
1053 1355
1054 1356
1055 1358
1056 1360
1057 1357
1058 1356
1059 1356
1060 1359
1061 1357
1062 1356
1063 1353
1064 1356
1065 1356
1066 1356
1067 1355
1068 1354
1069 1358
1070 1355
1071 1357
1072 1354
1073 1358
1074 1358
1075 1358
1076 1356
1077 1359
1078 1357
1079 1355
1080 1357
1081 1355
1082 1357
1083 1357
1084 1357
1085 1354
1086 1357
1087 1358
1088 1358
1089 1353
1090 1356
1091 1356
1092 1354
1093 1356
1094 1356
1095 1356
1096 1358
1097 1356
1098 1357
1099 1357
1100 1355
1101 1355
1102 1355
1103 1355
1104 1355
1105 1355
1106 1357
1107 1354
1108 1355
1109 1359
1110 1357
1111 1355
1112 1357
1113 1357
1114 1356
1115 1357
1116 1357
1117 1355
1118 1356
1119 1357
1120 1355
1121 1352
1122 1355
1123 1358
1124 1356
1125 1357
1126 1355
1127 1357
1128 1360
1129 1355
1130 1357
1131 1358
1132 1356
1133 1357
1134 1355
1135 1356
1136 1356
1137 1359
1138 1356
1139 1356
1140 1355
1141 1358
1142 1357
1143 1357
1144 1357
1145 1357
1146 1355
1147 1357
1148 1356
1149 1357
1150 1356
1151 1356
1152 1353
1153 1357
1154 1357
1155 1356
1156 1356
1157 1357
1158 1358
1159 1357
1160 1357
1161 1357
1162 1358
1163 1356
1164 1355
1165 1359
1166 1360
1167 1357
1168 1356
1169 1355
1170 1355
1171 1358
1172 1356
1173 1355
1174 1355
1175 1354
1176 1354
1177 1356
1178 1357
1179 1357
1180 1358
1181 1356
1182 1356
1183 1356
1184 1355
1185 1358
1186 1357
1187 1356
1188 1356
1189 1358
1190 1353
1191 1356
1192 1358
1193 1358
1194 1356
1195 1360
1196 1355
1197 1355
1198 1356
1199 1357
1200 1357
1201 1359
1202 1358
1203 1355
1204 1357
1205 1357
1206 1359
1207 1357
1208 1356
1209 1354
1210 1354
1211 1355
1212 1356
1213 1356
1214 1358
1215 1358
1216 1357
1217 1357
1218 1355
1219 1357
1220 1355
1221 1353
1222 1354
1223 1353
1224 1352
1225 1354
1226 1356
1227 1357
1228 1357
1229 1357
1230 1358
1231 1358
1232 1356
1233 1357
1234 1356
1235 1357
1236 1360
1237 1359
1238 1356
1239 1356
1240 1352
1241 1354
1242 1356
1243 1355
1244 1356
1245 1355
1246 1355
1247 1355
1248 1355
1249 1356
1250 1357
1251 1356
1252 1356
1253 1359
1254 1358
1255 1357
1256 1358
1257 1357
1258 1357
1259 1357
1260 1354
1261 1355
1262 1356
1263 1358
1264 1358
1265 1357
1266 1356
1267 1357
1268 1356
1269 1356
1270 1356
1271 1358
1272 1355
1273 1356
1274 1357
1275 1357
1276 1358
1277 1354
1278 1356
1279 1359
1280 1358
1281 1358
1282 1357
1283 1356
1284 1357
1285 1358
1286 1359
1287 1356
1288 1357
1289 1357
1290 1358
1291 1358
1292 1355
1293 1357
1294 1355
1295 1356
1296 1358
1297 1354
1298 1359
1299 1355
1300 1356
1301 1356
1302 1357
1303 1355
1304 1354
1305 1355
1306 1357
1307 1355
1308 1355
1309 1354
1310 1356
1311 1358
1312 1358
1313 1356
1314 1359
1315 1355
1316 1356
1317 1356
1318 1355
1319 1355
1320 1356
1321 1359
1322 1360
1323 1355
1324 1354
1325 1357
1326 1358
1327 1357
1328 1355
1329 1357
1330 1355
1331 1354
1332 1355
1333 1356
1334 1358
1335 1358
1336 1357
1337 1358
1338 1357
1339 1357
1340 1357
1341 1358
1342 1357
1343 1357
1344 1355
1345 1355
1346 1355
1347 1357
1348 1356
1349 1353
1350 1356
1351 1359
1352 1356
1353 1356
1354 1357
1355 1358
1356 1356
1357 1357
1358 1356
1359 1357
1360 1355
1361 1357
1362 1354
1363 1355
1364 1354
1365 1355
1366 1357
1367 1359
1368 1358
1369 1357
1370 1358
1371 1357
1372 1354
1373 1357
1374 1355
1375 1358
1376 1356
1377 1359
1378 1356
1379 1358
1380 1356
1381 1355
1382 1356
1383 1358
1384 1356
1385 1357
1386 1357
1387 1356
1388 1358
1389 1356
1390 1357
1391 1356
1392 1356
1393 1356
1394 1354
1395 1354
1396 1356
1397 1357
1398 1356
1399 1357
1400 1357
1401 1357
1402 1356
1403 1356
1404 1356
1405 1357
1406 1357
1407 1358
1408 1356
1409 1356
1410 1357
1411 1358
1412 1358
1413 1357
1414 1358
1415 1355
1416 1353
1417 1355
1418 1354
1419 1356
1420 1354
1421 1356
1422 1355
1423 1355
1424 1356
1425 1354
1426 1353
1427 1353
1428 1356
1429 1354
1430 1356
1431 1356
1432 1356
1433 1357
1434 1357
1435 1357
1436 1354
1437 1358
1438 1357
1439 1356
1440 1355
1441 1357
1442 1356
1443 1357
1444 1355
1445 1358
1446 1357
1447 1357
1448 1356
1449 1355
1450 1355
1451 1355
1452 1356
1453 1354
1454 1355
1455 1357
1456 1357
1457 1357
1458 1354
1459 1355
1460 1355
1461 1357
1462 1356
1463 1356
1464 1355
1465 1355
1466 1357
1467 1357
1468 1355
1469 1357
1470 1358
1471 1357
1472 1357
1473 1359
1474 1359
1475 1360
1476 1358
1477 1358
1478 1357
1479 1357
1480 1356
1481 1358
1482 1357
1483 1355
1484 1356
1485 1356
1486 1358
1487 1356
1488 1358
1489 1356
1490 1356
1491 1361
1492 1355
1493 1357
1494 1357
1495 1357
1496 1357
1497 1355
1498 1355
1499 1356
1500 1355
1501 1356
1502 1355
1503 1356
1504 1354
1505 1356
1506 1356
1507 1357
1508 1357
1509 1359
1510 1355
1511 1357
1512 1356
1513 1357
1514 1358
1515 1356
1516 1358
1517 1357
1518 1356
1519 1356
1520 1353
1521 1357
1522 1354
1523 1356
1524 1354
1525 1357
1526 1354
1527 1356
1528 1356
1529 1356
1530 1355
1531 1355
1532 1354
1533 1357
1534 1355
1535 1358
1536 1355
1537 1359
1538 1358
1539 1355
1540 1357
1541 1355
1542 1358
1543 1357
1544 1356
1545 1356
1546 1354
1547 1355
1548 1355
1549 1356
1550 1355
1551 1354
1552 1357
1553 1355
1554 1355
1555 1356
1556 1355
1557 1354
1558 1356
1559 1356
1560 1356
1561 1356
1562 1356
1563 1358
1564 1357
1565 1357
1566 1355
1567 1356
1568 1356
1569 1356
1570 1355
1571 1357
1572 1358
1573 1354
1574 1357
1575 1357
1576 1353
1577 1355
1578 1356
1579 1358
1580 1354
1581 1358
1582 1358
1583 1355
1584 1356
1585 1357
1586 1357
1587 1358
1588 1359
1589 1359
1590 1357
1591 1354
1592 1353
1593 1357
1594 1357
1595 1357
1596 1356
1597 1359
1598 1356
1599 1357
1600 1359
1601 1360
1602 1358
1603 1357
1604 1354
1605 1359
1606 1355
1607 1357
1608 1354
1609 1356
1610 1356
1611 1358
1612 1358
1613 1358
1614 1356
1615 1357
1616 1355
1617 1358
1618 1355
1619 1358
1620 1356
1621 1357
1622 1357
1623 1357
1624 1356
1625 1357
1626 1356
1627 1358
1628 1358
1629 1358
1630 1356
1631 1358
1632 1357
1633 1357
1634 1357
1635 1359
1636 1359
1637 1357
1638 1357
1639 1356
1640 1356
1641 1358
1642 1354
1643 1354
1644 1356
1645 1356
1646 1354
1647 1355
1648 1354
1649 1356
1650 1355
1651 1356
1652 1356
1653 1357
1654 1356
1655 1355
1656 1356
1657 1356
1658 1356
1659 1356
1660 1355
1661 1356
1662 1355
1663 1359
1664 1356
1665 1356
1666 1359
1667 1359
1668 1355
1669 1357
1670 1356
1671 1357
1672 1355
1673 1353
1674 1354
1675 1356
1676 1356
1677 1357
1678 1357
1679 1358
1680 1357
1681 1359
1682 1354
1683 1356
1684 1353
1685 1357
1686 1356
1687 1355
1688 1356
1689 1358
1690 1356
1691 1357
1692 1356
1693 1357
1694 1356
1695 1356
1696 1355
1697 1357
1698 1353
1699 1357
1700 1357
1701 1359
1702 1356
1703 1356
1704 1355
1705 1357
1706 1357
1707 1357
1708 1356
1709 1356
1710 1358
1711 1358
1712 1356
1713 1359
1714 1354
1715 1357
1716 1356
1717 1357
1718 1355
1719 1355
1720 1355
1721 1356
1722 1357
1723 1354
1724 1358
1725 1356
1726 1357
1727 1356
1728 1353
1729 1355
1730 1355
1731 1355
1732 1356
1733 1354
1734 1357
1735 1356
1736 1356
1737 1354
1738 1355
1739 1357
1740 1356
1741 1356
1742 1357
1743 1356
1744 1356
1745 1357
1746 1355
1747 1357
1748 1357
1749 1358
1750 1357
1751 1358
1752 1359
1753 1357
1754 1355
1755 1356
1756 1356
1757 1359
1758 1355
1759 1356
1760 1356
1761 1357
1762 1355
1763 1360
1764 1357
1765 1359
1766 1356
1767 1357
1768 1358
1769 1356
1770 1357
1771 1354
1772 1356
1773 1355
1774 1354
1775 1352
1776 1355
1777 1357
1778 1355
1779 1357
1780 1355
1781 1354
1782 1355
1783 1355
1784 1356
1785 1357
1786 1356
1787 1356
1788 1358
1789 1356
1790 1358
1791 1357
1792 1354
1793 1354
1794 1354
1795 1357
1796 1356
1797 1356
1798 1358
1799 1356
1800 1358
1801 1357
1802 1356
1803 1356
1804 1354
1805 1357
1806 1358
1807 1356
1808 1355
1809 1356
1810 1356
1811 1356
1812 1358
1813 1357
1814 1357
1815 1357
1816 1356
1817 1356
1818 1354
1819 1353
1820 1353
1821 1354
1822 1357
1823 1357
1824 1355
1825 1357
1826 1356
1827 1357
1828 1356
1829 1357
1830 1357
1831 1358
1832 1357
1833 1354
1834 1358
1835 1355
1836 1356
1837 1355
1838 1357
1839 1357
1840 1355
1841 1356
1842 1356
1843 1357
1844 1357
1845 1354
1846 1356
1847 1358
1848 1356
1849 1356
1850 1359
1851 1352
1852 1356
1853 1354
1854 1355
1855 1356
1856 1355
1857 1355
1858 1356
1859 1357
1860 1355
1861 1357
1862 1355
1863 1354
1864 1356
1865 1357
1866 1359
1867 1355
1868 1357
1869 1356
1870 1358
1871 1354
1872 1355
1873 1357
1874 1356
1875 1359
1876 1356
1877 1359
1878 1356
1879 1352
1880 1355
1881 1354
1882 1359
1883 1355
1884 1357
1885 1356
1886 1356
1887 1359
1888 1355
1889 1356
1890 1359
1891 1356
1892 1355
1893 1353
1894 1355
1895 1357
1896 1356
1897 1355
1898 1355
1899 1357
1900 1356
1901 1354
1902 1356
1903 1355
1904 1357
1905 1356
1906 1355
1907 1357
1908 1354
1909 1356
1910 1356
1911 1356
1912 1357
1913 1355
1914 1355
1915 1354
1916 1356
1917 1356
1918 1356
1919 1357
1920 1353
1921 1354
1922 1356
1923 1357
1924 1356
1925 1357
1926 1355
1927 1354
1928 1357
1929 1357
1930 1354
1931 1356
1932 1354
1933 1356
1934 1358
1935 1356
1936 1356
1937 1353
1938 1356
1939 1356
1940 1356
1941 1356
1942 1356
1943 1355
1944 1357
1945 1357
1946 1354
1947 1353
1948 1355
1949 1356
1950 1356
1951 1357
1952 1356
1953 1358
1954 1356
1955 1357
1956 1356
1957 1357
1958 1356
1959 1357
1960 1358
1961 1356
1962 1355
1963 1355
1964 1356
1965 1357
1966 1357
1967 1355
1968 1354
1969 1355
1970 1354
1971 1355
1972 1357
1973 1357
1974 1356
1975 1357
1976 1356
1977 1357
1978 1355
1979 1354
1980 1358
1981 1358
1982 1358
1983 1357
1984 1358
1985 1355
1986 1356
1987 1358
1988 1356
1989 1356
1990 1354
1991 1354
1992 1353
1993 1356
1994 1356
1995 1357
1996 1358
1997 1357
1998 1358
1999 1356
2000 1356
2001 1358
2002 1356
2003 1357
2004 1353
2005 1355
2006 1356
2007 1357
2008 1356
2009 1355
2010 1356
2011 1355
2012 1357
2013 1353
2014 1356
2015 1358
2016 1356
2017 1358
2018 1357
2019 1356
2020 1357
2021 1355
2022 1356
2023 1357
2024 1357
2025 1356
2026 1356
2027 1357
2028 1359
2029 1359
2030 1359
2031 1356
2032 1355
2033 1353
2034 1358
2035 1357
2036 1356
2037 1357
2038 1356
2039 1357
2040 1357
2041 1355
2042 1354
2043 1357
2044 1355
2045 1355
2046 1355
2047 1355
2048 1357
2049 1357
2050 1357
2051 1355
2052 1354
2053 1357
2054 1355
2055 1356
2056 1357
2057 1357
2058 1355
2059 1355
2060 1356
2061 1356
2062 1357
2063 1353
2064 1355
2065 1357
2066 1355
2067 1354
2068 1355
2069 1355
2070 1356
2071 1356
2072 1356
2073 1356
2074 1356
2075 1355
2076 1355
2077 1357
2078 1355
2079 1354
2080 1359
2081 1360
2082 1358
2083 1357
2084 1356
2085 1357
2086 1355
2087 1358
2088 1355
2089 1358
2090 1357
2091 1358
2092 1357
2093 1354
2094 1354
2095 1354
2096 1353
2097 1355
2098 1355
2099 1356
2100 1355
2101 1355
2102 1356
2103 1355
2104 1355
2105 1357
2106 1354
2107 1357
2108 1356
2109 1355
2110 1356
2111 1358
2112 1356
2113 1358
2114 1357
2115 1357
2116 1357
2117 1357
2118 1356
2119 1359
2120 1356
2121 1359
2122 1357
2123 1356
2124 1356
2125 1357
2126 1358
2127 1357
2128 1356
2129 1357
2130 1355
2131 1357
2132 1356
2133 1357
2134 1356
2135 1356
2136 1356
2137 1357
2138 1359
2139 1357
2140 1355
2141 1359
2142 1359
2143 1352
2144 1356
2145 1355
2146 1356
2147 1357
2148 1358
2149 1359
2150 1355
2151 1358
2152 1356
2153 1356
2154 1354
2155 1360
2156 1356
2157 1360
2158 1356
2159 1358
2160 1356
2161 1361
2162 1356
2163 1356
2164 1358
2165 1356
2166 1357
2167 1357
2168 1356
2169 1357
2170 1356
2171 1356
2172 1354
2173 1357
2174 1356
2175 1358
2176 1358
2177 1356
2178 1352
2179 1354
2180 1352
2181 1357
2182 1356
2183 1357
2184 1354
2185 1358
2186 1356
2187 1356
2188 1356
2189 1354
2190 1359
2191 1359
2192 1356
2193 1356
2194 1354
2195 1357
2196 1358
2197 1355
2198 1358
2199 1357
2200 1356
2201 1356
2202 1353
2203 1354
2204 1357
2205 1357
2206 1354
2207 1358
2208 1354
2209 1358
2210 1356
2211 1357
2212 1357
2213 1358
2214 1356
2215 1357
2216 1354
2217 1357
2218 1354
2219 1355
2220 1353
2221 1357
2222 1356
2223 1357
2224 1356
2225 1353
2226 1355
2227 1358
2228 1358
2229 1356
2230 1353
2231 1357
2232 1359
2233 1358
2234 1355
2235 1357
2236 1358
2237 1358
2238 1359
2239 1357
2240 1356
2241 1357
2242 1354
2243 1355
2244 1354
2245 1357
2246 1355
2247 1356
2248 1356
2249 1358
2250 1357
2251 1357
2252 1357
2253 1354
2254 1354
2255 1356
2256 1357
2257 1358
2258 1358
2259 1356
2260 1356
2261 1354
2262 1356
2263 1356
2264 1355
2265 1355
2266 1357
2267 1358
2268 1356
2269 1357
2270 1357
2271 1357
2272 1358
2273 1358
2274 1356
2275 1357
2276 1356
2277 1355
2278 1355
2279 1358
2280 1360
2281 1358
2282 1356
2283 1354
2284 1355
2285 1353
2286 1358
2287 1356
2288 1358
2289 1355
2290 1355
2291 1357
2292 1355
2293 1357
2294 1355
2295 1356
2296 1354
2297 1357
2298 1356
2299 1356
2300 1356
2301 1356
2302 1356
2303 1355
2304 1356
2305 1357
2306 1359
2307 1356
2308 1356
2309 1357
2310 1356
2311 1356
2312 1357
2313 1357
2314 1359
2315 1356
2316 1355
2317 1355
2318 1355
2319 1357
2320 1356
2321 1355
2322 1356
2323 1354
2324 1354
2325 1357
2326 1356
2327 1357
2328 1359
2329 1354
2330 1357
2331 1355
2332 1354
2333 1358
2334 1357
2335 1356
2336 1358
2337 1356
2338 1356
2339 1359
2340 1356
2341 1357
2342 1356
2343 1357
2344 1354
2345 1358
2346 1357
2347 1357
2348 1354
2349 1357
2350 1356
2351 1357
2352 1356
2353 1357
2354 1356
2355 1354
2356 1355
2357 1359
2358 1358
2359 1355
2360 1355
2361 1356
2362 1358
2363 1354
2364 1354
2365 1357
2366 1357
2367 1357
2368 1355
2369 1357
2370 1359
2371 1356
2372 1358
2373 1355
2374 1356
2375 1359
2376 1356
2377 1356
2378 1358
2379 1357
2380 1359
2381 1357
2382 1359
2383 1360
2384 1356
2385 1357
2386 1358
2387 1354
2388 1355
2389 1355
2390 1358
2391 1358
2392 1359
2393 1355
2394 1355
2395 1358
2396 1356
2397 1357
2398 1359
2399 1357
2400 1356
2401 1355
2402 1355
2403 1355
2404 1356
2405 1359
2406 1355
2407 1355
2408 1358
2409 1355
2410 1357
2411 1356
2412 1355
2413 1357
2414 1358
2415 1357
2416 1357
2417 1357
2418 1358
2419 1355
2420 1359
2421 1353
2422 1358
2423 1356
2424 1356
2425 1356
2426 1355
2427 1356
2428 1357
2429 1355
2430 1356
2431 1355
2432 1357
2433 1356
2434 1356
2435 1357
2436 1357
2437 1354
2438 1355
2439 1357
2440 1357
2441 1357
2442 1357
2443 1357
2444 1357
2445 1356
2446 1355
2447 1357
2448 1356
2449 1359
2450 1357
2451 1357
2452 1357
2453 1356
2454 1357
2455 1354
2456 1357
2457 1357
2458 1356
2459 1356
2460 1358
2461 1357
2462 1354
2463 1355
2464 1354
2465 1356
2466 1357
2467 1355
2468 1356
2469 1356
2470 1357
2471 1357
2472 1357
2473 1352
2474 1356
2475 1358
2476 1356
2477 1358
2478 1356
2479 1356
2480 1358
2481 1354
2482 1356
2483 1354
2484 1356
2485 1354
2486 1353
2487 1356
2488 1357
2489 1356
2490 1356
2491 1353
2492 1356
2493 1357
2494 1356
2495 1357
2496 1356
2497 1358
2498 1357
2499 1357
2500 1356
2501 1357
2502 1356
2503 1356
2504 1355
2505 1355
2506 1357
2507 1356
2508 1357
2509 1357
2510 1357
2511 1357
2512 1355
2513 1357
2514 1356
2515 1355
2516 1357
2517 1356
2518 1355
2519 1354
2520 1354
2521 1356
2522 1354
2523 1351
2524 1355
2525 1356
2526 1356
2527 1357
2528 1353
2529 1353
2530 1354
2531 1357
2532 1355
2533 1353
2534 1357
2535 1353
2536 1357
2537 1357
2538 1356
2539 1354
2540 1356
2541 1355
2542 1356
2543 1356
2544 1357
2545 1355
2546 1356
2547 1357
2548 1355
2549 1357
2550 1355
2551 1355
2552 1355
2553 1356
2554 1354
2555 1355
2556 1358
2557 1356
2558 1356
2559 1357
2560 1356
2561 1356
2562 1357
2563 1356
2564 1355
2565 1353
2566 1356
2567 1356
2568 1356
2569 1353
2570 1354
2571 1358
2572 1356
2573 1358
2574 1355
2575 1359
2576 1358
2577 1358
2578 1355
2579 1357
2580 1358
2581 1355
2582 1357
2583 1356
2584 1355
2585 1355
2586 1357
2587 1357
2588 1355
2589 1356
2590 1356
2591 1357
2592 1354
2593 1355
2594 1356
2595 1357
2596 1356
2597 1359
2598 1359
2599 1357
2600 1356
2601 1357
2602 1356
2603 1355
2604 1356
2605 1358
2606 1358
2607 1358
2608 1360
2609 1357
2610 1356
2611 1357
2612 1356
2613 1359
2614 1356
2615 1357
2616 1357
2617 1357
2618 1355
2619 1355
2620 1353
2621 1356
2622 1355
2623 1354
2624 1356
2625 1356
2626 1355
2627 1356
2628 1355
2629 1359
2630 1357
2631 1357
2632 1358
2633 1357
2634 1356
2635 1355
2636 1355
2637 1356
2638 1357
2639 1357
2640 1355
2641 1357
2642 1355
2643 1353
2644 1353
2645 1355
2646 1356
2647 1357
2648 1355
2649 1358
2650 1353
2651 1355
2652 1357
2653 1356
2654 1355
2655 1355
2656 1354
2657 1355
2658 1353
2659 1354
2660 1356
2661 1356
2662 1356
2663 1356
2664 1353
2665 1353
2666 1354
2667 1357
2668 1356
2669 1356
2670 1354
2671 1357
2672 1354
2673 1357
2674 1355
2675 1356
2676 1357
2677 1354
2678 1357
2679 1355
2680 1355
2681 1354
2682 1356
2683 1354
2684 1354
2685 1355
2686 1356
2687 1354
2688 1354
2689 1356
2690 1357
2691 1355
2692 1354
2693 1356
2694 1355
2695 1354
2696 1355
2697 1355
2698 1357
2699 1356
2700 1355
2701 1355
2702 1354
2703 1354
2704 1355
2705 1357
2706 1356
2707 1355
2708 1352
2709 1354
2710 1355
2711 1358
2712 1356
2713 1353
2714 1355
2715 1358
2716 1355
2717 1355
2718 1355
2719 1356
2720 1355
2721 1358
2722 1353
2723 1354
2724 1356
2725 1360
2726 1354
2727 1355
2728 1353
2729 1357
2730 1355
2731 1358
2732 1353
2733 1358
2734 1356
2735 1357
2736 1353
2737 1357
2738 1354
2739 1355
2740 1356
2741 1354
2742 1357
2743 1357
2744 1356
2745 1355
2746 1352
2747 1355
2748 1355
2749 1355
2750 1357
2751 1360
2752 1356
2753 1356
2754 1353
2755 1358
2756 1357
2757 1358
2758 1357
2759 1358
2760 1356
2761 1357
2762 1356
2763 1356
2764 1357
2765 1357
2766 1359
2767 1359
2768 1354
2769 1357
2770 1353
2771 1357
2772 1355
2773 1355
2774 1354
2775 1355
2776 1356
2777 1358
2778 1356
2779 1357
2780 1354
2781 1357
2782 1356
2783 1357
2784 1355
2785 1357
2786 1357
2787 1356
2788 1356
2789 1356
2790 1355
2791 1357
2792 1354
2793 1354
2794 1356
2795 1360
2796 1355
2797 1357
2798 1356
2799 1354
2800 1353
2801 1357
2802 1354
2803 1356
2804 1354
2805 1355
2806 1356
2807 1354
2808 1356
2809 1356
2810 1356
2811 1357
2812 1356
2813 1357
2814 1357
2815 1357
2816 1358
2817 1358
2818 1356
2819 1357
2820 1356
2821 1356
2822 1356
2823 1354
2824 1355
2825 1359
2826 1356
2827 1355
2828 1356
2829 1354
2830 1356
2831 1358
2832 1354
2833 1358
2834 1356
2835 1357
2836 1357
2837 1353
2838 1355
2839 1356
2840 1354
2841 1356
2842 1357
2843 1358
2844 1359
2845 1357
2846 1356
2847 1358
2848 1354
2849 1354
2850 1355
2851 1353
2852 1354
2853 1359
2854 1353
2855 1356
2856 1356
2857 1358
2858 1357
2859 1356
2860 1355
2861 1355
2862 1356
2863 1355
2864 1354
2865 1359
2866 1356
2867 1357
2868 1354
2869 1355
2870 1354
2871 1357
2872 1356
2873 1356
2874 1354
2875 1356
2876 1360
2877 1357
2878 1354
2879 1354
2880 1357
2881 1356
2882 1359
2883 1356
2884 1355
2885 1356
2886 1357
2887 1357
2888 1355
2889 1357
2890 1356
2891 1358
2892 1356
2893 1358
2894 1356
2895 1358
2896 1356
2897 1359
2898 1355
2899 1357
2900 1354
2901 1356
2902 1358
2903 1356
2904 1357
2905 1360
2906 1357
2907 1357
2908 1354
2909 1355
2910 1356
2911 1357
2912 1356
2913 1357
2914 1356
2915 1357
2916 1356
2917 1361
2918 1354
2919 1357
2920 1354
2921 1357
2922 1358
2923 1357
2924 1357
2925 1356
2926 1356
2927 1355
2928 1355
2929 1357
2930 1354
2931 1358
2932 1356
2933 1357
2934 1355
2935 1358
2936 1355
2937 1359
2938 1355
2939 1357
2940 1355
2941 1357
2942 1354
2943 1355
2944 1354
2945 1357
2946 1356
2947 1357
2948 1356
2949 1357
2950 1356
2951 1358
2952 1355
2953 1357
2954 1356
2955 1356
2956 1355
2957 1357
2958 1355
2959 1356
2960 1355
2961 1356
2962 1355
2963 1359
2964 1355
2965 1358
2966 1355
2967 1358
2968 1355
2969 1356
2970 1352
2971 1353
2972 1354
2973 1357
2974 1357
2975 1358
2976 1353
2977 1357
2978 1354
2979 1355
2980 1356
2981 1356
2982 1355
2983 1356
2984 1354
2985 1352
2986 1353
2987 1357
2988 1357
2989 1357
2990 1357
2991 1356
2992 1357
2993 1356
2994 1359
2995 1359
2996 1357
2997 1356
2998 1355
2999 1357
3000 1359
3001 1357
3002 1357
3003 1357
3004 1357
3005 1359
3006 1357
3007 1354
3008 1356
3009 1357
3010 1358
3011 1357
3012 1359
3013 1356
3014 1358
3015 1356
3016 1358
3017 1357
3018 1358
3019 1356
3020 1358
3021 1355
3022 1355
3023 1358
3024 1354
3025 1357
3026 1357
3027 1356
3028 1359
3029 1358
3030 1356
3031 1356
3032 1357
3033 1355
3034 1356
3035 1359
3036 1359
3037 1357
3038 1357
3039 1357
3040 1356
3041 1358
3042 1357
3043 1358
3044 1356
3045 1356
3046 1358
3047 1358
3048 1357
3049 1356
3050 1356
3051 1356
3052 1358
3053 1356
3054 1356
3055 1357
3056 1359
3057 1359
3058 1356
3059 1360
3060 1357
3061 1354
3062 1355
3063 1357
3064 1358
3065 1359
3066 1354
3067 1355
3068 1355
3069 1358
3070 1354
3071 1357
3072 1356
3073 1356
3074 1356
3075 1357
3076 1356
3077 1358
3078 1356
3079 1357
3080 1357
3081 1356
3082 1357
3083 1355
3084 1357
3085 1353
3086 1358
3087 1358
3088 1356
3089 1357
3090 1356
3091 1357
3092 1356
3093 1355
3094 1353
3095 1353
3096 1357
3097 1357
3098 1356
3099 1356
3100 1359
3101 1357
3102 1352
3103 1356
3104 1356
3105 1357
3106 1356
3107 1356
3108 1355
3109 1355
3110 1356
3111 1357
3112 1354
3113 1355
3114 1355
3115 1355
3116 1358
3117 1357
3118 1356
3119 1359
3120 1355
3121 1358
3122 1358
3123 1357
3124 1356
3125 1357
3126 1359
3127 1355
3128 1354
3129 1354
3130 1355
3131 1356
3132 1359
3133 1357
3134 1356
3135 1352
3136 1356
3137 1358
3138 1358
3139 1357
3140 1356
3141 1356
3142 1359
3143 1357
3144 1355
3145 1359
3146 1356
3147 1360
3148 1361
3149 1361
3150 1356
3151 1357
3152 1355
3153 1356
3154 1357
3155 1358
3156 1358
3157 1358
3158 1358
3159 1358
3160 1360
3161 1357
3162 1357
3163 1357
3164 1356
3165 1357
3166 1357
3167 1359
3168 1357
3169 1354
3170 1354
3171 1354
3172 1356
3173 1358
3174 1357
3175 1357
3176 1356
3177 1357
3178 1356
3179 1356
3180 1355
3181 1358
3182 1355
3183 1359
3184 1357
3185 1358
3186 1358
3187 1357
3188 1356
3189 1354
3190 1355
3191 1356
3192 1356
3193 1357
3194 1357
3195 1356
3196 1356
3197 1355
3198 1356
3199 1357
3200 1358
3201 1357
3202 1358
3203 1356
3204 1355
3205 1354
3206 1357
3207 1358
3208 1355
3209 1361
3210 1359
3211 1357
3212 1357
3213 1357
3214 1356
3215 1357
3216 1357
3217 1357
3218 1358
3219 1356
3220 1354
3221 1354
3222 1356
3223 1356
3224 1356
3225 1357
3226 1356
3227 1357
3228 1355
3229 1355
3230 1355
3231 1355
3232 1356
3233 1357
3234 1357
3235 1357
3236 1356
3237 1355
3238 1354
3239 1356
3240 1356
3241 1358
3242 1354
3243 1355
3244 1358
3245 1357
3246 1353
3247 1355
3248 1356
3249 1356
3250 1355
3251 1356
3252 1355
3253 1356
3254 1356
3255 1357
3256 1356
3257 1357
3258 1353
3259 1356
3260 1355
3261 1358
3262 1355
3263 1356
3264 1354
3265 1358
3266 1356
3267 1357
3268 1356
3269 1357
3270 1355
3271 1357
3272 1354
3273 1357
3274 1354
3275 1360
3276 1357
3277 1357
3278 1356
3279 1359
3280 1356
3281 1357
3282 1355
3283 1357
3284 1352
3285 1358
3286 1356
3287 1357
3288 1355
3289 1357
3290 1356
3291 1354
3292 1354
3293 1354
3294 1353
3295 1357
3296 1356
3297 1360
3298 1357
3299 1355
3300 1354
3301 1358
3302 1356
3303 1357
3304 1355
3305 1357
3306 1356
3307 1357
3308 1356
3309 1358
3310 1355
3311 1357
3312 1357
3313 1357
3314 1356
3315 1355
3316 1357
3317 1356
3318 1357
3319 1354
3320 1357
3321 1357
3322 1355
3323 1355
3324 1353
3325 1354
3326 1356
3327 1357
3328 1354
3329 1357
3330 1357
3331 1360
3332 1358
3333 1355
3334 1359
3335 1359
3336 1359
3337 1357
3338 1356
3339 1357
3340 1354
3341 1359
3342 1357
3343 1358
3344 1357
3345 1359
3346 1354
3347 1356
3348 1356
3349 1355
3350 1357
3351 1356
3352 1356
3353 1355
3354 1355
3355 1354
3356 1357
3357 1357
3358 1353
3359 1354
3360 1355
3361 1357
3362 1357
3363 1355
3364 1356
3365 1357
3366 1358
3367 1355
3368 1357
3369 1357
3370 1358
3371 1358
3372 1358
3373 1359
3374 1356
3375 1357
3376 1356
3377 1359
3378 1355
3379 1358
3380 1355
3381 1358
3382 1355
3383 1355
3384 1356
3385 1357
3386 1355
3387 1355
3388 1356
3389 1357
3390 1358
3391 1358
3392 1357
3393 1356
3394 1355
3395 1355
3396 1357
3397 1354
3398 1357
3399 1357
3400 1359
3401 1357
3402 1357
3403 1356
3404 1354
3405 1357
3406 1356
3407 1358
3408 1354
3409 1357
3410 1357
3411 1355
3412 1355
3413 1357
3414 1355
3415 1356
3416 1356
3417 1357
3418 1353
3419 1357
3420 1356
3421 1357
3422 1357
3423 1355
3424 1357
3425 1357
3426 1354
3427 1356
3428 1357
3429 1357
3430 1357
3431 1360
3432 1356
3433 1358
3434 1355
3435 1354
3436 1355
3437 1358
3438 1358
3439 1359
3440 1356
3441 1357
3442 1357
3443 1356
3444 1357
3445 1353
3446 1356
3447 1357
3448 1357
3449 1356
3450 1353
3451 1356
3452 1357
3453 1359
3454 1356
3455 1358
3456 1354
3457 1356
3458 1355
3459 1355
3460 1356
3461 1357
3462 1354
3463 1357
3464 1357
3465 1356
3466 1354
3467 1356
3468 1356
3469 1356
3470 1354
3471 1356
3472 1355
3473 1357
3474 1358
3475 1356
3476 1357
3477 1357
3478 1356
3479 1359
3480 1353
3481 1355
3482 1354
3483 1356
3484 1355
3485 1358
3486 1356
3487 1357
3488 1355
3489 1357
3490 1356
3491 1358
3492 1353
3493 1357
3494 1354
3495 1357
3496 1356
3497 1355
3498 1356
3499 1355
3500 1354
3501 1354
3502 1355
3503 1357
3504 1356
3505 1354
3506 1354
3507 1357
3508 1354
3509 1354
3510 1356
3511 1356
3512 1356
3513 1356
3514 1357
3515 1357
3516 1356
3517 1358
3518 1356
3519 1357
3520 1357
3521 1359
3522 1357
3523 1357
3524 1357
3525 1357
3526 1356
3527 1359
3528 1357
3529 1359
3530 1358
3531 1357
3532 1357
3533 1357
3534 1355
3535 1359
3536 1354
3537 1353
3538 1354
3539 1357
3540 1356
3541 1356
3542 1354
3543 1353
3544 1354
3545 1355
3546 1356
3547 1355
3548 1356
3549 1355
3550 1356
3551 1355
3552 1356
3553 1353
3554 1354
3555 1356
3556 1354
3557 1355
3558 1354
3559 1357
3560 1358
3561 1359
3562 1356
3563 1357
3564 1355
3565 1357
3566 1356
3567 1357
3568 1356
3569 1357
3570 1354
3571 1356
3572 1358
3573 1357
3574 1355
3575 1359
3576 1357
3577 1357
3578 1356
3579 1357
3580 1357
3581 1356
3582 1356
3583 1357
3584 1356
3585 1352
3586 1356
3587 1355
3588 1354
3589 1357
3590 1356
3591 1357
3592 1356
3593 1356
3594 1355
3595 1357
3596 1357
3597 1358
3598 1355
3599 1358
3600 1356
3601 1358
3602 1357
3603 1358
3604 1358
3605 1357
3606 1357
3607 1357
3608 1357
3609 1357
3610 1356
3611 1357
3612 1358
3613 1358
3614 1355
3615 1356
3616 1356
3617 1357
3618 1357
3619 1358
3620 1358
3621 1359
3622 1358
3623 1357
3624 1357
3625 1357
3626 1357
3627 1355
3628 1356
3629 1358
3630 1356
3631 1357
3632 1357
3633 1360
3634 1358
3635 1361
3636 1358
3637 1359
3638 1357
3639 1359
3640 1357
3641 1357
3642 1356
3643 1356
3644 1358
3645 1358
3646 1358
3647 1356
3648 1357
3649 1357
3650 1357
3651 1356
3652 1356
3653 1358
3654 1354
3655 1356
3656 1354
3657 1355
3658 1356
3659 1360
3660 1355
3661 1354
3662 1355
3663 1355
3664 1356
3665 1355
3666 1357
3667 1357
3668 1356
3669 1360
3670 1360
3671 1360
3672 1356
3673 1357
3674 1359
3675 1360
3676 1359
3677 1359
3678 1357
3679 1357
3680 1355
3681 1357
3682 1355
3683 1355
3684 1355
3685 1357
3686 1356
3687 1356
3688 1358
3689 1357
3690 1356
3691 1360
3692 1357
3693 1354
3694 1356
3695 1356
3696 1357
3697 1357
3698 1357
3699 1357
3700 1359
3701 1357
3702 1356
3703 1357
3704 1356
3705 1353
3706 1356
3707 1360
3708 1356
3709 1356
3710 1358
3711 1356
3712 1355
3713 1358
3714 1358
3715 1358
3716 1356
3717 1359
3718 1356
3719 1357
3720 1354
3721 1355
3722 1359
3723 1357
3724 1357
3725 1356
3726 1356
3727 1357
3728 1356
3729 1357
3730 1358
3731 1357
3732 1357
3733 1357
3734 1357
3735 1357
3736 1359
3737 1360
3738 1359
3739 1358
3740 1357
3741 1356
3742 1356
3743 1351
3744 1357
3745 1355
3746 1357
3747 1355
3748 1354
3749 1354
3750 1355
3751 1357
3752 1357
3753 1358
3754 1357
3755 1356
3756 1355
3757 1356
3758 1355
3759 1355
3760 1356
3761 1356
3762 1355
3763 1357
3764 1356
3765 1357
3766 1358
3767 1358
3768 1356
3769 1354
3770 1357
3771 1356
3772 1357
3773 1355
3774 1357
3775 1360
3776 1359
3777 1354
3778 1356
3779 1353
3780 1353
3781 1355
3782 1354
3783 1354
3784 1355
3785 1354
3786 1356
3787 1356
3788 1356
3789 1356
3790 1357
3791 1357
3792 1358
3793 1357
3794 1358
3795 1357
3796 1357
3797 1356
3798 1357
3799 1358
3800 1359
3801 1357
3802 1356
3803 1355
3804 1356
3805 1357
3806 1357
3807 1355
3808 1358
3809 1357
3810 1358
3811 1357
3812 1359
3813 1353
3814 1354
3815 1356
3816 1355
3817 1354
3818 1356
3819 1357
3820 1356
3821 1357
3822 1355
3823 1357
3824 1356
3825 1360
3826 1358
3827 1359
3828 1358
3829 1356
3830 1357
3831 1357
3832 1357
3833 1356
3834 1357
3835 1357
3836 1358
3837 1354
3838 1357
3839 1356
3840 1354
3841 1353
3842 1356
3843 1355
3844 1356
3845 1357
3846 1358
3847 1358
3848 1358
3849 1355
3850 1355
3851 1357
3852 1361
3853 1359
3854 1359
3855 1357
3856 1359
3857 1355
3858 1355
3859 1353
3860 1353
3861 1357
3862 1357
3863 1356
3864 1357
3865 1356
3866 1357
3867 1356
3868 1356
3869 1355
3870 1354
3871 1357
3872 1356
3873 1355
3874 1358
3875 1356
3876 1357
3877 1356
3878 1356
3879 1357
3880 1355
3881 1354
3882 1358
3883 1355
3884 1355
3885 1353
3886 1359
3887 1356
3888 1357
3889 1356
3890 1356
3891 1357
3892 1358
3893 1356
3894 1356
3895 1357
3896 1358
3897 1356
3898 1355
3899 1358
3900 1355
3901 1357
3902 1356
3903 1355
3904 1352
3905 1357
3906 1357
3907 1357
3908 1358
3909 1357
3910 1357
3911 1356
3912 1357
3913 1356
3914 1356
3915 1354
3916 1357
3917 1358
3918 1356
3919 1355
3920 1353
3921 1358
3922 1359
3923 1356
3924 1356
3925 1355
3926 1357
3927 1357
3928 1355
3929 1356
3930 1356
3931 1356
3932 1356
3933 1355
3934 1356
3935 1358
3936 1359
3937 1357
3938 1355
3939 1355
3940 1357
3941 1358
3942 1357
3943 1357
3944 1355
3945 1355
3946 1356
3947 1354
3948 1356
3949 1356
3950 1355
3951 1358
3952 1358
3953 1356
3954 1356
3955 1358
3956 1353
3957 1356
3958 1358
3959 1355
3960 1356
3961 1355
3962 1356
3963 1354
3964 1355
3965 1362
3966 1355
3967 1353
3968 1356
3969 1355
3970 1356
3971 1356
3972 1358
3973 1358
3974 1356
3975 1356
3976 1357
3977 1356
3978 1358
3979 1356
3980 1355
3981 1356
3982 1356
3983 1359
3984 1356
3985 1356
3986 1356
3987 1357
3988 1355
3989 1354
3990 1357
3991 1353
3992 1355
3993 1355
3994 1357
3995 1357
3996 1355
3997 1353
3998 1358
3999 1354
