0 1354
1 1357
2 1356
3 1356
4 1355
5 1357
6 1355
7 1355
8 1356
9 1352
10 1358
11 1356
12 1356
13 1355
14 1355
15 1360
16 1356
17 1357
18 1358
19 1357
20 1354
21 1355
22 1356
23 1358
24 1356
25 1356
26 1354
27 1357
28 1356
29 1354
30 1354
31 1357
32 1354
33 1352
34 1355
35 1357
36 1359
37 1356
38 1352
39 1352
40 1355
41 1356
42 1357
43 1356
44 1355
45 1357
46 1357
47 1357
48 1355
49 1357
50 1355
51 1359
52 1353
53 1354
54 1355
55 1356
56 1354
57 1355
58 1355
59 1357
60 1355
61 1354
62 1355
63 1354
64 1356
65 1356
66 1354
67 1356
68 1352
69 1352
70 1355
71 1356
72 1355
73 1355
74 1356
75 1353
76 1355
77 1355
78 1357
79 1359
80 1357
81 1359
82 1352
83 1353
84 1355
85 1354
86 1354
87 1356
88 1355
89 1354
90 1355
91 1354
92 1354
93 1357
94 1354
95 1356
96 1355
97 1356
98 1356
99 1356
100 1356
101 1356
102 1355
103 1358
104 1355
105 1357
106 1358
107 1354
108 1354
109 1353
110 1358
111 1358
112 1355
113 1357
114 1354
115 1358
116 1355
117 1357
118 1354
119 1355
120 1355
121 1356
122 1354
123 1353
124 1355
125 1356
126 1354
127 1356
128 1356
129 1357
130 1356
131 1355
132 1357
133 1354
134 1355
135 1355
136 1355
137 1354
138 1354
139 1357
140 1355
141 1355
142 1355
143 1354
144 1354
145 1356
146 1357
147 1356
148 1356
149 1356
150 1356
151 1356
152 1355
153 1357
154 1355
155 1355
156 1356
157 1354
158 1356
159 1355
160 1354
161 1354
162 1353
163 1356
164 1356
165 1357
166 1359
167 1358
168 1355
169 1354
170 1354
171 1356
172 1354
173 1355
174 1355
175 1355
176 1355
177 1357
178 1355
179 1354
180 1354
181 1355
182 1355
183 1355
184 1356
185 1353
186 1355
187 1355
188 1355
189 1356
190 1357
191 1355
192 1356
193 1356
194 1353
195 1355
196 1356
197 1355
198 1356
199 1357
200 1354
201 1358
202 1356
203 1354
204 1354
205 1357
206 1353
207 1357
208 1355
209 1356
210 1355
211 1355
212 1352
213 1355
214 1352
215 1353
216 1355
217 1357
218 1355
219 1356
220 1354
221 1355
222 1357
223 1357
224 1356
225 1357
226 1357
227 1358
228 1356
229 1357
230 1353
231 1354
232 1357
233 1355
234 1356
235 1357
236 1356
237 1356
238 1356
239 1357
240 1355
241 1357
242 1353
243 1354
244 1356
245 1357
246 1355
247 1359
248 1355
249 1356
250 1358
251 1353
252 1355
253 1355
254 1353
255 1357
256 1357
257 1356
258 1354
259 1357
260 1353
261 1355
262 1353
263 1355
264 1355
265 1356
266 1353
267 1354
268 1353
269 1353
270 1356
271 1355
272 1354
273 1357
274 1353
275 1353
276 1352
277 1355
278 1355
279 1357
280 1355
281 1354
282 1354
283 1353
284 1355
285 1357
286 1357
287 1357
288 1356
289 1354
290 1355
291 1357
292 1358
293 1358
294 1356
295 1355
296 1353
297 1355
298 1354
299 1359
300 1356
301 1357
302 1352
303 1356
304 1353
305 1358
306 1353
307 1356
308 1356
309 1357
310 1356
311 1358
312 1355
313 1360
314 1356
315 1357
316 1353
317 1357
318 1358
319 1358
320 1356
321 1358
322 1359
323 1357
324 1358
325 1361
326 1356
327 1356
328 1356
329 1357
330 1355
331 1357
332 1355
333 1355
334 1354
335 1355
336 1355
337 1355
338 1355
339 1357
340 1355
341 1358
342 1356
343 1360
344 1355
345 1357
346 1353
347 1356
348 1354
349 1355
350 1356
351 1357
352 1353
353 1352
354 1354
355 1356
356 1356
357 1357
358 1355
359 1357
360 1357
361 1356
362 1356
363 1355
364 1356
365 1353
366 1356
367 1353
368 1355
369 1356
370 1356
371 1356
372 1353
373 1356
374 1355
375 1358
376 1356
377 1359
378 1354
379 1357
380 1357
381 1354
382 1355
383 1353
384 1354
385 1357
386 1355
387 1357
388 1356
389 1354
390 1354
391 1353
392 1354
393 1352
394 1356
395 1357
396 1356
397 1356
398 1355
399 1353
400 1353
401 1355
402 1356
403 1356
404 1356
405 1354
406 1355
407 1353
408 1355
409 1355
410 1356
411 1356
412 1357
413 1355
414 1354
415 1353
416 1356
417 1355
418 1361
419 1356
420 1354
421 1354
422 1356
423 1356
424 1355
425 1353
426 1354
427 1355
428 1354
429 1357
430 1354
431 1354
432 1355
433 1354
434 1354
435 1357
436 1353
437 1356
438 1353
439 1355
440 1356
441 1356
442 1355
443 1354
444 1356
445 1357
446 1354
447 1354
448 1355
449 1357
450 1355
451 1356
452 1355
453 1360
454 1356
455 1353
456 1353
457 1352
458 1354
459 1358
460 1354
461 1357
462 1354
463 1354
464 1352
465 1355
466 1354
467 1356
468 1354
469 1353
470 1354
471 1357
472 1356
473 1357
474 1355
475 1357
476 1356
477 1357
478 1357
479 1355
480 1356
481 1356
482 1356
483 1356
484 1355
485 1357
486 1355
487 1353
488 1355
489 1352
490 1355
491 1356
492 1354
493 1354
494 1354
495 1356
496 1355
497 1355
498 1353
499 1355
500 1358
501 1355
502 1356
503 1356
504 1355
505 1357
506 1359
507 1361
508 1361
509 1364
510 1369
511 1375
512 1382
513 1386
514 1394
515 1402
516 1409
517 1418
518 1425
519 1430
520 1438
521 1439
522 1446
523 1443
524 1452
525 1450
526 1452
527 1449
528 1454
529 1449
530 1453
531 1451
532 1449
533 1448
534 1446
535 1439
536 1437
537 1430
538 1425
539 1418
540 1415
541 1411
542 1408
543 1410
544 1404
545 1401
546 1400
547 1399
548 1397
549 1393
550 1389
551 1385
552 1386
553 1385
554 1379
555 1379
556 1379
557 1378
558 1379
559 1376
560 1375
561 1373
562 1373
563 1372
564 1374
565 1371
566 1368
567 1367
568 1366
569 1363
570 1363
571 1361
572 1360
573 1359
574 1359
575 1360
576 1362
577 1360
578 1358
579 1360
580 1361
581 1357
582 1358
583 1356
584 1358
585 1359
586 1358
587 1359
588 1357
589 1359
590 1358
591 1358
592 1356
593 1354
594 1357
595 1355
596 1358
597 1356
598 1358
599 1354
600 1357
601 1356
602 1358
603 1357
604 1354
605 1356
606 1359
607 1356
608 1355
609 1356
610 1356
611 1353
612 1357
613 1355
614 1353
615 1358
616 1357
617 1358
618 1356
619 1354
620 1357
621 1357
622 1356
623 1356
624 1357
625 1355
626 1357
627 1354
628 1357
629 1354
630 1355
631 1354
632 1356
633 1357
634 1357
635 1356
636 1356
637 1357
638 1354
639 1356
640 1354
641 1355
642 1356
643 1360
644 1359
645 1357
646 1356
647 1356
648 1356
649 1357
650 1356
651 1357
652 1357
653 1356
654 1354
655 1353
656 1357
657 1359
658 1356
659 1357
660 1358
661 1358
662 1356
663 1356
664 1356
665 1352
666 1355
667 1354
668 1355
669 1358
670 1356
671 1355
672 1351
673 1352
674 1355
675 1355
676 1354
677 1357
678 1355
679 1353
680 1353
681 1355
682 1357
683 1357
684 1357
685 1357
686 1361
687 1358
688 1355
689 1356
690 1358
691 1357
692 1357
693 1356
694 1358
695 1357
696 1356
697 1356
698 1358
699 1357
700 1356
701 1352
702 1356
703 1356
704 1357
705 1352
706 1355
707 1356
708 1357
709 1357
710 1356
711 1356
712 1356
713 1356
714 1355
715 1353
716 1356
717 1357
718 1359
719 1357
720 1356
721 1356
722 1356
723 1354
724 1355
725 1358
726 1354
727 1356
728 1357
729 1354
730 1353
731 1355
732 1357
733 1354
734 1353
735 1357
736 1355
737 1355
738 1354
739 1356
740 1352
741 1353
742 1355
743 1354
744 1358
745 1357
746 1357
747 1355
748 1356
749 1357
750 1354
751 1356
752 1355
753 1356
754 1354
755 1354
756 1354
757 1353
758 1356
759 1356
760 1355
761 1357
762 1352
763 1357
764 1356
765 1352
766 1354
767 1355
768 1355
769 1354
770 1356
771 1353
772 1355
773 1357
774 1355
775 1355
776 1355
777 1357
778 1355
779 1355
780 1355
781 1358
782 1356
783 1357
784 1356
785 1357
786 1355
787 1356
788 1356
789 1354
790 1355
791 1354
792 1355
793 1356
794 1355
795 1353
796 1355
797 1355
798 1352
799 1355
800 1355
801 1356
802 1356
803 1354
804 1356
805 1357
806 1353
807 1356
808 1355
809 1355
810 1357
811 1355
812 1356
813 1354
814 1353
815 1357
816 1355
817 1354
818 1356
819 1357
820 1355
821 1355
822 1356
823 1357
824 1355
825 1354
826 1354
827 1357
828 1355
829 1356
830 1354
831 1354
832 1356
833 1355
834 1353
835 1357
836 1355
837 1357
838 1354
839 1355
840 1358
841 1357
842 1355
843 1353
844 1356
845 1355
846 1356
847 1357
848 1354
849 1355
850 1356
851 1357
852 1358
853 1356
854 1355
855 1357
856 1355
857 1357
858 1357
859 1357
860 1352
861 1358
862 1355
863 1356
864 1357
865 1356
866 1354
867 1353
868 1358
869 1357
870 1356
871 1357
872 1355
873 1354
874 1355
875 1355
876 1358
877 1358
878 1356
879 1358
880 1352
881 1354
882 1355
883 1359
884 1355
885 1357
886 1355
887 1357
888 1356
889 1356
890 1356
891 1357
892 1357
893 1356
894 1355
895 1359
896 1358
897 1359
898 1355
899 1357
900 1357
901 1358
902 1355
903 1356
904 1356
905 1357
906 1356
907 1356
908 1355
909 1357
910 1356
911 1356
912 1355
913 1356
914 1356
915 1357
916 1354
917 1357
918 1354
919 1352
920 1355
921 1358
922 1356
923 1355
924 1353
925 1357
926 1355
927 1357
928 1354
929 1353
930 1354
931 1356
932 1354
933 1353
934 1354
935 1356
936 1355
937 1354
938 1354
939 1357
940 1354
941 1353
942 1355
943 1355
944 1354
945 1356
946 1357
947 1354
948 1354
949 1356
950 1353
951 1356
952 1357
953 1356
954 1355
955 1355
956 1354
957 1353
958 1353
959 1355
960 1355
961 1356
962 1355
963 1354
964 1356
965 1357
966 1358
967 1355
968 1355
969 1354
970 1356
971 1354
972 1357
973 1353
974 1353
975 1351
976 1354
977 1359
978 1356
979 1355
980 1353
981 1354
982 1360
983 1357
984 1355
985 1352
986 1354
987 1356
988 1355
989 1354
990 1354
991 1355
992 1357
993 1355
994 1354
995 1353
996 1355
997 1355
998 1357
999 1353
1000 1351
1001 1352
1002 1354
1003 1355
1004 1353
1005 1353
1006 1356
1007 1354
1008 1357
1009 1355
1010 1354
1011 1353
1012 1355
1013 1353
1014 1354
1015 1357
1016 1355
1017 1355
1018 1357
1019 1356
1020 1354
1021 1353
1022 1356
1023 1358
1024 1355
1025 1356
1026 1355
1027 1354
1028 1355
1029 1357
1030 1356
1031 1356
1032 1357
1033 1351
1034 1355
1035 1354
1036 1352
1037 1355
1038 1353
1039 1353
1040 1355
1041 1354
1042 1354
1043 1354
1044 1356
1045 1354
1046 1353
1047 1356
1048 1353
1049 1359
1050 1355
1051 1358
1052 1357
1053 1357
1054 1355
1055 1353
1056 1354
1057 1355
1058 1356
1059 1355
1060 1355
1061 1355
1062 1356
1063 1355
1064 1355
1065 1353
1066 1353
1067 1351
1068 1354
1069 1355
1070 1355
1071 1355
1072 1355
1073 1355
1074 1356
1075 1356
1076 1354
1077 1355
1078 1355
1079 1356
1080 1356
1081 1354
1082 1356
1083 1356
1084 1356
1085 1355
1086 1355
1087 1354
1088 1355
1089 1356
1090 1355
1091 1357
1092 1354
1093 1356
1094 1356
1095 1356
1096 1358
1097 1357
1098 1357
1099 1357
1100 1356
1101 1352
1102 1353
1103 1355
1104 1354
1105 1358
1106 1358
1107 1356
1108 1356
1109 1357
1110 1356
1111 1358
1112 1356
1113 1356
1114 1356
1115 1354
1116 1357
1117 1359
1118 1354
1119 1356
1120 1354
1121 1355
1122 1356
1123 1356
1124 1356
1125 1352
1126 1355
1127 1355
1128 1353
1129 1354
1130 1356
1131 1356
1132 1354
1133 1354
1134 1355
1135 1358
1136 1354
1137 1356
1138 1354
1139 1355
1140 1354
1141 1357
1142 1357
1143 1353
1144 1353
1145 1353
1146 1355
1147 1359
1148 1355
1149 1359
1150 1355
1151 1357
1152 1355
1153 1354
1154 1351
1155 1354
1156 1355
1157 1357
1158 1354
1159 1352
1160 1350
1161 1354
1162 1356
1163 1356
1164 1353
1165 1354
1166 1355
1167 1357
1168 1354
1169 1355
1170 1356
1171 1356
1172 1356
1173 1353
1174 1357
1175 1355
1176 1356
1177 1357
1178 1354
1179 1357
1180 1355
1181 1358
1182 1357
1183 1355
1184 1354
1185 1355
1186 1356
1187 1355
1188 1354
1189 1357
1190 1355
1191 1355
1192 1353
1193 1354
1194 1354
1195 1356
1196 1355
1197 1355
1198 1352
1199 1357
1200 1353
1201 1355
1202 1356
1203 1357
1204 1353
1205 1355
1206 1354
1207 1357
1208 1358
1209 1357
1210 1356
1211 1356
1212 1356
1213 1353
1214 1354
1215 1356
1216 1354
1217 1357
1218 1356
1219 1356
1220 1354
1221 1353
1222 1354
1223 1355
1224 1355
1225 1354
1226 1355
1227 1354
1228 1354
1229 1355
1230 1353
1231 1353
1232 1355
1233 1359
1234 1355
1235 1357
1236 1356
1237 1354
1238 1356
1239 1358
1240 1357
1241 1357
1242 1354
1243 1356
1244 1354
1245 1356
1246 1356
1247 1356
1248 1355
1249 1354
1250 1355
1251 1352
1252 1357
1253 1355
1254 1357
1255 1355
1256 1355
1257 1357
1258 1353
1259 1355
1260 1352
1261 1355
1262 1356
1263 1355
1264 1356
1265 1360
1266 1356
1267 1357
1268 1356
1269 1354
1270 1355
1271 1355
1272 1356
1273 1358
1274 1355
1275 1354
1276 1355
1277 1355
1278 1354
1279 1355
1280 1355
1281 1355
1282 1355
1283 1355
1284 1353
1285 1354
1286 1356
1287 1357
1288 1357
1289 1357
1290 1356
1291 1357
1292 1354
1293 1357
1294 1355
1295 1358
1296 1356
1297 1357
1298 1356
1299 1354
1300 1355
1301 1355
1302 1353
1303 1355
1304 1358
1305 1357
1306 1356
1307 1357
1308 1354
1309 1352
1310 1351
1311 1356
1312 1354
1313 1355
1314 1352
1315 1354
1316 1354
1317 1355
1318 1356
1319 1355
1320 1356
1321 1354
1322 1355
1323 1357
1324 1356
1325 1356
1326 1357
1327 1355
1328 1354
1329 1354
1330 1354
1331 1353
1332 1355
1333 1357
1334 1354
1335 1355
1336 1358
1337 1361
1338 1357
1339 1352
1340 1354
1341 1356
1342 1356
1343 1355
1344 1352
1345 1354
1346 1356
1347 1356
1348 1357
1349 1356
1350 1356
1351 1357
1352 1355
1353 1357
1354 1355
1355 1355
1356 1355
1357 1358
1358 1358
1359 1356
1360 1354
1361 1355
1362 1358
1363 1356
1364 1352
1365 1355
1366 1355
1367 1356
1368 1355
1369 1357
1370 1354
1371 1356
1372 1354
1373 1354
1374 1353
1375 1357
1376 1357
1377 1355
1378 1358
1379 1358
1380 1355
1381 1355
1382 1355
1383 1356
1384 1354
1385 1356
1386 1355
1387 1355
1388 1357
1389 1357
1390 1358
1391 1357
1392 1356
1393 1355
1394 1354
1395 1354
1396 1356
1397 1356
1398 1355
1399 1356
1400 1356
1401 1355
1402 1356
1403 1357
1404 1358
1405 1357
1406 1356
1407 1356
1408 1355
1409 1357
1410 1356
1411 1357
1412 1356
1413 1358
1414 1358
1415 1357
1416 1356
1417 1356
1418 1356
1419 1353
1420 1356
1421 1356
1422 1356
1423 1356
1424 1353
1425 1356
1426 1356
1427 1354
1428 1357
1429 1357
1430 1355
1431 1355
1432 1358
1433 1356
1434 1356
1435 1355
1436 1355
1437 1357
1438 1356
1439 1356
1440 1355
1441 1355
1442 1354
1443 1354
1444 1353
1445 1356
1446 1357
1447 1358
1448 1356
1449 1356
1450 1356
1451 1357
1452 1354
1453 1358
1454 1360
1455 1358
1456 1359
1457 1354
1458 1356
1459 1357
1460 1355
1461 1356
1462 1356
1463 1356
1464 1356
1465 1357
1466 1356
1467 1355
1468 1351
1469 1355
1470 1357
1471 1357
1472 1358
1473 1353
1474 1356
1475 1355
1476 1357
1477 1357
1478 1357
1479 1355
1480 1355
1481 1355
1482 1357
1483 1354
1484 1355
1485 1357
1486 1355
1487 1354
1488 1356
1489 1355
1490 1356
1491 1354
1492 1353
1493 1356
1494 1353
1495 1356
1496 1356
1497 1357
1498 1358
1499 1354
1500 1356
1501 1355
1502 1357
1503 1354
1504 1353
1505 1353
1506 1354
1507 1355
1508 1356
1509 1355
1510 1355
1511 1355
1512 1355
1513 1354
1514 1353
1515 1353
1516 1358
1517 1360
1518 1357
1519 1354
1520 1355
1521 1357
1522 1356
1523 1355
1524 1353
1525 1352
1526 1355
1527 1354
1528 1354
1529 1356
1530 1359
1531 1360
1532 1357
1533 1354
1534 1354
1535 1354
1536 1357
1537 1357
1538 1357
1539 1356
1540 1354
1541 1354
1542 1357
1543 1356
1544 1354
1545 1355
1546 1354
1547 1356
1548 1353
1549 1354
1550 1359
1551 1354
1552 1351
1553 1356
1554 1355
1555 1358
1556 1359
1557 1356
1558 1354
1559 1356
1560 1353
1561 1356
1562 1356
1563 1355
1564 1356
1565 1354
1566 1355
1567 1357
1568 1356
1569 1357
1570 1356
1571 1356
1572 1357
1573 1357
1574 1354
1575 1354
1576 1356
1577 1356
1578 1355
1579 1354
1580 1355
1581 1355
1582 1356
1583 1353
1584 1354
1585 1356
1586 1352
1587 1354
1588 1353
1589 1353
1590 1355
1591 1355
1592 1355
1593 1355
1594 1355
1595 1355
1596 1358
1597 1354
1598 1355
1599 1354
1600 1355
1601 1355
1602 1357
1603 1356
1604 1356
1605 1353
1606 1355
1607 1355
1608 1358
1609 1353
1610 1357
1611 1355
1612 1359
1613 1354
1614 1356
1615 1355
1616 1356
1617 1355
1618 1355
1619 1353
1620 1355
1621 1354
1622 1354
1623 1356
1624 1355
1625 1352
1626 1355
1627 1355
1628 1355
1629 1354
1630 1355
1631 1356
1632 1355
1633 1354
1634 1356
1635 1357
1636 1359
1637 1354
1638 1355
1639 1354
1640 1356
1641 1355
1642 1355
1643 1353
1644 1354
1645 1354
1646 1353
1647 1355
1648 1357
1649 1355
1650 1355
1651 1354
1652 1357
1653 1354
1654 1356
1655 1354
1656 1355
1657 1351
1658 1355
1659 1356
1660 1357
1661 1357
1662 1356
1663 1357
1664 1355
1665 1356
1666 1356
1667 1354
1668 1354
1669 1355
1670 1356
1671 1358
1672 1355
1673 1356
1674 1353
1675 1357
1676 1357
1677 1355
1678 1357
1679 1353
1680 1353
1681 1353
1682 1354
1683 1356
1684 1357
1685 1355
1686 1354
1687 1354
1688 1356
1689 1356
1690 1357
1691 1355
1692 1358
1693 1356
1694 1357
1695 1354
1696 1356
1697 1358
1698 1359
1699 1354
1700 1356
1701 1357
1702 1358
1703 1355
1704 1356
1705 1356
1706 1355
1707 1355
1708 1357
1709 1354
1710 1357
1711 1357
1712 1359
1713 1359
1714 1356
1715 1359
1716 1357
1717 1357
1718 1359
1719 1357
1720 1355
1721 1355
1722 1356
1723 1355
1724 1356
1725 1354
1726 1355
1727 1357
1728 1356
1729 1355
1730 1356
1731 1357
1732 1355
1733 1353
1734 1356
1735 1358
1736 1357
1737 1357
1738 1354
1739 1355
1740 1354
1741 1356
1742 1357
1743 1351
1744 1358
1745 1350
1746 1356
1747 1355
1748 1354
1749 1352
1750 1354
1751 1356
1752 1354
1753 1353
1754 1356
1755 1356
1756 1356
1757 1356
1758 1358
1759 1357
1760 1358
1761 1354
1762 1355
1763 1354
1764 1354
1765 1354
1766 1355
1767 1353
1768 1353
1769 1354
1770 1355
1771 1356
1772 1356
1773 1355
1774 1356
1775 1356
1776 1354
1777 1353
1778 1357
1779 1357
1780 1356
1781 1356
1782 1358
1783 1354
1784 1354
1785 1354
1786 1355
1787 1357
1788 1353
1789 1354
1790 1356
1791 1355
1792 1356
1793 1355
1794 1354
1795 1355
1796 1356
1797 1355
1798 1354
1799 1354
1800 1355
1801 1356
1802 1356
1803 1357
1804 1356
1805 1357
1806 1354
1807 1355
1808 1353
1809 1354
1810 1356
1811 1357
1812 1357
1813 1355
1814 1358
1815 1355
1816 1358
1817 1357
1818 1357
1819 1356
1820 1355
1821 1357
1822 1355
1823 1355
1824 1356
1825 1353
1826 1355
1827 1356
1828 1357
1829 1353
1830 1357
1831 1354
1832 1356
1833 1356
1834 1356
1835 1356
1836 1356
1837 1354
1838 1354
1839 1353
1840 1353
1841 1354
1842 1358
1843 1353
1844 1354
1845 1355
1846 1355
1847 1356
1848 1358
1849 1356
1850 1358
1851 1356
1852 1357
1853 1356
1854 1356
1855 1354
1856 1355
1857 1352
1858 1356
1859 1353
1860 1355
1861 1355
1862 1355
1863 1356
1864 1355
1865 1354
1866 1359
1867 1355
1868 1357
1869 1358
1870 1358
1871 1356
1872 1355
1873 1354
1874 1354
1875 1354
1876 1357
1877 1357
1878 1358
1879 1353
1880 1357
1881 1358
1882 1357
1883 1357
1884 1353
1885 1355
1886 1355
1887 1354
1888 1356
1889 1352
1890 1355
1891 1355
1892 1357
1893 1357
1894 1357
1895 1360
1896 1356
1897 1356
1898 1360
1899 1358
1900 1356
1901 1352
1902 1356
1903 1358
1904 1356
1905 1357
1906 1356
1907 1357
1908 1355
1909 1354
1910 1355
1911 1355
1912 1354
1913 1357
1914 1353
1915 1355
1916 1356
1917 1355
1918 1355
1919 1356
1920 1356
1921 1357
1922 1354
1923 1354
1924 1355
1925 1356
1926 1356
1927 1356
1928 1356
1929 1356
1930 1356
1931 1357
1932 1358
1933 1356
1934 1355
1935 1358
1936 1356
1937 1354
1938 1356
1939 1355
1940 1354
1941 1353
1942 1358
1943 1358
1944 1359
1945 1355
1946 1356
1947 1357
1948 1355
1949 1357
1950 1356
1951 1357
1952 1356
1953 1354
1954 1352
1955 1355
1956 1354
1957 1356
1958 1355
1959 1357
1960 1359
1961 1357
1962 1356
1963 1355
1964 1357
1965 1357
1966 1357
1967 1357
1968 1357
1969 1354
1970 1355
1971 1355
1972 1356
1973 1357
1974 1356
1975 1357
1976 1355
1977 1357
1978 1354
1979 1351
1980 1355
1981 1356
1982 1355
1983 1355
1984 1356
1985 1356
1986 1358
1987 1354
1988 1356
1989 1356
1990 1356
1991 1357
1992 1356
1993 1356
1994 1356
1995 1354
1996 1357
1997 1355
1998 1356
1999 1354
2000 1356
2001 1357
2002 1358
2003 1356
2004 1356
2005 1358
2006 1357
2007 1358
2008 1355
2009 1354
2010 1355
2011 1356
2012 1356
2013 1352
2014 1354
2015 1353
2016 1354
2017 1354
2018 1356
2019 1358
2020 1357
2021 1357
2022 1358
2023 1355
2024 1356
2025 1356
2026 1356
2027 1356
2028 1356
2029 1357
2030 1358
2031 1356
2032 1356
2033 1356
2034 1356
2035 1356
2036 1356
2037 1357
2038 1354
2039 1356
2040 1356
2041 1354
2042 1355
2043 1356
2044 1356
2045 1356
2046 1354
2047 1354
2048 1357
2049 1355
2050 1354
2051 1357
2052 1355
2053 1356
2054 1356
2055 1356
2056 1355
2057 1359
2058 1358
2059 1353
2060 1354
2061 1357
2062 1358
2063 1356
2064 1354
2065 1356
2066 1359
2067 1357
2068 1356
2069 1353
2070 1355
2071 1357
2072 1355
2073 1353
2074 1356
2075 1355
2076 1353
2077 1356
2078 1356
2079 1357
2080 1355
2081 1356
2082 1358
2083 1359
2084 1358
2085 1352
2086 1354
2087 1356
2088 1357
2089 1358
2090 1357
2091 1354
2092 1358
2093 1356
2094 1354
2095 1356
2096 1356
2097 1357
2098 1358
2099 1353
2100 1356
2101 1354
2102 1357
2103 1357
2104 1355
2105 1354
2106 1357
2107 1357
2108 1358
2109 1354
2110 1356
2111 1353
2112 1358
2113 1355
2114 1356
2115 1357
2116 1353
2117 1352
2118 1355
2119 1358
2120 1357
2121 1357
2122 1356
2123 1359
2124 1356
2125 1356
2126 1355
2127 1354
2128 1355
2129 1355
2130 1356
2131 1355
2132 1356
2133 1355
2134 1356
2135 1355
2136 1356
2137 1357
2138 1357
2139 1355
2140 1355
2141 1354
2142 1356
2143 1357
2144 1354
2145 1354
2146 1355
2147 1357
2148 1357
2149 1357
2150 1356
2151 1355
2152 1356
2153 1356
2154 1354
2155 1355
2156 1358
2157 1358
2158 1355
2159 1357
2160 1357
2161 1358
2162 1356
2163 1356
2164 1356
2165 1352
2166 1354
2167 1354
2168 1355
2169 1357
2170 1354
2171 1355
2172 1353
2173 1357
2174 1356
2175 1357
2176 1357
2177 1355
2178 1355
2179 1355
2180 1358
2181 1356
2182 1355
2183 1355
2184 1354
2185 1356
2186 1356
2187 1355
2188 1358
2189 1354
2190 1353
2191 1357
2192 1353
2193 1352
2194 1353
2195 1356
2196 1353
2197 1354
2198 1356
2199 1354
2200 1357
2201 1354
2202 1356
2203 1355
2204 1356
2205 1357
2206 1359
2207 1354
2208 1358
2209 1357
2210 1354
2211 1356
2212 1356
2213 1356
2214 1355
2215 1358
2216 1354
2217 1355
2218 1355
2219 1355
2220 1356
2221 1355
2222 1355
2223 1356
2224 1354
2225 1353
2226 1356
2227 1356
2228 1352
2229 1354
2230 1356
2231 1354
2232 1355
2233 1353
2234 1355
2235 1353
2236 1356
2237 1359
2238 1358
2239 1354
2240 1357
2241 1356
2242 1358
2243 1356
2244 1352
2245 1354
2246 1356
2247 1354
2248 1355
2249 1356
2250 1357
2251 1354
2252 1357
2253 1354
2254 1356
2255 1355
2256 1354
2257 1352
2258 1355
2259 1356
2260 1353
2261 1351
2262 1355
2263 1358
2264 1355
2265 1353
2266 1354
2267 1356
2268 1354
2269 1355
2270 1354
2271 1356
2272 1359
2273 1354
2274 1355
2275 1355
2276 1356
2277 1357
2278 1356
2279 1355
2280 1356
2281 1357
2282 1356
2283 1352
2284 1354
2285 1355
2286 1357
2287 1357
2288 1356
2289 1355
2290 1355
2291 1354
2292 1356
2293 1356
2294 1354
2295 1355
2296 1355
2297 1354
2298 1355
2299 1355
2300 1355
2301 1354
2302 1355
2303 1354
2304 1356
2305 1355
2306 1357
2307 1355
2308 1356
2309 1352
2310 1356
2311 1354
2312 1355
2313 1356
2314 1355
2315 1354
2316 1356
2317 1352
2318 1354
2319 1353
2320 1356
2321 1355
2322 1355
2323 1353
2324 1356
2325 1356
2326 1358
2327 1354
2328 1356
2329 1355
2330 1355
2331 1356
2332 1355
2333 1354
2334 1355
2335 1355
2336 1356
2337 1356
2338 1354
2339 1356
2340 1355
2341 1357
2342 1355
2343 1354
2344 1357
2345 1357
2346 1359
2347 1357
2348 1357
2349 1356
2350 1357
2351 1355
2352 1355
2353 1357
2354 1356
2355 1356
2356 1356
2357 1355
2358 1355
2359 1353
2360 1356
2361 1354
2362 1356
2363 1356
2364 1358
2365 1354
2366 1355
2367 1355
2368 1355
2369 1355
2370 1356
2371 1353
2372 1357
2373 1355
2374 1358
2375 1355
2376 1355
2377 1354
2378 1352
2379 1354
2380 1355
2381 1354
2382 1354
2383 1357
2384 1355
2385 1354
2386 1356
2387 1356
2388 1356
2389 1356
2390 1357
2391 1357
2392 1357
2393 1357
2394 1355
2395 1354
2396 1355
2397 1355
2398 1353
2399 1356
2400 1357
2401 1357
2402 1355
2403 1353
2404 1355
2405 1357
2406 1357
2407 1357
2408 1356
2409 1356
2410 1354
2411 1355
2412 1358
2413 1356
2414 1355
2415 1356
2416 1355
2417 1354
2418 1356
2419 1357
2420 1353
2421 1355
2422 1357
2423 1357
2424 1357
2425 1356
2426 1354
2427 1356
2428 1356
2429 1354
2430 1354
2431 1359
2432 1356
2433 1357
2434 1356
2435 1355
2436 1355
2437 1356
2438 1357
2439 1353
2440 1355
2441 1357
2442 1358
2443 1353
2444 1355
2445 1354
2446 1356
2447 1354
2448 1353
2449 1352
2450 1356
2451 1358
2452 1354
2453 1353
2454 1356
2455 1357
2456 1358
2457 1355
2458 1356
2459 1357
2460 1357
2461 1355
2462 1357
2463 1355
2464 1358
2465 1354
2466 1356
2467 1356
2468 1357
2469 1357
2470 1357
2471 1358
2472 1356
2473 1354
2474 1358
2475 1356
2476 1354
2477 1354
2478 1355
2479 1356
2480 1355
2481 1353
2482 1357
2483 1357
2484 1356
2485 1351
2486 1354
2487 1354
2488 1357
2489 1355
2490 1356
2491 1355
2492 1359
2493 1357
2494 1358
2495 1357
2496 1356
2497 1352
2498 1356
2499 1357
2500 1358
2501 1355
2502 1355
2503 1353
2504 1355
2505 1355
2506 1357
2507 1354
2508 1357
2509 1357
2510 1357
2511 1358
2512 1360
2513 1357
2514 1356
2515 1356
2516 1355
2517 1355
2518 1355
2519 1353
2520 1355
2521 1357
2522 1359
2523 1356
2524 1356
2525 1354
2526 1353
2527 1355
2528 1356
2529 1358
2530 1358
2531 1356
2532 1354
2533 1355
2534 1351
2535 1355
2536 1355
2537 1354
2538 1355
2539 1356
2540 1356
2541 1357
2542 1358
2543 1354
2544 1353
2545 1358
2546 1358
2547 1355
2548 1359
2549 1355
2550 1356
2551 1358
2552 1355
2553 1356
2554 1356
2555 1352
2556 1353
2557 1353
2558 1354
2559 1355
2560 1356
2561 1353
2562 1355
2563 1350
2564 1356
2565 1357
2566 1359
2567 1355
2568 1356
2569 1355
2570 1357
2571 1357
2572 1355
2573 1354
2574 1355
2575 1355
2576 1356
2577 1356
2578 1355
2579 1357
2580 1355
2581 1354
2582 1356
2583 1356
2584 1359
2585 1356
2586 1355
2587 1356
2588 1356
2589 1356
2590 1355
2591 1355
2592 1356
2593 1356
2594 1355
2595 1356
2596 1359
2597 1357
2598 1355
2599 1356
2600 1355
2601 1357
2602 1354
2603 1355
2604 1355
2605 1355
2606 1357
2607 1356
2608 1358
2609 1356
2610 1357
2611 1357
2612 1355
2613 1357
2614 1354
2615 1354
2616 1355
2617 1355
2618 1355
2619 1355
2620 1356
2621 1356
2622 1356
2623 1354
2624 1354
2625 1354
2626 1355
2627 1357
2628 1354
2629 1353
2630 1356
2631 1356
2632 1355
2633 1359
2634 1357
2635 1357
2636 1358
2637 1356
2638 1355
2639 1355
2640 1355
2641 1355
2642 1356
2643 1356
2644 1356
2645 1357
2646 1355
2647 1357
2648 1354
2649 1353
2650 1354
2651 1355
2652 1355
2653 1355
2654 1355
2655 1353
2656 1352
2657 1352
2658 1356
2659 1357
2660 1355
2661 1353
2662 1351
2663 1353
2664 1357
2665 1357
2666 1358
2667 1356
2668 1357
2669 1355
2670 1357
2671 1353
2672 1357
2673 1357
2674 1356
2675 1353
2676 1355
2677 1356
2678 1356
2679 1356
2680 1354
2681 1354
2682 1357
2683 1356
2684 1354
2685 1358
2686 1356
2687 1354
2688 1355
2689 1353
2690 1353
2691 1354
2692 1355
2693 1357
2694 1354
2695 1356
2696 1356
2697 1356
2698 1358
2699 1356
2700 1356
2701 1355
2702 1356
2703 1354
2704 1354
2705 1357
2706 1354
2707 1354
2708 1359
2709 1354
2710 1358
2711 1357
2712 1356
2713 1351
2714 1352
2715 1354
2716 1353
2717 1357
2718 1355
2719 1356
2720 1356
2721 1358
2722 1360
2723 1358
2724 1356
2725 1355
2726 1357
2727 1355
2728 1356
2729 1353
2730 1357
2731 1356
2732 1357
2733 1357
2734 1357
2735 1358
2736 1355
2737 1355
2738 1359
2739 1353
2740 1354
2741 1356
2742 1357
2743 1358
2744 1356
2745 1356
2746 1357
2747 1356
2748 1354
2749 1354
2750 1355
2751 1354
2752 1353
2753 1357
2754 1352
2755 1353
2756 1356
2757 1357
2758 1356
2759 1356
2760 1353
2761 1357
2762 1353
2763 1354
2764 1354
2765 1356
2766 1355
2767 1356
2768 1354
2769 1355
2770 1358
2771 1355
2772 1353
2773 1355
2774 1354
2775 1355
2776 1356
2777 1354
2778 1356
2779 1352
2780 1354
2781 1358
2782 1354
2783 1355
2784 1352
2785 1354
2786 1353
2787 1358
2788 1356
2789 1356
2790 1356
2791 1357
2792 1356
2793 1357
2794 1354
2795 1357
2796 1354
2797 1355
2798 1352
2799 1356
2800 1356
2801 1357
2802 1354
2803 1357
2804 1357
2805 1353
2806 1354
2807 1353
2808 1353
2809 1355
2810 1356
2811 1355
2812 1354
2813 1356
2814 1356
2815 1357
2816 1353
2817 1354
2818 1356
2819 1357
2820 1356
2821 1356
2822 1354
2823 1353
2824 1354
2825 1357
2826 1355
2827 1358
2828 1355
2829 1353
2830 1355
2831 1357
2832 1357
2833 1356
2834 1355
2835 1354
2836 1355
2837 1354
2838 1357
2839 1356
2840 1353
2841 1356
2842 1355
2843 1355
2844 1355
2845 1356
2846 1356
2847 1356
2848 1355
2849 1354
2850 1357
2851 1357
2852 1356
2853 1357
2854 1356
2855 1357
2856 1356
2857 1356
2858 1355
2859 1355
2860 1356
2861 1357
2862 1356
2863 1356
2864 1354
2865 1355
2866 1355
2867 1359
2868 1356
2869 1354
2870 1353
2871 1355
2872 1356
2873 1356
2874 1355
2875 1357
2876 1356
2877 1357
2878 1356
2879 1357
2880 1356
2881 1356
2882 1357
2883 1355
2884 1355
2885 1355
2886 1356
2887 1357
2888 1356
2889 1355
2890 1356
2891 1355
2892 1356
2893 1355
2894 1355
2895 1353
2896 1355
2897 1356
2898 1356
2899 1358
2900 1356
2901 1359
2902 1356
2903 1356
2904 1354
2905 1357
2906 1353
2907 1357
2908 1356
2909 1356
2910 1357
2911 1356
2912 1357
2913 1359
2914 1355
2915 1356
2916 1355
2917 1354
2918 1356
2919 1356
2920 1358
2921 1355
2922 1357
2923 1355
2924 1354
2925 1356
2926 1356
2927 1357
2928 1354
2929 1356
2930 1355
2931 1355
2932 1355
2933 1356
2934 1355
2935 1356
2936 1357
2937 1356
2938 1358
2939 1356
2940 1357
2941 1357
2942 1355
2943 1359
2944 1356
2945 1355
2946 1358
2947 1355
2948 1356
2949 1357
2950 1356
2951 1354
2952 1354
2953 1358
2954 1355
2955 1355
2956 1356
2957 1357
2958 1356
2959 1353
2960 1353
2961 1356
2962 1357
2963 1355
2964 1355
2965 1355
2966 1356
2967 1357
2968 1355
2969 1355
2970 1355
2971 1357
2972 1357
2973 1356
2974 1357
2975 1354
2976 1355
2977 1352
2978 1356
2979 1356
2980 1356
2981 1356
2982 1356
2983 1357
2984 1356
2985 1354
2986 1357
2987 1355
2988 1354
2989 1356
2990 1355
2991 1351
2992 1354
2993 1356
2994 1355
2995 1357
2996 1357
2997 1355
2998 1357
2999 1355
3000 1356
3001 1358
3002 1358
3003 1354
3004 1357
3005 1356
3006 1355
3007 1356
3008 1355
3009 1356
3010 1355
3011 1354
3012 1356
3013 1357
3014 1356
3015 1355
3016 1357
3017 1357
3018 1356
3019 1355
3020 1356
3021 1354
3022 1356
3023 1356
3024 1356
3025 1354
3026 1354
3027 1355
3028 1357
3029 1358
3030 1357
3031 1355
3032 1357
3033 1355
3034 1357
3035 1357
3036 1357
3037 1355
3038 1355
3039 1356
3040 1355
3041 1355
3042 1358
3043 1356
3044 1354
3045 1356
3046 1356
3047 1357
3048 1354
3049 1356
3050 1354
3051 1354
3052 1353
3053 1355
3054 1354
3055 1357
3056 1355
3057 1354
3058 1355
3059 1357
3060 1355
3061 1356
3062 1356
3063 1357
3064 1356
3065 1353
3066 1356
3067 1357
3068 1357
3069 1358
3070 1357
3071 1357
3072 1357
3073 1356
3074 1357
3075 1354
3076 1356
3077 1355
3078 1357
3079 1353
3080 1356
3081 1357
3082 1354
3083 1356
3084 1355
3085 1353
3086 1354
3087 1353
3088 1356
3089 1352
3090 1357
3091 1355
3092 1358
3093 1357
3094 1356
3095 1357
3096 1357
3097 1356
3098 1356
3099 1356
3100 1356
3101 1355
3102 1358
3103 1357
3104 1356
3105 1357
3106 1357
3107 1358
3108 1357
3109 1358
3110 1357
3111 1354
3112 1355
3113 1355
3114 1355
3115 1359
3116 1358
3117 1357
3118 1358
3119 1355
3120 1356
3121 1358
3122 1357
3123 1357
3124 1359
3125 1355
3126 1356
3127 1358
3128 1357
3129 1354
3130 1355
3131 1357
3132 1357
3133 1357
3134 1356
3135 1356
3136 1354
3137 1355
3138 1355
3139 1354
3140 1358
3141 1354
3142 1357
3143 1356
3144 1355
3145 1355
3146 1354
3147 1356
3148 1357
3149 1355
3150 1356
3151 1356
3152 1356
3153 1355
3154 1357
3155 1355
3156 1360
3157 1356
3158 1356
3159 1354
3160 1355
3161 1355
3162 1357
3163 1356
3164 1356
3165 1356
3166 1357
3167 1357
3168 1356
3169 1357
3170 1357
3171 1355
3172 1358
3173 1357
3174 1358
3175 1357
3176 1355
3177 1353
3178 1353
3179 1357
3180 1357
3181 1356
3182 1354
3183 1355
3184 1356
3185 1356
3186 1355
3187 1356
3188 1356
3189 1358
3190 1357
3191 1358
3192 1358
3193 1357
3194 1358
3195 1357
3196 1357
3197 1356
3198 1357
3199 1357
3200 1356
3201 1359
3202 1357
3203 1357
3204 1356
3205 1357
3206 1356
3207 1357
3208 1352
3209 1356
3210 1356
3211 1355
3212 1356
3213 1357
3214 1356
3215 1355
3216 1356
3217 1356
3218 1355
3219 1354
3220 1354
3221 1354
3222 1356
3223 1353
3224 1352
3225 1356
3226 1358
3227 1356
3228 1355
3229 1358
3230 1356
3231 1356
3232 1356
3233 1356
3234 1358
3235 1355
3236 1357
3237 1356
3238 1358
3239 1357
3240 1359
3241 1358
3242 1356
3243 1355
3244 1353
3245 1356
3246 1356
3247 1355
3248 1355
3249 1357
3250 1357
3251 1357
3252 1354
3253 1354
3254 1356
3255 1358
3256 1356
3257 1354
3258 1358
3259 1359
3260 1354
3261 1355
3262 1354
3263 1355
3264 1355
3265 1353
3266 1354
3267 1356
3268 1357
3269 1355
3270 1352
3271 1357
3272 1355
3273 1356
3274 1356
3275 1353
3276 1356
3277 1356
3278 1354
3279 1355
3280 1355
3281 1357
3282 1356
3283 1355
3284 1354
3285 1354
3286 1355
3287 1353
3288 1357
3289 1358
3290 1357
3291 1355
3292 1354
3293 1353
3294 1355
3295 1355
3296 1354
3297 1357
3298 1356
3299 1354
3300 1356
3301 1356
3302 1357
3303 1356
3304 1355
3305 1355
3306 1355
3307 1356
3308 1356
3309 1357
3310 1355
3311 1354
3312 1355
3313 1356
3314 1356
3315 1358
3316 1354
3317 1356
3318 1354
3319 1355
3320 1355
3321 1356
3322 1357
3323 1357
3324 1355
3325 1355
3326 1356
3327 1355
3328 1354
3329 1355
3330 1354
3331 1355
3332 1356
3333 1357
3334 1357
3335 1356
3336 1357
3337 1358
3338 1357
3339 1356
3340 1356
3341 1357
3342 1355
3343 1357
3344 1358
3345 1356
3346 1357
3347 1355
3348 1357
3349 1354
3350 1357
3351 1355
3352 1357
3353 1353
3354 1354
3355 1354
3356 1356
3357 1354
3358 1357
3359 1355
3360 1355
3361 1357
3362 1355
3363 1355
3364 1355
3365 1355
3366 1357
3367 1356
3368 1357
3369 1357
3370 1356
3371 1358
3372 1358
3373 1358
3374 1357
3375 1355
3376 1358
3377 1355
3378 1356
3379 1354
3380 1356
3381 1357
3382 1356
3383 1356
3384 1355
3385 1356
3386 1354
3387 1355
3388 1353
3389 1353
3390 1353
3391 1355
3392 1355
3393 1355
3394 1358
3395 1357
3396 1356
3397 1357
3398 1354
3399 1354
3400 1356
3401 1356
3402 1355
3403 1356
3404 1357
3405 1357
3406 1356
3407 1355
3408 1354
3409 1357
3410 1356
3411 1354
3412 1358
3413 1357
3414 1354
3415 1356
3416 1356
3417 1354
3418 1355
3419 1357
3420 1355
3421 1355
3422 1355
3423 1357
3424 1356
3425 1357
3426 1353
3427 1354
3428 1355
3429 1356
3430 1357
3431 1356
3432 1356
3433 1354
3434 1357
3435 1356
3436 1354
3437 1357
3438 1354
3439 1356
3440 1354
3441 1353
3442 1354
3443 1356
3444 1354
3445 1354
3446 1356
3447 1355
3448 1361
3449 1354
3450 1357
3451 1357
3452 1357
3453 1355
3454 1357
3455 1357
3456 1356
3457 1357
3458 1356
3459 1353
3460 1356
3461 1355
3462 1357
3463 1357
3464 1358
3465 1356
3466 1357
3467 1356
3468 1357
3469 1356
3470 1358
3471 1357
3472 1356
3473 1353
3474 1356
3475 1354
3476 1358
3477 1355
3478 1356
3479 1356
3480 1356
3481 1355
3482 1355
3483 1353
3484 1354
3485 1357
3486 1358
3487 1355
3488 1355
3489 1354
3490 1358
3491 1358
3492 1356
3493 1355
3494 1357
3495 1355
3496 1357
3497 1357
3498 1356
3499 1355
3500 1359
3501 1355
3502 1356
3503 1356
3504 1355
3505 1353
3506 1355
3507 1355
3508 1353
3509 1356
3510 1353
3511 1355
3512 1355
3513 1355
3514 1354
3515 1353
3516 1355
3517 1355
3518 1353
3519 1358
3520 1356
3521 1357
3522 1356
3523 1357
3524 1356
3525 1354
3526 1355
3527 1357
3528 1358
3529 1357
3530 1355
3531 1357
3532 1356
3533 1357
3534 1355
3535 1354
3536 1356
3537 1355
3538 1355
3539 1355
3540 1353
3541 1355
3542 1356
3543 1354
3544 1357
3545 1359
3546 1353
3547 1353
3548 1353
3549 1352
3550 1355
3551 1357
3552 1356
3553 1356
3554 1353
3555 1354
3556 1356
3557 1356
3558 1355
3559 1355
3560 1354
3561 1357
3562 1356
3563 1357
3564 1355
3565 1356
3566 1353
3567 1356
3568 1356
3569 1354
3570 1355
3571 1355
3572 1356
3573 1356
3574 1355
3575 1355
3576 1357
3577 1357
3578 1356
3579 1356
3580 1358
3581 1356
3582 1353
3583 1357
3584 1358
3585 1357
3586 1356
3587 1357
3588 1356
3589 1357
3590 1356
3591 1356
3592 1356
3593 1357
3594 1353
3595 1358
3596 1358
3597 1353
3598 1350
3599 1355
3600 1355
3601 1354
3602 1355
3603 1353
3604 1354
3605 1354
3606 1355
3607 1357
3608 1357
3609 1357
3610 1354
3611 1354
3612 1356
3613 1357
3614 1356
3615 1352
3616 1355
3617 1357
3618 1354
3619 1355
3620 1358
3621 1357
3622 1356
3623 1358
3624 1357
3625 1355
3626 1354
3627 1354
3628 1357
3629 1356
3630 1355
3631 1357
3632 1356
3633 1357
3634 1354
3635 1354
3636 1356
3637 1354
3638 1356
3639 1355
3640 1356
3641 1357
3642 1354
3643 1357
3644 1356
3645 1358
3646 1356
3647 1356
3648 1357
3649 1357
3650 1358
3651 1357
3652 1356
3653 1356
3654 1357
3655 1356
3656 1355
3657 1357
3658 1356
3659 1355
3660 1355
3661 1355
3662 1357
3663 1357
3664 1356
3665 1356
3666 1357
3667 1355
3668 1355
3669 1356
3670 1355
3671 1356
3672 1355
3673 1357
3674 1357
3675 1352
3676 1356
3677 1357
3678 1357
3679 1357
3680 1356
3681 1356
3682 1358
3683 1354
3684 1357
3685 1357
3686 1356
3687 1354
3688 1355
3689 1354
3690 1357
3691 1354
3692 1355
3693 1353
3694 1354
3695 1354
3696 1355
3697 1354
3698 1356
3699 1357
3700 1354
3701 1355
3702 1357
3703 1355
3704 1358
3705 1355
3706 1356
3707 1355
3708 1356
3709 1355
3710 1357
3711 1357
3712 1357
3713 1356
3714 1356
3715 1355
3716 1356
3717 1359
3718 1357
3719 1355
3720 1357
3721 1356
3722 1357
3723 1354
3724 1354
3725 1356
3726 1356
3727 1355
3728 1356
3729 1354
3730 1357
3731 1356
3732 1353
3733 1354
3734 1356
3735 1353
3736 1357
3737 1351
3738 1356
3739 1357
3740 1358
3741 1355
3742 1356
3743 1354
3744 1355
3745 1354
3746 1356
3747 1355
3748 1358
3749 1352
3750 1356
3751 1355
3752 1357
3753 1354
3754 1356
3755 1354
3756 1356
3757 1356
3758 1356
3759 1353
3760 1353
3761 1355
3762 1358
3763 1355
3764 1355
3765 1356
3766 1358
3767 1354
3768 1354
3769 1353
3770 1356
3771 1351
3772 1355
3773 1354
3774 1357
3775 1357
3776 1356
3777 1353
3778 1356
3779 1356
3780 1356
3781 1356
3782 1356
3783 1353
3784 1356
3785 1356
3786 1355
3787 1351
3788 1355
3789 1351
3790 1357
3791 1357
3792 1358
3793 1355
3794 1356
3795 1357
3796 1357
3797 1351
3798 1358
3799 1357
3800 1359
3801 1357
3802 1356
3803 1353
3804 1354
3805 1353
3806 1357
3807 1357
3808 1356
3809 1353
3810 1358
3811 1355
3812 1356
3813 1356
3814 1356
3815 1355
3816 1355
3817 1354
3818 1354
3819 1354
3820 1356
3821 1356
3822 1356
3823 1354
3824 1356
3825 1357
3826 1356
3827 1353
3828 1354
3829 1354
3830 1356
3831 1354
3832 1356
3833 1355
3834 1354
3835 1354
3836 1354
3837 1357
3838 1356
3839 1354
3840 1356
3841 1353
3842 1356
3843 1357
3844 1358
3845 1356
3846 1355
3847 1354
3848 1355
3849 1355
3850 1355
3851 1351
3852 1356
3853 1356
3854 1356
3855 1353
3856 1354
3857 1353
3858 1356
3859 1357
3860 1357
3861 1356
3862 1357
3863 1355
3864 1356
3865 1354
3866 1356
3867 1357
3868 1357
3869 1354
3870 1353
3871 1356
3872 1357
3873 1356
3874 1355
3875 1357
3876 1356
3877 1355
3878 1353
3879 1353
3880 1358
3881 1354
3882 1355
3883 1353
3884 1359
3885 1357
3886 1357
3887 1357
3888 1358
3889 1357
3890 1357
3891 1355
3892 1356
3893 1356
3894 1355
3895 1356
3896 1358
3897 1354
3898 1355
3899 1353
3900 1354
3901 1353
3902 1355
3903 1355
3904 1357
3905 1355
3906 1354
3907 1355
3908 1355
3909 1356
3910 1356
3911 1356
3912 1355
3913 1356
3914 1356
3915 1354
3916 1360
3917 1357
3918 1358
3919 1354
3920 1358
3921 1354
3922 1357
3923 1357
3924 1356
3925 1355
3926 1355
3927 1356
3928 1358
3929 1356
3930 1355
3931 1354
3932 1356
3933 1355
3934 1355
3935 1357
3936 1356
3937 1356
3938 1355
3939 1353
3940 1356
3941 1353
3942 1355
3943 1353
3944 1356
3945 1356
3946 1356
3947 1355
3948 1355
3949 1356
3950 1355
3951 1356
3952 1354
3953 1355
3954 1356
3955 1356
3956 1357
3957 1356
3958 1357
3959 1357
3960 1357
3961 1357
3962 1355
3963 1353
3964 1353
3965 1355
3966 1353
3967 1353
3968 1358
3969 1358
3970 1358
3971 1356
3972 1357
3973 1355
3974 1356
3975 1357
3976 1354
3977 1355
3978 1356
3979 1354
3980 1354
3981 1355
3982 1355
3983 1356
3984 1357
3985 1356
3986 1357
3987 1356
3988 1355
3989 1355
3990 1355
3991 1356
3992 1355
3993 1356
3994 1353
3995 1354
3996 1353
3997 1357
3998 1354
3999 1355
