0 1357
1 1356
2 1354
3 1355
4 1354
5 1354
6 1357
7 1356
8 1355
9 1355
10 1353
11 1355
12 1355
13 1357
14 1357
15 1357
16 1355
17 1360
18 1357
19 1358
20 1356
21 1353
22 1355
23 1354
24 1353
25 1357
26 1355
27 1356
28 1355
29 1355
30 1359
31 1356
32 1357
33 1360
34 1356
35 1355
36 1355
37 1356
38 1355
39 1356
40 1356
41 1357
42 1357
43 1357
44 1355
45 1357
46 1356
47 1354
48 1353
49 1357
50 1357
51 1356
52 1357
53 1355
54 1356
55 1356
56 1357
57 1355
58 1351
59 1356
60 1356
61 1356
62 1356
63 1355
64 1353
65 1356
66 1357
67 1355
68 1356
69 1354
70 1355
71 1354
72 1355
73 1354
74 1353
75 1357
76 1357
77 1356
78 1356
79 1355
80 1358
81 1357
82 1355
83 1355
84 1356
85 1356
86 1351
87 1354
88 1355
89 1355
90 1359
91 1358
92 1355
93 1356
94 1353
95 1353
96 1356
97 1354
98 1357
99 1356
100 1356
101 1355
102 1354
103 1355
104 1358
105 1355
106 1353
107 1354
108 1357
109 1355
110 1359
111 1358
112 1356
113 1355
114 1355
115 1354
116 1356
117 1356
118 1357
119 1355
120 1355
121 1356
122 1356
123 1353
124 1357
125 1354
126 1358
127 1356
128 1355
129 1354
130 1354
131 1356
132 1355
133 1354
134 1356
135 1354
136 1356
137 1354
138 1353
139 1357
140 1358
141 1354
142 1356
143 1358
144 1357
145 1356
146 1355
147 1353
148 1354
149 1355
150 1356
151 1355
152 1354
153 1356
154 1352
155 1352
156 1353
157 1353
158 1353
159 1353
160 1355
161 1354
162 1355
163 1353
164 1355
165 1353
166 1355
167 1353
168 1355
169 1356
170 1353
171 1355
172 1355
173 1355
174 1353
175 1354
176 1354
177 1354
178 1357
179 1356
180 1356
181 1358
182 1357
183 1356
184 1351
185 1355
186 1356
187 1356
188 1351
189 1357
190 1358
191 1357
192 1356
193 1356
194 1354
195 1357
196 1352
197 1355
198 1357
199 1355
200 1355
201 1354
202 1352
203 1355
204 1354
205 1356
206 1357
207 1357
208 1356
209 1357
210 1357
211 1358
212 1358
213 1355
214 1356
215 1355
216 1354
217 1352
218 1354
219 1357
220 1356
221 1356
222 1354
223 1355
224 1355
225 1353
226 1355
227 1354
228 1356
229 1353
230 1355
231 1355
232 1357
233 1356
234 1355
235 1357
236 1357
237 1357
238 1356
239 1356
240 1356
241 1357
242 1355
243 1354
244 1355
245 1357
246 1355
247 1356
248 1355
249 1358
250 1359
251 1357
252 1355
253 1355
254 1354
255 1355
256 1356
257 1353
258 1356
259 1354
260 1354
261 1354
262 1356
263 1356
264 1355
265 1354
266 1355
267 1355
268 1357
269 1357
270 1357
271 1353
272 1352
273 1354
274 1356
275 1358
276 1356
277 1354
278 1353
279 1356
280 1358
281 1353
282 1354
283 1352
284 1353
285 1355
286 1358
287 1355
288 1355
289 1355
290 1354
291 1354
292 1354
293 1357
294 1353
295 1354
296 1355
297 1355
298 1355
299 1354
300 1356
301 1356
302 1356
303 1355
304 1356
305 1355
306 1354
307 1356
308 1355
309 1356
310 1356
311 1356
312 1358
313 1357
314 1354
315 1356
316 1355
317 1355
318 1356
319 1355
320 1356
321 1355
322 1356
323 1355
324 1354
325 1355
326 1355
327 1354
328 1355
329 1356
330 1355
331 1356
332 1356
333 1356
334 1356
335 1354
336 1352
337 1355
338 1353
339 1354
340 1355
341 1356
342 1353
343 1354
344 1353
345 1355
346 1354
347 1352
348 1354
349 1354
350 1357
351 1354
352 1354
353 1355
354 1354
355 1356
356 1357
357 1356
358 1357
359 1356
360 1355
361 1356
362 1356
363 1354
364 1355
365 1355
366 1355
367 1354
368 1354
369 1353
370 1352
371 1354
372 1351
373 1355
374 1355
375 1356
376 1354
377 1350
378 1351
379 1354
380 1359
381 1353
382 1356
383 1355
384 1354
385 1352
386 1357
387 1355
388 1357
389 1353
390 1357
391 1358
392 1357
393 1356
394 1355
395 1356
396 1355
397 1356
398 1353
399 1354
400 1357
401 1357
402 1352
403 1355
404 1351
405 1355
406 1357
407 1355
408 1352
409 1353
410 1357
411 1354
412 1353
413 1354
414 1355
415 1354
416 1352
417 1356
418 1355
419 1353
420 1356
421 1352
422 1355
423 1358
424 1356
425 1356
426 1357
427 1356
428 1357
429 1355
430 1355
431 1358
432 1354
433 1356
434 1355
435 1356
436 1357
437 1357
438 1358
439 1355
440 1357
441 1357
442 1355
443 1355
444 1352
445 1354
446 1357
447 1354
448 1356
449 1354
450 1355
451 1356
452 1356
453 1357
454 1356
455 1356
456 1354
457 1356
458 1358
459 1357
460 1357
461 1354
462 1356
463 1357
464 1354
465 1356
466 1355
467 1354
468 1352
469 1353
470 1360
471 1354
472 1356
473 1357
474 1355
475 1354
476 1357
477 1357
478 1358
479 1354
480 1355
481 1353
482 1354
483 1357
484 1356
485 1356
486 1357
487 1355
488 1357
489 1356
490 1354
491 1356
492 1355
493 1355
494 1355
495 1353
496 1356
497 1356
498 1357
499 1355
500 1356
501 1356
502 1356
503 1355
504 1353
505 1354
506 1355
507 1355
508 1356
509 1353
510 1356
511 1358
512 1357
513 1358
514 1358
515 1361
516 1364
517 1363
518 1374
519 1375
520 1383
521 1388
522 1398
523 1404
524 1416
525 1422
526 1433
527 1439
528 1446
529 1457
530 1459
531 1466
532 1467
533 1468
534 1472
535 1473
536 1471
537 1472
538 1470
539 1475
540 1475
541 1474
542 1469
543 1465
544 1459
545 1459
546 1451
547 1449
548 1445
549 1444
550 1440
551 1438
552 1432
553 1426
554 1421
555 1419
556 1416
557 1411
558 1409
559 1405
560 1401
561 1398
562 1398
563 1394
564 1391
565 1388
566 1386
567 1383
568 1382
569 1383
570 1382
571 1380
572 1379
573 1377
574 1373
575 1372
576 1372
577 1370
578 1368
579 1367
580 1366
581 1363
582 1363
583 1367
584 1365
585 1364
586 1363
587 1361
588 1363
589 1363
590 1361
591 1361
592 1358
593 1359
594 1360
595 1362
596 1358
597 1356
598 1359
599 1361
600 1363
601 1359
602 1356
603 1357
604 1356
605 1357
606 1359
607 1356
608 1357
609 1357
610 1357
611 1358
612 1356
613 1356
614 1357
615 1357
616 1356
617 1356
618 1355
619 1356
620 1355
621 1358
622 1356
623 1357
624 1352
625 1359
626 1356
627 1358
628 1354
629 1358
630 1359
631 1358
632 1355
633 1358
634 1357
635 1358
636 1355
637 1356
638 1356
639 1358
640 1354
641 1356
642 1354
643 1357
644 1355
645 1355
646 1355
647 1355
648 1356
649 1356
650 1353
651 1353
652 1353
653 1356
654 1354
655 1357
656 1356
657 1354
658 1356
659 1356
660 1357
661 1357
662 1353
663 1354
664 1356
665 1357
666 1357
667 1354
668 1357
669 1356
670 1355
671 1355
672 1356
673 1356
674 1355
675 1358
676 1358
677 1355
678 1356
679 1356
680 1354
681 1355
682 1356
683 1356
684 1352
685 1357
686 1354
687 1356
688 1355
689 1355
690 1357
691 1355
692 1357
693 1356
694 1353
695 1356
696 1357
697 1356
698 1355
699 1360
700 1356
701 1356
702 1356
703 1357
704 1357
705 1358
706 1357
707 1356
708 1357
709 1356
710 1354
711 1354
712 1356
713 1353
714 1356
715 1356
716 1356
717 1356
718 1355
719 1355
720 1355
721 1355
722 1355
723 1355
724 1356
725 1353
726 1354
727 1352
728 1359
729 1358
730 1358
731 1356
732 1357
733 1355
734 1356
735 1355
736 1357
737 1355
738 1357
739 1355
740 1354
741 1356
742 1357
743 1358
744 1355
745 1357
746 1357
747 1356
748 1356
749 1355
750 1356
751 1355
752 1354
753 1355
754 1354
755 1355
756 1356
757 1356
758 1356
759 1358
760 1359
761 1354
762 1357
763 1356
764 1356
765 1358
766 1357
767 1357
768 1356
769 1355
770 1354
771 1355
772 1355
773 1356
774 1355
775 1354
776 1356
777 1355
778 1356
779 1353
780 1355
781 1354
782 1356
783 1356
784 1357
785 1354
786 1356
787 1357
788 1354
789 1357
790 1355
791 1356
792 1354
793 1357
794 1355
795 1356
796 1356
797 1355
798 1355
799 1354
800 1356
801 1355
802 1353
803 1355
804 1357
805 1353
806 1355
807 1355
808 1358
809 1354
810 1356
811 1355
812 1354
813 1356
814 1355
815 1353
816 1355
817 1354
818 1354
819 1357
820 1357
821 1355
822 1355
823 1353
824 1357
825 1357
826 1357
827 1354
828 1356
829 1354
830 1356
831 1352
832 1355
833 1353
834 1356
835 1356
836 1356
837 1355
838 1356
839 1355
840 1356
841 1354
842 1356
843 1354
844 1354
845 1354
846 1354
847 1352
848 1357
849 1356
850 1358
851 1357
852 1355
853 1355
854 1357
855 1355
856 1355
857 1355
858 1356
859 1356
860 1357
861 1355
862 1355
863 1355
864 1357
865 1356
866 1357
867 1355
868 1355
869 1357
870 1354
871 1355
872 1355
873 1355
874 1356
875 1355
876 1355
877 1355
878 1355
879 1355
880 1354
881 1354
882 1356
883 1356
884 1355
885 1354
886 1355
887 1355
888 1354
889 1355
890 1354
891 1357
892 1355
893 1354
894 1353
895 1356
896 1357
897 1357
898 1354
899 1356
900 1358
901 1357
902 1357
903 1354
904 1353
905 1355
906 1355
907 1359
908 1357
909 1355
910 1355
911 1356
912 1355
913 1358
914 1356
915 1355
916 1356
917 1357
918 1354
919 1356
920 1356
921 1356
922 1356
923 1356
924 1358
925 1356
926 1357
927 1354
928 1354
929 1355
930 1355
931 1355
932 1356
933 1358
934 1357
935 1356
936 1356
937 1354
938 1357
939 1353
940 1357
941 1357
942 1356
943 1355
944 1356
945 1354
946 1356
947 1357
948 1355
949 1359
950 1359
951 1355
952 1355
953 1354
954 1354
955 1353
956 1354
957 1354
958 1352
959 1353
960 1356
961 1356
962 1355
963 1355
964 1357
965 1356
966 1357
967 1357
968 1356
969 1355
970 1356
971 1356
972 1356
973 1356
974 1360
975 1356
976 1355
977 1354
978 1353
979 1356
980 1357
981 1356
982 1358
983 1355
984 1357
985 1355
986 1353
987 1356
988 1354
989 1354
990 1358
991 1356
992 1352
993 1355
994 1356
995 1356
996 1357
997 1357
998 1357
999 1355
1000 1357
1001 1357
1002 1354
1003 1354
1004 1354
1005 1355
1006 1356
1007 1354
1008 1354
1009 1358
1010 1357
1011 1355
1012 1355
1013 1357
1014 1355
1015 1356
1016 1355
1017 1356
1018 1358
1019 1357
1020 1356
1021 1354
1022 1354
1023 1355
1024 1355
1025 1355
1026 1357
1027 1357
1028 1355
1029 1356
1030 1356
1031 1355
1032 1357
1033 1354
1034 1355
1035 1357
1036 1357
1037 1355
1038 1353
1039 1355
1040 1359
1041 1354
1042 1357
1043 1357
1044 1357
1045 1355
1046 1355
1047 1355
1048 1356
1049 1352
1050 1356
1051 1358
1052 1354
1053 1354
1054 1356
1055 1356
1056 1359
1057 1356
1058 1355
1059 1355
1060 1356
1061 1355
1062 1356
1063 1356
1064 1357
1065 1357
1066 1357
1067 1357
1068 1354
1069 1356
1070 1354
1071 1355
1072 1355
1073 1355
1074 1356
1075 1356
1076 1357
1077 1357
1078 1357
1079 1356
1080 1356
1081 1356
1082 1357
1083 1357
1084 1357
1085 1356
1086 1354
1087 1354
1088 1354
1089 1357
1090 1359
1091 1358
1092 1356
1093 1356
1094 1357
1095 1358
1096 1357
1097 1358
1098 1354
1099 1356
1100 1356
1101 1356
1102 1357
1103 1356
1104 1355
1105 1356
1106 1355
1107 1356
1108 1357
1109 1358
1110 1355
1111 1356
1112 1352
1113 1355
1114 1357
1115 1357
1116 1354
1117 1354
1118 1356
1119 1356
1120 1353
1121 1357
1122 1355
1123 1356
1124 1356
1125 1356
1126 1355
1127 1359
1128 1357
1129 1356
1130 1356
1131 1357
1132 1355
1133 1354
1134 1353
1135 1356
1136 1354
1137 1355
1138 1356
1139 1357
1140 1357
1141 1356
1142 1355
1143 1356
1144 1354
1145 1355
1146 1351
1147 1354
1148 1350
1149 1355
1150 1356
1151 1356
1152 1354
1153 1358
1154 1354
1155 1357
1156 1354
1157 1354
1158 1351
1159 1356
1160 1357
1161 1357
1162 1357
1163 1356
1164 1354
1165 1355
1166 1354
1167 1356
1168 1355
1169 1357
1170 1357
1171 1358
1172 1354
1173 1356
1174 1356
1175 1355
1176 1353
1177 1355
1178 1356
1179 1356
1180 1353
1181 1356
1182 1355
1183 1357
1184 1353
1185 1357
1186 1354
1187 1355
1188 1356
1189 1355
1190 1354
1191 1355
1192 1356
1193 1356
1194 1354
1195 1356
1196 1353
1197 1355
1198 1351
1199 1357
1200 1355
1201 1358
1202 1352
1203 1355
1204 1353
1205 1357
1206 1355
1207 1355
1208 1356
1209 1355
1210 1353
1211 1354
1212 1357
1213 1356
1214 1352
1215 1353
1216 1354
1217 1357
1218 1356
1219 1356
1220 1353
1221 1353
1222 1355
1223 1355
1224 1353
1225 1352
1226 1356
1227 1356
1228 1355
1229 1354
1230 1351
1231 1354
1232 1352
1233 1356
1234 1355
1235 1354
1236 1357
1237 1355
1238 1357
1239 1355
1240 1354
1241 1355
1242 1354
1243 1353
1244 1353
1245 1356
1246 1353
1247 1355
1248 1355
1249 1355
1250 1354
1251 1355
1252 1352
1253 1357
1254 1355
1255 1354
1256 1353
1257 1353
1258 1353
1259 1355
1260 1352
1261 1353
1262 1354
1263 1355
1264 1353
1265 1354
1266 1355
1267 1355
1268 1352
1269 1355
1270 1356
1271 1357
1272 1353
1273 1354
1274 1351
1275 1354
1276 1356
1277 1357
1278 1353
1279 1358
1280 1356
1281 1355
1282 1354
1283 1354
1284 1353
1285 1356
1286 1357
1287 1355
1288 1353
1289 1356
1290 1355
1291 1354
1292 1354
1293 1354
1294 1357
1295 1354
1296 1355
1297 1355
1298 1353
1299 1356
1300 1355
1301 1357
1302 1354
1303 1356
1304 1353
1305 1354
1306 1354
1307 1356
1308 1355
1309 1353
1310 1353
1311 1355
1312 1354
1313 1356
1314 1355
1315 1355
1316 1356
1317 1355
1318 1354
1319 1355
1320 1354
1321 1356
1322 1354
1323 1354
1324 1354
1325 1352
1326 1355
1327 1356
1328 1353
1329 1359
1330 1356
1331 1356
1332 1354
1333 1359
1334 1355
1335 1356
1336 1355
1337 1357
1338 1356
1339 1357
1340 1353
1341 1357
1342 1355
1343 1356
1344 1356
1345 1355
1346 1356
1347 1357
1348 1355
1349 1357
1350 1356
1351 1356
1352 1357
1353 1356
1354 1357
1355 1352
1356 1353
1357 1353
1358 1355
1359 1357
1360 1359
1361 1357
1362 1356
1363 1355
1364 1354
1365 1358
1366 1356
1367 1356
1368 1356
1369 1355
1370 1356
1371 1353
1372 1356
1373 1355
1374 1355
1375 1355
1376 1354
1377 1354
1378 1354
1379 1355
1380 1355
1381 1354
1382 1354
1383 1356
1384 1353
1385 1355
1386 1355
1387 1356
1388 1354
1389 1355
1390 1357
1391 1353
1392 1353
1393 1353
1394 1355
1395 1355
1396 1354
1397 1354
1398 1357
1399 1353
1400 1356
1401 1356
1402 1355
1403 1358
1404 1356
1405 1355
1406 1356
1407 1355
1408 1355
1409 1356
1410 1356
1411 1356
1412 1356
1413 1356
1414 1353
1415 1355
1416 1356
1417 1354
1418 1351
1419 1355
1420 1357
1421 1355
1422 1355
1423 1354
1424 1355
1425 1354
1426 1357
1427 1357
1428 1356
1429 1355
1430 1354
1431 1355
1432 1355
1433 1357
1434 1356
1435 1356
1436 1357
1437 1356
1438 1355
1439 1355
1440 1355
1441 1354
1442 1352
1443 1354
1444 1357
1445 1355
1446 1355
1447 1356
1448 1356
1449 1356
1450 1354
1451 1355
1452 1354
1453 1354
1454 1352
1455 1356
1456 1354
1457 1355
1458 1354
1459 1355
1460 1359
1461 1355
1462 1355
1463 1355
1464 1355
1465 1356
1466 1353
1467 1357
1468 1356
1469 1356
1470 1357
1471 1356
1472 1355
1473 1353
1474 1355
1475 1355
1476 1354
1477 1353
1478 1353
1479 1353
1480 1357
1481 1356
1482 1352
1483 1355
1484 1357
1485 1356
1486 1357
1487 1355
1488 1354
1489 1355
1490 1359
1491 1356
1492 1358
1493 1356
1494 1357
1495 1357
1496 1356
1497 1358
1498 1356
1499 1354
1500 1357
1501 1356
1502 1357
1503 1357
1504 1357
1505 1354
1506 1354
1507 1354
1508 1353
1509 1353
1510 1355
1511 1353
1512 1356
1513 1355
1514 1356
1515 1355
1516 1355
1517 1354
1518 1355
1519 1358
1520 1357
1521 1359
1522 1358
1523 1355
1524 1357
1525 1358
1526 1356
1527 1358
1528 1356
1529 1355
1530 1356
1531 1357
1532 1355
1533 1353
1534 1354
1535 1357
1536 1356
1537 1358
1538 1355
1539 1353
1540 1354
1541 1357
1542 1357
1543 1354
1544 1354
1545 1360
1546 1357
1547 1354
1548 1354
1549 1358
1550 1359
1551 1358
1552 1356
1553 1356
1554 1356
1555 1354
1556 1354
1557 1355
1558 1353
1559 1353
1560 1352
1561 1356
1562 1357
1563 1357
1564 1353
1565 1355
1566 1356
1567 1356
1568 1354
1569 1356
1570 1358
1571 1358
1572 1354
1573 1354
1574 1353
1575 1356
1576 1357
1577 1359
1578 1353
1579 1355
1580 1357
1581 1357
1582 1355
1583 1357
1584 1357
1585 1357
1586 1354
1587 1356
1588 1356
1589 1356
1590 1356
1591 1356
1592 1354
1593 1356
1594 1355
1595 1355
1596 1356
1597 1355
1598 1353
1599 1355
1600 1357
1601 1357
1602 1357
1603 1356
1604 1355
1605 1356
1606 1353
1607 1354
1608 1357
1609 1355
1610 1357
1611 1356
1612 1354
1613 1354
1614 1356
1615 1356
1616 1357
1617 1357
1618 1358
1619 1356
1620 1354
1621 1355
1622 1357
1623 1354
1624 1353
1625 1356
1626 1357
1627 1356
1628 1354
1629 1354
1630 1355
1631 1354
1632 1353
1633 1355
1634 1355
1635 1354
1636 1355
1637 1358
1638 1355
1639 1356
1640 1355
1641 1357
1642 1358
1643 1356
1644 1357
1645 1357
1646 1355
1647 1356
1648 1358
1649 1356
1650 1357
1651 1357
1652 1354
1653 1356
1654 1355
1655 1357
1656 1357
1657 1355
1658 1355
1659 1356
1660 1357
1661 1357
1662 1356
1663 1356
1664 1358
1665 1356
1666 1358
1667 1356
1668 1355
1669 1354
1670 1354
1671 1357
1672 1357
1673 1357
1674 1356
1675 1356
1676 1357
1677 1353
1678 1354
1679 1358
1680 1359
1681 1357
1682 1354
1683 1357
1684 1355
1685 1358
1686 1355
1687 1357
1688 1357
1689 1353
1690 1353
1691 1352
1692 1353
1693 1353
1694 1355
1695 1355
1696 1356
1697 1355
1698 1356
1699 1356
1700 1355
1701 1356
1702 1355
1703 1357
1704 1357
1705 1352
1706 1357
1707 1353
1708 1355
1709 1355
1710 1358
1711 1356
1712 1355
1713 1356
1714 1355
1715 1356
1716 1358
1717 1356
1718 1357
1719 1352
1720 1352
1721 1356
1722 1357
1723 1356
1724 1356
1725 1356
1726 1357
1727 1354
1728 1353
1729 1353
1730 1355
1731 1355
1732 1356
1733 1353
1734 1355
1735 1357
1736 1356
1737 1356
1738 1357
1739 1357
1740 1355
1741 1353
1742 1355
1743 1356
1744 1355
1745 1355
1746 1355
1747 1353
1748 1355
1749 1356
1750 1355
1751 1353
1752 1357
1753 1356
1754 1356
1755 1358
1756 1356
1757 1356
1758 1355
1759 1356
1760 1355
1761 1356
1762 1354
1763 1355
1764 1352
1765 1356
1766 1355
1767 1354
1768 1356
1769 1356
1770 1355
1771 1356
1772 1354
1773 1356
1774 1353
1775 1353
1776 1354
1777 1354
1778 1354
1779 1356
1780 1356
1781 1358
1782 1355
1783 1355
1784 1354
1785 1355
1786 1355
1787 1355
1788 1356
1789 1357
1790 1357
1791 1358
1792 1359
1793 1355
1794 1355
1795 1356
1796 1354
1797 1355
1798 1355
1799 1355
1800 1356
1801 1357
1802 1351
1803 1356
1804 1355
1805 1357
1806 1354
1807 1357
1808 1356
1809 1353
1810 1354
1811 1356
1812 1354
1813 1353
1814 1356
1815 1354
1816 1353
1817 1353
1818 1357
1819 1354
1820 1356
1821 1356
1822 1358
1823 1357
1824 1355
1825 1356
1826 1354
1827 1357
1828 1356
1829 1356
1830 1356
1831 1356
1832 1353
1833 1358
1834 1356
1835 1360
1836 1354
1837 1356
1838 1354
1839 1355
1840 1357
1841 1356
1842 1353
1843 1357
1844 1355
1845 1355
1846 1355
1847 1352
1848 1354
1849 1357
1850 1357
1851 1356
1852 1359
1853 1355
1854 1355
1855 1354
1856 1357
1857 1355
1858 1356
1859 1355
1860 1357
1861 1356
1862 1357
1863 1356
1864 1356
1865 1357
1866 1356
1867 1356
1868 1353
1869 1354
1870 1358
1871 1356
1872 1356
1873 1355
1874 1357
1875 1355
1876 1357
1877 1356
1878 1356
1879 1355
1880 1354
1881 1356
1882 1357
1883 1354
1884 1354
1885 1356
1886 1355
1887 1356
1888 1357
1889 1359
1890 1355
1891 1355
1892 1354
1893 1355
1894 1354
1895 1356
1896 1357
1897 1354
1898 1354
1899 1355
1900 1354
1901 1357
1902 1354
1903 1356
1904 1354
1905 1355
1906 1355
1907 1353
1908 1357
1909 1357
1910 1355
1911 1354
1912 1357
1913 1354
1914 1357
1915 1354
1916 1356
1917 1356
1918 1357
1919 1356
1920 1356
1921 1356
1922 1354
1923 1356
1924 1355
1925 1355
1926 1355
1927 1353
1928 1352
1929 1359
1930 1357
1931 1354
1932 1354
1933 1355
1934 1355
1935 1353
1936 1354
1937 1352
1938 1352
1939 1353
1940 1353
1941 1353
1942 1355
1943 1357
1944 1354
1945 1355
1946 1354
1947 1355
1948 1355
1949 1354
1950 1356
1951 1356
1952 1356
1953 1357
1954 1354
1955 1355
1956 1353
1957 1353
1958 1355
1959 1354
1960 1357
1961 1356
1962 1353
1963 1358
1964 1354
1965 1354
1966 1357
1967 1356
1968 1357
1969 1357
1970 1354
1971 1356
1972 1353
1973 1357
1974 1355
1975 1355
1976 1356
1977 1358
1978 1356
1979 1356
1980 1354
1981 1358
1982 1356
1983 1357
1984 1357
1985 1357
1986 1355
1987 1352
1988 1351
1989 1356
1990 1358
1991 1354
1992 1355
1993 1355
1994 1356
1995 1353
1996 1355
1997 1355
1998 1354
1999 1356
2000 1356
2001 1355
2002 1356
2003 1353
2004 1354
2005 1355
2006 1355
2007 1355
2008 1357
2009 1356
2010 1353
2011 1353
2012 1355
2013 1357
2014 1357
2015 1354
2016 1356
2017 1355
2018 1354
2019 1355
2020 1356
2021 1354
2022 1354
2023 1356
2024 1355
2025 1354
2026 1354
2027 1355
2028 1351
2029 1356
2030 1355
2031 1356
2032 1355
2033 1356
2034 1355
2035 1357
2036 1356
2037 1355
2038 1357
2039 1357
2040 1357
2041 1355
2042 1355
2043 1356
2044 1355
2045 1356
2046 1357
2047 1354
2048 1353
2049 1358
2050 1357
2051 1357
2052 1357
2053 1356
2054 1357
2055 1357
2056 1357
2057 1354
2058 1353
2059 1354
2060 1360
2061 1358
2062 1355
2063 1357
2064 1355
2065 1358
2066 1356
2067 1352
2068 1356
2069 1357
2070 1357
2071 1354
2072 1355
2073 1356
2074 1357
2075 1356
2076 1355
2077 1357
2078 1361
2079 1356
2080 1354
2081 1354
2082 1356
2083 1354
2084 1357
2085 1355
2086 1357
2087 1354
2088 1356
2089 1358
2090 1357
2091 1355
2092 1355
2093 1356
2094 1356
2095 1356
2096 1357
2097 1356
2098 1356
2099 1354
2100 1357
2101 1356
2102 1356
2103 1355
2104 1357
2105 1357
2106 1358
2107 1356
2108 1355
2109 1355
2110 1355
2111 1356
2112 1356
2113 1354
2114 1355
2115 1355
2116 1355
2117 1354
2118 1355
2119 1358
2120 1357
2121 1357
2122 1356
2123 1357
2124 1356
2125 1356
2126 1353
2127 1355
2128 1356
2129 1355
2130 1357
2131 1356
2132 1356
2133 1357
2134 1356
2135 1356
2136 1356
2137 1357
2138 1357
2139 1356
2140 1357
2141 1356
2142 1357
2143 1356
2144 1355
2145 1356
2146 1356
2147 1353
2148 1356
2149 1360
2150 1358
2151 1358
2152 1357
2153 1356
2154 1353
2155 1355
2156 1355
2157 1357
2158 1357
2159 1355
2160 1357
2161 1355
2162 1355
2163 1355
2164 1357
2165 1357
2166 1355
2167 1354
2168 1357
2169 1357
2170 1357
2171 1356
2172 1353
2173 1352
2174 1354
2175 1355
2176 1355
2177 1355
2178 1354
2179 1356
2180 1355
2181 1355
2182 1356
2183 1358
2184 1357
2185 1354
2186 1355
2187 1356
2188 1357
2189 1356
2190 1357
2191 1356
2192 1358
2193 1358
2194 1356
2195 1357
2196 1357
2197 1359
2198 1358
2199 1357
2200 1357
2201 1355
2202 1355
2203 1356
2204 1357
2205 1355
2206 1355
2207 1355
2208 1356
2209 1355
2210 1358
2211 1356
2212 1353
2213 1355
2214 1355
2215 1356
2216 1354
2217 1354
2218 1354
2219 1355
2220 1353
2221 1354
2222 1357
2223 1354
2224 1355
2225 1358
2226 1357
2227 1356
2228 1353
2229 1354
2230 1358
2231 1358
2232 1354
2233 1356
2234 1355
2235 1356
2236 1356
2237 1356
2238 1357
2239 1354
2240 1353
2241 1358
2242 1353
2243 1355
2244 1357
2245 1358
2246 1358
2247 1355
2248 1352
2249 1354
2250 1359
2251 1358
2252 1357
2253 1354
2254 1355
2255 1353
2256 1356
2257 1357
2258 1353
2259 1354
2260 1356
2261 1358
2262 1356
2263 1354
2264 1357
2265 1358
2266 1358
2267 1357
2268 1356
2269 1356
2270 1353
2271 1355
2272 1355
2273 1355
2274 1356
2275 1355
2276 1357
2277 1355
2278 1356
2279 1357
2280 1358
2281 1356
2282 1354
2283 1355
2284 1355
2285 1356
2286 1356
2287 1355
2288 1357
2289 1357
2290 1357
2291 1360
2292 1355
2293 1356
2294 1356
2295 1358
2296 1355
2297 1353
2298 1355
2299 1357
2300 1357
2301 1356
2302 1355
2303 1356
2304 1356
2305 1357
2306 1353
2307 1356
2308 1355
2309 1356
2310 1358
2311 1357
2312 1356
2313 1357
2314 1356
2315 1356
2316 1356
2317 1355
2318 1356
2319 1357
2320 1356
2321 1356
2322 1355
2323 1356
2324 1358
2325 1355
2326 1359
2327 1356
2328 1357
2329 1357
2330 1357
2331 1358
2332 1357
2333 1358
2334 1356
2335 1355
2336 1356
2337 1357
2338 1357
2339 1356
2340 1357
2341 1358
2342 1357
2343 1359
2344 1357
2345 1356
2346 1353
2347 1356
2348 1355
2349 1355
2350 1355
2351 1358
2352 1352
2353 1356
2354 1357
2355 1358
2356 1359
2357 1356
2358 1357
2359 1357
2360 1355
2361 1356
2362 1353
2363 1358
2364 1358
2365 1358
2366 1357
2367 1359
2368 1355
2369 1358
2370 1357
2371 1358
2372 1356
2373 1356
2374 1356
2375 1359
2376 1355
2377 1358
2378 1356
2379 1356
2380 1354
2381 1356
2382 1355
2383 1356
2384 1356
2385 1360
2386 1355
2387 1355
2388 1354
2389 1353
2390 1356
2391 1357
2392 1357
2393 1356
2394 1356
2395 1356
2396 1358
2397 1358
2398 1354
2399 1356
2400 1355
2401 1356
2402 1356
2403 1355
2404 1356
2405 1359
2406 1356
2407 1357
2408 1357
2409 1359
2410 1356
2411 1355
2412 1353
2413 1356
2414 1356
2415 1355
2416 1356
2417 1357
2418 1356
2419 1356
2420 1354
2421 1355
2422 1354
2423 1355
2424 1355
2425 1355
2426 1354
2427 1356
2428 1355
2429 1354
2430 1356
2431 1355
2432 1355
2433 1356
2434 1358
2435 1359
2436 1357
2437 1354
2438 1353
2439 1355
2440 1358
2441 1356
2442 1357
2443 1356
2444 1353
2445 1357
2446 1357
2447 1355
2448 1357
2449 1354
2450 1355
2451 1355
2452 1355
2453 1355
2454 1353
2455 1355
2456 1355
2457 1356
2458 1356
2459 1357
2460 1359
2461 1356
2462 1355
2463 1353
2464 1356
2465 1355
2466 1353
2467 1352
2468 1352
2469 1359
2470 1357
2471 1357
2472 1359
2473 1356
2474 1359
2475 1356
2476 1354
2477 1355
2478 1357
2479 1353
2480 1356
2481 1356
2482 1356
2483 1355
2484 1356
2485 1355
2486 1357
2487 1357
2488 1356
2489 1356
2490 1354
2491 1356
2492 1357
2493 1354
2494 1355
2495 1356
2496 1358
2497 1356
2498 1357
2499 1356
2500 1359
2501 1356
2502 1356
2503 1357
2504 1357
2505 1354
2506 1356
2507 1355
2508 1353
2509 1356
2510 1353
2511 1356
2512 1354
2513 1356
2514 1356
2515 1355
2516 1356
2517 1355
2518 1352
2519 1355
2520 1355
2521 1356
2522 1354
2523 1354
2524 1354
2525 1356
2526 1358
2527 1358
2528 1354
2529 1356
2530 1356
2531 1357
2532 1355
2533 1356
2534 1356
2535 1357
2536 1357
2537 1357
2538 1355
2539 1357
2540 1357
2541 1356
2542 1357
2543 1356
2544 1354
2545 1358
2546 1359
2547 1358
2548 1358
2549 1357
2550 1357
2551 1357
2552 1359
2553 1357
2554 1355
2555 1357
2556 1356
2557 1356
2558 1357
2559 1357
2560 1356
2561 1358
2562 1356
2563 1356
2564 1357
2565 1354
2566 1354
2567 1356
2568 1358
2569 1356
2570 1355
2571 1356
2572 1354
2573 1356
2574 1357
2575 1358
2576 1356
2577 1355
2578 1357
2579 1356
2580 1358
2581 1356
2582 1356
2583 1357
2584 1357
2585 1356
2586 1357
2587 1356
2588 1354
2589 1356
2590 1355
2591 1358
2592 1353
2593 1357
2594 1356
2595 1356
2596 1355
2597 1357
2598 1357
2599 1357
2600 1356
2601 1356
2602 1355
2603 1356
2604 1353
2605 1356
2606 1356
2607 1356
2608 1357
2609 1357
2610 1356
2611 1356
2612 1354
2613 1354
2614 1356
2615 1353
2616 1355
2617 1357
2618 1355
2619 1355
2620 1356
2621 1356
2622 1357
2623 1358
2624 1356
2625 1356
2626 1357
2627 1356
2628 1354
2629 1355
2630 1357
2631 1357
2632 1358
2633 1357
2634 1357
2635 1356
2636 1357
2637 1355
2638 1351
2639 1356
2640 1354
2641 1355
2642 1356
2643 1356
2644 1357
2645 1357
2646 1357
2647 1357
2648 1355
2649 1356
2650 1356
2651 1356
2652 1356
2653 1359
2654 1352
2655 1358
2656 1357
2657 1357
2658 1357
2659 1356
2660 1357
2661 1358
2662 1356
2663 1354
2664 1357
2665 1355
2666 1356
2667 1353
2668 1357
2669 1354
2670 1354
2671 1356
2672 1357
2673 1356
2674 1357
2675 1356
2676 1357
2677 1356
2678 1356
2679 1357
2680 1355
2681 1355
2682 1355
2683 1355
2684 1358
2685 1357
2686 1356
2687 1355
2688 1357
2689 1360
2690 1359
2691 1357
2692 1357
2693 1356
2694 1357
2695 1356
2696 1356
2697 1358
2698 1357
2699 1356
2700 1357
2701 1357
2702 1357
2703 1356
2704 1355
2705 1357
2706 1356
2707 1356
2708 1355
2709 1356
2710 1355
2711 1356
2712 1358
2713 1356
2714 1356
2715 1358
2716 1356
2717 1357
2718 1357
2719 1359
2720 1357
2721 1357
2722 1355
2723 1357
2724 1355
2725 1356
2726 1356
2727 1352
2728 1354
2729 1357
2730 1355
2731 1356
2732 1354
2733 1354
2734 1357
2735 1358
2736 1353
2737 1357
2738 1353
2739 1358
2740 1358
2741 1358
2742 1357
2743 1356
2744 1356
2745 1355
2746 1357
2747 1355
2748 1353
2749 1359
2750 1359
2751 1358
2752 1357
2753 1357
2754 1355
2755 1357
2756 1353
2757 1360
2758 1355
2759 1354
2760 1356
2761 1356
2762 1355
2763 1359
2764 1354
2765 1356
2766 1358
2767 1355
2768 1357
2769 1357
2770 1355
2771 1356
2772 1358
2773 1356
2774 1357
2775 1356
2776 1353
2777 1356
2778 1357
2779 1355
2780 1354
2781 1354
2782 1356
2783 1355
2784 1354
2785 1355
2786 1353
2787 1355
2788 1356
2789 1355
2790 1354
2791 1356
2792 1358
2793 1358
2794 1354
2795 1356
2796 1356
2797 1357
2798 1354
2799 1357
2800 1357
2801 1357
2802 1355
2803 1356
2804 1356
2805 1356
2806 1357
2807 1357
2808 1356
2809 1355
2810 1354
2811 1357
2812 1355
2813 1353
2814 1354
2815 1356
2816 1355
2817 1355
2818 1354
2819 1356
2820 1358
2821 1357
2822 1356
2823 1354
2824 1356
2825 1357
2826 1356
2827 1355
2828 1355
2829 1356
2830 1354
2831 1356
2832 1358
2833 1359
2834 1357
2835 1359
2836 1359
2837 1354
2838 1357
2839 1358
2840 1357
2841 1356
2842 1356
2843 1355
2844 1358
2845 1359
2846 1356
2847 1355
2848 1355
2849 1355
2850 1354
2851 1355
2852 1357
2853 1356
2854 1356
2855 1354
2856 1354
2857 1355
2858 1355
2859 1354
2860 1351
2861 1355
2862 1358
2863 1357
2864 1357
2865 1357
2866 1359
2867 1357
2868 1357
2869 1356
2870 1355
2871 1355
2872 1357
2873 1355
2874 1357
2875 1354
2876 1356
2877 1355
2878 1357
2879 1359
2880 1359
2881 1357
2882 1358
2883 1355
2884 1358
2885 1357
2886 1357
2887 1357
2888 1354
2889 1353
2890 1358
2891 1359
2892 1358
2893 1354
2894 1357
2895 1359
2896 1359
2897 1359
2898 1357
2899 1356
2900 1357
2901 1357
2902 1357
2903 1358
2904 1359
2905 1358
2906 1357
2907 1356
2908 1357
2909 1359
2910 1356
2911 1355
2912 1353
2913 1354
2914 1356
2915 1354
2916 1357
2917 1356
2918 1357
2919 1354
2920 1355
2921 1356
2922 1358
2923 1357
2924 1355
2925 1358
2926 1355
2927 1358
2928 1359
2929 1358
2930 1360
2931 1356
2932 1357
2933 1356
2934 1356
2935 1358
2936 1355
2937 1356
2938 1352
2939 1356
2940 1356
2941 1355
2942 1356
2943 1356
2944 1353
2945 1355
2946 1357
2947 1357
2948 1353
2949 1354
2950 1357
2951 1357
2952 1357
2953 1356
2954 1354
2955 1356
2956 1355
2957 1358
2958 1357
2959 1356
2960 1355
2961 1355
2962 1357
2963 1357
2964 1355
2965 1355
2966 1355
2967 1358
2968 1352
2969 1356
2970 1357
2971 1356
2972 1355
2973 1353
2974 1354
2975 1358
2976 1355
2977 1358
2978 1357
2979 1357
2980 1356
2981 1355
2982 1356
2983 1355
2984 1355
2985 1354
2986 1357
2987 1356
2988 1356
2989 1354
2990 1354
2991 1356
2992 1355
2993 1357
2994 1357
2995 1355
2996 1356
2997 1356
2998 1357
2999 1354
3000 1357
3001 1356
3002 1355
3003 1356
3004 1355
3005 1356
3006 1356
3007 1354
3008 1355
3009 1356
3010 1357
3011 1357
3012 1356
3013 1358
3014 1355
3015 1354
3016 1356
3017 1360
3018 1355
3019 1356
3020 1356
3021 1359
3022 1355
3023 1359
3024 1357
3025 1357
3026 1355
3027 1356
3028 1353
3029 1356
3030 1357
3031 1358
3032 1356
3033 1359
3034 1352
3035 1356
3036 1357
3037 1358
3038 1353
3039 1360
3040 1357
3041 1355
3042 1355
3043 1357
3044 1355
3045 1358
3046 1353
3047 1358
3048 1354
3049 1356
3050 1355
3051 1360
3052 1355
3053 1358
3054 1357
3055 1358
3056 1357
3057 1357
3058 1353
3059 1358
3060 1355
3061 1354
3062 1354
3063 1356
3064 1352
3065 1357
3066 1356
3067 1356
3068 1353
3069 1357
3070 1356
3071 1356
3072 1354
3073 1357
3074 1356
3075 1356
3076 1352
3077 1353
3078 1354
3079 1356
3080 1355
3081 1357
3082 1354
3083 1356
3084 1355
3085 1360
3086 1355
3087 1356
3088 1354
3089 1354
3090 1353
3091 1355
3092 1353
3093 1355
3094 1354
3095 1353
3096 1357
3097 1357
3098 1353
3099 1358
3100 1360
3101 1354
3102 1355
3103 1356
3104 1357
3105 1354
3106 1356
3107 1357
3108 1357
3109 1354
3110 1357
3111 1356
3112 1356
3113 1355
3114 1354
3115 1355
3116 1356
3117 1356
3118 1356
3119 1358
3120 1356
3121 1357
3122 1357
3123 1359
3124 1354
3125 1357
3126 1355
3127 1356
3128 1355
3129 1356
3130 1359
3131 1357
3132 1356
3133 1355
3134 1354
3135 1356
3136 1356
3137 1359
3138 1357
3139 1359
3140 1355
3141 1357
3142 1355
3143 1356
3144 1354
3145 1357
3146 1357
3147 1357
3148 1354
3149 1356
3150 1357
3151 1355
3152 1356
3153 1355
3154 1356
3155 1356
3156 1355
3157 1357
3158 1356
3159 1356
3160 1354
3161 1354
3162 1358
3163 1356
3164 1356
3165 1358
3166 1357
3167 1357
3168 1357
3169 1357
3170 1358
3171 1356
3172 1357
3173 1355
3174 1357
3175 1356
3176 1355
3177 1357
3178 1357
3179 1358
3180 1356
3181 1357
3182 1354
3183 1358
3184 1354
3185 1358
3186 1355
3187 1357
3188 1358
3189 1355
3190 1354
3191 1353
3192 1356
3193 1354
3194 1355
3195 1356
3196 1355
3197 1357
3198 1356
3199 1354
3200 1358
3201 1356
3202 1357
3203 1354
3204 1354
3205 1357
3206 1357
3207 1356
3208 1357
3209 1357
3210 1354
3211 1352
3212 1356
3213 1354
3214 1358
3215 1355
3216 1358
3217 1356
3218 1357
3219 1357
3220 1355
3221 1353
3222 1356
3223 1355
3224 1354
3225 1355
3226 1357
3227 1356
3228 1353
3229 1356
3230 1359
3231 1357
3232 1354
3233 1355
3234 1356
3235 1356
3236 1357
3237 1354
3238 1353
3239 1356
3240 1356
3241 1356
3242 1353
3243 1356
3244 1356
3245 1355
3246 1353
3247 1354
3248 1354
3249 1354
3250 1356
3251 1355
3252 1355
3253 1355
3254 1355
3255 1354
3256 1352
3257 1352
3258 1355
3259 1354
3260 1357
3261 1359
3262 1355
3263 1356
3264 1351
3265 1356
3266 1356
3267 1356
3268 1358
3269 1356
3270 1354
3271 1357
3272 1357
3273 1355
3274 1354
3275 1355
3276 1355
3277 1357
3278 1356
3279 1356
3280 1355
3281 1355
3282 1354
3283 1356
3284 1357
3285 1355
3286 1356
3287 1355
3288 1351
3289 1358
3290 1357
3291 1355
3292 1357
3293 1358
3294 1356
3295 1359
3296 1357
3297 1358
3298 1357
3299 1356
3300 1357
3301 1356
3302 1354
3303 1355
3304 1355
3305 1358
3306 1355
3307 1357
3308 1353
3309 1354
3310 1353
3311 1355
3312 1356
3313 1356
3314 1355
3315 1356
3316 1354
3317 1355
3318 1358
3319 1356
3320 1356
3321 1355
3322 1355
3323 1356
3324 1354
3325 1357
3326 1357
3327 1357
3328 1357
3329 1356
3330 1354
3331 1356
3332 1356
3333 1359
3334 1359
3335 1358
3336 1356
3337 1356
3338 1354
3339 1356
3340 1357
3341 1355
3342 1358
3343 1355
3344 1359
3345 1360
3346 1357
3347 1354
3348 1352
3349 1355
3350 1356
3351 1356
3352 1355
3353 1358
3354 1353
3355 1354
3356 1353
3357 1357
3358 1356
3359 1356
3360 1357
3361 1354
3362 1355
3363 1355
3364 1357
3365 1354
3366 1355
3367 1355
3368 1356
3369 1355
3370 1357
3371 1355
3372 1357
3373 1355
3374 1352
3375 1354
3376 1356
3377 1356
3378 1353
3379 1356
3380 1357
3381 1358
3382 1359
3383 1355
3384 1356
3385 1354
3386 1358
3387 1355
3388 1352
3389 1353
3390 1359
3391 1358
3392 1357
3393 1354
3394 1355
3395 1355
3396 1355
3397 1356
3398 1354
3399 1354
3400 1354
3401 1352
3402 1355
3403 1356
3404 1354
3405 1356
3406 1356
3407 1360
3408 1357
3409 1356
3410 1356
3411 1357
3412 1356
3413 1355
3414 1355
3415 1357
3416 1357
3417 1355
3418 1355
3419 1357
3420 1356
3421 1353
3422 1352
3423 1353
3424 1353
3425 1354
3426 1355
3427 1356
3428 1354
3429 1355
3430 1356
3431 1357
3432 1354
3433 1355
3434 1356
3435 1356
3436 1357
3437 1356
3438 1355
3439 1355
3440 1354
3441 1353
3442 1356
3443 1356
3444 1356
3445 1358
3446 1354
3447 1356
3448 1353
3449 1355
3450 1357
3451 1357
3452 1355
3453 1356
3454 1353
3455 1354
3456 1355
3457 1354
3458 1354
3459 1353
3460 1354
3461 1356
3462 1355
3463 1356
3464 1353
3465 1353
3466 1357
3467 1353
3468 1356
3469 1356
3470 1353
3471 1356
3472 1356
3473 1355
3474 1356
3475 1356
3476 1354
3477 1356
3478 1356
3479 1356
3480 1354
3481 1356
3482 1355
3483 1355
3484 1354
3485 1355
3486 1355
3487 1357
3488 1355
3489 1357
3490 1354
3491 1356
3492 1355
3493 1358
3494 1355
3495 1355
3496 1356
3497 1356
3498 1355
3499 1356
3500 1357
3501 1357
3502 1354
3503 1356
3504 1355
3505 1356
3506 1355
3507 1353
3508 1355
3509 1356
3510 1358
3511 1358
3512 1355
3513 1359
3514 1354
3515 1355
3516 1356
3517 1357
3518 1355
3519 1356
3520 1356
3521 1355
3522 1354
3523 1356
3524 1357
3525 1357
3526 1356
3527 1358
3528 1356
3529 1354
3530 1356
3531 1354
3532 1357
3533 1355
3534 1355
3535 1354
3536 1357
3537 1359
3538 1355
3539 1358
3540 1357
3541 1358
3542 1360
3543 1356
3544 1356
3545 1353
3546 1355
3547 1355
3548 1353
3549 1357
3550 1356
3551 1357
3552 1357
3553 1355
3554 1355
3555 1358
3556 1357
3557 1356
3558 1359
3559 1357
3560 1355
3561 1358
3562 1356
3563 1358
3564 1358
3565 1355
3566 1358
3567 1356
3568 1356
3569 1358
3570 1358
3571 1355
3572 1357
3573 1354
3574 1357
3575 1354
3576 1355
3577 1352
3578 1352
3579 1354
3580 1356
3581 1354
3582 1357
3583 1353
3584 1358
3585 1357
3586 1357
3587 1357
3588 1356
3589 1356
3590 1356
3591 1355
3592 1355
3593 1354
3594 1356
3595 1354
3596 1357
3597 1356
3598 1358
3599 1357
3600 1358
3601 1355
3602 1358
3603 1355
3604 1357
3605 1355
3606 1356
3607 1356
3608 1355
3609 1356
3610 1356
3611 1355
3612 1356
3613 1357
3614 1357
3615 1356
3616 1357
3617 1354
3618 1354
3619 1354
3620 1356
3621 1355
3622 1356
3623 1357
3624 1355
3625 1357
3626 1356
3627 1358
3628 1355
3629 1352
3630 1354
3631 1355
3632 1356
3633 1357
3634 1355
3635 1355
3636 1354
3637 1356
3638 1356
3639 1356
3640 1356
3641 1354
3642 1354
3643 1356
3644 1352
3645 1354
3646 1355
3647 1359
3648 1355
3649 1355
3650 1355
3651 1356
3652 1358
3653 1357
3654 1354
3655 1357
3656 1355
3657 1357
3658 1357
3659 1356
3660 1354
3661 1355
3662 1357
3663 1355
3664 1356
3665 1355
3666 1357
3667 1352
3668 1354
3669 1356
3670 1358
3671 1355
3672 1357
3673 1354
3674 1355
3675 1355
3676 1355
3677 1354
3678 1357
3679 1356
3680 1353
3681 1356
3682 1356
3683 1355
3684 1356
3685 1356
3686 1355
3687 1356
3688 1352
3689 1358
3690 1357
3691 1356
3692 1356
3693 1355
3694 1353
3695 1356
3696 1355
3697 1357
3698 1351
3699 1357
3700 1357
3701 1358
3702 1353
3703 1360
3704 1355
3705 1356
3706 1355
3707 1357
3708 1353
3709 1354
3710 1357
3711 1357
3712 1357
3713 1357
3714 1354
3715 1357
3716 1357
3717 1356
3718 1353
3719 1356
3720 1354
3721 1358
3722 1355
3723 1356
3724 1354
3725 1358
3726 1357
3727 1357
3728 1354
3729 1356
3730 1356
3731 1355
3732 1354
3733 1357
3734 1358
3735 1360
3736 1356
3737 1358
3738 1353
3739 1357
3740 1355
3741 1357
3742 1353
3743 1356
3744 1357
3745 1356
3746 1355
3747 1356
3748 1355
3749 1357
3750 1355
3751 1357
3752 1358
3753 1355
3754 1355
3755 1359
3756 1356
3757 1359
3758 1356
3759 1355
3760 1353
3761 1356
3762 1353
3763 1357
3764 1355
3765 1358
3766 1357
3767 1353
3768 1352
3769 1356
3770 1357
3771 1357
3772 1357
3773 1357
3774 1355
3775 1357
3776 1356
3777 1356
3778 1356
3779 1360
3780 1351
3781 1358
3782 1355
3783 1356
3784 1357
3785 1359
3786 1358
3787 1357
3788 1355
3789 1357
3790 1357
3791 1356
3792 1354
3793 1357
3794 1354
3795 1356
3796 1354
3797 1355
3798 1353
3799 1356
3800 1356
3801 1357
3802 1355
3803 1356
3804 1355
3805 1360
3806 1356
3807 1358
3808 1355
3809 1358
3810 1358
3811 1358
3812 1359
3813 1357
3814 1356
3815 1358
3816 1357
3817 1355
3818 1355
3819 1354
3820 1357
3821 1358
3822 1357
3823 1356
3824 1353
3825 1354
3826 1355
3827 1357
3828 1355
3829 1358
3830 1356
3831 1359
3832 1353
3833 1353
3834 1351
3835 1356
3836 1355
3837 1356
3838 1355
3839 1356
3840 1354
3841 1356
3842 1357
3843 1357
3844 1357
3845 1360
3846 1356
3847 1358
3848 1356
3849 1358
3850 1353
3851 1356
3852 1358
3853 1356
3854 1357
3855 1356
3856 1354
3857 1357
3858 1356
3859 1358
3860 1359
3861 1355
3862 1354
3863 1359
3864 1355
3865 1356
3866 1356
3867 1354
3868 1357
3869 1358
3870 1359
3871 1356
3872 1355
3873 1358
3874 1358
3875 1356
3876 1356
3877 1356
3878 1355
3879 1356
3880 1357
3881 1358
3882 1356
3883 1356
3884 1355
3885 1356
3886 1355
3887 1354
3888 1355
3889 1356
3890 1355
3891 1356
3892 1356
3893 1357
3894 1356
3895 1358
3896 1352
3897 1355
3898 1354
3899 1360
3900 1357
3901 1358
3902 1357
3903 1356
3904 1357
3905 1358
3906 1354
3907 1359
3908 1355
3909 1356
3910 1355
3911 1355
3912 1355
3913 1353
3914 1356
3915 1354
3916 1355
3917 1356
3918 1357
3919 1357
3920 1355
3921 1355
3922 1353
3923 1355
3924 1354
3925 1355
3926 1355
3927 1356
3928 1357
3929 1357
3930 1357
3931 1357
3932 1357
3933 1356
3934 1357
3935 1356
3936 1355
3937 1356
3938 1357
3939 1358
3940 1358
3941 1355
3942 1358
3943 1356
3944 1355
3945 1356
3946 1354
3947 1355
3948 1355
3949 1356
3950 1355
3951 1355
3952 1354
3953 1356
3954 1357
3955 1354
3956 1356
3957 1357
3958 1354
3959 1356
3960 1356
3961 1356
3962 1357
3963 1359
3964 1354
3965 1357
3966 1356
3967 1356
3968 1355
3969 1357
3970 1357
3971 1357
3972 1358
3973 1355
3974 1356
3975 1359
3976 1354
3977 1355
3978 1355
3979 1356
3980 1355
3981 1359
3982 1357
3983 1355
3984 1357
3985 1354
3986 1356
3987 1356
3988 1352
3989 1357
3990 1356
3991 1356
3992 1352
3993 1357
3994 1356
3995 1358
3996 1357
3997 1356
3998 1355
3999 1355
