0 1355
1 1356
2 1359
3 1358
4 1355
5 1355
6 1358
7 1356
8 1355
9 1356
10 1359
11 1358
12 1357
13 1356
14 1360
15 1355
16 1355
17 1356
18 1355
19 1358
20 1358
21 1355
22 1355
23 1356
24 1357
25 1356
26 1354
27 1357
28 1357
29 1356
30 1355
31 1358
32 1355
33 1357
34 1360
35 1360
36 1357
37 1356
38 1358
39 1356
40 1356
41 1356
42 1354
43 1356
44 1358
45 1355
46 1357
47 1356
48 1357
49 1355
50 1357
51 1357
52 1358
53 1356
54 1359
55 1357
56 1357
57 1357
58 1354
59 1357
60 1359
61 1356
62 1357
63 1356
64 1356
65 1355
66 1357
67 1358
68 1358
69 1355
70 1358
71 1356
72 1355
73 1356
74 1356
75 1356
76 1357
77 1355
78 1356
79 1356
80 1356
81 1357
82 1358
83 1357
84 1359
85 1355
86 1354
87 1355
88 1357
89 1356
90 1356
91 1356
92 1357
93 1358
94 1359
95 1358
96 1357
97 1356
98 1358
99 1356
100 1356
101 1362
102 1360
103 1359
104 1359
105 1361
106 1358
107 1358
108 1359
109 1358
110 1357
111 1358
112 1357
113 1357
114 1355
115 1358
116 1358
117 1355
118 1354
119 1356
120 1359
121 1358
122 1356
123 1357
124 1356
125 1358
126 1357
127 1357
128 1355
129 1357
130 1359
131 1358
132 1357
133 1357
134 1356
135 1359
136 1356
137 1358
138 1355
139 1358
140 1359
141 1357
142 1360
143 1357
144 1357
145 1356
146 1358
147 1355
148 1357
149 1358
150 1357
151 1357
152 1357
153 1356
154 1358
155 1357
156 1361
157 1359
158 1358
159 1359
160 1357
161 1356
162 1356
163 1356
164 1357
165 1358
166 1357
167 1361
168 1358
169 1355
170 1356
171 1356
172 1357
173 1358
174 1357
175 1356
176 1357
177 1357
178 1358
179 1356
180 1355
181 1357
182 1357
183 1355
184 1358
185 1358
186 1355
187 1358
188 1358
189 1359
190 1358
191 1360
192 1357
193 1356
194 1358
195 1359
196 1357
197 1357
198 1354
199 1356
200 1357
201 1357
202 1358
203 1356
204 1357
205 1356
206 1357
207 1356
208 1356
209 1355
210 1357
211 1358
212 1356
213 1358
214 1356
215 1357
216 1356
217 1356
218 1355
219 1358
220 1358
221 1356
222 1357
223 1357
224 1357
225 1357
226 1359
227 1358
228 1356
229 1354
230 1356
231 1358
232 1357
233 1358
234 1358
235 1357
236 1358
237 1356
238 1354
239 1358
240 1357
241 1356
242 1357
243 1356
244 1357
245 1357
246 1356
247 1355
248 1356
249 1354
250 1356
251 1356
252 1357
253 1356
254 1356
255 1357
256 1359
257 1358
258 1357
259 1353
260 1357
261 1355
262 1358
263 1357
264 1357
265 1356
266 1357
267 1357
268 1355
269 1355
270 1357
271 1355
272 1355
273 1354
274 1357
275 1355
276 1355
277 1354
278 1355
279 1358
280 1355
281 1357
282 1356
283 1356
284 1356
285 1358
286 1358
287 1358
288 1356
289 1358
290 1356
291 1357
292 1357
293 1355
294 1357
295 1359
296 1357
297 1355
298 1357
299 1355
300 1358
301 1356
302 1357
303 1355
304 1355
305 1355
306 1359
307 1361
308 1360
309 1357
310 1358
311 1358
312 1357
313 1353
314 1357
315 1359
316 1358
317 1358
318 1357
319 1359
320 1360
321 1358
322 1357
323 1355
324 1356
325 1355
326 1357
327 1354
328 1357
329 1357
330 1360
331 1358
332 1358
333 1357
334 1359
335 1357
336 1358
337 1356
338 1357
339 1359
340 1355
341 1359
342 1356
343 1355
344 1357
345 1358
346 1358
347 1358
348 1356
349 1356
350 1358
351 1357
352 1359
353 1357
354 1357
355 1359
356 1357
357 1356
358 1359
359 1356
360 1357
361 1355
362 1358
363 1356
364 1359
365 1354
366 1355
367 1354
368 1357
369 1356
370 1359
371 1357
372 1360
373 1358
374 1360
375 1356
376 1357
377 1357
378 1359
379 1355
380 1357
381 1356
382 1356
383 1357
384 1357
385 1355
386 1356
387 1354
388 1359
389 1358
390 1356
391 1357
392 1358
393 1361
394 1357
395 1355
396 1355
397 1355
398 1359
399 1357
400 1359
401 1356
402 1356
403 1358
404 1357
405 1355
406 1359
407 1354
408 1357
409 1358
410 1356
411 1358
412 1357
413 1356
414 1355
415 1354
416 1357
417 1357
418 1358
419 1358
420 1358
421 1356
422 1358
423 1358
424 1359
425 1355
426 1357
427 1356
428 1358
429 1358
430 1355
431 1357
432 1357
433 1356
434 1357
435 1358
436 1357
437 1357
438 1362
439 1357
440 1355
441 1354
442 1358
443 1356
444 1357
445 1356
446 1357
447 1357
448 1355
449 1358
450 1357
451 1356
452 1358
453 1354
454 1356
455 1355
456 1358
457 1355
458 1358
459 1358
460 1356
461 1358
462 1359
463 1356
464 1357
465 1356
466 1357
467 1356
468 1357
469 1356
470 1357
471 1357
472 1358
473 1355
474 1357
475 1356
476 1358
477 1356
478 1354
479 1353
480 1357
481 1358
482 1358
483 1354
484 1354
485 1355
486 1357
487 1356
488 1358
489 1356
490 1360
491 1358
492 1357
493 1356
494 1358
495 1358
496 1358
497 1355
498 1357
499 1359
500 1358
501 1355
502 1357
503 1353
504 1354
505 1359
506 1357
507 1356
508 1356
509 1357
510 1357
511 1358
512 1358
513 1357
514 1356
515 1356
516 1356
517 1355
518 1357
519 1358
520 1359
521 1356
522 1359
523 1357
524 1355
525 1358
526 1357
527 1359
528 1359
529 1358
530 1360
531 1360
532 1360
533 1362
534 1364
535 1372
536 1381
537 1397
538 1420
539 1443
540 1472
541 1503
542 1533
543 1567
544 1600
545 1634
546 1667
547 1700
548 1729
549 1755
550 1779
551 1803
552 1819
553 1830
554 1835
555 1841
556 1835
557 1835
558 1829
559 1823
560 1808
561 1795
562 1785
563 1772
564 1753
565 1741
566 1725
567 1714
568 1698
569 1685
570 1670
571 1654
572 1643
573 1629
574 1613
575 1603
576 1589
577 1582
578 1568
579 1555
580 1545
581 1533
582 1517
583 1511
584 1501
585 1492
586 1486
587 1477
588 1469
589 1463
590 1457
591 1449
592 1441
593 1436
594 1430
595 1426
596 1421
597 1416
598 1412
599 1406
600 1403
601 1399
602 1399
603 1392
604 1392
605 1389
606 1388
607 1383
608 1378
609 1380
610 1378
611 1376
612 1374
613 1373
614 1372
615 1373
616 1373
617 1371
618 1369
619 1367
620 1369
621 1369
622 1369
623 1364
624 1364
625 1360
626 1363
627 1363
628 1361
629 1363
630 1362
631 1361
632 1362
633 1360
634 1363
635 1361
636 1360
637 1358
638 1359
639 1360
640 1358
641 1360
642 1360
643 1360
644 1362
645 1359
646 1358
647 1354
648 1356
649 1356
650 1359
651 1358
652 1362
653 1359
654 1358
655 1357
656 1359
657 1357
658 1358
659 1356
660 1358
661 1360
662 1360
663 1358
664 1357
665 1356
666 1358
667 1355
668 1356
669 1360
670 1357
671 1355
672 1355
673 1354
674 1356
675 1357
676 1356
677 1356
678 1357
679 1357
680 1357
681 1356
682 1357
683 1358
684 1355
685 1356
686 1357
687 1357
688 1356
689 1357
690 1356
691 1356
692 1356
693 1357
694 1357
695 1355
696 1357
697 1355
698 1357
699 1357
700 1355
701 1357
702 1359
703 1358
704 1358
705 1356
706 1357
707 1358
708 1359
709 1356
710 1359
711 1358
712 1361
713 1359
714 1358
715 1358
716 1357
717 1359
718 1358
719 1358
720 1356
721 1357
722 1357
723 1355
724 1357
725 1357
726 1355
727 1356
728 1354
729 1356
730 1353
731 1356
732 1359
733 1358
734 1357
735 1356
736 1356
737 1359
738 1356
739 1355
740 1357
741 1357
742 1354
743 1355
744 1354
745 1357
746 1357
747 1359
748 1354
749 1356
750 1355
751 1355
752 1357
753 1356
754 1355
755 1356
756 1357
757 1357
758 1358
759 1358
760 1357
761 1356
762 1356
763 1356
764 1355
765 1358
766 1359
767 1357
768 1358
769 1359
770 1358
771 1356
772 1357
773 1356
774 1357
775 1356
776 1356
777 1356
778 1358
779 1353
780 1356
781 1356
782 1355
783 1356
784 1355
785 1358
786 1356
787 1356
788 1357
789 1357
790 1357
791 1357
792 1358
793 1357
794 1355
795 1357
796 1356
797 1357
798 1357
799 1358
800 1355
801 1356
802 1356
803 1356
804 1356
805 1356
806 1357
807 1358
808 1359
809 1355
810 1357
811 1357
812 1359
813 1356
814 1354
815 1356
816 1355
817 1356
818 1359
819 1355
820 1357
821 1356
822 1359
823 1355
824 1357
825 1355
826 1360
827 1360
828 1361
829 1355
830 1356
831 1356
832 1357
833 1357
834 1358
835 1356
836 1358
837 1358
838 1355
839 1356
840 1357
841 1358
842 1357
843 1356
844 1358
845 1357
846 1357
847 1356
848 1356
849 1357
850 1356
851 1356
852 1360
853 1358
854 1357
855 1358
856 1356
857 1352
858 1358
859 1357
860 1358
861 1361
862 1359
863 1356
864 1357
865 1356
866 1355
867 1357
868 1357
869 1358
870 1358
871 1356
872 1358
873 1356
874 1355
875 1355
876 1356
877 1357
878 1358
879 1356
880 1356
881 1356
882 1358
883 1355
884 1356
885 1358
886 1359
887 1357
888 1357
889 1356
890 1356
891 1356
892 1358
893 1358
894 1359
895 1356
896 1356
897 1358
898 1357
899 1357
900 1359
901 1355
902 1356
903 1356
904 1357
905 1356
906 1361
907 1355
908 1356
909 1357
910 1357
911 1354
912 1358
913 1356
914 1357
915 1357
916 1357
917 1356
918 1357
919 1356
920 1359
921 1357
922 1357
923 1357
924 1357
925 1357
926 1358
927 1357
928 1357
929 1354
930 1359
931 1358
932 1356
933 1355
934 1356
935 1356
936 1359
937 1356
938 1354
939 1356
940 1357
941 1353
942 1358
943 1358
944 1357
945 1357
946 1359
947 1356
948 1357
949 1357
950 1357
951 1356
952 1357
953 1356
954 1357
955 1359
956 1358
957 1357
958 1358
959 1358
960 1360
961 1357
962 1356
963 1356
964 1358
965 1357
966 1359
967 1355
968 1359
969 1356
970 1355
971 1357
972 1358
973 1356
974 1360
975 1356
976 1355
977 1354
978 1357
979 1355
980 1357
981 1356
982 1358
983 1357
984 1355
985 1352
986 1356
987 1356
988 1355
989 1353
990 1356
991 1355
992 1358
993 1354
994 1358
995 1354
996 1355
997 1355
998 1356
999 1356
1000 1357
1001 1358
1002 1355
1003 1356
1004 1355
1005 1354
1006 1358
1007 1357
1008 1357
1009 1357
1010 1360
1011 1357
1012 1359
1013 1356
1014 1356
1015 1355
1016 1355
1017 1356
1018 1357
1019 1356
1020 1357
1021 1353
1022 1356
1023 1355
1024 1357
1025 1356
1026 1356
1027 1355
1028 1355
1029 1354
1030 1357
1031 1357
1032 1359
1033 1356
1034 1356
1035 1355
1036 1357
1037 1357
1038 1356
1039 1355
1040 1358
1041 1356
1042 1356
1043 1356
1044 1357
1045 1357
1046 1355
1047 1357
1048 1357
1049 1356
1050 1359
1051 1357
1052 1357
1053 1355
1054 1355
1055 1356
1056 1357
1057 1355
1058 1355
1059 1355
1060 1357
1061 1355
1062 1355
1063 1357
1064 1357
1065 1356
1066 1357
1067 1355
1068 1356
1069 1357
1070 1353
1071 1356
1072 1356
1073 1356
1074 1357
1075 1356
1076 1357
1077 1358
1078 1357
1079 1356
1080 1354
1081 1357
1082 1358
1083 1359
1084 1357
1085 1357
1086 1359
1087 1358
1088 1356
1089 1356
1090 1355
1091 1356
1092 1356
1093 1357
1094 1358
1095 1356
1096 1356
1097 1356
1098 1357
1099 1354
1100 1357
1101 1359
1102 1359
1103 1357
1104 1356
1105 1356
1106 1358
1107 1358
1108 1357
1109 1356
1110 1354
1111 1356
1112 1355
1113 1356
1114 1356
1115 1359
1116 1357
1117 1355
1118 1355
1119 1356
1120 1357
1121 1356
1122 1357
1123 1357
1124 1356
1125 1354
1126 1355
1127 1355
1128 1354
1129 1354
1130 1356
1131 1357
1132 1357
1133 1356
1134 1357
1135 1357
1136 1356
1137 1355
1138 1357
1139 1357
1140 1356
1141 1356
1142 1356
1143 1357
1144 1354
1145 1354
1146 1356
1147 1356
1148 1357
1149 1355
1150 1356
1151 1356
1152 1357
1153 1357
1154 1357
1155 1361
1156 1356
1157 1359
1158 1357
1159 1355
1160 1357
1161 1359
1162 1359
1163 1355
1164 1356
1165 1356
1166 1357
1167 1359
1168 1358
1169 1357
1170 1356
1171 1356
1172 1357
1173 1358
1174 1357
1175 1356
1176 1356
1177 1360
1178 1358
1179 1356
1180 1356
1181 1356
1182 1355
1183 1357
1184 1357
1185 1357
1186 1354
1187 1357
1188 1357
1189 1356
1190 1353
1191 1357
1192 1357
1193 1357
1194 1359
1195 1354
1196 1357
1197 1358
1198 1357
1199 1358
1200 1357
1201 1356
1202 1360
1203 1356
1204 1358
1205 1356
1206 1356
1207 1356
1208 1355
1209 1356
1210 1358
1211 1356
1212 1357
1213 1356
1214 1356
1215 1357
1216 1356
1217 1356
1218 1357
1219 1355
1220 1357
1221 1356
1222 1357
1223 1357
1224 1357
1225 1356
1226 1354
1227 1357
1228 1358
1229 1357
1230 1358
1231 1356
1232 1357
1233 1359
1234 1357
1235 1356
1236 1358
1237 1358
1238 1357
1239 1356
1240 1357
1241 1356
1242 1357
1243 1356
1244 1355
1245 1355
1246 1357
1247 1358
1248 1357
1249 1358
1250 1357
1251 1356
1252 1357
1253 1356
1254 1355
1255 1355
1256 1356
1257 1357
1258 1358
1259 1357
1260 1357
1261 1358
1262 1359
1263 1357
1264 1356
1265 1355
1266 1359
1267 1357
1268 1357
1269 1353
1270 1356
1271 1356
1272 1357
1273 1358
1274 1356
1275 1356
1276 1356
1277 1356
1278 1355
1279 1356
1280 1360
1281 1357
1282 1358
1283 1358
1284 1357
1285 1358
1286 1356
1287 1356
1288 1356
1289 1356
1290 1355
1291 1357
1292 1356
1293 1356
1294 1358
1295 1356
1296 1356
1297 1354
1298 1354
1299 1355
1300 1358
1301 1358
1302 1358
1303 1356
1304 1356
1305 1355
1306 1356
1307 1358
1308 1355
1309 1357
1310 1357
1311 1355
1312 1357
1313 1356
1314 1357
1315 1354
1316 1358
1317 1358
1318 1359
1319 1356
1320 1356
1321 1356
1322 1360
1323 1357
1324 1356
1325 1355
1326 1357
1327 1356
1328 1357
1329 1355
1330 1356
1331 1357
1332 1358
1333 1356
1334 1358
1335 1355
1336 1358
1337 1356
1338 1357
1339 1354
1340 1358
1341 1358
1342 1358
1343 1356
1344 1357
1345 1358
1346 1360
1347 1356
1348 1357
1349 1358
1350 1359
1351 1357
1352 1357
1353 1354
1354 1357
1355 1354
1356 1358
1357 1356
1358 1358
1359 1357
1360 1360
1361 1356
1362 1357
1363 1358
1364 1357
1365 1358
1366 1357
1367 1353
1368 1356
1369 1353
1370 1358
1371 1354
1372 1357
1373 1356
1374 1358
1375 1357
1376 1360
1377 1359
1378 1359
1379 1356
1380 1357
1381 1357
1382 1357
1383 1355
1384 1358
1385 1357
1386 1359
1387 1356
1388 1357
1389 1357
1390 1357
1391 1358
1392 1357
1393 1353
1394 1357
1395 1357
1396 1358
1397 1359
1398 1356
1399 1357
1400 1358
1401 1358
1402 1357
1403 1356
1404 1357
1405 1355
1406 1358
1407 1358
1408 1359
1409 1358
1410 1357
1411 1355
1412 1356
1413 1359
1414 1358
1415 1359
1416 1360
1417 1358
1418 1359
1419 1356
1420 1357
1421 1356
1422 1358
1423 1355
1424 1356
1425 1355
1426 1356
1427 1355
1428 1357
1429 1355
1430 1358
1431 1357
1432 1359
1433 1356
1434 1356
1435 1355
1436 1355
1437 1356
1438 1357
1439 1357
1440 1358
1441 1355
1442 1357
1443 1357
1444 1357
1445 1358
1446 1359
1447 1360
1448 1359
1449 1358
1450 1358
1451 1357
1452 1354
1453 1359
1454 1360
1455 1359
1456 1355
1457 1359
1458 1356
1459 1359
1460 1353
1461 1357
1462 1357
1463 1357
1464 1360
1465 1356
1466 1356
1467 1357
1468 1355
1469 1356
1470 1357
1471 1357
1472 1355
1473 1358
1474 1357
1475 1358
1476 1357
1477 1355
1478 1355
1479 1357
1480 1357
1481 1356
1482 1360
1483 1355
1484 1355
1485 1357
1486 1357
1487 1357
1488 1359
1489 1358
1490 1357
1491 1359
1492 1358
1493 1355
1494 1359
1495 1358
1496 1360
1497 1361
1498 1358
1499 1358
1500 1357
1501 1356
1502 1361
1503 1356
1504 1355
1505 1357
1506 1358
1507 1357
1508 1358
1509 1357
1510 1358
1511 1357
1512 1357
1513 1358
1514 1354
1515 1355
1516 1357
1517 1355
1518 1358
1519 1355
1520 1358
1521 1359
1522 1357
1523 1358
1524 1358
1525 1357
1526 1357
1527 1357
1528 1356
1529 1360
1530 1359
1531 1356
1532 1359
1533 1358
1534 1359
1535 1358
1536 1357
1537 1358
1538 1357
1539 1355
1540 1357
1541 1359
1542 1356
1543 1356
1544 1361
1545 1358
1546 1357
1547 1357
1548 1357
1549 1359
1550 1356
1551 1357
1552 1355
1553 1357
1554 1359
1555 1358
1556 1357
1557 1358
1558 1357
1559 1358
1560 1357
1561 1357
1562 1358
1563 1358
1564 1356
1565 1357
1566 1356
1567 1357
1568 1355
1569 1358
1570 1355
1571 1361
1572 1359
1573 1355
1574 1358
1575 1356
1576 1360
1577 1357
1578 1357
1579 1356
1580 1360
1581 1356
1582 1358
1583 1357
1584 1357
1585 1356
1586 1357
1587 1357
1588 1361
1589 1359
1590 1359
1591 1358
1592 1358
1593 1359
1594 1358
1595 1357
1596 1357
1597 1358
1598 1358
1599 1356
1600 1355
1601 1356
1602 1357
1603 1358
1604 1355
1605 1358
1606 1354
1607 1357
1608 1354
1609 1355
1610 1358
1611 1358
1612 1357
1613 1359
1614 1356
1615 1356
1616 1359
1617 1359
1618 1356
1619 1356
1620 1357
1621 1358
1622 1357
1623 1359
1624 1356
1625 1358
1626 1356
1627 1356
1628 1356
1629 1356
1630 1356
1631 1361
1632 1357
1633 1361
1634 1357
1635 1358
1636 1358
1637 1358
1638 1355
1639 1359
1640 1352
1641 1359
1642 1355
1643 1357
1644 1360
1645 1356
1646 1355
1647 1358
1648 1358
1649 1356
1650 1357
1651 1359
1652 1357
1653 1358
1654 1355
1655 1358
1656 1359
1657 1360
1658 1356
1659 1354
1660 1356
1661 1358
1662 1357
1663 1357
1664 1357
1665 1358
1666 1359
1667 1358
1668 1357
1669 1357
1670 1359
1671 1358
1672 1354
1673 1355
1674 1355
1675 1358
1676 1355
1677 1354
1678 1357
1679 1356
1680 1354
1681 1357
1682 1355
1683 1357
1684 1357
1685 1355
1686 1357
1687 1356
1688 1359
1689 1357
1690 1357
1691 1354
1692 1357
1693 1355
1694 1355
1695 1355
1696 1356
1697 1356
1698 1355
1699 1355
1700 1354
1701 1355
1702 1361
1703 1356
1704 1356
1705 1356
1706 1357
1707 1355
1708 1355
1709 1354
1710 1354
1711 1358
1712 1357
1713 1358
1714 1358
1715 1358
1716 1357
1717 1357
1718 1354
1719 1356
1720 1357
1721 1357
1722 1356
1723 1356
1724 1357
1725 1357
1726 1356
1727 1356
1728 1356
1729 1354
1730 1356
1731 1357
1732 1355
1733 1353
1734 1356
1735 1355
1736 1357
1737 1356
1738 1356
1739 1356
1740 1356
1741 1356
1742 1357
1743 1358
1744 1357
1745 1355
1746 1358
1747 1356
1748 1354
1749 1352
1750 1354
1751 1356
1752 1358
1753 1357
1754 1357
1755 1358
1756 1354
1757 1356
1758 1356
1759 1357
1760 1356
1761 1357
1762 1354
1763 1353
1764 1354
1765 1354
1766 1356
1767 1359
1768 1354
1769 1354
1770 1357
1771 1357
1772 1357
1773 1356
1774 1354
1775 1357
1776 1357
1777 1359
1778 1358
1779 1356
1780 1357
1781 1357
1782 1355
1783 1356
1784 1350
1785 1356
1786 1354
1787 1355
1788 1355
1789 1352
1790 1352
1791 1355
1792 1359
1793 1358
1794 1356
1795 1353
1796 1354
1797 1356
1798 1356
1799 1354
1800 1354
1801 1356
1802 1354
1803 1354
1804 1354
1805 1355
1806 1357
1807 1358
1808 1355
1809 1355
1810 1355
1811 1353
1812 1357
1813 1357
1814 1356
1815 1352
1816 1354
1817 1357
1818 1358
1819 1358
1820 1355
1821 1356
1822 1354
1823 1358
1824 1356
1825 1356
1826 1357
1827 1356
1828 1355
1829 1356
1830 1358
1831 1356
1832 1354
1833 1355
1834 1357
1835 1358
1836 1358
1837 1358
1838 1359
1839 1357
1840 1355
1841 1357
1842 1356
1843 1356
1844 1353
1845 1357
1846 1358
1847 1356
1848 1354
1849 1355
1850 1358
1851 1356
1852 1354
1853 1357
1854 1357
1855 1357
1856 1355
1857 1354
1858 1353
1859 1357
1860 1356
1861 1356
1862 1357
1863 1359
1864 1357
1865 1356
1866 1357
1867 1355
1868 1354
1869 1356
1870 1357
1871 1357
1872 1357
1873 1355
1874 1354
1875 1356
1876 1353
1877 1356
1878 1353
1879 1356
1880 1357
1881 1357
1882 1357
1883 1355
1884 1357
1885 1357
1886 1354
1887 1358
1888 1357
1889 1354
1890 1356
1891 1354
1892 1357
1893 1357
1894 1355
1895 1353
1896 1354
1897 1354
1898 1357
1899 1359
1900 1360
1901 1359
1902 1359
1903 1355
1904 1357
1905 1357
1906 1357
1907 1356
1908 1357
1909 1355
1910 1357
1911 1356
1912 1356
1913 1356
1914 1354
1915 1355
1916 1358
1917 1355
1918 1356
1919 1356
1920 1357
1921 1359
1922 1355
1923 1355
1924 1356
1925 1357
1926 1357
1927 1356
1928 1356
1929 1357
1930 1357
1931 1358
1932 1357
1933 1356
1934 1357
1935 1356
1936 1354
1937 1357
1938 1356
1939 1356
1940 1360
1941 1356
1942 1355
1943 1357
1944 1359
1945 1356
1946 1357
1947 1355
1948 1357
1949 1356
1950 1357
1951 1359
1952 1358
1953 1356
1954 1357
1955 1354
1956 1358
1957 1356
1958 1357
1959 1355
1960 1358
1961 1356
1962 1356
1963 1356
1964 1356
1965 1355
1966 1355
1967 1357
1968 1355
1969 1354
1970 1354
1971 1357
1972 1360
1973 1357
1974 1355
1975 1356
1976 1358
1977 1356
1978 1356
1979 1354
1980 1357
1981 1356
1982 1356
1983 1354
1984 1355
1985 1358
1986 1357
1987 1357
1988 1359
1989 1358
1990 1357
1991 1357
1992 1362
1993 1359
1994 1357
1995 1357
1996 1357
1997 1358
1998 1358
1999 1356
2000 1355
2001 1354
2002 1357
2003 1356
2004 1358
2005 1357
2006 1356
2007 1355
2008 1356
2009 1354
2010 1358
2011 1354
2012 1357
2013 1358
2014 1358
2015 1354
2016 1357
2017 1355
2018 1357
2019 1358
2020 1357
2021 1358
2022 1360
2023 1355
2024 1357
2025 1358
2026 1357
2027 1357
2028 1355
2029 1356
2030 1361
2031 1358
2032 1355
2033 1356
2034 1355
2035 1356
2036 1357
2037 1357
2038 1357
2039 1358
2040 1357
2041 1357
2042 1357
2043 1356
2044 1358
2045 1357
2046 1358
2047 1357
2048 1358
2049 1357
2050 1355
2051 1356
2052 1357
2053 1354
2054 1356
2055 1357
2056 1356
2057 1357
2058 1355
2059 1357
2060 1356
2061 1359
2062 1359
2063 1354
2064 1357
2065 1356
2066 1356
2067 1358
2068 1358
2069 1356
2070 1355
2071 1356
2072 1357
2073 1357
2074 1354
2075 1359
2076 1357
2077 1356
2078 1355
2079 1356
2080 1358
2081 1358
2082 1357
2083 1356
2084 1354
2085 1358
2086 1358
2087 1355
2088 1357
2089 1356
2090 1357
2091 1355
2092 1358
2093 1355
2094 1355
2095 1352
2096 1356
2097 1355
2098 1356
2099 1356
2100 1355
2101 1356
2102 1356
2103 1355
2104 1356
2105 1353
2106 1356
2107 1356
2108 1357
2109 1357
2110 1358
2111 1357
2112 1357
2113 1356
2114 1356
2115 1356
2116 1359
2117 1356
2118 1357
2119 1356
2120 1356
2121 1355
2122 1354
2123 1352
2124 1357
2125 1355
2126 1356
2127 1354
2128 1356
2129 1354
2130 1357
2131 1358
2132 1357
2133 1356
2134 1352
2135 1355
2136 1357
2137 1356
2138 1357
2139 1357
2140 1356
2141 1354
2142 1357
2143 1356
2144 1360
2145 1359
2146 1358
2147 1356
2148 1356
2149 1352
2150 1352
2151 1358
2152 1361
2153 1357
2154 1355
2155 1355
2156 1357
2157 1358
2158 1358
2159 1356
2160 1357
2161 1356
2162 1355
2163 1355
2164 1357
2165 1358
2166 1357
2167 1356
2168 1356
2169 1356
2170 1356
2171 1356
2172 1360
2173 1359
2174 1354
2175 1351
2176 1353
2177 1358
2178 1359
2179 1356
2180 1356
2181 1356
2182 1357
2183 1354
2184 1356
2185 1357
2186 1357
2187 1356
2188 1355
2189 1355
2190 1357
2191 1360
2192 1357
2193 1353
2194 1357
2195 1355
2196 1357
2197 1356
2198 1357
2199 1356
2200 1357
2201 1356
2202 1356
2203 1357
2204 1355
2205 1356
2206 1359
2207 1358
2208 1356
2209 1358
2210 1357
2211 1355
2212 1356
2213 1355
2214 1355
2215 1355
2216 1354
2217 1358
2218 1358
2219 1357
2220 1358
2221 1356
2222 1359
2223 1357
2224 1357
2225 1357
2226 1356
2227 1356
2228 1355
2229 1358
2230 1358
2231 1359
2232 1357
2233 1356
2234 1356
2235 1357
2236 1358
2237 1357
2238 1357
2239 1356
2240 1359
2241 1357
2242 1358
2243 1355
2244 1356
2245 1354
2246 1358
2247 1356
2248 1355
2249 1355
2250 1354
2251 1354
2252 1357
2253 1356
2254 1354
2255 1358
2256 1356
2257 1358
2258 1357
2259 1356
2260 1358
2261 1354
2262 1358
2263 1357
2264 1357
2265 1355
2266 1354
2267 1356
2268 1357
2269 1355
2270 1356
2271 1356
2272 1357
2273 1358
2274 1359
2275 1359
2276 1357
2277 1355
2278 1355
2279 1357
2280 1357
2281 1357
2282 1357
2283 1356
2284 1356
2285 1357
2286 1355
2287 1357
2288 1357
2289 1357
2290 1356
2291 1358
2292 1357
2293 1355
2294 1357
2295 1357
2296 1358
2297 1360
2298 1360
2299 1356
2300 1358
2301 1358
2302 1357
2303 1355
2304 1357
2305 1359
2306 1359
2307 1358
2308 1359
2309 1358
2310 1357
2311 1360
2312 1359
2313 1362
2314 1357
2315 1357
2316 1357
2317 1356
2318 1357
2319 1357
2320 1357
2321 1357
2322 1356
2323 1359
2324 1358
2325 1360
2326 1358
2327 1358
2328 1356
2329 1354
2330 1353
2331 1358
2332 1364
2333 1362
2334 1358
2335 1355
2336 1357
2337 1356
2338 1354
2339 1357
2340 1353
2341 1357
2342 1361
2343 1356
2344 1356
2345 1355
2346 1358
2347 1357
2348 1357
2349 1358
2350 1356
2351 1354
2352 1359
2353 1360
2354 1357
2355 1352
2356 1355
2357 1357
2358 1358
2359 1359
2360 1356
2361 1357
2362 1357
2363 1356
2364 1355
2365 1356
2366 1358
2367 1356
2368 1356
2369 1356
2370 1355
2371 1358
2372 1358
2373 1357
2374 1358
2375 1355
2376 1357
2377 1356
2378 1357
2379 1355
2380 1353
2381 1357
2382 1356
2383 1356
2384 1356
2385 1360
2386 1360
2387 1360
2388 1357
2389 1357
2390 1358
2391 1356
2392 1358
2393 1360
2394 1357
2395 1355
2396 1356
2397 1354
2398 1354
2399 1356
2400 1358
2401 1358
2402 1357
2403 1356
2404 1356
2405 1356
2406 1358
2407 1357
2408 1356
2409 1357
2410 1357
2411 1356
2412 1358
2413 1355
2414 1356
2415 1358
2416 1358
2417 1357
2418 1357
2419 1356
2420 1360
2421 1356
2422 1356
2423 1356
2424 1355
2425 1356
2426 1355
2427 1358
2428 1355
2429 1356
2430 1357
2431 1357
2432 1358
2433 1357
2434 1356
2435 1353
2436 1357
2437 1356
2438 1355
2439 1354
2440 1354
2441 1354
2442 1356
2443 1357
2444 1357
2445 1358
2446 1356
2447 1356
2448 1355
2449 1357
2450 1359
2451 1356
2452 1358
2453 1358
2454 1357
2455 1359
2456 1357
2457 1357
2458 1357
2459 1356
2460 1357
2461 1356
2462 1355
2463 1355
2464 1356
2465 1356
2466 1357
2467 1356
2468 1356
2469 1356
2470 1356
2471 1356
2472 1356
2473 1353
2474 1353
2475 1354
2476 1357
2477 1355
2478 1354
2479 1357
2480 1357
2481 1359
2482 1357
2483 1355
2484 1356
2485 1354
2486 1355
2487 1357
2488 1356
2489 1356
2490 1357
2491 1354
2492 1355
2493 1352
2494 1353
2495 1356
2496 1358
2497 1356
2498 1354
2499 1356
2500 1358
2501 1357
2502 1356
2503 1355
2504 1359
2505 1355
2506 1357
2507 1355
2508 1352
2509 1354
2510 1356
2511 1357
2512 1360
2513 1356
2514 1357
2515 1355
2516 1356
2517 1358
2518 1358
2519 1358
2520 1354
2521 1356
2522 1357
2523 1356
2524 1357
2525 1354
2526 1356
2527 1356
2528 1356
2529 1356
2530 1359
2531 1356
2532 1353
2533 1359
2534 1357
2535 1355
2536 1354
2537 1358
2538 1358
2539 1359
2540 1357
2541 1354
2542 1353
2543 1355
2544 1355
2545 1358
2546 1359
2547 1359
2548 1356
2549 1354
2550 1355
2551 1356
2552 1355
2553 1359
2554 1356
2555 1356
2556 1355
2557 1357
2558 1355
2559 1353
2560 1353
2561 1356
2562 1356
2563 1358
2564 1354
2565 1355
2566 1357
2567 1357
2568 1355
2569 1358
2570 1357
2571 1355
2572 1359
2573 1357
2574 1359
2575 1356
2576 1358
2577 1358
2578 1358
2579 1357
2580 1356
2581 1356
2582 1357
2583 1355
2584 1356
2585 1357
2586 1355
2587 1356
2588 1356
2589 1356
2590 1356
2591 1355
2592 1357
2593 1356
2594 1356
2595 1357
2596 1356
2597 1356
2598 1355
2599 1356
2600 1354
2601 1360
2602 1358
2603 1358
2604 1354
2605 1359
2606 1357
2607 1357
2608 1357
2609 1357
2610 1358
2611 1357
2612 1357
2613 1358
2614 1359
2615 1358
2616 1354
2617 1357
2618 1357
2619 1357
2620 1359
2621 1356
2622 1358
2623 1356
2624 1358
2625 1356
2626 1353
2627 1353
2628 1357
2629 1356
2630 1358
2631 1355
2632 1358
2633 1357
2634 1356
2635 1358
2636 1356
2637 1354
2638 1354
2639 1357
2640 1357
2641 1358
2642 1355
2643 1354
2644 1354
2645 1355
2646 1352
2647 1354
2648 1355
2649 1355
2650 1356
2651 1356
2652 1357
2653 1359
2654 1357
2655 1359
2656 1357
2657 1358
2658 1355
2659 1358
2660 1356
2661 1357
2662 1356
2663 1356
2664 1353
2665 1353
2666 1357
2667 1357
2668 1357
2669 1357
2670 1357
2671 1356
2672 1355
2673 1355
2674 1353
2675 1355
2676 1357
2677 1357
2678 1356
2679 1353
2680 1356
2681 1355
2682 1355
2683 1354
2684 1356
2685 1354
2686 1359
2687 1358
2688 1357
2689 1352
2690 1355
2691 1360
2692 1361
2693 1357
2694 1357
2695 1356
2696 1358
2697 1357
2698 1353
2699 1356
2700 1355
2701 1357
2702 1357
2703 1356
2704 1355
2705 1356
2706 1358
2707 1356
2708 1355
2709 1357
2710 1359
2711 1356
2712 1355
2713 1358
2714 1359
2715 1355
2716 1353
2717 1356
2718 1356
2719 1357
2720 1356
2721 1356
2722 1357
2723 1357
2724 1354
2725 1356
2726 1356
2727 1359
2728 1358
2729 1357
2730 1356
2731 1358
2732 1356
2733 1357
2734 1357
2735 1356
2736 1355
2737 1357
2738 1354
2739 1357
2740 1356
2741 1358
2742 1357
2743 1356
2744 1358
2745 1356
2746 1357
2747 1358
2748 1357
2749 1357
2750 1357
2751 1357
2752 1357
2753 1356
2754 1358
2755 1356
2756 1358
2757 1357
2758 1356
2759 1357
2760 1357
2761 1357
2762 1355
2763 1356
2764 1355
2765 1357
2766 1357
2767 1359
2768 1357
2769 1356
2770 1357
2771 1356
2772 1358
2773 1360
2774 1357
2775 1357
2776 1358
2777 1357
2778 1357
2779 1357
2780 1358
2781 1357
2782 1358
2783 1354
2784 1357
2785 1358
2786 1359
2787 1357
2788 1358
2789 1357
2790 1359
2791 1358
2792 1357
2793 1359
2794 1357
2795 1356
2796 1357
2797 1357
2798 1357
2799 1356
2800 1358
2801 1356
2802 1355
2803 1357
2804 1357
2805 1360
2806 1360
2807 1358
2808 1356
2809 1355
2810 1357
2811 1360
2812 1356
2813 1358
2814 1357
2815 1359
2816 1356
2817 1357
2818 1356
2819 1359
2820 1357
2821 1358
2822 1356
2823 1355
2824 1356
2825 1358
2826 1356
2827 1358
2828 1356
2829 1356
2830 1358
2831 1358
2832 1358
2833 1356
2834 1356
2835 1356
2836 1357
2837 1357
2838 1357
2839 1358
2840 1357
2841 1357
2842 1354
2843 1358
2844 1357
2845 1360
2846 1357
2847 1356
2848 1356
2849 1359
2850 1358
2851 1359
2852 1358
2853 1357
2854 1357
2855 1358
2856 1357
2857 1358
2858 1354
2859 1359
2860 1357
2861 1356
2862 1358
2863 1356
2864 1358
2865 1359
2866 1357
2867 1357
2868 1355
2869 1358
2870 1356
2871 1358
2872 1360
2873 1357
2874 1356
2875 1356
2876 1360
2877 1361
2878 1362
2879 1357
2880 1356
2881 1354
2882 1356
2883 1358
2884 1355
2885 1356
2886 1358
2887 1357
2888 1356
2889 1359
2890 1356
2891 1355
2892 1357
2893 1361
2894 1357
2895 1353
2896 1355
2897 1358
2898 1359
2899 1355
2900 1354
2901 1358
2902 1356
2903 1356
2904 1355
2905 1356
2906 1357
2907 1356
2908 1357
2909 1355
2910 1356
2911 1359
2912 1357
2913 1355
2914 1357
2915 1356
2916 1356
2917 1356
2918 1358
2919 1358
2920 1358
2921 1359
2922 1357
2923 1356
2924 1356
2925 1356
2926 1354
2927 1356
2928 1357
2929 1358
2930 1357
2931 1355
2932 1354
2933 1357
2934 1357
2935 1356
2936 1356
2937 1355
2938 1354
2939 1356
2940 1359
2941 1358
2942 1357
2943 1356
2944 1357
2945 1356
2946 1356
2947 1356
2948 1356
2949 1356
2950 1354
2951 1354
2952 1357
2953 1352
2954 1356
2955 1356
2956 1358
2957 1355
2958 1355
2959 1356
2960 1358
2961 1356
2962 1358
2963 1356
2964 1357
2965 1358
2966 1356
2967 1359
2968 1358
2969 1356
2970 1356
2971 1354
2972 1358
2973 1355
2974 1356
2975 1356
2976 1356
2977 1354
2978 1354
2979 1356
2980 1355
2981 1358
2982 1357
2983 1356
2984 1355
2985 1356
2986 1357
2987 1357
2988 1357
2989 1356
2990 1357
2991 1353
2992 1355
2993 1356
2994 1357
2995 1357
2996 1359
2997 1356
2998 1359
2999 1357
3000 1358
3001 1356
3002 1356
3003 1356
3004 1358
3005 1357
3006 1358
3007 1356
3008 1356
3009 1354
3010 1357
3011 1356
3012 1355
3013 1355
3014 1356
3015 1357
3016 1358
3017 1356
3018 1358
3019 1355
3020 1357
3021 1356
3022 1355
3023 1356
3024 1360
3025 1358
3026 1357
3027 1358
3028 1356
3029 1357
3030 1356
3031 1356
3032 1357
3033 1357
3034 1360
3035 1358
3036 1357
3037 1355
3038 1354
3039 1353
3040 1355
3041 1357
3042 1355
3043 1357
3044 1357
3045 1357
3046 1357
3047 1356
3048 1355
3049 1356
3050 1354
3051 1355
3052 1361
3053 1362
3054 1356
3055 1356
3056 1356
3057 1357
3058 1356
3059 1355
3060 1357
3061 1356
3062 1359
3063 1356
3064 1357
3065 1358
3066 1356
3067 1355
3068 1358
3069 1357
3070 1358
3071 1357
3072 1355
3073 1359
3074 1359
3075 1355
3076 1356
3077 1358
3078 1357
3079 1359
3080 1355
3081 1356
3082 1358
3083 1356
3084 1356
3085 1354
3086 1356
3087 1357
3088 1355
3089 1356
3090 1353
3091 1355
3092 1360
3093 1356
3094 1356
3095 1358
3096 1356
3097 1356
3098 1357
3099 1357
3100 1356
3101 1356
3102 1356
3103 1356
3104 1359
3105 1356
3106 1360
3107 1361
3108 1360
3109 1357
3110 1357
3111 1356
3112 1356
3113 1356
3114 1356
3115 1358
3116 1358
3117 1357
3118 1356
3119 1356
3120 1359
3121 1356
3122 1356
3123 1354
3124 1359
3125 1355
3126 1355
3127 1356
3128 1356
3129 1353
3130 1358
3131 1355
3132 1359
3133 1358
3134 1357
3135 1353
3136 1356
3137 1356
3138 1354
3139 1355
3140 1356
3141 1356
3142 1355
3143 1353
3144 1355
3145 1356
3146 1356
3147 1355
3148 1357
3149 1356
3150 1358
3151 1355
3152 1358
3153 1359
3154 1356
3155 1356
3156 1356
3157 1356
3158 1356
3159 1354
3160 1353
3161 1356
3162 1353
3163 1355
3164 1356
3165 1358
3166 1355
3167 1355
3168 1357
3169 1353
3170 1356
3171 1354
3172 1358
3173 1355
3174 1357
3175 1356
3176 1358
3177 1355
3178 1356
3179 1353
3180 1357
3181 1356
3182 1357
3183 1354
3184 1359
3185 1356
3186 1360
3187 1354
3188 1356
3189 1356
3190 1355
3191 1356
3192 1356
3193 1353
3194 1358
3195 1358
3196 1356
3197 1355
3198 1356
3199 1354
3200 1357
3201 1353
3202 1358
3203 1355
3204 1358
3205 1354
3206 1357
3207 1355
3208 1357
3209 1353
3210 1355
3211 1354
3212 1357
3213 1355
3214 1355
3215 1354
3216 1355
3217 1354
3218 1355
3219 1352
3220 1356
3221 1355
3222 1356
3223 1354
3224 1359
3225 1356
3226 1357
3227 1356
3228 1356
3229 1354
3230 1352
3231 1354
3232 1358
3233 1355
3234 1356
3235 1356
3236 1360
3237 1355
3238 1355
3239 1356
3240 1355
3241 1357
3242 1356
3243 1357
3244 1358
3245 1357
3246 1360
3247 1355
3248 1359
3249 1356
3250 1357
3251 1356
3252 1357
3253 1355
3254 1357
3255 1355
3256 1355
3257 1356
3258 1355
3259 1354
3260 1357
3261 1357
3262 1357
3263 1356
3264 1357
3265 1356
3266 1358
3267 1356
3268 1356
3269 1354
3270 1358
3271 1359
3272 1358
3273 1357
3274 1357
3275 1358
3276 1357
3277 1355
3278 1357
3279 1357
3280 1355
3281 1356
3282 1358
3283 1356
3284 1354
3285 1353
3286 1358
3287 1356
3288 1356
3289 1356
3290 1355
3291 1356
3292 1357
3293 1357
3294 1356
3295 1357
3296 1356
3297 1356
3298 1355
3299 1357
3300 1356
3301 1358
3302 1356
3303 1353
3304 1356
3305 1355
3306 1356
3307 1355
3308 1357
3309 1358
3310 1357
3311 1355
3312 1355
3313 1356
3314 1358
3315 1357
3316 1357
3317 1356
3318 1355
3319 1354
3320 1353
3321 1358
3322 1358
3323 1357
3324 1357
3325 1356
3326 1358
3327 1357
3328 1359
3329 1358
3330 1360
3331 1357
3332 1355
3333 1355
3334 1358
3335 1357
3336 1355
3337 1356
3338 1359
3339 1357
3340 1362
3341 1356
3342 1356
3343 1354
3344 1358
3345 1353
3346 1356
3347 1356
3348 1357
3349 1358
3350 1354
3351 1357
3352 1358
3353 1355
3354 1356
3355 1355
3356 1356
3357 1359
3358 1358
3359 1356
3360 1357
3361 1358
3362 1357
3363 1357
3364 1356
3365 1357
3366 1360
3367 1357
3368 1358
3369 1355
3370 1354
3371 1356
3372 1356
3373 1356
3374 1358
3375 1358
3376 1360
3377 1356
3378 1358
3379 1355
3380 1357
3381 1357
3382 1357
3383 1354
3384 1355
3385 1356
3386 1356
3387 1358
3388 1357
3389 1354
3390 1358
3391 1355
3392 1357
3393 1358
3394 1356
3395 1354
3396 1358
3397 1357
3398 1360
3399 1355
3400 1356
3401 1357
3402 1357
3403 1359
3404 1355
3405 1355
3406 1357
3407 1357
3408 1357
3409 1356
3410 1356
3411 1356
3412 1357
3413 1356
3414 1357
3415 1355
3416 1357
3417 1358
3418 1357
3419 1356
3420 1357
3421 1355
3422 1358
3423 1356
3424 1358
3425 1357
3426 1356
3427 1356
3428 1355
3429 1356
3430 1357
3431 1356
3432 1356
3433 1355
3434 1359
3435 1354
3436 1355
3437 1355
3438 1356
3439 1359
3440 1357
3441 1357
3442 1355
3443 1356
3444 1356
3445 1355
3446 1355
3447 1356
3448 1355
3449 1355
3450 1356
3451 1358
3452 1357
3453 1355
3454 1357
3455 1356
3456 1357
3457 1357
3458 1355
3459 1356
3460 1354
3461 1356
3462 1353
3463 1357
3464 1357
3465 1358
3466 1356
3467 1354
3468 1353
3469 1354
3470 1355
3471 1356
3472 1357
3473 1357
3474 1356
3475 1356
3476 1357
3477 1355
3478 1356
3479 1356
3480 1357
3481 1356
3482 1359
3483 1356
3484 1357
3485 1356
3486 1356
3487 1354
3488 1357
3489 1358
3490 1357
3491 1356
3492 1358
3493 1357
3494 1355
3495 1357
3496 1357
3497 1356
3498 1354
3499 1357
3500 1356
3501 1357
3502 1355
3503 1358
3504 1354
3505 1356
3506 1355
3507 1354
3508 1358
3509 1355
3510 1355
3511 1352
3512 1357
3513 1355
3514 1358
3515 1355
3516 1356
3517 1356
3518 1357
3519 1356
3520 1358
3521 1355
3522 1357
3523 1353
3524 1356
3525 1356
3526 1356
3527 1357
3528 1357
3529 1357
3530 1355
3531 1354
3532 1356
3533 1354
3534 1356
3535 1356
3536 1354
3537 1355
3538 1356
3539 1353
3540 1356
3541 1358
3542 1357
3543 1356
3544 1354
3545 1355
3546 1357
3547 1354
3548 1358
3549 1356
3550 1357
3551 1355
3552 1356
3553 1356
3554 1357
3555 1356
3556 1356
3557 1356
3558 1357
3559 1356
3560 1355
3561 1355
3562 1357
3563 1353
3564 1356
3565 1354
3566 1356
3567 1356
3568 1356
3569 1354
3570 1355
3571 1356
3572 1357
3573 1356
3574 1356
3575 1354
3576 1354
3577 1353
3578 1357
3579 1357
3580 1357
3581 1356
3582 1357
3583 1357
3584 1359
3585 1355
3586 1357
3587 1352
3588 1356
3589 1353
3590 1355
3591 1356
3592 1358
3593 1355
3594 1354
3595 1355
3596 1356
3597 1355
3598 1355
3599 1353
3600 1357
3601 1356
3602 1358
3603 1360
3604 1358
3605 1356
3606 1361
3607 1356
3608 1357
3609 1356
3610 1357
3611 1357
3612 1357
3613 1358
3614 1357
3615 1355
3616 1357
3617 1356
3618 1356
3619 1355
3620 1357
3621 1357
3622 1357
3623 1356
3624 1355
3625 1356
3626 1357
3627 1354
3628 1358
3629 1354
3630 1358
3631 1356
3632 1356
3633 1357
3634 1357
3635 1356
3636 1360
3637 1354
3638 1356
3639 1357
3640 1357
3641 1358
3642 1355
3643 1356
3644 1356
3645 1356
3646 1357
3647 1359
3648 1356
3649 1357
3650 1358
3651 1356
3652 1357
3653 1358
3654 1357
3655 1356
3656 1357
3657 1356
3658 1356
3659 1358
3660 1359
3661 1356
3662 1355
3663 1355
3664 1358
3665 1359
3666 1357
3667 1355
3668 1359
3669 1358
3670 1358
3671 1356
3672 1358
3673 1355
3674 1357
3675 1356
3676 1356
3677 1359
3678 1358
3679 1357
3680 1356
3681 1356
3682 1359
3683 1356
3684 1356
3685 1356
3686 1357
3687 1357
3688 1356
3689 1354
3690 1357
3691 1356
3692 1355
3693 1358
3694 1355
3695 1357
3696 1358
3697 1355
3698 1359
3699 1358
3700 1356
3701 1359
3702 1357
3703 1355
3704 1355
3705 1357
3706 1360
3707 1359
3708 1358
3709 1357
3710 1359
3711 1354
3712 1356
3713 1355
3714 1357
3715 1356
3716 1356
3717 1356
3718 1357
3719 1355
3720 1358
3721 1354
3722 1357
3723 1358
3724 1357
3725 1358
3726 1358
3727 1356
3728 1360
3729 1356
3730 1356
3731 1358
3732 1357
3733 1357
3734 1357
3735 1356
3736 1358
3737 1356
3738 1358
3739 1355
3740 1356
3741 1358
3742 1355
3743 1355
3744 1357
3745 1356
3746 1356
3747 1357
3748 1358
3749 1357
3750 1356
3751 1355
3752 1355
3753 1354
3754 1355
3755 1356
3756 1357
3757 1358
3758 1356
3759 1355
3760 1355
3761 1356
3762 1356
3763 1358
3764 1355
3765 1356
3766 1358
3767 1356
3768 1356
3769 1356
3770 1355
3771 1358
3772 1357
3773 1357
3774 1355
3775 1355
3776 1356
3777 1357
3778 1355
3779 1356
3780 1357
3781 1358
3782 1355
3783 1358
3784 1357
3785 1356
3786 1357
3787 1357
3788 1357
3789 1358
3790 1357
3791 1357
3792 1358
3793 1357
3794 1358
3795 1358
3796 1358
3797 1355
3798 1360
3799 1356
3800 1358
3801 1357
3802 1357
3803 1356
3804 1357
3805 1355
3806 1356
3807 1358
3808 1357
3809 1357
3810 1357
3811 1356
3812 1356
3813 1354
3814 1355
3815 1358
3816 1355
3817 1356
3818 1356
3819 1356
3820 1357
3821 1357
3822 1355
3823 1357
3824 1357
3825 1357
3826 1356
3827 1356
3828 1355
3829 1357
3830 1359
3831 1356
3832 1358
3833 1356
3834 1357
3835 1356
3836 1355
3837 1356
3838 1357
3839 1354
3840 1354
3841 1356
3842 1358
3843 1355
3844 1354
3845 1354
3846 1356
3847 1355
3848 1357
3849 1356
3850 1357
3851 1356
3852 1358
3853 1356
3854 1356
3855 1355
3856 1356
3857 1357
3858 1358
3859 1355
3860 1356
3861 1355
3862 1357
3863 1357
3864 1357
3865 1356
3866 1355
3867 1356
3868 1357
3869 1356
3870 1354
3871 1356
3872 1357
3873 1358
3874 1356
3875 1358
3876 1358
3877 1356
3878 1359
3879 1358
3880 1358
3881 1355
3882 1357
3883 1357
3884 1355
3885 1357
3886 1359
3887 1360
3888 1358
3889 1355
3890 1354
3891 1359
3892 1356
3893 1354
3894 1355
3895 1356
3896 1355
3897 1357
3898 1357
3899 1356
3900 1355
3901 1358
3902 1357
3903 1356
3904 1354
3905 1357
3906 1356
3907 1356
3908 1355
3909 1356
3910 1361
3911 1358
3912 1358
3913 1356
3914 1356
3915 1357
3916 1360
3917 1362
3918 1357
3919 1359
3920 1355
3921 1356
3922 1357
3923 1357
3924 1357
3925 1355
3926 1354
3927 1357
3928 1356
3929 1358
3930 1356
3931 1354
3932 1357
3933 1353
3934 1355
3935 1355
3936 1358
3937 1357
3938 1357
3939 1354
3940 1358
3941 1358
3942 1356
3943 1357
3944 1357
3945 1358
3946 1356
3947 1355
3948 1355
3949 1356
3950 1357
3951 1357
3952 1358
3953 1357
3954 1357
3955 1356
3956 1357
3957 1354
3958 1353
3959 1354
3960 1357
3961 1356
3962 1357
3963 1354
3964 1355
3965 1355
3966 1356
3967 1353
3968 1357
3969 1355
3970 1358
3971 1357
3972 1354
3973 1355
3974 1356
3975 1356
3976 1357
3977 1356
3978 1356
3979 1357
3980 1355
3981 1357
3982 1360
3983 1358
3984 1357
3985 1356
3986 1356
3987 1356
3988 1356
3989 1354
3990 1354
3991 1356
3992 1356
3993 1355
3994 1357
3995 1355
3996 1357
3997 1356
3998 1360
3999 1357
