0 1356
1 1357
2 1355
3 1356
4 1354
5 1354
6 1355
7 1354
8 1356
9 1357
10 1358
11 1354
12 1354
13 1354
14 1354
15 1354
16 1356
17 1358
18 1355
19 1357
20 1358
21 1356
22 1357
23 1356
24 1354
25 1356
26 1353
27 1354
28 1357
29 1354
30 1352
31 1354
32 1351
33 1355
34 1355
35 1354
36 1351
37 1355
38 1355
39 1356
40 1355
41 1354
42 1354
43 1356
44 1353
45 1357
46 1355
47 1357
48 1356
49 1356
50 1357
51 1357
52 1357
53 1357
54 1354
55 1355
56 1356
57 1355
58 1355
59 1356
60 1356
61 1353
62 1355
63 1356
64 1357
65 1357
66 1355
67 1354
68 1357
69 1358
70 1355
71 1356
72 1356
73 1358
74 1355
75 1354
76 1355
77 1357
78 1358
79 1356
80 1355
81 1354
82 1360
83 1356
84 1355
85 1356
86 1357
87 1354
88 1357
89 1353
90 1358
91 1357
92 1358
93 1355
94 1353
95 1355
96 1354
97 1356
98 1355
99 1353
100 1356
101 1356
102 1356
103 1353
104 1357
105 1358
106 1358
107 1353
108 1354
109 1354
110 1354
111 1353
112 1358
113 1356
114 1354
115 1354
116 1357
117 1355
118 1357
119 1356
120 1355
121 1352
122 1356
123 1356
124 1355
125 1351
126 1355
127 1354
128 1354
129 1356
130 1358
131 1357
132 1357
133 1357
134 1356
135 1357
136 1358
137 1354
138 1356
139 1354
140 1355
141 1356
142 1355
143 1358
144 1357
145 1355
146 1357
147 1355
148 1354
149 1355
150 1357
151 1358
152 1358
153 1356
154 1355
155 1354
156 1356
157 1356
158 1355
159 1356
160 1357
161 1356
162 1357
163 1356
164 1355
165 1353
166 1357
167 1355
168 1359
169 1356
170 1355
171 1355
172 1358
173 1353
174 1357
175 1350
176 1357
177 1354
178 1357
179 1356
180 1356
181 1352
182 1354
183 1356
184 1355
185 1354
186 1355
187 1353
188 1354
189 1352
190 1357
191 1353
192 1356
193 1354
194 1357
195 1358
196 1358
197 1357
198 1354
199 1356
200 1356
201 1359
202 1358
203 1356
204 1357
205 1356
206 1356
207 1355
208 1359
209 1356
210 1356
211 1354
212 1356
213 1356
214 1356
215 1353
216 1355
217 1356
218 1359
219 1356
220 1357
221 1356
222 1356
223 1356
224 1357
225 1356
226 1357
227 1355
228 1356
229 1355
230 1354
231 1356
232 1357
233 1356
234 1355
235 1352
236 1357
237 1357
238 1356
239 1354
240 1354
241 1354
242 1356
243 1355
244 1356
245 1352
246 1356
247 1356
248 1355
249 1354
250 1355
251 1352
252 1353
253 1354
254 1359
255 1359
256 1358
257 1354
258 1355
259 1356
260 1356
261 1354
262 1358
263 1356
264 1356
265 1356
266 1356
267 1355
268 1352
269 1353
270 1356
271 1355
272 1356
273 1354
274 1356
275 1355
276 1357
277 1354
278 1358
279 1353
280 1354
281 1356
282 1355
283 1355
284 1353
285 1356
286 1357
287 1356
288 1356
289 1355
290 1354
291 1354
292 1355
293 1356
294 1358
295 1357
296 1357
297 1354
298 1355
299 1356
300 1357
301 1356
302 1355
303 1355
304 1357
305 1357
306 1353
307 1357
308 1354
309 1356
310 1358
311 1356
312 1356
313 1354
314 1354
315 1359
316 1356
317 1356
318 1358
319 1359
320 1358
321 1360
322 1356
323 1358
324 1357
325 1355
326 1359
327 1357
328 1356
329 1357
330 1356
331 1356
332 1354
333 1356
334 1358
335 1356
336 1356
337 1354
338 1356
339 1356
340 1356
341 1354
342 1356
343 1356
344 1356
345 1356
346 1355
347 1358
348 1357
349 1354
350 1357
351 1359
352 1356
353 1356
354 1352
355 1353
356 1357
357 1356
358 1357
359 1354
360 1355
361 1355
362 1356
363 1357
364 1355
365 1355
366 1355
367 1356
368 1356
369 1355
370 1356
371 1353
372 1357
373 1354
374 1353
375 1355
376 1356
377 1357
378 1357
379 1357
380 1357
381 1355
382 1356
383 1354
384 1356
385 1357
386 1357
387 1358
388 1356
389 1355
390 1357
391 1357
392 1357
393 1357
394 1354
395 1356
396 1355
397 1356
398 1356
399 1355
400 1356
401 1356
402 1353
403 1356
404 1356
405 1355
406 1355
407 1355
408 1357
409 1357
410 1356
411 1354
412 1356
413 1357
414 1358
415 1354
416 1357
417 1356
418 1357
419 1355
420 1353
421 1355
422 1354
423 1355
424 1356
425 1355
426 1356
427 1356
428 1356
429 1357
430 1357
431 1356
432 1355
433 1357
434 1357
435 1355
436 1358
437 1356
438 1354
439 1356
440 1353
441 1358
442 1355
443 1355
444 1356
445 1356
446 1357
447 1354
448 1356
449 1357
450 1358
451 1358
452 1358
453 1354
454 1357
455 1357
456 1356
457 1356
458 1358
459 1355
460 1359
461 1353
462 1355
463 1355
464 1357
465 1356
466 1358
467 1358
468 1359
469 1356
470 1357
471 1355
472 1358
473 1357
474 1359
475 1356
476 1358
477 1356
478 1358
479 1358
480 1355
481 1356
482 1359
483 1358
484 1357
485 1358
486 1357
487 1356
488 1359
489 1356
490 1357
491 1355
492 1353
493 1355
494 1355
495 1355
496 1357
497 1354
498 1359
499 1356
500 1355
501 1356
502 1356
503 1355
504 1356
505 1357
506 1357
507 1355
508 1355
509 1355
510 1358
511 1357
512 1356
513 1356
514 1358
515 1356
516 1356
517 1356
518 1357
519 1358
520 1357
521 1356
522 1360
523 1355
524 1355
525 1356
526 1355
527 1356
528 1357
529 1358
530 1353
531 1356
532 1358
533 1357
534 1359
535 1358
536 1358
537 1359
538 1360
539 1365
540 1371
541 1379
542 1389
543 1402
544 1421
545 1443
546 1465
547 1492
548 1517
549 1546
550 1573
551 1600
552 1618
553 1637
554 1657
555 1676
556 1687
557 1700
558 1709
559 1715
560 1710
561 1711
562 1709
563 1710
564 1700
565 1696
566 1685
567 1675
568 1662
569 1651
570 1640
571 1628
572 1613
573 1601
574 1588
575 1576
576 1560
577 1549
578 1539
579 1530
580 1520
581 1506
582 1496
583 1491
584 1485
585 1477
586 1468
587 1468
588 1459
589 1452
590 1442
591 1440
592 1434
593 1427
594 1421
595 1415
596 1417
597 1411
598 1407
599 1402
600 1400
601 1395
602 1395
603 1388
604 1391
605 1388
606 1387
607 1386
608 1383
609 1381
610 1381
611 1377
612 1373
613 1374
614 1370
615 1367
616 1368
617 1368
618 1366
619 1366
620 1366
621 1364
622 1366
623 1363
624 1364
625 1362
626 1367
627 1363
628 1361
629 1359
630 1364
631 1362
632 1359
633 1359
634 1358
635 1361
636 1360
637 1361
638 1359
639 1358
640 1359
641 1359
642 1356
643 1355
644 1357
645 1356
646 1357
647 1359
648 1357
649 1358
650 1358
651 1358
652 1358
653 1358
654 1357
655 1362
656 1359
657 1359
658 1357
659 1356
660 1356
661 1356
662 1357
663 1361
664 1358
665 1356
666 1358
667 1356
668 1356
669 1356
670 1353
671 1355
672 1357
673 1355
674 1356
675 1357
676 1357
677 1358
678 1357
679 1354
680 1357
681 1356
682 1357
683 1356
684 1355
685 1354
686 1358
687 1359
688 1359
689 1357
690 1360
691 1357
692 1358
693 1356
694 1360
695 1358
696 1357
697 1356
698 1357
699 1356
700 1357
701 1358
702 1357
703 1356
704 1354
705 1356
706 1356
707 1356
708 1353
709 1360
710 1358
711 1360
712 1358
713 1359
714 1356
715 1356
716 1355
717 1357
718 1355
719 1354
720 1354
721 1356
722 1355
723 1353
724 1356
725 1357
726 1356
727 1356
728 1357
729 1355
730 1356
731 1354
732 1356
733 1357
734 1355
735 1356
736 1355
737 1357
738 1357
739 1357
740 1353
741 1357
742 1357
743 1357
744 1356
745 1355
746 1357
747 1354
748 1356
749 1356
750 1357
751 1356
752 1357
753 1358
754 1357
755 1356
756 1358
757 1356
758 1355
759 1355
760 1351
761 1356
762 1356
763 1354
764 1354
765 1356
766 1357
767 1355
768 1357
769 1356
770 1357
771 1355
772 1354
773 1356
774 1355
775 1356
776 1357
777 1355
778 1353
779 1355
780 1358
781 1357
782 1357
783 1353
784 1356
785 1354
786 1353
787 1355
788 1355
789 1356
790 1352
791 1356
792 1355
793 1355
794 1355
795 1358
796 1355
797 1354
798 1356
799 1355
800 1357
801 1358
802 1357
803 1354
804 1354
805 1356
806 1357
807 1356
808 1355
809 1359
810 1356
811 1357
812 1357
813 1355
814 1356
815 1359
816 1356
817 1356
818 1359
819 1357
820 1358
821 1356
822 1358
823 1356
824 1358
825 1354
826 1357
827 1357
828 1357
829 1357
830 1356
831 1357
832 1357
833 1354
834 1357
835 1355
836 1356
837 1357
838 1356
839 1356
840 1360
841 1361
842 1357
843 1356
844 1359
845 1356
846 1358
847 1356
848 1357
849 1354
850 1358
851 1353
852 1359
853 1357
854 1358
855 1355
856 1357
857 1357
858 1356
859 1357
860 1358
861 1356
862 1358
863 1360
864 1356
865 1354
866 1355
867 1355
868 1359
869 1355
870 1357
871 1353
872 1362
873 1358
874 1358
875 1357
876 1356
877 1356
878 1357
879 1356
880 1354
881 1356
882 1358
883 1355
884 1357
885 1358
886 1357
887 1355
888 1354
889 1353
890 1357
891 1356
892 1358
893 1356
894 1358
895 1356
896 1355
897 1354
898 1358
899 1357
900 1357
901 1356
902 1357
903 1359
904 1357
905 1356
906 1359
907 1354
908 1355
909 1357
910 1357
911 1357
912 1355
913 1354
914 1354
915 1356
916 1355
917 1354
918 1357
919 1356
920 1356
921 1356
922 1355
923 1355
924 1356
925 1356
926 1356
927 1355
928 1356
929 1356
930 1359
931 1357
932 1356
933 1357
934 1358
935 1355
936 1359
937 1355
938 1355
939 1354
940 1356
941 1358
942 1355
943 1357
944 1355
945 1355
946 1356
947 1356
948 1355
949 1356
950 1354
951 1357
952 1358
953 1356
954 1358
955 1354
956 1358
957 1357
958 1357
959 1354
960 1357
961 1355
962 1359
963 1356
964 1356
965 1358
966 1357
967 1358
968 1355
969 1354
970 1359
971 1357
972 1357
973 1355
974 1357
975 1352
976 1355
977 1356
978 1353
979 1354
980 1358
981 1360
982 1356
983 1356
984 1355
985 1355
986 1356
987 1357
988 1353
989 1358
990 1357
991 1356
992 1357
993 1356
994 1355
995 1357
996 1357
997 1358
998 1355
999 1357
1000 1353
1001 1354
1002 1359
1003 1357
1004 1355
1005 1354
1006 1356
1007 1355
1008 1355
1009 1356
1010 1356
1011 1357
1012 1356
1013 1358
1014 1354
1015 1359
1016 1357
1017 1356
1018 1357
1019 1357
1020 1358
1021 1356
1022 1357
1023 1356
1024 1355
1025 1357
1026 1355
1027 1355
1028 1356
1029 1356
1030 1355
1031 1355
1032 1358
1033 1355
1034 1355
1035 1355
1036 1353
1037 1356
1038 1357
1039 1356
1040 1355
1041 1356
1042 1356
1043 1354
1044 1357
1045 1357
1046 1357
1047 1356
1048 1355
1049 1358
1050 1357
1051 1357
1052 1358
1053 1356
1054 1357
1055 1359
1056 1357
1057 1356
1058 1357
1059 1357
1060 1358
1061 1360
1062 1359
1063 1359
1064 1354
1065 1359
1066 1358
1067 1353
1068 1358
1069 1356
1070 1357
1071 1356
1072 1354
1073 1354
1074 1356
1075 1355
1076 1354
1077 1356
1078 1355
1079 1355
1080 1357
1081 1358
1082 1357
1083 1356
1084 1357
1085 1358
1086 1358
1087 1357
1088 1357
1089 1355
1090 1354
1091 1356
1092 1355
1093 1357
1094 1357
1095 1356
1096 1356
1097 1355
1098 1358
1099 1353
1100 1357
1101 1354
1102 1356
1103 1354
1104 1356
1105 1356
1106 1357
1107 1356
1108 1356
1109 1354
1110 1356
1111 1356
1112 1355
1113 1356
1114 1358
1115 1355
1116 1357
1117 1356
1118 1357
1119 1356
1120 1355
1121 1355
1122 1358
1123 1356
1124 1358
1125 1355
1126 1355
1127 1359
1128 1356
1129 1355
1130 1355
1131 1356
1132 1354
1133 1356
1134 1354
1135 1356
1136 1356
1137 1357
1138 1354
1139 1358
1140 1357
1141 1357
1142 1356
1143 1357
1144 1357
1145 1355
1146 1356
1147 1357
1148 1360
1149 1357
1150 1357
1151 1356
1152 1354
1153 1353
1154 1355
1155 1357
1156 1355
1157 1358
1158 1356
1159 1356
1160 1354
1161 1356
1162 1356
1163 1356
1164 1354
1165 1357
1166 1354
1167 1355
1168 1355
1169 1356
1170 1355
1171 1357
1172 1353
1173 1358
1174 1353
1175 1356
1176 1355
1177 1359
1178 1356
1179 1357
1180 1358
1181 1357
1182 1355
1183 1358
1184 1356
1185 1357
1186 1355
1187 1356
1188 1356
1189 1357
1190 1355
1191 1352
1192 1356
1193 1357
1194 1355
1195 1356
1196 1357
1197 1355
1198 1351
1199 1355
1200 1357
1201 1355
1202 1355
1203 1356
1204 1354
1205 1354
1206 1355
1207 1354
1208 1355
1209 1354
1210 1357
1211 1356
1212 1356
1213 1356
1214 1358
1215 1356
1216 1355
1217 1355
1218 1356
1219 1356
1220 1356
1221 1356
1222 1353
1223 1355
1224 1353
1225 1357
1226 1359
1227 1356
1228 1356
1229 1357
1230 1355
1231 1356
1232 1355
1233 1356
1234 1355
1235 1360
1236 1357
1237 1358
1238 1361
1239 1358
1240 1354
1241 1355
1242 1357
1243 1357
1244 1357
1245 1356
1246 1355
1247 1354
1248 1355
1249 1355
1250 1352
1251 1356
1252 1358
1253 1357
1254 1355
1255 1356
1256 1357
1257 1356
1258 1358
1259 1357
1260 1357
1261 1355
1262 1357
1263 1357
1264 1356
1265 1356
1266 1355
1267 1357
1268 1357
1269 1356
1270 1361
1271 1357
1272 1356
1273 1357
1274 1355
1275 1356
1276 1359
1277 1355
1278 1354
1279 1354
1280 1357
1281 1354
1282 1353
1283 1355
1284 1354
1285 1356
1286 1353
1287 1354
1288 1355
1289 1357
1290 1354
1291 1356
1292 1356
1293 1356
1294 1357
1295 1356
1296 1355
1297 1356
1298 1356
1299 1356
1300 1357
1301 1357
1302 1358
1303 1356
1304 1356
1305 1357
1306 1357
1307 1355
1308 1356
1309 1356
1310 1357
1311 1356
1312 1354
1313 1356
1314 1356
1315 1356
1316 1355
1317 1354
1318 1357
1319 1355
1320 1356
1321 1355
1322 1356
1323 1356
1324 1357
1325 1358
1326 1357
1327 1356
1328 1355
1329 1356
1330 1353
1331 1356
1332 1355
1333 1356
1334 1358
1335 1355
1336 1355
1337 1357
1338 1354
1339 1352
1340 1355
1341 1355
1342 1356
1343 1355
1344 1359
1345 1357
1346 1355
1347 1354
1348 1355
1349 1355
1350 1357
1351 1360
1352 1357
1353 1356
1354 1358
1355 1357
1356 1358
1357 1355
1358 1353
1359 1355
1360 1357
1361 1357
1362 1357
1363 1356
1364 1356
1365 1356
1366 1357
1367 1355
1368 1358
1369 1355
1370 1355
1371 1354
1372 1355
1373 1353
1374 1350
1375 1355
1376 1356
1377 1358
1378 1356
1379 1357
1380 1354
1381 1355
1382 1355
1383 1354
1384 1357
1385 1355
1386 1355
1387 1356
1388 1355
1389 1356
1390 1357
1391 1357
1392 1356
1393 1355
1394 1354
1395 1356
1396 1357
1397 1357
1398 1356
1399 1354
1400 1355
1401 1356
1402 1358
1403 1355
1404 1356
1405 1354
1406 1353
1407 1352
1408 1357
1409 1356
1410 1357
1411 1354
1412 1359
1413 1355
1414 1357
1415 1355
1416 1357
1417 1356
1418 1359
1419 1354
1420 1356
1421 1355
1422 1356
1423 1355
1424 1356
1425 1356
1426 1357
1427 1356
1428 1357
1429 1354
1430 1357
1431 1355
1432 1355
1433 1355
1434 1356
1435 1354
1436 1358
1437 1357
1438 1357
1439 1356
1440 1358
1441 1355
1442 1356
1443 1357
1444 1355
1445 1354
1446 1355
1447 1354
1448 1355
1449 1355
1450 1358
1451 1356
1452 1355
1453 1355
1454 1360
1455 1355
1456 1356
1457 1354
1458 1354
1459 1355
1460 1356
1461 1357
1462 1353
1463 1356
1464 1357
1465 1355
1466 1358
1467 1356
1468 1356
1469 1355
1470 1357
1471 1357
1472 1356
1473 1356
1474 1355
1475 1355
1476 1357
1477 1356
1478 1358
1479 1355
1480 1358
1481 1358
1482 1358
1483 1357
1484 1357
1485 1356
1486 1357
1487 1357
1488 1356
1489 1355
1490 1356
1491 1355
1492 1358
1493 1356
1494 1355
1495 1354
1496 1355
1497 1356
1498 1357
1499 1354
1500 1356
1501 1355
1502 1356
1503 1356
1504 1357
1505 1353
1506 1355
1507 1353
1508 1357
1509 1356
1510 1357
1511 1357
1512 1358
1513 1356
1514 1355
1515 1354
1516 1356
1517 1355
1518 1356
1519 1354
1520 1355
1521 1354
1522 1357
1523 1357
1524 1353
1525 1353
1526 1354
1527 1354
1528 1355
1529 1355
1530 1356
1531 1357
1532 1357
1533 1356
1534 1356
1535 1356
1536 1356
1537 1356
1538 1354
1539 1353
1540 1353
1541 1356
1542 1357
1543 1356
1544 1357
1545 1356
1546 1353
1547 1357
1548 1357
1549 1356
1550 1356
1551 1354
1552 1355
1553 1354
1554 1357
1555 1357
1556 1354
1557 1354
1558 1355
1559 1354
1560 1358
1561 1356
1562 1357
1563 1354
1564 1353
1565 1356
1566 1355
1567 1356
1568 1355
1569 1356
1570 1357
1571 1354
1572 1356
1573 1355
1574 1358
1575 1356
1576 1357
1577 1358
1578 1354
1579 1354
1580 1355
1581 1358
1582 1357
1583 1354
1584 1355
1585 1357
1586 1357
1587 1355
1588 1356
1589 1354
1590 1355
1591 1355
1592 1358
1593 1355
1594 1357
1595 1357
1596 1358
1597 1357
1598 1357
1599 1357
1600 1357
1601 1355
1602 1357
1603 1354
1604 1358
1605 1357
1606 1357
1607 1355
1608 1359
1609 1355
1610 1354
1611 1356
1612 1358
1613 1354
1614 1358
1615 1355
1616 1357
1617 1357
1618 1355
1619 1357
1620 1357
1621 1359
1622 1355
1623 1356
1624 1360
1625 1359
1626 1357
1627 1356
1628 1357
1629 1359
1630 1358
1631 1355
1632 1355
1633 1358
1634 1355
1635 1356
1636 1357
1637 1356
1638 1357
1639 1356
1640 1356
1641 1355
1642 1356
1643 1357
1644 1355
1645 1356
1646 1356
1647 1354
1648 1357
1649 1354
1650 1357
1651 1358
1652 1357
1653 1355
1654 1355
1655 1356
1656 1356
1657 1355
1658 1356
1659 1356
1660 1356
1661 1359
1662 1356
1663 1357
1664 1355
1665 1356
1666 1357
1667 1355
1668 1355
1669 1356
1670 1358
1671 1357
1672 1353
1673 1354
1674 1357
1675 1356
1676 1355
1677 1356
1678 1355
1679 1354
1680 1358
1681 1356
1682 1354
1683 1356
1684 1355
1685 1355
1686 1356
1687 1356
1688 1357
1689 1357
1690 1355
1691 1354
1692 1357
1693 1355
1694 1356
1695 1357
1696 1355
1697 1358
1698 1357
1699 1356
1700 1354
1701 1356
1702 1357
1703 1358
1704 1356
1705 1356
1706 1357
1707 1355
1708 1357
1709 1354
1710 1353
1711 1357
1712 1354
1713 1356
1714 1351
1715 1355
1716 1356
1717 1356
1718 1356
1719 1356
1720 1356
1721 1357
1722 1355
1723 1358
1724 1355
1725 1356
1726 1357
1727 1356
1728 1357
1729 1357
1730 1354
1731 1356
1732 1359
1733 1357
1734 1354
1735 1353
1736 1354
1737 1356
1738 1357
1739 1356
1740 1355
1741 1356
1742 1358
1743 1356
1744 1356
1745 1356
1746 1356
1747 1357
1748 1355
1749 1355
1750 1354
1751 1358
1752 1356
1753 1356
1754 1355
1755 1357
1756 1355
1757 1357
1758 1358
1759 1353
1760 1354
1761 1359
1762 1361
1763 1362
1764 1355
1765 1356
1766 1357
1767 1356
1768 1356
1769 1356
1770 1358
1771 1356
1772 1357
1773 1356
1774 1357
1775 1354
1776 1357
1777 1356
1778 1355
1779 1356
1780 1357
1781 1353
1782 1357
1783 1359
1784 1359
1785 1355
1786 1356
1787 1357
1788 1360
1789 1357
1790 1357
1791 1357
1792 1357
1793 1356
1794 1354
1795 1355
1796 1355
1797 1355
1798 1353
1799 1357
1800 1357
1801 1358
1802 1353
1803 1354
1804 1357
1805 1356
1806 1356
1807 1358
1808 1356
1809 1355
1810 1354
1811 1353
1812 1356
1813 1357
1814 1357
1815 1357
1816 1356
1817 1357
1818 1356
1819 1354
1820 1354
1821 1355
1822 1356
1823 1360
1824 1357
1825 1357
1826 1357
1827 1356
1828 1357
1829 1355
1830 1357
1831 1355
1832 1357
1833 1357
1834 1357
1835 1356
1836 1355
1837 1354
1838 1355
1839 1356
1840 1355
1841 1356
1842 1356
1843 1355
1844 1355
1845 1356
1846 1354
1847 1356
1848 1358
1849 1358
1850 1356
1851 1357
1852 1354
1853 1356
1854 1355
1855 1358
1856 1356
1857 1355
1858 1356
1859 1356
1860 1356
1861 1356
1862 1353
1863 1356
1864 1356
1865 1357
1866 1356
1867 1356
1868 1353
1869 1357
1870 1354
1871 1357
1872 1353
1873 1356
1874 1357
1875 1356
1876 1357
1877 1357
1878 1358
1879 1359
1880 1357
1881 1356
1882 1357
1883 1356
1884 1357
1885 1356
1886 1357
1887 1356
1888 1357
1889 1358
1890 1357
1891 1359
1892 1355
1893 1357
1894 1355
1895 1357
1896 1357
1897 1357
1898 1355
1899 1355
1900 1353
1901 1358
1902 1358
1903 1356
1904 1355
1905 1359
1906 1357
1907 1355
1908 1357
1909 1357
1910 1357
1911 1358
1912 1356
1913 1359
1914 1354
1915 1358
1916 1355
1917 1356
1918 1357
1919 1359
1920 1357
1921 1356
1922 1356
1923 1357
1924 1353
1925 1356
1926 1356
1927 1356
1928 1354
1929 1355
1930 1353
1931 1356
1932 1355
1933 1357
1934 1353
1935 1356
1936 1357
1937 1356
1938 1357
1939 1351
1940 1352
1941 1361
1942 1358
1943 1357
1944 1357
1945 1355
1946 1355
1947 1359
1948 1357
1949 1354
1950 1356
1951 1354
1952 1357
1953 1356
1954 1354
1955 1356
1956 1356
1957 1358
1958 1357
1959 1356
1960 1356
1961 1355
1962 1357
1963 1356
1964 1352
1965 1354
1966 1358
1967 1356
1968 1357
1969 1353
1970 1352
1971 1356
1972 1356
1973 1356
1974 1357
1975 1356
1976 1356
1977 1357
1978 1354
1979 1355
1980 1358
1981 1358
1982 1359
1983 1358
1984 1357
1985 1353
1986 1355
1987 1355
1988 1355
1989 1356
1990 1354
1991 1355
1992 1354
1993 1356
1994 1357
1995 1355
1996 1355
1997 1355
1998 1355
1999 1353
2000 1356
2001 1357
2002 1356
2003 1356
2004 1357
2005 1357
2006 1353
2007 1356
2008 1355
2009 1356
2010 1356
2011 1356
2012 1354
2013 1356
2014 1353
2015 1353
2016 1355
2017 1359
2018 1355
2019 1356
2020 1355
2021 1356
2022 1357
2023 1356
2024 1357
2025 1356
2026 1354
2027 1356
2028 1355
2029 1358
2030 1358
2031 1356
2032 1354
2033 1354
2034 1354
2035 1356
2036 1354
2037 1356
2038 1357
2039 1356
2040 1355
2041 1355
2042 1354
2043 1355
2044 1356
2045 1356
2046 1356
2047 1358
2048 1354
2049 1354
2050 1356
2051 1357
2052 1357
2053 1356
2054 1355
2055 1355
2056 1360
2057 1361
2058 1358
2059 1355
2060 1358
2061 1356
2062 1359
2063 1359
2064 1358
2065 1357
2066 1356
2067 1357
2068 1358
2069 1356
2070 1357
2071 1354
2072 1355
2073 1357
2074 1356
2075 1355
2076 1353
2077 1356
2078 1356
2079 1358
2080 1354
2081 1356
2082 1357
2083 1357
2084 1355
2085 1358
2086 1356
2087 1358
2088 1357
2089 1356
2090 1355
2091 1358
2092 1354
2093 1353
2094 1357
2095 1357
2096 1358
2097 1357
2098 1354
2099 1356
2100 1355
2101 1356
2102 1357
2103 1357
2104 1356
2105 1358
2106 1354
2107 1357
2108 1359
2109 1359
2110 1357
2111 1359
2112 1357
2113 1355
2114 1356
2115 1358
2116 1356
2117 1357
2118 1356
2119 1353
2120 1354
2121 1359
2122 1362
2123 1359
2124 1356
2125 1355
2126 1355
2127 1357
2128 1357
2129 1355
2130 1353
2131 1358
2132 1356
2133 1356
2134 1355
2135 1355
2136 1355
2137 1358
2138 1356
2139 1358
2140 1357
2141 1355
2142 1358
2143 1357
2144 1353
2145 1352
2146 1355
2147 1357
2148 1357
2149 1357
2150 1353
2151 1356
2152 1355
2153 1355
2154 1357
2155 1356
2156 1355
2157 1354
2158 1354
2159 1354
2160 1357
2161 1358
2162 1357
2163 1357
2164 1356
2165 1357
2166 1353
2167 1354
2168 1356
2169 1355
2170 1354
2171 1356
2172 1355
2173 1356
2174 1358
2175 1354
2176 1357
2177 1357
2178 1356
2179 1357
2180 1355
2181 1357
2182 1356
2183 1355
2184 1355
2185 1357
2186 1355
2187 1357
2188 1354
2189 1356
2190 1357
2191 1357
2192 1355
2193 1357
2194 1357
2195 1356
2196 1354
2197 1357
2198 1353
2199 1356
2200 1354
2201 1355
2202 1353
2203 1354
2204 1353
2205 1356
2206 1357
2207 1353
2208 1354
2209 1354
2210 1352
2211 1356
2212 1354
2213 1357
2214 1357
2215 1355
2216 1355
2217 1356
2218 1355
2219 1358
2220 1353
2221 1356
2222 1356
2223 1358
2224 1353
2225 1357
2226 1353
2227 1356
2228 1354
2229 1353
2230 1355
2231 1356
2232 1354
2233 1354
2234 1352
2235 1355
2236 1355
2237 1355
2238 1356
2239 1356
2240 1355
2241 1354
2242 1355
2243 1356
2244 1355
2245 1355
2246 1356
2247 1356
2248 1354
2249 1356
2250 1356
2251 1356
2252 1356
2253 1357
2254 1355
2255 1355
2256 1355
2257 1355
2258 1355
2259 1354
2260 1354
2261 1352
2262 1353
2263 1353
2264 1355
2265 1354
2266 1355
2267 1356
2268 1356
2269 1356
2270 1353
2271 1357
2272 1357
2273 1356
2274 1357
2275 1357
2276 1361
2277 1357
2278 1356
2279 1358
2280 1358
2281 1356
2282 1357
2283 1359
2284 1355
2285 1354
2286 1355
2287 1355
2288 1354
2289 1357
2290 1356
2291 1356
2292 1354
2293 1356
2294 1356
2295 1355
2296 1357
2297 1355
2298 1353
2299 1351
2300 1354
2301 1358
2302 1363
2303 1358
2304 1355
2305 1356
2306 1356
2307 1357
2308 1357
2309 1353
2310 1355
2311 1353
2312 1357
2313 1358
2314 1356
2315 1357
2316 1355
2317 1356
2318 1355
2319 1357
2320 1353
2321 1357
2322 1357
2323 1357
2324 1355
2325 1353
2326 1355
2327 1356
2328 1359
2329 1358
2330 1358
2331 1356
2332 1358
2333 1356
2334 1357
2335 1357
2336 1360
2337 1358
2338 1357
2339 1357
2340 1358
2341 1362
2342 1359
2343 1356
2344 1360
2345 1355
2346 1358
2347 1357
2348 1356
2349 1357
2350 1357
2351 1356
2352 1359
2353 1355
2354 1355
2355 1354
2356 1357
2357 1358
2358 1357
2359 1355
2360 1356
2361 1357
2362 1356
2363 1356
2364 1357
2365 1356
2366 1355
2367 1356
2368 1355
2369 1357
2370 1357
2371 1358
2372 1356
2373 1357
2374 1353
2375 1356
2376 1357
2377 1357
2378 1354
2379 1358
2380 1354
2381 1357
2382 1355
2383 1358
2384 1354
2385 1356
2386 1357
2387 1354
2388 1355
2389 1357
2390 1357
2391 1357
2392 1358
2393 1357
2394 1353
2395 1354
2396 1355
2397 1355
2398 1357
2399 1355
2400 1355
2401 1359
2402 1353
2403 1359
2404 1357
2405 1353
2406 1354
2407 1356
2408 1355
2409 1353
2410 1355
2411 1357
2412 1355
2413 1356
2414 1353
2415 1355
2416 1355
2417 1356
2418 1355
2419 1357
2420 1357
2421 1358
2422 1356
2423 1356
2424 1357
2425 1357
2426 1356
2427 1358
2428 1357
2429 1357
2430 1355
2431 1358
2432 1354
2433 1356
2434 1356
2435 1355
2436 1356
2437 1355
2438 1356
2439 1355
2440 1354
2441 1355
2442 1356
2443 1356
2444 1355
2445 1357
2446 1358
2447 1356
2448 1355
2449 1355
2450 1356
2451 1356
2452 1357
2453 1355
2454 1357
2455 1356
2456 1357
2457 1354
2458 1354
2459 1354
2460 1355
2461 1358
2462 1356
2463 1358
2464 1357
2465 1357
2466 1356
2467 1356
2468 1355
2469 1358
2470 1355
2471 1355
2472 1357
2473 1357
2474 1358
2475 1354
2476 1355
2477 1355
2478 1356
2479 1353
2480 1355
2481 1357
2482 1358
2483 1360
2484 1357
2485 1356
2486 1355
2487 1357
2488 1354
2489 1354
2490 1355
2491 1354
2492 1355
2493 1354
2494 1357
2495 1355
2496 1355
2497 1356
2498 1355
2499 1354
2500 1354
2501 1354
2502 1353
2503 1356
2504 1356
2505 1352
2506 1352
2507 1356
2508 1358
2509 1356
2510 1357
2511 1356
2512 1355
2513 1355
2514 1353
2515 1357
2516 1356
2517 1357
2518 1354
2519 1356
2520 1356
2521 1357
2522 1357
2523 1356
2524 1357
2525 1355
2526 1357
2527 1356
2528 1357
2529 1357
2530 1356
2531 1356
2532 1357
2533 1354
2534 1357
2535 1355
2536 1359
2537 1354
2538 1355
2539 1354
2540 1354
2541 1355
2542 1356
2543 1354
2544 1353
2545 1353
2546 1353
2547 1356
2548 1355
2549 1356
2550 1357
2551 1357
2552 1355
2553 1355
2554 1354
2555 1355
2556 1358
2557 1355
2558 1357
2559 1357
2560 1353
2561 1356
2562 1357
2563 1357
2564 1356
2565 1351
2566 1356
2567 1358
2568 1359
2569 1357
2570 1355
2571 1356
2572 1356
2573 1354
2574 1359
2575 1355
2576 1356
2577 1356
2578 1356
2579 1357
2580 1357
2581 1359
2582 1358
2583 1357
2584 1358
2585 1354
2586 1357
2587 1356
2588 1354
2589 1355
2590 1356
2591 1355
2592 1355
2593 1357
2594 1354
2595 1355
2596 1357
2597 1355
2598 1358
2599 1356
2600 1357
2601 1353
2602 1357
2603 1356
2604 1355
2605 1354
2606 1356
2607 1356
2608 1357
2609 1357
2610 1357
2611 1357
2612 1357
2613 1357
2614 1354
2615 1357
2616 1358
2617 1359
2618 1358
2619 1358
2620 1357
2621 1356
2622 1356
2623 1355
2624 1360
2625 1354
2626 1354
2627 1355
2628 1357
2629 1355
2630 1354
2631 1352
2632 1354
2633 1355
2634 1356
2635 1354
2636 1355
2637 1355
2638 1356
2639 1356
2640 1354
2641 1354
2642 1353
2643 1356
2644 1356
2645 1356
2646 1356
2647 1355
2648 1356
2649 1354
2650 1355
2651 1357
2652 1357
2653 1356
2654 1358
2655 1358
2656 1357
2657 1356
2658 1357
2659 1358
2660 1356
2661 1358
2662 1360
2663 1354
2664 1354
2665 1355
2666 1357
2667 1358
2668 1354
2669 1354
2670 1354
2671 1355
2672 1355
2673 1355
2674 1356
2675 1354
2676 1353
2677 1356
2678 1355
2679 1354
2680 1353
2681 1356
2682 1354
2683 1356
2684 1355
2685 1353
2686 1351
2687 1357
2688 1355
2689 1356
2690 1354
2691 1356
2692 1357
2693 1357
2694 1354
2695 1357
2696 1356
2697 1357
2698 1357
2699 1354
2700 1356
2701 1359
2702 1358
2703 1357
2704 1355
2705 1354
2706 1357
2707 1356
2708 1356
2709 1354
2710 1356
2711 1355
2712 1357
2713 1354
2714 1355
2715 1354
2716 1356
2717 1354
2718 1355
2719 1352
2720 1353
2721 1356
2722 1357
2723 1356
2724 1352
2725 1354
2726 1357
2727 1357
2728 1354
2729 1358
2730 1357
2731 1358
2732 1357
2733 1356
2734 1355
2735 1356
2736 1358
2737 1357
2738 1357
2739 1358
2740 1359
2741 1358
2742 1355
2743 1352
2744 1355
2745 1356
2746 1357
2747 1355
2748 1355
2749 1354
2750 1357
2751 1356
2752 1357
2753 1354
2754 1357
2755 1354
2756 1358
2757 1356
2758 1357
2759 1355
2760 1356
2761 1352
2762 1356
2763 1358
2764 1355
2765 1358
2766 1357
2767 1358
2768 1357
2769 1355
2770 1356
2771 1355
2772 1358
2773 1356
2774 1356
2775 1354
2776 1356
2777 1355
2778 1357
2779 1355
2780 1357
2781 1354
2782 1357
2783 1354
2784 1358
2785 1358
2786 1357
2787 1355
2788 1357
2789 1355
2790 1357
2791 1355
2792 1356
2793 1356
2794 1355
2795 1354
2796 1358
2797 1354
2798 1355
2799 1354
2800 1358
2801 1354
2802 1357
2803 1354
2804 1351
2805 1355
2806 1357
2807 1357
2808 1355
2809 1355
2810 1352
2811 1353
2812 1354
2813 1355
2814 1357
2815 1355
2816 1357
2817 1356
2818 1353
2819 1355
2820 1357
2821 1355
2822 1356
2823 1357
2824 1355
2825 1355
2826 1358
2827 1356
2828 1357
2829 1357
2830 1359
2831 1358
2832 1357
2833 1355
2834 1355
2835 1355
2836 1356
2837 1353
2838 1354
2839 1351
2840 1351
2841 1353
2842 1358
2843 1355
2844 1354
2845 1351
2846 1356
2847 1358
2848 1357
2849 1355
2850 1355
2851 1353
2852 1356
2853 1353
2854 1354
2855 1355
2856 1356
2857 1356
2858 1357
2859 1353
2860 1353
2861 1353
2862 1357
2863 1357
2864 1354
2865 1353
2866 1358
2867 1354
2868 1357
2869 1353
2870 1355
2871 1355
2872 1357
2873 1353
2874 1355
2875 1354
2876 1357
2877 1356
2878 1356
2879 1355
2880 1356
2881 1358
2882 1357
2883 1354
2884 1357
2885 1357
2886 1357
2887 1356
2888 1358
2889 1355
2890 1353
2891 1357
2892 1357
2893 1354
2894 1357
2895 1355
2896 1358
2897 1355
2898 1354
2899 1354
2900 1356
2901 1355
2902 1353
2903 1354
2904 1355
2905 1358
2906 1352
2907 1352
2908 1357
2909 1355
2910 1355
2911 1354
2912 1355
2913 1356
2914 1357
2915 1355
2916 1354
2917 1356
2918 1355
2919 1356
2920 1357
2921 1357
2922 1358
2923 1357
2924 1356
2925 1355
2926 1355
2927 1356
2928 1354
2929 1356
2930 1354
2931 1354
2932 1352
2933 1355
2934 1354
2935 1356
2936 1356
2937 1354
2938 1355
2939 1357
2940 1355
2941 1357
2942 1356
2943 1356
2944 1355
2945 1360
2946 1358
2947 1358
2948 1356
2949 1355
2950 1356
2951 1356
2952 1355
2953 1356
2954 1357
2955 1358
2956 1354
2957 1357
2958 1356
2959 1356
2960 1356
2961 1356
2962 1356
2963 1359
2964 1356
2965 1355
2966 1355
2967 1357
2968 1357
2969 1357
2970 1356
2971 1357
2972 1351
2973 1359
2974 1356
2975 1356
2976 1355
2977 1358
2978 1356
2979 1358
2980 1357
2981 1358
2982 1357
2983 1357
2984 1353
2985 1355
2986 1354
2987 1358
2988 1355
2989 1357
2990 1355
2991 1356
2992 1356
2993 1356
2994 1353
2995 1359
2996 1356
2997 1356
2998 1353
2999 1357
3000 1355
3001 1356
3002 1354
3003 1355
3004 1357
3005 1359
3006 1357
3007 1357
3008 1352
3009 1358
3010 1356
3011 1358
3012 1356
3013 1358
3014 1354
3015 1359
3016 1356
3017 1358
3018 1356
3019 1355
3020 1354
3021 1355
3022 1358
3023 1358
3024 1352
3025 1356
3026 1353
3027 1356
3028 1355
3029 1356
3030 1350
3031 1358
3032 1357
3033 1356
3034 1353
3035 1353
3036 1356
3037 1356
3038 1353
3039 1358
3040 1357
3041 1358
3042 1353
3043 1357
3044 1359
3045 1353
3046 1354
3047 1357
3048 1359
3049 1357
3050 1352
3051 1357
3052 1356
3053 1357
3054 1355
3055 1356
3056 1355
3057 1356
3058 1354
3059 1356
3060 1356
3061 1357
3062 1355
3063 1357
3064 1355
3065 1356
3066 1354
3067 1354
3068 1354
3069 1356
3070 1357
3071 1357
3072 1357
3073 1356
3074 1357
3075 1352
3076 1354
3077 1356
3078 1355
3079 1356
3080 1354
3081 1356
3082 1358
3083 1356
3084 1357
3085 1355
3086 1354
3087 1356
3088 1356
3089 1356
3090 1357
3091 1355
3092 1354
3093 1354
3094 1356
3095 1354
3096 1357
3097 1356
3098 1357
3099 1355
3100 1355
3101 1355
3102 1357
3103 1356
3104 1359
3105 1358
3106 1358
3107 1356
3108 1356
3109 1355
3110 1357
3111 1354
3112 1355
3113 1354
3114 1356
3115 1358
3116 1355
3117 1357
3118 1355
3119 1355
3120 1356
3121 1356
3122 1353
3123 1354
3124 1354
3125 1355
3126 1357
3127 1357
3128 1356
3129 1358
3130 1356
3131 1355
3132 1354
3133 1355
3134 1355
3135 1355
3136 1356
3137 1356
3138 1357
3139 1355
3140 1355
3141 1354
3142 1356
3143 1356
3144 1359
3145 1352
3146 1355
3147 1356
3148 1353
3149 1355
3150 1355
3151 1355
3152 1355
3153 1355
3154 1357
3155 1356
3156 1356
3157 1355
3158 1355
3159 1354
3160 1357
3161 1359
3162 1357
3163 1357
3164 1354
3165 1355
3166 1355
3167 1353
3168 1356
3169 1356
3170 1353
3171 1355
3172 1357
3173 1355
3174 1355
3175 1357
3176 1357
3177 1358
3178 1355
3179 1354
3180 1355
3181 1356
3182 1357
3183 1356
3184 1353
3185 1355
3186 1354
3187 1356
3188 1354
3189 1358
3190 1354
3191 1357
3192 1355
3193 1357
3194 1357
3195 1358
3196 1356
3197 1354
3198 1354
3199 1354
3200 1353
3201 1354
3202 1354
3203 1355
3204 1357
3205 1357
3206 1356
3207 1356
3208 1354
3209 1356
3210 1358
3211 1358
3212 1357
3213 1357
3214 1356
3215 1355
3216 1356
3217 1355
3218 1352
3219 1356
3220 1354
3221 1356
3222 1356
3223 1354
3224 1354
3225 1353
3226 1357
3227 1358
3228 1356
3229 1354
3230 1354
3231 1355
3232 1357
3233 1354
3234 1356
3235 1355
3236 1355
3237 1355
3238 1353
3239 1354
3240 1356
3241 1357
3242 1353
3243 1356
3244 1359
3245 1355
3246 1356
3247 1353
3248 1354
3249 1354
3250 1356
3251 1357
3252 1358
3253 1358
3254 1358
3255 1359
3256 1356
3257 1357
3258 1357
3259 1355
3260 1355
3261 1354
3262 1355
3263 1354
3264 1355
3265 1356
3266 1355
3267 1352
3268 1357
3269 1356
3270 1357
3271 1355
3272 1357
3273 1353
3274 1358
3275 1356
3276 1354
3277 1358
3278 1357
3279 1357
3280 1358
3281 1358
3282 1358
3283 1357
3284 1356
3285 1356
3286 1359
3287 1356
3288 1355
3289 1356
3290 1354
3291 1354
3292 1353
3293 1357
3294 1357
3295 1356
3296 1355
3297 1354
3298 1355
3299 1354
3300 1356
3301 1356
3302 1357
3303 1357
3304 1356
3305 1355
3306 1355
3307 1357
3308 1356
3309 1356
3310 1357
3311 1355
3312 1356
3313 1353
3314 1354
3315 1356
3316 1357
3317 1357
3318 1357
3319 1355
3320 1358
3321 1357
3322 1359
3323 1357
3324 1356
3325 1358
3326 1356
3327 1355
3328 1354
3329 1354
3330 1356
3331 1357
3332 1356
3333 1359
3334 1356
3335 1354
3336 1356
3337 1355
3338 1356
3339 1356
3340 1356
3341 1356
3342 1358
3343 1357
3344 1355
3345 1356
3346 1357
3347 1358
3348 1354
3349 1357
3350 1357
3351 1357
3352 1355
3353 1356
3354 1355
3355 1354
3356 1354
3357 1357
3358 1356
3359 1356
3360 1356
3361 1356
3362 1359
3363 1356
3364 1355
3365 1355
3366 1356
3367 1358
3368 1356
3369 1354
3370 1357
3371 1356
3372 1359
3373 1356
3374 1358
3375 1356
3376 1356
3377 1355
3378 1354
3379 1355
3380 1354
3381 1358
3382 1355
3383 1357
3384 1356
3385 1355
3386 1358
3387 1355
3388 1357
3389 1356
3390 1354
3391 1357
3392 1356
3393 1356
3394 1357
3395 1356
3396 1359
3397 1355
3398 1357
3399 1356
3400 1356
3401 1360
3402 1358
3403 1355
3404 1358
3405 1357
3406 1356
3407 1357
3408 1360
3409 1359
3410 1361
3411 1355
3412 1355
3413 1355
3414 1356
3415 1357
3416 1360
3417 1356
3418 1357
3419 1355
3420 1356
3421 1358
3422 1357
3423 1355
3424 1357
3425 1356
3426 1356
3427 1359
3428 1352
3429 1355
3430 1354
3431 1356
3432 1357
3433 1358
3434 1355
3435 1357
3436 1358
3437 1359
3438 1360
3439 1357
3440 1355
3441 1357
3442 1355
3443 1354
3444 1355
3445 1355
3446 1357
3447 1357
3448 1354
3449 1354
3450 1358
3451 1358
3452 1357
3453 1354
3454 1355
3455 1355
3456 1357
3457 1356
3458 1356
3459 1355
3460 1356
3461 1357
3462 1357
3463 1360
3464 1356
3465 1356
3466 1354
3467 1355
3468 1358
3469 1356
3470 1354
3471 1358
3472 1357
3473 1358
3474 1356
3475 1357
3476 1355
3477 1356
3478 1357
3479 1358
3480 1357
3481 1358
3482 1355
3483 1355
3484 1352
3485 1355
3486 1354
3487 1355
3488 1352
3489 1354
3490 1357
3491 1358
3492 1357
3493 1357
3494 1355
3495 1356
3496 1356
3497 1356
3498 1355
3499 1359
3500 1356
3501 1360
3502 1356
3503 1353
3504 1354
3505 1355
3506 1355
3507 1357
3508 1355
3509 1356
3510 1356
3511 1359
3512 1356
3513 1356
3514 1354
3515 1353
3516 1357
3517 1356
3518 1355
3519 1358
3520 1356
3521 1357
3522 1355
3523 1355
3524 1355
3525 1354
3526 1356
3527 1357
3528 1359
3529 1359
3530 1357
3531 1358
3532 1354
3533 1355
3534 1355
3535 1358
3536 1356
3537 1356
3538 1355
3539 1355
3540 1357
3541 1357
3542 1356
3543 1356
3544 1354
3545 1357
3546 1357
3547 1354
3548 1356
3549 1355
3550 1353
3551 1354
3552 1355
3553 1356
3554 1357
3555 1357
3556 1357
3557 1357
3558 1358
3559 1358
3560 1353
3561 1355
3562 1357
3563 1358
3564 1357
3565 1356
3566 1356
3567 1354
3568 1354
3569 1355
3570 1356
3571 1357
3572 1357
3573 1355
3574 1355
3575 1356
3576 1355
3577 1356
3578 1354
3579 1355
3580 1356
3581 1354
3582 1357
3583 1356
3584 1356
3585 1357
3586 1357
3587 1358
3588 1357
3589 1355
3590 1357
3591 1356
3592 1355
3593 1357
3594 1356
3595 1358
3596 1357
3597 1358
3598 1356
3599 1357
3600 1358
3601 1355
3602 1354
3603 1353
3604 1355
3605 1355
3606 1353
3607 1358
3608 1357
3609 1355
3610 1354
3611 1356
3612 1354
3613 1356
3614 1357
3615 1356
3616 1357
3617 1355
3618 1355
3619 1355
3620 1354
3621 1357
3622 1357
3623 1358
3624 1357
3625 1358
3626 1357
3627 1357
3628 1355
3629 1359
3630 1355
3631 1356
3632 1356
3633 1357
3634 1355
3635 1353
3636 1358
3637 1356
3638 1353
3639 1355
3640 1355
3641 1355
3642 1354
3643 1354
3644 1355
3645 1354
3646 1356
3647 1357
3648 1354
3649 1356
3650 1356
3651 1357
3652 1358
3653 1360
3654 1356
3655 1357
3656 1356
3657 1357
3658 1356
3659 1356
3660 1357
3661 1355
3662 1356
3663 1356
3664 1358
3665 1358
3666 1357
3667 1356
3668 1354
3669 1356
3670 1357
3671 1356
3672 1355
3673 1354
3674 1353
3675 1359
3676 1356
3677 1357
3678 1356
3679 1357
3680 1356
3681 1356
3682 1357
3683 1355
3684 1354
3685 1356
3686 1355
3687 1357
3688 1356
3689 1358
3690 1354
3691 1356
3692 1359
3693 1358
3694 1353
3695 1355
3696 1357
3697 1357
3698 1355
3699 1356
3700 1354
3701 1358
3702 1357
3703 1358
3704 1356
3705 1357
3706 1356
3707 1357
3708 1357
3709 1356
3710 1357
3711 1356
3712 1356
3713 1355
3714 1356
3715 1356
3716 1359
3717 1357
3718 1358
3719 1358
3720 1358
3721 1358
3722 1352
3723 1356
3724 1355
3725 1356
3726 1358
3727 1359
3728 1356
3729 1355
3730 1353
3731 1355
3732 1358
3733 1355
3734 1356
3735 1356
3736 1355
3737 1356
3738 1358
3739 1354
3740 1355
3741 1355
3742 1358
3743 1358
3744 1353
3745 1357
3746 1357
3747 1359
3748 1357
3749 1356
3750 1354
3751 1357
3752 1357
3753 1356
3754 1356
3755 1358
3756 1358
3757 1356
3758 1354
3759 1354
3760 1355
3761 1359
3762 1355
3763 1358
3764 1357
3765 1357
3766 1356
3767 1358
3768 1357
3769 1356
3770 1355
3771 1355
3772 1355
3773 1358
3774 1357
3775 1356
3776 1354
3777 1355
3778 1354
3779 1355
3780 1358
3781 1358
3782 1356
3783 1353
3784 1355
3785 1356
3786 1357
3787 1354
3788 1356
3789 1357
3790 1357
3791 1357
3792 1356
3793 1354
3794 1356
3795 1355
3796 1356
3797 1357
3798 1357
3799 1356
3800 1357
3801 1354
3802 1358
3803 1356
3804 1356
3805 1355
3806 1355
3807 1357
3808 1355
3809 1356
3810 1353
3811 1353
3812 1355
3813 1355
3814 1355
3815 1355
3816 1353
3817 1354
3818 1359
3819 1357
3820 1357
3821 1357
3822 1355
3823 1358
3824 1355
3825 1354
3826 1353
3827 1356
3828 1357
3829 1357
3830 1355
3831 1354
3832 1358
3833 1353
3834 1355
3835 1355
3836 1356
3837 1358
3838 1356
3839 1355
3840 1358
3841 1354
3842 1356
3843 1355
3844 1352
3845 1352
3846 1355
3847 1356
3848 1355
3849 1354
3850 1355
3851 1356
3852 1357
3853 1355
3854 1357
3855 1356
3856 1357
3857 1355
3858 1354
3859 1356
3860 1355
3861 1356
3862 1355
3863 1353
3864 1358
3865 1359
3866 1356
3867 1357
3868 1357
3869 1357
3870 1357
3871 1357
3872 1356
3873 1356
3874 1356
3875 1358
3876 1357
3877 1357
3878 1356
3879 1357
3880 1357
3881 1355
3882 1356
3883 1355
3884 1351
3885 1354
3886 1354
3887 1353
3888 1356
3889 1356
3890 1357
3891 1355
3892 1355
3893 1351
3894 1355
3895 1356
3896 1357
3897 1355
3898 1354
3899 1356
3900 1356
3901 1356
3902 1356
3903 1354
3904 1354
3905 1356
3906 1355
3907 1356
3908 1357
3909 1355
3910 1354
3911 1354
3912 1354
3913 1356
3914 1354
3915 1356
3916 1357
3917 1356
3918 1356
3919 1356
3920 1356
3921 1356
3922 1358
3923 1355
3924 1356
3925 1355
3926 1355
3927 1356
3928 1357
3929 1354
3930 1358
3931 1354
3932 1358
3933 1357
3934 1358
3935 1355
3936 1356
3937 1355
3938 1355
3939 1353
3940 1355
3941 1355
3942 1359
3943 1356
3944 1355
3945 1355
3946 1355
3947 1356
3948 1357
3949 1357
3950 1360
3951 1360
3952 1358
3953 1356
3954 1355
3955 1356
3956 1355
3957 1356
3958 1358
3959 1355
3960 1356
3961 1356
3962 1355
3963 1356
3964 1354
3965 1356
3966 1355
3967 1355
3968 1357
3969 1355
3970 1352
3971 1355
3972 1356
3973 1355
3974 1356
3975 1353
3976 1352
3977 1355
3978 1354
3979 1358
3980 1357
3981 1357
3982 1354
3983 1355
3984 1356
3985 1358
3986 1357
3987 1357
3988 1357
3989 1356
3990 1357
3991 1358
3992 1357
3993 1355
3994 1356
3995 1356
3996 1357
3997 1358
3998 1352
3999 1356
