0 1355
1 1357
2 1356
3 1355
4 1355
5 1354
6 1356
7 1356
8 1356
9 1357
10 1358
11 1357
12 1358
13 1351
14 1359
15 1356
16 1359
17 1356
18 1356
19 1355
20 1352
21 1356
22 1353
23 1353
24 1355
25 1355
26 1356
27 1355
28 1353
29 1358
30 1355
31 1355
32 1355
33 1353
34 1353
35 1355
36 1355
37 1353
38 1355
39 1355
40 1356
41 1357
42 1358
43 1357
44 1356
45 1355
46 1353
47 1354
48 1353
49 1352
50 1355
51 1355
52 1355
53 1354
54 1356
55 1355
56 1355
57 1355
58 1355
59 1356
60 1354
61 1355
62 1353
63 1355
64 1353
65 1356
66 1356
67 1357
68 1355
69 1354
70 1353
71 1354
72 1357
73 1358
74 1355
75 1356
76 1353
77 1356
78 1353
79 1356
80 1353
81 1357
82 1356
83 1356
84 1352
85 1352
86 1352
87 1354
88 1353
89 1356
90 1355
91 1353
92 1354
93 1357
94 1356
95 1358
96 1352
97 1354
98 1356
99 1358
100 1355
101 1357
102 1355
103 1355
104 1357
105 1354
106 1356
107 1353
108 1354
109 1355
110 1356
111 1357
112 1355
113 1357
114 1354
115 1354
116 1355
117 1356
118 1354
119 1355
120 1353
121 1354
122 1353
123 1353
124 1355
125 1357
126 1355
127 1352
128 1352
129 1355
130 1356
131 1357
132 1355
133 1353
134 1355
135 1355
136 1356
137 1354
138 1356
139 1355
140 1353
141 1354
142 1356
143 1353
144 1354
145 1356
146 1354
147 1356
148 1354
149 1356
150 1355
151 1355
152 1354
153 1351
154 1357
155 1358
156 1357
157 1353
158 1353
159 1353
160 1354
161 1357
162 1356
163 1353
164 1356
165 1353
166 1356
167 1354
168 1354
169 1353
170 1356
171 1355
172 1356
173 1352
174 1354
175 1353
176 1353
177 1354
178 1355
179 1355
180 1354
181 1355
182 1355
183 1357
184 1356
185 1353
186 1356
187 1358
188 1359
189 1357
190 1356
191 1355
192 1353
193 1355
194 1355
195 1356
196 1356
197 1354
198 1355
199 1352
200 1353
201 1354
202 1354
203 1355
204 1354
205 1353
206 1354
207 1355
208 1354
209 1353
210 1354
211 1355
212 1356
213 1355
214 1355
215 1356
216 1353
217 1355
218 1357
219 1356
220 1356
221 1356
222 1354
223 1354
224 1356
225 1358
226 1355
227 1354
228 1355
229 1355
230 1357
231 1356
232 1353
233 1354
234 1352
235 1350
236 1354
237 1353
238 1353
239 1354
240 1352
241 1354
242 1355
243 1357
244 1353
245 1355
246 1354
247 1352
248 1355
249 1356
250 1352
251 1351
252 1354
253 1351
254 1355
255 1354
256 1356
257 1352
258 1356
259 1354
260 1356
261 1355
262 1354
263 1353
264 1353
265 1356
266 1352
267 1356
268 1353
269 1353
270 1354
271 1355
272 1353
273 1355
274 1355
275 1357
276 1355
277 1353
278 1356
279 1356
280 1356
281 1355
282 1355
283 1354
284 1357
285 1358
286 1356
287 1358
288 1355
289 1356
290 1356
291 1352
292 1353
293 1352
294 1353
295 1355
296 1355
297 1354
298 1354
299 1354
300 1355
301 1353
302 1353
303 1355
304 1358
305 1354
306 1356
307 1354
308 1354
309 1355
310 1358
311 1353
312 1357
313 1355
314 1355
315 1361
316 1357
317 1356
318 1357
319 1355
320 1356
321 1355
322 1355
323 1358
324 1356
325 1353
326 1356
327 1355
328 1357
329 1354
330 1355
331 1354
332 1353
333 1357
334 1353
335 1352
336 1356
337 1356
338 1355
339 1354
340 1356
341 1358
342 1356
343 1355
344 1357
345 1355
346 1358
347 1354
348 1356
349 1352
350 1353
351 1352
352 1351
353 1353
354 1356
355 1352
356 1353
357 1355
358 1356
359 1353
360 1356
361 1355
362 1357
363 1352
364 1357
365 1355
366 1356
367 1351
368 1354
369 1354
370 1354
371 1355
372 1355
373 1354
374 1352
375 1353
376 1353
377 1358
378 1355
379 1356
380 1355
381 1355
382 1354
383 1355
384 1355
385 1355
386 1356
387 1354
388 1355
389 1354
390 1357
391 1357
392 1355
393 1355
394 1355
395 1356
396 1354
397 1353
398 1355
399 1352
400 1356
401 1358
402 1354
403 1358
404 1354
405 1357
406 1355
407 1357
408 1356
409 1354
410 1356
411 1354
412 1355
413 1353
414 1354
415 1356
416 1354
417 1355
418 1354
419 1354
420 1356
421 1356
422 1355
423 1356
424 1353
425 1352
426 1356
427 1354
428 1356
429 1353
430 1354
431 1357
432 1356
433 1356
434 1357
435 1357
436 1355
437 1355
438 1355
439 1356
440 1356
441 1355
442 1353
443 1352
444 1356
445 1356
446 1358
447 1355
448 1354
449 1356
450 1352
451 1354
452 1356
453 1356
454 1354
455 1354
456 1352
457 1355
458 1355
459 1354
460 1354
461 1357
462 1356
463 1356
464 1353
465 1356
466 1355
467 1354
468 1357
469 1356
470 1354
471 1353
472 1353
473 1357
474 1356
475 1353
476 1356
477 1355
478 1354
479 1356
480 1355
481 1353
482 1356
483 1354
484 1355
485 1354
486 1355
487 1354
488 1355
489 1356
490 1354
491 1356
492 1354
493 1354
494 1357
495 1355
496 1356
497 1355
498 1354
499 1355
500 1356
501 1353
502 1355
503 1350
504 1356
505 1361
506 1355
507 1355
508 1356
509 1356
510 1358
511 1352
512 1355
513 1356
514 1357
515 1353
516 1354
517 1355
518 1354
519 1354
520 1354
521 1355
522 1356
523 1352
524 1357
525 1353
526 1357
527 1355
528 1356
529 1353
530 1354
531 1354
532 1358
533 1357
534 1365
535 1373
536 1381
537 1387
538 1409
539 1429
540 1462
541 1494
542 1530
543 1566
544 1606
545 1645
546 1685
547 1717
548 1751
549 1782
550 1810
551 1833
552 1851
553 1857
554 1871
555 1873
556 1875
557 1871
558 1868
559 1858
560 1850
561 1834
562 1824
563 1806
564 1786
565 1766
566 1755
567 1730
568 1714
569 1691
570 1674
571 1656
572 1642
573 1625
574 1612
575 1597
576 1587
577 1577
578 1564
579 1544
580 1534
581 1528
582 1517
583 1506
584 1500
585 1487
586 1482
587 1472
588 1467
589 1453
590 1451
591 1438
592 1439
593 1431
594 1427
595 1422
596 1417
597 1413
598 1409
599 1407
600 1400
601 1398
602 1394
603 1391
604 1388
605 1388
606 1388
607 1384
608 1386
609 1381
610 1380
611 1378
612 1375
613 1374
614 1373
615 1372
616 1372
617 1367
618 1369
619 1367
620 1369
621 1369
622 1366
623 1362
624 1364
625 1363
626 1363
627 1365
628 1362
629 1360
630 1363
631 1358
632 1360
633 1356
634 1359
635 1363
636 1363
637 1359
638 1360
639 1359
640 1361
641 1355
642 1360
643 1360
644 1361
645 1357
646 1357
647 1356
648 1357
649 1356
650 1358
651 1357
652 1357
653 1354
654 1356
655 1354
656 1358
657 1358
658 1355
659 1357
660 1356
661 1357
662 1359
663 1355
664 1355
665 1359
666 1356
667 1355
668 1356
669 1355
670 1354
671 1353
672 1356
673 1355
674 1353
675 1356
676 1356
677 1354
678 1357
679 1358
680 1357
681 1358
682 1359
683 1356
684 1356
685 1353
686 1355
687 1353
688 1354
689 1356
690 1354
691 1355
692 1356
693 1357
694 1356
695 1358
696 1358
697 1357
698 1354
699 1358
700 1356
701 1357
702 1355
703 1355
704 1356
705 1352
706 1357
707 1357
708 1356
709 1356
710 1355
711 1356
712 1354
713 1354
714 1355
715 1355
716 1354
717 1356
718 1356
719 1354
720 1356
721 1352
722 1355
723 1353
724 1357
725 1356
726 1355
727 1355
728 1354
729 1352
730 1354
731 1357
732 1356
733 1356
734 1354
735 1354
736 1357
737 1353
738 1357
739 1355
740 1354
741 1357
742 1356
743 1354
744 1355
745 1356
746 1356
747 1354
748 1355
749 1356
750 1357
751 1355
752 1356
753 1354
754 1355
755 1356
756 1354
757 1355
758 1355
759 1355
760 1354
761 1355
762 1357
763 1356
764 1356
765 1355
766 1355
767 1356
768 1356
769 1357
770 1356
771 1355
772 1354
773 1356
774 1357
775 1357
776 1356
777 1358
778 1356
779 1355
780 1354
781 1355
782 1352
783 1357
784 1355
785 1354
786 1357
787 1356
788 1356
789 1356
790 1354
791 1354
792 1353
793 1353
794 1354
795 1357
796 1358
797 1353
798 1355
799 1352
800 1356
801 1357
802 1356
803 1354
804 1352
805 1353
806 1356
807 1357
808 1353
809 1355
810 1354
811 1354
812 1356
813 1353
814 1354
815 1353
816 1354
817 1353
818 1354
819 1355
820 1354
821 1354
822 1352
823 1354
824 1356
825 1352
826 1357
827 1352
828 1352
829 1352
830 1356
831 1356
832 1355
833 1357
834 1354
835 1353
836 1354
837 1352
838 1355
839 1355
840 1354
841 1355
842 1355
843 1354
844 1355
845 1356
846 1355
847 1355
848 1355
849 1356
850 1355
851 1356
852 1354
853 1353
854 1355
855 1358
856 1355
857 1355
858 1355
859 1355
860 1354
861 1356
862 1355
863 1353
864 1354
865 1355
866 1356
867 1356
868 1356
869 1357
870 1354
871 1356
872 1354
873 1357
874 1354
875 1357
876 1353
877 1354
878 1357
879 1352
880 1353
881 1354
882 1355
883 1355
884 1356
885 1357
886 1358
887 1355
888 1356
889 1354
890 1357
891 1355
892 1356
893 1356
894 1356
895 1354
896 1353
897 1356
898 1357
899 1355
900 1356
901 1354
902 1356
903 1356
904 1355
905 1354
906 1354
907 1353
908 1355
909 1355
910 1354
911 1353
912 1355
913 1353
914 1354
915 1355
916 1356
917 1353
918 1358
919 1356
920 1355
921 1354
922 1354
923 1356
924 1353
925 1355
926 1355
927 1356
928 1356
929 1355
930 1357
931 1354
932 1355
933 1356
934 1357
935 1355
936 1356
937 1357
938 1356
939 1355
940 1355
941 1355
942 1355
943 1357
944 1355
945 1356
946 1357
947 1356
948 1356
949 1355
950 1356
951 1353
952 1354
953 1356
954 1356
955 1354
956 1354
957 1354
958 1355
959 1357
960 1355
961 1356
962 1356
963 1355
964 1354
965 1352
966 1355
967 1355
968 1355
969 1356
970 1355
971 1355
972 1356
973 1355
974 1352
975 1352
976 1355
977 1357
978 1354
979 1357
980 1354
981 1356
982 1358
983 1352
984 1356
985 1355
986 1359
987 1354
988 1354
989 1355
990 1358
991 1354
992 1353
993 1355
994 1355
995 1357
996 1353
997 1351
998 1354
999 1357
1000 1353
1001 1355
1002 1355
1003 1357
1004 1354
1005 1353
1006 1355
1007 1354
1008 1355
1009 1354
1010 1352
1011 1357
1012 1355
1013 1354
1014 1355
1015 1357
1016 1356
1017 1354
1018 1357
1019 1354
1020 1356
1021 1356
1022 1355
1023 1353
1024 1354
1025 1353
1026 1356
1027 1354
1028 1353
1029 1353
1030 1356
1031 1355
1032 1354
1033 1353
1034 1354
1035 1357
1036 1355
1037 1358
1038 1357
1039 1356
1040 1354
1041 1355
1042 1355
1043 1353
1044 1354
1045 1359
1046 1355
1047 1356
1048 1355
1049 1352
1050 1357
1051 1356
1052 1356
1053 1357
1054 1353
1055 1354
1056 1356
1057 1356
1058 1353
1059 1354
1060 1353
1061 1356
1062 1353
1063 1354
1064 1354
1065 1357
1066 1357
1067 1355
1068 1356
1069 1356
1070 1354
1071 1354
1072 1355
1073 1354
1074 1354
1075 1356
1076 1356
1077 1356
1078 1355
1079 1354
1080 1354
1081 1355
1082 1352
1083 1355
1084 1355
1085 1356
1086 1356
1087 1355
1088 1355
1089 1355
1090 1353
1091 1355
1092 1353
1093 1355
1094 1356
1095 1353
1096 1357
1097 1355
1098 1357
1099 1353
1100 1355
1101 1356
1102 1356
1103 1356
1104 1353
1105 1357
1106 1357
1107 1355
1108 1356
1109 1352
1110 1354
1111 1354
1112 1356
1113 1354
1114 1353
1115 1353
1116 1352
1117 1355
1118 1356
1119 1355
1120 1356
1121 1354
1122 1357
1123 1353
1124 1356
1125 1355
1126 1350
1127 1355
1128 1354
1129 1355
1130 1354
1131 1357
1132 1356
1133 1358
1134 1356
1135 1353
1136 1355
1137 1356
1138 1354
1139 1355
1140 1355
1141 1354
1142 1355
1143 1355
1144 1354
1145 1356
1146 1355
1147 1356
1148 1355
1149 1351
1150 1354
1151 1355
1152 1354
1153 1355
1154 1355
1155 1353
1156 1355
1157 1355
1158 1356
1159 1353
1160 1355
1161 1355
1162 1356
1163 1354
1164 1357
1165 1357
1166 1357
1167 1357
1168 1355
1169 1355
1170 1355
1171 1358
1172 1355
1173 1357
1174 1353
1175 1357
1176 1357
1177 1353
1178 1355
1179 1356
1180 1357
1181 1353
1182 1355
1183 1355
1184 1354
1185 1355
1186 1356
1187 1355
1188 1356
1189 1355
1190 1355
1191 1357
1192 1356
1193 1357
1194 1358
1195 1357
1196 1356
1197 1360
1198 1354
1199 1354
1200 1354
1201 1355
1202 1356
1203 1355
1204 1354
1205 1358
1206 1355
1207 1354
1208 1353
1209 1355
1210 1354
1211 1358
1212 1355
1213 1355
1214 1354
1215 1353
1216 1353
1217 1357
1218 1355
1219 1354
1220 1355
1221 1357
1222 1358
1223 1357
1224 1356
1225 1357
1226 1357
1227 1357
1228 1354
1229 1356
1230 1354
1231 1353
1232 1354
1233 1356
1234 1354
1235 1358
1236 1353
1237 1357
1238 1354
1239 1357
1240 1355
1241 1355
1242 1355
1243 1355
1244 1354
1245 1356
1246 1355
1247 1355
1248 1354
1249 1354
1250 1353
1251 1356
1252 1354
1253 1356
1254 1356
1255 1355
1256 1354
1257 1355
1258 1354
1259 1354
1260 1354
1261 1357
1262 1354
1263 1354
1264 1356
1265 1353
1266 1356
1267 1355
1268 1353
1269 1357
1270 1355
1271 1355
1272 1355
1273 1354
1274 1355
1275 1355
1276 1355
1277 1355
1278 1355
1279 1356
1280 1356
1281 1355
1282 1357
1283 1357
1284 1356
1285 1353
1286 1355
1287 1355
1288 1356
1289 1354
1290 1355
1291 1353
1292 1354
1293 1353
1294 1354
1295 1357
1296 1353
1297 1354
1298 1355
1299 1357
1300 1355
1301 1355
1302 1352
1303 1356
1304 1353
1305 1355
1306 1354
1307 1354
1308 1353
1309 1352
1310 1356
1311 1355
1312 1353
1313 1353
1314 1352
1315 1355
1316 1355
1317 1356
1318 1356
1319 1356
1320 1354
1321 1356
1322 1355
1323 1355
1324 1355
1325 1355
1326 1355
1327 1355
1328 1348
1329 1354
1330 1354
1331 1356
1332 1356
1333 1350
1334 1351
1335 1355
1336 1358
1337 1356
1338 1354
1339 1355
1340 1357
1341 1356
1342 1353
1343 1358
1344 1356
1345 1357
1346 1356
1347 1357
1348 1355
1349 1357
1350 1353
1351 1356
1352 1355
1353 1357
1354 1356
1355 1357
1356 1357
1357 1360
1358 1356
1359 1357
1360 1351
1361 1357
1362 1356
1363 1354
1364 1354
1365 1356
1366 1356
1367 1356
1368 1355
1369 1353
1370 1356
1371 1355
1372 1353
1373 1353
1374 1353
1375 1355
1376 1357
1377 1355
1378 1355
1379 1353
1380 1356
1381 1357
1382 1355
1383 1355
1384 1356
1385 1353
1386 1353
1387 1355
1388 1353
1389 1352
1390 1353
1391 1355
1392 1353
1393 1352
1394 1354
1395 1361
1396 1356
1397 1353
1398 1354
1399 1354
1400 1354
1401 1354
1402 1356
1403 1355
1404 1353
1405 1357
1406 1356
1407 1355
1408 1356
1409 1356
1410 1356
1411 1356
1412 1358
1413 1357
1414 1351
1415 1356
1416 1353
1417 1354
1418 1355
1419 1354
1420 1354
1421 1353
1422 1354
1423 1354
1424 1350
1425 1357
1426 1355
1427 1356
1428 1355
1429 1353
1430 1354
1431 1355
1432 1355
1433 1358
1434 1354
1435 1357
1436 1355
1437 1356
1438 1356
1439 1355
1440 1356
1441 1359
1442 1356
1443 1356
1444 1356
1445 1356
1446 1352
1447 1355
1448 1354
1449 1354
1450 1357
1451 1358
1452 1353
1453 1353
1454 1351
1455 1354
1456 1355
1457 1355
1458 1354
1459 1353
1460 1354
1461 1357
1462 1355
1463 1355
1464 1356
1465 1355
1466 1356
1467 1356
1468 1354
1469 1356
1470 1356
1471 1357
1472 1357
1473 1355
1474 1358
1475 1355
1476 1353
1477 1357
1478 1357
1479 1355
1480 1355
1481 1354
1482 1352
1483 1355
1484 1356
1485 1355
1486 1357
1487 1355
1488 1355
1489 1355
1490 1358
1491 1355
1492 1356
1493 1355
1494 1358
1495 1354
1496 1354
1497 1358
1498 1355
1499 1356
1500 1357
1501 1357
1502 1356
1503 1353
1504 1354
1505 1353
1506 1356
1507 1354
1508 1357
1509 1356
1510 1353
1511 1353
1512 1353
1513 1354
1514 1353
1515 1354
1516 1354
1517 1357
1518 1355
1519 1355
1520 1355
1521 1352
1522 1355
1523 1355
1524 1358
1525 1356
1526 1355
1527 1355
1528 1358
1529 1356
1530 1356
1531 1353
1532 1356
1533 1354
1534 1354
1535 1355
1536 1354
1537 1355
1538 1356
1539 1357
1540 1356
1541 1356
1542 1356
1543 1354
1544 1356
1545 1356
1546 1356
1547 1355
1548 1352
1549 1355
1550 1353
1551 1355
1552 1354
1553 1353
1554 1353
1555 1359
1556 1358
1557 1359
1558 1356
1559 1356
1560 1355
1561 1355
1562 1353
1563 1357
1564 1353
1565 1357
1566 1354
1567 1356
1568 1357
1569 1353
1570 1356
1571 1357
1572 1358
1573 1353
1574 1357
1575 1357
1576 1355
1577 1356
1578 1356
1579 1354
1580 1354
1581 1356
1582 1355
1583 1352
1584 1354
1585 1357
1586 1353
1587 1352
1588 1353
1589 1355
1590 1355
1591 1352
1592 1353
1593 1355
1594 1355
1595 1356
1596 1357
1597 1353
1598 1356
1599 1354
1600 1354
1601 1357
1602 1356
1603 1353
1604 1355
1605 1357
1606 1354
1607 1355
1608 1355
1609 1357
1610 1353
1611 1353
1612 1355
1613 1355
1614 1354
1615 1359
1616 1356
1617 1353
1618 1354
1619 1356
1620 1355
1621 1354
1622 1357
1623 1354
1624 1355
1625 1352
1626 1357
1627 1356
1628 1354
1629 1355
1630 1356
1631 1353
1632 1356
1633 1354
1634 1356
1635 1355
1636 1354
1637 1352
1638 1356
1639 1353
1640 1357
1641 1355
1642 1354
1643 1354
1644 1354
1645 1356
1646 1357
1647 1356
1648 1357
1649 1355
1650 1354
1651 1354
1652 1354
1653 1355
1654 1356
1655 1353
1656 1355
1657 1354
1658 1357
1659 1357
1660 1358
1661 1357
1662 1354
1663 1353
1664 1356
1665 1351
1666 1353
1667 1353
1668 1355
1669 1352
1670 1354
1671 1355
1672 1353
1673 1354
1674 1355
1675 1358
1676 1359
1677 1357
1678 1356
1679 1352
1680 1356
1681 1357
1682 1357
1683 1357
1684 1355
1685 1355
1686 1355
1687 1355
1688 1356
1689 1354
1690 1356
1691 1353
1692 1356
1693 1355
1694 1354
1695 1356
1696 1355
1697 1355
1698 1357
1699 1356
1700 1355
1701 1353
1702 1356
1703 1356
1704 1354
1705 1359
1706 1356
1707 1356
1708 1353
1709 1355
1710 1356
1711 1355
1712 1357
1713 1354
1714 1354
1715 1357
1716 1356
1717 1357
1718 1356
1719 1355
1720 1353
1721 1353
1722 1356
1723 1355
1724 1355
1725 1357
1726 1354
1727 1357
1728 1353
1729 1354
1730 1355
1731 1356
1732 1356
1733 1356
1734 1355
1735 1355
1736 1355
1737 1356
1738 1354
1739 1354
1740 1354
1741 1355
1742 1355
1743 1353
1744 1355
1745 1357
1746 1355
1747 1357
1748 1355
1749 1357
1750 1355
1751 1353
1752 1353
1753 1355
1754 1357
1755 1354
1756 1357
1757 1356
1758 1355
1759 1352
1760 1355
1761 1356
1762 1354
1763 1355
1764 1354
1765 1354
1766 1354
1767 1355
1768 1352
1769 1355
1770 1354
1771 1354
1772 1355
1773 1350
1774 1353
1775 1357
1776 1353
1777 1357
1778 1355
1779 1352
1780 1356
1781 1355
1782 1354
1783 1354
1784 1356
1785 1353
1786 1355
1787 1354
1788 1355
1789 1354
1790 1354
1791 1355
1792 1355
1793 1354
1794 1355
1795 1353
1796 1355
1797 1353
1798 1355
1799 1354
1800 1354
1801 1356
1802 1353
1803 1357
1804 1354
1805 1357
1806 1358
1807 1355
1808 1356
1809 1357
1810 1353
1811 1356
1812 1355
1813 1354
1814 1353
1815 1353
1816 1354
1817 1354
1818 1356
1819 1356
1820 1355
1821 1353
1822 1355
1823 1355
1824 1354
1825 1351
1826 1354
1827 1356
1828 1354
1829 1356
1830 1352
1831 1352
1832 1353
1833 1355
1834 1358
1835 1357
1836 1356
1837 1355
1838 1356
1839 1356
1840 1354
1841 1355
1842 1355
1843 1355
1844 1353
1845 1354
1846 1355
1847 1353
1848 1356
1849 1355
1850 1353
1851 1357
1852 1356
1853 1354
1854 1354
1855 1355
1856 1354
1857 1356
1858 1351
1859 1354
1860 1355
1861 1356
1862 1353
1863 1355
1864 1354
1865 1362
1866 1353
1867 1353
1868 1354
1869 1353
1870 1355
1871 1355
1872 1353
1873 1358
1874 1356
1875 1356
1876 1357
1877 1357
1878 1355
1879 1353
1880 1354
1881 1353
1882 1354
1883 1355
1884 1353
1885 1354
1886 1356
1887 1354
1888 1357
1889 1354
1890 1358
1891 1353
1892 1355
1893 1354
1894 1355
1895 1357
1896 1355
1897 1357
1898 1355
1899 1356
1900 1356
1901 1354
1902 1356
1903 1354
1904 1354
1905 1355
1906 1355
1907 1352
1908 1354
1909 1353
1910 1355
1911 1356
1912 1355
1913 1356
1914 1355
1915 1354
1916 1354
1917 1355
1918 1356
1919 1353
1920 1355
1921 1353
1922 1353
1923 1355
1924 1354
1925 1355
1926 1356
1927 1357
1928 1357
1929 1356
1930 1357
1931 1355
1932 1356
1933 1355
1934 1355
1935 1355
1936 1357
1937 1356
1938 1357
1939 1354
1940 1356
1941 1355
1942 1357
1943 1353
1944 1353
1945 1355
1946 1357
1947 1355
1948 1356
1949 1355
1950 1353
1951 1355
1952 1354
1953 1353
1954 1356
1955 1358
1956 1355
1957 1354
1958 1354
1959 1353
1960 1354
1961 1357
1962 1355
1963 1354
1964 1355
1965 1356
1966 1354
1967 1354
1968 1355
1969 1358
1970 1353
1971 1356
1972 1356
1973 1354
1974 1353
1975 1354
1976 1352
1977 1355
1978 1353
1979 1353
1980 1357
1981 1356
1982 1356
1983 1355
1984 1355
1985 1356
1986 1356
1987 1355
1988 1356
1989 1354
1990 1357
1991 1355
1992 1355
1993 1351
1994 1356
1995 1358
1996 1357
1997 1352
1998 1355
1999 1357
2000 1354
2001 1357
2002 1354
2003 1358
2004 1354
2005 1354
2006 1355
2007 1356
2008 1355
2009 1354
2010 1353
2011 1357
2012 1356
2013 1357
2014 1357
2015 1357
2016 1355
2017 1355
2018 1357
2019 1357
2020 1356
2021 1357
2022 1354
2023 1355
2024 1356
2025 1357
2026 1358
2027 1355
2028 1357
2029 1350
2030 1351
2031 1354
2032 1355
2033 1352
2034 1354
2035 1356
2036 1355
2037 1352
2038 1355
2039 1356
2040 1356
2041 1356
2042 1355
2043 1354
2044 1353
2045 1356
2046 1355
2047 1354
2048 1356
2049 1353
2050 1354
2051 1353
2052 1355
2053 1353
2054 1356
2055 1358
2056 1355
2057 1353
2058 1356
2059 1355
2060 1355
2061 1355
2062 1354
2063 1354
2064 1355
2065 1353
2066 1354
2067 1357
2068 1356
2069 1355
2070 1356
2071 1356
2072 1358
2073 1357
2074 1356
2075 1353
2076 1357
2077 1357
2078 1356
2079 1355
2080 1355
2081 1354
2082 1357
2083 1354
2084 1356
2085 1357
2086 1356
2087 1358
2088 1357
2089 1357
2090 1357
2091 1355
2092 1356
2093 1354
2094 1354
2095 1357
2096 1356
2097 1356
2098 1355
2099 1351
2100 1352
2101 1355
2102 1357
2103 1356
2104 1355
2105 1354
2106 1356
2107 1354
2108 1356
2109 1355
2110 1353
2111 1358
2112 1359
2113 1358
2114 1357
2115 1356
2116 1359
2117 1357
2118 1356
2119 1355
2120 1353
2121 1357
2122 1357
2123 1353
2124 1354
2125 1354
2126 1355
2127 1353
2128 1354
2129 1353
2130 1357
2131 1355
2132 1353
2133 1354
2134 1354
2135 1356
2136 1353
2137 1352
2138 1357
2139 1355
2140 1356
2141 1357
2142 1358
2143 1356
2144 1356
2145 1355
2146 1357
2147 1356
2148 1355
2149 1354
2150 1356
2151 1355
2152 1356
2153 1355
2154 1355
2155 1358
2156 1356
2157 1354
2158 1355
2159 1355
2160 1356
2161 1357
2162 1354
2163 1355
2164 1353
2165 1354
2166 1353
2167 1352
2168 1354
2169 1359
2170 1357
2171 1355
2172 1355
2173 1353
2174 1356
2175 1356
2176 1355
2177 1356
2178 1357
2179 1356
2180 1356
2181 1354
2182 1355
2183 1352
2184 1353
2185 1353
2186 1355
2187 1356
2188 1356
2189 1354
2190 1352
2191 1356
2192 1355
2193 1352
2194 1354
2195 1353
2196 1355
2197 1357
2198 1353
2199 1353
2200 1354
2201 1355
2202 1356
2203 1355
2204 1358
2205 1353
2206 1354
2207 1355
2208 1355
2209 1351
2210 1356
2211 1355
2212 1354
2213 1354
2214 1357
2215 1357
2216 1358
2217 1353
2218 1355
2219 1356
2220 1354
2221 1351
2222 1357
2223 1357
2224 1355
2225 1355
2226 1355
2227 1355
2228 1355
2229 1357
2230 1356
2231 1356
2232 1356
2233 1353
2234 1354
2235 1352
2236 1355
2237 1356
2238 1355
2239 1357
2240 1355
2241 1356
2242 1353
2243 1354
2244 1356
2245 1357
2246 1357
2247 1354
2248 1355
2249 1355
2250 1355
2251 1354
2252 1353
2253 1355
2254 1355
2255 1354
2256 1353
2257 1352
2258 1355
2259 1355
2260 1356
2261 1355
2262 1354
2263 1355
2264 1354
2265 1355
2266 1354
2267 1355
2268 1354
2269 1355
2270 1356
2271 1356
2272 1356
2273 1355
2274 1354
2275 1354
2276 1355
2277 1352
2278 1355
2279 1353
2280 1356
2281 1352
2282 1353
2283 1351
2284 1356
2285 1355
2286 1354
2287 1356
2288 1356
2289 1354
2290 1354
2291 1354
2292 1354
2293 1353
2294 1358
2295 1357
2296 1353
2297 1357
2298 1355
2299 1353
2300 1356
2301 1357
2302 1357
2303 1357
2304 1354
2305 1355
2306 1354
2307 1355
2308 1353
2309 1355
2310 1354
2311 1354
2312 1352
2313 1354
2314 1356
2315 1356
2316 1354
2317 1356
2318 1355
2319 1356
2320 1353
2321 1356
2322 1356
2323 1357
2324 1356
2325 1355
2326 1355
2327 1353
2328 1353
2329 1357
2330 1355
2331 1356
2332 1352
2333 1355
2334 1354
2335 1354
2336 1355
2337 1353
2338 1353
2339 1355
2340 1355
2341 1352
2342 1352
2343 1349
2344 1356
2345 1358
2346 1354
2347 1353
2348 1354
2349 1356
2350 1355
2351 1356
2352 1354
2353 1357
2354 1354
2355 1353
2356 1353
2357 1354
2358 1355
2359 1356
2360 1356
2361 1357
2362 1354
2363 1357
2364 1356
2365 1356
2366 1354
2367 1354
2368 1352
2369 1352
2370 1354
2371 1355
2372 1354
2373 1354
2374 1354
2375 1355
2376 1356
2377 1353
2378 1353
2379 1353
2380 1356
2381 1354
2382 1353
2383 1356
2384 1356
2385 1354
2386 1357
2387 1353
2388 1353
2389 1355
2390 1353
2391 1356
2392 1356
2393 1353
2394 1356
2395 1354
2396 1355
2397 1354
2398 1356
2399 1352
2400 1354
2401 1352
2402 1351
2403 1353
2404 1353
2405 1355
2406 1355
2407 1352
2408 1355
2409 1355
2410 1354
2411 1356
2412 1352
2413 1352
2414 1355
2415 1355
2416 1355
2417 1354
2418 1353
2419 1355
2420 1355
2421 1354
2422 1355
2423 1353
2424 1355
2425 1357
2426 1354
2427 1356
2428 1355
2429 1354
2430 1352
2431 1354
2432 1356
2433 1354
2434 1355
2435 1356
2436 1356
2437 1351
2438 1351
2439 1356
2440 1356
2441 1354
2442 1355
2443 1354
2444 1353
2445 1355
2446 1356
2447 1354
2448 1353
2449 1354
2450 1356
2451 1356
2452 1355
2453 1354
2454 1355
2455 1352
2456 1355
2457 1355
2458 1356
2459 1356
2460 1357
2461 1353
2462 1356
2463 1354
2464 1353
2465 1357
2466 1354
2467 1354
2468 1356
2469 1357
2470 1358
2471 1356
2472 1358
2473 1357
2474 1352
2475 1355
2476 1356
2477 1360
2478 1355
2479 1357
2480 1355
2481 1354
2482 1353
2483 1352
2484 1354
2485 1354
2486 1354
2487 1354
2488 1354
2489 1354
2490 1352
2491 1352
2492 1355
2493 1353
2494 1352
2495 1352
2496 1355
2497 1357
2498 1356
2499 1353
2500 1355
2501 1354
2502 1353
2503 1356
2504 1354
2505 1357
2506 1353
2507 1353
2508 1353
2509 1354
2510 1356
2511 1356
2512 1356
2513 1355
2514 1354
2515 1354
2516 1353
2517 1355
2518 1354
2519 1354
2520 1354
2521 1356
2522 1354
2523 1355
2524 1354
2525 1356
2526 1352
2527 1355
2528 1356
2529 1356
2530 1354
2531 1355
2532 1355
2533 1356
2534 1355
2535 1359
2536 1355
2537 1353
2538 1356
2539 1357
2540 1355
2541 1356
2542 1355
2543 1356
2544 1355
2545 1353
2546 1357
2547 1355
2548 1355
2549 1353
2550 1355
2551 1354
2552 1355
2553 1353
2554 1354
2555 1354
2556 1352
2557 1353
2558 1353
2559 1355
2560 1354
2561 1353
2562 1353
2563 1353
2564 1354
2565 1357
2566 1355
2567 1355
2568 1356
2569 1355
2570 1354
2571 1354
2572 1353
2573 1356
2574 1355
2575 1354
2576 1353
2577 1353
2578 1354
2579 1354
2580 1355
2581 1355
2582 1353
2583 1354
2584 1355
2585 1354
2586 1356
2587 1357
2588 1355
2589 1355
2590 1355
2591 1355
2592 1352
2593 1353
2594 1355
2595 1356
2596 1359
2597 1352
2598 1356
2599 1354
2600 1354
2601 1353
2602 1354
2603 1352
2604 1355
2605 1353
2606 1355
2607 1355
2608 1355
2609 1355
2610 1353
2611 1355
2612 1356
2613 1353
2614 1358
2615 1354
2616 1354
2617 1352
2618 1353
2619 1352
2620 1354
2621 1353
2622 1355
2623 1351
2624 1356
2625 1358
2626 1358
2627 1354
2628 1358
2629 1354
2630 1355
2631 1353
2632 1357
2633 1356
2634 1355
2635 1355
2636 1354
2637 1356
2638 1357
2639 1357
2640 1357
2641 1354
2642 1355
2643 1355
2644 1354
2645 1354
2646 1355
2647 1354
2648 1354
2649 1353
2650 1356
2651 1353
2652 1354
2653 1353
2654 1353
2655 1353
2656 1356
2657 1355
2658 1356
2659 1354
2660 1354
2661 1353
2662 1356
2663 1356
2664 1358
2665 1357
2666 1355
2667 1356
2668 1356
2669 1353
2670 1356
2671 1355
2672 1355
2673 1357
2674 1356
2675 1356
2676 1356
2677 1356
2678 1355
2679 1354
2680 1356
2681 1356
2682 1356
2683 1353
2684 1354
2685 1357
2686 1356
2687 1354
2688 1354
2689 1354
2690 1356
2691 1356
2692 1357
2693 1352
2694 1356
2695 1354
2696 1355
2697 1355
2698 1353
2699 1352
2700 1353
2701 1353
2702 1355
2703 1356
2704 1355
2705 1354
2706 1356
2707 1354
2708 1354
2709 1355
2710 1355
2711 1354
2712 1355
2713 1354
2714 1352
2715 1354
2716 1354
2717 1353
2718 1353
2719 1353
2720 1356
2721 1354
2722 1354
2723 1351
2724 1354
2725 1358
2726 1355
2727 1351
2728 1356
2729 1355
2730 1355
2731 1355
2732 1356
2733 1355
2734 1355
2735 1353
2736 1354
2737 1355
2738 1356
2739 1352
2740 1354
2741 1354
2742 1357
2743 1354
2744 1353
2745 1356
2746 1356
2747 1353
2748 1356
2749 1353
2750 1358
2751 1355
2752 1355
2753 1354
2754 1354
2755 1359
2756 1357
2757 1357
2758 1357
2759 1355
2760 1356
2761 1353
2762 1355
2763 1353
2764 1351
2765 1354
2766 1357
2767 1355
2768 1357
2769 1354
2770 1356
2771 1354
2772 1355
2773 1353
2774 1355
2775 1355
2776 1354
2777 1355
2778 1356
2779 1353
2780 1355
2781 1354
2782 1356
2783 1355
2784 1357
2785 1354
2786 1358
2787 1355
2788 1358
2789 1353
2790 1356
2791 1355
2792 1355
2793 1354
2794 1354
2795 1352
2796 1356
2797 1357
2798 1357
2799 1357
2800 1356
2801 1354
2802 1357
2803 1354
2804 1355
2805 1353
2806 1356
2807 1355
2808 1356
2809 1353
2810 1356
2811 1356
2812 1354
2813 1353
2814 1355
2815 1357
2816 1356
2817 1353
2818 1357
2819 1356
2820 1356
2821 1355
2822 1352
2823 1354
2824 1356
2825 1357
2826 1354
2827 1356
2828 1356
2829 1355
2830 1354
2831 1356
2832 1356
2833 1355
2834 1354
2835 1354
2836 1353
2837 1353
2838 1356
2839 1354
2840 1356
2841 1352
2842 1352
2843 1356
2844 1356
2845 1357
2846 1356
2847 1357
2848 1357
2849 1356
2850 1357
2851 1357
2852 1355
2853 1355
2854 1355
2855 1357
2856 1356
2857 1352
2858 1353
2859 1355
2860 1356
2861 1354
2862 1354
2863 1355
2864 1355
2865 1356
2866 1355
2867 1353
2868 1354
2869 1355
2870 1355
2871 1355
2872 1354
2873 1354
2874 1352
2875 1355
2876 1357
2877 1355
2878 1356
2879 1353
2880 1354
2881 1357
2882 1354
2883 1351
2884 1352
2885 1359
2886 1358
2887 1356
2888 1359
2889 1351
2890 1356
2891 1358
2892 1356
2893 1354
2894 1352
2895 1353
2896 1354
2897 1353
2898 1355
2899 1355
2900 1353
2901 1357
2902 1354
2903 1356
2904 1354
2905 1354
2906 1354
2907 1355
2908 1356
2909 1353
2910 1354
2911 1355
2912 1355
2913 1354
2914 1354
2915 1355
2916 1356
2917 1354
2918 1354
2919 1356
2920 1352
2921 1357
2922 1355
2923 1354
2924 1353
2925 1351
2926 1355
2927 1355
2928 1355
2929 1354
2930 1356
2931 1354
2932 1354
2933 1356
2934 1357
2935 1357
2936 1352
2937 1352
2938 1354
2939 1354
2940 1355
2941 1355
2942 1352
2943 1355
2944 1352
2945 1354
2946 1355
2947 1352
2948 1354
2949 1355
2950 1353
2951 1355
2952 1355
2953 1356
2954 1352
2955 1353
2956 1354
2957 1353
2958 1355
2959 1354
2960 1354
2961 1356
2962 1353
2963 1354
2964 1355
2965 1355
2966 1354
2967 1355
2968 1353
2969 1356
2970 1355
2971 1357
2972 1353
2973 1351
2974 1355
2975 1359
2976 1356
2977 1353
2978 1355
2979 1354
2980 1356
2981 1357
2982 1355
2983 1352
2984 1350
2985 1354
2986 1357
2987 1353
2988 1356
2989 1353
2990 1355
2991 1353
2992 1354
2993 1353
2994 1354
2995 1357
2996 1354
2997 1354
2998 1357
2999 1356
3000 1358
3001 1357
3002 1350
3003 1353
3004 1356
3005 1360
3006 1358
3007 1353
3008 1356
3009 1357
3010 1354
3011 1354
3012 1354
3013 1357
3014 1355
3015 1352
3016 1354
3017 1353
3018 1354
3019 1353
3020 1356
3021 1354
3022 1356
3023 1357
3024 1354
3025 1351
3026 1355
3027 1354
3028 1354
3029 1354
3030 1356
3031 1356
3032 1355
3033 1351
3034 1353
3035 1354
3036 1355
3037 1354
3038 1353
3039 1353
3040 1354
3041 1355
3042 1355
3043 1352
3044 1355
3045 1353
3046 1354
3047 1357
3048 1353
3049 1354
3050 1354
3051 1354
3052 1350
3053 1356
3054 1354
3055 1352
3056 1351
3057 1354
3058 1358
3059 1355
3060 1355
3061 1355
3062 1353
3063 1354
3064 1353
3065 1354
3066 1355
3067 1354
3068 1355
3069 1354
3070 1353
3071 1352
3072 1354
3073 1350
3074 1351
3075 1357
3076 1356
3077 1355
3078 1355
3079 1354
3080 1358
3081 1356
3082 1354
3083 1352
3084 1353
3085 1354
3086 1355
3087 1354
3088 1354
3089 1353
3090 1354
3091 1355
3092 1353
3093 1355
3094 1356
3095 1354
3096 1355
3097 1355
3098 1353
3099 1354
3100 1355
3101 1354
3102 1354
3103 1353
3104 1355
3105 1357
3106 1354
3107 1356
3108 1354
3109 1356
3110 1355
3111 1354
3112 1352
3113 1353
3114 1354
3115 1353
3116 1355
3117 1353
3118 1354
3119 1356
3120 1355
3121 1356
3122 1354
3123 1354
3124 1357
3125 1355
3126 1355
3127 1354
3128 1352
3129 1353
3130 1356
3131 1353
3132 1353
3133 1352
3134 1355
3135 1355
3136 1356
3137 1353
3138 1357
3139 1355
3140 1355
3141 1356
3142 1354
3143 1354
3144 1355
3145 1358
3146 1355
3147 1355
3148 1354
3149 1358
3150 1352
3151 1355
3152 1354
3153 1357
3154 1355
3155 1355
3156 1356
3157 1353
3158 1355
3159 1355
3160 1356
3161 1356
3162 1356
3163 1355
3164 1356
3165 1360
3166 1358
3167 1357
3168 1356
3169 1353
3170 1354
3171 1354
3172 1355
3173 1354
3174 1352
3175 1353
3176 1355
3177 1355
3178 1355
3179 1355
3180 1353
3181 1355
3182 1356
3183 1355
3184 1355
3185 1356
3186 1353
3187 1354
3188 1356
3189 1357
3190 1359
3191 1356
3192 1355
3193 1352
3194 1355
3195 1357
3196 1356
3197 1357
3198 1355
3199 1356
3200 1356
3201 1354
3202 1355
3203 1357
3204 1356
3205 1356
3206 1356
3207 1355
3208 1354
3209 1353
3210 1353
3211 1353
3212 1356
3213 1355
3214 1355
3215 1353
3216 1356
3217 1356
3218 1354
3219 1353
3220 1355
3221 1356
3222 1353
3223 1356
3224 1355
3225 1355
3226 1353
3227 1354
3228 1355
3229 1357
3230 1352
3231 1354
3232 1355
3233 1355
3234 1355
3235 1355
3236 1357
3237 1355
3238 1357
3239 1355
3240 1355
3241 1357
3242 1357
3243 1357
3244 1356
3245 1356
3246 1357
3247 1355
3248 1355
3249 1355
3250 1354
3251 1355
3252 1355
3253 1356
3254 1355
3255 1357
3256 1356
3257 1354
3258 1355
3259 1354
3260 1355
3261 1352
3262 1353
3263 1352
3264 1353
3265 1357
3266 1358
3267 1356
3268 1353
3269 1355
3270 1352
3271 1356
3272 1355
3273 1353
3274 1356
3275 1358
3276 1355
3277 1355
3278 1353
3279 1354
3280 1353
3281 1354
3282 1353
3283 1355
3284 1354
3285 1355
3286 1355
3287 1356
3288 1355
3289 1352
3290 1353
3291 1354
3292 1352
3293 1350
3294 1353
3295 1355
3296 1356
3297 1357
3298 1355
3299 1354
3300 1354
3301 1355
3302 1355
3303 1353
3304 1352
3305 1354
3306 1354
3307 1355
3308 1354
3309 1356
3310 1356
3311 1355
3312 1355
3313 1355
3314 1353
3315 1353
3316 1355
3317 1356
3318 1352
3319 1355
3320 1355
3321 1355
3322 1355
3323 1353
3324 1354
3325 1356
3326 1357
3327 1354
3328 1356
3329 1355
3330 1356
3331 1356
3332 1357
3333 1357
3334 1355
3335 1355
3336 1357
3337 1355
3338 1353
3339 1358
3340 1356
3341 1358
3342 1356
3343 1354
3344 1353
3345 1356
3346 1354
3347 1356
3348 1354
3349 1352
3350 1353
3351 1356
3352 1352
3353 1352
3354 1355
3355 1361
3356 1356
3357 1353
3358 1353
3359 1355
3360 1353
3361 1357
3362 1354
3363 1355
3364 1355
3365 1353
3366 1355
3367 1356
3368 1356
3369 1353
3370 1352
3371 1354
3372 1356
3373 1355
3374 1353
3375 1356
3376 1354
3377 1355
3378 1355
3379 1354
3380 1354
3381 1356
3382 1353
3383 1353
3384 1354
3385 1356
3386 1354
3387 1353
3388 1352
3389 1355
3390 1355
3391 1357
3392 1355
3393 1357
3394 1355
3395 1357
3396 1353
3397 1356
3398 1354
3399 1355
3400 1354
3401 1355
3402 1354
3403 1355
3404 1352
3405 1353
3406 1354
3407 1352
3408 1353
3409 1354
3410 1353
3411 1355
3412 1353
3413 1357
3414 1354
3415 1357
3416 1355
3417 1357
3418 1353
3419 1356
3420 1354
3421 1357
3422 1353
3423 1355
3424 1356
3425 1356
3426 1355
3427 1356
3428 1355
3429 1356
3430 1355
3431 1355
3432 1355
3433 1355
3434 1354
3435 1353
3436 1354
3437 1355
3438 1355
3439 1355
3440 1356
3441 1353
3442 1356
3443 1355
3444 1356
3445 1353
3446 1353
3447 1354
3448 1356
3449 1353
3450 1357
3451 1353
3452 1353
3453 1353
3454 1354
3455 1356
3456 1356
3457 1357
3458 1356
3459 1357
3460 1353
3461 1358
3462 1354
3463 1355
3464 1357
3465 1354
3466 1356
3467 1353
3468 1355
3469 1353
3470 1353
3471 1355
3472 1355
3473 1354
3474 1354
3475 1352
3476 1356
3477 1356
3478 1358
3479 1353
3480 1354
3481 1356
3482 1353
3483 1355
3484 1356
3485 1354
3486 1353
3487 1354
3488 1355
3489 1353
3490 1354
3491 1354
3492 1355
3493 1355
3494 1353
3495 1352
3496 1353
3497 1354
3498 1356
3499 1354
3500 1353
3501 1356
3502 1355
3503 1355
3504 1352
3505 1351
3506 1353
3507 1354
3508 1354
3509 1353
3510 1354
3511 1354
3512 1353
3513 1354
3514 1355
3515 1359
3516 1357
3517 1355
3518 1354
3519 1354
3520 1353
3521 1352
3522 1350
3523 1354
3524 1352
3525 1351
3526 1354
3527 1355
3528 1355
3529 1355
3530 1356
3531 1355
3532 1354
3533 1356
3534 1353
3535 1355
3536 1351
3537 1355
3538 1353
3539 1355
3540 1355
3541 1354
3542 1354
3543 1355
3544 1355
3545 1357
3546 1356
3547 1353
3548 1354
3549 1355
3550 1356
3551 1356
3552 1355
3553 1352
3554 1356
3555 1354
3556 1356
3557 1357
3558 1356
3559 1355
3560 1354
3561 1355
3562 1355
3563 1355
3564 1356
3565 1355
3566 1354
3567 1354
3568 1355
3569 1356
3570 1356
3571 1355
3572 1353
3573 1355
3574 1358
3575 1357
3576 1354
3577 1358
3578 1355
3579 1354
3580 1354
3581 1356
3582 1354
3583 1354
3584 1353
3585 1353
3586 1355
3587 1355
3588 1356
3589 1355
3590 1355
3591 1359
3592 1354
3593 1356
3594 1353
3595 1354
3596 1354
3597 1356
3598 1355
3599 1358
3600 1352
3601 1355
3602 1355
3603 1358
3604 1358
3605 1353
3606 1356
3607 1357
3608 1356
3609 1356
3610 1354
3611 1356
3612 1355
3613 1351
3614 1354
3615 1356
3616 1354
3617 1353
3618 1354
3619 1355
3620 1353
3621 1355
3622 1356
3623 1356
3624 1356
3625 1352
3626 1355
3627 1359
3628 1356
3629 1354
3630 1355
3631 1355
3632 1356
3633 1357
3634 1354
3635 1353
3636 1355
3637 1356
3638 1355
3639 1357
3640 1355
3641 1354
3642 1355
3643 1354
3644 1354
3645 1357
3646 1357
3647 1354
3648 1355
3649 1354
3650 1357
3651 1353
3652 1356
3653 1354
3654 1356
3655 1352
3656 1354
3657 1357
3658 1357
3659 1356
3660 1357
3661 1356
3662 1356
3663 1355
3664 1356
3665 1357
3666 1356
3667 1356
3668 1355
3669 1357
3670 1356
3671 1357
3672 1354
3673 1356
3674 1355
3675 1358
3676 1356
3677 1354
3678 1356
3679 1356
3680 1354
3681 1354
3682 1355
3683 1352
3684 1353
3685 1354
3686 1353
3687 1355
3688 1355
3689 1355
3690 1355
3691 1357
3692 1355
3693 1357
3694 1354
3695 1354
3696 1356
3697 1356
3698 1357
3699 1356
3700 1355
3701 1353
3702 1356
3703 1354
3704 1354
3705 1356
3706 1355
3707 1352
3708 1356
3709 1355
3710 1354
3711 1354
3712 1355
3713 1354
3714 1356
3715 1355
3716 1355
3717 1353
3718 1353
3719 1354
3720 1355
3721 1354
3722 1355
3723 1355
3724 1356
3725 1356
3726 1355
3727 1355
3728 1355
3729 1356
3730 1355
3731 1357
3732 1357
3733 1356
3734 1355
3735 1358
3736 1357
3737 1354
3738 1356
3739 1352
3740 1355
3741 1355
3742 1354
3743 1350
3744 1354
3745 1353
3746 1354
3747 1355
3748 1355
3749 1356
3750 1357
3751 1356
3752 1355
3753 1352
3754 1357
3755 1358
3756 1356
3757 1358
3758 1358
3759 1354
3760 1358
3761 1353
3762 1356
3763 1354
3764 1353
3765 1356
3766 1355
3767 1356
3768 1354
3769 1353
3770 1355
3771 1357
3772 1353
3773 1353
3774 1356
3775 1354
3776 1356
3777 1353
3778 1354
3779 1356
3780 1355
3781 1354
3782 1356
3783 1354
3784 1355
3785 1355
3786 1354
3787 1352
3788 1356
3789 1355
3790 1355
3791 1357
3792 1357
3793 1355
3794 1357
3795 1355
3796 1356
3797 1356
3798 1354
3799 1351
3800 1357
3801 1354
3802 1356
3803 1353
3804 1354
3805 1354
3806 1353
3807 1351
3808 1356
3809 1355
3810 1356
3811 1354
3812 1355
3813 1354
3814 1356
3815 1353
3816 1355
3817 1355
3818 1356
3819 1354
3820 1355
3821 1353
3822 1355
3823 1353
3824 1356
3825 1356
3826 1357
3827 1351
3828 1354
3829 1354
3830 1356
3831 1352
3832 1352
3833 1355
3834 1357
3835 1356
3836 1355
3837 1353
3838 1355
3839 1357
3840 1353
3841 1355
3842 1357
3843 1357
3844 1355
3845 1352
3846 1353
3847 1353
3848 1353
3849 1352
3850 1356
3851 1354
3852 1356
3853 1357
3854 1354
3855 1353
3856 1353
3857 1358
3858 1358
3859 1353
3860 1356
3861 1356
3862 1354
3863 1355
3864 1355
3865 1357
3866 1354
3867 1351
3868 1354
3869 1353
3870 1352
3871 1356
3872 1353
3873 1356
3874 1357
3875 1354
3876 1354
3877 1355
3878 1353
3879 1353
3880 1356
3881 1356
3882 1355
3883 1355
3884 1358
3885 1353
3886 1354
3887 1357
3888 1356
3889 1356
3890 1357
3891 1354
3892 1356
3893 1354
3894 1355
3895 1355
3896 1357
3897 1356
3898 1356
3899 1354
3900 1356
3901 1356
3902 1357
3903 1354
3904 1356
3905 1355
3906 1355
3907 1353
3908 1354
3909 1353
3910 1352
3911 1355
3912 1355
3913 1353
3914 1353
3915 1353
3916 1353
3917 1355
3918 1355
3919 1355
3920 1355
3921 1352
3922 1356
3923 1355
3924 1355
3925 1356
3926 1355
3927 1353
3928 1356
3929 1352
3930 1353
3931 1356
3932 1354
3933 1355
3934 1354
3935 1355
3936 1352
3937 1354
3938 1354
3939 1356
3940 1356
3941 1356
3942 1354
3943 1353
3944 1351
3945 1354
3946 1356
3947 1354
3948 1355
3949 1355
3950 1354
3951 1353
3952 1353
3953 1355
3954 1355
3955 1357
3956 1357
3957 1352
3958 1354
3959 1353
3960 1353
3961 1355
3962 1354
3963 1353
3964 1354
3965 1351
3966 1352
3967 1353
3968 1356
3969 1357
3970 1354
3971 1358
3972 1355
3973 1357
3974 1353
3975 1356
3976 1356
3977 1355
3978 1358
3979 1356
3980 1356
3981 1355
3982 1352
3983 1353
3984 1354
3985 1356
3986 1353
3987 1352
3988 1353
3989 1355
3990 1354
3991 1354
3992 1352
3993 1352
3994 1354
3995 1354
3996 1354
3997 1356
3998 1354
3999 1354
