0 1354
1 1353
2 1354
3 1353
4 1355
5 1354
6 1350
7 1351
8 1352
9 1352
10 1355
11 1353
12 1355
13 1353
14 1354
15 1354
16 1354
17 1357
18 1353
19 1353
20 1355
21 1354
22 1352
23 1355
24 1352
25 1354
26 1355
27 1355
28 1355
29 1353
30 1353
31 1355
32 1353
33 1353
34 1355
35 1356
36 1356
37 1352
38 1353
39 1352
40 1353
41 1353
42 1356
43 1356
44 1355
45 1355
46 1355
47 1354
48 1353
49 1354
50 1354
51 1354
52 1353
53 1355
54 1354
55 1353
56 1350
57 1354
58 1353
59 1353
60 1351
61 1354
62 1353
63 1352
64 1353
65 1354
66 1354
67 1356
68 1355
69 1355
70 1353
71 1354
72 1354
73 1355
74 1354
75 1351
76 1355
77 1352
78 1351
79 1355
80 1357
81 1354
82 1354
83 1354
84 1353
85 1355
86 1352
87 1352
88 1354
89 1352
90 1354
91 1354
92 1356
93 1353
94 1354
95 1353
96 1354
97 1353
98 1351
99 1353
100 1353
101 1353
102 1354
103 1354
104 1353
105 1353
106 1352
107 1354
108 1353
109 1353
110 1356
111 1352
112 1353
113 1353
114 1351
115 1353
116 1354
117 1355
118 1352
119 1354
120 1352
121 1350
122 1351
123 1353
124 1353
125 1353
126 1353
127 1351
128 1355
129 1355
130 1354
131 1353
132 1353
133 1353
134 1353
135 1356
136 1357
137 1355
138 1351
139 1355
140 1358
141 1353
142 1353
143 1352
144 1355
145 1354
146 1353
147 1355
148 1351
149 1353
150 1354
151 1353
152 1354
153 1354
154 1353
155 1352
156 1354
157 1352
158 1352
159 1356
160 1354
161 1353
162 1355
163 1353
164 1353
165 1353
166 1354
167 1353
168 1355
169 1355
170 1352
171 1355
172 1355
173 1354
174 1354
175 1355
176 1350
177 1353
178 1352
179 1352
180 1352
181 1355
182 1351
183 1355
184 1354
185 1353
186 1355
187 1354
188 1353
189 1355
190 1355
191 1354
192 1357
193 1354
194 1353
195 1355
196 1353
197 1353
198 1351
199 1354
200 1353
201 1354
202 1354
203 1356
204 1357
205 1353
206 1354
207 1352
208 1355
209 1351
210 1355
211 1356
212 1353
213 1351
214 1353
215 1353
216 1353
217 1352
218 1353
219 1354
220 1354
221 1353
222 1352
223 1350
224 1357
225 1354
226 1353
227 1352
228 1355
229 1353
230 1351
231 1353
232 1356
233 1354
234 1353
235 1350
236 1352
237 1353
238 1356
239 1352
240 1355
241 1354
242 1351
243 1348
244 1352
245 1349
246 1351
247 1350
248 1351
249 1351
250 1356
251 1353
252 1356
253 1354
254 1355
255 1354
256 1355
257 1355
258 1354
259 1354
260 1355
261 1353
262 1356
263 1352
264 1352
265 1355
266 1355
267 1349
268 1351
269 1352
270 1354
271 1355
272 1352
273 1351
274 1353
275 1351
276 1355
277 1352
278 1353
279 1351
280 1351
281 1352
282 1354
283 1354
284 1355
285 1354
286 1356
287 1354
288 1354
289 1353
290 1355
291 1351
292 1354
293 1351
294 1353
295 1353
296 1354
297 1351
298 1352
299 1350
300 1358
301 1356
302 1352
303 1351
304 1352
305 1352
306 1350
307 1356
308 1355
309 1355
310 1354
311 1352
312 1353
313 1353
314 1353
315 1352
316 1355
317 1355
318 1355
319 1352
320 1355
321 1351
322 1352
323 1352
324 1355
325 1355
326 1354
327 1354
328 1352
329 1356
330 1355
331 1353
332 1353
333 1354
334 1353
335 1353
336 1352
337 1352
338 1353
339 1354
340 1352
341 1356
342 1355
343 1352
344 1353
345 1354
346 1354
347 1355
348 1355
349 1352
350 1353
351 1356
352 1355
353 1356
354 1354
355 1352
356 1355
357 1352
358 1354
359 1353
360 1353
361 1352
362 1357
363 1355
364 1355
365 1354
366 1354
367 1353
368 1353
369 1352
370 1355
371 1351
372 1356
373 1353
374 1355
375 1355
376 1354
377 1353
378 1357
379 1351
380 1356
381 1352
382 1353
383 1353
384 1357
385 1354
386 1355
387 1353
388 1357
389 1353
390 1353
391 1354
392 1353
393 1352
394 1354
395 1352
396 1350
397 1350
398 1353
399 1353
400 1355
401 1354
402 1352
403 1353
404 1352
405 1352
406 1352
407 1353
408 1357
409 1355
410 1354
411 1351
412 1352
413 1353
414 1358
415 1353
416 1354
417 1353
418 1353
419 1351
420 1354
421 1350
422 1357
423 1355
424 1354
425 1348
426 1353
427 1352
428 1352
429 1351
430 1354
431 1351
432 1355
433 1352
434 1354
435 1353
436 1355
437 1352
438 1356
439 1352
440 1354
441 1354
442 1353
443 1353
444 1355
445 1355
446 1357
447 1353
448 1352
449 1351
450 1352
451 1353
452 1355
453 1354
454 1351
455 1352
456 1357
457 1349
458 1351
459 1353
460 1356
461 1352
462 1355
463 1353
464 1353
465 1347
466 1352
467 1352
468 1354
469 1352
470 1356
471 1355
472 1353
473 1350
474 1353
475 1352
476 1355
477 1351
478 1356
479 1352
480 1355
481 1351
482 1352
483 1352
484 1353
485 1354
486 1354
487 1354
488 1354
489 1351
490 1357
491 1356
492 1354
493 1353
494 1354
495 1352
496 1353
497 1352
498 1357
499 1351
500 1351
501 1354
502 1353
503 1351
504 1353
505 1352
506 1354
507 1351
508 1354
509 1358
510 1356
511 1355
512 1355
513 1354
514 1352
515 1352
516 1353
517 1352
518 1353
519 1354
520 1358
521 1357
522 1355
523 1353
524 1352
525 1352
526 1355
527 1353
528 1353
529 1351
530 1355
531 1353
532 1354
533 1353
534 1357
535 1355
536 1358
537 1361
538 1366
539 1370
540 1378
541 1385
542 1399
543 1406
544 1422
545 1428
546 1443
547 1458
548 1461
549 1471
550 1479
551 1484
552 1489
553 1493
554 1497
555 1498
556 1501
557 1501
558 1503
559 1499
560 1498
561 1494
562 1494
563 1492
564 1489
565 1484
566 1480
567 1476
568 1468
569 1464
570 1455
571 1450
572 1445
573 1440
574 1435
575 1435
576 1427
577 1422
578 1417
579 1413
580 1412
581 1404
582 1403
583 1401
584 1399
585 1395
586 1397
587 1392
588 1389
589 1383
590 1385
591 1382
592 1379
593 1375
594 1374
595 1372
596 1372
597 1369
598 1371
599 1368
600 1365
601 1366
602 1367
603 1364
604 1364
605 1365
606 1362
607 1359
608 1362
609 1362
610 1358
611 1357
612 1358
613 1357
614 1361
615 1360
616 1357
617 1356
618 1357
619 1358
620 1360
621 1358
622 1356
623 1356
624 1358
625 1356
626 1357
627 1356
628 1357
629 1354
630 1358
631 1356
632 1353
633 1355
634 1357
635 1354
636 1357
637 1353
638 1354
639 1353
640 1354
641 1352
642 1355
643 1351
644 1354
645 1351
646 1357
647 1352
648 1356
649 1351
650 1355
651 1355
652 1354
653 1354
654 1354
655 1353
656 1354
657 1353
658 1353
659 1355
660 1354
661 1356
662 1355
663 1351
664 1351
665 1353
666 1356
667 1353
668 1356
669 1352
670 1355
671 1354
672 1355
673 1351
674 1355
675 1354
676 1356
677 1353
678 1353
679 1355
680 1355
681 1356
682 1353
683 1355
684 1356
685 1354
686 1355
687 1355
688 1356
689 1355
690 1353
691 1354
692 1356
693 1354
694 1354
695 1354
696 1355
697 1356
698 1357
699 1353
700 1352
701 1353
702 1354
703 1353
704 1353
705 1353
706 1355
707 1352
708 1353
709 1353
710 1357
711 1355
712 1355
713 1353
714 1354
715 1354
716 1356
717 1354
718 1357
719 1354
720 1357
721 1354
722 1355
723 1353
724 1356
725 1351
726 1357
727 1355
728 1355
729 1353
730 1354
731 1355
732 1353
733 1354
734 1352
735 1352
736 1354
737 1352
738 1354
739 1354
740 1357
741 1356
742 1354
743 1353
744 1356
745 1351
746 1353
747 1356
748 1353
749 1353
750 1353
751 1356
752 1357
753 1352
754 1351
755 1355
756 1353
757 1351
758 1353
759 1352
760 1356
761 1353
762 1352
763 1354
764 1354
765 1353
766 1351
767 1351
768 1352
769 1355
770 1353
771 1356
772 1352
773 1356
774 1358
775 1353
776 1355
777 1353
778 1356
779 1352
780 1356
781 1351
782 1354
783 1355
784 1353
785 1354
786 1356
787 1355
788 1355
789 1349
790 1350
791 1352
792 1354
793 1352
794 1354
795 1354
796 1354
797 1355
798 1353
799 1354
800 1352
801 1353
802 1356
803 1352
804 1355
805 1354
806 1355
807 1354
808 1355
809 1353
810 1355
811 1356
812 1355
813 1352
814 1353
815 1352
816 1352
817 1352
818 1354
819 1353
820 1352
821 1350
822 1353
823 1353
824 1355
825 1355
826 1355
827 1354
828 1353
829 1350
830 1351
831 1353
832 1355
833 1353
834 1355
835 1355
836 1355
837 1352
838 1354
839 1354
840 1355
841 1354
842 1354
843 1356
844 1354
845 1353
846 1355
847 1355
848 1354
849 1354
850 1355
851 1353
852 1352
853 1351
854 1352
855 1354
856 1356
857 1354
858 1352
859 1354
860 1353
861 1355
862 1355
863 1354
864 1353
865 1355
866 1355
867 1354
868 1352
869 1356
870 1358
871 1356
872 1354
873 1355
874 1353
875 1354
876 1356
877 1353
878 1353
879 1352
880 1353
881 1353
882 1353
883 1352
884 1354
885 1354
886 1354
887 1355
888 1351
889 1352
890 1354
891 1351
892 1351
893 1353
894 1354
895 1356
896 1355
897 1350
898 1352
899 1350
900 1355
901 1355
902 1353
903 1354
904 1353
905 1350
906 1352
907 1353
908 1351
909 1354
910 1353
911 1352
912 1355
913 1350
914 1354
915 1354
916 1353
917 1354
918 1353
919 1353
920 1353
921 1353
922 1355
923 1352
924 1353
925 1355
926 1355
927 1355
928 1355
929 1355
930 1356
931 1353
932 1355
933 1356
934 1354
935 1355
936 1353
937 1355
938 1351
939 1352
940 1354
941 1353
942 1350
943 1352
944 1355
945 1351
946 1353
947 1354
948 1353
949 1351
950 1352
951 1351
952 1354
953 1352
954 1352
955 1353
956 1354
957 1354
958 1354
959 1353
960 1354
961 1354
962 1353
963 1354
964 1355
965 1351
966 1354
967 1354
968 1350
969 1353
970 1355
971 1356
972 1354
973 1351
974 1351
975 1353
976 1354
977 1354
978 1354
979 1356
980 1353
981 1352
982 1352
983 1353
984 1355
985 1353
986 1354
987 1353
988 1352
989 1352
990 1353
991 1355
992 1356
993 1353
994 1354
995 1351
996 1354
997 1353
998 1352
999 1353
1000 1356
1001 1356
1002 1353
1003 1355
1004 1353
1005 1354
1006 1354
1007 1351
1008 1352
1009 1353
1010 1352
1011 1351
1012 1350
1013 1352
1014 1352
1015 1353
1016 1355
1017 1352
1018 1352
1019 1353
1020 1352
1021 1352
1022 1354
1023 1353
1024 1352
1025 1355
1026 1357
1027 1352
1028 1351
1029 1353
1030 1357
1031 1353
1032 1353
1033 1353
1034 1352
1035 1350
1036 1352
1037 1352
1038 1355
1039 1352
1040 1354
1041 1352
1042 1355
1043 1354
1044 1356
1045 1354
1046 1353
1047 1353
1048 1353
1049 1357
1050 1355
1051 1353
1052 1353
1053 1353
1054 1351
1055 1355
1056 1352
1057 1350
1058 1350
1059 1352
1060 1357
1061 1355
1062 1355
1063 1353
1064 1355
1065 1355
1066 1354
1067 1353
1068 1354
1069 1354
1070 1352
1071 1351
1072 1353
1073 1353
1074 1355
1075 1355
1076 1356
1077 1354
1078 1354
1079 1352
1080 1353
1081 1354
1082 1355
1083 1354
1084 1354
1085 1354
1086 1353
1087 1354
1088 1351
1089 1351
1090 1356
1091 1356
1092 1355
1093 1356
1094 1356
1095 1356
1096 1355
1097 1354
1098 1351
1099 1355
1100 1352
1101 1352
1102 1355
1103 1356
1104 1356
1105 1353
1106 1352
1107 1351
1108 1355
1109 1356
1110 1354
1111 1354
1112 1355
1113 1354
1114 1354
1115 1354
1116 1352
1117 1355
1118 1355
1119 1355
1120 1354
1121 1352
1122 1354
1123 1355
1124 1352
1125 1352
1126 1352
1127 1353
1128 1354
1129 1351
1130 1353
1131 1353
1132 1352
1133 1353
1134 1353
1135 1353
1136 1355
1137 1351
1138 1351
1139 1352
1140 1355
1141 1354
1142 1353
1143 1355
1144 1354
1145 1355
1146 1353
1147 1352
1148 1352
1149 1355
1150 1356
1151 1355
1152 1355
1153 1354
1154 1353
1155 1352
1156 1354
1157 1354
1158 1353
1159 1353
1160 1355
1161 1357
1162 1356
1163 1354
1164 1353
1165 1351
1166 1353
1167 1352
1168 1357
1169 1353
1170 1354
1171 1354
1172 1353
1173 1354
1174 1353
1175 1353
1176 1354
1177 1352
1178 1354
1179 1352
1180 1353
1181 1356
1182 1353
1183 1353
1184 1353
1185 1353
1186 1354
1187 1353
1188 1353
1189 1352
1190 1356
1191 1353
1192 1352
1193 1353
1194 1352
1195 1352
1196 1354
1197 1354
1198 1354
1199 1354
1200 1353
1201 1351
1202 1354
1203 1354
1204 1354
1205 1353
1206 1352
1207 1352
1208 1353
1209 1353
1210 1354
1211 1354
1212 1355
1213 1354
1214 1351
1215 1351
1216 1351
1217 1351
1218 1355
1219 1352
1220 1354
1221 1349
1222 1353
1223 1354
1224 1354
1225 1352
1226 1350
1227 1353
1228 1352
1229 1354
1230 1352
1231 1349
1232 1354
1233 1352
1234 1354
1235 1352
1236 1354
1237 1353
1238 1355
1239 1352
1240 1355
1241 1350
1242 1351
1243 1354
1244 1354
1245 1354
1246 1354
1247 1351
1248 1352
1249 1356
1250 1357
1251 1355
1252 1350
1253 1354
1254 1356
1255 1353
1256 1351
1257 1355
1258 1353
1259 1350
1260 1353
1261 1354
1262 1353
1263 1353
1264 1355
1265 1352
1266 1352
1267 1354
1268 1354
1269 1355
1270 1354
1271 1353
1272 1353
1273 1353
1274 1352
1275 1352
1276 1353
1277 1353
1278 1352
1279 1352
1280 1357
1281 1353
1282 1352
1283 1352
1284 1355
1285 1353
1286 1355
1287 1353
1288 1357
1289 1354
1290 1353
1291 1351
1292 1353
1293 1353
1294 1354
1295 1353
1296 1354
1297 1354
1298 1355
1299 1351
1300 1350
1301 1353
1302 1355
1303 1355
1304 1356
1305 1352
1306 1352
1307 1354
1308 1356
1309 1353
1310 1353
1311 1351
1312 1353
1313 1353
1314 1353
1315 1350
1316 1352
1317 1353
1318 1354
1319 1354
1320 1354
1321 1351
1322 1352
1323 1353
1324 1352
1325 1351
1326 1354
1327 1355
1328 1353
1329 1354
1330 1356
1331 1355
1332 1354
1333 1353
1334 1356
1335 1355
1336 1357
1337 1355
1338 1354
1339 1355
1340 1356
1341 1355
1342 1354
1343 1353
1344 1352
1345 1354
1346 1353
1347 1354
1348 1353
1349 1353
1350 1354
1351 1353
1352 1355
1353 1352
1354 1355
1355 1355
1356 1354
1357 1355
1358 1355
1359 1350
1360 1352
1361 1353
1362 1355
1363 1353
1364 1353
1365 1356
1366 1356
1367 1353
1368 1354
1369 1353
1370 1353
1371 1355
1372 1356
1373 1355
1374 1356
1375 1353
1376 1351
1377 1354
1378 1353
1379 1353
1380 1355
1381 1354
1382 1351
1383 1354
1384 1352
1385 1354
1386 1354
1387 1354
1388 1352
1389 1353
1390 1353
1391 1354
1392 1357
1393 1353
1394 1352
1395 1353
1396 1356
1397 1354
1398 1355
1399 1351
1400 1356
1401 1354
1402 1353
1403 1352
1404 1352
1405 1353
1406 1354
1407 1352
1408 1352
1409 1353
1410 1356
1411 1356
1412 1351
1413 1352
1414 1352
1415 1352
1416 1355
1417 1352
1418 1353
1419 1353
1420 1354
1421 1356
1422 1354
1423 1353
1424 1352
1425 1354
1426 1354
1427 1355
1428 1354
1429 1350
1430 1352
1431 1355
1432 1354
1433 1352
1434 1353
1435 1355
1436 1350
1437 1352
1438 1351
1439 1351
1440 1355
1441 1354
1442 1352
1443 1350
1444 1353
1445 1353
1446 1355
1447 1352
1448 1355
1449 1352
1450 1353
1451 1353
1452 1354
1453 1354
1454 1357
1455 1354
1456 1355
1457 1354
1458 1354
1459 1351
1460 1351
1461 1353
1462 1354
1463 1355
1464 1351
1465 1349
1466 1353
1467 1355
1468 1353
1469 1353
1470 1354
1471 1352
1472 1353
1473 1353
1474 1353
1475 1353
1476 1355
1477 1354
1478 1352
1479 1355
1480 1352
1481 1352
1482 1352
1483 1356
1484 1354
1485 1355
1486 1351
1487 1355
1488 1354
1489 1354
1490 1354
1491 1355
1492 1354
1493 1356
1494 1354
1495 1355
1496 1353
1497 1355
1498 1353
1499 1355
1500 1355
1501 1354
1502 1353
1503 1354
1504 1354
1505 1352
1506 1353
1507 1354
1508 1352
1509 1354
1510 1352
1511 1352
1512 1352
1513 1353
1514 1350
1515 1356
1516 1356
1517 1354
1518 1351
1519 1351
1520 1356
1521 1355
1522 1353
1523 1356
1524 1354
1525 1351
1526 1353
1527 1353
1528 1356
1529 1354
1530 1352
1531 1353
1532 1353
1533 1353
1534 1352
1535 1355
1536 1352
1537 1354
1538 1352
1539 1352
1540 1355
1541 1355
1542 1354
1543 1354
1544 1354
1545 1354
1546 1356
1547 1355
1548 1353
1549 1355
1550 1350
1551 1354
1552 1353
1553 1353
1554 1351
1555 1353
1556 1354
1557 1351
1558 1353
1559 1352
1560 1354
1561 1354
1562 1350
1563 1353
1564 1355
1565 1353
1566 1355
1567 1355
1568 1350
1569 1355
1570 1357
1571 1358
1572 1352
1573 1356
1574 1354
1575 1356
1576 1355
1577 1354
1578 1353
1579 1352
1580 1351
1581 1352
1582 1351
1583 1351
1584 1354
1585 1354
1586 1354
1587 1352
1588 1351
1589 1356
1590 1355
1591 1354
1592 1353
1593 1354
1594 1354
1595 1354
1596 1350
1597 1355
1598 1353
1599 1355
1600 1357
1601 1356
1602 1353
1603 1355
1604 1352
1605 1353
1606 1351
1607 1354
1608 1353
1609 1353
1610 1351
1611 1354
1612 1355
1613 1354
1614 1352
1615 1353
1616 1354
1617 1352
1618 1353
1619 1353
1620 1353
1621 1355
1622 1355
1623 1353
1624 1350
1625 1353
1626 1352
1627 1355
1628 1352
1629 1355
1630 1357
1631 1354
1632 1350
1633 1353
1634 1352
1635 1354
1636 1356
1637 1354
1638 1355
1639 1353
1640 1354
1641 1355
1642 1357
1643 1353
1644 1354
1645 1353
1646 1353
1647 1355
1648 1352
1649 1353
1650 1353
1651 1352
1652 1352
1653 1355
1654 1352
1655 1351
1656 1354
1657 1354
1658 1350
1659 1353
1660 1355
1661 1355
1662 1352
1663 1353
1664 1353
1665 1354
1666 1357
1667 1354
1668 1356
1669 1354
1670 1354
1671 1356
1672 1354
1673 1353
1674 1354
1675 1354
1676 1354
1677 1353
1678 1355
1679 1353
1680 1353
1681 1352
1682 1354
1683 1354
1684 1354
1685 1353
1686 1353
1687 1355
1688 1351
1689 1352
1690 1352
1691 1353
1692 1356
1693 1354
1694 1352
1695 1355
1696 1354
1697 1355
1698 1351
1699 1354
1700 1355
1701 1352
1702 1352
1703 1355
1704 1351
1705 1355
1706 1354
1707 1355
1708 1355
1709 1354
1710 1356
1711 1354
1712 1352
1713 1352
1714 1352
1715 1351
1716 1352
1717 1353
1718 1354
1719 1351
1720 1350
1721 1354
1722 1357
1723 1355
1724 1354
1725 1353
1726 1356
1727 1354
1728 1354
1729 1352
1730 1354
1731 1356
1732 1354
1733 1353
1734 1353
1735 1350
1736 1354
1737 1354
1738 1352
1739 1352
1740 1352
1741 1353
1742 1355
1743 1355
1744 1352
1745 1352
1746 1353
1747 1353
1748 1352
1749 1350
1750 1351
1751 1356
1752 1356
1753 1352
1754 1352
1755 1354
1756 1355
1757 1354
1758 1356
1759 1355
1760 1356
1761 1355
1762 1352
1763 1353
1764 1353
1765 1356
1766 1355
1767 1348
1768 1353
1769 1354
1770 1350
1771 1354
1772 1355
1773 1356
1774 1351
1775 1355
1776 1356
1777 1355
1778 1353
1779 1351
1780 1356
1781 1356
1782 1354
1783 1353
1784 1357
1785 1351
1786 1353
1787 1354
1788 1351
1789 1353
1790 1354
1791 1355
1792 1354
1793 1355
1794 1354
1795 1354
1796 1354
1797 1352
1798 1354
1799 1356
1800 1354
1801 1355
1802 1351
1803 1353
1804 1353
1805 1353
1806 1353
1807 1353
1808 1354
1809 1355
1810 1353
1811 1353
1812 1353
1813 1354
1814 1356
1815 1356
1816 1351
1817 1354
1818 1353
1819 1352
1820 1355
1821 1355
1822 1354
1823 1352
1824 1353
1825 1353
1826 1353
1827 1352
1828 1349
1829 1351
1830 1352
1831 1350
1832 1353
1833 1352
1834 1353
1835 1353
1836 1354
1837 1353
1838 1349
1839 1352
1840 1354
1841 1354
1842 1351
1843 1352
1844 1353
1845 1354
1846 1355
1847 1353
1848 1352
1849 1354
1850 1354
1851 1356
1852 1354
1853 1355
1854 1352
1855 1354
1856 1351
1857 1352
1858 1353
1859 1352
1860 1354
1861 1352
1862 1356
1863 1353
1864 1354
1865 1351
1866 1351
1867 1353
1868 1353
1869 1354
1870 1354
1871 1356
1872 1353
1873 1352
1874 1354
1875 1353
1876 1354
1877 1353
1878 1353
1879 1352
1880 1354
1881 1353
1882 1352
1883 1353
1884 1354
1885 1351
1886 1353
1887 1355
1888 1350
1889 1350
1890 1355
1891 1350
1892 1354
1893 1354
1894 1354
1895 1351
1896 1353
1897 1353
1898 1355
1899 1353
1900 1354
1901 1353
1902 1355
1903 1353
1904 1354
1905 1352
1906 1353
1907 1355
1908 1354
1909 1354
1910 1353
1911 1353
1912 1353
1913 1350
1914 1352
1915 1355
1916 1354
1917 1353
1918 1351
1919 1347
1920 1355
1921 1353
1922 1354
1923 1353
1924 1355
1925 1353
1926 1352
1927 1353
1928 1355
1929 1351
1930 1351
1931 1351
1932 1353
1933 1353
1934 1354
1935 1355
1936 1353
1937 1350
1938 1355
1939 1352
1940 1354
1941 1353
1942 1354
1943 1355
1944 1354
1945 1353
1946 1353
1947 1354
1948 1350
1949 1354
1950 1357
1951 1354
1952 1353
1953 1352
1954 1352
1955 1354
1956 1355
1957 1352
1958 1352
1959 1352
1960 1353
1961 1354
1962 1353
1963 1353
1964 1352
1965 1353
1966 1351
1967 1353
1968 1353
1969 1353
1970 1356
1971 1352
1972 1351
1973 1353
1974 1353
1975 1355
1976 1352
1977 1352
1978 1353
1979 1356
1980 1356
1981 1355
1982 1355
1983 1356
1984 1355
1985 1352
1986 1352
1987 1352
1988 1354
1989 1356
1990 1352
1991 1352
1992 1355
1993 1354
1994 1355
1995 1355
1996 1357
1997 1352
1998 1352
1999 1352
2000 1353
2001 1353
2002 1354
2003 1354
2004 1354
2005 1353
2006 1354
2007 1351
2008 1351
2009 1353
2010 1354
2011 1353
2012 1352
2013 1352
2014 1351
2015 1352
2016 1352
2017 1351
2018 1352
2019 1352
2020 1353
2021 1353
2022 1355
2023 1357
2024 1353
2025 1353
2026 1354
2027 1353
2028 1352
2029 1352
2030 1353
2031 1350
2032 1357
2033 1353
2034 1355
2035 1356
2036 1357
2037 1353
2038 1353
2039 1351
2040 1356
2041 1354
2042 1354
2043 1351
2044 1353
2045 1351
2046 1355
2047 1354
2048 1353
2049 1354
2050 1356
2051 1350
2052 1351
2053 1352
2054 1355
2055 1353
2056 1355
2057 1353
2058 1353
2059 1358
2060 1353
2061 1356
2062 1357
2063 1355
2064 1355
2065 1352
2066 1354
2067 1353
2068 1355
2069 1353
2070 1355
2071 1351
2072 1358
2073 1357
2074 1354
2075 1354
2076 1353
2077 1354
2078 1353
2079 1354
2080 1351
2081 1351
2082 1353
2083 1355
2084 1353
2085 1354
2086 1352
2087 1356
2088 1354
2089 1356
2090 1351
2091 1353
2092 1352
2093 1352
2094 1352
2095 1352
2096 1354
2097 1354
2098 1354
2099 1351
2100 1353
2101 1353
2102 1355
2103 1353
2104 1352
2105 1351
2106 1354
2107 1354
2108 1353
2109 1352
2110 1356
2111 1355
2112 1351
2113 1355
2114 1356
2115 1356
2116 1357
2117 1353
2118 1351
2119 1351
2120 1356
2121 1356
2122 1354
2123 1356
2124 1357
2125 1355
2126 1355
2127 1351
2128 1353
2129 1354
2130 1353
2131 1353
2132 1351
2133 1353
2134 1351
2135 1350
2136 1353
2137 1352
2138 1353
2139 1351
2140 1358
2141 1353
2142 1353
2143 1352
2144 1352
2145 1353
2146 1353
2147 1353
2148 1353
2149 1354
2150 1353
2151 1355
2152 1355
2153 1353
2154 1354
2155 1353
2156 1355
2157 1354
2158 1355
2159 1355
2160 1355
2161 1352
2162 1354
2163 1349
2164 1355
2165 1355
2166 1353
2167 1353
2168 1350
2169 1356
2170 1356
2171 1350
2172 1353
2173 1349
2174 1353
2175 1355
2176 1355
2177 1350
2178 1354
2179 1353
2180 1353
2181 1355
2182 1351
2183 1353
2184 1352
2185 1354
2186 1354
2187 1354
2188 1351
2189 1353
2190 1356
2191 1354
2192 1351
2193 1353
2194 1352
2195 1353
2196 1353
2197 1352
2198 1350
2199 1353
2200 1356
2201 1351
2202 1351
2203 1352
2204 1353
2205 1356
2206 1353
2207 1349
2208 1352
2209 1355
2210 1350
2211 1352
2212 1353
2213 1353
2214 1353
2215 1351
2216 1354
2217 1354
2218 1353
2219 1353
2220 1352
2221 1353
2222 1353
2223 1353
2224 1350
2225 1351
2226 1353
2227 1353
2228 1350
2229 1353
2230 1358
2231 1355
2232 1352
2233 1352
2234 1351
2235 1353
2236 1353
2237 1353
2238 1355
2239 1355
2240 1354
2241 1353
2242 1353
2243 1353
2244 1353
2245 1352
2246 1355
2247 1353
2248 1351
2249 1354
2250 1354
2251 1354
2252 1350
2253 1355
2254 1356
2255 1355
2256 1353
2257 1352
2258 1353
2259 1356
2260 1352
2261 1352
2262 1354
2263 1352
2264 1353
2265 1351
2266 1352
2267 1356
2268 1352
2269 1354
2270 1356
2271 1354
2272 1354
2273 1355
2274 1354
2275 1355
2276 1356
2277 1352
2278 1353
2279 1354
2280 1355
2281 1355
2282 1355
2283 1353
2284 1349
2285 1352
2286 1356
2287 1354
2288 1352
2289 1353
2290 1353
2291 1350
2292 1352
2293 1353
2294 1351
2295 1353
2296 1353
2297 1352
2298 1351
2299 1353
2300 1357
2301 1355
2302 1352
2303 1355
2304 1354
2305 1353
2306 1355
2307 1351
2308 1353
2309 1355
2310 1353
2311 1354
2312 1351
2313 1353
2314 1352
2315 1353
2316 1354
2317 1350
2318 1353
2319 1353
2320 1355
2321 1355
2322 1351
2323 1349
2324 1353
2325 1351
2326 1354
2327 1355
2328 1353
2329 1353
2330 1354
2331 1354
2332 1353
2333 1354
2334 1352
2335 1354
2336 1355
2337 1353
2338 1354
2339 1354
2340 1351
2341 1354
2342 1350
2343 1353
2344 1352
2345 1354
2346 1355
2347 1353
2348 1352
2349 1354
2350 1353
2351 1352
2352 1351
2353 1356
2354 1354
2355 1353
2356 1353
2357 1355
2358 1351
2359 1354
2360 1355
2361 1354
2362 1351
2363 1356
2364 1352
2365 1356
2366 1355
2367 1353
2368 1352
2369 1355
2370 1352
2371 1352
2372 1350
2373 1350
2374 1355
2375 1355
2376 1353
2377 1354
2378 1354
2379 1352
2380 1352
2381 1354
2382 1353
2383 1352
2384 1353
2385 1356
2386 1353
2387 1352
2388 1351
2389 1352
2390 1356
2391 1353
2392 1352
2393 1352
2394 1355
2395 1352
2396 1354
2397 1353
2398 1353
2399 1352
2400 1350
2401 1353
2402 1354
2403 1353
2404 1354
2405 1353
2406 1354
2407 1352
2408 1355
2409 1354
2410 1353
2411 1352
2412 1351
2413 1352
2414 1354
2415 1352
2416 1355
2417 1350
2418 1353
2419 1353
2420 1357
2421 1355
2422 1353
2423 1353
2424 1355
2425 1352
2426 1352
2427 1352
2428 1352
2429 1353
2430 1355
2431 1351
2432 1352
2433 1353
2434 1355
2435 1355
2436 1353
2437 1356
2438 1356
2439 1356
2440 1352
2441 1352
2442 1354
2443 1355
2444 1352
2445 1350
2446 1355
2447 1354
2448 1354
2449 1354
2450 1353
2451 1353
2452 1354
2453 1353
2454 1353
2455 1353
2456 1353
2457 1355
2458 1355
2459 1352
2460 1355
2461 1353
2462 1352
2463 1353
2464 1352
2465 1352
2466 1352
2467 1355
2468 1355
2469 1355
2470 1355
2471 1351
2472 1354
2473 1352
2474 1354
2475 1352
2476 1355
2477 1352
2478 1353
2479 1353
2480 1354
2481 1353
2482 1354
2483 1352
2484 1355
2485 1353
2486 1353
2487 1352
2488 1353
2489 1353
2490 1355
2491 1353
2492 1355
2493 1354
2494 1355
2495 1354
2496 1353
2497 1352
2498 1352
2499 1352
2500 1353
2501 1354
2502 1355
2503 1353
2504 1354
2505 1351
2506 1353
2507 1354
2508 1356
2509 1354
2510 1353
2511 1355
2512 1353
2513 1355
2514 1354
2515 1354
2516 1357
2517 1352
2518 1353
2519 1356
2520 1358
2521 1356
2522 1352
2523 1353
2524 1353
2525 1354
2526 1354
2527 1351
2528 1351
2529 1353
2530 1354
2531 1352
2532 1354
2533 1355
2534 1354
2535 1352
2536 1354
2537 1355
2538 1355
2539 1353
2540 1354
2541 1353
2542 1355
2543 1356
2544 1355
2545 1354
2546 1354
2547 1352
2548 1350
2549 1353
2550 1356
2551 1353
2552 1353
2553 1355
2554 1353
2555 1353
2556 1352
2557 1354
2558 1352
2559 1353
2560 1354
2561 1353
2562 1356
2563 1353
2564 1352
2565 1352
2566 1354
2567 1354
2568 1353
2569 1349
2570 1353
2571 1355
2572 1354
2573 1354
2574 1351
2575 1353
2576 1353
2577 1351
2578 1354
2579 1352
2580 1357
2581 1353
2582 1351
2583 1351
2584 1351
2585 1354
2586 1351
2587 1353
2588 1353
2589 1351
2590 1352
2591 1355
2592 1354
2593 1353
2594 1353
2595 1353
2596 1353
2597 1351
2598 1352
2599 1353
2600 1354
2601 1354
2602 1353
2603 1353
2604 1354
2605 1352
2606 1356
2607 1354
2608 1352
2609 1352
2610 1355
2611 1356
2612 1353
2613 1352
2614 1352
2615 1353
2616 1351
2617 1350
2618 1352
2619 1354
2620 1352
2621 1353
2622 1352
2623 1352
2624 1353
2625 1351
2626 1353
2627 1354
2628 1351
2629 1353
2630 1350
2631 1353
2632 1352
2633 1354
2634 1350
2635 1352
2636 1349
2637 1352
2638 1352
2639 1353
2640 1353
2641 1353
2642 1355
2643 1353
2644 1351
2645 1349
2646 1353
2647 1352
2648 1352
2649 1350
2650 1352
2651 1350
2652 1354
2653 1352
2654 1351
2655 1350
2656 1352
2657 1352
2658 1354
2659 1351
2660 1350
2661 1351
2662 1355
2663 1355
2664 1352
2665 1352
2666 1352
2667 1354
2668 1353
2669 1351
2670 1351
2671 1354
2672 1353
2673 1356
2674 1354
2675 1355
2676 1353
2677 1353
2678 1351
2679 1352
2680 1355
2681 1353
2682 1355
2683 1353
2684 1351
2685 1355
2686 1349
2687 1351
2688 1352
2689 1351
2690 1353
2691 1354
2692 1353
2693 1353
2694 1355
2695 1352
2696 1355
2697 1352
2698 1351
2699 1355
2700 1353
2701 1354
2702 1352
2703 1349
2704 1352
2705 1351
2706 1353
2707 1355
2708 1351
2709 1353
2710 1356
2711 1355
2712 1354
2713 1353
2714 1352
2715 1350
2716 1353
2717 1353
2718 1352
2719 1351
2720 1353
2721 1352
2722 1351
2723 1349
2724 1353
2725 1351
2726 1350
2727 1350
2728 1354
2729 1355
2730 1354
2731 1353
2732 1354
2733 1352
2734 1351
2735 1352
2736 1350
2737 1349
2738 1351
2739 1353
2740 1356
2741 1353
2742 1353
2743 1352
2744 1350
2745 1352
2746 1350
2747 1351
2748 1350
2749 1349
2750 1354
2751 1354
2752 1353
2753 1353
2754 1353
2755 1353
2756 1354
2757 1353
2758 1352
2759 1352
2760 1355
2761 1355
2762 1355
2763 1353
2764 1353
2765 1351
2766 1353
2767 1353
2768 1353
2769 1351
2770 1355
2771 1353
2772 1352
2773 1350
2774 1357
2775 1354
2776 1353
2777 1352
2778 1352
2779 1352
2780 1354
2781 1354
2782 1353
2783 1350
2784 1355
2785 1353
2786 1353
2787 1353
2788 1354
2789 1354
2790 1353
2791 1354
2792 1354
2793 1353
2794 1352
2795 1354
2796 1352
2797 1353
2798 1353
2799 1352
2800 1354
2801 1353
2802 1352
2803 1352
2804 1350
2805 1354
2806 1353
2807 1352
2808 1353
2809 1351
2810 1351
2811 1353
2812 1353
2813 1353
2814 1352
2815 1353
2816 1351
2817 1354
2818 1353
2819 1351
2820 1353
2821 1353
2822 1354
2823 1351
2824 1352
2825 1353
2826 1352
2827 1354
2828 1356
2829 1354
2830 1353
2831 1352
2832 1356
2833 1352
2834 1350
2835 1352
2836 1352
2837 1351
2838 1351
2839 1350
2840 1352
2841 1353
2842 1350
2843 1353
2844 1353
2845 1353
2846 1353
2847 1352
2848 1351
2849 1353
2850 1353
2851 1354
2852 1352
2853 1353
2854 1351
2855 1351
2856 1352
2857 1353
2858 1354
2859 1354
2860 1355
2861 1352
2862 1353
2863 1352
2864 1352
2865 1351
2866 1354
2867 1350
2868 1351
2869 1351
2870 1354
2871 1354
2872 1353
2873 1351
2874 1350
2875 1354
2876 1355
2877 1354
2878 1354
2879 1353
2880 1355
2881 1354
2882 1353
2883 1353
2884 1351
2885 1352
2886 1355
2887 1354
2888 1354
2889 1353
2890 1353
2891 1355
2892 1354
2893 1352
2894 1354
2895 1350
2896 1354
2897 1350
2898 1352
2899 1353
2900 1357
2901 1355
2902 1354
2903 1352
2904 1355
2905 1354
2906 1354
2907 1354
2908 1354
2909 1350
2910 1352
2911 1355
2912 1353
2913 1353
2914 1354
2915 1353
2916 1357
2917 1352
2918 1353
2919 1353
2920 1352
2921 1351
2922 1353
2923 1352
2924 1349
2925 1353
2926 1354
2927 1351
2928 1348
2929 1353
2930 1356
2931 1352
2932 1350
2933 1350
2934 1353
2935 1351
2936 1353
2937 1352
2938 1353
2939 1352
2940 1350
2941 1352
2942 1350
2943 1353
2944 1354
2945 1352
2946 1353
2947 1352
2948 1355
2949 1356
2950 1353
2951 1349
2952 1352
2953 1356
2954 1352
2955 1355
2956 1355
2957 1354
2958 1350
2959 1353
2960 1355
2961 1353
2962 1349
2963 1353
2964 1353
2965 1351
2966 1353
2967 1353
2968 1354
2969 1352
2970 1353
2971 1351
2972 1353
2973 1351
2974 1355
2975 1352
2976 1354
2977 1354
2978 1353
2979 1354
2980 1354
2981 1353
2982 1356
2983 1353
2984 1353
2985 1351
2986 1350
2987 1349
2988 1352
2989 1351
2990 1354
2991 1354
2992 1349
2993 1351
2994 1352
2995 1355
2996 1356
2997 1355
2998 1354
2999 1351
3000 1353
3001 1355
3002 1352
3003 1354
3004 1353
3005 1354
3006 1354
3007 1350
3008 1354
3009 1353
3010 1355
3011 1352
3012 1352
3013 1351
3014 1351
3015 1351
3016 1354
3017 1353
3018 1356
3019 1351
3020 1351
3021 1349
3022 1357
3023 1354
3024 1353
3025 1353
3026 1352
3027 1351
3028 1353
3029 1351
3030 1351
3031 1353
3032 1353
3033 1355
3034 1354
3035 1350
3036 1353
3037 1351
3038 1354
3039 1353
3040 1353
3041 1351
3042 1356
3043 1353
3044 1354
3045 1353
3046 1353
3047 1353
3048 1352
3049 1352
3050 1352
3051 1354
3052 1354
3053 1351
3054 1349
3055 1351
3056 1355
3057 1354
3058 1351
3059 1354
3060 1354
3061 1354
3062 1352
3063 1353
3064 1355
3065 1354
3066 1353
3067 1354
3068 1354
3069 1353
3070 1354
3071 1354
3072 1356
3073 1352
3074 1356
3075 1353
3076 1354
3077 1352
3078 1356
3079 1354
3080 1352
3081 1352
3082 1355
3083 1353
3084 1353
3085 1353
3086 1351
3087 1350
3088 1350
3089 1351
3090 1358
3091 1355
3092 1354
3093 1351
3094 1351
3095 1352
3096 1356
3097 1351
3098 1353
3099 1353
3100 1351
3101 1353
3102 1352
3103 1353
3104 1353
3105 1353
3106 1354
3107 1354
3108 1354
3109 1351
3110 1352
3111 1353
3112 1354
3113 1352
3114 1354
3115 1352
3116 1351
3117 1353
3118 1351
3119 1353
3120 1355
3121 1355
3122 1354
3123 1354
3124 1353
3125 1354
3126 1354
3127 1354
3128 1356
3129 1351
3130 1352
3131 1356
3132 1355
3133 1353
3134 1356
3135 1357
3136 1353
3137 1352
3138 1353
3139 1352
3140 1352
3141 1352
3142 1352
3143 1351
3144 1353
3145 1353
3146 1353
3147 1352
3148 1351
3149 1353
3150 1357
3151 1355
3152 1352
3153 1355
3154 1354
3155 1352
3156 1353
3157 1353
3158 1352
3159 1352
3160 1354
3161 1351
3162 1354
3163 1353
3164 1352
3165 1349
3166 1353
3167 1351
3168 1353
3169 1353
3170 1351
3171 1353
3172 1352
3173 1351
3174 1350
3175 1352
3176 1352
3177 1350
3178 1352
3179 1354
3180 1355
3181 1352
3182 1353
3183 1353
3184 1353
3185 1351
3186 1354
3187 1354
3188 1351
3189 1351
3190 1352
3191 1353
3192 1353
3193 1351
3194 1353
3195 1353
3196 1355
3197 1354
3198 1356
3199 1353
3200 1351
3201 1352
3202 1352
3203 1354
3204 1355
3205 1351
3206 1354
3207 1355
3208 1353
3209 1355
3210 1355
3211 1352
3212 1353
3213 1352
3214 1354
3215 1352
3216 1351
3217 1354
3218 1351
3219 1351
3220 1350
3221 1353
3222 1354
3223 1353
3224 1354
3225 1353
3226 1353
3227 1354
3228 1355
3229 1353
3230 1355
3231 1354
3232 1352
3233 1354
3234 1353
3235 1355
3236 1352
3237 1351
3238 1354
3239 1350
3240 1354
3241 1354
3242 1355
3243 1355
3244 1353
3245 1354
3246 1353
3247 1355
3248 1353
3249 1355
3250 1356
3251 1352
3252 1353
3253 1355
3254 1352
3255 1354
3256 1356
3257 1354
3258 1355
3259 1352
3260 1349
3261 1353
3262 1354
3263 1353
3264 1354
3265 1353
3266 1356
3267 1353
3268 1351
3269 1351
3270 1356
3271 1355
3272 1354
3273 1349
3274 1349
3275 1354
3276 1357
3277 1352
3278 1353
3279 1353
3280 1354
3281 1352
3282 1350
3283 1355
3284 1355
3285 1353
3286 1352
3287 1355
3288 1354
3289 1353
3290 1350
3291 1352
3292 1350
3293 1350
3294 1352
3295 1354
3296 1355
3297 1352
3298 1352
3299 1351
3300 1353
3301 1353
3302 1353
3303 1354
3304 1354
3305 1354
3306 1353
3307 1354
3308 1351
3309 1351
3310 1355
3311 1357
3312 1354
3313 1353
3314 1356
3315 1354
3316 1354
3317 1353
3318 1355
3319 1356
3320 1354
3321 1353
3322 1353
3323 1354
3324 1356
3325 1350
3326 1351
3327 1354
3328 1352
3329 1353
3330 1354
3331 1353
3332 1354
3333 1354
3334 1352
3335 1353
3336 1354
3337 1352
3338 1355
3339 1353
3340 1356
3341 1353
3342 1352
3343 1356
3344 1353
3345 1353
3346 1357
3347 1354
3348 1355
3349 1352
3350 1351
3351 1352
3352 1352
3353 1354
3354 1354
3355 1354
3356 1355
3357 1351
3358 1350
3359 1352
3360 1355
3361 1353
3362 1352
3363 1350
3364 1352
3365 1355
3366 1354
3367 1353
3368 1352
3369 1352
3370 1357
3371 1356
3372 1356
3373 1356
3374 1356
3375 1352
3376 1352
3377 1352
3378 1355
3379 1354
3380 1354
3381 1356
3382 1354
3383 1354
3384 1351
3385 1352
3386 1354
3387 1353
3388 1354
3389 1351
3390 1349
3391 1354
3392 1352
3393 1352
3394 1354
3395 1352
3396 1355
3397 1358
3398 1354
3399 1352
3400 1352
3401 1352
3402 1355
3403 1355
3404 1353
3405 1351
3406 1353
3407 1354
3408 1352
3409 1353
3410 1353
3411 1354
3412 1357
3413 1353
3414 1354
3415 1354
3416 1354
3417 1353
3418 1350
3419 1352
3420 1352
3421 1353
3422 1352
3423 1353
3424 1352
3425 1352
3426 1352
3427 1355
3428 1354
3429 1353
3430 1354
3431 1353
3432 1354
3433 1352
3434 1354
3435 1355
3436 1353
3437 1352
3438 1353
3439 1354
3440 1355
3441 1353
3442 1350
3443 1353
3444 1352
3445 1354
3446 1355
3447 1354
3448 1353
3449 1352
3450 1351
3451 1352
3452 1348
3453 1349
3454 1352
3455 1352
3456 1350
3457 1352
3458 1351
3459 1353
3460 1352
3461 1356
3462 1354
3463 1352
3464 1355
3465 1352
3466 1353
3467 1354
3468 1351
3469 1353
3470 1355
3471 1356
3472 1352
3473 1352
3474 1351
3475 1352
3476 1353
3477 1354
3478 1354
3479 1353
3480 1351
3481 1353
3482 1352
3483 1352
3484 1355
3485 1352
3486 1352
3487 1349
3488 1350
3489 1354
3490 1353
3491 1355
3492 1352
3493 1349
3494 1354
3495 1352
3496 1352
3497 1351
3498 1350
3499 1351
3500 1356
3501 1356
3502 1351
3503 1353
3504 1355
3505 1353
3506 1355
3507 1350
3508 1353
3509 1354
3510 1353
3511 1356
3512 1351
3513 1351
3514 1354
3515 1351
3516 1352
3517 1353
3518 1355
3519 1353
3520 1354
3521 1355
3522 1357
3523 1351
3524 1352
3525 1352
3526 1353
3527 1353
3528 1351
3529 1351
3530 1354
3531 1356
3532 1354
3533 1353
3534 1351
3535 1352
3536 1356
3537 1356
3538 1354
3539 1354
3540 1352
3541 1351
3542 1355
3543 1352
3544 1354
3545 1353
3546 1352
3547 1353
3548 1353
3549 1352
3550 1351
3551 1353
3552 1354
3553 1353
3554 1355
3555 1353
3556 1354
3557 1356
3558 1353
3559 1354
3560 1359
3561 1356
3562 1356
3563 1354
3564 1354
3565 1354
3566 1355
3567 1350
3568 1354
3569 1354
3570 1350
3571 1352
3572 1352
3573 1352
3574 1351
3575 1353
3576 1354
3577 1352
3578 1353
3579 1353
3580 1355
3581 1352
3582 1353
3583 1354
3584 1352
3585 1353
3586 1353
3587 1353
3588 1354
3589 1352
3590 1356
3591 1353
3592 1355
3593 1352
3594 1353
3595 1354
3596 1353
3597 1350
3598 1350
3599 1354
3600 1354
3601 1352
3602 1353
3603 1353
3604 1351
3605 1351
3606 1351
3607 1351
3608 1350
3609 1353
3610 1353
3611 1352
3612 1355
3613 1353
3614 1354
3615 1356
3616 1354
3617 1354
3618 1353
3619 1353
3620 1355
3621 1353
3622 1351
3623 1352
3624 1353
3625 1351
3626 1352
3627 1351
3628 1350
3629 1352
3630 1354
3631 1355
3632 1352
3633 1353
3634 1352
3635 1355
3636 1355
3637 1352
3638 1353
3639 1351
3640 1353
3641 1355
3642 1356
3643 1354
3644 1356
3645 1356
3646 1354
3647 1354
3648 1354
3649 1355
3650 1353
3651 1356
3652 1353
3653 1350
3654 1353
3655 1353
3656 1353
3657 1355
3658 1353
3659 1354
3660 1353
3661 1352
3662 1352
3663 1355
3664 1352
3665 1355
3666 1352
3667 1353
3668 1356
3669 1353
3670 1351
3671 1353
3672 1352
3673 1350
3674 1351
3675 1353
3676 1353
3677 1356
3678 1353
3679 1353
3680 1353
3681 1352
3682 1353
3683 1353
3684 1350
3685 1351
3686 1351
3687 1353
3688 1351
3689 1353
3690 1353
3691 1354
3692 1353
3693 1353
3694 1353
3695 1352
3696 1352
3697 1352
3698 1355
3699 1354
3700 1351
3701 1352
3702 1353
3703 1351
3704 1354
3705 1352
3706 1353
3707 1354
3708 1352
3709 1354
3710 1351
3711 1356
3712 1355
3713 1355
3714 1351
3715 1352
3716 1355
3717 1354
3718 1353
3719 1353
3720 1356
3721 1355
3722 1354
3723 1353
3724 1351
3725 1353
3726 1352
3727 1353
3728 1352
3729 1352
3730 1351
3731 1351
3732 1352
3733 1353
3734 1353
3735 1352
3736 1353
3737 1356
3738 1352
3739 1353
3740 1353
3741 1355
3742 1352
3743 1355
3744 1353
3745 1355
3746 1355
3747 1351
3748 1350
3749 1352
3750 1354
3751 1359
3752 1354
3753 1349
3754 1354
3755 1354
3756 1352
3757 1351
3758 1353
3759 1353
3760 1354
3761 1351
3762 1350
3763 1355
3764 1351
3765 1354
3766 1355
3767 1353
3768 1354
3769 1353
3770 1354
3771 1353
3772 1352
3773 1353
3774 1352
3775 1352
3776 1351
3777 1352
3778 1354
3779 1354
3780 1352
3781 1352
3782 1351
3783 1351
3784 1351
3785 1354
3786 1351
3787 1352
3788 1351
3789 1353
3790 1350
3791 1352
3792 1353
3793 1351
3794 1351
3795 1352
3796 1353
3797 1353
3798 1353
3799 1352
3800 1355
3801 1352
3802 1354
3803 1351
3804 1355
3805 1352
3806 1355
3807 1354
3808 1354
3809 1351
3810 1353
3811 1353
3812 1355
3813 1350
3814 1354
3815 1353
3816 1353
3817 1351
3818 1350
3819 1351
3820 1355
3821 1353
3822 1352
3823 1355
3824 1351
3825 1354
3826 1356
3827 1353
3828 1352
3829 1352
3830 1354
3831 1351
3832 1355
3833 1352
3834 1355
3835 1354
3836 1357
3837 1353
3838 1353
3839 1352
3840 1353
3841 1355
3842 1351
3843 1350
3844 1356
3845 1353
3846 1353
3847 1351
3848 1353
3849 1350
3850 1355
3851 1352
3852 1350
3853 1353
3854 1354
3855 1352
3856 1353
3857 1351
3858 1352
3859 1352
3860 1353
3861 1352
3862 1352
3863 1353
3864 1355
3865 1352
3866 1355
3867 1351
3868 1353
3869 1353
3870 1356
3871 1352
3872 1354
3873 1355
3874 1354
3875 1352
3876 1355
3877 1355
3878 1352
3879 1350
3880 1358
3881 1355
3882 1354
3883 1355
3884 1355
3885 1353
3886 1356
3887 1351
3888 1352
3889 1354
3890 1353
3891 1355
3892 1354
3893 1351
3894 1353
3895 1354
3896 1353
3897 1351
3898 1353
3899 1350
3900 1351
3901 1350
3902 1354
3903 1353
3904 1352
3905 1353
3906 1354
3907 1353
3908 1353
3909 1353
3910 1357
3911 1353
3912 1352
3913 1351
3914 1354
3915 1352
3916 1356
3917 1355
3918 1355
3919 1353
3920 1352
3921 1351
3922 1355
3923 1355
3924 1355
3925 1355
3926 1356
3927 1356
3928 1352
3929 1350
3930 1356
3931 1353
3932 1353
3933 1353
3934 1352
3935 1353
3936 1351
3937 1353
3938 1353
3939 1351
3940 1356
3941 1354
3942 1353
3943 1349
3944 1351
3945 1350
3946 1353
3947 1354
3948 1353
3949 1351
3950 1350
3951 1352
3952 1352
3953 1352
3954 1354
3955 1353
3956 1355
3957 1355
3958 1353
3959 1353
3960 1354
3961 1353
3962 1352
3963 1353
3964 1353
3965 1356
3966 1354
3967 1351
3968 1355
3969 1355
3970 1354
3971 1353
3972 1356
3973 1352
3974 1352
3975 1349
3976 1352
3977 1354
3978 1354
3979 1355
3980 1354
3981 1353
3982 1351
3983 1350
3984 1353
3985 1352
3986 1352
3987 1353
3988 1354
3989 1352
3990 1354
3991 1353
3992 1353
3993 1352
3994 1350
3995 1352
3996 1354
3997 1351
3998 1353
3999 1355
