0 1354
1 1355
2 1356
3 1353
4 1357
5 1356
6 1355
7 1355
8 1359
9 1359
10 1357
11 1359
12 1358
13 1356
14 1357
15 1358
16 1357
17 1358
18 1356
19 1356
20 1359
21 1357
22 1358
23 1358
24 1357
25 1358
26 1358
27 1356
28 1357
29 1356
30 1357
31 1354
32 1354
33 1351
34 1356
35 1354
36 1355
37 1358
38 1353
39 1355
40 1357
41 1355
42 1360
43 1357
44 1357
45 1358
46 1356
47 1356
48 1357
49 1357
50 1357
51 1356
52 1356
53 1358
54 1357
55 1355
56 1358
57 1356
58 1357
59 1356
60 1355
61 1355
62 1356
63 1357
64 1357
65 1358
66 1359
67 1358
68 1357
69 1357
70 1353
71 1358
72 1355
73 1359
74 1358
75 1358
76 1355
77 1357
78 1356
79 1357
80 1360
81 1357
82 1355
83 1356
84 1357
85 1355
86 1356
87 1358
88 1355
89 1356
90 1355
91 1356
92 1357
93 1356
94 1358
95 1356
96 1358
97 1354
98 1358
99 1357
100 1357
101 1355
102 1357
103 1355
104 1357
105 1357
106 1357
107 1354
108 1355
109 1356
110 1361
111 1357
112 1357
113 1356
114 1358
115 1353
116 1357
117 1355
118 1356
119 1357
120 1357
121 1357
122 1358
123 1357
124 1357
125 1357
126 1356
127 1358
128 1355
129 1356
130 1357
131 1356
132 1355
133 1357
134 1356
135 1355
136 1356
137 1356
138 1358
139 1356
140 1357
141 1357
142 1357
143 1356
144 1356
145 1357
146 1355
147 1356
148 1357
149 1356
150 1356
151 1355
152 1355
153 1355
154 1354
155 1354
156 1356
157 1354
158 1352
159 1354
160 1358
161 1357
162 1355
163 1357
164 1357
165 1357
166 1357
167 1360
168 1357
169 1358
170 1356
171 1356
172 1357
173 1354
174 1356
175 1355
176 1355
177 1355
178 1355
179 1355
180 1357
181 1360
182 1355
183 1355
184 1356
185 1356
186 1357
187 1359
188 1357
189 1356
190 1354
191 1358
192 1359
193 1356
194 1358
195 1358
196 1358
197 1357
198 1355
199 1356
200 1355
201 1359
202 1357
203 1357
204 1357
205 1354
206 1358
207 1356
208 1354
209 1355
210 1358
211 1355
212 1358
213 1355
214 1358
215 1355
216 1357
217 1358
218 1357
219 1357
220 1357
221 1354
222 1357
223 1357
224 1356
225 1356
226 1356
227 1356
228 1357
229 1354
230 1359
231 1356
232 1355
233 1356
234 1355
235 1355
236 1357
237 1353
238 1353
239 1356
240 1358
241 1356
242 1357
243 1357
244 1359
245 1354
246 1357
247 1353
248 1355
249 1355
250 1358
251 1358
252 1357
253 1356
254 1358
255 1357
256 1358
257 1355
258 1356
259 1355
260 1355
261 1354
262 1356
263 1356
264 1356
265 1355
266 1355
267 1356
268 1358
269 1356
270 1358
271 1356
272 1357
273 1355
274 1354
275 1355
276 1355
277 1357
278 1360
279 1355
280 1357
281 1356
282 1357
283 1357
284 1359
285 1355
286 1357
287 1356
288 1356
289 1359
290 1357
291 1356
292 1357
293 1356
294 1357
295 1356
296 1355
297 1355
298 1356
299 1356
300 1358
301 1357
302 1355
303 1356
304 1355
305 1353
306 1357
307 1355
308 1355
309 1353
310 1354
311 1352
312 1357
313 1357
314 1356
315 1357
316 1357
317 1359
318 1360
319 1356
320 1357
321 1355
322 1357
323 1356
324 1356
325 1355
326 1356
327 1355
328 1355
329 1354
330 1356
331 1357
332 1356
333 1355
334 1355
335 1355
336 1355
337 1356
338 1353
339 1356
340 1356
341 1356
342 1361
343 1359
344 1357
345 1357
346 1356
347 1356
348 1355
349 1358
350 1356
351 1356
352 1357
353 1357
354 1358
355 1354
356 1355
357 1356
358 1357
359 1358
360 1355
361 1355
362 1357
363 1351
364 1355
365 1354
366 1356
367 1355
368 1354
369 1357
370 1359
371 1358
372 1357
373 1353
374 1357
375 1357
376 1357
377 1358
378 1358
379 1356
380 1356
381 1355
382 1358
383 1356
384 1360
385 1354
386 1359
387 1357
388 1360
389 1359
390 1357
391 1353
392 1358
393 1356
394 1357
395 1354
396 1356
397 1356
398 1354
399 1356
400 1359
401 1356
402 1356
403 1356
404 1357
405 1354
406 1356
407 1355
408 1354
409 1356
410 1357
411 1357
412 1355
413 1356
414 1356
415 1355
416 1356
417 1354
418 1355
419 1356
420 1357
421 1355
422 1357
423 1356
424 1354
425 1356
426 1357
427 1354
428 1355
429 1356
430 1358
431 1356
432 1358
433 1353
434 1357
435 1356
436 1360
437 1353
438 1356
439 1355
440 1353
441 1355
442 1355
443 1355
444 1359
445 1356
446 1358
447 1354
448 1356
449 1356
450 1355
451 1357
452 1355
453 1355
454 1356
455 1352
456 1355
457 1354
458 1355
459 1357
460 1358
461 1358
462 1355
463 1356
464 1358
465 1359
466 1357
467 1358
468 1356
469 1357
470 1357
471 1361
472 1356
473 1356
474 1357
475 1355
476 1355
477 1359
478 1355
479 1359
480 1360
481 1357
482 1357
483 1356
484 1357
485 1358
486 1356
487 1358
488 1353
489 1358
490 1356
491 1355
492 1355
493 1355
494 1357
495 1357
496 1355
497 1355
498 1356
499 1354
500 1357
501 1356
502 1356
503 1356
504 1357
505 1357
506 1357
507 1357
508 1357
509 1357
510 1355
511 1355
512 1358
513 1358
514 1355
515 1356
516 1355
517 1354
518 1359
519 1356
520 1359
521 1358
522 1356
523 1358
524 1356
525 1357
526 1359
527 1359
528 1358
529 1357
530 1357
531 1358
532 1357
533 1359
534 1363
535 1366
536 1374
537 1379
538 1394
539 1411
540 1437
541 1466
542 1499
543 1534
544 1569
545 1609
546 1646
547 1682
548 1714
549 1746
550 1774
551 1798
552 1817
553 1833
554 1843
555 1851
556 1855
557 1855
558 1846
559 1847
560 1841
561 1834
562 1822
563 1811
564 1800
565 1785
566 1768
567 1752
568 1731
569 1717
570 1700
571 1684
572 1669
573 1654
574 1637
575 1623
576 1606
577 1588
578 1572
579 1558
580 1545
581 1528
582 1520
583 1509
584 1501
585 1492
586 1481
587 1474
588 1466
589 1460
590 1453
591 1445
592 1441
593 1438
594 1433
595 1426
596 1425
597 1418
598 1417
599 1410
600 1406
601 1405
602 1403
603 1399
604 1395
605 1392
606 1393
607 1388
608 1388
609 1385
610 1381
611 1380
612 1380
613 1381
614 1378
615 1379
616 1378
617 1374
618 1374
619 1375
620 1372
621 1371
622 1370
623 1370
624 1369
625 1370
626 1365
627 1363
628 1365
629 1363
630 1366
631 1365
632 1364
633 1360
634 1365
635 1361
636 1363
637 1360
638 1360
639 1360
640 1362
641 1359
642 1358
643 1356
644 1360
645 1357
646 1359
647 1359
648 1363
649 1359
650 1360
651 1357
652 1357
653 1358
654 1360
655 1357
656 1361
657 1360
658 1361
659 1356
660 1354
661 1354
662 1358
663 1356
664 1359
665 1358
666 1359
667 1358
668 1356
669 1355
670 1357
671 1355
672 1360
673 1357
674 1357
675 1358
676 1357
677 1356
678 1357
679 1359
680 1361
681 1356
682 1358
683 1356
684 1357
685 1357
686 1359
687 1355
688 1356
689 1351
690 1355
691 1356
692 1357
693 1358
694 1360
695 1356
696 1357
697 1357
698 1356
699 1358
700 1359
701 1357
702 1356
703 1357
704 1356
705 1355
706 1357
707 1357
708 1357
709 1356
710 1355
711 1354
712 1356
713 1356
714 1358
715 1355
716 1357
717 1357
718 1359
719 1356
720 1358
721 1356
722 1356
723 1355
724 1356
725 1356
726 1357
727 1353
728 1355
729 1358
730 1357
731 1354
732 1355
733 1356
734 1357
735 1357
736 1356
737 1354
738 1357
739 1356
740 1357
741 1357
742 1357
743 1357
744 1356
745 1357
746 1358
747 1355
748 1356
749 1356
750 1357
751 1360
752 1359
753 1359
754 1357
755 1355
756 1357
757 1358
758 1357
759 1353
760 1357
761 1355
762 1353
763 1355
764 1354
765 1353
766 1354
767 1356
768 1357
769 1356
770 1357
771 1355
772 1354
773 1355
774 1357
775 1356
776 1354
777 1356
778 1356
779 1357
780 1356
781 1354
782 1357
783 1358
784 1358
785 1355
786 1357
787 1356
788 1357
789 1356
790 1356
791 1355
792 1357
793 1354
794 1355
795 1354
796 1356
797 1358
798 1357
799 1356
800 1358
801 1356
802 1356
803 1356
804 1355
805 1357
806 1358
807 1354
808 1354
809 1356
810 1360
811 1356
812 1357
813 1355
814 1354
815 1356
816 1355
817 1355
818 1355
819 1355
820 1357
821 1354
822 1358
823 1356
824 1355
825 1357
826 1358
827 1355
828 1354
829 1354
830 1353
831 1356
832 1356
833 1357
834 1357
835 1357
836 1357
837 1357
838 1355
839 1358
840 1359
841 1356
842 1355
843 1357
844 1357
845 1356
846 1357
847 1357
848 1354
849 1354
850 1355
851 1353
852 1355
853 1358
854 1357
855 1355
856 1353
857 1356
858 1354
859 1355
860 1355
861 1357
862 1356
863 1356
864 1357
865 1354
866 1357
867 1356
868 1356
869 1355
870 1356
871 1357
872 1357
873 1356
874 1356
875 1355
876 1356
877 1358
878 1358
879 1357
880 1357
881 1356
882 1354
883 1357
884 1355
885 1356
886 1357
887 1358
888 1355
889 1355
890 1357
891 1359
892 1357
893 1357
894 1357
895 1357
896 1355
897 1354
898 1353
899 1355
900 1354
901 1355
902 1356
903 1358
904 1353
905 1354
906 1354
907 1355
908 1353
909 1354
910 1356
911 1356
912 1357
913 1355
914 1355
915 1360
916 1357
917 1358
918 1357
919 1356
920 1357
921 1356
922 1356
923 1356
924 1357
925 1355
926 1355
927 1356
928 1355
929 1355
930 1357
931 1355
932 1356
933 1354
934 1353
935 1355
936 1353
937 1354
938 1355
939 1356
940 1358
941 1355
942 1356
943 1355
944 1354
945 1356
946 1357
947 1354
948 1353
949 1354
950 1356
951 1352
952 1354
953 1355
954 1352
955 1356
956 1355
957 1356
958 1356
959 1355
960 1356
961 1355
962 1357
963 1354
964 1355
965 1355
966 1357
967 1356
968 1353
969 1357
970 1357
971 1358
972 1356
973 1355
974 1356
975 1357
976 1356
977 1354
978 1355
979 1357
980 1354
981 1354
982 1355
983 1354
984 1357
985 1357
986 1354
987 1354
988 1354
989 1357
990 1356
991 1356
992 1353
993 1356
994 1353
995 1356
996 1353
997 1356
998 1353
999 1355
1000 1357
1001 1357
1002 1356
1003 1357
1004 1356
1005 1358
1006 1355
1007 1355
1008 1355
1009 1356
1010 1354
1011 1356
1012 1354
1013 1359
1014 1357
1015 1359
1016 1355
1017 1355
1018 1355
1019 1358
1020 1356
1021 1357
1022 1353
1023 1356
1024 1354
1025 1355
1026 1355
1027 1355
1028 1353
1029 1354
1030 1357
1031 1357
1032 1355
1033 1356
1034 1356
1035 1352
1036 1354
1037 1355
1038 1350
1039 1356
1040 1357
1041 1359
1042 1353
1043 1353
1044 1359
1045 1357
1046 1358
1047 1356
1048 1355
1049 1354
1050 1353
1051 1356
1052 1357
1053 1355
1054 1358
1055 1357
1056 1355
1057 1355
1058 1356
1059 1358
1060 1357
1061 1355
1062 1353
1063 1354
1064 1353
1065 1354
1066 1355
1067 1354
1068 1355
1069 1354
1070 1354
1071 1356
1072 1357
1073 1356
1074 1356
1075 1356
1076 1356
1077 1355
1078 1357
1079 1355
1080 1355
1081 1351
1082 1353
1083 1355
1084 1353
1085 1356
1086 1355
1087 1354
1088 1357
1089 1357
1090 1358
1091 1356
1092 1358
1093 1355
1094 1355
1095 1352
1096 1357
1097 1357
1098 1355
1099 1356
1100 1356
1101 1357
1102 1358
1103 1358
1104 1356
1105 1354
1106 1354
1107 1356
1108 1357
1109 1356
1110 1358
1111 1357
1112 1356
1113 1355
1114 1354
1115 1355
1116 1356
1117 1355
1118 1358
1119 1356
1120 1353
1121 1354
1122 1354
1123 1356
1124 1356
1125 1356
1126 1354
1127 1355
1128 1353
1129 1357
1130 1357
1131 1358
1132 1353
1133 1354
1134 1356
1135 1356
1136 1356
1137 1356
1138 1357
1139 1356
1140 1356
1141 1352
1142 1357
1143 1357
1144 1357
1145 1356
1146 1352
1147 1354
1148 1355
1149 1358
1150 1358
1151 1357
1152 1359
1153 1354
1154 1353
1155 1356
1156 1355
1157 1356
1158 1354
1159 1357
1160 1359
1161 1355
1162 1354
1163 1355
1164 1355
1165 1355
1166 1356
1167 1353
1168 1354
1169 1356
1170 1357
1171 1355
1172 1357
1173 1354
1174 1355
1175 1354
1176 1357
1177 1355
1178 1355
1179 1357
1180 1355
1181 1357
1182 1357
1183 1356
1184 1355
1185 1353
1186 1352
1187 1354
1188 1353
1189 1355
1190 1357
1191 1354
1192 1354
1193 1354
1194 1357
1195 1355
1196 1355
1197 1359
1198 1356
1199 1358
1200 1357
1201 1357
1202 1354
1203 1354
1204 1356
1205 1356
1206 1357
1207 1357
1208 1358
1209 1357
1210 1358
1211 1356
1212 1356
1213 1354
1214 1357
1215 1356
1216 1355
1217 1353
1218 1352
1219 1355
1220 1357
1221 1356
1222 1358
1223 1358
1224 1355
1225 1353
1226 1357
1227 1355
1228 1355
1229 1355
1230 1355
1231 1359
1232 1357
1233 1358
1234 1356
1235 1356
1236 1357
1237 1357
1238 1357
1239 1356
1240 1353
1241 1354
1242 1358
1243 1356
1244 1356
1245 1355
1246 1356
1247 1355
1248 1355
1249 1358
1250 1356
1251 1353
1252 1353
1253 1356
1254 1357
1255 1356
1256 1357
1257 1356
1258 1358
1259 1353
1260 1353
1261 1353
1262 1356
1263 1358
1264 1356
1265 1356
1266 1354
1267 1353
1268 1357
1269 1355
1270 1357
1271 1355
1272 1356
1273 1356
1274 1354
1275 1356
1276 1355
1277 1354
1278 1357
1279 1353
1280 1356
1281 1356
1282 1358
1283 1356
1284 1357
1285 1355
1286 1357
1287 1358
1288 1355
1289 1356
1290 1357
1291 1358
1292 1357
1293 1356
1294 1354
1295 1356
1296 1355
1297 1356
1298 1356
1299 1356
1300 1356
1301 1356
1302 1357
1303 1355
1304 1355
1305 1353
1306 1355
1307 1356
1308 1356
1309 1357
1310 1356
1311 1359
1312 1356
1313 1356
1314 1354
1315 1353
1316 1356
1317 1356
1318 1355
1319 1357
1320 1356
1321 1356
1322 1357
1323 1356
1324 1355
1325 1355
1326 1357
1327 1356
1328 1356
1329 1354
1330 1355
1331 1354
1332 1358
1333 1356
1334 1355
1335 1351
1336 1359
1337 1356
1338 1357
1339 1355
1340 1357
1341 1356
1342 1356
1343 1355
1344 1356
1345 1356
1346 1355
1347 1355
1348 1353
1349 1356
1350 1357
1351 1356
1352 1352
1353 1356
1354 1355
1355 1356
1356 1354
1357 1355
1358 1356
1359 1354
1360 1354
1361 1353
1362 1357
1363 1356
1364 1357
1365 1354
1366 1357
1367 1354
1368 1355
1369 1355
1370 1356
1371 1355
1372 1357
1373 1356
1374 1355
1375 1354
1376 1355
1377 1354
1378 1354
1379 1354
1380 1359
1381 1355
1382 1355
1383 1355
1384 1356
1385 1355
1386 1355
1387 1354
1388 1358
1389 1356
1390 1353
1391 1354
1392 1355
1393 1353
1394 1355
1395 1354
1396 1356
1397 1354
1398 1353
1399 1356
1400 1355
1401 1355
1402 1353
1403 1353
1404 1356
1405 1355
1406 1354
1407 1352
1408 1353
1409 1356
1410 1358
1411 1355
1412 1355
1413 1356
1414 1355
1415 1356
1416 1354
1417 1355
1418 1354
1419 1354
1420 1357
1421 1355
1422 1357
1423 1356
1424 1354
1425 1356
1426 1355
1427 1355
1428 1355
1429 1357
1430 1357
1431 1356
1432 1355
1433 1354
1434 1357
1435 1355
1436 1354
1437 1355
1438 1356
1439 1359
1440 1358
1441 1354
1442 1355
1443 1357
1444 1355
1445 1354
1446 1356
1447 1355
1448 1354
1449 1356
1450 1358
1451 1356
1452 1354
1453 1355
1454 1357
1455 1359
1456 1357
1457 1355
1458 1356
1459 1353
1460 1356
1461 1353
1462 1356
1463 1356
1464 1357
1465 1354
1466 1355
1467 1355
1468 1356
1469 1354
1470 1357
1471 1355
1472 1358
1473 1356
1474 1359
1475 1353
1476 1355
1477 1353
1478 1358
1479 1354
1480 1355
1481 1356
1482 1359
1483 1354
1484 1353
1485 1354
1486 1354
1487 1355
1488 1353
1489 1354
1490 1356
1491 1356
1492 1356
1493 1353
1494 1355
1495 1357
1496 1359
1497 1353
1498 1357
1499 1354
1500 1357
1501 1354
1502 1356
1503 1355
1504 1356
1505 1356
1506 1359
1507 1354
1508 1351
1509 1357
1510 1355
1511 1356
1512 1357
1513 1355
1514 1356
1515 1356
1516 1353
1517 1357
1518 1357
1519 1355
1520 1354
1521 1354
1522 1353
1523 1355
1524 1355
1525 1354
1526 1354
1527 1357
1528 1355
1529 1359
1530 1357
1531 1356
1532 1359
1533 1356
1534 1355
1535 1355
1536 1354
1537 1354
1538 1353
1539 1355
1540 1359
1541 1356
1542 1357
1543 1356
1544 1355
1545 1354
1546 1357
1547 1357
1548 1357
1549 1355
1550 1356
1551 1355
1552 1356
1553 1356
1554 1355
1555 1356
1556 1355
1557 1356
1558 1357
1559 1357
1560 1355
1561 1354
1562 1356
1563 1357
1564 1357
1565 1358
1566 1354
1567 1358
1568 1356
1569 1357
1570 1359
1571 1356
1572 1355
1573 1355
1574 1357
1575 1357
1576 1356
1577 1355
1578 1356
1579 1355
1580 1353
1581 1355
1582 1357
1583 1357
1584 1356
1585 1356
1586 1356
1587 1355
1588 1355
1589 1353
1590 1354
1591 1353
1592 1357
1593 1355
1594 1356
1595 1355
1596 1357
1597 1354
1598 1357
1599 1356
1600 1358
1601 1357
1602 1357
1603 1355
1604 1357
1605 1356
1606 1357
1607 1355
1608 1357
1609 1357
1610 1356
1611 1353
1612 1355
1613 1356
1614 1357
1615 1356
1616 1356
1617 1358
1618 1354
1619 1353
1620 1357
1621 1357
1622 1356
1623 1354
1624 1353
1625 1350
1626 1355
1627 1356
1628 1353
1629 1357
1630 1357
1631 1356
1632 1353
1633 1357
1634 1352
1635 1352
1636 1354
1637 1358
1638 1357
1639 1354
1640 1354
1641 1356
1642 1355
1643 1357
1644 1354
1645 1355
1646 1353
1647 1356
1648 1357
1649 1356
1650 1356
1651 1355
1652 1357
1653 1356
1654 1361
1655 1356
1656 1357
1657 1356
1658 1357
1659 1355
1660 1356
1661 1354
1662 1357
1663 1356
1664 1355
1665 1357
1666 1354
1667 1355
1668 1357
1669 1357
1670 1357
1671 1356
1672 1357
1673 1354
1674 1356
1675 1356
1676 1354
1677 1356
1678 1356
1679 1354
1680 1353
1681 1354
1682 1353
1683 1356
1684 1358
1685 1354
1686 1357
1687 1357
1688 1356
1689 1356
1690 1354
1691 1358
1692 1356
1693 1357
1694 1357
1695 1357
1696 1356
1697 1353
1698 1352
1699 1355
1700 1359
1701 1355
1702 1355
1703 1353
1704 1355
1705 1351
1706 1354
1707 1355
1708 1355
1709 1355
1710 1355
1711 1357
1712 1356
1713 1358
1714 1356
1715 1357
1716 1359
1717 1355
1718 1355
1719 1355
1720 1357
1721 1356
1722 1357
1723 1357
1724 1355
1725 1357
1726 1357
1727 1357
1728 1354
1729 1357
1730 1360
1731 1357
1732 1354
1733 1357
1734 1355
1735 1356
1736 1354
1737 1355
1738 1357
1739 1356
1740 1357
1741 1357
1742 1356
1743 1357
1744 1355
1745 1357
1746 1356
1747 1358
1748 1355
1749 1357
1750 1357
1751 1357
1752 1356
1753 1354
1754 1355
1755 1359
1756 1357
1757 1356
1758 1353
1759 1356
1760 1358
1761 1356
1762 1357
1763 1359
1764 1355
1765 1357
1766 1356
1767 1355
1768 1354
1769 1354
1770 1355
1771 1356
1772 1354
1773 1354
1774 1357
1775 1355
1776 1357
1777 1357
1778 1357
1779 1359
1780 1355
1781 1357
1782 1358
1783 1356
1784 1356
1785 1355
1786 1356
1787 1354
1788 1358
1789 1355
1790 1358
1791 1357
1792 1360
1793 1357
1794 1357
1795 1355
1796 1356
1797 1356
1798 1357
1799 1357
1800 1360
1801 1356
1802 1357
1803 1355
1804 1358
1805 1356
1806 1358
1807 1357
1808 1357
1809 1356
1810 1355
1811 1355
1812 1358
1813 1351
1814 1354
1815 1355
1816 1357
1817 1356
1818 1356
1819 1356
1820 1361
1821 1358
1822 1357
1823 1355
1824 1357
1825 1353
1826 1354
1827 1353
1828 1357
1829 1354
1830 1356
1831 1354
1832 1356
1833 1354
1834 1352
1835 1354
1836 1356
1837 1355
1838 1356
1839 1357
1840 1356
1841 1354
1842 1355
1843 1356
1844 1352
1845 1356
1846 1354
1847 1355
1848 1356
1849 1355
1850 1355
1851 1355
1852 1355
1853 1352
1854 1355
1855 1353
1856 1356
1857 1360
1858 1355
1859 1356
1860 1353
1861 1354
1862 1354
1863 1355
1864 1353
1865 1356
1866 1355
1867 1355
1868 1356
1869 1356
1870 1353
1871 1357
1872 1358
1873 1356
1874 1355
1875 1356
1876 1353
1877 1356
1878 1356
1879 1356
1880 1353
1881 1356
1882 1361
1883 1356
1884 1357
1885 1354
1886 1356
1887 1355
1888 1353
1889 1357
1890 1357
1891 1356
1892 1352
1893 1354
1894 1357
1895 1356
1896 1355
1897 1355
1898 1356
1899 1355
1900 1354
1901 1356
1902 1357
1903 1356
1904 1356
1905 1357
1906 1356
1907 1356
1908 1354
1909 1356
1910 1355
1911 1356
1912 1355
1913 1356
1914 1353
1915 1359
1916 1352
1917 1356
1918 1356
1919 1355
1920 1356
1921 1353
1922 1355
1923 1355
1924 1357
1925 1358
1926 1354
1927 1354
1928 1357
1929 1357
1930 1352
1931 1356
1932 1356
1933 1356
1934 1357
1935 1356
1936 1357
1937 1354
1938 1355
1939 1356
1940 1357
1941 1356
1942 1353
1943 1356
1944 1357
1945 1356
1946 1357
1947 1356
1948 1357
1949 1355
1950 1356
1951 1356
1952 1356
1953 1356
1954 1357
1955 1354
1956 1352
1957 1356
1958 1356
1959 1356
1960 1354
1961 1357
1962 1356
1963 1358
1964 1356
1965 1355
1966 1357
1967 1358
1968 1358
1969 1358
1970 1355
1971 1358
1972 1360
1973 1360
1974 1358
1975 1359
1976 1358
1977 1358
1978 1357
1979 1356
1980 1358
1981 1358
1982 1357
1983 1357
1984 1357
1985 1356
1986 1357
1987 1354
1988 1358
1989 1356
1990 1356
1991 1356
1992 1357
1993 1355
1994 1354
1995 1356
1996 1355
1997 1358
1998 1356
1999 1356
2000 1354
2001 1355
2002 1355
2003 1356
2004 1353
2005 1358
2006 1356
2007 1356
2008 1355
2009 1357
2010 1358
2011 1356
2012 1355
2013 1357
2014 1353
2015 1353
2016 1354
2017 1355
2018 1357
2019 1356
2020 1355
2021 1358
2022 1357
2023 1356
2024 1354
2025 1357
2026 1356
2027 1358
2028 1355
2029 1355
2030 1355
2031 1357
2032 1358
2033 1358
2034 1357
2035 1357
2036 1355
2037 1356
2038 1355
2039 1357
2040 1355
2041 1354
2042 1355
2043 1355
2044 1358
2045 1356
2046 1358
2047 1356
2048 1355
2049 1358
2050 1356
2051 1359
2052 1355
2053 1357
2054 1356
2055 1356
2056 1353
2057 1355
2058 1355
2059 1358
2060 1358
2061 1356
2062 1355
2063 1356
2064 1356
2065 1356
2066 1356
2067 1358
2068 1353
2069 1354
2070 1356
2071 1355
2072 1354
2073 1356
2074 1354
2075 1356
2076 1355
2077 1354
2078 1350
2079 1354
2080 1358
2081 1356
2082 1356
2083 1356
2084 1355
2085 1353
2086 1356
2087 1355
2088 1356
2089 1357
2090 1357
2091 1356
2092 1357
2093 1352
2094 1356
2095 1358
2096 1357
2097 1356
2098 1355
2099 1353
2100 1353
2101 1355
2102 1354
2103 1354
2104 1355
2105 1352
2106 1357
2107 1354
2108 1354
2109 1355
2110 1357
2111 1354
2112 1357
2113 1355
2114 1355
2115 1354
2116 1355
2117 1354
2118 1355
2119 1355
2120 1353
2121 1353
2122 1355
2123 1356
2124 1356
2125 1357
2126 1357
2127 1358
2128 1358
2129 1357
2130 1358
2131 1358
2132 1357
2133 1356
2134 1359
2135 1357
2136 1360
2137 1357
2138 1355
2139 1355
2140 1356
2141 1355
2142 1354
2143 1356
2144 1357
2145 1356
2146 1356
2147 1355
2148 1355
2149 1356
2150 1357
2151 1354
2152 1358
2153 1355
2154 1356
2155 1356
2156 1357
2157 1354
2158 1356
2159 1354
2160 1355
2161 1356
2162 1357
2163 1356
2164 1357
2165 1357
2166 1357
2167 1355
2168 1355
2169 1354
2170 1355
2171 1356
2172 1355
2173 1355
2174 1356
2175 1356
2176 1356
2177 1354
2178 1354
2179 1355
2180 1355
2181 1355
2182 1358
2183 1356
2184 1358
2185 1355
2186 1358
2187 1355
2188 1357
2189 1356
2190 1355
2191 1356
2192 1357
2193 1356
2194 1356
2195 1354
2196 1358
2197 1354
2198 1353
2199 1355
2200 1357
2201 1356
2202 1358
2203 1354
2204 1355
2205 1354
2206 1355
2207 1357
2208 1356
2209 1356
2210 1357
2211 1356
2212 1360
2213 1356
2214 1358
2215 1356
2216 1357
2217 1356
2218 1355
2219 1356
2220 1355
2221 1355
2222 1355
2223 1352
2224 1355
2225 1352
2226 1355
2227 1354
2228 1356
2229 1354
2230 1358
2231 1356
2232 1357
2233 1354
2234 1356
2235 1357
2236 1355
2237 1354
2238 1358
2239 1357
2240 1360
2241 1357
2242 1358
2243 1356
2244 1354
2245 1355
2246 1356
2247 1356
2248 1356
2249 1356
2250 1355
2251 1355
2252 1352
2253 1356
2254 1355
2255 1358
2256 1359
2257 1357
2258 1354
2259 1356
2260 1357
2261 1357
2262 1357
2263 1355
2264 1355
2265 1355
2266 1356
2267 1353
2268 1355
2269 1356
2270 1360
2271 1357
2272 1354
2273 1354
2274 1356
2275 1355
2276 1355
2277 1355
2278 1354
2279 1357
2280 1353
2281 1356
2282 1354
2283 1354
2284 1357
2285 1356
2286 1357
2287 1357
2288 1354
2289 1356
2290 1358
2291 1357
2292 1354
2293 1354
2294 1356
2295 1355
2296 1356
2297 1354
2298 1354
2299 1355
2300 1359
2301 1356
2302 1357
2303 1353
2304 1356
2305 1358
2306 1356
2307 1355
2308 1356
2309 1358
2310 1357
2311 1355
2312 1354
2313 1355
2314 1355
2315 1358
2316 1357
2317 1358
2318 1360
2319 1355
2320 1357
2321 1356
2322 1355
2323 1357
2324 1354
2325 1356
2326 1359
2327 1357
2328 1354
2329 1357
2330 1358
2331 1355
2332 1353
2333 1352
2334 1357
2335 1357
2336 1360
2337 1355
2338 1354
2339 1356
2340 1354
2341 1356
2342 1355
2343 1353
2344 1355
2345 1354
2346 1357
2347 1356
2348 1355
2349 1355
2350 1356
2351 1356
2352 1355
2353 1354
2354 1356
2355 1354
2356 1355
2357 1354
2358 1356
2359 1355
2360 1355
2361 1356
2362 1356
2363 1357
2364 1357
2365 1356
2366 1357
2367 1354
2368 1356
2369 1354
2370 1354
2371 1356
2372 1356
2373 1358
2374 1356
2375 1353
2376 1359
2377 1357
2378 1355
2379 1355
2380 1356
2381 1356
2382 1358
2383 1352
2384 1354
2385 1356
2386 1361
2387 1356
2388 1357
2389 1356
2390 1359
2391 1356
2392 1359
2393 1356
2394 1359
2395 1355
2396 1357
2397 1356
2398 1358
2399 1356
2400 1357
2401 1359
2402 1361
2403 1357
2404 1354
2405 1354
2406 1355
2407 1356
2408 1354
2409 1355
2410 1356
2411 1356
2412 1359
2413 1356
2414 1357
2415 1357
2416 1357
2417 1357
2418 1359
2419 1357
2420 1359
2421 1358
2422 1358
2423 1356
2424 1357
2425 1357
2426 1359
2427 1357
2428 1359
2429 1356
2430 1359
2431 1357
2432 1360
2433 1355
2434 1357
2435 1356
2436 1357
2437 1356
2438 1358
2439 1355
2440 1355
2441 1354
2442 1356
2443 1358
2444 1359
2445 1357
2446 1357
2447 1359
2448 1358
2449 1356
2450 1359
2451 1358
2452 1357
2453 1357
2454 1358
2455 1355
2456 1355
2457 1356
2458 1354
2459 1358
2460 1357
2461 1357
2462 1356
2463 1356
2464 1355
2465 1355
2466 1356
2467 1354
2468 1354
2469 1356
2470 1356
2471 1354
2472 1357
2473 1358
2474 1357
2475 1355
2476 1356
2477 1355
2478 1355
2479 1356
2480 1356
2481 1357
2482 1357
2483 1358
2484 1361
2485 1355
2486 1354
2487 1354
2488 1355
2489 1356
2490 1357
2491 1357
2492 1357
2493 1356
2494 1356
2495 1355
2496 1357
2497 1355
2498 1355
2499 1356
2500 1357
2501 1355
2502 1356
2503 1356
2504 1357
2505 1357
2506 1357
2507 1356
2508 1357
2509 1356
2510 1357
2511 1355
2512 1357
2513 1358
2514 1357
2515 1355
2516 1358
2517 1356
2518 1356
2519 1352
2520 1357
2521 1359
2522 1355
2523 1355
2524 1356
2525 1354
2526 1356
2527 1353
2528 1354
2529 1354
2530 1353
2531 1355
2532 1356
2533 1352
2534 1356
2535 1357
2536 1356
2537 1354
2538 1353
2539 1354
2540 1355
2541 1356
2542 1357
2543 1357
2544 1353
2545 1356
2546 1355
2547 1356
2548 1356
2549 1358
2550 1359
2551 1356
2552 1357
2553 1356
2554 1355
2555 1355
2556 1354
2557 1356
2558 1352
2559 1355
2560 1355
2561 1356
2562 1356
2563 1354
2564 1356
2565 1357
2566 1358
2567 1359
2568 1353
2569 1355
2570 1356
2571 1355
2572 1358
2573 1356
2574 1356
2575 1356
2576 1356
2577 1354
2578 1355
2579 1356
2580 1359
2581 1355
2582 1356
2583 1355
2584 1355
2585 1355
2586 1354
2587 1356
2588 1353
2589 1353
2590 1355
2591 1356
2592 1357
2593 1355
2594 1355
2595 1355
2596 1353
2597 1354
2598 1356
2599 1354
2600 1357
2601 1356
2602 1357
2603 1355
2604 1353
2605 1353
2606 1353
2607 1352
2608 1358
2609 1355
2610 1360
2611 1356
2612 1355
2613 1354
2614 1356
2615 1356
2616 1354
2617 1358
2618 1356
2619 1354
2620 1359
2621 1357
2622 1355
2623 1355
2624 1353
2625 1355
2626 1357
2627 1358
2628 1359
2629 1356
2630 1355
2631 1355
2632 1357
2633 1358
2634 1357
2635 1358
2636 1355
2637 1357
2638 1356
2639 1357
2640 1357
2641 1356
2642 1356
2643 1355
2644 1355
2645 1355
2646 1356
2647 1355
2648 1356
2649 1357
2650 1355
2651 1358
2652 1356
2653 1356
2654 1357
2655 1353
2656 1357
2657 1356
2658 1357
2659 1355
2660 1353
2661 1357
2662 1358
2663 1356
2664 1356
2665 1356
2666 1358
2667 1357
2668 1357
2669 1355
2670 1357
2671 1355
2672 1357
2673 1356
2674 1356
2675 1354
2676 1354
2677 1354
2678 1355
2679 1356
2680 1358
2681 1356
2682 1356
2683 1355
2684 1356
2685 1357
2686 1356
2687 1358
2688 1355
2689 1355
2690 1357
2691 1357
2692 1356
2693 1353
2694 1355
2695 1356
2696 1355
2697 1354
2698 1355
2699 1353
2700 1353
2701 1356
2702 1356
2703 1357
2704 1355
2705 1355
2706 1354
2707 1353
2708 1355
2709 1357
2710 1356
2711 1355
2712 1353
2713 1356
2714 1355
2715 1355
2716 1357
2717 1354
2718 1356
2719 1355
2720 1357
2721 1353
2722 1354
2723 1356
2724 1355
2725 1357
2726 1357
2727 1356
2728 1356
2729 1354
2730 1354
2731 1357
2732 1355
2733 1356
2734 1356
2735 1355
2736 1355
2737 1354
2738 1354
2739 1356
2740 1358
2741 1356
2742 1355
2743 1356
2744 1355
2745 1354
2746 1354
2747 1355
2748 1353
2749 1357
2750 1357
2751 1356
2752 1357
2753 1354
2754 1357
2755 1355
2756 1353
2757 1356
2758 1356
2759 1357
2760 1354
2761 1354
2762 1357
2763 1357
2764 1357
2765 1356
2766 1356
2767 1353
2768 1353
2769 1356
2770 1355
2771 1355
2772 1353
2773 1356
2774 1356
2775 1354
2776 1357
2777 1356
2778 1352
2779 1354
2780 1355
2781 1355
2782 1353
2783 1354
2784 1356
2785 1357
2786 1356
2787 1357
2788 1356
2789 1354
2790 1353
2791 1356
2792 1357
2793 1355
2794 1354
2795 1353
2796 1355
2797 1356
2798 1356
2799 1356
2800 1356
2801 1356
2802 1357
2803 1356
2804 1354
2805 1355
2806 1355
2807 1358
2808 1358
2809 1357
2810 1355
2811 1354
2812 1354
2813 1356
2814 1353
2815 1355
2816 1355
2817 1354
2818 1354
2819 1354
2820 1356
2821 1354
2822 1357
2823 1354
2824 1356
2825 1356
2826 1356
2827 1354
2828 1354
2829 1357
2830 1356
2831 1356
2832 1357
2833 1356
2834 1355
2835 1355
2836 1354
2837 1356
2838 1356
2839 1356
2840 1357
2841 1357
2842 1357
2843 1355
2844 1357
2845 1356
2846 1357
2847 1357
2848 1354
2849 1356
2850 1355
2851 1354
2852 1357
2853 1356
2854 1354
2855 1356
2856 1356
2857 1357
2858 1355
2859 1356
2860 1357
2861 1355
2862 1357
2863 1352
2864 1354
2865 1355
2866 1356
2867 1354
2868 1352
2869 1354
2870 1357
2871 1356
2872 1356
2873 1354
2874 1357
2875 1358
2876 1356
2877 1358
2878 1357
2879 1357
2880 1357
2881 1356
2882 1356
2883 1355
2884 1356
2885 1357
2886 1355
2887 1356
2888 1356
2889 1357
2890 1357
2891 1354
2892 1356
2893 1355
2894 1357
2895 1356
2896 1355
2897 1356
2898 1355
2899 1356
2900 1356
2901 1358
2902 1353
2903 1355
2904 1357
2905 1355
2906 1354
2907 1356
2908 1357
2909 1357
2910 1356
2911 1356
2912 1358
2913 1356
2914 1357
2915 1356
2916 1359
2917 1355
2918 1358
2919 1354
2920 1355
2921 1355
2922 1355
2923 1357
2924 1355
2925 1355
2926 1357
2927 1355
2928 1356
2929 1356
2930 1358
2931 1359
2932 1354
2933 1357
2934 1356
2935 1355
2936 1357
2937 1356
2938 1355
2939 1357
2940 1356
2941 1354
2942 1355
2943 1357
2944 1356
2945 1356
2946 1355
2947 1357
2948 1355
2949 1356
2950 1357
2951 1356
2952 1356
2953 1354
2954 1357
2955 1358
2956 1359
2957 1356
2958 1356
2959 1357
2960 1359
2961 1359
2962 1359
2963 1358
2964 1355
2965 1357
2966 1357
2967 1356
2968 1356
2969 1357
2970 1359
2971 1357
2972 1360
2973 1357
2974 1357
2975 1358
2976 1357
2977 1357
2978 1356
2979 1355
2980 1356
2981 1354
2982 1355
2983 1356
2984 1358
2985 1355
2986 1356
2987 1359
2988 1355
2989 1355
2990 1357
2991 1354
2992 1356
2993 1354
2994 1355
2995 1353
2996 1356
2997 1359
2998 1356
2999 1357
3000 1356
3001 1358
3002 1360
3003 1358
3004 1357
3005 1355
3006 1357
3007 1355
3008 1355
3009 1358
3010 1356
3011 1356
3012 1355
3013 1354
3014 1355
3015 1357
3016 1355
3017 1356
3018 1357
3019 1358
3020 1355
3021 1357
3022 1356
3023 1356
3024 1354
3025 1356
3026 1357
3027 1355
3028 1353
3029 1357
3030 1357
3031 1355
3032 1357
3033 1355
3034 1356
3035 1356
3036 1355
3037 1357
3038 1356
3039 1357
3040 1355
3041 1357
3042 1356
3043 1356
3044 1357
3045 1355
3046 1358
3047 1356
3048 1355
3049 1356
3050 1356
3051 1355
3052 1357
3053 1356
3054 1355
3055 1354
3056 1354
3057 1355
3058 1353
3059 1354
3060 1357
3061 1358
3062 1355
3063 1355
3064 1354
3065 1353
3066 1355
3067 1354
3068 1355
3069 1357
3070 1355
3071 1356
3072 1354
3073 1355
3074 1354
3075 1356
3076 1357
3077 1356
3078 1356
3079 1356
3080 1356
3081 1355
3082 1356
3083 1354
3084 1353
3085 1355
3086 1352
3087 1356
3088 1353
3089 1354
3090 1358
3091 1356
3092 1355
3093 1359
3094 1354
3095 1352
3096 1357
3097 1357
3098 1358
3099 1354
3100 1357
3101 1356
3102 1356
3103 1356
3104 1356
3105 1356
3106 1357
3107 1354
3108 1356
3109 1357
3110 1356
3111 1356
3112 1355
3113 1355
3114 1354
3115 1357
3116 1355
3117 1357
3118 1354
3119 1357
3120 1355
3121 1356
3122 1353
3123 1357
3124 1356
3125 1356
3126 1358
3127 1358
3128 1357
3129 1358
3130 1357
3131 1355
3132 1356
3133 1356
3134 1355
3135 1355
3136 1356
3137 1360
3138 1358
3139 1356
3140 1358
3141 1355
3142 1358
3143 1353
3144 1353
3145 1354
3146 1356
3147 1355
3148 1354
3149 1353
3150 1358
3151 1356
3152 1356
3153 1356
3154 1353
3155 1354
3156 1355
3157 1354
3158 1357
3159 1356
3160 1357
3161 1356
3162 1353
3163 1354
3164 1356
3165 1356
3166 1355
3167 1355
3168 1357
3169 1356
3170 1354
3171 1355
3172 1357
3173 1352
3174 1355
3175 1356
3176 1357
3177 1355
3178 1358
3179 1356
3180 1356
3181 1353
3182 1356
3183 1353
3184 1355
3185 1357
3186 1357
3187 1356
3188 1357
3189 1356
3190 1357
3191 1357
3192 1358
3193 1357
3194 1356
3195 1355
3196 1354
3197 1357
3198 1357
3199 1353
3200 1355
3201 1354
3202 1356
3203 1356
3204 1357
3205 1353
3206 1357
3207 1356
3208 1358
3209 1359
3210 1358
3211 1356
3212 1359
3213 1358
3214 1355
3215 1356
3216 1356
3217 1353
3218 1354
3219 1353
3220 1358
3221 1359
3222 1356
3223 1357
3224 1358
3225 1358
3226 1356
3227 1353
3228 1355
3229 1355
3230 1349
3231 1354
3232 1352
3233 1355
3234 1353
3235 1358
3236 1357
3237 1356
3238 1354
3239 1358
3240 1357
3241 1359
3242 1357
3243 1357
3244 1354
3245 1357
3246 1355
3247 1354
3248 1357
3249 1357
3250 1357
3251 1356
3252 1354
3253 1357
3254 1355
3255 1355
3256 1355
3257 1355
3258 1355
3259 1355
3260 1356
3261 1360
3262 1358
3263 1358
3264 1353
3265 1355
3266 1355
3267 1357
3268 1357
3269 1354
3270 1357
3271 1355
3272 1357
3273 1354
3274 1356
3275 1356
3276 1356
3277 1357
3278 1355
3279 1358
3280 1358
3281 1356
3282 1357
3283 1356
3284 1358
3285 1354
3286 1356
3287 1355
3288 1354
3289 1358
3290 1357
3291 1356
3292 1355
3293 1356
3294 1354
3295 1356
3296 1353
3297 1357
3298 1355
3299 1355
3300 1355
3301 1356
3302 1357
3303 1357
3304 1357
3305 1355
3306 1358
3307 1356
3308 1354
3309 1357
3310 1357
3311 1358
3312 1354
3313 1356
3314 1355
3315 1356
3316 1356
3317 1356
3318 1356
3319 1354
3320 1355
3321 1359
3322 1353
3323 1356
3324 1356
3325 1354
3326 1353
3327 1356
3328 1354
3329 1356
3330 1351
3331 1356
3332 1357
3333 1356
3334 1359
3335 1356
3336 1356
3337 1356
3338 1355
3339 1355
3340 1357
3341 1357
3342 1357
3343 1357
3344 1354
3345 1356
3346 1356
3347 1355
3348 1353
3349 1355
3350 1353
3351 1356
3352 1357
3353 1353
3354 1354
3355 1357
3356 1354
3357 1357
3358 1356
3359 1358
3360 1356
3361 1356
3362 1354
3363 1357
3364 1355
3365 1354
3366 1357
3367 1357
3368 1356
3369 1354
3370 1354
3371 1358
3372 1357
3373 1356
3374 1356
3375 1356
3376 1356
3377 1356
3378 1357
3379 1356
3380 1354
3381 1358
3382 1359
3383 1358
3384 1357
3385 1357
3386 1353
3387 1354
3388 1357
3389 1353
3390 1355
3391 1353
3392 1357
3393 1356
3394 1352
3395 1357
3396 1354
3397 1357
3398 1354
3399 1358
3400 1359
3401 1358
3402 1355
3403 1355
3404 1356
3405 1357
3406 1353
3407 1356
3408 1355
3409 1359
3410 1357
3411 1356
3412 1356
3413 1357
3414 1353
3415 1359
3416 1357
3417 1354
3418 1356
3419 1354
3420 1352
3421 1354
3422 1353
3423 1357
3424 1356
3425 1354
3426 1354
3427 1354
3428 1358
3429 1358
3430 1357
3431 1356
3432 1355
3433 1356
3434 1358
3435 1355
3436 1356
3437 1355
3438 1355
3439 1357
3440 1357
3441 1359
3442 1357
3443 1357
3444 1355
3445 1357
3446 1356
3447 1355
3448 1355
3449 1357
3450 1354
3451 1356
3452 1355
3453 1356
3454 1356
3455 1355
3456 1356
3457 1357
3458 1356
3459 1357
3460 1353
3461 1358
3462 1357
3463 1357
3464 1354
3465 1358
3466 1356
3467 1354
3468 1356
3469 1355
3470 1359
3471 1357
3472 1357
3473 1356
3474 1355
3475 1355
3476 1354
3477 1354
3478 1357
3479 1355
3480 1357
3481 1358
3482 1357
3483 1354
3484 1360
3485 1357
3486 1358
3487 1358
3488 1356
3489 1354
3490 1356
3491 1357
3492 1355
3493 1355
3494 1355
3495 1356
3496 1355
3497 1355
3498 1354
3499 1353
3500 1357
3501 1359
3502 1357
3503 1356
3504 1355
3505 1357
3506 1356
3507 1356
3508 1357
3509 1355
3510 1359
3511 1354
3512 1354
3513 1354
3514 1354
3515 1357
3516 1358
3517 1359
3518 1357
3519 1356
3520 1355
3521 1356
3522 1357
3523 1355
3524 1355
3525 1357
3526 1356
3527 1358
3528 1356
3529 1356
3530 1357
3531 1356
3532 1357
3533 1357
3534 1356
3535 1355
3536 1354
3537 1355
3538 1355
3539 1355
3540 1355
3541 1356
3542 1356
3543 1356
3544 1356
3545 1355
3546 1355
3547 1357
3548 1357
3549 1355
3550 1356
3551 1357
3552 1354
3553 1356
3554 1354
3555 1354
3556 1358
3557 1354
3558 1354
3559 1356
3560 1354
3561 1356
3562 1354
3563 1358
3564 1353
3565 1354
3566 1357
3567 1356
3568 1355
3569 1357
3570 1357
3571 1355
3572 1353
3573 1356
3574 1355
3575 1352
3576 1352
3577 1357
3578 1355
3579 1356
3580 1357
3581 1357
3582 1355
3583 1356
3584 1354
3585 1352
3586 1355
3587 1356
3588 1357
3589 1358
3590 1354
3591 1358
3592 1356
3593 1354
3594 1354
3595 1353
3596 1354
3597 1356
3598 1353
3599 1354
3600 1359
3601 1356
3602 1357
3603 1356
3604 1353
3605 1355
3606 1355
3607 1356
3608 1355
3609 1355
3610 1352
3611 1356
3612 1356
3613 1357
3614 1357
3615 1357
3616 1357
3617 1358
3618 1357
3619 1358
3620 1356
3621 1357
3622 1355
3623 1354
3624 1355
3625 1355
3626 1356
3627 1358
3628 1352
3629 1355
3630 1355
3631 1354
3632 1355
3633 1353
3634 1355
3635 1356
3636 1356
3637 1357
3638 1354
3639 1353
3640 1356
3641 1355
3642 1356
3643 1357
3644 1358
3645 1359
3646 1354
3647 1358
3648 1354
3649 1359
3650 1357
3651 1358
3652 1355
3653 1356
3654 1357
3655 1354
3656 1353
3657 1356
3658 1354
3659 1354
3660 1356
3661 1355
3662 1356
3663 1354
3664 1353
3665 1355
3666 1355
3667 1356
3668 1357
3669 1355
3670 1354
3671 1356
3672 1357
3673 1356
3674 1356
3675 1357
3676 1357
3677 1357
3678 1357
3679 1358
3680 1356
3681 1356
3682 1355
3683 1356
3684 1354
3685 1355
3686 1357
3687 1354
3688 1353
3689 1354
3690 1357
3691 1357
3692 1354
3693 1357
3694 1355
3695 1353
3696 1355
3697 1356
3698 1354
3699 1353
3700 1355
3701 1353
3702 1355
3703 1354
3704 1356
3705 1355
3706 1357
3707 1356
3708 1356
3709 1355
3710 1355
3711 1355
3712 1357
3713 1355
3714 1355
3715 1355
3716 1358
3717 1356
3718 1357
3719 1353
3720 1357
3721 1355
3722 1357
3723 1355
3724 1355
3725 1356
3726 1356
3727 1356
3728 1359
3729 1355
3730 1357
3731 1355
3732 1354
3733 1357
3734 1359
3735 1355
3736 1357
3737 1355
3738 1356
3739 1355
3740 1357
3741 1356
3742 1355
3743 1354
3744 1355
3745 1354
3746 1355
3747 1355
3748 1352
3749 1354
3750 1354
3751 1354
3752 1354
3753 1356
3754 1356
3755 1356
3756 1353
3757 1355
3758 1354
3759 1355
3760 1358
3761 1358
3762 1357
3763 1355
3764 1359
3765 1358
3766 1356
3767 1356
3768 1357
3769 1359
3770 1355
3771 1353
3772 1355
3773 1353
3774 1356
3775 1355
3776 1356
3777 1355
3778 1354
3779 1355
3780 1354
3781 1356
3782 1354
3783 1357
3784 1357
3785 1359
3786 1356
3787 1357
3788 1353
3789 1356
3790 1358
3791 1356
3792 1355
3793 1355
3794 1355
3795 1355
3796 1357
3797 1356
3798 1356
3799 1355
3800 1351
3801 1352
3802 1356
3803 1357
3804 1357
3805 1358
3806 1354
3807 1357
3808 1357
3809 1355
3810 1355
3811 1358
3812 1358
3813 1356
3814 1353
3815 1355
3816 1352
3817 1354
3818 1356
3819 1358
3820 1358
3821 1356
3822 1355
3823 1356
3824 1355
3825 1356
3826 1354
3827 1355
3828 1356
3829 1354
3830 1355
3831 1355
3832 1356
3833 1358
3834 1355
3835 1356
3836 1357
3837 1357
3838 1356
3839 1354
3840 1351
3841 1352
3842 1354
3843 1356
3844 1354
3845 1353
3846 1355
3847 1353
3848 1354
3849 1355
3850 1356
3851 1355
3852 1353
3853 1354
3854 1354
3855 1357
3856 1356
3857 1356
3858 1354
3859 1356
3860 1355
3861 1356
3862 1356
3863 1356
3864 1357
3865 1356
3866 1358
3867 1357
3868 1357
3869 1356
3870 1355
3871 1355
3872 1356
3873 1354
3874 1357
3875 1355
3876 1354
3877 1352
3878 1353
3879 1356
3880 1357
3881 1356
3882 1355
3883 1355
3884 1355
3885 1354
3886 1357
3887 1356
3888 1356
3889 1356
3890 1356
3891 1357
3892 1354
3893 1354
3894 1354
3895 1357
3896 1355
3897 1354
3898 1353
3899 1355
3900 1357
3901 1358
3902 1356
3903 1356
3904 1353
3905 1354
3906 1354
3907 1356
3908 1356
3909 1357
3910 1358
3911 1357
3912 1357
3913 1355
3914 1356
3915 1358
3916 1358
3917 1356
3918 1355
3919 1358
3920 1356
3921 1356
3922 1358
3923 1356
3924 1358
3925 1355
3926 1359
3927 1359
3928 1358
3929 1355
3930 1356
3931 1356
3932 1355
3933 1356
3934 1357
3935 1356
3936 1356
3937 1356
3938 1355
3939 1357
3940 1356
3941 1355
3942 1358
3943 1358
3944 1355
3945 1357
3946 1357
3947 1355
3948 1357
3949 1358
3950 1357
3951 1359
3952 1357
3953 1355
3954 1355
3955 1358
3956 1355
3957 1357
3958 1356
3959 1360
3960 1358
3961 1356
3962 1356
3963 1354
3964 1353
3965 1355
3966 1357
3967 1356
3968 1357
3969 1356
3970 1355
3971 1356
3972 1358
3973 1357
3974 1355
3975 1352
3976 1355
3977 1357
3978 1354
3979 1352
3980 1359
3981 1358
3982 1357
3983 1355
3984 1355
3985 1358
3986 1357
3987 1357
3988 1356
3989 1356
3990 1357
3991 1353
3992 1355
3993 1355
3994 1358
3995 1357
3996 1355
3997 1354
3998 1355
3999 1355
