0 1358
1 1356
2 1361
3 1354
4 1357
5 1354
6 1356
7 1356
8 1357
9 1357
10 1357
11 1356
12 1358
13 1358
14 1356
15 1358
16 1357
17 1357
18 1357
19 1359
20 1361
21 1358
22 1357
23 1355
24 1357
25 1358
26 1356
27 1356
28 1357
29 1353
30 1353
31 1357
32 1357
33 1354
34 1356
35 1355
36 1358
37 1354
38 1356
39 1357
40 1357
41 1356
42 1357
43 1354
44 1357
45 1354
46 1359
47 1357
48 1356
49 1356
50 1359
51 1361
52 1361
53 1359
54 1354
55 1353
56 1357
57 1356
58 1357
59 1354
60 1356
61 1356
62 1357
63 1352
64 1357
65 1356
66 1359
67 1359
68 1357
69 1357
70 1359
71 1359
72 1357
73 1358
74 1357
75 1356
76 1357
77 1358
78 1360
79 1358
80 1357
81 1355
82 1358
83 1356
84 1357
85 1355
86 1356
87 1356
88 1357
89 1356
90 1355
91 1355
92 1355
93 1356
94 1357
95 1355
96 1358
97 1355
98 1356
99 1358
100 1358
101 1356
102 1357
103 1358
104 1357
105 1358
106 1356
107 1360
108 1357
109 1355
110 1357
111 1357
112 1359
113 1357
114 1357
115 1354
116 1357
117 1355
118 1356
119 1355
120 1357
121 1356
122 1353
123 1356
124 1356
125 1356
126 1357
127 1355
128 1357
129 1355
130 1357
131 1358
132 1358
133 1356
134 1358
135 1358
136 1357
137 1360
138 1360
139 1357
140 1357
141 1357
142 1357
143 1356
144 1357
145 1356
146 1353
147 1356
148 1354
149 1357
150 1357
151 1357
152 1355
153 1353
154 1357
155 1356
156 1356
157 1356
158 1357
159 1358
160 1355
161 1357
162 1357
163 1356
164 1355
165 1357
166 1357
167 1357
168 1357
169 1356
170 1357
171 1358
172 1361
173 1356
174 1356
175 1358
176 1353
177 1357
178 1355
179 1360
180 1358
181 1357
182 1359
183 1356
184 1356
185 1354
186 1355
187 1356
188 1358
189 1356
190 1355
191 1357
192 1357
193 1358
194 1355
195 1356
196 1358
197 1357
198 1356
199 1354
200 1355
201 1356
202 1356
203 1356
204 1355
205 1355
206 1356
207 1357
208 1357
209 1354
210 1360
211 1356
212 1358
213 1357
214 1359
215 1356
216 1357
217 1356
218 1354
219 1355
220 1356
221 1356
222 1358
223 1357
224 1359
225 1357
226 1359
227 1358
228 1357
229 1354
230 1357
231 1358
232 1357
233 1357
234 1356
235 1356
236 1356
237 1356
238 1355
239 1356
240 1357
241 1358
242 1353
243 1357
244 1358
245 1355
246 1357
247 1357
248 1355
249 1355
250 1355
251 1355
252 1354
253 1356
254 1359
255 1357
256 1357
257 1358
258 1356
259 1357
260 1357
261 1359
262 1357
263 1358
264 1359
265 1356
266 1359
267 1359
268 1359
269 1356
270 1358
271 1357
272 1356
273 1356
274 1355
275 1355
276 1357
277 1358
278 1357
279 1356
280 1355
281 1356
282 1356
283 1353
284 1354
285 1356
286 1358
287 1357
288 1358
289 1356
290 1359
291 1357
292 1358
293 1358
294 1358
295 1357
296 1356
297 1359
298 1357
299 1356
300 1356
301 1357
302 1358
303 1355
304 1357
305 1354
306 1359
307 1356
308 1355
309 1353
310 1360
311 1359
312 1359
313 1356
314 1357
315 1356
316 1358
317 1357
318 1360
319 1357
320 1359
321 1360
322 1360
323 1357
324 1356
325 1357
326 1357
327 1359
328 1360
329 1358
330 1357
331 1358
332 1358
333 1356
334 1357
335 1356
336 1356
337 1355
338 1353
339 1355
340 1358
341 1359
342 1358
343 1357
344 1356
345 1356
346 1357
347 1356
348 1357
349 1357
350 1357
351 1354
352 1355
353 1358
354 1356
355 1357
356 1358
357 1357
358 1360
359 1356
360 1360
361 1356
362 1358
363 1355
364 1359
365 1356
366 1356
367 1356
368 1353
369 1356
370 1359
371 1357
372 1358
373 1356
374 1357
375 1357
376 1358
377 1358
378 1356
379 1359
380 1355
381 1359
382 1359
383 1359
384 1358
385 1357
386 1357
387 1357
388 1357
389 1359
390 1359
391 1358
392 1357
393 1356
394 1357
395 1358
396 1357
397 1357
398 1354
399 1356
400 1360
401 1357
402 1356
403 1358
404 1356
405 1356
406 1355
407 1358
408 1357
409 1355
410 1356
411 1356
412 1358
413 1356
414 1357
415 1356
416 1355
417 1357
418 1356
419 1353
420 1357
421 1355
422 1357
423 1356
424 1357
425 1355
426 1356
427 1353
428 1354
429 1356
430 1359
431 1358
432 1355
433 1357
434 1356
435 1356
436 1356
437 1356
438 1356
439 1356
440 1355
441 1356
442 1357
443 1357
444 1356
445 1358
446 1355
447 1357
448 1354
449 1358
450 1357
451 1358
452 1356
453 1356
454 1354
455 1357
456 1356
457 1356
458 1359
459 1355
460 1357
461 1360
462 1356
463 1356
464 1356
465 1358
466 1359
467 1359
468 1359
469 1358
470 1357
471 1356
472 1357
473 1359
474 1358
475 1357
476 1359
477 1357
478 1358
479 1356
480 1357
481 1356
482 1355
483 1358
484 1360
485 1359
486 1356
487 1358
488 1356
489 1356
490 1356
491 1357
492 1357
493 1356
494 1354
495 1358
496 1355
497 1357
498 1353
499 1356
500 1361
501 1358
502 1358
503 1357
504 1355
505 1357
506 1359
507 1357
508 1356
509 1355
510 1356
511 1357
512 1354
513 1354
514 1357
515 1355
516 1357
517 1355
518 1355
519 1354
520 1358
521 1356
522 1358
523 1356
524 1356
525 1358
526 1358
527 1355
528 1357
529 1357
530 1360
531 1359
532 1359
533 1359
534 1361
535 1364
536 1365
537 1368
538 1380
539 1393
540 1418
541 1443
542 1474
543 1505
544 1541
545 1586
546 1629
547 1668
548 1709
549 1746
550 1786
551 1814
552 1845
553 1868
554 1895
555 1915
556 1931
557 1937
558 1939
559 1939
560 1941
561 1934
562 1928
563 1916
564 1900
565 1881
566 1861
567 1841
568 1820
569 1797
570 1782
571 1764
572 1746
573 1729
574 1707
575 1682
576 1664
577 1643
578 1622
579 1606
580 1589
581 1573
582 1560
583 1548
584 1541
585 1526
586 1520
587 1510
588 1501
589 1493
590 1483
591 1476
592 1467
593 1462
594 1453
595 1447
596 1444
597 1441
598 1433
599 1428
600 1423
601 1418
602 1414
603 1410
604 1409
605 1402
606 1400
607 1394
608 1393
609 1391
610 1389
611 1386
612 1385
613 1382
614 1381
615 1378
616 1379
617 1376
618 1376
619 1374
620 1377
621 1370
622 1371
623 1371
624 1372
625 1370
626 1370
627 1365
628 1367
629 1364
630 1366
631 1366
632 1366
633 1363
634 1363
635 1361
636 1361
637 1362
638 1363
639 1363
640 1361
641 1359
642 1362
643 1362
644 1361
645 1360
646 1358
647 1361
648 1361
649 1360
650 1360
651 1359
652 1364
653 1358
654 1360
655 1359
656 1357
657 1361
658 1360
659 1360
660 1360
661 1359
662 1361
663 1359
664 1358
665 1359
666 1357
667 1357
668 1358
669 1359
670 1357
671 1358
672 1358
673 1356
674 1359
675 1357
676 1357
677 1356
678 1357
679 1357
680 1361
681 1357
682 1360
683 1357
684 1358
685 1356
686 1359
687 1357
688 1359
689 1357
690 1361
691 1360
692 1358
693 1356
694 1357
695 1356
696 1360
697 1356
698 1358
699 1356
700 1357
701 1355
702 1356
703 1356
704 1356
705 1355
706 1357
707 1355
708 1357
709 1357
710 1357
711 1358
712 1357
713 1356
714 1359
715 1357
716 1359
717 1356
718 1357
719 1356
720 1360
721 1358
722 1356
723 1356
724 1359
725 1355
726 1354
727 1356
728 1357
729 1356
730 1357
731 1353
732 1357
733 1357
734 1358
735 1357
736 1360
737 1355
738 1360
739 1356
740 1358
741 1355
742 1361
743 1355
744 1357
745 1358
746 1359
747 1357
748 1360
749 1359
750 1358
751 1354
752 1356
753 1358
754 1359
755 1356
756 1358
757 1356
758 1358
759 1358
760 1361
761 1356
762 1361
763 1356
764 1358
765 1354
766 1359
767 1358
768 1358
769 1353
770 1359
771 1357
772 1359
773 1356
774 1358
775 1358
776 1358
777 1355
778 1357
779 1356
780 1361
781 1359
782 1357
783 1357
784 1359
785 1357
786 1357
787 1356
788 1356
789 1356
790 1358
791 1356
792 1358
793 1358
794 1358
795 1359
796 1357
797 1356
798 1356
799 1357
800 1357
801 1359
802 1357
803 1357
804 1357
805 1356
806 1356
807 1354
808 1355
809 1357
810 1359
811 1357
812 1358
813 1358
814 1360
815 1357
816 1361
817 1358
818 1357
819 1353
820 1354
821 1356
822 1360
823 1358
824 1356
825 1357
826 1356
827 1358
828 1357
829 1354
830 1356
831 1355
832 1357
833 1356
834 1357
835 1356
836 1357
837 1357
838 1360
839 1356
840 1355
841 1356
842 1358
843 1355
844 1354
845 1357
846 1357
847 1357
848 1357
849 1355
850 1359
851 1356
852 1357
853 1356
854 1357
855 1355
856 1356
857 1356
858 1357
859 1356
860 1358
861 1359
862 1359
863 1355
864 1357
865 1355
866 1357
867 1356
868 1360
869 1356
870 1358
871 1353
872 1356
873 1356
874 1356
875 1356
876 1356
877 1355
878 1354
879 1356
880 1358
881 1357
882 1360
883 1356
884 1356
885 1357
886 1358
887 1357
888 1356
889 1351
890 1354
891 1357
892 1361
893 1357
894 1357
895 1357
896 1358
897 1357
898 1359
899 1357
900 1356
901 1356
902 1356
903 1356
904 1357
905 1357
906 1358
907 1358
908 1357
909 1358
910 1356
911 1356
912 1356
913 1356
914 1357
915 1356
916 1357
917 1356
918 1357
919 1355
920 1355
921 1356
922 1360
923 1358
924 1355
925 1356
926 1356
927 1358
928 1358
929 1354
930 1357
931 1356
932 1361
933 1355
934 1352
935 1355
936 1358
937 1357
938 1354
939 1356
940 1358
941 1359
942 1358
943 1357
944 1354
945 1355
946 1355
947 1356
948 1356
949 1358
950 1358
951 1359
952 1360
953 1358
954 1359
955 1360
956 1357
957 1359
958 1357
959 1357
960 1356
961 1355
962 1356
963 1355
964 1354
965 1354
966 1352
967 1355
968 1354
969 1357
970 1359
971 1359
972 1357
973 1356
974 1355
975 1352
976 1354
977 1355
978 1355
979 1354
980 1356
981 1357
982 1355
983 1353
984 1354
985 1356
986 1358
987 1357
988 1358
989 1361
990 1355
991 1355
992 1354
993 1355
994 1357
995 1356
996 1353
997 1355
998 1357
999 1357
1000 1357
1001 1357
1002 1357
1003 1360
1004 1358
1005 1356
1006 1357
1007 1355
1008 1357
1009 1355
1010 1355
1011 1354
1012 1356
1013 1356
1014 1355
1015 1357
1016 1357
1017 1356
1018 1355
1019 1358
1020 1359
1021 1356
1022 1360
1023 1356
1024 1355
1025 1357
1026 1357
1027 1357
1028 1357
1029 1357
1030 1357
1031 1357
1032 1357
1033 1356
1034 1358
1035 1357
1036 1357
1037 1358
1038 1356
1039 1355
1040 1357
1041 1357
1042 1357
1043 1356
1044 1357
1045 1355
1046 1355
1047 1355
1048 1356
1049 1354
1050 1355
1051 1354
1052 1358
1053 1356
1054 1355
1055 1356
1056 1352
1057 1354
1058 1357
1059 1355
1060 1355
1061 1353
1062 1357
1063 1354
1064 1357
1065 1356
1066 1353
1067 1354
1068 1351
1069 1354
1070 1360
1071 1357
1072 1358
1073 1354
1074 1357
1075 1357
1076 1357
1077 1357
1078 1357
1079 1356
1080 1357
1081 1356
1082 1355
1083 1356
1084 1355
1085 1357
1086 1358
1087 1356
1088 1356
1089 1356
1090 1357
1091 1357
1092 1356
1093 1358
1094 1355
1095 1358
1096 1352
1097 1357
1098 1356
1099 1356
1100 1357
1101 1356
1102 1354
1103 1356
1104 1355
1105 1356
1106 1356
1107 1355
1108 1357
1109 1357
1110 1355
1111 1354
1112 1357
1113 1355
1114 1355
1115 1356
1116 1358
1117 1359
1118 1358
1119 1355
1120 1356
1121 1357
1122 1357
1123 1356
1124 1358
1125 1356
1126 1357
1127 1353
1128 1354
1129 1354
1130 1356
1131 1357
1132 1354
1133 1356
1134 1355
1135 1354
1136 1356
1137 1356
1138 1356
1139 1355
1140 1355
1141 1357
1142 1355
1143 1354
1144 1358
1145 1357
1146 1358
1147 1358
1148 1358
1149 1357
1150 1357
1151 1357
1152 1357
1153 1356
1154 1357
1155 1353
1156 1355
1157 1356
1158 1353
1159 1355
1160 1357
1161 1357
1162 1353
1163 1359
1164 1358
1165 1356
1166 1355
1167 1359
1168 1357
1169 1358
1170 1355
1171 1357
1172 1357
1173 1358
1174 1357
1175 1356
1176 1357
1177 1357
1178 1357
1179 1357
1180 1357
1181 1356
1182 1358
1183 1358
1184 1355
1185 1356
1186 1354
1187 1355
1188 1357
1189 1355
1190 1356
1191 1356
1192 1357
1193 1357
1194 1359
1195 1359
1196 1355
1197 1356
1198 1358
1199 1357
1200 1355
1201 1356
1202 1357
1203 1356
1204 1359
1205 1354
1206 1355
1207 1355
1208 1355
1209 1358
1210 1355
1211 1357
1212 1357
1213 1356
1214 1352
1215 1355
1216 1352
1217 1358
1218 1357
1219 1357
1220 1353
1221 1352
1222 1356
1223 1354
1224 1351
1225 1356
1226 1355
1227 1356
1228 1354
1229 1356
1230 1358
1231 1356
1232 1357
1233 1356
1234 1356
1235 1354
1236 1355
1237 1354
1238 1354
1239 1357
1240 1354
1241 1357
1242 1355
1243 1358
1244 1354
1245 1355
1246 1357
1247 1357
1248 1357
1249 1355
1250 1355
1251 1352
1252 1354
1253 1355
1254 1355
1255 1353
1256 1358
1257 1355
1258 1352
1259 1354
1260 1356
1261 1356
1262 1353
1263 1355
1264 1356
1265 1353
1266 1355
1267 1356
1268 1356
1269 1357
1270 1356
1271 1357
1272 1353
1273 1354
1274 1357
1275 1356
1276 1355
1277 1356
1278 1355
1279 1356
1280 1358
1281 1355
1282 1356
1283 1356
1284 1356
1285 1357
1286 1357
1287 1355
1288 1356
1289 1356
1290 1358
1291 1356
1292 1355
1293 1356
1294 1357
1295 1358
1296 1358
1297 1355
1298 1357
1299 1355
1300 1355
1301 1353
1302 1356
1303 1352
1304 1357
1305 1354
1306 1357
1307 1355
1308 1355
1309 1356
1310 1356
1311 1356
1312 1353
1313 1356
1314 1354
1315 1357
1316 1354
1317 1354
1318 1356
1319 1357
1320 1358
1321 1357
1322 1355
1323 1356
1324 1356
1325 1359
1326 1357
1327 1356
1328 1356
1329 1356
1330 1357
1331 1355
1332 1357
1333 1355
1334 1355
1335 1357
1336 1360
1337 1358
1338 1355
1339 1357
1340 1357
1341 1355
1342 1356
1343 1354
1344 1353
1345 1358
1346 1357
1347 1356
1348 1354
1349 1354
1350 1358
1351 1355
1352 1352
1353 1355
1354 1355
1355 1358
1356 1357
1357 1356
1358 1354
1359 1355
1360 1357
1361 1357
1362 1356
1363 1354
1364 1354
1365 1356
1366 1353
1367 1354
1368 1357
1369 1355
1370 1356
1371 1357
1372 1357
1373 1355
1374 1354
1375 1356
1376 1358
1377 1359
1378 1353
1379 1356
1380 1358
1381 1357
1382 1353
1383 1357
1384 1358
1385 1359
1386 1356
1387 1356
1388 1355
1389 1356
1390 1358
1391 1358
1392 1356
1393 1355
1394 1357
1395 1355
1396 1358
1397 1356
1398 1359
1399 1357
1400 1357
1401 1357
1402 1358
1403 1355
1404 1358
1405 1354
1406 1355
1407 1356
1408 1356
1409 1358
1410 1357
1411 1356
1412 1355
1413 1358
1414 1354
1415 1359
1416 1359
1417 1358
1418 1355
1419 1356
1420 1357
1421 1355
1422 1359
1423 1358
1424 1357
1425 1360
1426 1358
1427 1359
1428 1356
1429 1357
1430 1360
1431 1357
1432 1358
1433 1357
1434 1356
1435 1358
1436 1357
1437 1355
1438 1357
1439 1357
1440 1355
1441 1358
1442 1360
1443 1356
1444 1356
1445 1357
1446 1358
1447 1358
1448 1355
1449 1356
1450 1359
1451 1358
1452 1357
1453 1356
1454 1358
1455 1358
1456 1357
1457 1357
1458 1359
1459 1356
1460 1357
1461 1359
1462 1359
1463 1358
1464 1356
1465 1358
1466 1355
1467 1356
1468 1356
1469 1352
1470 1357
1471 1357
1472 1355
1473 1356
1474 1355
1475 1356
1476 1355
1477 1357
1478 1353
1479 1356
1480 1359
1481 1358
1482 1357
1483 1359
1484 1355
1485 1355
1486 1353
1487 1355
1488 1354
1489 1355
1490 1356
1491 1358
1492 1357
1493 1358
1494 1355
1495 1356
1496 1358
1497 1355
1498 1356
1499 1355
1500 1357
1501 1360
1502 1356
1503 1355
1504 1357
1505 1354
1506 1358
1507 1356
1508 1356
1509 1358
1510 1361
1511 1358
1512 1354
1513 1356
1514 1355
1515 1356
1516 1355
1517 1355
1518 1357
1519 1357
1520 1357
1521 1359
1522 1358
1523 1356
1524 1356
1525 1356
1526 1354
1527 1356
1528 1357
1529 1355
1530 1356
1531 1356
1532 1357
1533 1352
1534 1357
1535 1358
1536 1356
1537 1356
1538 1355
1539 1356
1540 1358
1541 1358
1542 1357
1543 1355
1544 1358
1545 1357
1546 1355
1547 1353
1548 1358
1549 1357
1550 1357
1551 1356
1552 1354
1553 1356
1554 1357
1555 1353
1556 1358
1557 1358
1558 1356
1559 1355
1560 1356
1561 1357
1562 1359
1563 1359
1564 1358
1565 1357
1566 1356
1567 1356
1568 1356
1569 1358
1570 1357
1571 1358
1572 1357
1573 1356
1574 1357
1575 1354
1576 1355
1577 1356
1578 1354
1579 1358
1580 1354
1581 1355
1582 1356
1583 1356
1584 1355
1585 1357
1586 1358
1587 1357
1588 1358
1589 1359
1590 1357
1591 1355
1592 1357
1593 1358
1594 1356
1595 1358
1596 1356
1597 1355
1598 1358
1599 1358
1600 1355
1601 1355
1602 1354
1603 1356
1604 1355
1605 1357
1606 1358
1607 1356
1608 1357
1609 1357
1610 1357
1611 1355
1612 1357
1613 1356
1614 1355
1615 1356
1616 1353
1617 1354
1618 1357
1619 1357
1620 1355
1621 1356
1622 1354
1623 1353
1624 1357
1625 1356
1626 1356
1627 1354
1628 1355
1629 1355
1630 1352
1631 1354
1632 1356
1633 1355
1634 1352
1635 1356
1636 1357
1637 1356
1638 1355
1639 1355
1640 1355
1641 1354
1642 1355
1643 1355
1644 1356
1645 1357
1646 1356
1647 1355
1648 1353
1649 1352
1650 1352
1651 1355
1652 1354
1653 1354
1654 1353
1655 1358
1656 1356
1657 1354
1658 1359
1659 1356
1660 1356
1661 1358
1662 1355
1663 1357
1664 1357
1665 1356
1666 1356
1667 1357
1668 1355
1669 1355
1670 1359
1671 1355
1672 1358
1673 1356
1674 1355
1675 1356
1676 1356
1677 1355
1678 1354
1679 1357
1680 1353
1681 1356
1682 1357
1683 1355
1684 1356
1685 1353
1686 1355
1687 1356
1688 1354
1689 1356
1690 1357
1691 1356
1692 1355
1693 1360
1694 1357
1695 1358
1696 1357
1697 1354
1698 1353
1699 1356
1700 1358
1701 1357
1702 1354
1703 1356
1704 1355
1705 1356
1706 1355
1707 1357
1708 1357
1709 1356
1710 1356
1711 1358
1712 1356
1713 1356
1714 1356
1715 1355
1716 1355
1717 1356
1718 1355
1719 1356
1720 1357
1721 1358
1722 1358
1723 1356
1724 1356
1725 1357
1726 1357
1727 1354
1728 1355
1729 1356
1730 1358
1731 1357
1732 1353
1733 1357
1734 1355
1735 1356
1736 1352
1737 1356
1738 1354
1739 1356
1740 1354
1741 1355
1742 1355
1743 1359
1744 1354
1745 1358
1746 1355
1747 1360
1748 1356
1749 1359
1750 1355
1751 1355
1752 1357
1753 1356
1754 1356
1755 1355
1756 1356
1757 1357
1758 1354
1759 1354
1760 1357
1761 1356
1762 1354
1763 1356
1764 1356
1765 1356
1766 1355
1767 1353
1768 1354
1769 1354
1770 1356
1771 1358
1772 1355
1773 1356
1774 1354
1775 1358
1776 1357
1777 1356
1778 1355
1779 1355
1780 1355
1781 1357
1782 1355
1783 1357
1784 1354
1785 1356
1786 1355
1787 1356
1788 1355
1789 1358
1790 1358
1791 1356
1792 1354
1793 1358
1794 1354
1795 1355
1796 1353
1797 1359
1798 1357
1799 1357
1800 1353
1801 1356
1802 1353
1803 1357
1804 1356
1805 1356
1806 1354
1807 1356
1808 1353
1809 1356
1810 1356
1811 1357
1812 1356
1813 1357
1814 1353
1815 1356
1816 1358
1817 1355
1818 1356
1819 1356
1820 1355
1821 1355
1822 1354
1823 1355
1824 1351
1825 1356
1826 1356
1827 1356
1828 1352
1829 1355
1830 1359
1831 1360
1832 1354
1833 1356
1834 1354
1835 1358
1836 1356
1837 1357
1838 1355
1839 1356
1840 1356
1841 1356
1842 1357
1843 1356
1844 1356
1845 1356
1846 1355
1847 1358
1848 1354
1849 1356
1850 1355
1851 1358
1852 1353
1853 1355
1854 1355
1855 1355
1856 1355
1857 1356
1858 1355
1859 1355
1860 1358
1861 1357
1862 1357
1863 1357
1864 1353
1865 1358
1866 1354
1867 1354
1868 1356
1869 1354
1870 1352
1871 1356
1872 1355
1873 1357
1874 1358
1875 1357
1876 1355
1877 1356
1878 1357
1879 1356
1880 1357
1881 1357
1882 1354
1883 1357
1884 1356
1885 1358
1886 1355
1887 1356
1888 1354
1889 1356
1890 1357
1891 1357
1892 1354
1893 1355
1894 1355
1895 1357
1896 1358
1897 1358
1898 1357
1899 1356
1900 1355
1901 1358
1902 1354
1903 1354
1904 1356
1905 1355
1906 1354
1907 1358
1908 1357
1909 1357
1910 1358
1911 1356
1912 1354
1913 1355
1914 1356
1915 1355
1916 1356
1917 1355
1918 1354
1919 1357
1920 1357
1921 1357
1922 1354
1923 1356
1924 1354
1925 1357
1926 1356
1927 1357
1928 1355
1929 1353
1930 1356
1931 1354
1932 1355
1933 1357
1934 1357
1935 1358
1936 1359
1937 1357
1938 1356
1939 1353
1940 1354
1941 1355
1942 1357
1943 1358
1944 1353
1945 1359
1946 1355
1947 1357
1948 1353
1949 1357
1950 1360
1951 1358
1952 1355
1953 1357
1954 1357
1955 1357
1956 1355
1957 1357
1958 1355
1959 1356
1960 1355
1961 1356
1962 1355
1963 1356
1964 1353
1965 1357
1966 1354
1967 1357
1968 1353
1969 1358
1970 1356
1971 1355
1972 1354
1973 1355
1974 1353
1975 1357
1976 1355
1977 1356
1978 1357
1979 1357
1980 1356
1981 1356
1982 1354
1983 1359
1984 1353
1985 1355
1986 1357
1987 1357
1988 1356
1989 1356
1990 1357
1991 1357
1992 1355
1993 1356
1994 1355
1995 1356
1996 1357
1997 1359
1998 1355
1999 1360
2000 1355
2001 1360
2002 1360
2003 1359
2004 1356
2005 1359
2006 1357
2007 1357
2008 1357
2009 1356
2010 1358
2011 1360
2012 1357
2013 1357
2014 1356
2015 1357
2016 1356
2017 1354
2018 1354
2019 1356
2020 1358
2021 1358
2022 1357
2023 1355
2024 1356
2025 1358
2026 1357
2027 1359
2028 1355
2029 1355
2030 1356
2031 1358
2032 1356
2033 1359
2034 1357
2035 1356
2036 1357
2037 1355
2038 1356
2039 1355
2040 1356
2041 1358
2042 1358
2043 1356
2044 1357
2045 1356
2046 1356
2047 1353
2048 1356
2049 1357
2050 1359
2051 1358
2052 1355
2053 1357
2054 1356
2055 1355
2056 1356
2057 1355
2058 1355
2059 1357
2060 1357
2061 1357
2062 1357
2063 1357
2064 1358
2065 1356
2066 1357
2067 1355
2068 1355
2069 1356
2070 1356
2071 1357
2072 1353
2073 1356
2074 1357
2075 1358
2076 1355
2077 1357
2078 1355
2079 1356
2080 1360
2081 1358
2082 1357
2083 1360
2084 1355
2085 1356
2086 1357
2087 1357
2088 1352
2089 1355
2090 1356
2091 1357
2092 1357
2093 1358
2094 1353
2095 1355
2096 1357
2097 1356
2098 1356
2099 1356
2100 1356
2101 1357
2102 1357
2103 1358
2104 1357
2105 1356
2106 1355
2107 1356
2108 1355
2109 1357
2110 1358
2111 1356
2112 1355
2113 1356
2114 1355
2115 1356
2116 1356
2117 1358
2118 1355
2119 1358
2120 1356
2121 1356
2122 1357
2123 1355
2124 1357
2125 1357
2126 1359
2127 1359
2128 1356
2129 1355
2130 1358
2131 1356
2132 1356
2133 1355
2134 1355
2135 1356
2136 1357
2137 1355
2138 1356
2139 1355
2140 1356
2141 1355
2142 1355
2143 1355
2144 1354
2145 1356
2146 1356
2147 1356
2148 1358
2149 1355
2150 1355
2151 1357
2152 1357
2153 1356
2154 1355
2155 1357
2156 1356
2157 1356
2158 1354
2159 1356
2160 1356
2161 1356
2162 1356
2163 1353
2164 1357
2165 1355
2166 1356
2167 1355
2168 1355
2169 1355
2170 1355
2171 1356
2172 1354
2173 1356
2174 1354
2175 1355
2176 1359
2177 1358
2178 1356
2179 1357
2180 1356
2181 1354
2182 1355
2183 1355
2184 1355
2185 1356
2186 1356
2187 1356
2188 1357
2189 1356
2190 1354
2191 1357
2192 1356
2193 1357
2194 1357
2195 1356
2196 1355
2197 1356
2198 1356
2199 1359
2200 1356
2201 1355
2202 1357
2203 1356
2204 1358
2205 1354
2206 1357
2207 1354
2208 1356
2209 1355
2210 1359
2211 1358
2212 1354
2213 1352
2214 1356
2215 1356
2216 1355
2217 1356
2218 1358
2219 1358
2220 1357
2221 1355
2222 1355
2223 1356
2224 1357
2225 1357
2226 1358
2227 1357
2228 1358
2229 1356
2230 1356
2231 1358
2232 1355
2233 1358
2234 1357
2235 1355
2236 1356
2237 1355
2238 1355
2239 1357
2240 1359
2241 1360
2242 1355
2243 1356
2244 1357
2245 1358
2246 1355
2247 1357
2248 1354
2249 1355
2250 1355
2251 1358
2252 1355
2253 1356
2254 1356
2255 1356
2256 1357
2257 1356
2258 1356
2259 1357
2260 1356
2261 1356
2262 1355
2263 1357
2264 1356
2265 1356
2266 1356
2267 1357
2268 1355
2269 1355
2270 1357
2271 1356
2272 1356
2273 1357
2274 1359
2275 1356
2276 1354
2277 1355
2278 1354
2279 1356
2280 1357
2281 1357
2282 1355
2283 1356
2284 1356
2285 1359
2286 1355
2287 1355
2288 1356
2289 1357
2290 1356
2291 1358
2292 1357
2293 1357
2294 1355
2295 1357
2296 1355
2297 1356
2298 1355
2299 1358
2300 1358
2301 1360
2302 1354
2303 1355
2304 1354
2305 1358
2306 1356
2307 1359
2308 1356
2309 1357
2310 1354
2311 1357
2312 1356
2313 1355
2314 1356
2315 1359
2316 1357
2317 1356
2318 1355
2319 1356
2320 1356
2321 1355
2322 1356
2323 1357
2324 1355
2325 1356
2326 1356
2327 1356
2328 1355
2329 1358
2330 1359
2331 1357
2332 1354
2333 1357
2334 1356
2335 1359
2336 1357
2337 1358
2338 1357
2339 1357
2340 1355
2341 1356
2342 1356
2343 1358
2344 1358
2345 1356
2346 1359
2347 1354
2348 1357
2349 1355
2350 1352
2351 1357
2352 1357
2353 1355
2354 1356
2355 1353
2356 1356
2357 1356
2358 1355
2359 1357
2360 1358
2361 1358
2362 1356
2363 1356
2364 1357
2365 1357
2366 1355
2367 1357
2368 1354
2369 1356
2370 1356
2371 1357
2372 1359
2373 1353
2374 1356
2375 1357
2376 1356
2377 1358
2378 1356
2379 1357
2380 1353
2381 1356
2382 1358
2383 1358
2384 1357
2385 1358
2386 1354
2387 1355
2388 1356
2389 1356
2390 1357
2391 1357
2392 1358
2393 1356
2394 1357
2395 1355
2396 1355
2397 1355
2398 1352
2399 1354
2400 1355
2401 1355
2402 1356
2403 1356
2404 1356
2405 1354
2406 1357
2407 1356
2408 1355
2409 1356
2410 1355
2411 1356
2412 1356
2413 1355
2414 1355
2415 1356
2416 1353
2417 1356
2418 1357
2419 1358
2420 1354
2421 1356
2422 1358
2423 1358
2424 1356
2425 1358
2426 1357
2427 1357
2428 1356
2429 1357
2430 1358
2431 1359
2432 1353
2433 1357
2434 1353
2435 1355
2436 1352
2437 1356
2438 1355
2439 1356
2440 1357
2441 1356
2442 1357
2443 1356
2444 1355
2445 1357
2446 1357
2447 1357
2448 1355
2449 1356
2450 1356
2451 1356
2452 1356
2453 1358
2454 1357
2455 1356
2456 1355
2457 1356
2458 1357
2459 1358
2460 1359
2461 1358
2462 1356
2463 1357
2464 1354
2465 1357
2466 1356
2467 1355
2468 1358
2469 1355
2470 1357
2471 1356
2472 1355
2473 1357
2474 1355
2475 1358
2476 1356
2477 1357
2478 1357
2479 1355
2480 1357
2481 1357
2482 1357
2483 1358
2484 1356
2485 1356
2486 1353
2487 1358
2488 1355
2489 1357
2490 1358
2491 1357
2492 1357
2493 1358
2494 1357
2495 1358
2496 1355
2497 1355
2498 1358
2499 1356
2500 1355
2501 1355
2502 1355
2503 1357
2504 1356
2505 1355
2506 1357
2507 1356
2508 1356
2509 1356
2510 1355
2511 1355
2512 1357
2513 1357
2514 1355
2515 1357
2516 1358
2517 1357
2518 1355
2519 1357
2520 1359
2521 1360
2522 1356
2523 1355
2524 1355
2525 1355
2526 1354
2527 1358
2528 1357
2529 1355
2530 1359
2531 1358
2532 1357
2533 1356
2534 1354
2535 1354
2536 1357
2537 1358
2538 1358
2539 1358
2540 1357
2541 1359
2542 1356
2543 1355
2544 1355
2545 1356
2546 1357
2547 1357
2548 1357
2549 1357
2550 1358
2551 1358
2552 1354
2553 1357
2554 1357
2555 1358
2556 1357
2557 1354
2558 1357
2559 1355
2560 1359
2561 1356
2562 1357
2563 1357
2564 1359
2565 1358
2566 1354
2567 1358
2568 1357
2569 1356
2570 1358
2571 1357
2572 1358
2573 1354
2574 1357
2575 1354
2576 1358
2577 1356
2578 1359
2579 1357
2580 1356
2581 1355
2582 1358
2583 1357
2584 1357
2585 1355
2586 1356
2587 1356
2588 1356
2589 1358
2590 1360
2591 1357
2592 1357
2593 1357
2594 1355
2595 1356
2596 1357
2597 1357
2598 1355
2599 1361
2600 1354
2601 1356
2602 1356
2603 1355
2604 1357
2605 1360
2606 1358
2607 1358
2608 1357
2609 1359
2610 1355
2611 1356
2612 1357
2613 1356
2614 1357
2615 1353
2616 1357
2617 1354
2618 1357
2619 1355
2620 1358
2621 1356
2622 1357
2623 1357
2624 1356
2625 1356
2626 1357
2627 1356
2628 1356
2629 1355
2630 1356
2631 1355
2632 1359
2633 1358
2634 1357
2635 1358
2636 1357
2637 1358
2638 1356
2639 1357
2640 1357
2641 1356
2642 1356
2643 1357
2644 1356
2645 1357
2646 1357
2647 1356
2648 1358
2649 1358
2650 1357
2651 1357
2652 1358
2653 1357
2654 1357
2655 1357
2656 1357
2657 1358
2658 1359
2659 1356
2660 1355
2661 1356
2662 1353
2663 1358
2664 1358
2665 1358
2666 1359
2667 1356
2668 1357
2669 1359
2670 1357
2671 1357
2672 1359
2673 1359
2674 1359
2675 1356
2676 1355
2677 1355
2678 1356
2679 1356
2680 1359
2681 1357
2682 1357
2683 1357
2684 1354
2685 1356
2686 1357
2687 1356
2688 1354
2689 1356
2690 1356
2691 1360
2692 1358
2693 1358
2694 1356
2695 1355
2696 1358
2697 1358
2698 1357
2699 1356
2700 1355
2701 1357
2702 1359
2703 1358
2704 1356
2705 1360
2706 1357
2707 1354
2708 1355
2709 1358
2710 1357
2711 1356
2712 1356
2713 1360
2714 1354
2715 1357
2716 1358
2717 1356
2718 1353
2719 1356
2720 1356
2721 1359
2722 1356
2723 1355
2724 1355
2725 1356
2726 1355
2727 1357
2728 1356
2729 1358
2730 1357
2731 1356
2732 1353
2733 1356
2734 1357
2735 1357
2736 1358
2737 1356
2738 1356
2739 1357
2740 1356
2741 1356
2742 1355
2743 1356
2744 1354
2745 1359
2746 1353
2747 1356
2748 1357
2749 1356
2750 1355
2751 1354
2752 1356
2753 1356
2754 1357
2755 1360
2756 1356
2757 1356
2758 1356
2759 1356
2760 1356
2761 1355
2762 1356
2763 1358
2764 1358
2765 1356
2766 1358
2767 1356
2768 1356
2769 1355
2770 1355
2771 1357
2772 1356
2773 1356
2774 1356
2775 1354
2776 1355
2777 1354
2778 1355
2779 1356
2780 1357
2781 1359
2782 1356
2783 1358
2784 1353
2785 1358
2786 1357
2787 1357
2788 1357
2789 1357
2790 1358
2791 1357
2792 1358
2793 1356
2794 1356
2795 1358
2796 1358
2797 1357
2798 1357
2799 1358
2800 1354
2801 1355
2802 1355
2803 1356
2804 1356
2805 1355
2806 1357
2807 1358
2808 1356
2809 1353
2810 1358
2811 1359
2812 1356
2813 1355
2814 1357
2815 1355
2816 1357
2817 1354
2818 1359
2819 1355
2820 1355
2821 1354
2822 1359
2823 1356
2824 1358
2825 1356
2826 1358
2827 1356
2828 1356
2829 1356
2830 1357
2831 1357
2832 1356
2833 1356
2834 1359
2835 1355
2836 1357
2837 1356
2838 1357
2839 1354
2840 1357
2841 1356
2842 1355
2843 1353
2844 1357
2845 1354
2846 1357
2847 1355
2848 1357
2849 1355
2850 1357
2851 1356
2852 1358
2853 1358
2854 1359
2855 1357
2856 1359
2857 1356
2858 1358
2859 1356
2860 1357
2861 1354
2862 1356
2863 1355
2864 1359
2865 1356
2866 1356
2867 1354
2868 1356
2869 1356
2870 1358
2871 1356
2872 1355
2873 1355
2874 1358
2875 1355
2876 1357
2877 1356
2878 1353
2879 1355
2880 1356
2881 1356
2882 1360
2883 1356
2884 1354
2885 1358
2886 1357
2887 1358
2888 1356
2889 1355
2890 1356
2891 1358
2892 1357
2893 1356
2894 1355
2895 1355
2896 1355
2897 1356
2898 1355
2899 1357
2900 1356
2901 1357
2902 1354
2903 1355
2904 1357
2905 1355
2906 1356
2907 1356
2908 1356
2909 1358
2910 1358
2911 1358
2912 1358
2913 1356
2914 1357
2915 1355
2916 1357
2917 1357
2918 1357
2919 1356
2920 1357
2921 1357
2922 1357
2923 1356
2924 1357
2925 1355
2926 1355
2927 1355
2928 1358
2929 1357
2930 1356
2931 1357
2932 1358
2933 1357
2934 1360
2935 1353
2936 1357
2937 1355
2938 1358
2939 1354
2940 1357
2941 1355
2942 1355
2943 1355
2944 1358
2945 1359
2946 1357
2947 1357
2948 1355
2949 1357
2950 1358
2951 1357
2952 1357
2953 1356
2954 1356
2955 1356
2956 1357
2957 1357
2958 1357
2959 1356
2960 1353
2961 1358
2962 1356
2963 1356
2964 1355
2965 1355
2966 1356
2967 1354
2968 1357
2969 1356
2970 1360
2971 1358
2972 1357
2973 1356
2974 1354
2975 1356
2976 1357
2977 1355
2978 1356
2979 1355
2980 1356
2981 1353
2982 1357
2983 1356
2984 1356
2985 1356
2986 1356
2987 1356
2988 1357
2989 1356
2990 1357
2991 1354
2992 1357
2993 1353
2994 1357
2995 1356
2996 1357
2997 1354
2998 1354
2999 1352
3000 1358
3001 1355
3002 1357
3003 1356
3004 1357
3005 1354
3006 1357
3007 1358
3008 1357
3009 1356
3010 1354
3011 1355
3012 1358
3013 1354
3014 1356
3015 1359
3016 1357
3017 1356
3018 1357
3019 1354
3020 1355
3021 1353
3022 1356
3023 1356
3024 1356
3025 1355
3026 1355
3027 1352
3028 1353
3029 1355
3030 1359
3031 1356
3032 1356
3033 1356
3034 1356
3035 1356
3036 1357
3037 1355
3038 1356
3039 1356
3040 1355
3041 1356
3042 1356
3043 1355
3044 1357
3045 1355
3046 1353
3047 1355
3048 1356
3049 1356
3050 1356
3051 1356
3052 1355
3053 1355
3054 1354
3055 1353
3056 1352
3057 1358
3058 1355
3059 1354
3060 1355
3061 1356
3062 1356
3063 1355
3064 1356
3065 1355
3066 1358
3067 1358
3068 1358
3069 1356
3070 1356
3071 1356
3072 1356
3073 1354
3074 1354
3075 1358
3076 1356
3077 1356
3078 1355
3079 1355
3080 1357
3081 1358
3082 1356
3083 1358
3084 1358
3085 1357
3086 1358
3087 1355
3088 1357
3089 1355
3090 1359
3091 1356
3092 1357
3093 1356
3094 1355
3095 1357
3096 1356
3097 1358
3098 1356
3099 1357
3100 1358
3101 1356
3102 1357
3103 1357
3104 1357
3105 1357
3106 1356
3107 1355
3108 1357
3109 1356
3110 1359
3111 1356
3112 1357
3113 1357
3114 1357
3115 1358
3116 1354
3117 1358
3118 1356
3119 1358
3120 1359
3121 1355
3122 1357
3123 1355
3124 1357
3125 1356
3126 1357
3127 1356
3128 1356
3129 1357
3130 1358
3131 1358
3132 1357
3133 1356
3134 1359
3135 1358
3136 1357
3137 1357
3138 1359
3139 1356
3140 1356
3141 1356
3142 1353
3143 1358
3144 1357
3145 1356
3146 1357
3147 1356
3148 1354
3149 1357
3150 1360
3151 1360
3152 1359
3153 1358
3154 1357
3155 1357
3156 1356
3157 1356
3158 1357
3159 1355
3160 1359
3161 1359
3162 1358
3163 1357
3164 1356
3165 1356
3166 1358
3167 1359
3168 1358
3169 1360
3170 1357
3171 1356
3172 1355
3173 1356
3174 1353
3175 1356
3176 1357
3177 1355
3178 1355
3179 1356
3180 1357
3181 1358
3182 1358
3183 1355
3184 1357
3185 1358
3186 1354
3187 1356
3188 1355
3189 1356
3190 1358
3191 1355
3192 1353
3193 1355
3194 1357
3195 1358
3196 1356
3197 1358
3198 1357
3199 1357
3200 1355
3201 1356
3202 1357
3203 1356
3204 1357
3205 1356
3206 1355
3207 1358
3208 1356
3209 1357
3210 1356
3211 1356
3212 1358
3213 1357
3214 1355
3215 1359
3216 1356
3217 1356
3218 1355
3219 1357
3220 1357
3221 1357
3222 1356
3223 1358
3224 1358
3225 1356
3226 1357
3227 1356
3228 1358
3229 1356
3230 1357
3231 1356
3232 1356
3233 1356
3234 1359
3235 1357
3236 1358
3237 1356
3238 1357
3239 1356
3240 1354
3241 1355
3242 1357
3243 1358
3244 1358
3245 1357
3246 1359
3247 1356
3248 1355
3249 1357
3250 1357
3251 1359
3252 1356
3253 1358
3254 1355
3255 1357
3256 1354
3257 1354
3258 1355
3259 1356
3260 1356
3261 1356
3262 1357
3263 1356
3264 1355
3265 1356
3266 1359
3267 1355
3268 1357
3269 1355
3270 1358
3271 1357
3272 1357
3273 1357
3274 1357
3275 1357
3276 1355
3277 1356
3278 1355
3279 1356
3280 1358
3281 1359
3282 1356
3283 1358
3284 1356
3285 1357
3286 1357
3287 1355
3288 1357
3289 1356
3290 1357
3291 1359
3292 1356
3293 1357
3294 1355
3295 1359
3296 1357
3297 1357
3298 1356
3299 1357
3300 1353
3301 1358
3302 1355
3303 1356
3304 1356
3305 1357
3306 1356
3307 1359
3308 1356
3309 1358
3310 1358
3311 1359
3312 1359
3313 1358
3314 1357
3315 1356
3316 1355
3317 1359
3318 1357
3319 1355
3320 1359
3321 1356
3322 1355
3323 1356
3324 1356
3325 1360
3326 1354
3327 1356
3328 1356
3329 1357
3330 1355
3331 1357
3332 1357
3333 1357
3334 1354
3335 1356
3336 1357
3337 1356
3338 1357
3339 1356
3340 1356
3341 1357
3342 1358
3343 1358
3344 1358
3345 1356
3346 1356
3347 1357
3348 1357
3349 1357
3350 1360
3351 1357
3352 1357
3353 1355
3354 1355
3355 1357
3356 1357
3357 1354
3358 1356
3359 1355
3360 1357
3361 1354
3362 1359
3363 1357
3364 1356
3365 1358
3366 1354
3367 1357
3368 1359
3369 1360
3370 1359
3371 1356
3372 1357
3373 1356
3374 1358
3375 1358
3376 1356
3377 1356
3378 1353
3379 1352
3380 1358
3381 1359
3382 1359
3383 1359
3384 1356
3385 1357
3386 1354
3387 1356
3388 1355
3389 1356
3390 1357
3391 1356
3392 1357
3393 1352
3394 1358
3395 1355
3396 1353
3397 1355
3398 1359
3399 1355
3400 1358
3401 1355
3402 1355
3403 1357
3404 1357
3405 1357
3406 1358
3407 1358
3408 1359
3409 1357
3410 1362
3411 1357
3412 1357
3413 1357
3414 1355
3415 1355
3416 1355
3417 1358
3418 1358
3419 1358
3420 1357
3421 1357
3422 1357
3423 1356
3424 1354
3425 1357
3426 1357
3427 1357
3428 1355
3429 1357
3430 1355
3431 1358
3432 1358
3433 1359
3434 1356
3435 1357
3436 1357
3437 1358
3438 1355
3439 1356
3440 1363
3441 1356
3442 1356
3443 1356
3444 1356
3445 1355
3446 1354
3447 1354
3448 1357
3449 1356
3450 1355
3451 1355
3452 1357
3453 1353
3454 1357
3455 1356
3456 1356
3457 1357
3458 1357
3459 1356
3460 1358
3461 1356
3462 1357
3463 1359
3464 1359
3465 1356
3466 1356
3467 1355
3468 1353
3469 1356
3470 1359
3471 1355
3472 1355
3473 1357
3474 1356
3475 1359
3476 1356
3477 1357
3478 1356
3479 1355
3480 1357
3481 1357
3482 1359
3483 1356
3484 1357
3485 1356
3486 1357
3487 1356
3488 1356
3489 1357
3490 1359
3491 1359
3492 1356
3493 1356
3494 1359
3495 1358
3496 1357
3497 1358
3498 1358
3499 1356
3500 1356
3501 1357
3502 1355
3503 1355
3504 1355
3505 1356
3506 1355
3507 1356
3508 1356
3509 1357
3510 1354
3511 1359
3512 1359
3513 1357
3514 1355
3515 1357
3516 1357
3517 1358
3518 1354
3519 1354
3520 1353
3521 1355
3522 1357
3523 1356
3524 1355
3525 1356
3526 1356
3527 1355
3528 1357
3529 1357
3530 1359
3531 1356
3532 1356
3533 1355
3534 1356
3535 1359
3536 1358
3537 1354
3538 1355
3539 1356
3540 1357
3541 1358
3542 1356
3543 1355
3544 1353
3545 1356
3546 1355
3547 1357
3548 1357
3549 1356
3550 1355
3551 1357
3552 1357
3553 1355
3554 1357
3555 1358
3556 1357
3557 1356
3558 1358
3559 1356
3560 1356
3561 1354
3562 1357
3563 1356
3564 1357
3565 1356
3566 1354
3567 1357
3568 1355
3569 1354
3570 1359
3571 1354
3572 1354
3573 1354
3574 1356
3575 1353
3576 1357
3577 1356
3578 1357
3579 1356
3580 1354
3581 1357
3582 1356
3583 1357
3584 1358
3585 1359
3586 1357
3587 1357
3588 1353
3589 1358
3590 1358
3591 1358
3592 1358
3593 1356
3594 1358
3595 1358
3596 1357
3597 1359
3598 1358
3599 1358
3600 1357
3601 1359
3602 1353
3603 1358
3604 1357
3605 1358
3606 1357
3607 1356
3608 1359
3609 1356
3610 1358
3611 1357
3612 1356
3613 1356
3614 1356
3615 1358
3616 1355
3617 1358
3618 1356
3619 1356
3620 1357
3621 1356
3622 1356
3623 1359
3624 1356
3625 1357
3626 1357
3627 1354
3628 1354
3629 1354
3630 1356
3631 1355
3632 1355
3633 1356
3634 1354
3635 1354
3636 1353
3637 1356
3638 1357
3639 1358
3640 1357
3641 1359
3642 1357
3643 1357
3644 1357
3645 1357
3646 1356
3647 1358
3648 1354
3649 1357
3650 1357
3651 1357
3652 1359
3653 1357
3654 1355
3655 1358
3656 1357
3657 1356
3658 1355
3659 1355
3660 1359
3661 1361
3662 1355
3663 1355
3664 1351
3665 1357
3666 1357
3667 1356
3668 1358
3669 1356
3670 1357
3671 1359
3672 1357
3673 1356
3674 1357
3675 1356
3676 1356
3677 1356
3678 1354
3679 1356
3680 1357
3681 1358
3682 1355
3683 1357
3684 1355
3685 1355
3686 1359
3687 1357
3688 1359
3689 1356
3690 1357
3691 1358
3692 1354
3693 1356
3694 1354
3695 1354
3696 1355
3697 1358
3698 1358
3699 1360
3700 1356
3701 1356
3702 1358
3703 1357
3704 1359
3705 1358
3706 1356
3707 1356
3708 1354
3709 1357
3710 1357
3711 1357
3712 1358
3713 1357
3714 1357
3715 1356
3716 1361
3717 1355
3718 1358
3719 1358
3720 1357
3721 1356
3722 1357
3723 1355
3724 1354
3725 1357
3726 1357
3727 1356
3728 1354
3729 1354
3730 1358
3731 1358
3732 1358
3733 1356
3734 1356
3735 1355
3736 1357
3737 1354
3738 1357
3739 1356
3740 1357
3741 1356
3742 1356
3743 1355
3744 1357
3745 1355
3746 1358
3747 1355
3748 1357
3749 1356
3750 1355
3751 1354
3752 1354
3753 1356
3754 1357
3755 1354
3756 1356
3757 1356
3758 1356
3759 1354
3760 1355
3761 1357
3762 1358
3763 1355
3764 1358
3765 1357
3766 1356
3767 1355
3768 1357
3769 1355
3770 1358
3771 1356
3772 1357
3773 1356
3774 1358
3775 1356
3776 1359
3777 1357
3778 1356
3779 1355
3780 1358
3781 1355
3782 1355
3783 1355
3784 1356
3785 1355
3786 1358
3787 1358
3788 1354
3789 1352
3790 1358
3791 1354
3792 1357
3793 1355
3794 1357
3795 1357
3796 1357
3797 1356
3798 1356
3799 1355
3800 1357
3801 1355
3802 1358
3803 1355
3804 1357
3805 1356
3806 1354
3807 1359
3808 1358
3809 1359
3810 1358
3811 1356
3812 1356
3813 1356
3814 1357
3815 1355
3816 1358
3817 1357
3818 1355
3819 1357
3820 1355
3821 1355
3822 1353
3823 1358
3824 1357
3825 1355
3826 1357
3827 1356
3828 1356
3829 1357
3830 1357
3831 1356
3832 1357
3833 1358
3834 1356
3835 1358
3836 1357
3837 1358
3838 1357
3839 1355
3840 1355
3841 1358
3842 1357
3843 1355
3844 1357
3845 1354
3846 1355
3847 1357
3848 1353
3849 1357
3850 1357
3851 1356
3852 1353
3853 1355
3854 1354
3855 1356
3856 1357
3857 1355
3858 1353
3859 1356
3860 1357
3861 1355
3862 1359
3863 1359
3864 1358
3865 1358
3866 1359
3867 1356
3868 1356
3869 1357
3870 1357
3871 1356
3872 1357
3873 1359
3874 1359
3875 1356
3876 1353
3877 1354
3878 1357
3879 1357
3880 1357
3881 1355
3882 1353
3883 1357
3884 1355
3885 1354
3886 1354
3887 1357
3888 1360
3889 1356
3890 1354
3891 1356
3892 1357
3893 1358
3894 1355
3895 1357
3896 1356
3897 1358
3898 1355
3899 1360
3900 1353
3901 1357
3902 1354
3903 1357
3904 1359
3905 1356
3906 1356
3907 1357
3908 1355
3909 1354
3910 1354
3911 1355
3912 1354
3913 1354
3914 1353
3915 1356
3916 1357
3917 1358
3918 1358
3919 1358
3920 1360
3921 1357
3922 1357
3923 1358
3924 1356
3925 1358
3926 1357
3927 1357
3928 1360
3929 1359
3930 1354
3931 1356
3932 1355
3933 1357
3934 1359
3935 1356
3936 1357
3937 1360
3938 1354
3939 1355
3940 1354
3941 1358
3942 1357
3943 1356
3944 1359
3945 1357
3946 1356
3947 1357
3948 1355
3949 1356
3950 1356
3951 1358
3952 1354
3953 1357
3954 1355
3955 1358
3956 1357
3957 1357
3958 1357
3959 1357
3960 1353
3961 1359
3962 1356
3963 1357
3964 1356
3965 1356
3966 1358
3967 1357
3968 1358
3969 1357
3970 1356
3971 1356
3972 1353
3973 1357
3974 1357
3975 1355
3976 1358
3977 1357
3978 1355
3979 1359
3980 1357
3981 1356
3982 1355
3983 1356
3984 1353
3985 1356
3986 1356
3987 1358
3988 1357
3989 1355
3990 1353
3991 1358
3992 1356
3993 1356
3994 1355
3995 1356
3996 1357
3997 1357
3998 1353
3999 1356
