0 1355
1 1358
2 1355
3 1356
4 1355
5 1354
6 1355
7 1355
8 1356
9 1354
10 1357
11 1355
12 1357
13 1357
14 1355
15 1357
16 1355
17 1355
18 1357
19 1355
20 1356
21 1356
22 1359
23 1355
24 1356
25 1356
26 1357
27 1353
28 1353
29 1351
30 1354
31 1355
32 1355
33 1354
34 1355
35 1353
36 1354
37 1352
38 1353
39 1355
40 1357
41 1355
42 1356
43 1356
44 1358
45 1354
46 1355
47 1354
48 1352
49 1354
50 1355
51 1355
52 1355
53 1354
54 1351
55 1355
56 1352
57 1355
58 1353
59 1355
60 1356
61 1354
62 1356
63 1359
64 1356
65 1358
66 1355
67 1357
68 1355
69 1358
70 1358
71 1358
72 1357
73 1356
74 1356
75 1355
76 1354
77 1359
78 1355
79 1356
80 1355
81 1353
82 1354
83 1353
84 1355
85 1356
86 1355
87 1356
88 1354
89 1355
90 1357
91 1353
92 1354
93 1356
94 1356
95 1356
96 1357
97 1356
98 1355
99 1356
100 1355
101 1356
102 1357
103 1353
104 1352
105 1355
106 1357
107 1353
108 1352
109 1356
110 1357
111 1354
112 1356
113 1351
114 1355
115 1358
116 1356
117 1356
118 1355
119 1354
120 1357
121 1354
122 1355
123 1356
124 1353
125 1355
126 1354
127 1356
128 1356
129 1358
130 1355
131 1357
132 1355
133 1357
134 1356
135 1357
136 1355
137 1357
138 1354
139 1355
140 1356
141 1356
142 1357
143 1358
144 1353
145 1356
146 1355
147 1355
148 1358
149 1356
150 1354
151 1356
152 1355
153 1355
154 1355
155 1355
156 1357
157 1356
158 1355
159 1357
160 1355
161 1356
162 1357
163 1353
164 1354
165 1355
166 1358
167 1353
168 1355
169 1355
170 1357
171 1356
172 1357
173 1354
174 1354
175 1355
176 1355
177 1356
178 1354
179 1356
180 1357
181 1359
182 1356
183 1356
184 1356
185 1355
186 1358
187 1356
188 1355
189 1355
190 1356
191 1358
192 1356
193 1356
194 1355
195 1353
196 1354
197 1356
198 1355
199 1358
200 1359
201 1356
202 1355
203 1357
204 1355
205 1356
206 1355
207 1356
208 1355
209 1352
210 1355
211 1356
212 1355
213 1358
214 1357
215 1354
216 1356
217 1357
218 1357
219 1357
220 1357
221 1351
222 1353
223 1357
224 1357
225 1355
226 1357
227 1355
228 1355
229 1356
230 1357
231 1355
232 1355
233 1355
234 1354
235 1356
236 1354
237 1356
238 1353
239 1355
240 1355
241 1357
242 1355
243 1355
244 1355
245 1356
246 1355
247 1358
248 1356
249 1357
250 1354
251 1356
252 1355
253 1359
254 1352
255 1354
256 1356
257 1360
258 1355
259 1356
260 1355
261 1355
262 1354
263 1354
264 1357
265 1356
266 1355
267 1356
268 1352
269 1351
270 1353
271 1358
272 1357
273 1356
274 1356
275 1356
276 1357
277 1354
278 1356
279 1355
280 1357
281 1356
282 1355
283 1351
284 1355
285 1356
286 1356
287 1356
288 1355
289 1357
290 1354
291 1358
292 1355
293 1356
294 1353
295 1354
296 1353
297 1355
298 1355
299 1354
300 1356
301 1353
302 1354
303 1355
304 1355
305 1357
306 1355
307 1354
308 1354
309 1352
310 1355
311 1355
312 1358
313 1356
314 1357
315 1356
316 1357
317 1356
318 1357
319 1355
320 1358
321 1358
322 1355
323 1356
324 1357
325 1357
326 1354
327 1354
328 1355
329 1355
330 1357
331 1355
332 1355
333 1353
334 1356
335 1355
336 1356
337 1356
338 1356
339 1356
340 1354
341 1358
342 1357
343 1354
344 1355
345 1355
346 1356
347 1359
348 1356
349 1355
350 1353
351 1357
352 1358
353 1356
354 1357
355 1352
356 1355
357 1355
358 1356
359 1356
360 1354
361 1354
362 1357
363 1356
364 1358
365 1355
366 1356
367 1354
368 1353
369 1356
370 1356
371 1355
372 1356
373 1355
374 1357
375 1355
376 1353
377 1356
378 1357
379 1355
380 1355
381 1353
382 1356
383 1356
384 1354
385 1356
386 1357
387 1353
388 1356
389 1359
390 1355
391 1358
392 1356
393 1356
394 1354
395 1354
396 1356
397 1357
398 1355
399 1356
400 1355
401 1355
402 1355
403 1357
404 1357
405 1356
406 1354
407 1354
408 1353
409 1356
410 1359
411 1358
412 1357
413 1357
414 1358
415 1356
416 1354
417 1353
418 1356
419 1354
420 1356
421 1355
422 1356
423 1354
424 1355
425 1354
426 1356
427 1354
428 1354
429 1353
430 1356
431 1356
432 1354
433 1355
434 1356
435 1356
436 1359
437 1356
438 1354
439 1355
440 1356
441 1354
442 1357
443 1353
444 1354
445 1355
446 1354
447 1355
448 1357
449 1353
450 1355
451 1356
452 1354
453 1357
454 1354
455 1357
456 1356
457 1353
458 1357
459 1355
460 1355
461 1353
462 1353
463 1356
464 1355
465 1354
466 1355
467 1354
468 1355
469 1353
470 1355
471 1356
472 1356
473 1354
474 1356
475 1353
476 1354
477 1354
478 1354
479 1357
480 1354
481 1354
482 1353
483 1355
484 1353
485 1353
486 1352
487 1355
488 1355
489 1357
490 1355
491 1356
492 1355
493 1355
494 1354
495 1357
496 1354
497 1352
498 1356
499 1354
500 1356
501 1355
502 1351
503 1353
504 1354
505 1355
506 1356
507 1352
508 1354
509 1354
510 1355
511 1354
512 1352
513 1355
514 1357
515 1357
516 1354
517 1355
518 1354
519 1356
520 1357
521 1355
522 1353
523 1356
524 1356
525 1357
526 1357
527 1356
528 1354
529 1356
530 1354
531 1356
532 1357
533 1355
534 1355
535 1358
536 1361
537 1362
538 1368
539 1376
540 1392
541 1406
542 1428
543 1457
544 1490
545 1525
546 1562
547 1602
548 1645
549 1684
550 1726
551 1764
552 1798
553 1834
554 1858
555 1880
556 1898
557 1910
558 1916
559 1925
560 1925
561 1927
562 1922
563 1917
564 1905
565 1892
566 1875
567 1856
568 1837
569 1815
570 1797
571 1774
572 1755
573 1734
574 1715
575 1701
576 1681
577 1663
578 1646
579 1633
580 1617
581 1596
582 1580
583 1566
584 1551
585 1540
586 1524
587 1515
588 1509
589 1501
590 1492
591 1484
592 1472
593 1468
594 1459
595 1453
596 1448
597 1442
598 1433
599 1426
600 1422
601 1416
602 1414
603 1409
604 1408
605 1405
606 1402
607 1398
608 1397
609 1392
610 1394
611 1386
612 1387
613 1383
614 1383
615 1379
616 1377
617 1376
618 1374
619 1372
620 1371
621 1370
622 1367
623 1368
624 1366
625 1366
626 1370
627 1365
628 1365
629 1365
630 1364
631 1364
632 1363
633 1364
634 1362
635 1363
636 1359
637 1362
638 1359
639 1361
640 1360
641 1361
642 1360
643 1362
644 1358
645 1361
646 1360
647 1359
648 1357
649 1358
650 1358
651 1360
652 1361
653 1359
654 1357
655 1359
656 1358
657 1359
658 1358
659 1357
660 1353
661 1355
662 1358
663 1356
664 1356
665 1355
666 1354
667 1354
668 1353
669 1355
670 1357
671 1359
672 1358
673 1356
674 1356
675 1359
676 1357
677 1357
678 1357
679 1362
680 1358
681 1356
682 1357
683 1356
684 1358
685 1360
686 1357
687 1358
688 1355
689 1356
690 1357
691 1356
692 1357
693 1356
694 1353
695 1354
696 1355
697 1354
698 1354
699 1355
700 1355
701 1358
702 1357
703 1359
704 1357
705 1359
706 1355
707 1355
708 1354
709 1357
710 1358
711 1356
712 1355
713 1356
714 1356
715 1355
716 1355
717 1354
718 1358
719 1354
720 1356
721 1354
722 1355
723 1357
724 1356
725 1357
726 1354
727 1356
728 1353
729 1356
730 1353
731 1357
732 1354
733 1358
734 1355
735 1357
736 1356
737 1354
738 1351
739 1358
740 1355
741 1354
742 1353
743 1358
744 1356
745 1356
746 1357
747 1355
748 1356
749 1356
750 1357
751 1357
752 1354
753 1356
754 1356
755 1356
756 1356
757 1355
758 1354
759 1357
760 1355
761 1355
762 1356
763 1355
764 1355
765 1356
766 1355
767 1357
768 1357
769 1359
770 1358
771 1358
772 1355
773 1357
774 1355
775 1355
776 1356
777 1357
778 1359
779 1355
780 1354
781 1355
782 1354
783 1354
784 1356
785 1354
786 1356
787 1352
788 1355
789 1355
790 1356
791 1354
792 1354
793 1356
794 1357
795 1357
796 1356
797 1354
798 1355
799 1358
800 1358
801 1359
802 1355
803 1354
804 1356
805 1355
806 1356
807 1356
808 1356
809 1355
810 1355
811 1357
812 1354
813 1356
814 1355
815 1356
816 1355
817 1356
818 1357
819 1354
820 1355
821 1356
822 1357
823 1355
824 1355
825 1352
826 1354
827 1356
828 1354
829 1355
830 1356
831 1354
832 1358
833 1356
834 1355
835 1359
836 1354
837 1359
838 1355
839 1353
840 1357
841 1357
842 1355
843 1353
844 1357
845 1356
846 1357
847 1355
848 1356
849 1356
850 1354
851 1354
852 1356
853 1353
854 1355
855 1356
856 1357
857 1357
858 1356
859 1357
860 1357
861 1358
862 1358
863 1357
864 1357
865 1356
866 1353
867 1354
868 1355
869 1353
870 1353
871 1357
872 1356
873 1355
874 1356
875 1355
876 1355
877 1357
878 1354
879 1353
880 1352
881 1355
882 1355
883 1353
884 1353
885 1356
886 1358
887 1356
888 1355
889 1356
890 1356
891 1358
892 1357
893 1356
894 1356
895 1355
896 1356
897 1355
898 1352
899 1355
900 1358
901 1357
902 1356
903 1354
904 1353
905 1356
906 1355
907 1354
908 1352
909 1354
910 1354
911 1356
912 1354
913 1355
914 1354
915 1357
916 1357
917 1355
918 1353
919 1357
920 1356
921 1356
922 1357
923 1354
924 1356
925 1353
926 1355
927 1357
928 1354
929 1358
930 1358
931 1356
932 1354
933 1356
934 1354
935 1351
936 1353
937 1353
938 1353
939 1352
940 1356
941 1356
942 1357
943 1358
944 1357
945 1354
946 1353
947 1354
948 1353
949 1353
950 1356
951 1356
952 1357
953 1356
954 1355
955 1356
956 1357
957 1355
958 1354
959 1356
960 1357
961 1355
962 1355
963 1354
964 1353
965 1354
966 1355
967 1356
968 1354
969 1354
970 1354
971 1355
972 1357
973 1356
974 1356
975 1356
976 1357
977 1356
978 1357
979 1356
980 1356
981 1358
982 1357
983 1357
984 1356
985 1358
986 1358
987 1354
988 1354
989 1356
990 1357
991 1356
992 1353
993 1356
994 1353
995 1355
996 1357
997 1356
998 1356
999 1356
1000 1355
1001 1356
1002 1357
1003 1358
1004 1357
1005 1357
1006 1357
1007 1356
1008 1358
1009 1354
1010 1356
1011 1355
1012 1354
1013 1354
1014 1357
1015 1356
1016 1355
1017 1358
1018 1353
1019 1356
1020 1354
1021 1356
1022 1357
1023 1354
1024 1356
1025 1352
1026 1355
1027 1353
1028 1356
1029 1353
1030 1355
1031 1355
1032 1352
1033 1356
1034 1355
1035 1357
1036 1357
1037 1355
1038 1353
1039 1355
1040 1356
1041 1357
1042 1355
1043 1356
1044 1357
1045 1353
1046 1354
1047 1357
1048 1356
1049 1355
1050 1357
1051 1353
1052 1355
1053 1356
1054 1353
1055 1355
1056 1357
1057 1355
1058 1354
1059 1353
1060 1355
1061 1356
1062 1353
1063 1353
1064 1354
1065 1354
1066 1357
1067 1356
1068 1358
1069 1357
1070 1357
1071 1356
1072 1356
1073 1356
1074 1355
1075 1358
1076 1356
1077 1356
1078 1357
1079 1356
1080 1354
1081 1355
1082 1354
1083 1353
1084 1352
1085 1356
1086 1356
1087 1350
1088 1350
1089 1354
1090 1358
1091 1356
1092 1354
1093 1354
1094 1353
1095 1353
1096 1355
1097 1354
1098 1357
1099 1355
1100 1352
1101 1353
1102 1353
1103 1353
1104 1356
1105 1354
1106 1354
1107 1354
1108 1354
1109 1355
1110 1354
1111 1357
1112 1356
1113 1355
1114 1353
1115 1357
1116 1356
1117 1355
1118 1355
1119 1355
1120 1354
1121 1354
1122 1354
1123 1355
1124 1354
1125 1355
1126 1354
1127 1355
1128 1355
1129 1357
1130 1354
1131 1356
1132 1356
1133 1355
1134 1356
1135 1356
1136 1349
1137 1355
1138 1352
1139 1354
1140 1356
1141 1353
1142 1355
1143 1355
1144 1351
1145 1355
1146 1356
1147 1352
1148 1354
1149 1353
1150 1357
1151 1353
1152 1352
1153 1355
1154 1356
1155 1356
1156 1354
1157 1356
1158 1356
1159 1355
1160 1356
1161 1356
1162 1353
1163 1354
1164 1352
1165 1356
1166 1353
1167 1356
1168 1354
1169 1356
1170 1354
1171 1354
1172 1352
1173 1356
1174 1357
1175 1358
1176 1355
1177 1356
1178 1354
1179 1356
1180 1354
1181 1354
1182 1357
1183 1355
1184 1356
1185 1354
1186 1357
1187 1354
1188 1355
1189 1356
1190 1355
1191 1356
1192 1355
1193 1356
1194 1354
1195 1355
1196 1356
1197 1355
1198 1356
1199 1355
1200 1354
1201 1354
1202 1355
1203 1355
1204 1355
1205 1355
1206 1358
1207 1356
1208 1357
1209 1358
1210 1354
1211 1354
1212 1354
1213 1354
1214 1352
1215 1356
1216 1355
1217 1354
1218 1355
1219 1355
1220 1356
1221 1356
1222 1355
1223 1354
1224 1357
1225 1357
1226 1357
1227 1355
1228 1356
1229 1358
1230 1357
1231 1355
1232 1353
1233 1355
1234 1356
1235 1356
1236 1355
1237 1358
1238 1355
1239 1357
1240 1355
1241 1357
1242 1355
1243 1357
1244 1353
1245 1355
1246 1358
1247 1354
1248 1352
1249 1356
1250 1358
1251 1357
1252 1354
1253 1355
1254 1356
1255 1357
1256 1356
1257 1357
1258 1354
1259 1354
1260 1355
1261 1356
1262 1356
1263 1357
1264 1355
1265 1357
1266 1355
1267 1357
1268 1357
1269 1354
1270 1353
1271 1355
1272 1357
1273 1356
1274 1355
1275 1354
1276 1356
1277 1353
1278 1354
1279 1356
1280 1358
1281 1354
1282 1356
1283 1358
1284 1355
1285 1356
1286 1354
1287 1356
1288 1353
1289 1356
1290 1355
1291 1356
1292 1356
1293 1356
1294 1354
1295 1355
1296 1354
1297 1357
1298 1356
1299 1356
1300 1355
1301 1356
1302 1355
1303 1356
1304 1354
1305 1356
1306 1352
1307 1355
1308 1355
1309 1359
1310 1357
1311 1356
1312 1356
1313 1356
1314 1357
1315 1359
1316 1353
1317 1354
1318 1355
1319 1354
1320 1354
1321 1354
1322 1358
1323 1359
1324 1354
1325 1356
1326 1353
1327 1357
1328 1357
1329 1356
1330 1354
1331 1356
1332 1355
1333 1353
1334 1353
1335 1356
1336 1355
1337 1353
1338 1353
1339 1356
1340 1355
1341 1357
1342 1351
1343 1357
1344 1356
1345 1355
1346 1353
1347 1354
1348 1356
1349 1354
1350 1354
1351 1355
1352 1357
1353 1357
1354 1357
1355 1355
1356 1356
1357 1359
1358 1356
1359 1355
1360 1358
1361 1355
1362 1355
1363 1357
1364 1357
1365 1356
1366 1355
1367 1355
1368 1353
1369 1356
1370 1357
1371 1356
1372 1357
1373 1355
1374 1356
1375 1356
1376 1356
1377 1354
1378 1355
1379 1355
1380 1355
1381 1357
1382 1355
1383 1356
1384 1356
1385 1356
1386 1356
1387 1354
1388 1356
1389 1356
1390 1354
1391 1354
1392 1354
1393 1354
1394 1357
1395 1357
1396 1357
1397 1359
1398 1354
1399 1353
1400 1352
1401 1355
1402 1355
1403 1355
1404 1356
1405 1358
1406 1356
1407 1355
1408 1355
1409 1356
1410 1359
1411 1360
1412 1356
1413 1357
1414 1352
1415 1355
1416 1356
1417 1355
1418 1355
1419 1357
1420 1355
1421 1358
1422 1357
1423 1356
1424 1352
1425 1356
1426 1356
1427 1357
1428 1354
1429 1355
1430 1354
1431 1353
1432 1355
1433 1356
1434 1353
1435 1355
1436 1355
1437 1354
1438 1353
1439 1356
1440 1357
1441 1356
1442 1354
1443 1356
1444 1354
1445 1354
1446 1355
1447 1355
1448 1355
1449 1354
1450 1355
1451 1355
1452 1356
1453 1356
1454 1356
1455 1356
1456 1355
1457 1353
1458 1354
1459 1357
1460 1356
1461 1356
1462 1353
1463 1356
1464 1355
1465 1353
1466 1354
1467 1356
1468 1351
1469 1356
1470 1356
1471 1354
1472 1353
1473 1355
1474 1357
1475 1356
1476 1356
1477 1356
1478 1356
1479 1355
1480 1353
1481 1355
1482 1354
1483 1356
1484 1354
1485 1353
1486 1353
1487 1355
1488 1352
1489 1354
1490 1354
1491 1354
1492 1355
1493 1356
1494 1354
1495 1357
1496 1356
1497 1354
1498 1353
1499 1359
1500 1357
1501 1356
1502 1355
1503 1356
1504 1357
1505 1354
1506 1353
1507 1354
1508 1354
1509 1356
1510 1355
1511 1356
1512 1354
1513 1357
1514 1353
1515 1356
1516 1355
1517 1358
1518 1356
1519 1354
1520 1355
1521 1357
1522 1355
1523 1356
1524 1355
1525 1355
1526 1357
1527 1357
1528 1354
1529 1357
1530 1357
1531 1357
1532 1355
1533 1357
1534 1356
1535 1358
1536 1354
1537 1354
1538 1353
1539 1355
1540 1358
1541 1357
1542 1355
1543 1354
1544 1354
1545 1357
1546 1356
1547 1357
1548 1352
1549 1356
1550 1355
1551 1356
1552 1354
1553 1357
1554 1355
1555 1356
1556 1355
1557 1352
1558 1353
1559 1356
1560 1356
1561 1353
1562 1352
1563 1357
1564 1355
1565 1354
1566 1355
1567 1356
1568 1357
1569 1355
1570 1354
1571 1356
1572 1354
1573 1356
1574 1357
1575 1356
1576 1357
1577 1357
1578 1357
1579 1355
1580 1355
1581 1355
1582 1354
1583 1354
1584 1356
1585 1353
1586 1354
1587 1356
1588 1354
1589 1355
1590 1353
1591 1353
1592 1354
1593 1356
1594 1355
1595 1356
1596 1356
1597 1358
1598 1356
1599 1354
1600 1354
1601 1357
1602 1354
1603 1357
1604 1356
1605 1355
1606 1358
1607 1355
1608 1355
1609 1356
1610 1354
1611 1357
1612 1355
1613 1357
1614 1356
1615 1353
1616 1355
1617 1356
1618 1357
1619 1356
1620 1354
1621 1354
1622 1357
1623 1354
1624 1354
1625 1355
1626 1355
1627 1354
1628 1352
1629 1354
1630 1356
1631 1354
1632 1355
1633 1354
1634 1358
1635 1356
1636 1355
1637 1356
1638 1354
1639 1351
1640 1356
1641 1357
1642 1357
1643 1356
1644 1354
1645 1354
1646 1353
1647 1353
1648 1356
1649 1353
1650 1357
1651 1356
1652 1358
1653 1353
1654 1356
1655 1355
1656 1358
1657 1356
1658 1356
1659 1356
1660 1360
1661 1356
1662 1354
1663 1352
1664 1357
1665 1355
1666 1357
1667 1355
1668 1354
1669 1354
1670 1355
1671 1354
1672 1356
1673 1357
1674 1354
1675 1353
1676 1357
1677 1355
1678 1353
1679 1353
1680 1358
1681 1355
1682 1353
1683 1352
1684 1357
1685 1356
1686 1355
1687 1352
1688 1355
1689 1357
1690 1357
1691 1355
1692 1353
1693 1355
1694 1359
1695 1356
1696 1354
1697 1353
1698 1357
1699 1356
1700 1355
1701 1354
1702 1352
1703 1356
1704 1356
1705 1354
1706 1354
1707 1354
1708 1357
1709 1353
1710 1355
1711 1355
1712 1354
1713 1355
1714 1356
1715 1356
1716 1356
1717 1355
1718 1357
1719 1356
1720 1357
1721 1352
1722 1354
1723 1353
1724 1354
1725 1355
1726 1355
1727 1352
1728 1354
1729 1352
1730 1356
1731 1356
1732 1358
1733 1354
1734 1355
1735 1355
1736 1355
1737 1354
1738 1356
1739 1352
1740 1354
1741 1353
1742 1356
1743 1355
1744 1357
1745 1354
1746 1355
1747 1356
1748 1354
1749 1358
1750 1359
1751 1355
1752 1354
1753 1354
1754 1353
1755 1355
1756 1356
1757 1357
1758 1357
1759 1354
1760 1353
1761 1354
1762 1355
1763 1357
1764 1354
1765 1355
1766 1355
1767 1353
1768 1354
1769 1356
1770 1355
1771 1355
1772 1356
1773 1355
1774 1355
1775 1354
1776 1357
1777 1355
1778 1356
1779 1353
1780 1353
1781 1356
1782 1356
1783 1354
1784 1357
1785 1357
1786 1356
1787 1353
1788 1353
1789 1355
1790 1353
1791 1355
1792 1357
1793 1357
1794 1354
1795 1356
1796 1356
1797 1353
1798 1353
1799 1354
1800 1353
1801 1355
1802 1356
1803 1355
1804 1354
1805 1353
1806 1355
1807 1354
1808 1353
1809 1358
1810 1355
1811 1357
1812 1355
1813 1353
1814 1357
1815 1354
1816 1353
1817 1354
1818 1353
1819 1356
1820 1358
1821 1357
1822 1354
1823 1357
1824 1354
1825 1356
1826 1354
1827 1356
1828 1354
1829 1354
1830 1355
1831 1355
1832 1353
1833 1355
1834 1355
1835 1356
1836 1355
1837 1359
1838 1358
1839 1355
1840 1355
1841 1356
1842 1356
1843 1356
1844 1354
1845 1355
1846 1354
1847 1355
1848 1352
1849 1356
1850 1357
1851 1355
1852 1352
1853 1354
1854 1355
1855 1356
1856 1351
1857 1356
1858 1354
1859 1351
1860 1355
1861 1356
1862 1353
1863 1356
1864 1353
1865 1355
1866 1355
1867 1354
1868 1352
1869 1356
1870 1355
1871 1356
1872 1355
1873 1355
1874 1355
1875 1355
1876 1355
1877 1354
1878 1354
1879 1355
1880 1357
1881 1356
1882 1355
1883 1354
1884 1354
1885 1355
1886 1355
1887 1355
1888 1353
1889 1352
1890 1354
1891 1355
1892 1354
1893 1356
1894 1355
1895 1353
1896 1355
1897 1354
1898 1353
1899 1352
1900 1357
1901 1355
1902 1356
1903 1355
1904 1356
1905 1355
1906 1357
1907 1352
1908 1352
1909 1356
1910 1355
1911 1352
1912 1356
1913 1354
1914 1353
1915 1352
1916 1354
1917 1354
1918 1354
1919 1354
1920 1356
1921 1354
1922 1354
1923 1353
1924 1357
1925 1357
1926 1357
1927 1357
1928 1354
1929 1356
1930 1354
1931 1357
1932 1359
1933 1354
1934 1355
1935 1355
1936 1355
1937 1352
1938 1353
1939 1355
1940 1357
1941 1352
1942 1354
1943 1355
1944 1356
1945 1354
1946 1353
1947 1353
1948 1354
1949 1354
1950 1356
1951 1355
1952 1354
1953 1354
1954 1356
1955 1354
1956 1356
1957 1356
1958 1357
1959 1353
1960 1356
1961 1358
1962 1357
1963 1356
1964 1354
1965 1358
1966 1358
1967 1355
1968 1358
1969 1353
1970 1353
1971 1355
1972 1356
1973 1354
1974 1355
1975 1353
1976 1356
1977 1352
1978 1353
1979 1353
1980 1356
1981 1353
1982 1356
1983 1353
1984 1354
1985 1353
1986 1357
1987 1355
1988 1352
1989 1353
1990 1355
1991 1355
1992 1356
1993 1356
1994 1358
1995 1356
1996 1355
1997 1354
1998 1357
1999 1357
2000 1356
2001 1356
2002 1358
2003 1354
2004 1356
2005 1355
2006 1355
2007 1353
2008 1352
2009 1354
2010 1359
2011 1355
2012 1353
2013 1355
2014 1354
2015 1353
2016 1355
2017 1353
2018 1357
2019 1354
2020 1358
2021 1356
2022 1354
2023 1356
2024 1360
2025 1356
2026 1355
2027 1355
2028 1357
2029 1356
2030 1357
2031 1356
2032 1355
2033 1355
2034 1354
2035 1356
2036 1359
2037 1353
2038 1354
2039 1356
2040 1357
2041 1356
2042 1355
2043 1356
2044 1355
2045 1355
2046 1356
2047 1354
2048 1352
2049 1355
2050 1356
2051 1357
2052 1357
2053 1357
2054 1358
2055 1355
2056 1353
2057 1356
2058 1356
2059 1353
2060 1355
2061 1354
2062 1354
2063 1354
2064 1357
2065 1354
2066 1355
2067 1354
2068 1351
2069 1354
2070 1356
2071 1352
2072 1355
2073 1353
2074 1354
2075 1354
2076 1355
2077 1354
2078 1354
2079 1353
2080 1357
2081 1355
2082 1356
2083 1356
2084 1355
2085 1355
2086 1356
2087 1356
2088 1356
2089 1357
2090 1354
2091 1357
2092 1355
2093 1354
2094 1354
2095 1355
2096 1354
2097 1353
2098 1353
2099 1354
2100 1355
2101 1353
2102 1356
2103 1356
2104 1353
2105 1355
2106 1355
2107 1356
2108 1355
2109 1355
2110 1352
2111 1356
2112 1356
2113 1354
2114 1357
2115 1356
2116 1355
2117 1353
2118 1358
2119 1353
2120 1356
2121 1358
2122 1352
2123 1353
2124 1354
2125 1354
2126 1355
2127 1357
2128 1355
2129 1356
2130 1356
2131 1357
2132 1354
2133 1355
2134 1352
2135 1356
2136 1354
2137 1353
2138 1353
2139 1351
2140 1355
2141 1355
2142 1355
2143 1356
2144 1354
2145 1353
2146 1356
2147 1356
2148 1353
2149 1356
2150 1352
2151 1352
2152 1353
2153 1356
2154 1357
2155 1354
2156 1353
2157 1353
2158 1356
2159 1356
2160 1356
2161 1354
2162 1356
2163 1356
2164 1356
2165 1355
2166 1353
2167 1354
2168 1356
2169 1355
2170 1353
2171 1354
2172 1353
2173 1356
2174 1355
2175 1359
2176 1355
2177 1355
2178 1354
2179 1356
2180 1357
2181 1354
2182 1353
2183 1357
2184 1356
2185 1356
2186 1355
2187 1354
2188 1354
2189 1356
2190 1354
2191 1353
2192 1353
2193 1355
2194 1352
2195 1355
2196 1354
2197 1355
2198 1354
2199 1354
2200 1355
2201 1356
2202 1356
2203 1354
2204 1354
2205 1358
2206 1355
2207 1355
2208 1355
2209 1355
2210 1355
2211 1356
2212 1355
2213 1354
2214 1356
2215 1357
2216 1354
2217 1359
2218 1355
2219 1355
2220 1356
2221 1353
2222 1354
2223 1353
2224 1354
2225 1354
2226 1357
2227 1355
2228 1353
2229 1357
2230 1357
2231 1357
2232 1355
2233 1359
2234 1354
2235 1356
2236 1355
2237 1357
2238 1356
2239 1355
2240 1354
2241 1356
2242 1357
2243 1357
2244 1357
2245 1354
2246 1355
2247 1356
2248 1355
2249 1356
2250 1351
2251 1354
2252 1354
2253 1354
2254 1353
2255 1356
2256 1355
2257 1354
2258 1355
2259 1357
2260 1355
2261 1357
2262 1354
2263 1356
2264 1356
2265 1356
2266 1355
2267 1355
2268 1355
2269 1353
2270 1353
2271 1356
2272 1355
2273 1355
2274 1354
2275 1357
2276 1355
2277 1355
2278 1353
2279 1354
2280 1355
2281 1355
2282 1353
2283 1355
2284 1355
2285 1356
2286 1352
2287 1354
2288 1354
2289 1355
2290 1356
2291 1355
2292 1352
2293 1354
2294 1352
2295 1355
2296 1356
2297 1356
2298 1355
2299 1354
2300 1352
2301 1356
2302 1354
2303 1355
2304 1354
2305 1355
2306 1357
2307 1357
2308 1353
2309 1357
2310 1353
2311 1356
2312 1355
2313 1352
2314 1354
2315 1356
2316 1354
2317 1352
2318 1353
2319 1358
2320 1357
2321 1356
2322 1355
2323 1354
2324 1356
2325 1353
2326 1356
2327 1360
2328 1356
2329 1356
2330 1354
2331 1356
2332 1356
2333 1355
2334 1355
2335 1355
2336 1353
2337 1354
2338 1354
2339 1354
2340 1356
2341 1354
2342 1354
2343 1354
2344 1354
2345 1355
2346 1353
2347 1356
2348 1353
2349 1356
2350 1354
2351 1353
2352 1353
2353 1356
2354 1355
2355 1356
2356 1355
2357 1355
2358 1354
2359 1355
2360 1356
2361 1355
2362 1355
2363 1356
2364 1356
2365 1355
2366 1356
2367 1352
2368 1353
2369 1355
2370 1353
2371 1355
2372 1354
2373 1356
2374 1357
2375 1354
2376 1355
2377 1353
2378 1354
2379 1356
2380 1356
2381 1357
2382 1356
2383 1357
2384 1356
2385 1354
2386 1356
2387 1356
2388 1354
2389 1358
2390 1355
2391 1354
2392 1352
2393 1353
2394 1356
2395 1355
2396 1356
2397 1353
2398 1354
2399 1355
2400 1353
2401 1355
2402 1356
2403 1353
2404 1355
2405 1354
2406 1355
2407 1355
2408 1354
2409 1356
2410 1353
2411 1353
2412 1356
2413 1357
2414 1354
2415 1359
2416 1357
2417 1355
2418 1354
2419 1356
2420 1359
2421 1356
2422 1358
2423 1356
2424 1355
2425 1356
2426 1356
2427 1355
2428 1358
2429 1355
2430 1353
2431 1355
2432 1355
2433 1353
2434 1357
2435 1352
2436 1357
2437 1353
2438 1354
2439 1356
2440 1354
2441 1356
2442 1354
2443 1356
2444 1355
2445 1355
2446 1356
2447 1354
2448 1357
2449 1358
2450 1360
2451 1359
2452 1356
2453 1356
2454 1354
2455 1354
2456 1356
2457 1353
2458 1355
2459 1353
2460 1354
2461 1354
2462 1356
2463 1357
2464 1355
2465 1355
2466 1354
2467 1354
2468 1355
2469 1355
2470 1355
2471 1354
2472 1355
2473 1354
2474 1357
2475 1352
2476 1355
2477 1356
2478 1352
2479 1355
2480 1358
2481 1353
2482 1354
2483 1353
2484 1355
2485 1353
2486 1356
2487 1353
2488 1357
2489 1354
2490 1354
2491 1353
2492 1353
2493 1354
2494 1354
2495 1356
2496 1355
2497 1355
2498 1354
2499 1354
2500 1354
2501 1355
2502 1355
2503 1355
2504 1354
2505 1356
2506 1353
2507 1354
2508 1353
2509 1357
2510 1356
2511 1354
2512 1355
2513 1356
2514 1355
2515 1354
2516 1352
2517 1355
2518 1356
2519 1355
2520 1352
2521 1352
2522 1352
2523 1355
2524 1355
2525 1355
2526 1353
2527 1356
2528 1355
2529 1353
2530 1355
2531 1355
2532 1355
2533 1354
2534 1354
2535 1354
2536 1357
2537 1358
2538 1353
2539 1357
2540 1357
2541 1357
2542 1354
2543 1356
2544 1355
2545 1355
2546 1355
2547 1357
2548 1356
2549 1356
2550 1355
2551 1360
2552 1357
2553 1356
2554 1353
2555 1358
2556 1353
2557 1355
2558 1357
2559 1356
2560 1355
2561 1355
2562 1356
2563 1357
2564 1353
2565 1356
2566 1354
2567 1355
2568 1358
2569 1355
2570 1355
2571 1354
2572 1357
2573 1357
2574 1354
2575 1356
2576 1356
2577 1355
2578 1355
2579 1356
2580 1359
2581 1356
2582 1356
2583 1354
2584 1355
2585 1355
2586 1354
2587 1355
2588 1356
2589 1354
2590 1353
2591 1356
2592 1355
2593 1354
2594 1354
2595 1357
2596 1355
2597 1354
2598 1355
2599 1355
2600 1353
2601 1355
2602 1355
2603 1355
2604 1354
2605 1355
2606 1354
2607 1354
2608 1355
2609 1356
2610 1355
2611 1355
2612 1354
2613 1354
2614 1356
2615 1356
2616 1355
2617 1356
2618 1355
2619 1351
2620 1353
2621 1354
2622 1355
2623 1356
2624 1353
2625 1356
2626 1358
2627 1354
2628 1357
2629 1356
2630 1354
2631 1352
2632 1355
2633 1353
2634 1357
2635 1357
2636 1354
2637 1354
2638 1353
2639 1356
2640 1358
2641 1354
2642 1354
2643 1356
2644 1359
2645 1354
2646 1353
2647 1353
2648 1354
2649 1355
2650 1355
2651 1355
2652 1355
2653 1356
2654 1354
2655 1357
2656 1357
2657 1355
2658 1355
2659 1353
2660 1354
2661 1358
2662 1356
2663 1356
2664 1353
2665 1358
2666 1351
2667 1354
2668 1355
2669 1355
2670 1357
2671 1354
2672 1351
2673 1355
2674 1354
2675 1355
2676 1351
2677 1355
2678 1354
2679 1356
2680 1352
2681 1355
2682 1351
2683 1354
2684 1355
2685 1354
2686 1353
2687 1357
2688 1353
2689 1356
2690 1354
2691 1357
2692 1355
2693 1356
2694 1356
2695 1356
2696 1358
2697 1354
2698 1351
2699 1356
2700 1355
2701 1356
2702 1354
2703 1356
2704 1355
2705 1351
2706 1354
2707 1355
2708 1354
2709 1353
2710 1351
2711 1355
2712 1355
2713 1356
2714 1354
2715 1354
2716 1354
2717 1355
2718 1356
2719 1355
2720 1353
2721 1355
2722 1353
2723 1356
2724 1354
2725 1356
2726 1357
2727 1354
2728 1354
2729 1352
2730 1355
2731 1357
2732 1352
2733 1350
2734 1356
2735 1356
2736 1354
2737 1353
2738 1354
2739 1354
2740 1354
2741 1353
2742 1354
2743 1354
2744 1355
2745 1354
2746 1354
2747 1354
2748 1355
2749 1357
2750 1353
2751 1355
2752 1357
2753 1357
2754 1354
2755 1354
2756 1357
2757 1352
2758 1356
2759 1356
2760 1357
2761 1354
2762 1357
2763 1355
2764 1353
2765 1352
2766 1353
2767 1352
2768 1350
2769 1355
2770 1355
2771 1356
2772 1354
2773 1354
2774 1356
2775 1355
2776 1355
2777 1355
2778 1354
2779 1356
2780 1351
2781 1355
2782 1353
2783 1354
2784 1355
2785 1354
2786 1355
2787 1354
2788 1355
2789 1355
2790 1354
2791 1358
2792 1357
2793 1357
2794 1356
2795 1355
2796 1357
2797 1353
2798 1352
2799 1357
2800 1356
2801 1356
2802 1356
2803 1355
2804 1356
2805 1354
2806 1354
2807 1354
2808 1355
2809 1356
2810 1354
2811 1356
2812 1357
2813 1356
2814 1354
2815 1357
2816 1356
2817 1354
2818 1354
2819 1354
2820 1357
2821 1354
2822 1355
2823 1355
2824 1355
2825 1356
2826 1354
2827 1354
2828 1352
2829 1353
2830 1357
2831 1354
2832 1358
2833 1353
2834 1356
2835 1354
2836 1357
2837 1356
2838 1352
2839 1352
2840 1354
2841 1359
2842 1358
2843 1356
2844 1357
2845 1357
2846 1353
2847 1355
2848 1358
2849 1355
2850 1356
2851 1356
2852 1357
2853 1357
2854 1357
2855 1356
2856 1355
2857 1354
2858 1352
2859 1357
2860 1357
2861 1356
2862 1354
2863 1354
2864 1352
2865 1355
2866 1355
2867 1356
2868 1355
2869 1355
2870 1355
2871 1356
2872 1355
2873 1356
2874 1354
2875 1354
2876 1357
2877 1353
2878 1353
2879 1354
2880 1354
2881 1357
2882 1356
2883 1356
2884 1358
2885 1356
2886 1356
2887 1355
2888 1353
2889 1353
2890 1357
2891 1356
2892 1353
2893 1356
2894 1354
2895 1353
2896 1355
2897 1357
2898 1357
2899 1354
2900 1352
2901 1354
2902 1357
2903 1356
2904 1355
2905 1354
2906 1358
2907 1356
2908 1357
2909 1357
2910 1355
2911 1354
2912 1356
2913 1357
2914 1357
2915 1356
2916 1357
2917 1357
2918 1355
2919 1356
2920 1353
2921 1357
2922 1352
2923 1354
2924 1354
2925 1354
2926 1355
2927 1355
2928 1354
2929 1353
2930 1357
2931 1354
2932 1357
2933 1355
2934 1354
2935 1354
2936 1354
2937 1355
2938 1354
2939 1354
2940 1355
2941 1355
2942 1354
2943 1354
2944 1354
2945 1354
2946 1354
2947 1356
2948 1353
2949 1353
2950 1354
2951 1355
2952 1355
2953 1352
2954 1352
2955 1356
2956 1355
2957 1351
2958 1352
2959 1354
2960 1355
2961 1354
2962 1355
2963 1354
2964 1356
2965 1353
2966 1355
2967 1353
2968 1356
2969 1354
2970 1357
2971 1355
2972 1354
2973 1356
2974 1356
2975 1354
2976 1355
2977 1356
2978 1354
2979 1355
2980 1354
2981 1354
2982 1353
2983 1353
2984 1354
2985 1355
2986 1353
2987 1354
2988 1353
2989 1353
2990 1356
2991 1356
2992 1352
2993 1354
2994 1357
2995 1356
2996 1356
2997 1358
2998 1356
2999 1354
3000 1354
3001 1356
3002 1356
3003 1355
3004 1356
3005 1355
3006 1354
3007 1356
3008 1358
3009 1356
3010 1356
3011 1356
3012 1357
3013 1355
3014 1354
3015 1353
3016 1352
3017 1356
3018 1353
3019 1354
3020 1357
3021 1356
3022 1353
3023 1355
3024 1352
3025 1354
3026 1356
3027 1356
3028 1352
3029 1356
3030 1354
3031 1356
3032 1354
3033 1356
3034 1354
3035 1356
3036 1355
3037 1357
3038 1355
3039 1356
3040 1351
3041 1353
3042 1353
3043 1357
3044 1355
3045 1356
3046 1356
3047 1354
3048 1354
3049 1355
3050 1356
3051 1355
3052 1355
3053 1355
3054 1354
3055 1355
3056 1355
3057 1356
3058 1357
3059 1356
3060 1355
3061 1355
3062 1358
3063 1357
3064 1353
3065 1355
3066 1354
3067 1354
3068 1351
3069 1355
3070 1352
3071 1356
3072 1356
3073 1354
3074 1351
3075 1355
3076 1354
3077 1354
3078 1353
3079 1358
3080 1358
3081 1356
3082 1355
3083 1357
3084 1356
3085 1359
3086 1357
3087 1357
3088 1354
3089 1357
3090 1353
3091 1354
3092 1353
3093 1355
3094 1357
3095 1358
3096 1358
3097 1356
3098 1357
3099 1355
3100 1357
3101 1355
3102 1354
3103 1355
3104 1356
3105 1357
3106 1355
3107 1353
3108 1355
3109 1355
3110 1355
3111 1354
3112 1353
3113 1360
3114 1357
3115 1356
3116 1355
3117 1354
3118 1357
3119 1356
3120 1357
3121 1357
3122 1357
3123 1356
3124 1355
3125 1357
3126 1356
3127 1358
3128 1356
3129 1352
3130 1356
3131 1353
3132 1353
3133 1354
3134 1354
3135 1353
3136 1355
3137 1356
3138 1355
3139 1356
3140 1355
3141 1354
3142 1354
3143 1355
3144 1353
3145 1356
3146 1356
3147 1353
3148 1352
3149 1356
3150 1354
3151 1355
3152 1355
3153 1356
3154 1355
3155 1357
3156 1357
3157 1359
3158 1353
3159 1355
3160 1352
3161 1355
3162 1355
3163 1355
3164 1352
3165 1356
3166 1356
3167 1354
3168 1352
3169 1358
3170 1356
3171 1355
3172 1353
3173 1353
3174 1357
3175 1356
3176 1355
3177 1353
3178 1352
3179 1358
3180 1357
3181 1358
3182 1355
3183 1358
3184 1355
3185 1355
3186 1357
3187 1355
3188 1353
3189 1356
3190 1354
3191 1355
3192 1355
3193 1352
3194 1355
3195 1356
3196 1355
3197 1355
3198 1356
3199 1356
3200 1356
3201 1357
3202 1355
3203 1354
3204 1355
3205 1355
3206 1353
3207 1355
3208 1353
3209 1357
3210 1357
3211 1358
3212 1352
3213 1354
3214 1355
3215 1354
3216 1352
3217 1356
3218 1353
3219 1356
3220 1356
3221 1356
3222 1356
3223 1358
3224 1351
3225 1356
3226 1355
3227 1355
3228 1356
3229 1354
3230 1352
3231 1354
3232 1355
3233 1356
3234 1355
3235 1351
3236 1354
3237 1356
3238 1354
3239 1354
3240 1357
3241 1356
3242 1355
3243 1356
3244 1354
3245 1357
3246 1355
3247 1355
3248 1352
3249 1356
3250 1355
3251 1356
3252 1357
3253 1355
3254 1355
3255 1355
3256 1352
3257 1355
3258 1353
3259 1356
3260 1354
3261 1354
3262 1357
3263 1356
3264 1357
3265 1355
3266 1356
3267 1356
3268 1355
3269 1360
3270 1358
3271 1355
3272 1353
3273 1357
3274 1354
3275 1356
3276 1354
3277 1355
3278 1355
3279 1354
3280 1353
3281 1355
3282 1355
3283 1355
3284 1354
3285 1356
3286 1357
3287 1355
3288 1356
3289 1353
3290 1353
3291 1353
3292 1354
3293 1356
3294 1354
3295 1355
3296 1353
3297 1356
3298 1357
3299 1354
3300 1353
3301 1355
3302 1355
3303 1355
3304 1353
3305 1357
3306 1355
3307 1357
3308 1353
3309 1358
3310 1355
3311 1358
3312 1355
3313 1355
3314 1352
3315 1355
3316 1354
3317 1356
3318 1355
3319 1356
3320 1354
3321 1354
3322 1356
3323 1357
3324 1355
3325 1356
3326 1354
3327 1356
3328 1354
3329 1355
3330 1357
3331 1355
3332 1356
3333 1356
3334 1354
3335 1353
3336 1353
3337 1354
3338 1352
3339 1357
3340 1355
3341 1353
3342 1354
3343 1354
3344 1357
3345 1354
3346 1354
3347 1354
3348 1355
3349 1355
3350 1352
3351 1353
3352 1351
3353 1356
3354 1355
3355 1354
3356 1353
3357 1356
3358 1356
3359 1355
3360 1355
3361 1353
3362 1357
3363 1355
3364 1355
3365 1355
3366 1354
3367 1356
3368 1352
3369 1354
3370 1358
3371 1356
3372 1353
3373 1354
3374 1354
3375 1355
3376 1354
3377 1354
3378 1357
3379 1354
3380 1351
3381 1352
3382 1352
3383 1355
3384 1357
3385 1358
3386 1355
3387 1354
3388 1354
3389 1355
3390 1357
3391 1354
3392 1358
3393 1355
3394 1354
3395 1356
3396 1356
3397 1357
3398 1356
3399 1356
3400 1358
3401 1355
3402 1354
3403 1354
3404 1356
3405 1357
3406 1355
3407 1356
3408 1358
3409 1357
3410 1356
3411 1356
3412 1353
3413 1356
3414 1355
3415 1356
3416 1355
3417 1356
3418 1356
3419 1356
3420 1357
3421 1358
3422 1355
3423 1355
3424 1355
3425 1355
3426 1357
3427 1355
3428 1353
3429 1353
3430 1358
3431 1354
3432 1356
3433 1354
3434 1356
3435 1355
3436 1353
3437 1355
3438 1357
3439 1354
3440 1354
3441 1354
3442 1355
3443 1356
3444 1355
3445 1354
3446 1357
3447 1355
3448 1354
3449 1354
3450 1355
3451 1356
3452 1354
3453 1354
3454 1355
3455 1351
3456 1355
3457 1357
3458 1354
3459 1356
3460 1359
3461 1358
3462 1356
3463 1358
3464 1357
3465 1356
3466 1354
3467 1356
3468 1354
3469 1356
3470 1355
3471 1356
3472 1355
3473 1353
3474 1354
3475 1355
3476 1356
3477 1354
3478 1355
3479 1357
3480 1357
3481 1356
3482 1357
3483 1356
3484 1357
3485 1358
3486 1358
3487 1356
3488 1355
3489 1356
3490 1353
3491 1355
3492 1357
3493 1355
3494 1354
3495 1356
3496 1358
3497 1358
3498 1354
3499 1355
3500 1356
3501 1355
3502 1357
3503 1356
3504 1357
3505 1356
3506 1355
3507 1357
3508 1358
3509 1355
3510 1355
3511 1357
3512 1354
3513 1355
3514 1357
3515 1354
3516 1355
3517 1354
3518 1353
3519 1355
3520 1356
3521 1354
3522 1358
3523 1356
3524 1355
3525 1358
3526 1355
3527 1356
3528 1356
3529 1356
3530 1355
3531 1352
3532 1355
3533 1354
3534 1355
3535 1356
3536 1356
3537 1356
3538 1359
3539 1355
3540 1358
3541 1351
3542 1356
3543 1356
3544 1354
3545 1355
3546 1357
3547 1355
3548 1356
3549 1353
3550 1358
3551 1356
3552 1354
3553 1356
3554 1357
3555 1354
3556 1354
3557 1353
3558 1352
3559 1355
3560 1357
3561 1356
3562 1356
3563 1356
3564 1356
3565 1355
3566 1355
3567 1355
3568 1356
3569 1354
3570 1356
3571 1353
3572 1356
3573 1355
3574 1357
3575 1355
3576 1355
3577 1355
3578 1353
3579 1356
3580 1356
3581 1357
3582 1356
3583 1354
3584 1355
3585 1354
3586 1355
3587 1354
3588 1353
3589 1354
3590 1356
3591 1356
3592 1354
3593 1354
3594 1355
3595 1356
3596 1355
3597 1356
3598 1355
3599 1354
3600 1355
3601 1354
3602 1357
3603 1356
3604 1354
3605 1355
3606 1358
3607 1354
3608 1354
3609 1356
3610 1355
3611 1355
3612 1357
3613 1356
3614 1352
3615 1355
3616 1354
3617 1355
3618 1353
3619 1356
3620 1356
3621 1355
3622 1356
3623 1355
3624 1356
3625 1355
3626 1355
3627 1354
3628 1355
3629 1352
3630 1356
3631 1353
3632 1354
3633 1355
3634 1354
3635 1356
3636 1355
3637 1357
3638 1355
3639 1356
3640 1355
3641 1358
3642 1356
3643 1355
3644 1356
3645 1355
3646 1357
3647 1355
3648 1356
3649 1354
3650 1354
3651 1353
3652 1351
3653 1356
3654 1355
3655 1353
3656 1355
3657 1354
3658 1357
3659 1355
3660 1354
3661 1355
3662 1354
3663 1355
3664 1355
3665 1355
3666 1356
3667 1354
3668 1354
3669 1352
3670 1352
3671 1358
3672 1354
3673 1355
3674 1355
3675 1355
3676 1356
3677 1355
3678 1356
3679 1358
3680 1357
3681 1358
3682 1358
3683 1357
3684 1357
3685 1351
3686 1354
3687 1356
3688 1356
3689 1354
3690 1353
3691 1354
3692 1358
3693 1355
3694 1358
3695 1356
3696 1355
3697 1355
3698 1357
3699 1353
3700 1356
3701 1356
3702 1357
3703 1355
3704 1356
3705 1354
3706 1356
3707 1355
3708 1357
3709 1354
3710 1354
3711 1354
3712 1353
3713 1355
3714 1357
3715 1353
3716 1353
3717 1354
3718 1355
3719 1354
3720 1355
3721 1356
3722 1356
3723 1356
3724 1354
3725 1354
3726 1356
3727 1355
3728 1358
3729 1356
3730 1357
3731 1358
3732 1354
3733 1357
3734 1355
3735 1356
3736 1356
3737 1355
3738 1355
3739 1356
3740 1355
3741 1355
3742 1357
3743 1355
3744 1355
3745 1353
3746 1356
3747 1352
3748 1354
3749 1355
3750 1357
3751 1353
3752 1355
3753 1354
3754 1357
3755 1354
3756 1354
3757 1357
3758 1357
3759 1352
3760 1355
3761 1358
3762 1353
3763 1354
3764 1357
3765 1356
3766 1355
3767 1353
3768 1354
3769 1352
3770 1355
3771 1356
3772 1356
3773 1355
3774 1355
3775 1353
3776 1354
3777 1351
3778 1354
3779 1356
3780 1357
3781 1355
3782 1357
3783 1352
3784 1355
3785 1356
3786 1356
3787 1355
3788 1355
3789 1353
3790 1354
3791 1354
3792 1357
3793 1355
3794 1357
3795 1355
3796 1357
3797 1354
3798 1353
3799 1355
3800 1356
3801 1355
3802 1355
3803 1354
3804 1354
3805 1356
3806 1356
3807 1354
3808 1355
3809 1356
3810 1355
3811 1355
3812 1354
3813 1354
3814 1356
3815 1355
3816 1355
3817 1355
3818 1353
3819 1354
3820 1353
3821 1356
3822 1356
3823 1356
3824 1355
3825 1356
3826 1355
3827 1355
3828 1355
3829 1355
3830 1355
3831 1355
3832 1359
3833 1356
3834 1354
3835 1355
3836 1356
3837 1354
3838 1353
3839 1355
3840 1355
3841 1355
3842 1355
3843 1353
3844 1356
3845 1352
3846 1353
3847 1356
3848 1355
3849 1355
3850 1356
3851 1356
3852 1357
3853 1356
3854 1355
3855 1354
3856 1357
3857 1356
3858 1355
3859 1355
3860 1356
3861 1356
3862 1354
3863 1354
3864 1355
3865 1356
3866 1355
3867 1355
3868 1354
3869 1353
3870 1351
3871 1352
3872 1354
3873 1355
3874 1356
3875 1353
3876 1355
3877 1352
3878 1355
3879 1356
3880 1353
3881 1356
3882 1356
3883 1355
3884 1356
3885 1356
3886 1355
3887 1356
3888 1355
3889 1356
3890 1353
3891 1358
3892 1353
3893 1355
3894 1355
3895 1354
3896 1355
3897 1356
3898 1355
3899 1355
3900 1355
3901 1356
3902 1354
3903 1357
3904 1355
3905 1357
3906 1356
3907 1355
3908 1356
3909 1356
3910 1356
3911 1356
3912 1356
3913 1355
3914 1355
3915 1359
3916 1355
3917 1356
3918 1355
3919 1358
3920 1355
3921 1355
3922 1356
3923 1353
3924 1355
3925 1353
3926 1357
3927 1353
3928 1353
3929 1351
3930 1354
3931 1355
3932 1354
3933 1356
3934 1354
3935 1356
3936 1355
3937 1354
3938 1353
3939 1356
3940 1357
3941 1354
3942 1355
3943 1357
3944 1354
3945 1356
3946 1356
3947 1354
3948 1354
3949 1355
3950 1355
3951 1354
3952 1357
3953 1355
3954 1355
3955 1353
3956 1354
3957 1355
3958 1353
3959 1355
3960 1354
3961 1353
3962 1352
3963 1354
3964 1353
3965 1357
3966 1355
3967 1353
3968 1353
3969 1355
3970 1357
3971 1354
3972 1354
3973 1354
3974 1352
3975 1354
3976 1354
3977 1353
3978 1357
3979 1353
3980 1355
3981 1354
3982 1353
3983 1355
3984 1353
3985 1357
3986 1357
3987 1358
3988 1356
3989 1353
3990 1354
3991 1352
3992 1353
3993 1354
3994 1352
3995 1354
3996 1355
3997 1356
3998 1353
3999 1351
