0 1356
1 1356
2 1356
3 1357
4 1356
5 1358
6 1357
7 1355
8 1356
9 1354
10 1356
11 1355
12 1354
13 1356
14 1358
15 1352
16 1359
17 1356
18 1355
19 1356
20 1358
21 1354
22 1357
23 1354
24 1359
25 1356
26 1355
27 1355
28 1356
29 1354
30 1356
31 1355
32 1354
33 1356
34 1357
35 1356
36 1356
37 1355
38 1357
39 1355
40 1356
41 1354
42 1356
43 1354
44 1355
45 1354
46 1354
47 1354
48 1354
49 1354
50 1357
51 1354
52 1354
53 1352
54 1353
55 1353
56 1354
57 1353
58 1354
59 1354
60 1356
61 1354
62 1356
63 1356
64 1358
65 1355
66 1358
67 1353
68 1357
69 1355
70 1358
71 1352
72 1357
73 1357
74 1357
75 1358
76 1358
77 1357
78 1355
79 1358
80 1360
81 1356
82 1357
83 1354
84 1358
85 1356
86 1356
87 1355
88 1357
89 1357
90 1356
91 1358
92 1359
93 1356
94 1358
95 1357
96 1357
97 1358
98 1357
99 1356
100 1357
101 1356
102 1357
103 1356
104 1358
105 1356
106 1359
107 1356
108 1357
109 1357
110 1358
111 1356
112 1357
113 1353
114 1355
115 1356
116 1359
117 1356
118 1358
119 1353
120 1360
121 1354
122 1358
123 1354
124 1360
125 1357
126 1360
127 1356
128 1357
129 1356
130 1358
131 1356
132 1357
133 1354
134 1354
135 1352
136 1356
137 1355
138 1356
139 1355
140 1355
141 1356
142 1356
143 1356
144 1358
145 1357
146 1358
147 1357
148 1356
149 1354
150 1357
151 1356
152 1356
153 1357
154 1356
155 1356
156 1354
157 1356
158 1356
159 1355
160 1356
161 1357
162 1357
163 1356
164 1358
165 1355
166 1359
167 1355
168 1356
169 1353
170 1357
171 1355
172 1356
173 1355
174 1357
175 1354
176 1355
177 1355
178 1354
179 1354
180 1361
181 1357
182 1356
183 1356
184 1354
185 1353
186 1358
187 1355
188 1356
189 1356
190 1358
191 1355
192 1356
193 1355
194 1357
195 1356
196 1358
197 1355
198 1356
199 1353
200 1358
201 1354
202 1360
203 1357
204 1357
205 1354
206 1356
207 1354
208 1356
209 1359
210 1358
211 1354
212 1356
213 1358
214 1358
215 1358
216 1357
217 1354
218 1357
219 1356
220 1356
221 1356
222 1357
223 1355
224 1355
225 1355
226 1355
227 1354
228 1357
229 1358
230 1361
231 1354
232 1354
233 1355
234 1355
235 1354
236 1356
237 1355
238 1356
239 1356
240 1357
241 1359
242 1359
243 1357
244 1354
245 1355
246 1357
247 1354
248 1355
249 1354
250 1356
251 1356
252 1357
253 1356
254 1356
255 1354
256 1356
257 1357
258 1356
259 1358
260 1357
261 1355
262 1357
263 1354
264 1356
265 1355
266 1354
267 1356
268 1355
269 1355
270 1357
271 1354
272 1356
273 1355
274 1357
275 1352
276 1357
277 1355
278 1359
279 1354
280 1357
281 1354
282 1358
283 1356
284 1357
285 1356
286 1357
287 1354
288 1354
289 1356
290 1356
291 1355
292 1357
293 1354
294 1354
295 1354
296 1357
297 1352
298 1355
299 1356
300 1358
301 1357
302 1356
303 1355
304 1356
305 1352
306 1357
307 1356
308 1355
309 1356
310 1359
311 1356
312 1358
313 1353
314 1360
315 1356
316 1357
317 1356
318 1357
319 1356
320 1354
321 1354
322 1356
323 1356
324 1357
325 1355
326 1356
327 1356
328 1357
329 1357
330 1357
331 1357
332 1355
333 1355
334 1357
335 1354
336 1359
337 1354
338 1356
339 1356
340 1358
341 1356
342 1358
343 1355
344 1356
345 1357
346 1357
347 1358
348 1357
349 1355
350 1357
351 1355
352 1354
353 1355
354 1356
355 1356
356 1355
357 1354
358 1353
359 1355
360 1357
361 1356
362 1355
363 1356
364 1358
365 1353
366 1358
367 1354
368 1354
369 1358
370 1359
371 1356
372 1355
373 1354
374 1357
375 1357
376 1356
377 1354
378 1353
379 1353
380 1357
381 1355
382 1358
383 1356
384 1355
385 1352
386 1354
387 1355
388 1355
389 1355
390 1357
391 1354
392 1354
393 1354
394 1356
395 1356
396 1356
397 1354
398 1355
399 1355
400 1357
401 1356
402 1357
403 1355
404 1358
405 1354
406 1358
407 1357
408 1356
409 1356
410 1355
411 1356
412 1356
413 1358
414 1355
415 1356
416 1358
417 1355
418 1355
419 1356
420 1357
421 1356
422 1358
423 1355
424 1358
425 1356
426 1355
427 1355
428 1357
429 1356
430 1360
431 1354
432 1356
433 1355
434 1357
435 1356
436 1355
437 1354
438 1357
439 1359
440 1356
441 1355
442 1356
443 1353
444 1355
445 1355
446 1357
447 1355
448 1357
449 1356
450 1358
451 1357
452 1358
453 1358
454 1358
455 1357
456 1357
457 1355
458 1357
459 1357
460 1359
461 1356
462 1355
463 1353
464 1355
465 1352
466 1353
467 1353
468 1354
469 1355
470 1357
471 1354
472 1353
473 1355
474 1354
475 1355
476 1355
477 1356
478 1354
479 1353
480 1355
481 1355
482 1355
483 1353
484 1353
485 1354
486 1354
487 1355
488 1356
489 1355
490 1355
491 1355
492 1355
493 1355
494 1358
495 1357
496 1356
497 1354
498 1357
499 1353
500 1357
501 1356
502 1358
503 1354
504 1356
505 1356
506 1355
507 1353
508 1354
509 1356
510 1355
511 1355
512 1357
513 1356
514 1355
515 1353
516 1356
517 1354
518 1356
519 1355
520 1355
521 1353
522 1353
523 1354
524 1355
525 1355
526 1359
527 1357
528 1356
529 1360
530 1359
531 1359
532 1366
533 1368
534 1380
535 1390
536 1414
537 1444
538 1492
539 1548
540 1628
541 1721
542 1821
543 1931
544 2050
545 2170
546 2290
547 2400
548 2499
549 2593
550 2672
551 2743
552 2794
553 2836
554 2870
555 2898
556 2912
557 2917
558 2902
559 2888
560 2864
561 2832
562 2788
563 2747
564 2691
565 2641
566 2585
567 2532
568 2479
569 2426
570 2378
571 2334
572 2282
573 2235
574 2187
575 2138
576 2094
577 2050
578 2007
579 1969
580 1926
581 1893
582 1859
583 1829
584 1794
585 1765
586 1738
587 1712
588 1685
589 1662
590 1645
591 1624
592 1603
593 1590
594 1577
595 1565
596 1549
597 1535
598 1523
599 1510
600 1501
601 1489
602 1484
603 1473
604 1467
605 1461
606 1453
607 1448
608 1441
609 1435
610 1430
611 1420
612 1418
613 1415
614 1414
615 1409
616 1404
617 1399
618 1399
619 1396
620 1397
621 1390
622 1389
623 1386
624 1383
625 1381
626 1379
627 1377
628 1377
629 1372
630 1371
631 1370
632 1369
633 1368
634 1367
635 1366
636 1365
637 1365
638 1367
639 1364
640 1366
641 1367
642 1363
643 1362
644 1363
645 1361
646 1364
647 1358
648 1360
649 1360
650 1362
651 1360
652 1358
653 1358
654 1361
655 1360
656 1360
657 1357
658 1358
659 1360
660 1361
661 1358
662 1357
663 1358
664 1358
665 1360
666 1358
667 1358
668 1360
669 1357
670 1358
671 1359
672 1357
673 1360
674 1354
675 1357
676 1358
677 1357
678 1358
679 1359
680 1357
681 1357
682 1359
683 1359
684 1358
685 1358
686 1359
687 1357
688 1359
689 1356
690 1355
691 1357
692 1356
693 1357
694 1359
695 1357
696 1355
697 1357
698 1357
699 1355
700 1356
701 1354
702 1356
703 1355
704 1356
705 1354
706 1355
707 1354
708 1358
709 1355
710 1358
711 1358
712 1359
713 1357
714 1357
715 1357
716 1356
717 1361
718 1357
719 1354
720 1357
721 1357
722 1357
723 1357
724 1358
725 1357
726 1358
727 1356
728 1356
729 1355
730 1355
731 1357
732 1359
733 1356
734 1356
735 1355
736 1357
737 1357
738 1358
739 1353
740 1357
741 1356
742 1357
743 1357
744 1356
745 1358
746 1359
747 1353
748 1354
749 1354
750 1359
751 1356
752 1355
753 1356
754 1355
755 1356
756 1359
757 1356
758 1357
759 1356
760 1355
761 1355
762 1355
763 1356
764 1357
765 1357
766 1359
767 1357
768 1357
769 1359
770 1360
771 1356
772 1357
773 1355
774 1357
775 1357
776 1356
777 1356
778 1354
779 1358
780 1357
781 1356
782 1358
783 1355
784 1358
785 1355
786 1357
787 1353
788 1355
789 1355
790 1359
791 1355
792 1355
793 1355
794 1356
795 1355
796 1357
797 1357
798 1357
799 1355
800 1357
801 1355
802 1358
803 1355
804 1357
805 1354
806 1357
807 1356
808 1357
809 1358
810 1359
811 1359
812 1356
813 1356
814 1355
815 1355
816 1356
817 1358
818 1358
819 1356
820 1354
821 1357
822 1356
823 1355
824 1354
825 1356
826 1356
827 1354
828 1356
829 1353
830 1354
831 1356
832 1359
833 1359
834 1358
835 1357
836 1356
837 1356
838 1356
839 1359
840 1357
841 1356
842 1358
843 1355
844 1356
845 1356
846 1358
847 1355
848 1358
849 1357
850 1358
851 1356
852 1357
853 1355
854 1357
855 1356
856 1358
857 1353
858 1356
859 1353
860 1355
861 1356
862 1359
863 1357
864 1355
865 1357
866 1356
867 1355
868 1355
869 1356
870 1357
871 1355
872 1353
873 1350
874 1355
875 1353
876 1357
877 1356
878 1354
879 1354
880 1356
881 1356
882 1354
883 1356
884 1358
885 1355
886 1357
887 1354
888 1357
889 1354
890 1358
891 1357
892 1357
893 1356
894 1362
895 1355
896 1358
897 1355
898 1357
899 1357
900 1358
901 1356
902 1355
903 1355
904 1357
905 1354
906 1358
907 1356
908 1358
909 1356
910 1355
911 1357
912 1356
913 1354
914 1354
915 1355
916 1357
917 1356
918 1354
919 1356
920 1357
921 1354
922 1356
923 1355
924 1357
925 1355
926 1357
927 1355
928 1357
929 1357
930 1356
931 1357
932 1357
933 1352
934 1358
935 1355
936 1354
937 1353
938 1353
939 1354
940 1355
941 1357
942 1357
943 1353
944 1359
945 1356
946 1357
947 1354
948 1357
949 1355
950 1357
951 1354
952 1355
953 1355
954 1354
955 1355
956 1357
957 1356
958 1357
959 1356
960 1358
961 1356
962 1356
963 1358
964 1356
965 1356
966 1357
967 1356
968 1355
969 1356
970 1359
971 1354
972 1355
973 1357
974 1357
975 1355
976 1358
977 1353
978 1356
979 1353
980 1357
981 1353
982 1359
983 1356
984 1357
985 1356
986 1355
987 1355
988 1359
989 1356
990 1358
991 1355
992 1357
993 1355
994 1355
995 1353
996 1354
997 1352
998 1357
999 1354
1000 1358
1001 1358
1002 1356
1003 1354
1004 1356
1005 1354
1006 1358
1007 1355
1008 1357
1009 1355
1010 1357
1011 1355
1012 1357
1013 1359
1014 1357
1015 1357
1016 1360
1017 1356
1018 1358
1019 1356
1020 1356
1021 1357
1022 1357
1023 1356
1024 1355
1025 1355
1026 1357
1027 1357
1028 1354
1029 1354
1030 1360
1031 1355
1032 1356
1033 1355
1034 1357
1035 1356
1036 1356
1037 1354
1038 1354
1039 1355
1040 1357
1041 1357
1042 1356
1043 1357
1044 1359
1045 1359
1046 1358
1047 1358
1048 1357
1049 1356
1050 1358
1051 1358
1052 1355
1053 1357
1054 1356
1055 1355
1056 1357
1057 1352
1058 1357
1059 1356
1060 1356
1061 1356
1062 1353
1063 1356
1064 1357
1065 1355
1066 1357
1067 1352
1068 1354
1069 1355
1070 1353
1071 1353
1072 1355
1073 1356
1074 1357
1075 1355
1076 1357
1077 1356
1078 1354
1079 1355
1080 1357
1081 1359
1082 1356
1083 1356
1084 1357
1085 1357
1086 1355
1087 1358
1088 1357
1089 1357
1090 1358
1091 1356
1092 1357
1093 1356
1094 1355
1095 1356
1096 1355
1097 1354
1098 1357
1099 1355
1100 1355
1101 1356
1102 1357
1103 1357
1104 1356
1105 1360
1106 1357
1107 1357
1108 1357
1109 1356
1110 1356
1111 1355
1112 1357
1113 1357
1114 1356
1115 1356
1116 1356
1117 1358
1118 1357
1119 1355
1120 1357
1121 1356
1122 1356
1123 1356
1124 1357
1125 1356
1126 1358
1127 1355
1128 1355
1129 1356
1130 1354
1131 1359
1132 1356
1133 1354
1134 1356
1135 1357
1136 1357
1137 1355
1138 1355
1139 1356
1140 1355
1141 1358
1142 1357
1143 1357
1144 1352
1145 1355
1146 1356
1147 1356
1148 1356
1149 1353
1150 1356
1151 1357
1152 1358
1153 1354
1154 1354
1155 1355
1156 1357
1157 1355
1158 1355
1159 1355
1160 1358
1161 1358
1162 1356
1163 1354
1164 1356
1165 1356
1166 1357
1167 1354
1168 1356
1169 1356
1170 1356
1171 1356
1172 1356
1173 1356
1174 1355
1175 1357
1176 1358
1177 1356
1178 1359
1179 1356
1180 1354
1181 1351
1182 1356
1183 1354
1184 1356
1185 1355
1186 1354
1187 1354
1188 1355
1189 1356
1190 1356
1191 1356
1192 1356
1193 1355
1194 1359
1195 1355
1196 1357
1197 1355
1198 1357
1199 1356
1200 1353
1201 1356
1202 1356
1203 1357
1204 1358
1205 1355
1206 1357
1207 1355
1208 1356
1209 1356
1210 1355
1211 1355
1212 1355
1213 1355
1214 1355
1215 1356
1216 1357
1217 1354
1218 1355
1219 1356
1220 1358
1221 1354
1222 1354
1223 1355
1224 1356
1225 1356
1226 1355
1227 1354
1228 1355
1229 1354
1230 1356
1231 1356
1232 1358
1233 1356
1234 1356
1235 1352
1236 1353
1237 1352
1238 1355
1239 1353
1240 1355
1241 1355
1242 1356
1243 1353
1244 1355
1245 1354
1246 1354
1247 1355
1248 1354
1249 1356
1250 1358
1251 1356
1252 1354
1253 1356
1254 1357
1255 1355
1256 1357
1257 1355
1258 1357
1259 1356
1260 1355
1261 1356
1262 1356
1263 1355
1264 1354
1265 1353
1266 1353
1267 1356
1268 1356
1269 1356
1270 1356
1271 1356
1272 1357
1273 1358
1274 1357
1275 1353
1276 1356
1277 1357
1278 1358
1279 1356
1280 1357
1281 1357
1282 1356
1283 1356
1284 1357
1285 1356
1286 1356
1287 1358
1288 1357
1289 1355
1290 1356
1291 1357
1292 1357
1293 1358
1294 1357
1295 1354
1296 1359
1297 1356
1298 1356
1299 1355
1300 1356
1301 1356
1302 1355
1303 1356
1304 1358
1305 1356
1306 1354
1307 1353
1308 1355
1309 1355
1310 1354
1311 1354
1312 1354
1313 1356
1314 1357
1315 1355
1316 1356
1317 1354
1318 1354
1319 1358
1320 1357
1321 1357
1322 1355
1323 1357
1324 1356
1325 1356
1326 1357
1327 1353
1328 1355
1329 1356
1330 1358
1331 1356
1332 1357
1333 1355
1334 1357
1335 1356
1336 1358
1337 1355
1338 1355
1339 1354
1340 1353
1341 1355
1342 1357
1343 1358
1344 1357
1345 1355
1346 1356
1347 1354
1348 1352
1349 1356
1350 1357
1351 1354
1352 1356
1353 1353
1354 1356
1355 1355
1356 1356
1357 1356
1358 1355
1359 1357
1360 1355
1361 1355
1362 1357
1363 1353
1364 1355
1365 1355
1366 1356
1367 1355
1368 1355
1369 1355
1370 1354
1371 1353
1372 1354
1373 1354
1374 1354
1375 1355
1376 1357
1377 1357
1378 1356
1379 1356
1380 1359
1381 1357
1382 1353
1383 1355
1384 1357
1385 1356
1386 1356
1387 1353
1388 1354
1389 1356
1390 1358
1391 1356
1392 1357
1393 1352
1394 1356
1395 1357
1396 1356
1397 1356
1398 1355
1399 1356
1400 1357
1401 1357
1402 1355
1403 1356
1404 1352
1405 1356
1406 1356
1407 1356
1408 1355
1409 1357
1410 1360
1411 1359
1412 1356
1413 1357
1414 1357
1415 1358
1416 1357
1417 1354
1418 1358
1419 1357
1420 1356
1421 1355
1422 1358
1423 1357
1424 1356
1425 1357
1426 1356
1427 1356
1428 1354
1429 1354
1430 1357
1431 1357
1432 1357
1433 1355
1434 1357
1435 1356
1436 1355
1437 1356
1438 1353
1439 1355
1440 1356
1441 1356
1442 1354
1443 1356
1444 1358
1445 1357
1446 1355
1447 1355
1448 1355
1449 1356
1450 1355
1451 1355
1452 1354
1453 1356
1454 1355
1455 1356
1456 1355
1457 1357
1458 1357
1459 1355
1460 1355
1461 1355
1462 1356
1463 1358
1464 1354
1465 1357
1466 1354
1467 1353
1468 1357
1469 1355
1470 1354
1471 1357
1472 1358
1473 1358
1474 1355
1475 1357
1476 1356
1477 1358
1478 1355
1479 1358
1480 1356
1481 1356
1482 1353
1483 1353
1484 1356
1485 1356
1486 1355
1487 1354
1488 1355
1489 1359
1490 1356
1491 1354
1492 1358
1493 1356
1494 1359
1495 1356
1496 1357
1497 1357
1498 1356
1499 1356
1500 1353
1501 1354
1502 1356
1503 1356
1504 1353
1505 1356
1506 1358
1507 1357
1508 1356
1509 1358
1510 1362
1511 1359
1512 1360
1513 1355
1514 1356
1515 1356
1516 1357
1517 1353
1518 1357
1519 1353
1520 1357
1521 1356
1522 1357
1523 1356
1524 1355
1525 1354
1526 1359
1527 1357
1528 1356
1529 1357
1530 1356
1531 1356
1532 1355
1533 1355
1534 1355
1535 1355
1536 1353
1537 1353
1538 1355
1539 1358
1540 1357
1541 1354
1542 1357
1543 1357
1544 1356
1545 1356
1546 1358
1547 1356
1548 1353
1549 1352
1550 1357
1551 1354
1552 1356
1553 1355
1554 1356
1555 1353
1556 1357
1557 1355
1558 1355
1559 1355
1560 1353
1561 1356
1562 1356
1563 1355
1564 1357
1565 1356
1566 1354
1567 1354
1568 1357
1569 1358
1570 1359
1571 1355
1572 1357
1573 1354
1574 1357
1575 1356
1576 1356
1577 1353
1578 1357
1579 1354
1580 1356
1581 1355
1582 1356
1583 1355
1584 1356
1585 1357
1586 1355
1587 1356
1588 1359
1589 1356
1590 1360
1591 1356
1592 1357
1593 1355
1594 1355
1595 1355
1596 1357
1597 1355
1598 1354
1599 1357
1600 1360
1601 1357
1602 1357
1603 1355
1604 1356
1605 1355
1606 1356
1607 1356
1608 1356
1609 1354
1610 1358
1611 1356
1612 1356
1613 1354
1614 1357
1615 1356
1616 1355
1617 1359
1618 1357
1619 1359
1620 1355
1621 1357
1622 1355
1623 1355
1624 1357
1625 1355
1626 1357
1627 1357
1628 1355
1629 1359
1630 1358
1631 1356
1632 1356
1633 1357
1634 1357
1635 1357
1636 1357
1637 1359
1638 1357
1639 1354
1640 1357
1641 1355
1642 1354
1643 1355
1644 1356
1645 1354
1646 1355
1647 1357
1648 1358
1649 1358
1650 1354
1651 1355
1652 1355
1653 1354
1654 1356
1655 1355
1656 1355
1657 1356
1658 1355
1659 1357
1660 1355
1661 1357
1662 1358
1663 1356
1664 1357
1665 1356
1666 1356
1667 1357
1668 1356
1669 1356
1670 1355
1671 1355
1672 1356
1673 1356
1674 1356
1675 1356
1676 1357
1677 1357
1678 1358
1679 1357
1680 1354
1681 1356
1682 1354
1683 1356
1684 1356
1685 1359
1686 1357
1687 1355
1688 1358
1689 1356
1690 1357
1691 1358
1692 1356
1693 1357
1694 1357
1695 1358
1696 1355
1697 1354
1698 1355
1699 1355
1700 1356
1701 1360
1702 1357
1703 1355
1704 1351
1705 1355
1706 1354
1707 1355
1708 1356
1709 1353
1710 1353
1711 1355
1712 1356
1713 1356
1714 1354
1715 1357
1716 1358
1717 1357
1718 1356
1719 1359
1720 1353
1721 1356
1722 1356
1723 1355
1724 1352
1725 1355
1726 1356
1727 1355
1728 1353
1729 1355
1730 1357
1731 1356
1732 1354
1733 1356
1734 1354
1735 1355
1736 1357
1737 1355
1738 1353
1739 1354
1740 1355
1741 1357
1742 1355
1743 1358
1744 1357
1745 1358
1746 1356
1747 1356
1748 1351
1749 1356
1750 1357
1751 1357
1752 1356
1753 1355
1754 1356
1755 1358
1756 1357
1757 1358
1758 1353
1759 1357
1760 1361
1761 1355
1762 1357
1763 1356
1764 1356
1765 1355
1766 1355
1767 1357
1768 1358
1769 1357
1770 1356
1771 1356
1772 1353
1773 1357
1774 1356
1775 1356
1776 1353
1777 1354
1778 1354
1779 1354
1780 1354
1781 1355
1782 1356
1783 1355
1784 1354
1785 1355
1786 1354
1787 1353
1788 1355
1789 1356
1790 1359
1791 1356
1792 1354
1793 1357
1794 1355
1795 1356
1796 1356
1797 1356
1798 1355
1799 1353
1800 1356
1801 1356
1802 1355
1803 1357
1804 1356
1805 1355
1806 1357
1807 1356
1808 1356
1809 1355
1810 1354
1811 1357
1812 1357
1813 1355
1814 1355
1815 1356
1816 1356
1817 1356
1818 1354
1819 1355
1820 1361
1821 1357
1822 1354
1823 1357
1824 1355
1825 1355
1826 1356
1827 1355
1828 1353
1829 1358
1830 1353
1831 1356
1832 1353
1833 1356
1834 1357
1835 1357
1836 1356
1837 1355
1838 1354
1839 1358
1840 1357
1841 1356
1842 1356
1843 1358
1844 1355
1845 1356
1846 1353
1847 1356
1848 1357
1849 1357
1850 1356
1851 1357
1852 1356
1853 1355
1854 1355
1855 1354
1856 1356
1857 1357
1858 1357
1859 1355
1860 1355
1861 1353
1862 1357
1863 1354
1864 1356
1865 1357
1866 1357
1867 1355
1868 1356
1869 1355
1870 1355
1871 1356
1872 1357
1873 1356
1874 1354
1875 1355
1876 1357
1877 1356
1878 1356
1879 1356
1880 1355
1881 1355
1882 1355
1883 1356
1884 1356
1885 1358
1886 1356
1887 1358
1888 1354
1889 1356
1890 1357
1891 1356
1892 1356
1893 1356
1894 1354
1895 1356
1896 1357
1897 1355
1898 1357
1899 1353
1900 1353
1901 1354
1902 1354
1903 1357
1904 1354
1905 1356
1906 1355
1907 1357
1908 1356
1909 1357
1910 1357
1911 1358
1912 1355
1913 1357
1914 1356
1915 1354
1916 1355
1917 1352
1918 1355
1919 1357
1920 1357
1921 1356
1922 1356
1923 1355
1924 1359
1925 1357
1926 1359
1927 1356
1928 1357
1929 1357
1930 1358
1931 1358
1932 1355
1933 1356
1934 1360
1935 1361
1936 1357
1937 1357
1938 1354
1939 1356
1940 1355
1941 1355
1942 1354
1943 1355
1944 1354
1945 1355
1946 1356
1947 1354
1948 1351
1949 1355
1950 1358
1951 1356
1952 1359
1953 1356
1954 1356
1955 1356
1956 1352
1957 1357
1958 1354
1959 1357
1960 1356
1961 1358
1962 1358
1963 1358
1964 1357
1965 1356
1966 1359
1967 1356
1968 1357
1969 1356
1970 1357
1971 1356
1972 1359
1973 1356
1974 1357
1975 1356
1976 1354
1977 1356
1978 1354
1979 1357
1980 1358
1981 1356
1982 1359
1983 1353
1984 1356
1985 1356
1986 1357
1987 1354
1988 1355
1989 1353
1990 1356
1991 1356
1992 1358
1993 1353
1994 1356
1995 1357
1996 1359
1997 1356
1998 1355
1999 1356
2000 1357
2001 1357
2002 1355
2003 1354
2004 1353
2005 1356
2006 1353
2007 1355
2008 1353
2009 1357
2010 1357
2011 1358
2012 1358
2013 1357
2014 1356
2015 1357
2016 1356
2017 1356
2018 1355
2019 1355
2020 1357
2021 1358
2022 1358
2023 1360
2024 1358
2025 1356
2026 1359
2027 1357
2028 1357
2029 1357
2030 1357
2031 1356
2032 1355
2033 1356
2034 1355
2035 1355
2036 1355
2037 1358
2038 1354
2039 1354
2040 1355
2041 1356
2042 1357
2043 1355
2044 1354
2045 1357
2046 1355
2047 1355
2048 1353
2049 1355
2050 1356
2051 1356
2052 1357
2053 1355
2054 1357
2055 1358
2056 1355
2057 1356
2058 1354
2059 1356
2060 1356
2061 1356
2062 1357
2063 1358
2064 1357
2065 1356
2066 1355
2067 1358
2068 1355
2069 1356
2070 1354
2071 1355
2072 1354
2073 1354
2074 1356
2075 1355
2076 1354
2077 1353
2078 1354
2079 1358
2080 1359
2081 1358
2082 1356
2083 1357
2084 1356
2085 1358
2086 1356
2087 1355
2088 1357
2089 1354
2090 1358
2091 1357
2092 1357
2093 1357
2094 1355
2095 1355
2096 1355
2097 1356
2098 1356
2099 1356
2100 1354
2101 1356
2102 1357
2103 1358
2104 1355
2105 1356
2106 1357
2107 1354
2108 1356
2109 1354
2110 1357
2111 1357
2112 1356
2113 1359
2114 1355
2115 1355
2116 1355
2117 1359
2118 1355
2119 1356
2120 1355
2121 1356
2122 1358
2123 1358
2124 1356
2125 1356
2126 1358
2127 1359
2128 1356
2129 1355
2130 1356
2131 1356
2132 1356
2133 1355
2134 1353
2135 1356
2136 1357
2137 1354
2138 1355
2139 1357
2140 1356
2141 1356
2142 1357
2143 1359
2144 1356
2145 1357
2146 1359
2147 1354
2148 1357
2149 1357
2150 1358
2151 1356
2152 1355
2153 1357
2154 1357
2155 1355
2156 1357
2157 1357
2158 1357
2159 1355
2160 1357
2161 1356
2162 1358
2163 1357
2164 1357
2165 1353
2166 1356
2167 1356
2168 1356
2169 1357
2170 1361
2171 1357
2172 1357
2173 1358
2174 1356
2175 1357
2176 1355
2177 1358
2178 1358
2179 1357
2180 1357
2181 1353
2182 1356
2183 1356
2184 1357
2185 1355
2186 1358
2187 1353
2188 1357
2189 1358
2190 1358
2191 1356
2192 1355
2193 1354
2194 1355
2195 1356
2196 1357
2197 1356
2198 1355
2199 1357
2200 1360
2201 1358
2202 1357
2203 1355
2204 1354
2205 1355
2206 1355
2207 1356
2208 1358
2209 1356
2210 1356
2211 1359
2212 1361
2213 1358
2214 1357
2215 1355
2216 1355
2217 1355
2218 1357
2219 1357
2220 1356
2221 1357
2222 1355
2223 1355
2224 1355
2225 1356
2226 1357
2227 1358
2228 1357
2229 1356
2230 1354
2231 1356
2232 1358
2233 1356
2234 1356
2235 1355
2236 1355
2237 1354
2238 1354
2239 1358
2240 1357
2241 1357
2242 1356
2243 1356
2244 1356
2245 1356
2246 1356
2247 1355
2248 1356
2249 1356
2250 1357
2251 1355
2252 1356
2253 1355
2254 1355
2255 1353
2256 1357
2257 1354
2258 1354
2259 1357
2260 1355
2261 1355
2262 1355
2263 1355
2264 1356
2265 1356
2266 1356
2267 1355
2268 1356
2269 1355
2270 1359
2271 1355
2272 1356
2273 1356
2274 1355
2275 1358
2276 1357
2277 1356
2278 1354
2279 1356
2280 1353
2281 1357
2282 1357
2283 1356
2284 1358
2285 1356
2286 1356
2287 1357
2288 1356
2289 1355
2290 1357
2291 1354
2292 1357
2293 1354
2294 1357
2295 1355
2296 1355
2297 1353
2298 1356
2299 1356
2300 1361
2301 1357
2302 1357
2303 1356
2304 1355
2305 1352
2306 1357
2307 1355
2308 1357
2309 1355
2310 1353
2311 1357
2312 1356
2313 1354
2314 1357
2315 1357
2316 1356
2317 1354
2318 1357
2319 1356
2320 1356
2321 1356
2322 1357
2323 1355
2324 1353
2325 1354
2326 1357
2327 1357
2328 1355
2329 1355
2330 1359
2331 1355
2332 1355
2333 1356
2334 1354
2335 1356
2336 1357
2337 1356
2338 1355
2339 1354
2340 1358
2341 1353
2342 1356
2343 1355
2344 1355
2345 1355
2346 1355
2347 1354
2348 1356
2349 1353
2350 1354
2351 1356
2352 1353
2353 1356
2354 1356
2355 1355
2356 1358
2357 1354
2358 1356
2359 1357
2360 1357
2361 1356
2362 1358
2363 1357
2364 1357
2365 1356
2366 1355
2367 1358
2368 1355
2369 1355
2370 1357
2371 1356
2372 1356
2373 1355
2374 1356
2375 1356
2376 1357
2377 1356
2378 1358
2379 1354
2380 1356
2381 1356
2382 1356
2383 1356
2384 1357
2385 1356
2386 1358
2387 1354
2388 1354
2389 1357
2390 1357
2391 1357
2392 1356
2393 1359
2394 1357
2395 1353
2396 1356
2397 1356
2398 1357
2399 1355
2400 1357
2401 1355
2402 1357
2403 1357
2404 1357
2405 1354
2406 1354
2407 1353
2408 1355
2409 1355
2410 1357
2411 1353
2412 1356
2413 1357
2414 1357
2415 1353
2416 1354
2417 1352
2418 1356
2419 1357
2420 1358
2421 1357
2422 1356
2423 1355
2424 1356
2425 1354
2426 1355
2427 1357
2428 1354
2429 1355
2430 1355
2431 1356
2432 1355
2433 1355
2434 1357
2435 1355
2436 1357
2437 1352
2438 1356
2439 1358
2440 1355
2441 1356
2442 1357
2443 1356
2444 1356
2445 1357
2446 1354
2447 1354
2448 1357
2449 1356
2450 1356
2451 1356
2452 1356
2453 1356
2454 1356
2455 1353
2456 1357
2457 1353
2458 1354
2459 1354
2460 1359
2461 1355
2462 1356
2463 1353
2464 1354
2465 1356
2466 1357
2467 1353
2468 1353
2469 1352
2470 1357
2471 1353
2472 1359
2473 1355
2474 1357
2475 1356
2476 1357
2477 1358
2478 1359
2479 1356
2480 1355
2481 1355
2482 1354
2483 1354
2484 1356
2485 1357
2486 1357
2487 1358
2488 1354
2489 1356
2490 1358
2491 1354
2492 1355
2493 1356
2494 1357
2495 1353
2496 1353
2497 1355
2498 1356
2499 1356
2500 1357
2501 1356
2502 1357
2503 1355
2504 1357
2505 1356
2506 1353
2507 1357
2508 1358
2509 1357
2510 1355
2511 1359
2512 1355
2513 1356
2514 1356
2515 1356
2516 1356
2517 1358
2518 1355
2519 1354
2520 1358
2521 1358
2522 1357
2523 1357
2524 1355
2525 1355
2526 1356
2527 1355
2528 1358
2529 1356
2530 1358
2531 1357
2532 1357
2533 1357
2534 1356
2535 1354
2536 1357
2537 1357
2538 1358
2539 1356
2540 1360
2541 1357
2542 1358
2543 1357
2544 1357
2545 1356
2546 1356
2547 1353
2548 1356
2549 1358
2550 1358
2551 1356
2552 1352
2553 1356
2554 1357
2555 1355
2556 1358
2557 1352
2558 1357
2559 1354
2560 1354
2561 1355
2562 1355
2563 1354
2564 1357
2565 1358
2566 1357
2567 1358
2568 1357
2569 1358
2570 1357
2571 1356
2572 1357
2573 1357
2574 1357
2575 1361
2576 1356
2577 1354
2578 1353
2579 1356
2580 1357
2581 1355
2582 1355
2583 1354
2584 1358
2585 1358
2586 1357
2587 1355
2588 1355
2589 1356
2590 1356
2591 1354
2592 1355
2593 1354
2594 1354
2595 1356
2596 1355
2597 1356
2598 1354
2599 1355
2600 1356
2601 1356
2602 1355
2603 1356
2604 1355
2605 1358
2606 1357
2607 1359
2608 1357
2609 1356
2610 1355
2611 1357
2612 1356
2613 1357
2614 1357
2615 1356
2616 1356
2617 1356
2618 1356
2619 1356
2620 1354
2621 1356
2622 1355
2623 1355
2624 1357
2625 1356
2626 1355
2627 1356
2628 1357
2629 1357
2630 1357
2631 1353
2632 1355
2633 1355
2634 1357
2635 1358
2636 1357
2637 1356
2638 1356
2639 1357
2640 1359
2641 1359
2642 1357
2643 1354
2644 1357
2645 1356
2646 1356
2647 1355
2648 1355
2649 1354
2650 1356
2651 1355
2652 1357
2653 1353
2654 1357
2655 1355
2656 1357
2657 1356
2658 1355
2659 1355
2660 1355
2661 1357
2662 1357
2663 1355
2664 1356
2665 1356
2666 1357
2667 1356
2668 1357
2669 1357
2670 1358
2671 1356
2672 1357
2673 1358
2674 1356
2675 1356
2676 1357
2677 1353
2678 1351
2679 1356
2680 1353
2681 1355
2682 1356
2683 1354
2684 1357
2685 1356
2686 1356
2687 1356
2688 1356
2689 1354
2690 1353
2691 1356
2692 1358
2693 1356
2694 1357
2695 1355
2696 1356
2697 1355
2698 1355
2699 1358
2700 1355
2701 1356
2702 1357
2703 1354
2704 1356
2705 1356
2706 1357
2707 1354
2708 1353
2709 1358
2710 1357
2711 1357
2712 1360
2713 1354
2714 1354
2715 1354
2716 1356
2717 1359
2718 1356
2719 1355
2720 1355
2721 1359
2722 1358
2723 1357
2724 1359
2725 1359
2726 1358
2727 1355
2728 1356
2729 1356
2730 1357
2731 1357
2732 1357
2733 1356
2734 1357
2735 1357
2736 1356
2737 1355
2738 1353
2739 1359
2740 1356
2741 1354
2742 1355
2743 1357
2744 1358
2745 1357
2746 1357
2747 1356
2748 1357
2749 1357
2750 1354
2751 1358
2752 1357
2753 1358
2754 1357
2755 1357
2756 1359
2757 1359
2758 1357
2759 1356
2760 1357
2761 1357
2762 1354
2763 1356
2764 1354
2765 1356
2766 1356
2767 1357
2768 1356
2769 1356
2770 1358
2771 1355
2772 1356
2773 1358
2774 1355
2775 1354
2776 1355
2777 1358
2778 1357
2779 1357
2780 1354
2781 1359
2782 1356
2783 1358
2784 1357
2785 1360
2786 1356
2787 1359
2788 1357
2789 1357
2790 1358
2791 1357
2792 1358
2793 1357
2794 1354
2795 1358
2796 1357
2797 1357
2798 1357
2799 1358
2800 1358
2801 1352
2802 1357
2803 1353
2804 1357
2805 1355
2806 1356
2807 1355
2808 1355
2809 1355
2810 1356
2811 1357
2812 1356
2813 1357
2814 1354
2815 1356
2816 1359
2817 1357
2818 1358
2819 1355
2820 1357
2821 1357
2822 1359
2823 1358
2824 1356
2825 1356
2826 1357
2827 1356
2828 1357
2829 1357
2830 1358
2831 1359
2832 1360
2833 1354
2834 1357
2835 1355
2836 1357
2837 1353
2838 1354
2839 1356
2840 1363
2841 1357
2842 1355
2843 1355
2844 1357
2845 1356
2846 1357
2847 1356
2848 1357
2849 1356
2850 1355
2851 1353
2852 1356
2853 1356
2854 1358
2855 1358
2856 1359
2857 1356
2858 1357
2859 1353
2860 1356
2861 1357
2862 1358
2863 1355
2864 1359
2865 1360
2866 1356
2867 1356
2868 1354
2869 1353
2870 1358
2871 1358
2872 1357
2873 1355
2874 1357
2875 1356
2876 1355
2877 1359
2878 1357
2879 1355
2880 1355
2881 1357
2882 1354
2883 1357
2884 1357
2885 1355
2886 1357
2887 1356
2888 1357
2889 1359
2890 1357
2891 1354
2892 1355
2893 1355
2894 1357
2895 1356
2896 1358
2897 1354
2898 1354
2899 1356
2900 1359
2901 1356
2902 1357
2903 1356
2904 1357
2905 1358
2906 1355
2907 1355
2908 1357
2909 1353
2910 1357
2911 1356
2912 1358
2913 1359
2914 1357
2915 1356
2916 1356
2917 1357
2918 1356
2919 1357
2920 1357
2921 1358
2922 1357
2923 1355
2924 1357
2925 1356
2926 1356
2927 1356
2928 1354
2929 1357
2930 1356
2931 1358
2932 1357
2933 1358
2934 1358
2935 1358
2936 1357
2937 1356
2938 1356
2939 1357
2940 1357
2941 1356
2942 1358
2943 1356
2944 1358
2945 1358
2946 1357
2947 1358
2948 1357
2949 1356
2950 1357
2951 1356
2952 1356
2953 1356
2954 1352
2955 1357
2956 1354
2957 1356
2958 1354
2959 1356
2960 1357
2961 1355
2962 1360
2963 1355
2964 1357
2965 1355
2966 1356
2967 1354
2968 1355
2969 1356
2970 1358
2971 1357
2972 1360
2973 1357
2974 1358
2975 1360
2976 1358
2977 1356
2978 1355
2979 1356
2980 1357
2981 1353
2982 1354
2983 1356
2984 1357
2985 1355
2986 1355
2987 1353
2988 1356
2989 1355
2990 1354
2991 1355
2992 1356
2993 1356
2994 1357
2995 1357
2996 1357
2997 1358
2998 1356
2999 1357
3000 1359
3001 1357
3002 1357
3003 1356
3004 1357
3005 1356
3006 1357
3007 1357
3008 1356
3009 1355
3010 1356
3011 1357
3012 1357
3013 1354
3014 1356
3015 1357
3016 1357
3017 1356
3018 1354
3019 1351
3020 1355
3021 1356
3022 1358
3023 1357
3024 1355
3025 1356
3026 1357
3027 1352
3028 1356
3029 1355
3030 1358
3031 1359
3032 1357
3033 1357
3034 1358
3035 1357
3036 1357
3037 1354
3038 1355
3039 1356
3040 1355
3041 1356
3042 1357
3043 1357
3044 1358
3045 1357
3046 1358
3047 1355
3048 1357
3049 1356
3050 1357
3051 1356
3052 1356
3053 1356
3054 1357
3055 1356
3056 1356
3057 1355
3058 1354
3059 1356
3060 1359
3061 1356
3062 1356
3063 1356
3064 1357
3065 1356
3066 1359
3067 1358
3068 1357
3069 1356
3070 1355
3071 1355
3072 1354
3073 1356
3074 1357
3075 1358
3076 1357
3077 1358
3078 1355
3079 1352
3080 1357
3081 1354
3082 1355
3083 1354
3084 1355
3085 1355
3086 1357
3087 1355
3088 1356
3089 1355
3090 1358
3091 1357
3092 1359
3093 1356
3094 1359
3095 1358
3096 1355
3097 1355
3098 1357
3099 1358
3100 1359
3101 1357
3102 1359
3103 1357
3104 1356
3105 1354
3106 1354
3107 1353
3108 1353
3109 1358
3110 1355
3111 1354
3112 1355
3113 1354
3114 1356
3115 1357
3116 1356
3117 1355
3118 1355
3119 1358
3120 1357
3121 1356
3122 1355
3123 1357
3124 1357
3125 1357
3126 1356
3127 1356
3128 1357
3129 1357
3130 1357
3131 1355
3132 1358
3133 1355
3134 1358
3135 1355
3136 1358
3137 1354
3138 1353
3139 1355
3140 1356
3141 1357
3142 1355
3143 1355
3144 1356
3145 1355
3146 1355
3147 1358
3148 1354
3149 1355
3150 1357
3151 1355
3152 1356
3153 1358
3154 1355
3155 1358
3156 1356
3157 1358
3158 1355
3159 1357
3160 1354
3161 1356
3162 1354
3163 1354
3164 1357
3165 1355
3166 1358
3167 1356
3168 1356
3169 1356
3170 1358
3171 1356
3172 1356
3173 1354
3174 1357
3175 1357
3176 1357
3177 1354
3178 1357
3179 1357
3180 1355
3181 1354
3182 1354
3183 1355
3184 1357
3185 1357
3186 1358
3187 1357
3188 1358
3189 1355
3190 1355
3191 1354
3192 1356
3193 1353
3194 1356
3195 1355
3196 1355
3197 1357
3198 1357
3199 1356
3200 1356
3201 1356
3202 1356
3203 1354
3204 1357
3205 1355
3206 1355
3207 1355
3208 1356
3209 1352
3210 1357
3211 1357
3212 1358
3213 1354
3214 1357
3215 1358
3216 1355
3217 1355
3218 1350
3219 1356
3220 1359
3221 1357
3222 1356
3223 1354
3224 1357
3225 1359
3226 1357
3227 1356
3228 1355
3229 1356
3230 1356
3231 1357
3232 1354
3233 1354
3234 1352
3235 1356
3236 1357
3237 1357
3238 1356
3239 1356
3240 1356
3241 1353
3242 1354
3243 1356
3244 1357
3245 1357
3246 1357
3247 1355
3248 1356
3249 1357
3250 1359
3251 1357
3252 1356
3253 1355
3254 1356
3255 1356
3256 1358
3257 1356
3258 1356
3259 1356
3260 1355
3261 1355
3262 1355
3263 1356
3264 1355
3265 1357
3266 1356
3267 1357
3268 1354
3269 1355
3270 1356
3271 1356
3272 1356
3273 1358
3274 1357
3275 1355
3276 1355
3277 1354
3278 1353
3279 1354
3280 1359
3281 1356
3282 1356
3283 1357
3284 1354
3285 1356
3286 1359
3287 1355
3288 1357
3289 1356
3290 1355
3291 1355
3292 1354
3293 1352
3294 1357
3295 1355
3296 1358
3297 1356
3298 1355
3299 1353
3300 1357
3301 1357
3302 1355
3303 1355
3304 1358
3305 1357
3306 1355
3307 1353
3308 1353
3309 1355
3310 1358
3311 1355
3312 1358
3313 1357
3314 1355
3315 1355
3316 1353
3317 1354
3318 1355
3319 1356
3320 1354
3321 1355
3322 1359
3323 1355
3324 1357
3325 1358
3326 1357
3327 1356
3328 1357
3329 1356
3330 1355
3331 1356
3332 1357
3333 1355
3334 1354
3335 1356
3336 1357
3337 1356
3338 1357
3339 1356
3340 1358
3341 1358
3342 1355
3343 1355
3344 1356
3345 1357
3346 1356
3347 1355
3348 1355
3349 1355
3350 1355
3351 1354
3352 1357
3353 1354
3354 1356
3355 1356
3356 1357
3357 1356
3358 1354
3359 1356
3360 1355
3361 1355
3362 1356
3363 1357
3364 1357
3365 1354
3366 1356
3367 1356
3368 1359
3369 1358
3370 1357
3371 1357
3372 1354
3373 1355
3374 1356
3375 1356
3376 1356
3377 1355
3378 1355
3379 1354
3380 1355
3381 1356
3382 1359
3383 1356
3384 1356
3385 1355
3386 1355
3387 1354
3388 1352
3389 1355
3390 1354
3391 1356
3392 1356
3393 1356
3394 1358
3395 1359
3396 1358
3397 1356
3398 1355
3399 1357
3400 1360
3401 1357
3402 1361
3403 1356
3404 1357
3405 1355
3406 1360
3407 1356
3408 1356
3409 1357
3410 1358
3411 1361
3412 1358
3413 1357
3414 1357
3415 1356
3416 1357
3417 1356
3418 1354
3419 1354
3420 1352
3421 1354
3422 1355
3423 1355
3424 1355
3425 1356
3426 1355
3427 1357
3428 1357
3429 1356
3430 1355
3431 1357
3432 1355
3433 1355
3434 1355
3435 1357
3436 1357
3437 1356
3438 1356
3439 1356
3440 1357
3441 1357
3442 1357
3443 1356
3444 1356
3445 1353
3446 1357
3447 1354
3448 1354
3449 1357
3450 1357
3451 1357
3452 1357
3453 1355
3454 1357
3455 1357
3456 1357
3457 1356
3458 1357
3459 1356
3460 1353
3461 1356
3462 1354
3463 1356
3464 1355
3465 1356
3466 1354
3467 1356
3468 1354
3469 1357
3470 1358
3471 1358
3472 1355
3473 1361
3474 1358
3475 1358
3476 1357
3477 1356
3478 1355
3479 1357
3480 1356
3481 1356
3482 1356
3483 1354
3484 1356
3485 1353
3486 1356
3487 1355
3488 1351
3489 1356
3490 1356
3491 1356
3492 1357
3493 1354
3494 1355
3495 1354
3496 1357
3497 1356
3498 1356
3499 1356
3500 1360
3501 1356
3502 1357
3503 1357
3504 1354
3505 1357
3506 1356
3507 1351
3508 1354
3509 1355
3510 1357
3511 1355
3512 1356
3513 1353
3514 1356
3515 1356
3516 1357
3517 1356
3518 1355
3519 1356
3520 1357
3521 1357
3522 1355
3523 1357
3524 1356
3525 1358
3526 1357
3527 1356
3528 1355
3529 1356
3530 1357
3531 1359
3532 1355
3533 1356
3534 1355
3535 1358
3536 1357
3537 1358
3538 1358
3539 1357
3540 1355
3541 1356
3542 1358
3543 1357
3544 1354
3545 1355
3546 1355
3547 1358
3548 1357
3549 1355
3550 1357
3551 1357
3552 1357
3553 1357
3554 1357
3555 1356
3556 1358
3557 1356
3558 1356
3559 1355
3560 1355
3561 1354
3562 1354
3563 1355
3564 1354
3565 1356
3566 1358
3567 1356
3568 1354
3569 1357
3570 1356
3571 1356
3572 1358
3573 1356
3574 1355
3575 1358
3576 1356
3577 1356
3578 1356
3579 1357
3580 1357
3581 1358
3582 1357
3583 1357
3584 1357
3585 1356
3586 1357
3587 1357
3588 1357
3589 1356
3590 1357
3591 1355
3592 1357
3593 1353
3594 1359
3595 1355
3596 1355
3597 1354
3598 1352
3599 1354
3600 1356
3601 1358
3602 1355
3603 1355
3604 1356
3605 1356
3606 1356
3607 1357
3608 1356
3609 1354
3610 1355
3611 1355
3612 1355
3613 1357
3614 1356
3615 1354
3616 1357
3617 1358
3618 1357
3619 1359
3620 1356
3621 1357
3622 1359
3623 1355
3624 1356
3625 1356
3626 1355
3627 1355
3628 1354
3629 1355
3630 1357
3631 1354
3632 1355
3633 1355
3634 1358
3635 1357
3636 1357
3637 1354
3638 1352
3639 1356
3640 1354
3641 1356
3642 1356
3643 1354
3644 1357
3645 1358
3646 1355
3647 1354
3648 1357
3649 1355
3650 1360
3651 1358
3652 1356
3653 1354
3654 1353
3655 1354
3656 1356
3657 1355
3658 1353
3659 1357
3660 1358
3661 1360
3662 1357
3663 1355
3664 1355
3665 1358
3666 1355
3667 1354
3668 1354
3669 1355
3670 1356
3671 1356
3672 1356
3673 1356
3674 1357
3675 1357
3676 1359
3677 1358
3678 1357
3679 1358
3680 1355
3681 1357
3682 1354
3683 1358
3684 1355
3685 1355
3686 1355
3687 1355
3688 1349
3689 1355
3690 1358
3691 1356
3692 1356
3693 1352
3694 1354
3695 1355
3696 1357
3697 1355
3698 1356
3699 1355
3700 1356
3701 1355
3702 1356
3703 1355
3704 1355
3705 1356
3706 1359
3707 1355
3708 1356
3709 1357
3710 1353
3711 1357
3712 1357
3713 1352
3714 1357
3715 1356
3716 1358
3717 1356
3718 1355
3719 1354
3720 1357
3721 1356
3722 1353
3723 1356
3724 1354
3725 1356
3726 1354
3727 1355
3728 1354
3729 1356
3730 1357
3731 1356
3732 1355
3733 1356
3734 1356
3735 1356
3736 1356
3737 1356
3738 1354
3739 1356
3740 1356
3741 1356
3742 1358
3743 1355
3744 1355
3745 1356
3746 1357
3747 1358
3748 1354
3749 1355
3750 1355
3751 1354
3752 1357
3753 1356
3754 1354
3755 1354
3756 1355
3757 1353
3758 1357
3759 1356
3760 1357
3761 1354
3762 1357
3763 1354
3764 1358
3765 1356
3766 1358
3767 1353
3768 1355
3769 1355
3770 1355
3771 1356
3772 1354
3773 1352
3774 1356
3775 1360
3776 1357
3777 1353
3778 1355
3779 1356
3780 1356
3781 1356
3782 1357
3783 1354
3784 1358
3785 1355
3786 1355
3787 1354
3788 1355
3789 1355
3790 1359
3791 1356
3792 1357
3793 1354
3794 1354
3795 1355
3796 1358
3797 1355
3798 1353
3799 1354
3800 1356
3801 1355
3802 1355
3803 1359
3804 1356
3805 1356
3806 1359
3807 1355
3808 1356
3809 1355
3810 1354
3811 1353
3812 1355
3813 1357
3814 1355
3815 1356
3816 1356
3817 1355
3818 1353
3819 1354
3820 1357
3821 1356
3822 1358
3823 1356
3824 1357
3825 1358
3826 1357
3827 1356
3828 1358
3829 1353
3830 1356
3831 1357
3832 1358
3833 1356
3834 1355
3835 1355
3836 1355
3837 1356
3838 1355
3839 1355
3840 1355
3841 1356
3842 1357
3843 1354
3844 1356
3845 1356
3846 1357
3847 1355
3848 1355
3849 1356
3850 1359
3851 1355
3852 1359
3853 1356
3854 1356
3855 1353
3856 1357
3857 1356
3858 1355
3859 1352
3860 1354
3861 1354
3862 1356
3863 1354
3864 1356
3865 1355
3866 1356
3867 1354
3868 1354
3869 1355
3870 1356
3871 1356
3872 1354
3873 1354
3874 1356
3875 1353
3876 1354
3877 1356
3878 1354
3879 1355
3880 1357
3881 1358
3882 1358
3883 1356
3884 1357
3885 1354
3886 1356
3887 1355
3888 1356
3889 1356
3890 1353
3891 1355
3892 1356
3893 1353
3894 1356
3895 1354
3896 1357
3897 1354
3898 1353
3899 1356
3900 1357
3901 1354
3902 1355
3903 1354
3904 1354
3905 1356
3906 1358
3907 1355
3908 1354
3909 1357
3910 1361
3911 1358
3912 1353
3913 1355
3914 1357
3915 1356
3916 1357
3917 1353
3918 1357
3919 1356
3920 1355
3921 1355
3922 1356
3923 1356
3924 1358
3925 1357
3926 1358
3927 1358
3928 1357
3929 1355
3930 1355
3931 1355
3932 1357
3933 1355
3934 1355
3935 1356
3936 1358
3937 1356
3938 1357
3939 1356
3940 1355
3941 1355
3942 1358
3943 1355
3944 1358
3945 1356
3946 1357
3947 1358
3948 1357
3949 1357
3950 1357
3951 1356
3952 1357
3953 1355
3954 1358
3955 1358
3956 1358
3957 1356
3958 1355
3959 1355
3960 1356
3961 1358
3962 1354
3963 1355
3964 1357
3965 1354
3966 1356
3967 1355
3968 1357
3969 1355
3970 1358
3971 1353
3972 1355
3973 1355
3974 1354
3975 1355
3976 1355
3977 1355
3978 1357
3979 1356
3980 1361
3981 1358
3982 1357
3983 1355
3984 1355
3985 1356
3986 1357
3987 1355
3988 1357
3989 1355
3990 1355
3991 1355
3992 1357
3993 1356
3994 1354
3995 1354
3996 1357
3997 1358
3998 1355
3999 1356
