0 1355
1 1355
2 1357
3 1358
4 1358
5 1353
6 1355
7 1356
8 1356
9 1354
10 1355
11 1356
12 1355
13 1357
14 1356
15 1354
16 1353
17 1354
18 1355
19 1356
20 1357
21 1356
22 1354
23 1355
24 1355
25 1356
26 1357
27 1356
28 1356
29 1355
30 1354
31 1355
32 1353
33 1357
34 1358
35 1358
36 1356
37 1360
38 1359
39 1356
40 1354
41 1354
42 1356
43 1357
44 1357
45 1357
46 1357
47 1355
48 1355
49 1357
50 1356
51 1357
52 1358
53 1355
54 1355
55 1357
56 1356
57 1354
58 1355
59 1356
60 1355
61 1356
62 1354
63 1353
64 1356
65 1354
66 1356
67 1354
68 1356
69 1357
70 1356
71 1356
72 1357
73 1354
74 1355
75 1357
76 1356
77 1355
78 1354
79 1357
80 1356
81 1354
82 1355
83 1357
84 1359
85 1356
86 1356
87 1355
88 1356
89 1357
90 1356
91 1354
92 1354
93 1355
94 1355
95 1355
96 1358
97 1356
98 1356
99 1354
100 1355
101 1354
102 1355
103 1354
104 1353
105 1353
106 1354
107 1354
108 1355
109 1353
110 1355
111 1356
112 1355
113 1357
114 1358
115 1356
116 1355
117 1357
118 1357
119 1357
120 1353
121 1355
122 1354
123 1357
124 1356
125 1357
126 1354
127 1356
128 1356
129 1354
130 1354
131 1353
132 1355
133 1352
134 1354
135 1354
136 1356
137 1356
138 1355
139 1355
140 1355
141 1355
142 1355
143 1356
144 1357
145 1355
146 1355
147 1356
148 1356
149 1354
150 1356
151 1353
152 1355
153 1359
154 1356
155 1355
156 1354
157 1356
158 1356
159 1354
160 1356
161 1355
162 1355
163 1356
164 1355
165 1358
166 1356
167 1357
168 1356
169 1358
170 1355
171 1356
172 1358
173 1358
174 1356
175 1355
176 1354
177 1355
178 1355
179 1356
180 1357
181 1358
182 1356
183 1357
184 1357
185 1359
186 1355
187 1355
188 1357
189 1358
190 1358
191 1356
192 1356
193 1357
194 1355
195 1358
196 1354
197 1354
198 1352
199 1352
200 1355
201 1356
202 1357
203 1356
204 1356
205 1355
206 1358
207 1354
208 1356
209 1355
210 1354
211 1357
212 1355
213 1356
214 1353
215 1355
216 1359
217 1358
218 1356
219 1355
220 1358
221 1357
222 1357
223 1359
224 1356
225 1354
226 1355
227 1356
228 1356
229 1353
230 1354
231 1357
232 1355
233 1354
234 1355
235 1358
236 1356
237 1356
238 1357
239 1356
240 1357
241 1355
242 1354
243 1356
244 1356
245 1355
246 1356
247 1357
248 1358
249 1355
250 1357
251 1356
252 1351
253 1356
254 1354
255 1356
256 1353
257 1356
258 1356
259 1357
260 1355
261 1354
262 1355
263 1354
264 1354
265 1355
266 1355
267 1356
268 1356
269 1356
270 1354
271 1357
272 1353
273 1355
274 1355
275 1357
276 1355
277 1360
278 1355
279 1358
280 1356
281 1358
282 1352
283 1354
284 1353
285 1357
286 1356
287 1356
288 1354
289 1357
290 1355
291 1357
292 1355
293 1356
294 1357
295 1356
296 1355
297 1357
298 1355
299 1357
300 1352
301 1356
302 1356
303 1357
304 1358
305 1354
306 1356
307 1355
308 1357
309 1357
310 1357
311 1355
312 1357
313 1357
314 1358
315 1357
316 1357
317 1356
318 1356
319 1355
320 1358
321 1356
322 1355
323 1356
324 1355
325 1356
326 1355
327 1357
328 1354
329 1355
330 1354
331 1357
332 1358
333 1354
334 1356
335 1358
336 1355
337 1357
338 1355
339 1354
340 1356
341 1354
342 1356
343 1355
344 1355
345 1356
346 1355
347 1357
348 1355
349 1357
350 1359
351 1357
352 1356
353 1355
354 1354
355 1351
356 1358
357 1355
358 1357
359 1355
360 1356
361 1355
362 1357
363 1355
364 1357
365 1357
366 1356
367 1359
368 1355
369 1355
370 1356
371 1355
372 1354
373 1355
374 1355
375 1357
376 1354
377 1357
378 1355
379 1353
380 1353
381 1354
382 1354
383 1355
384 1354
385 1355
386 1355
387 1354
388 1354
389 1354
390 1357
391 1356
392 1358
393 1357
394 1355
395 1354
396 1356
397 1356
398 1357
399 1352
400 1356
401 1357
402 1355
403 1355
404 1357
405 1357
406 1356
407 1353
408 1353
409 1355
410 1354
411 1356
412 1354
413 1356
414 1355
415 1354
416 1357
417 1357
418 1355
419 1357
420 1355
421 1354
422 1356
423 1356
424 1356
425 1355
426 1357
427 1357
428 1357
429 1355
430 1357
431 1354
432 1356
433 1356
434 1356
435 1354
436 1356
437 1357
438 1356
439 1352
440 1350
441 1352
442 1355
443 1354
444 1353
445 1352
446 1356
447 1357
448 1355
449 1356
450 1357
451 1357
452 1355
453 1357
454 1356
455 1357
456 1358
457 1356
458 1356
459 1356
460 1355
461 1355
462 1355
463 1356
464 1356
465 1355
466 1356
467 1351
468 1353
469 1357
470 1356
471 1353
472 1355
473 1356
474 1355
475 1354
476 1355
477 1355
478 1356
479 1356
480 1356
481 1356
482 1354
483 1357
484 1355
485 1356
486 1353
487 1355
488 1353
489 1354
490 1355
491 1355
492 1353
493 1355
494 1355
495 1358
496 1356
497 1356
498 1353
499 1357
500 1356
501 1358
502 1356
503 1352
504 1355
505 1356
506 1355
507 1356
508 1354
509 1355
510 1357
511 1356
512 1355
513 1355
514 1356
515 1358
516 1355
517 1354
518 1357
519 1356
520 1355
521 1356
522 1355
523 1356
524 1357
525 1358
526 1358
527 1356
528 1357
529 1354
530 1356
531 1357
532 1358
533 1358
534 1359
535 1361
536 1370
537 1373
538 1386
539 1400
540 1422
541 1456
542 1491
543 1532
544 1578
545 1622
546 1662
547 1702
548 1744
549 1773
550 1801
551 1827
552 1849
553 1866
554 1882
555 1896
556 1908
557 1919
558 1922
559 1924
560 1920
561 1912
562 1905
563 1890
564 1875
565 1855
566 1837
567 1818
568 1797
569 1774
570 1756
571 1738
572 1724
573 1705
574 1692
575 1676
576 1656
577 1637
578 1622
579 1607
580 1592
581 1574
582 1563
583 1546
584 1534
585 1525
586 1513
587 1505
588 1496
589 1490
590 1479
591 1470
592 1461
593 1453
594 1447
595 1440
596 1438
597 1429
598 1424
599 1419
600 1417
601 1412
602 1407
603 1403
604 1403
605 1397
606 1394
607 1392
608 1389
609 1387
610 1385
611 1382
612 1379
613 1378
614 1380
615 1377
616 1375
617 1373
618 1371
619 1369
620 1367
621 1366
622 1367
623 1365
624 1362
625 1365
626 1365
627 1364
628 1362
629 1360
630 1363
631 1363
632 1362
633 1362
634 1361
635 1362
636 1361
637 1362
638 1361
639 1356
640 1357
641 1358
642 1362
643 1361
644 1358
645 1361
646 1360
647 1361
648 1360
649 1355
650 1358
651 1356
652 1356
653 1358
654 1355
655 1357
656 1356
657 1356
658 1357
659 1356
660 1353
661 1354
662 1354
663 1357
664 1358
665 1356
666 1356
667 1357
668 1355
669 1357
670 1355
671 1355
672 1356
673 1355
674 1356
675 1357
676 1356
677 1355
678 1355
679 1358
680 1358
681 1357
682 1357
683 1359
684 1358
685 1355
686 1356
687 1356
688 1357
689 1357
690 1356
691 1357
692 1358
693 1360
694 1356
695 1356
696 1356
697 1357
698 1357
699 1356
700 1355
701 1357
702 1357
703 1355
704 1358
705 1359
706 1357
707 1357
708 1356
709 1357
710 1356
711 1359
712 1352
713 1353
714 1356
715 1355
716 1355
717 1353
718 1354
719 1355
720 1354
721 1353
722 1354
723 1354
724 1356
725 1356
726 1354
727 1354
728 1355
729 1355
730 1357
731 1356
732 1355
733 1355
734 1357
735 1354
736 1356
737 1353
738 1354
739 1356
740 1355
741 1356
742 1355
743 1357
744 1355
745 1352
746 1356
747 1355
748 1356
749 1352
750 1352
751 1357
752 1356
753 1356
754 1354
755 1355
756 1355
757 1357
758 1356
759 1359
760 1353
761 1353
762 1353
763 1355
764 1355
765 1356
766 1354
767 1354
768 1356
769 1355
770 1354
771 1355
772 1359
773 1357
774 1358
775 1357
776 1356
777 1357
778 1355
779 1355
780 1355
781 1357
782 1354
783 1356
784 1357
785 1359
786 1356
787 1355
788 1353
789 1352
790 1356
791 1354
792 1355
793 1359
794 1357
795 1356
796 1357
797 1355
798 1356
799 1357
800 1356
801 1358
802 1356
803 1357
804 1355
805 1356
806 1355
807 1356
808 1354
809 1355
810 1353
811 1354
812 1354
813 1355
814 1354
815 1357
816 1355
817 1356
818 1352
819 1354
820 1356
821 1357
822 1355
823 1356
824 1357
825 1355
826 1355
827 1356
828 1355
829 1358
830 1356
831 1355
832 1357
833 1357
834 1355
835 1355
836 1355
837 1354
838 1355
839 1357
840 1353
841 1355
842 1355
843 1355
844 1356
845 1355
846 1355
847 1355
848 1354
849 1356
850 1356
851 1355
852 1353
853 1355
854 1357
855 1355
856 1358
857 1354
858 1355
859 1354
860 1353
861 1353
862 1356
863 1357
864 1355
865 1354
866 1355
867 1355
868 1355
869 1355
870 1356
871 1354
872 1358
873 1353
874 1357
875 1357
876 1356
877 1355
878 1356
879 1354
880 1357
881 1357
882 1354
883 1354
884 1355
885 1355
886 1355
887 1356
888 1356
889 1353
890 1358
891 1355
892 1352
893 1352
894 1357
895 1355
896 1356
897 1356
898 1357
899 1355
900 1354
901 1355
902 1354
903 1356
904 1355
905 1353
906 1356
907 1353
908 1355
909 1354
910 1355
911 1356
912 1354
913 1355
914 1356
915 1356
916 1356
917 1356
918 1356
919 1356
920 1356
921 1355
922 1356
923 1357
924 1356
925 1356
926 1355
927 1354
928 1356
929 1356
930 1356
931 1354
932 1356
933 1358
934 1355
935 1356
936 1354
937 1357
938 1353
939 1354
940 1357
941 1355
942 1354
943 1357
944 1355
945 1355
946 1356
947 1357
948 1356
949 1355
950 1355
951 1354
952 1354
953 1357
954 1354
955 1354
956 1355
957 1355
958 1355
959 1354
960 1356
961 1355
962 1355
963 1354
964 1357
965 1356
966 1356
967 1357
968 1354
969 1353
970 1356
971 1357
972 1355
973 1355
974 1353
975 1354
976 1355
977 1357
978 1354
979 1356
980 1355
981 1354
982 1354
983 1355
984 1354
985 1356
986 1353
987 1355
988 1355
989 1354
990 1353
991 1354
992 1354
993 1353
994 1355
995 1356
996 1357
997 1352
998 1353
999 1356
1000 1358
1001 1356
1002 1351
1003 1353
1004 1354
1005 1354
1006 1354
1007 1355
1008 1350
1009 1354
1010 1355
1011 1354
1012 1352
1013 1351
1014 1354
1015 1354
1016 1353
1017 1357
1018 1354
1019 1354
1020 1355
1021 1354
1022 1354
1023 1353
1024 1356
1025 1355
1026 1356
1027 1355
1028 1356
1029 1355
1030 1357
1031 1357
1032 1355
1033 1357
1034 1352
1035 1353
1036 1354
1037 1358
1038 1357
1039 1355
1040 1355
1041 1355
1042 1355
1043 1353
1044 1356
1045 1355
1046 1356
1047 1355
1048 1357
1049 1354
1050 1354
1051 1355
1052 1353
1053 1353
1054 1354
1055 1354
1056 1354
1057 1357
1058 1357
1059 1355
1060 1357
1061 1356
1062 1357
1063 1354
1064 1357
1065 1354
1066 1355
1067 1355
1068 1356
1069 1354
1070 1355
1071 1356
1072 1357
1073 1357
1074 1355
1075 1355
1076 1355
1077 1356
1078 1356
1079 1356
1080 1357
1081 1354
1082 1355
1083 1350
1084 1356
1085 1356
1086 1355
1087 1356
1088 1355
1089 1354
1090 1356
1091 1357
1092 1355
1093 1356
1094 1354
1095 1357
1096 1357
1097 1355
1098 1354
1099 1355
1100 1354
1101 1353
1102 1355
1103 1354
1104 1355
1105 1357
1106 1356
1107 1356
1108 1356
1109 1356
1110 1355
1111 1354
1112 1351
1113 1356
1114 1357
1115 1351
1116 1354
1117 1355
1118 1356
1119 1354
1120 1356
1121 1351
1122 1354
1123 1354
1124 1353
1125 1356
1126 1355
1127 1355
1128 1355
1129 1355
1130 1356
1131 1352
1132 1355
1133 1357
1134 1356
1135 1357
1136 1355
1137 1355
1138 1354
1139 1355
1140 1352
1141 1355
1142 1353
1143 1353
1144 1356
1145 1355
1146 1352
1147 1354
1148 1355
1149 1357
1150 1355
1151 1354
1152 1356
1153 1353
1154 1355
1155 1356
1156 1354
1157 1355
1158 1354
1159 1355
1160 1356
1161 1356
1162 1354
1163 1354
1164 1354
1165 1355
1166 1354
1167 1356
1168 1354
1169 1355
1170 1355
1171 1353
1172 1357
1173 1355
1174 1355
1175 1355
1176 1353
1177 1355
1178 1357
1179 1352
1180 1354
1181 1352
1182 1356
1183 1355
1184 1355
1185 1355
1186 1356
1187 1357
1188 1354
1189 1355
1190 1353
1191 1355
1192 1356
1193 1358
1194 1355
1195 1356
1196 1355
1197 1356
1198 1355
1199 1355
1200 1357
1201 1355
1202 1357
1203 1353
1204 1356
1205 1355
1206 1355
1207 1352
1208 1356
1209 1353
1210 1356
1211 1355
1212 1355
1213 1356
1214 1353
1215 1353
1216 1353
1217 1355
1218 1354
1219 1354
1220 1354
1221 1357
1222 1355
1223 1357
1224 1352
1225 1355
1226 1357
1227 1354
1228 1356
1229 1355
1230 1354
1231 1357
1232 1354
1233 1356
1234 1354
1235 1357
1236 1355
1237 1358
1238 1356
1239 1357
1240 1355
1241 1355
1242 1355
1243 1354
1244 1353
1245 1357
1246 1356
1247 1357
1248 1355
1249 1359
1250 1356
1251 1356
1252 1355
1253 1355
1254 1354
1255 1355
1256 1354
1257 1356
1258 1355
1259 1354
1260 1356
1261 1358
1262 1358
1263 1356
1264 1355
1265 1356
1266 1354
1267 1353
1268 1356
1269 1355
1270 1354
1271 1355
1272 1353
1273 1356
1274 1356
1275 1356
1276 1355
1277 1357
1278 1354
1279 1355
1280 1356
1281 1354
1282 1355
1283 1356
1284 1356
1285 1356
1286 1355
1287 1358
1288 1355
1289 1357
1290 1354
1291 1353
1292 1356
1293 1359
1294 1354
1295 1353
1296 1356
1297 1355
1298 1356
1299 1356
1300 1354
1301 1355
1302 1356
1303 1357
1304 1355
1305 1355
1306 1355
1307 1357
1308 1355
1309 1357
1310 1356
1311 1357
1312 1356
1313 1355
1314 1355
1315 1356
1316 1358
1317 1357
1318 1355
1319 1353
1320 1358
1321 1353
1322 1355
1323 1357
1324 1355
1325 1353
1326 1356
1327 1353
1328 1356
1329 1358
1330 1356
1331 1356
1332 1355
1333 1358
1334 1356
1335 1356
1336 1357
1337 1355
1338 1353
1339 1356
1340 1356
1341 1357
1342 1355
1343 1352
1344 1354
1345 1358
1346 1357
1347 1354
1348 1354
1349 1354
1350 1355
1351 1356
1352 1357
1353 1354
1354 1355
1355 1355
1356 1352
1357 1355
1358 1354
1359 1356
1360 1355
1361 1354
1362 1354
1363 1359
1364 1357
1365 1354
1366 1356
1367 1356
1368 1354
1369 1356
1370 1352
1371 1355
1372 1354
1373 1354
1374 1355
1375 1357
1376 1355
1377 1354
1378 1358
1379 1355
1380 1357
1381 1353
1382 1356
1383 1355
1384 1357
1385 1353
1386 1357
1387 1359
1388 1355
1389 1354
1390 1354
1391 1356
1392 1353
1393 1354
1394 1356
1395 1356
1396 1354
1397 1356
1398 1357
1399 1358
1400 1355
1401 1357
1402 1358
1403 1355
1404 1354
1405 1357
1406 1357
1407 1358
1408 1354
1409 1354
1410 1357
1411 1354
1412 1356
1413 1355
1414 1353
1415 1355
1416 1358
1417 1354
1418 1355
1419 1354
1420 1355
1421 1355
1422 1358
1423 1355
1424 1358
1425 1353
1426 1354
1427 1353
1428 1356
1429 1357
1430 1356
1431 1355
1432 1356
1433 1357
1434 1356
1435 1356
1436 1356
1437 1357
1438 1356
1439 1357
1440 1354
1441 1356
1442 1356
1443 1357
1444 1357
1445 1357
1446 1356
1447 1352
1448 1356
1449 1354
1450 1351
1451 1354
1452 1354
1453 1353
1454 1355
1455 1355
1456 1356
1457 1357
1458 1355
1459 1355
1460 1353
1461 1360
1462 1356
1463 1353
1464 1352
1465 1355
1466 1356
1467 1357
1468 1358
1469 1357
1470 1356
1471 1357
1472 1355
1473 1357
1474 1353
1475 1357
1476 1355
1477 1356
1478 1356
1479 1354
1480 1357
1481 1356
1482 1356
1483 1356
1484 1354
1485 1355
1486 1354
1487 1356
1488 1357
1489 1356
1490 1352
1491 1356
1492 1355
1493 1358
1494 1355
1495 1358
1496 1355
1497 1355
1498 1357
1499 1357
1500 1357
1501 1357
1502 1358
1503 1356
1504 1355
1505 1354
1506 1355
1507 1356
1508 1354
1509 1356
1510 1355
1511 1353
1512 1357
1513 1357
1514 1357
1515 1357
1516 1354
1517 1355
1518 1356
1519 1358
1520 1355
1521 1356
1522 1355
1523 1358
1524 1355
1525 1354
1526 1355
1527 1358
1528 1357
1529 1353
1530 1353
1531 1355
1532 1354
1533 1354
1534 1355
1535 1354
1536 1357
1537 1353
1538 1355
1539 1354
1540 1357
1541 1355
1542 1355
1543 1358
1544 1355
1545 1357
1546 1358
1547 1355
1548 1355
1549 1354
1550 1354
1551 1356
1552 1353
1553 1356
1554 1355
1555 1354
1556 1355
1557 1354
1558 1355
1559 1356
1560 1358
1561 1359
1562 1356
1563 1356
1564 1354
1565 1355
1566 1355
1567 1356
1568 1354
1569 1357
1570 1355
1571 1356
1572 1354
1573 1356
1574 1356
1575 1352
1576 1356
1577 1354
1578 1353
1579 1356
1580 1355
1581 1356
1582 1355
1583 1355
1584 1352
1585 1353
1586 1355
1587 1359
1588 1355
1589 1356
1590 1356
1591 1358
1592 1357
1593 1356
1594 1354
1595 1353
1596 1354
1597 1356
1598 1354
1599 1357
1600 1356
1601 1354
1602 1356
1603 1354
1604 1354
1605 1356
1606 1361
1607 1357
1608 1355
1609 1355
1610 1355
1611 1355
1612 1354
1613 1354
1614 1355
1615 1359
1616 1354
1617 1352
1618 1352
1619 1356
1620 1355
1621 1357
1622 1357
1623 1357
1624 1356
1625 1356
1626 1355
1627 1356
1628 1354
1629 1352
1630 1353
1631 1356
1632 1352
1633 1355
1634 1355
1635 1355
1636 1355
1637 1353
1638 1355
1639 1354
1640 1355
1641 1355
1642 1355
1643 1355
1644 1355
1645 1356
1646 1354
1647 1356
1648 1356
1649 1358
1650 1355
1651 1359
1652 1353
1653 1356
1654 1357
1655 1358
1656 1355
1657 1354
1658 1354
1659 1357
1660 1356
1661 1355
1662 1356
1663 1356
1664 1354
1665 1354
1666 1354
1667 1354
1668 1354
1669 1354
1670 1356
1671 1354
1672 1358
1673 1355
1674 1356
1675 1355
1676 1356
1677 1353
1678 1356
1679 1356
1680 1357
1681 1357
1682 1357
1683 1356
1684 1353
1685 1356
1686 1359
1687 1358
1688 1357
1689 1359
1690 1357
1691 1356
1692 1356
1693 1353
1694 1355
1695 1356
1696 1355
1697 1355
1698 1352
1699 1356
1700 1355
1701 1357
1702 1356
1703 1357
1704 1356
1705 1358
1706 1357
1707 1357
1708 1356
1709 1357
1710 1356
1711 1356
1712 1356
1713 1354
1714 1355
1715 1359
1716 1356
1717 1356
1718 1356
1719 1354
1720 1355
1721 1354
1722 1353
1723 1352
1724 1355
1725 1353
1726 1355
1727 1353
1728 1354
1729 1355
1730 1355
1731 1356
1732 1355
1733 1355
1734 1355
1735 1357
1736 1353
1737 1353
1738 1356
1739 1355
1740 1355
1741 1357
1742 1355
1743 1356
1744 1353
1745 1356
1746 1355
1747 1358
1748 1356
1749 1356
1750 1354
1751 1356
1752 1355
1753 1357
1754 1352
1755 1355
1756 1358
1757 1356
1758 1355
1759 1357
1760 1355
1761 1358
1762 1356
1763 1354
1764 1356
1765 1354
1766 1354
1767 1357
1768 1354
1769 1356
1770 1356
1771 1357
1772 1355
1773 1355
1774 1355
1775 1357
1776 1354
1777 1357
1778 1356
1779 1354
1780 1358
1781 1357
1782 1355
1783 1356
1784 1355
1785 1355
1786 1355
1787 1355
1788 1354
1789 1355
1790 1353
1791 1357
1792 1354
1793 1356
1794 1356
1795 1357
1796 1357
1797 1358
1798 1356
1799 1355
1800 1354
1801 1357
1802 1357
1803 1357
1804 1355
1805 1357
1806 1357
1807 1357
1808 1355
1809 1355
1810 1354
1811 1356
1812 1355
1813 1357
1814 1356
1815 1354
1816 1356
1817 1357
1818 1353
1819 1356
1820 1354
1821 1357
1822 1355
1823 1357
1824 1357
1825 1356
1826 1356
1827 1355
1828 1356
1829 1356
1830 1357
1831 1355
1832 1358
1833 1355
1834 1356
1835 1358
1836 1356
1837 1356
1838 1355
1839 1356
1840 1356
1841 1357
1842 1356
1843 1356
1844 1357
1845 1357
1846 1356
1847 1353
1848 1356
1849 1355
1850 1357
1851 1356
1852 1354
1853 1357
1854 1353
1855 1354
1856 1355
1857 1356
1858 1355
1859 1359
1860 1356
1861 1356
1862 1353
1863 1356
1864 1356
1865 1356
1866 1357
1867 1355
1868 1354
1869 1354
1870 1356
1871 1357
1872 1355
1873 1355
1874 1356
1875 1357
1876 1355
1877 1356
1878 1355
1879 1354
1880 1355
1881 1357
1882 1356
1883 1355
1884 1355
1885 1354
1886 1355
1887 1352
1888 1356
1889 1358
1890 1356
1891 1357
1892 1356
1893 1356
1894 1356
1895 1358
1896 1356
1897 1357
1898 1355
1899 1356
1900 1355
1901 1357
1902 1356
1903 1353
1904 1356
1905 1355
1906 1354
1907 1356
1908 1352
1909 1351
1910 1354
1911 1356
1912 1355
1913 1354
1914 1356
1915 1357
1916 1355
1917 1357
1918 1352
1919 1354
1920 1358
1921 1355
1922 1356
1923 1357
1924 1356
1925 1357
1926 1356
1927 1357
1928 1357
1929 1354
1930 1353
1931 1353
1932 1357
1933 1355
1934 1355
1935 1355
1936 1356
1937 1356
1938 1353
1939 1355
1940 1355
1941 1357
1942 1354
1943 1355
1944 1355
1945 1355
1946 1354
1947 1353
1948 1357
1949 1353
1950 1356
1951 1356
1952 1357
1953 1357
1954 1357
1955 1355
1956 1358
1957 1357
1958 1356
1959 1354
1960 1355
1961 1356
1962 1357
1963 1355
1964 1356
1965 1355
1966 1356
1967 1357
1968 1357
1969 1352
1970 1352
1971 1355
1972 1357
1973 1354
1974 1354
1975 1354
1976 1357
1977 1355
1978 1356
1979 1353
1980 1355
1981 1355
1982 1355
1983 1354
1984 1354
1985 1355
1986 1355
1987 1358
1988 1354
1989 1356
1990 1356
1991 1355
1992 1356
1993 1357
1994 1355
1995 1355
1996 1355
1997 1356
1998 1354
1999 1355
2000 1357
2001 1355
2002 1357
2003 1353
2004 1356
2005 1359
2006 1358
2007 1356
2008 1353
2009 1353
2010 1356
2011 1358
2012 1359
2013 1357
2014 1355
2015 1355
2016 1359
2017 1355
2018 1355
2019 1353
2020 1355
2021 1358
2022 1356
2023 1356
2024 1354
2025 1354
2026 1356
2027 1354
2028 1355
2029 1354
2030 1355
2031 1351
2032 1355
2033 1355
2034 1356
2035 1355
2036 1357
2037 1357
2038 1356
2039 1355
2040 1355
2041 1353
2042 1353
2043 1356
2044 1354
2045 1357
2046 1356
2047 1354
2048 1356
2049 1353
2050 1354
2051 1355
2052 1355
2053 1354
2054 1354
2055 1355
2056 1355
2057 1352
2058 1355
2059 1354
2060 1354
2061 1354
2062 1355
2063 1357
2064 1356
2065 1359
2066 1357
2067 1357
2068 1355
2069 1355
2070 1356
2071 1354
2072 1356
2073 1354
2074 1356
2075 1355
2076 1356
2077 1358
2078 1356
2079 1355
2080 1354
2081 1355
2082 1355
2083 1356
2084 1356
2085 1355
2086 1356
2087 1355
2088 1353
2089 1354
2090 1354
2091 1359
2092 1356
2093 1355
2094 1355
2095 1352
2096 1354
2097 1357
2098 1356
2099 1354
2100 1355
2101 1356
2102 1356
2103 1358
2104 1353
2105 1357
2106 1354
2107 1357
2108 1356
2109 1356
2110 1356
2111 1357
2112 1357
2113 1356
2114 1358
2115 1356
2116 1356
2117 1356
2118 1357
2119 1355
2120 1357
2121 1354
2122 1355
2123 1356
2124 1356
2125 1353
2126 1354
2127 1357
2128 1356
2129 1354
2130 1355
2131 1355
2132 1355
2133 1357
2134 1356
2135 1351
2136 1356
2137 1355
2138 1354
2139 1357
2140 1356
2141 1354
2142 1356
2143 1356
2144 1354
2145 1357
2146 1355
2147 1356
2148 1355
2149 1355
2150 1356
2151 1353
2152 1356
2153 1354
2154 1352
2155 1357
2156 1354
2157 1355
2158 1355
2159 1356
2160 1355
2161 1356
2162 1356
2163 1355
2164 1355
2165 1357
2166 1356
2167 1358
2168 1354
2169 1358
2170 1355
2171 1356
2172 1354
2173 1355
2174 1356
2175 1356
2176 1355
2177 1356
2178 1356
2179 1356
2180 1357
2181 1357
2182 1357
2183 1355
2184 1355
2185 1353
2186 1358
2187 1358
2188 1356
2189 1357
2190 1356
2191 1358
2192 1356
2193 1355
2194 1354
2195 1353
2196 1356
2197 1356
2198 1356
2199 1356
2200 1357
2201 1357
2202 1356
2203 1357
2204 1356
2205 1358
2206 1354
2207 1356
2208 1354
2209 1357
2210 1355
2211 1355
2212 1357
2213 1354
2214 1355
2215 1357
2216 1355
2217 1357
2218 1355
2219 1354
2220 1354
2221 1356
2222 1352
2223 1355
2224 1353
2225 1355
2226 1357
2227 1358
2228 1356
2229 1355
2230 1357
2231 1357
2232 1356
2233 1355
2234 1354
2235 1357
2236 1357
2237 1358
2238 1356
2239 1355
2240 1356
2241 1357
2242 1356
2243 1356
2244 1355
2245 1355
2246 1355
2247 1355
2248 1354
2249 1353
2250 1358
2251 1356
2252 1356
2253 1356
2254 1354
2255 1354
2256 1356
2257 1356
2258 1353
2259 1355
2260 1357
2261 1357
2262 1356
2263 1354
2264 1356
2265 1357
2266 1357
2267 1354
2268 1356
2269 1354
2270 1355
2271 1355
2272 1356
2273 1353
2274 1357
2275 1355
2276 1356
2277 1357
2278 1355
2279 1355
2280 1355
2281 1353
2282 1356
2283 1353
2284 1355
2285 1357
2286 1357
2287 1356
2288 1356
2289 1356
2290 1357
2291 1357
2292 1356
2293 1355
2294 1353
2295 1354
2296 1356
2297 1355
2298 1352
2299 1356
2300 1356
2301 1358
2302 1356
2303 1353
2304 1353
2305 1353
2306 1355
2307 1358
2308 1355
2309 1353
2310 1356
2311 1354
2312 1353
2313 1354
2314 1355
2315 1353
2316 1356
2317 1354
2318 1356
2319 1356
2320 1358
2321 1354
2322 1355
2323 1355
2324 1354
2325 1354
2326 1355
2327 1355
2328 1352
2329 1355
2330 1356
2331 1355
2332 1353
2333 1356
2334 1354
2335 1355
2336 1354
2337 1356
2338 1353
2339 1354
2340 1355
2341 1352
2342 1355
2343 1355
2344 1352
2345 1353
2346 1356
2347 1357
2348 1353
2349 1353
2350 1358
2351 1358
2352 1355
2353 1355
2354 1354
2355 1357
2356 1358
2357 1353
2358 1352
2359 1353
2360 1355
2361 1354
2362 1353
2363 1352
2364 1353
2365 1352
2366 1354
2367 1353
2368 1355
2369 1353
2370 1354
2371 1352
2372 1355
2373 1353
2374 1355
2375 1353
2376 1356
2377 1355
2378 1355
2379 1355
2380 1355
2381 1353
2382 1355
2383 1355
2384 1356
2385 1358
2386 1356
2387 1355
2388 1354
2389 1355
2390 1355
2391 1355
2392 1355
2393 1354
2394 1353
2395 1350
2396 1354
2397 1356
2398 1356
2399 1352
2400 1355
2401 1352
2402 1355
2403 1354
2404 1355
2405 1353
2406 1354
2407 1358
2408 1353
2409 1355
2410 1355
2411 1355
2412 1355
2413 1357
2414 1354
2415 1356
2416 1358
2417 1355
2418 1355
2419 1352
2420 1353
2421 1356
2422 1356
2423 1356
2424 1355
2425 1355
2426 1352
2427 1355
2428 1354
2429 1354
2430 1356
2431 1358
2432 1358
2433 1355
2434 1355
2435 1353
2436 1355
2437 1354
2438 1355
2439 1357
2440 1356
2441 1356
2442 1354
2443 1354
2444 1356
2445 1355
2446 1355
2447 1352
2448 1356
2449 1357
2450 1357
2451 1357
2452 1356
2453 1355
2454 1353
2455 1352
2456 1353
2457 1354
2458 1353
2459 1353
2460 1354
2461 1356
2462 1353
2463 1354
2464 1354
2465 1353
2466 1351
2467 1355
2468 1353
2469 1355
2470 1354
2471 1353
2472 1353
2473 1353
2474 1354
2475 1355
2476 1358
2477 1352
2478 1357
2479 1351
2480 1355
2481 1355
2482 1353
2483 1354
2484 1354
2485 1352
2486 1353
2487 1354
2488 1350
2489 1354
2490 1355
2491 1356
2492 1356
2493 1352
2494 1354
2495 1354
2496 1356
2497 1353
2498 1354
2499 1356
2500 1356
2501 1354
2502 1356
2503 1353
2504 1356
2505 1356
2506 1356
2507 1354
2508 1354
2509 1357
2510 1355
2511 1357
2512 1354
2513 1357
2514 1356
2515 1355
2516 1353
2517 1354
2518 1356
2519 1357
2520 1355
2521 1354
2522 1354
2523 1357
2524 1356
2525 1355
2526 1355
2527 1356
2528 1355
2529 1354
2530 1357
2531 1357
2532 1356
2533 1356
2534 1355
2535 1356
2536 1355
2537 1355
2538 1353
2539 1354
2540 1355
2541 1356
2542 1357
2543 1356
2544 1356
2545 1354
2546 1353
2547 1352
2548 1357
2549 1356
2550 1355
2551 1352
2552 1355
2553 1357
2554 1353
2555 1356
2556 1356
2557 1354
2558 1353
2559 1354
2560 1357
2561 1356
2562 1353
2563 1356
2564 1356
2565 1354
2566 1358
2567 1355
2568 1355
2569 1355
2570 1355
2571 1356
2572 1354
2573 1355
2574 1356
2575 1353
2576 1356
2577 1357
2578 1355
2579 1355
2580 1354
2581 1355
2582 1358
2583 1357
2584 1356
2585 1355
2586 1358
2587 1355
2588 1356
2589 1353
2590 1357
2591 1356
2592 1358
2593 1355
2594 1356
2595 1356
2596 1355
2597 1355
2598 1356
2599 1355
2600 1358
2601 1354
2602 1356
2603 1356
2604 1356
2605 1358
2606 1358
2607 1356
2608 1355
2609 1355
2610 1356
2611 1357
2612 1358
2613 1356
2614 1354
2615 1353
2616 1355
2617 1355
2618 1354
2619 1354
2620 1356
2621 1356
2622 1356
2623 1357
2624 1358
2625 1355
2626 1356
2627 1355
2628 1358
2629 1356
2630 1360
2631 1354
2632 1357
2633 1354
2634 1357
2635 1356
2636 1356
2637 1354
2638 1354
2639 1355
2640 1355
2641 1353
2642 1357
2643 1354
2644 1355
2645 1356
2646 1357
2647 1355
2648 1356
2649 1354
2650 1357
2651 1355
2652 1358
2653 1354
2654 1358
2655 1355
2656 1356
2657 1354
2658 1356
2659 1356
2660 1357
2661 1356
2662 1356
2663 1354
2664 1357
2665 1355
2666 1357
2667 1356
2668 1356
2669 1356
2670 1355
2671 1357
2672 1355
2673 1354
2674 1354
2675 1354
2676 1357
2677 1355
2678 1356
2679 1357
2680 1356
2681 1356
2682 1358
2683 1354
2684 1353
2685 1355
2686 1355
2687 1356
2688 1356
2689 1354
2690 1355
2691 1355
2692 1359
2693 1357
2694 1354
2695 1358
2696 1355
2697 1357
2698 1355
2699 1355
2700 1354
2701 1353
2702 1353
2703 1355
2704 1356
2705 1354
2706 1356
2707 1356
2708 1354
2709 1356
2710 1358
2711 1357
2712 1356
2713 1355
2714 1355
2715 1356
2716 1356
2717 1357
2718 1358
2719 1356
2720 1357
2721 1356
2722 1356
2723 1356
2724 1356
2725 1357
2726 1352
2727 1356
2728 1356
2729 1354
2730 1356
2731 1357
2732 1356
2733 1355
2734 1354
2735 1354
2736 1355
2737 1359
2738 1355
2739 1358
2740 1355
2741 1356
2742 1354
2743 1357
2744 1355
2745 1357
2746 1356
2747 1357
2748 1354
2749 1353
2750 1358
2751 1357
2752 1355
2753 1357
2754 1354
2755 1355
2756 1355
2757 1355
2758 1354
2759 1355
2760 1357
2761 1355
2762 1355
2763 1355
2764 1353
2765 1354
2766 1354
2767 1357
2768 1355
2769 1357
2770 1353
2771 1354
2772 1352
2773 1355
2774 1356
2775 1356
2776 1355
2777 1357
2778 1357
2779 1356
2780 1355
2781 1356
2782 1356
2783 1355
2784 1356
2785 1358
2786 1359
2787 1356
2788 1356
2789 1355
2790 1356
2791 1355
2792 1356
2793 1353
2794 1355
2795 1357
2796 1354
2797 1355
2798 1354
2799 1353
2800 1355
2801 1355
2802 1356
2803 1357
2804 1358
2805 1355
2806 1358
2807 1357
2808 1357
2809 1355
2810 1356
2811 1356
2812 1355
2813 1354
2814 1356
2815 1356
2816 1358
2817 1355
2818 1356
2819 1356
2820 1357
2821 1357
2822 1353
2823 1358
2824 1355
2825 1355
2826 1353
2827 1354
2828 1356
2829 1354
2830 1356
2831 1355
2832 1355
2833 1357
2834 1354
2835 1353
2836 1356
2837 1355
2838 1357
2839 1356
2840 1357
2841 1357
2842 1356
2843 1354
2844 1355
2845 1357
2846 1354
2847 1355
2848 1352
2849 1355
2850 1358
2851 1355
2852 1356
2853 1357
2854 1356
2855 1357
2856 1355
2857 1355
2858 1355
2859 1355
2860 1353
2861 1355
2862 1356
2863 1354
2864 1354
2865 1355
2866 1352
2867 1355
2868 1355
2869 1351
2870 1356
2871 1355
2872 1355
2873 1355
2874 1354
2875 1353
2876 1356
2877 1357
2878 1356
2879 1354
2880 1354
2881 1357
2882 1355
2883 1355
2884 1354
2885 1355
2886 1356
2887 1356
2888 1354
2889 1354
2890 1353
2891 1355
2892 1355
2893 1354
2894 1354
2895 1355
2896 1356
2897 1357
2898 1355
2899 1360
2900 1358
2901 1357
2902 1356
2903 1355
2904 1354
2905 1357
2906 1354
2907 1354
2908 1356
2909 1353
2910 1356
2911 1356
2912 1355
2913 1357
2914 1355
2915 1355
2916 1353
2917 1350
2918 1355
2919 1355
2920 1354
2921 1355
2922 1353
2923 1353
2924 1357
2925 1355
2926 1357
2927 1356
2928 1357
2929 1356
2930 1356
2931 1357
2932 1354
2933 1355
2934 1356
2935 1355
2936 1356
2937 1355
2938 1358
2939 1355
2940 1357
2941 1354
2942 1356
2943 1351
2944 1353
2945 1355
2946 1357
2947 1357
2948 1357
2949 1356
2950 1355
2951 1355
2952 1356
2953 1353
2954 1354
2955 1355
2956 1356
2957 1354
2958 1355
2959 1356
2960 1356
2961 1358
2962 1357
2963 1354
2964 1355
2965 1355
2966 1358
2967 1355
2968 1356
2969 1357
2970 1356
2971 1356
2972 1356
2973 1353
2974 1357
2975 1357
2976 1356
2977 1354
2978 1356
2979 1355
2980 1355
2981 1355
2982 1358
2983 1352
2984 1354
2985 1356
2986 1357
2987 1355
2988 1358
2989 1355
2990 1357
2991 1357
2992 1357
2993 1357
2994 1356
2995 1358
2996 1356
2997 1357
2998 1356
2999 1353
3000 1355
3001 1355
3002 1354
3003 1353
3004 1354
3005 1356
3006 1353
3007 1352
3008 1353
3009 1355
3010 1356
3011 1357
3012 1356
3013 1356
3014 1356
3015 1356
3016 1355
3017 1355
3018 1356
3019 1356
3020 1357
3021 1357
3022 1358
3023 1357
3024 1356
3025 1356
3026 1356
3027 1356
3028 1359
3029 1359
3030 1354
3031 1357
3032 1355
3033 1354
3034 1354
3035 1354
3036 1356
3037 1358
3038 1354
3039 1357
3040 1354
3041 1356
3042 1358
3043 1357
3044 1356
3045 1355
3046 1357
3047 1356
3048 1356
3049 1357
3050 1355
3051 1355
3052 1355
3053 1356
3054 1356
3055 1357
3056 1356
3057 1356
3058 1358
3059 1354
3060 1356
3061 1355
3062 1356
3063 1354
3064 1354
3065 1357
3066 1354
3067 1357
3068 1354
3069 1356
3070 1354
3071 1357
3072 1356
3073 1357
3074 1358
3075 1354
3076 1355
3077 1354
3078 1355
3079 1356
3080 1354
3081 1354
3082 1354
3083 1357
3084 1355
3085 1355
3086 1357
3087 1354
3088 1354
3089 1353
3090 1354
3091 1356
3092 1355
3093 1357
3094 1353
3095 1359
3096 1355
3097 1357
3098 1354
3099 1355
3100 1355
3101 1353
3102 1355
3103 1353
3104 1353
3105 1357
3106 1356
3107 1357
3108 1355
3109 1357
3110 1357
3111 1356
3112 1356
3113 1355
3114 1356
3115 1358
3116 1357
3117 1358
3118 1355
3119 1354
3120 1356
3121 1354
3122 1354
3123 1357
3124 1355
3125 1359
3126 1355
3127 1356
3128 1355
3129 1355
3130 1355
3131 1355
3132 1356
3133 1358
3134 1353
3135 1354
3136 1354
3137 1356
3138 1358
3139 1353
3140 1357
3141 1355
3142 1355
3143 1357
3144 1355
3145 1354
3146 1356
3147 1357
3148 1356
3149 1357
3150 1355
3151 1355
3152 1355
3153 1354
3154 1354
3155 1356
3156 1356
3157 1355
3158 1356
3159 1356
3160 1355
3161 1353
3162 1355
3163 1356
3164 1356
3165 1353
3166 1356
3167 1356
3168 1355
3169 1357
3170 1352
3171 1355
3172 1357
3173 1357
3174 1356
3175 1355
3176 1352
3177 1356
3178 1357
3179 1354
3180 1355
3181 1355
3182 1356
3183 1356
3184 1354
3185 1353
3186 1356
3187 1356
3188 1356
3189 1353
3190 1357
3191 1357
3192 1358
3193 1357
3194 1355
3195 1356
3196 1354
3197 1355
3198 1353
3199 1356
3200 1355
3201 1355
3202 1356
3203 1356
3204 1359
3205 1355
3206 1356
3207 1356
3208 1357
3209 1359
3210 1358
3211 1356
3212 1358
3213 1356
3214 1356
3215 1355
3216 1355
3217 1355
3218 1354
3219 1355
3220 1355
3221 1356
3222 1357
3223 1356
3224 1355
3225 1355
3226 1355
3227 1357
3228 1356
3229 1356
3230 1356
3231 1360
3232 1359
3233 1356
3234 1357
3235 1355
3236 1358
3237 1357
3238 1355
3239 1354
3240 1354
3241 1355
3242 1353
3243 1357
3244 1356
3245 1355
3246 1350
3247 1354
3248 1354
3249 1357
3250 1356
3251 1355
3252 1354
3253 1356
3254 1356
3255 1353
3256 1355
3257 1357
3258 1356
3259 1354
3260 1355
3261 1359
3262 1353
3263 1356
3264 1356
3265 1357
3266 1356
3267 1359
3268 1357
3269 1355
3270 1356
3271 1357
3272 1355
3273 1354
3274 1357
3275 1356
3276 1354
3277 1357
3278 1356
3279 1358
3280 1355
3281 1358
3282 1356
3283 1355
3284 1356
3285 1356
3286 1356
3287 1354
3288 1355
3289 1357
3290 1357
3291 1355
3292 1357
3293 1357
3294 1357
3295 1357
3296 1360
3297 1356
3298 1354
3299 1360
3300 1356
3301 1355
3302 1360
3303 1358
3304 1356
3305 1356
3306 1354
3307 1355
3308 1355
3309 1355
3310 1356
3311 1355
3312 1355
3313 1354
3314 1356
3315 1357
3316 1357
3317 1356
3318 1355
3319 1355
3320 1352
3321 1355
3322 1358
3323 1353
3324 1356
3325 1355
3326 1356
3327 1355
3328 1356
3329 1357
3330 1357
3331 1355
3332 1356
3333 1354
3334 1355
3335 1356
3336 1358
3337 1353
3338 1356
3339 1355
3340 1358
3341 1354
3342 1359
3343 1353
3344 1356
3345 1354
3346 1357
3347 1354
3348 1357
3349 1352
3350 1354
3351 1354
3352 1355
3353 1355
3354 1357
3355 1356
3356 1354
3357 1356
3358 1355
3359 1354
3360 1356
3361 1354
3362 1357
3363 1355
3364 1356
3365 1354
3366 1355
3367 1353
3368 1356
3369 1357
3370 1359
3371 1357
3372 1355
3373 1355
3374 1356
3375 1352
3376 1355
3377 1355
3378 1354
3379 1354
3380 1357
3381 1355
3382 1356
3383 1354
3384 1356
3385 1356
3386 1355
3387 1355
3388 1356
3389 1354
3390 1356
3391 1355
3392 1353
3393 1357
3394 1357
3395 1357
3396 1358
3397 1357
3398 1356
3399 1355
3400 1355
3401 1357
3402 1359
3403 1356
3404 1354
3405 1357
3406 1357
3407 1358
3408 1357
3409 1354
3410 1355
3411 1356
3412 1353
3413 1355
3414 1356
3415 1355
3416 1357
3417 1356
3418 1357
3419 1356
3420 1357
3421 1356
3422 1357
3423 1354
3424 1355
3425 1355
3426 1356
3427 1357
3428 1356
3429 1357
3430 1354
3431 1354
3432 1356
3433 1357
3434 1356
3435 1354
3436 1353
3437 1356
3438 1357
3439 1354
3440 1357
3441 1354
3442 1355
3443 1356
3444 1356
3445 1355
3446 1356
3447 1356
3448 1355
3449 1354
3450 1352
3451 1356
3452 1357
3453 1355
3454 1355
3455 1352
3456 1355
3457 1358
3458 1356
3459 1355
3460 1356
3461 1357
3462 1357
3463 1357
3464 1353
3465 1354
3466 1354
3467 1357
3468 1355
3469 1356
3470 1355
3471 1355
3472 1355
3473 1354
3474 1353
3475 1358
3476 1354
3477 1356
3478 1356
3479 1354
3480 1354
3481 1356
3482 1357
3483 1354
3484 1356
3485 1355
3486 1357
3487 1352
3488 1356
3489 1355
3490 1355
3491 1356
3492 1356
3493 1357
3494 1356
3495 1358
3496 1356
3497 1354
3498 1354
3499 1357
3500 1357
3501 1354
3502 1356
3503 1354
3504 1355
3505 1356
3506 1357
3507 1357
3508 1355
3509 1356
3510 1354
3511 1356
3512 1357
3513 1353
3514 1356
3515 1353
3516 1358
3517 1357
3518 1355
3519 1356
3520 1356
3521 1355
3522 1356
3523 1353
3524 1355
3525 1354
3526 1354
3527 1356
3528 1354
3529 1353
3530 1356
3531 1353
3532 1353
3533 1356
3534 1354
3535 1352
3536 1351
3537 1357
3538 1358
3539 1357
3540 1357
3541 1360
3542 1357
3543 1357
3544 1355
3545 1355
3546 1359
3547 1358
3548 1359
3549 1359
3550 1357
3551 1356
3552 1357
3553 1357
3554 1357
3555 1357
3556 1357
3557 1355
3558 1355
3559 1356
3560 1356
3561 1357
3562 1355
3563 1356
3564 1355
3565 1352
3566 1355
3567 1357
3568 1356
3569 1355
3570 1353
3571 1357
3572 1353
3573 1356
3574 1356
3575 1356
3576 1355
3577 1357
3578 1353
3579 1357
3580 1356
3581 1358
3582 1355
3583 1358
3584 1354
3585 1356
3586 1356
3587 1357
3588 1354
3589 1354
3590 1352
3591 1356
3592 1354
3593 1356
3594 1353
3595 1358
3596 1356
3597 1357
3598 1357
3599 1355
3600 1356
3601 1358
3602 1356
3603 1354
3604 1352
3605 1355
3606 1356
3607 1358
3608 1359
3609 1357
3610 1356
3611 1353
3612 1351
3613 1355
3614 1355
3615 1356
3616 1354
3617 1354
3618 1355
3619 1353
3620 1356
3621 1357
3622 1356
3623 1355
3624 1354
3625 1356
3626 1355
3627 1353
3628 1355
3629 1357
3630 1357
3631 1357
3632 1353
3633 1358
3634 1355
3635 1357
3636 1356
3637 1354
3638 1355
3639 1354
3640 1356
3641 1357
3642 1354
3643 1355
3644 1355
3645 1358
3646 1355
3647 1355
3648 1359
3649 1356
3650 1356
3651 1354
3652 1356
3653 1357
3654 1354
3655 1353
3656 1354
3657 1355
3658 1356
3659 1356
3660 1355
3661 1353
3662 1359
3663 1356
3664 1358
3665 1358
3666 1353
3667 1354
3668 1357
3669 1356
3670 1356
3671 1357
3672 1354
3673 1353
3674 1356
3675 1357
3676 1354
3677 1356
3678 1354
3679 1357
3680 1358
3681 1355
3682 1355
3683 1356
3684 1355
3685 1354
3686 1354
3687 1354
3688 1356
3689 1359
3690 1357
3691 1356
3692 1356
3693 1354
3694 1354
3695 1354
3696 1356
3697 1357
3698 1356
3699 1356
3700 1357
3701 1358
3702 1355
3703 1356
3704 1353
3705 1354
3706 1355
3707 1358
3708 1354
3709 1356
3710 1356
3711 1353
3712 1354
3713 1355
3714 1356
3715 1356
3716 1355
3717 1353
3718 1356
3719 1352
3720 1356
3721 1357
3722 1357
3723 1355
3724 1356
3725 1355
3726 1355
3727 1353
3728 1352
3729 1355
3730 1356
3731 1357
3732 1355
3733 1355
3734 1357
3735 1356
3736 1357
3737 1354
3738 1358
3739 1355
3740 1356
3741 1355
3742 1356
3743 1355
3744 1355
3745 1355
3746 1354
3747 1355
3748 1355
3749 1355
3750 1356
3751 1357
3752 1356
3753 1358
3754 1356
3755 1356
3756 1358
3757 1357
3758 1356
3759 1355
3760 1355
3761 1357
3762 1355
3763 1358
3764 1353
3765 1355
3766 1355
3767 1353
3768 1355
3769 1354
3770 1353
3771 1354
3772 1355
3773 1354
3774 1355
3775 1353
3776 1355
3777 1356
3778 1355
3779 1353
3780 1357
3781 1354
3782 1353
3783 1355
3784 1355
3785 1356
3786 1356
3787 1358
3788 1357
3789 1357
3790 1356
3791 1356
3792 1357
3793 1356
3794 1356
3795 1356
3796 1357
3797 1355
3798 1355
3799 1356
3800 1356
3801 1357
3802 1357
3803 1354
3804 1356
3805 1354
3806 1354
3807 1354
3808 1352
3809 1355
3810 1356
3811 1355
3812 1356
3813 1356
3814 1358
3815 1357
3816 1356
3817 1355
3818 1354
3819 1353
3820 1354
3821 1356
3822 1354
3823 1354
3824 1355
3825 1354
3826 1355
3827 1356
3828 1357
3829 1357
3830 1356
3831 1356
3832 1356
3833 1357
3834 1359
3835 1358
3836 1357
3837 1357
3838 1356
3839 1355
3840 1356
3841 1357
3842 1356
3843 1354
3844 1356
3845 1355
3846 1357
3847 1356
3848 1356
3849 1354
3850 1354
3851 1355
3852 1354
3853 1354
3854 1355
3855 1354
3856 1354
3857 1357
3858 1353
3859 1353
3860 1352
3861 1352
3862 1356
3863 1355
3864 1356
3865 1354
3866 1354
3867 1351
3868 1355
3869 1356
3870 1356
3871 1355
3872 1356
3873 1355
3874 1356
3875 1355
3876 1356
3877 1356
3878 1356
3879 1355
3880 1357
3881 1357
3882 1357
3883 1352
3884 1356
3885 1354
3886 1355
3887 1354
3888 1358
3889 1355
3890 1354
3891 1354
3892 1354
3893 1353
3894 1355
3895 1353
3896 1353
3897 1353
3898 1355
3899 1354
3900 1355
3901 1355
3902 1354
3903 1355
3904 1356
3905 1355
3906 1354
3907 1352
3908 1355
3909 1354
3910 1354
3911 1353
3912 1356
3913 1355
3914 1357
3915 1357
3916 1357
3917 1356
3918 1354
3919 1351
3920 1357
3921 1358
3922 1355
3923 1354
3924 1356
3925 1354
3926 1356
3927 1354
3928 1358
3929 1353
3930 1355
3931 1355
3932 1354
3933 1353
3934 1355
3935 1356
3936 1355
3937 1357
3938 1356
3939 1357
3940 1355
3941 1357
3942 1354
3943 1350
3944 1354
3945 1354
3946 1354
3947 1354
3948 1353
3949 1355
3950 1355
3951 1356
3952 1356
3953 1353
3954 1354
3955 1355
3956 1353
3957 1354
3958 1355
3959 1355
3960 1356
3961 1356
3962 1355
3963 1357
3964 1355
3965 1354
3966 1356
3967 1357
3968 1356
3969 1356
3970 1355
3971 1355
3972 1358
3973 1355
3974 1355
3975 1355
3976 1354
3977 1357
3978 1355
3979 1355
3980 1356
3981 1357
3982 1358
3983 1354
3984 1354
3985 1354
3986 1355
3987 1353
3988 1355
3989 1356
3990 1355
3991 1356
3992 1355
3993 1356
3994 1358
3995 1356
3996 1355
3997 1356
3998 1359
3999 1356
