0 1356
1 1356
2 1354
3 1355
4 1357
5 1356
6 1357
7 1358
8 1357
9 1357
10 1356
11 1355
12 1355
13 1356
14 1357
15 1357
16 1357
17 1356
18 1356
19 1356
20 1355
21 1358
22 1356
23 1357
24 1355
25 1355
26 1358
27 1356
28 1357
29 1356
30 1357
31 1356
32 1359
33 1356
34 1358
35 1356
36 1358
37 1356
38 1357
39 1355
40 1355
41 1356
42 1357
43 1356
44 1355
45 1355
46 1356
47 1356
48 1357
49 1354
50 1356
51 1355
52 1357
53 1357
54 1356
55 1357
56 1355
57 1357
58 1356
59 1357
60 1359
61 1357
62 1357
63 1358
64 1358
65 1358
66 1357
67 1356
68 1357
69 1357
70 1354
71 1358
72 1357
73 1357
74 1359
75 1358
76 1359
77 1356
78 1356
79 1356
80 1358
81 1357
82 1356
83 1358
84 1355
85 1356
86 1356
87 1355
88 1356
89 1357
90 1356
91 1355
92 1356
93 1355
94 1357
95 1358
96 1354
97 1356
98 1357
99 1354
100 1355
101 1355
102 1360
103 1358
104 1355
105 1356
106 1357
107 1358
108 1355
109 1359
110 1354
111 1356
112 1355
113 1356
114 1354
115 1357
116 1355
117 1357
118 1356
119 1357
120 1357
121 1356
122 1357
123 1359
124 1356
125 1356
126 1357
127 1358
128 1357
129 1357
130 1356
131 1358
132 1357
133 1356
134 1355
135 1355
136 1357
137 1354
138 1356
139 1354
140 1356
141 1356
142 1359
143 1357
144 1358
145 1356
146 1356
147 1356
148 1358
149 1354
150 1356
151 1355
152 1358
153 1356
154 1356
155 1353
156 1358
157 1357
158 1359
159 1353
160 1355
161 1358
162 1359
163 1356
164 1357
165 1357
166 1357
167 1358
168 1355
169 1354
170 1357
171 1357
172 1358
173 1355
174 1357
175 1355
176 1356
177 1353
178 1354
179 1357
180 1358
181 1358
182 1359
183 1355
184 1359
185 1356
186 1356
187 1354
188 1357
189 1354
190 1357
191 1356
192 1359
193 1356
194 1355
195 1356
196 1361
197 1354
198 1355
199 1355
200 1356
201 1357
202 1356
203 1357
204 1354
205 1354
206 1357
207 1356
208 1358
209 1357
210 1358
211 1358
212 1358
213 1356
214 1356
215 1356
216 1358
217 1357
218 1359
219 1357
220 1356
221 1354
222 1355
223 1356
224 1360
225 1357
226 1360
227 1356
228 1355
229 1355
230 1354
231 1356
232 1354
233 1358
234 1356
235 1355
236 1357
237 1357
238 1358
239 1357
240 1356
241 1356
242 1359
243 1358
244 1357
245 1356
246 1358
247 1358
248 1359
249 1356
250 1357
251 1358
252 1361
253 1360
254 1357
255 1357
256 1358
257 1356
258 1358
259 1356
260 1357
261 1355
262 1356
263 1354
264 1357
265 1356
266 1358
267 1357
268 1361
269 1357
270 1359
271 1356
272 1357
273 1357
274 1354
275 1354
276 1356
277 1355
278 1358
279 1355
280 1357
281 1358
282 1357
283 1355
284 1359
285 1357
286 1359
287 1356
288 1359
289 1357
290 1357
291 1356
292 1359
293 1358
294 1358
295 1356
296 1360
297 1356
298 1353
299 1356
300 1354
301 1356
302 1356
303 1358
304 1357
305 1357
306 1360
307 1357
308 1354
309 1356
310 1355
311 1357
312 1356
313 1359
314 1357
315 1357
316 1356
317 1357
318 1358
319 1355
320 1360
321 1355
322 1359
323 1355
324 1354
325 1355
326 1357
327 1358
328 1353
329 1356
330 1358
331 1356
332 1356
333 1359
334 1356
335 1354
336 1357
337 1354
338 1357
339 1355
340 1359
341 1358
342 1356
343 1357
344 1357
345 1357
346 1357
347 1358
348 1357
349 1356
350 1357
351 1355
352 1356
353 1356
354 1354
355 1356
356 1356
357 1356
358 1358
359 1357
360 1356
361 1356
362 1356
363 1356
364 1358
365 1356
366 1357
367 1356
368 1357
369 1356
370 1357
371 1359
372 1358
373 1356
374 1357
375 1356
376 1354
377 1355
378 1356
379 1356
380 1359
381 1360
382 1358
383 1354
384 1355
385 1356
386 1357
387 1358
388 1356
389 1356
390 1357
391 1356
392 1356
393 1356
394 1357
395 1355
396 1354
397 1356
398 1358
399 1357
400 1356
401 1356
402 1356
403 1356
404 1354
405 1355
406 1356
407 1355
408 1358
409 1356
410 1357
411 1354
412 1355
413 1354
414 1357
415 1357
416 1355
417 1355
418 1356
419 1356
420 1355
421 1354
422 1357
423 1356
424 1357
425 1357
426 1357
427 1355
428 1357
429 1357
430 1358
431 1358
432 1356
433 1358
434 1359
435 1355
436 1355
437 1357
438 1355
439 1358
440 1357
441 1356
442 1356
443 1355
444 1355
445 1354
446 1355
447 1360
448 1354
449 1354
450 1357
451 1358
452 1357
453 1355
454 1356
455 1356
456 1357
457 1356
458 1356
459 1359
460 1356
461 1357
462 1357
463 1356
464 1357
465 1358
466 1359
467 1358
468 1357
469 1356
470 1358
471 1359
472 1357
473 1359
474 1355
475 1357
476 1356
477 1356
478 1355
479 1355
480 1355
481 1357
482 1355
483 1358
484 1357
485 1357
486 1355
487 1357
488 1356
489 1358
490 1357
491 1358
492 1358
493 1357
494 1357
495 1356
496 1354
497 1354
498 1357
499 1358
500 1357
501 1357
502 1358
503 1356
504 1356
505 1356
506 1356
507 1357
508 1354
509 1356
510 1354
511 1356
512 1359
513 1357
514 1356
515 1359
516 1358
517 1358
518 1357
519 1358
520 1359
521 1359
522 1360
523 1357
524 1357
525 1358
526 1359
527 1360
528 1356
529 1357
530 1361
531 1360
532 1357
533 1359
534 1360
535 1362
536 1362
537 1365
538 1371
539 1381
540 1395
541 1412
542 1444
543 1480
544 1518
545 1571
546 1618
547 1673
548 1727
549 1779
550 1828
551 1876
552 1916
553 1954
554 1984
555 2011
556 2031
557 2045
558 2049
559 2049
560 2048
561 2046
562 2040
563 2031
564 2021
565 2011
566 1993
567 1977
568 1956
569 1929
570 1911
571 1884
572 1864
573 1842
574 1820
575 1797
576 1777
577 1752
578 1726
579 1706
580 1680
581 1661
582 1644
583 1627
584 1604
585 1593
586 1574
587 1562
588 1549
589 1532
590 1525
591 1513
592 1499
593 1491
594 1478
595 1471
596 1462
597 1456
598 1450
599 1449
600 1438
601 1435
602 1426
603 1422
604 1416
605 1416
606 1410
607 1406
608 1405
609 1401
610 1398
611 1396
612 1393
613 1393
614 1391
615 1388
616 1385
617 1384
618 1379
619 1384
620 1378
621 1377
622 1373
623 1376
624 1373
625 1373
626 1369
627 1368
628 1367
629 1368
630 1370
631 1368
632 1364
633 1367
634 1367
635 1367
636 1364
637 1362
638 1362
639 1363
640 1361
641 1362
642 1363
643 1363
644 1363
645 1363
646 1362
647 1361
648 1360
649 1361
650 1360
651 1361
652 1359
653 1360
654 1360
655 1360
656 1358
657 1356
658 1359
659 1359
660 1358
661 1356
662 1359
663 1357
664 1356
665 1359
666 1359
667 1358
668 1358
669 1359
670 1359
671 1362
672 1360
673 1356
674 1356
675 1358
676 1357
677 1358
678 1358
679 1357
680 1360
681 1360
682 1357
683 1358
684 1357
685 1357
686 1357
687 1357
688 1354
689 1354
690 1356
691 1358
692 1354
693 1358
694 1359
695 1357
696 1354
697 1357
698 1357
699 1358
700 1357
701 1358
702 1357
703 1359
704 1358
705 1358
706 1357
707 1357
708 1359
709 1359
710 1359
711 1360
712 1359
713 1361
714 1357
715 1357
716 1358
717 1358
718 1360
719 1357
720 1355
721 1357
722 1355
723 1360
724 1357
725 1359
726 1355
727 1356
728 1356
729 1362
730 1356
731 1360
732 1359
733 1359
734 1355
735 1357
736 1358
737 1360
738 1355
739 1356
740 1360
741 1356
742 1356
743 1357
744 1355
745 1356
746 1357
747 1357
748 1359
749 1356
750 1356
751 1356
752 1355
753 1357
754 1354
755 1356
756 1355
757 1356
758 1357
759 1354
760 1357
761 1357
762 1357
763 1357
764 1359
765 1357
766 1356
767 1358
768 1357
769 1359
770 1356
771 1354
772 1356
773 1356
774 1357
775 1356
776 1357
777 1357
778 1358
779 1354
780 1357
781 1355
782 1357
783 1355
784 1357
785 1356
786 1358
787 1357
788 1358
789 1357
790 1354
791 1357
792 1355
793 1356
794 1354
795 1357
796 1355
797 1355
798 1354
799 1356
800 1354
801 1356
802 1357
803 1355
804 1355
805 1356
806 1356
807 1357
808 1357
809 1356
810 1354
811 1354
812 1355
813 1356
814 1355
815 1357
816 1358
817 1356
818 1359
819 1357
820 1358
821 1356
822 1357
823 1355
824 1357
825 1357
826 1358
827 1358
828 1359
829 1358
830 1358
831 1356
832 1357
833 1359
834 1356
835 1357
836 1355
837 1360
838 1357
839 1356
840 1354
841 1356
842 1359
843 1358
844 1358
845 1356
846 1357
847 1356
848 1358
849 1359
850 1356
851 1356
852 1356
853 1357
854 1355
855 1355
856 1356
857 1360
858 1358
859 1358
860 1356
861 1360
862 1356
863 1356
864 1357
865 1358
866 1358
867 1355
868 1356
869 1357
870 1358
871 1356
872 1354
873 1356
874 1356
875 1356
876 1356
877 1358
878 1357
879 1358
880 1357
881 1358
882 1356
883 1357
884 1355
885 1356
886 1358
887 1356
888 1357
889 1357
890 1358
891 1358
892 1359
893 1357
894 1357
895 1355
896 1359
897 1356
898 1358
899 1355
900 1357
901 1355
902 1356
903 1357
904 1358
905 1358
906 1355
907 1356
908 1357
909 1355
910 1356
911 1356
912 1356
913 1357
914 1355
915 1357
916 1355
917 1356
918 1357
919 1355
920 1357
921 1358
922 1353
923 1359
924 1355
925 1356
926 1357
927 1359
928 1357
929 1355
930 1350
931 1353
932 1361
933 1358
934 1356
935 1356
936 1357
937 1356
938 1358
939 1356
940 1355
941 1357
942 1355
943 1358
944 1354
945 1359
946 1358
947 1357
948 1356
949 1357
950 1354
951 1356
952 1355
953 1358
954 1358
955 1356
956 1355
957 1354
958 1358
959 1357
960 1355
961 1355
962 1356
963 1355
964 1356
965 1356
966 1358
967 1354
968 1355
969 1354
970 1355
971 1357
972 1356
973 1356
974 1357
975 1359
976 1355
977 1354
978 1355
979 1355
980 1356
981 1359
982 1358
983 1356
984 1357
985 1354
986 1357
987 1357
988 1355
989 1357
990 1358
991 1355
992 1356
993 1355
994 1358
995 1354
996 1354
997 1352
998 1356
999 1356
1000 1357
1001 1355
1002 1356
1003 1354
1004 1356
1005 1354
1006 1355
1007 1357
1008 1357
1009 1359
1010 1356
1011 1355
1012 1356
1013 1360
1014 1357
1015 1356
1016 1358
1017 1357
1018 1358
1019 1356
1020 1356
1021 1356
1022 1357
1023 1359
1024 1358
1025 1356
1026 1360
1027 1358
1028 1357
1029 1355
1030 1358
1031 1357
1032 1358
1033 1356
1034 1355
1035 1357
1036 1355
1037 1354
1038 1356
1039 1355
1040 1355
1041 1355
1042 1356
1043 1358
1044 1354
1045 1356
1046 1355
1047 1358
1048 1357
1049 1355
1050 1357
1051 1355
1052 1358
1053 1359
1054 1357
1055 1358
1056 1357
1057 1355
1058 1359
1059 1357
1060 1357
1061 1358
1062 1358
1063 1356
1064 1357
1065 1359
1066 1358
1067 1358
1068 1357
1069 1359
1070 1357
1071 1361
1072 1356
1073 1356
1074 1354
1075 1356
1076 1358
1077 1357
1078 1358
1079 1354
1080 1358
1081 1357
1082 1358
1083 1357
1084 1357
1085 1358
1086 1355
1087 1358
1088 1357
1089 1358
1090 1355
1091 1359
1092 1359
1093 1358
1094 1356
1095 1360
1096 1356
1097 1360
1098 1355
1099 1358
1100 1357
1101 1358
1102 1355
1103 1356
1104 1355
1105 1354
1106 1356
1107 1355
1108 1355
1109 1355
1110 1354
1111 1358
1112 1360
1113 1356
1114 1355
1115 1356
1116 1356
1117 1356
1118 1354
1119 1354
1120 1356
1121 1355
1122 1357
1123 1357
1124 1357
1125 1355
1126 1357
1127 1354
1128 1358
1129 1358
1130 1354
1131 1356
1132 1356
1133 1357
1134 1356
1135 1356
1136 1357
1137 1358
1138 1359
1139 1354
1140 1356
1141 1355
1142 1354
1143 1356
1144 1356
1145 1357
1146 1357
1147 1356
1148 1354
1149 1354
1150 1356
1151 1359
1152 1353
1153 1356
1154 1358
1155 1358
1156 1356
1157 1357
1158 1357
1159 1354
1160 1355
1161 1356
1162 1358
1163 1353
1164 1357
1165 1358
1166 1360
1167 1359
1168 1355
1169 1356
1170 1356
1171 1355
1172 1356
1173 1356
1174 1357
1175 1359
1176 1357
1177 1355
1178 1354
1179 1356
1180 1356
1181 1356
1182 1357
1183 1357
1184 1357
1185 1358
1186 1356
1187 1358
1188 1353
1189 1358
1190 1357
1191 1356
1192 1355
1193 1357
1194 1357
1195 1358
1196 1358
1197 1356
1198 1358
1199 1356
1200 1353
1201 1356
1202 1356
1203 1359
1204 1356
1205 1358
1206 1355
1207 1357
1208 1355
1209 1355
1210 1356
1211 1356
1212 1357
1213 1356
1214 1355
1215 1358
1216 1357
1217 1356
1218 1355
1219 1356
1220 1356
1221 1355
1222 1355
1223 1355
1224 1356
1225 1356
1226 1355
1227 1356
1228 1356
1229 1357
1230 1355
1231 1356
1232 1355
1233 1358
1234 1356
1235 1358
1236 1354
1237 1352
1238 1354
1239 1356
1240 1356
1241 1354
1242 1354
1243 1356
1244 1359
1245 1358
1246 1355
1247 1356
1248 1357
1249 1356
1250 1353
1251 1358
1252 1357
1253 1356
1254 1356
1255 1357
1256 1357
1257 1358
1258 1357
1259 1355
1260 1357
1261 1356
1262 1357
1263 1357
1264 1358
1265 1357
1266 1357
1267 1356
1268 1357
1269 1357
1270 1355
1271 1358
1272 1355
1273 1357
1274 1354
1275 1356
1276 1357
1277 1355
1278 1357
1279 1359
1280 1355
1281 1358
1282 1359
1283 1357
1284 1355
1285 1356
1286 1355
1287 1356
1288 1357
1289 1355
1290 1355
1291 1356
1292 1359
1293 1360
1294 1354
1295 1355
1296 1358
1297 1358
1298 1356
1299 1353
1300 1355
1301 1356
1302 1354
1303 1356
1304 1355
1305 1354
1306 1355
1307 1356
1308 1358
1309 1357
1310 1356
1311 1356
1312 1358
1313 1360
1314 1357
1315 1354
1316 1356
1317 1356
1318 1357
1319 1355
1320 1355
1321 1358
1322 1357
1323 1358
1324 1357
1325 1356
1326 1359
1327 1356
1328 1357
1329 1354
1330 1355
1331 1359
1332 1357
1333 1355
1334 1357
1335 1354
1336 1355
1337 1356
1338 1359
1339 1357
1340 1354
1341 1357
1342 1358
1343 1356
1344 1356
1345 1359
1346 1359
1347 1357
1348 1355
1349 1356
1350 1356
1351 1357
1352 1357
1353 1357
1354 1355
1355 1357
1356 1355
1357 1355
1358 1353
1359 1357
1360 1355
1361 1354
1362 1357
1363 1356
1364 1356
1365 1356
1366 1355
1367 1358
1368 1356
1369 1356
1370 1357
1371 1357
1372 1357
1373 1357
1374 1355
1375 1358
1376 1357
1377 1358
1378 1356
1379 1357
1380 1355
1381 1357
1382 1354
1383 1358
1384 1357
1385 1356
1386 1356
1387 1353
1388 1356
1389 1356
1390 1357
1391 1358
1392 1356
1393 1355
1394 1357
1395 1355
1396 1356
1397 1357
1398 1357
1399 1357
1400 1356
1401 1356
1402 1357
1403 1360
1404 1355
1405 1355
1406 1357
1407 1356
1408 1357
1409 1357
1410 1356
1411 1354
1412 1357
1413 1356
1414 1356
1415 1356
1416 1356
1417 1357
1418 1356
1419 1357
1420 1357
1421 1356
1422 1352
1423 1355
1424 1355
1425 1356
1426 1357
1427 1358
1428 1355
1429 1357
1430 1357
1431 1353
1432 1357
1433 1357
1434 1357
1435 1356
1436 1358
1437 1357
1438 1360
1439 1359
1440 1358
1441 1355
1442 1356
1443 1354
1444 1352
1445 1356
1446 1357
1447 1356
1448 1354
1449 1356
1450 1355
1451 1356
1452 1357
1453 1356
1454 1358
1455 1357
1456 1355
1457 1356
1458 1358
1459 1359
1460 1357
1461 1354
1462 1356
1463 1358
1464 1359
1465 1360
1466 1356
1467 1358
1468 1357
1469 1355
1470 1353
1471 1356
1472 1363
1473 1360
1474 1354
1475 1356
1476 1355
1477 1357
1478 1357
1479 1357
1480 1357
1481 1358
1482 1355
1483 1356
1484 1357
1485 1354
1486 1355
1487 1355
1488 1357
1489 1356
1490 1355
1491 1354
1492 1357
1493 1361
1494 1358
1495 1356
1496 1351
1497 1358
1498 1357
1499 1357
1500 1356
1501 1354
1502 1354
1503 1356
1504 1355
1505 1356
1506 1360
1507 1356
1508 1357
1509 1353
1510 1354
1511 1355
1512 1355
1513 1355
1514 1356
1515 1355
1516 1355
1517 1356
1518 1360
1519 1355
1520 1358
1521 1354
1522 1357
1523 1356
1524 1357
1525 1356
1526 1359
1527 1356
1528 1357
1529 1359
1530 1355
1531 1357
1532 1357
1533 1356
1534 1358
1535 1354
1536 1357
1537 1358
1538 1357
1539 1355
1540 1357
1541 1354
1542 1355
1543 1355
1544 1358
1545 1355
1546 1359
1547 1355
1548 1357
1549 1355
1550 1357
1551 1355
1552 1357
1553 1354
1554 1357
1555 1356
1556 1355
1557 1356
1558 1356
1559 1355
1560 1356
1561 1357
1562 1356
1563 1355
1564 1357
1565 1358
1566 1358
1567 1358
1568 1356
1569 1358
1570 1357
1571 1356
1572 1357
1573 1354
1574 1354
1575 1355
1576 1359
1577 1357
1578 1357
1579 1355
1580 1355
1581 1356
1582 1356
1583 1356
1584 1356
1585 1354
1586 1354
1587 1354
1588 1354
1589 1358
1590 1357
1591 1356
1592 1357
1593 1355
1594 1355
1595 1357
1596 1356
1597 1354
1598 1357
1599 1356
1600 1358
1601 1356
1602 1355
1603 1356
1604 1355
1605 1354
1606 1355
1607 1355
1608 1356
1609 1355
1610 1357
1611 1358
1612 1354
1613 1353
1614 1358
1615 1354
1616 1356
1617 1353
1618 1355
1619 1358
1620 1355
1621 1355
1622 1356
1623 1357
1624 1357
1625 1356
1626 1355
1627 1356
1628 1357
1629 1355
1630 1357
1631 1357
1632 1358
1633 1356
1634 1357
1635 1355
1636 1356
1637 1358
1638 1357
1639 1356
1640 1357
1641 1356
1642 1358
1643 1357
1644 1357
1645 1352
1646 1357
1647 1359
1648 1355
1649 1354
1650 1356
1651 1356
1652 1360
1653 1356
1654 1355
1655 1356
1656 1355
1657 1357
1658 1357
1659 1353
1660 1358
1661 1356
1662 1356
1663 1354
1664 1355
1665 1354
1666 1358
1667 1356
1668 1359
1669 1355
1670 1356
1671 1357
1672 1356
1673 1359
1674 1360
1675 1354
1676 1354
1677 1358
1678 1360
1679 1359
1680 1357
1681 1357
1682 1358
1683 1355
1684 1359
1685 1357
1686 1357
1687 1356
1688 1353
1689 1355
1690 1357
1691 1356
1692 1355
1693 1356
1694 1356
1695 1355
1696 1355
1697 1355
1698 1359
1699 1359
1700 1359
1701 1355
1702 1356
1703 1356
1704 1359
1705 1355
1706 1356
1707 1354
1708 1357
1709 1354
1710 1356
1711 1357
1712 1358
1713 1356
1714 1356
1715 1355
1716 1359
1717 1354
1718 1358
1719 1354
1720 1357
1721 1357
1722 1357
1723 1356
1724 1354
1725 1355
1726 1357
1727 1355
1728 1356
1729 1356
1730 1357
1731 1355
1732 1357
1733 1356
1734 1357
1735 1356
1736 1353
1737 1356
1738 1355
1739 1356
1740 1355
1741 1355
1742 1355
1743 1356
1744 1357
1745 1355
1746 1357
1747 1354
1748 1357
1749 1356
1750 1355
1751 1356
1752 1357
1753 1355
1754 1354
1755 1356
1756 1356
1757 1356
1758 1357
1759 1359
1760 1355
1761 1357
1762 1355
1763 1353
1764 1355
1765 1356
1766 1359
1767 1357
1768 1358
1769 1358
1770 1359
1771 1360
1772 1357
1773 1357
1774 1354
1775 1359
1776 1354
1777 1356
1778 1356
1779 1354
1780 1358
1781 1357
1782 1354
1783 1355
1784 1353
1785 1356
1786 1355
1787 1354
1788 1356
1789 1354
1790 1355
1791 1355
1792 1352
1793 1357
1794 1355
1795 1357
1796 1355
1797 1354
1798 1354
1799 1355
1800 1357
1801 1357
1802 1359
1803 1358
1804 1356
1805 1358
1806 1357
1807 1358
1808 1357
1809 1357
1810 1356
1811 1356
1812 1356
1813 1355
1814 1355
1815 1357
1816 1355
1817 1357
1818 1353
1819 1355
1820 1357
1821 1356
1822 1356
1823 1358
1824 1357
1825 1358
1826 1357
1827 1357
1828 1357
1829 1354
1830 1353
1831 1358
1832 1360
1833 1359
1834 1356
1835 1357
1836 1355
1837 1358
1838 1359
1839 1355
1840 1354
1841 1354
1842 1356
1843 1356
1844 1355
1845 1355
1846 1357
1847 1358
1848 1357
1849 1355
1850 1356
1851 1356
1852 1355
1853 1357
1854 1357
1855 1359
1856 1357
1857 1357
1858 1358
1859 1356
1860 1356
1861 1355
1862 1355
1863 1356
1864 1354
1865 1357
1866 1359
1867 1357
1868 1357
1869 1357
1870 1357
1871 1359
1872 1359
1873 1358
1874 1357
1875 1357
1876 1356
1877 1356
1878 1355
1879 1353
1880 1355
1881 1355
1882 1355
1883 1354
1884 1359
1885 1356
1886 1358
1887 1358
1888 1355
1889 1354
1890 1355
1891 1356
1892 1356
1893 1357
1894 1355
1895 1355
1896 1357
1897 1356
1898 1357
1899 1356
1900 1356
1901 1355
1902 1357
1903 1359
1904 1358
1905 1356
1906 1355
1907 1355
1908 1356
1909 1355
1910 1356
1911 1354
1912 1354
1913 1356
1914 1352
1915 1353
1916 1357
1917 1358
1918 1357
1919 1355
1920 1356
1921 1355
1922 1357
1923 1357
1924 1355
1925 1357
1926 1356
1927 1357
1928 1357
1929 1357
1930 1357
1931 1355
1932 1357
1933 1356
1934 1355
1935 1354
1936 1358
1937 1356
1938 1356
1939 1356
1940 1355
1941 1356
1942 1358
1943 1356
1944 1357
1945 1356
1946 1357
1947 1357
1948 1356
1949 1358
1950 1359
1951 1359
1952 1358
1953 1357
1954 1359
1955 1356
1956 1354
1957 1356
1958 1356
1959 1358
1960 1356
1961 1356
1962 1355
1963 1357
1964 1356
1965 1358
1966 1357
1967 1355
1968 1357
1969 1356
1970 1356
1971 1355
1972 1356
1973 1354
1974 1357
1975 1355
1976 1356
1977 1357
1978 1356
1979 1356
1980 1357
1981 1356
1982 1357
1983 1357
1984 1356
1985 1357
1986 1356
1987 1356
1988 1357
1989 1356
1990 1358
1991 1358
1992 1357
1993 1356
1994 1357
1995 1357
1996 1357
1997 1356
1998 1359
1999 1355
2000 1355
2001 1358
2002 1355
2003 1358
2004 1356
2005 1358
2006 1354
2007 1357
2008 1356
2009 1354
2010 1352
2011 1356
2012 1360
2013 1359
2014 1356
2015 1355
2016 1356
2017 1357
2018 1359
2019 1355
2020 1356
2021 1356
2022 1356
2023 1356
2024 1354
2025 1357
2026 1357
2027 1356
2028 1355
2029 1357
2030 1356
2031 1355
2032 1356
2033 1358
2034 1357
2035 1353
2036 1356
2037 1357
2038 1357
2039 1355
2040 1353
2041 1357
2042 1358
2043 1356
2044 1353
2045 1356
2046 1358
2047 1357
2048 1357
2049 1355
2050 1356
2051 1354
2052 1357
2053 1357
2054 1358
2055 1359
2056 1356
2057 1356
2058 1356
2059 1356
2060 1355
2061 1356
2062 1355
2063 1357
2064 1355
2065 1357
2066 1355
2067 1356
2068 1354
2069 1356
2070 1356
2071 1356
2072 1355
2073 1354
2074 1355
2075 1357
2076 1357
2077 1357
2078 1354
2079 1354
2080 1359
2081 1357
2082 1360
2083 1357
2084 1355
2085 1358
2086 1356
2087 1358
2088 1355
2089 1356
2090 1358
2091 1354
2092 1355
2093 1355
2094 1354
2095 1355
2096 1354
2097 1355
2098 1355
2099 1354
2100 1352
2101 1356
2102 1357
2103 1357
2104 1359
2105 1359
2106 1356
2107 1356
2108 1358
2109 1356
2110 1354
2111 1355
2112 1355
2113 1357
2114 1359
2115 1355
2116 1357
2117 1354
2118 1357
2119 1358
2120 1357
2121 1356
2122 1355
2123 1356
2124 1356
2125 1355
2126 1356
2127 1357
2128 1358
2129 1356
2130 1357
2131 1354
2132 1355
2133 1356
2134 1353
2135 1356
2136 1356
2137 1358
2138 1358
2139 1359
2140 1358
2141 1355
2142 1356
2143 1355
2144 1355
2145 1357
2146 1356
2147 1356
2148 1354
2149 1355
2150 1357
2151 1356
2152 1356
2153 1356
2154 1358
2155 1357
2156 1357
2157 1355
2158 1358
2159 1356
2160 1352
2161 1358
2162 1358
2163 1357
2164 1357
2165 1355
2166 1357
2167 1359
2168 1358
2169 1361
2170 1360
2171 1356
2172 1358
2173 1357
2174 1357
2175 1355
2176 1353
2177 1356
2178 1358
2179 1354
2180 1356
2181 1356
2182 1357
2183 1357
2184 1357
2185 1357
2186 1355
2187 1356
2188 1355
2189 1356
2190 1353
2191 1352
2192 1355
2193 1358
2194 1355
2195 1354
2196 1356
2197 1357
2198 1360
2199 1357
2200 1357
2201 1356
2202 1358
2203 1357
2204 1357
2205 1356
2206 1358
2207 1358
2208 1356
2209 1356
2210 1357
2211 1357
2212 1354
2213 1356
2214 1358
2215 1354
2216 1356
2217 1353
2218 1358
2219 1356
2220 1355
2221 1353
2222 1356
2223 1356
2224 1356
2225 1356
2226 1356
2227 1356
2228 1356
2229 1357
2230 1358
2231 1356
2232 1358
2233 1357
2234 1357
2235 1358
2236 1356
2237 1358
2238 1356
2239 1356
2240 1353
2241 1353
2242 1356
2243 1354
2244 1356
2245 1355
2246 1354
2247 1353
2248 1354
2249 1356
2250 1356
2251 1356
2252 1354
2253 1358
2254 1355
2255 1357
2256 1353
2257 1352
2258 1357
2259 1355
2260 1356
2261 1355
2262 1357
2263 1355
2264 1355
2265 1356
2266 1357
2267 1357
2268 1354
2269 1355
2270 1358
2271 1357
2272 1357
2273 1355
2274 1356
2275 1361
2276 1358
2277 1356
2278 1355
2279 1358
2280 1356
2281 1355
2282 1355
2283 1356
2284 1357
2285 1355
2286 1358
2287 1356
2288 1358
2289 1357
2290 1356
2291 1357
2292 1357
2293 1355
2294 1357
2295 1355
2296 1357
2297 1356
2298 1356
2299 1351
2300 1356
2301 1355
2302 1357
2303 1355
2304 1357
2305 1354
2306 1357
2307 1353
2308 1357
2309 1358
2310 1355
2311 1355
2312 1356
2313 1354
2314 1355
2315 1356
2316 1357
2317 1356
2318 1355
2319 1356
2320 1356
2321 1356
2322 1356
2323 1356
2324 1357
2325 1357
2326 1357
2327 1357
2328 1359
2329 1356
2330 1352
2331 1356
2332 1355
2333 1356
2334 1356
2335 1355
2336 1358
2337 1357
2338 1358
2339 1356
2340 1357
2341 1356
2342 1356
2343 1357
2344 1357
2345 1356
2346 1357
2347 1355
2348 1353
2349 1356
2350 1356
2351 1357
2352 1355
2353 1357
2354 1355
2355 1358
2356 1354
2357 1356
2358 1355
2359 1354
2360 1354
2361 1355
2362 1352
2363 1357
2364 1355
2365 1357
2366 1354
2367 1357
2368 1355
2369 1358
2370 1355
2371 1357
2372 1358
2373 1358
2374 1357
2375 1357
2376 1356
2377 1358
2378 1357
2379 1357
2380 1355
2381 1357
2382 1357
2383 1358
2384 1358
2385 1355
2386 1357
2387 1356
2388 1359
2389 1357
2390 1355
2391 1358
2392 1358
2393 1357
2394 1356
2395 1358
2396 1356
2397 1354
2398 1356
2399 1356
2400 1355
2401 1357
2402 1358
2403 1356
2404 1357
2405 1357
2406 1356
2407 1357
2408 1357
2409 1354
2410 1358
2411 1356
2412 1356
2413 1356
2414 1356
2415 1356
2416 1355
2417 1353
2418 1355
2419 1354
2420 1353
2421 1356
2422 1359
2423 1357
2424 1357
2425 1357
2426 1357
2427 1356
2428 1355
2429 1355
2430 1357
2431 1357
2432 1357
2433 1357
2434 1355
2435 1358
2436 1356
2437 1356
2438 1357
2439 1354
2440 1359
2441 1358
2442 1358
2443 1358
2444 1355
2445 1356
2446 1359
2447 1356
2448 1357
2449 1354
2450 1357
2451 1354
2452 1357
2453 1357
2454 1357
2455 1355
2456 1357
2457 1353
2458 1357
2459 1356
2460 1358
2461 1356
2462 1357
2463 1356
2464 1354
2465 1356
2466 1355
2467 1354
2468 1357
2469 1356
2470 1356
2471 1356
2472 1357
2473 1358
2474 1359
2475 1356
2476 1356
2477 1357
2478 1357
2479 1358
2480 1357
2481 1358
2482 1358
2483 1356
2484 1354
2485 1358
2486 1353
2487 1356
2488 1356
2489 1355
2490 1356
2491 1356
2492 1358
2493 1354
2494 1354
2495 1357
2496 1357
2497 1357
2498 1357
2499 1356
2500 1355
2501 1356
2502 1358
2503 1357
2504 1355
2505 1355
2506 1353
2507 1356
2508 1356
2509 1356
2510 1356
2511 1358
2512 1355
2513 1359
2514 1355
2515 1358
2516 1359
2517 1358
2518 1357
2519 1352
2520 1354
2521 1357
2522 1354
2523 1354
2524 1352
2525 1354
2526 1355
2527 1354
2528 1356
2529 1356
2530 1357
2531 1360
2532 1356
2533 1357
2534 1357
2535 1357
2536 1355
2537 1356
2538 1355
2539 1356
2540 1356
2541 1357
2542 1355
2543 1356
2544 1356
2545 1358
2546 1356
2547 1355
2548 1354
2549 1354
2550 1353
2551 1356
2552 1355
2553 1356
2554 1356
2555 1355
2556 1355
2557 1355
2558 1354
2559 1356
2560 1356
2561 1357
2562 1357
2563 1358
2564 1355
2565 1356
2566 1354
2567 1357
2568 1358
2569 1356
2570 1356
2571 1355
2572 1356
2573 1357
2574 1355
2575 1357
2576 1357
2577 1357
2578 1356
2579 1356
2580 1355
2581 1358
2582 1358
2583 1356
2584 1357
2585 1356
2586 1355
2587 1359
2588 1355
2589 1356
2590 1352
2591 1356
2592 1356
2593 1357
2594 1355
2595 1355
2596 1356
2597 1355
2598 1352
2599 1355
2600 1357
2601 1356
2602 1354
2603 1355
2604 1356
2605 1356
2606 1354
2607 1356
2608 1356
2609 1356
2610 1356
2611 1353
2612 1354
2613 1355
2614 1355
2615 1356
2616 1355
2617 1357
2618 1356
2619 1357
2620 1354
2621 1357
2622 1357
2623 1355
2624 1355
2625 1357
2626 1355
2627 1356
2628 1355
2629 1356
2630 1356
2631 1356
2632 1357
2633 1359
2634 1356
2635 1356
2636 1355
2637 1356
2638 1357
2639 1357
2640 1357
2641 1359
2642 1355
2643 1356
2644 1356
2645 1355
2646 1355
2647 1356
2648 1355
2649 1359
2650 1356
2651 1356
2652 1357
2653 1356
2654 1356
2655 1357
2656 1357
2657 1356
2658 1357
2659 1358
2660 1357
2661 1357
2662 1356
2663 1356
2664 1356
2665 1355
2666 1356
2667 1357
2668 1357
2669 1357
2670 1353
2671 1355
2672 1356
2673 1356
2674 1354
2675 1356
2676 1355
2677 1357
2678 1356
2679 1353
2680 1356
2681 1356
2682 1355
2683 1355
2684 1355
2685 1356
2686 1357
2687 1358
2688 1355
2689 1355
2690 1357
2691 1356
2692 1356
2693 1355
2694 1357
2695 1357
2696 1356
2697 1354
2698 1359
2699 1357
2700 1357
2701 1359
2702 1357
2703 1356
2704 1357
2705 1357
2706 1355
2707 1355
2708 1359
2709 1356
2710 1357
2711 1359
2712 1355
2713 1357
2714 1357
2715 1356
2716 1355
2717 1356
2718 1358
2719 1360
2720 1355
2721 1357
2722 1358
2723 1356
2724 1359
2725 1357
2726 1357
2727 1361
2728 1356
2729 1358
2730 1357
2731 1358
2732 1358
2733 1357
2734 1355
2735 1355
2736 1357
2737 1356
2738 1357
2739 1355
2740 1355
2741 1355
2742 1358
2743 1358
2744 1359
2745 1360
2746 1359
2747 1355
2748 1356
2749 1356
2750 1353
2751 1356
2752 1355
2753 1358
2754 1357
2755 1357
2756 1356
2757 1357
2758 1357
2759 1356
2760 1356
2761 1355
2762 1354
2763 1354
2764 1354
2765 1356
2766 1357
2767 1357
2768 1353
2769 1355
2770 1355
2771 1354
2772 1357
2773 1358
2774 1355
2775 1354
2776 1357
2777 1355
2778 1357
2779 1355
2780 1354
2781 1357
2782 1353
2783 1356
2784 1356
2785 1358
2786 1356
2787 1356
2788 1357
2789 1357
2790 1356
2791 1357
2792 1355
2793 1356
2794 1357
2795 1358
2796 1356
2797 1356
2798 1359
2799 1357
2800 1357
2801 1355
2802 1356
2803 1357
2804 1356
2805 1355
2806 1357
2807 1356
2808 1355
2809 1357
2810 1354
2811 1357
2812 1359
2813 1356
2814 1356
2815 1359
2816 1358
2817 1358
2818 1355
2819 1356
2820 1355
2821 1356
2822 1357
2823 1358
2824 1358
2825 1358
2826 1357
2827 1358
2828 1357
2829 1354
2830 1354
2831 1356
2832 1358
2833 1357
2834 1358
2835 1354
2836 1356
2837 1358
2838 1357
2839 1359
2840 1358
2841 1359
2842 1357
2843 1354
2844 1358
2845 1357
2846 1357
2847 1357
2848 1358
2849 1357
2850 1355
2851 1356
2852 1356
2853 1357
2854 1355
2855 1356
2856 1356
2857 1356
2858 1355
2859 1355
2860 1353
2861 1357
2862 1357
2863 1357
2864 1357
2865 1357
2866 1354
2867 1355
2868 1356
2869 1360
2870 1357
2871 1358
2872 1355
2873 1357
2874 1357
2875 1356
2876 1359
2877 1357
2878 1355
2879 1359
2880 1357
2881 1353
2882 1358
2883 1356
2884 1357
2885 1356
2886 1355
2887 1356
2888 1356
2889 1356
2890 1357
2891 1358
2892 1357
2893 1353
2894 1357
2895 1355
2896 1357
2897 1358
2898 1358
2899 1354
2900 1355
2901 1355
2902 1356
2903 1356
2904 1357
2905 1356
2906 1358
2907 1357
2908 1358
2909 1355
2910 1356
2911 1356
2912 1357
2913 1355
2914 1355
2915 1355
2916 1356
2917 1356
2918 1355
2919 1355
2920 1356
2921 1357
2922 1357
2923 1355
2924 1357
2925 1356
2926 1358
2927 1357
2928 1358
2929 1358
2930 1358
2931 1357
2932 1359
2933 1356
2934 1360
2935 1357
2936 1359
2937 1357
2938 1359
2939 1360
2940 1359
2941 1357
2942 1356
2943 1357
2944 1357
2945 1358
2946 1357
2947 1358
2948 1356
2949 1357
2950 1357
2951 1356
2952 1361
2953 1357
2954 1357
2955 1355
2956 1360
2957 1358
2958 1357
2959 1357
2960 1357
2961 1355
2962 1357
2963 1355
2964 1358
2965 1357
2966 1359
2967 1357
2968 1360
2969 1356
2970 1355
2971 1357
2972 1356
2973 1355
2974 1356
2975 1354
2976 1356
2977 1356
2978 1359
2979 1357
2980 1357
2981 1357
2982 1358
2983 1357
2984 1359
2985 1356
2986 1358
2987 1354
2988 1357
2989 1356
2990 1357
2991 1356
2992 1359
2993 1355
2994 1358
2995 1357
2996 1358
2997 1354
2998 1356
2999 1358
3000 1357
3001 1357
3002 1358
3003 1356
3004 1359
3005 1357
3006 1358
3007 1355
3008 1356
3009 1356
3010 1357
3011 1356
3012 1359
3013 1356
3014 1355
3015 1356
3016 1356
3017 1359
3018 1355
3019 1357
3020 1356
3021 1358
3022 1356
3023 1356
3024 1359
3025 1356
3026 1353
3027 1356
3028 1359
3029 1358
3030 1358
3031 1360
3032 1355
3033 1357
3034 1355
3035 1356
3036 1356
3037 1356
3038 1354
3039 1356
3040 1355
3041 1357
3042 1356
3043 1357
3044 1358
3045 1357
3046 1356
3047 1356
3048 1356
3049 1355
3050 1355
3051 1356
3052 1357
3053 1358
3054 1355
3055 1359
3056 1359
3057 1356
3058 1357
3059 1357
3060 1356
3061 1359
3062 1358
3063 1357
3064 1358
3065 1356
3066 1354
3067 1356
3068 1356
3069 1357
3070 1356
3071 1359
3072 1356
3073 1357
3074 1356
3075 1356
3076 1356
3077 1356
3078 1355
3079 1353
3080 1355
3081 1355
3082 1357
3083 1357
3084 1356
3085 1358
3086 1357
3087 1356
3088 1356
3089 1358
3090 1359
3091 1357
3092 1357
3093 1357
3094 1355
3095 1356
3096 1354
3097 1356
3098 1358
3099 1356
3100 1357
3101 1357
3102 1354
3103 1356
3104 1357
3105 1357
3106 1357
3107 1356
3108 1358
3109 1356
3110 1354
3111 1356
3112 1360
3113 1358
3114 1357
3115 1356
3116 1360
3117 1355
3118 1356
3119 1356
3120 1357
3121 1357
3122 1359
3123 1356
3124 1356
3125 1356
3126 1355
3127 1356
3128 1357
3129 1357
3130 1357
3131 1356
3132 1355
3133 1356
3134 1356
3135 1358
3136 1357
3137 1356
3138 1356
3139 1356
3140 1355
3141 1354
3142 1356
3143 1353
3144 1357
3145 1357
3146 1357
3147 1358
3148 1358
3149 1355
3150 1356
3151 1355
3152 1357
3153 1356
3154 1356
3155 1358
3156 1359
3157 1360
3158 1357
3159 1358
3160 1355
3161 1358
3162 1356
3163 1356
3164 1356
3165 1354
3166 1357
3167 1356
3168 1356
3169 1357
3170 1356
3171 1355
3172 1352
3173 1356
3174 1357
3175 1357
3176 1355
3177 1359
3178 1357
3179 1355
3180 1358
3181 1356
3182 1359
3183 1356
3184 1358
3185 1359
3186 1355
3187 1356
3188 1356
3189 1356
3190 1356
3191 1356
3192 1355
3193 1355
3194 1355
3195 1356
3196 1356
3197 1354
3198 1356
3199 1356
3200 1357
3201 1356
3202 1355
3203 1356
3204 1356
3205 1360
3206 1356
3207 1356
3208 1358
3209 1356
3210 1358
3211 1356
3212 1357
3213 1355
3214 1357
3215 1354
3216 1358
3217 1354
3218 1357
3219 1354
3220 1357
3221 1355
3222 1356
3223 1355
3224 1356
3225 1356
3226 1357
3227 1356
3228 1356
3229 1358
3230 1358
3231 1355
3232 1357
3233 1355
3234 1358
3235 1356
3236 1360
3237 1357
3238 1357
3239 1358
3240 1357
3241 1359
3242 1357
3243 1356
3244 1356
3245 1357
3246 1359
3247 1356
3248 1356
3249 1358
3250 1359
3251 1355
3252 1357
3253 1357
3254 1356
3255 1356
3256 1355
3257 1357
3258 1355
3259 1355
3260 1356
3261 1356
3262 1360
3263 1355
3264 1357
3265 1355
3266 1355
3267 1354
3268 1358
3269 1355
3270 1358
3271 1357
3272 1361
3273 1358
3274 1356
3275 1358
3276 1359
3277 1359
3278 1358
3279 1356
3280 1357
3281 1357
3282 1358
3283 1356
3284 1358
3285 1359
3286 1358
3287 1355
3288 1355
3289 1356
3290 1356
3291 1358
3292 1354
3293 1357
3294 1356
3295 1356
3296 1357
3297 1355
3298 1357
3299 1356
3300 1356
3301 1358
3302 1358
3303 1354
3304 1357
3305 1353
3306 1359
3307 1356
3308 1357
3309 1356
3310 1356
3311 1355
3312 1355
3313 1356
3314 1357
3315 1357
3316 1355
3317 1357
3318 1358
3319 1355
3320 1357
3321 1358
3322 1357
3323 1359
3324 1356
3325 1357
3326 1358
3327 1356
3328 1357
3329 1356
3330 1356
3331 1359
3332 1361
3333 1358
3334 1357
3335 1357
3336 1355
3337 1359
3338 1358
3339 1358
3340 1357
3341 1357
3342 1356
3343 1355
3344 1355
3345 1358
3346 1357
3347 1356
3348 1356
3349 1357
3350 1355
3351 1356
3352 1357
3353 1359
3354 1357
3355 1357
3356 1358
3357 1356
3358 1356
3359 1356
3360 1354
3361 1357
3362 1357
3363 1356
3364 1356
3365 1356
3366 1355
3367 1356
3368 1356
3369 1356
3370 1354
3371 1358
3372 1358
3373 1355
3374 1356
3375 1356
3376 1355
3377 1357
3378 1357
3379 1358
3380 1355
3381 1356
3382 1359
3383 1358
3384 1359
3385 1357
3386 1358
3387 1356
3388 1357
3389 1354
3390 1357
3391 1357
3392 1358
3393 1358
3394 1359
3395 1356
3396 1358
3397 1357
3398 1355
3399 1355
3400 1357
3401 1356
3402 1358
3403 1356
3404 1358
3405 1355
3406 1358
3407 1359
3408 1360
3409 1358
3410 1359
3411 1356
3412 1357
3413 1353
3414 1358
3415 1357
3416 1357
3417 1357
3418 1357
3419 1355
3420 1358
3421 1360
3422 1359
3423 1357
3424 1358
3425 1360
3426 1357
3427 1357
3428 1355
3429 1355
3430 1357
3431 1359
3432 1357
3433 1357
3434 1355
3435 1357
3436 1357
3437 1356
3438 1355
3439 1357
3440 1356
3441 1358
3442 1357
3443 1354
3444 1357
3445 1358
3446 1356
3447 1358
3448 1355
3449 1356
3450 1357
3451 1357
3452 1359
3453 1358
3454 1357
3455 1359
3456 1356
3457 1359
3458 1355
3459 1358
3460 1354
3461 1359
3462 1357
3463 1356
3464 1359
3465 1356
3466 1359
3467 1358
3468 1357
3469 1356
3470 1354
3471 1355
3472 1356
3473 1356
3474 1357
3475 1359
3476 1357
3477 1357
3478 1355
3479 1360
3480 1354
3481 1356
3482 1354
3483 1358
3484 1357
3485 1356
3486 1355
3487 1357
3488 1358
3489 1359
3490 1357
3491 1357
3492 1356
3493 1360
3494 1351
3495 1354
3496 1356
3497 1356
3498 1357
3499 1359
3500 1357
3501 1360
3502 1357
3503 1358
3504 1353
3505 1354
3506 1355
3507 1359
3508 1356
3509 1358
3510 1357
3511 1359
3512 1357
3513 1358
3514 1355
3515 1358
3516 1355
3517 1355
3518 1356
3519 1358
3520 1358
3521 1357
3522 1357
3523 1357
3524 1355
3525 1357
3526 1357
3527 1357
3528 1358
3529 1356
3530 1356
3531 1354
3532 1352
3533 1356
3534 1360
3535 1356
3536 1357
3537 1357
3538 1353
3539 1356
3540 1357
3541 1357
3542 1358
3543 1357
3544 1357
3545 1357
3546 1357
3547 1358
3548 1356
3549 1357
3550 1357
3551 1358
3552 1357
3553 1357
3554 1356
3555 1358
3556 1359
3557 1357
3558 1356
3559 1355
3560 1357
3561 1358
3562 1358
3563 1355
3564 1354
3565 1357
3566 1358
3567 1358
3568 1357
3569 1356
3570 1358
3571 1356
3572 1359
3573 1356
3574 1358
3575 1357
3576 1359
3577 1356
3578 1356
3579 1352
3580 1357
3581 1356
3582 1356
3583 1360
3584 1355
3585 1356
3586 1356
3587 1354
3588 1354
3589 1353
3590 1356
3591 1357
3592 1356
3593 1356
3594 1357
3595 1356
3596 1358
3597 1358
3598 1358
3599 1357
3600 1356
3601 1358
3602 1356
3603 1357
3604 1357
3605 1358
3606 1357
3607 1357
3608 1356
3609 1357
3610 1355
3611 1355
3612 1357
3613 1355
3614 1356
3615 1357
3616 1357
3617 1356
3618 1356
3619 1353
3620 1354
3621 1358
3622 1355
3623 1356
3624 1357
3625 1354
3626 1357
3627 1356
3628 1358
3629 1357
3630 1357
3631 1355
3632 1359
3633 1356
3634 1356
3635 1356
3636 1358
3637 1357
3638 1356
3639 1354
3640 1358
3641 1357
3642 1358
3643 1358
3644 1355
3645 1356
3646 1356
3647 1355
3648 1354
3649 1357
3650 1357
3651 1356
3652 1358
3653 1353
3654 1357
3655 1356
3656 1355
3657 1356
3658 1355
3659 1355
3660 1356
3661 1359
3662 1358
3663 1356
3664 1358
3665 1359
3666 1358
3667 1358
3668 1356
3669 1356
3670 1355
3671 1357
3672 1357
3673 1359
3674 1357
3675 1358
3676 1357
3677 1358
3678 1357
3679 1356
3680 1357
3681 1355
3682 1354
3683 1356
3684 1357
3685 1353
3686 1357
3687 1355
3688 1357
3689 1356
3690 1357
3691 1357
3692 1358
3693 1357
3694 1356
3695 1356
3696 1357
3697 1358
3698 1357
3699 1356
3700 1355
3701 1356
3702 1356
3703 1355
3704 1356
3705 1356
3706 1357
3707 1358
3708 1358
3709 1354
3710 1357
3711 1358
3712 1358
3713 1357
3714 1357
3715 1354
3716 1357
3717 1356
3718 1356
3719 1358
3720 1354
3721 1355
3722 1357
3723 1356
3724 1357
3725 1358
3726 1356
3727 1356
3728 1358
3729 1358
3730 1357
3731 1358
3732 1356
3733 1355
3734 1357
3735 1354
3736 1359
3737 1356
3738 1358
3739 1355
3740 1357
3741 1357
3742 1357
3743 1359
3744 1357
3745 1354
3746 1358
3747 1356
3748 1357
3749 1356
3750 1356
3751 1358
3752 1359
3753 1355
3754 1354
3755 1355
3756 1357
3757 1358
3758 1357
3759 1355
3760 1355
3761 1356
3762 1358
3763 1357
3764 1358
3765 1355
3766 1356
3767 1355
3768 1357
3769 1355
3770 1354
3771 1356
3772 1357
3773 1357
3774 1358
3775 1356
3776 1357
3777 1357
3778 1357
3779 1355
3780 1355
3781 1356
3782 1358
3783 1355
3784 1358
3785 1357
3786 1358
3787 1356
3788 1356
3789 1356
3790 1358
3791 1360
3792 1357
3793 1356
3794 1356
3795 1357
3796 1357
3797 1355
3798 1357
3799 1355
3800 1357
3801 1355
3802 1357
3803 1354
3804 1354
3805 1352
3806 1357
3807 1357
3808 1357
3809 1357
3810 1360
3811 1358
3812 1356
3813 1357
3814 1357
3815 1356
3816 1358
3817 1357
3818 1356
3819 1354
3820 1356
3821 1355
3822 1360
3823 1356
3824 1354
3825 1355
3826 1358
3827 1357
3828 1357
3829 1357
3830 1358
3831 1355
3832 1354
3833 1355
3834 1357
3835 1354
3836 1360
3837 1355
3838 1356
3839 1355
3840 1356
3841 1355
3842 1357
3843 1356
3844 1358
3845 1356
3846 1357
3847 1356
3848 1357
3849 1358
3850 1357
3851 1356
3852 1358
3853 1358
3854 1357
3855 1354
3856 1356
3857 1355
3858 1356
3859 1355
3860 1355
3861 1357
3862 1355
3863 1356
3864 1355
3865 1354
3866 1355
3867 1357
3868 1353
3869 1357
3870 1359
3871 1354
3872 1357
3873 1355
3874 1357
3875 1356
3876 1355
3877 1357
3878 1356
3879 1358
3880 1355
3881 1356
3882 1355
3883 1357
3884 1358
3885 1358
3886 1357
3887 1359
3888 1355
3889 1356
3890 1355
3891 1356
3892 1357
3893 1357
3894 1356
3895 1356
3896 1354
3897 1356
3898 1356
3899 1355
3900 1356
3901 1355
3902 1355
3903 1358
3904 1359
3905 1357
3906 1357
3907 1358
3908 1354
3909 1357
3910 1353
3911 1355
3912 1355
3913 1357
3914 1357
3915 1357
3916 1357
3917 1355
3918 1357
3919 1356
3920 1357
3921 1356
3922 1353
3923 1357
3924 1357
3925 1355
3926 1355
3927 1356
3928 1353
3929 1357
3930 1356
3931 1358
3932 1355
3933 1357
3934 1355
3935 1356
3936 1356
3937 1357
3938 1355
3939 1356
3940 1358
3941 1356
3942 1357
3943 1356
3944 1356
3945 1360
3946 1358
3947 1356
3948 1357
3949 1357
3950 1355
3951 1357
3952 1357
3953 1356
3954 1355
3955 1355
3956 1357
3957 1358
3958 1354
3959 1356
3960 1357
3961 1353
3962 1355
3963 1354
3964 1354
3965 1356
3966 1358
3967 1357
3968 1356
3969 1357
3970 1358
3971 1359
3972 1358
3973 1359
3974 1358
3975 1357
3976 1358
3977 1354
3978 1355
3979 1356
3980 1354
3981 1357
3982 1356
3983 1356
3984 1356
3985 1356
3986 1357
3987 1358
3988 1353
3989 1356
3990 1356
3991 1357
3992 1357
3993 1355
3994 1358
3995 1355
3996 1358
3997 1355
3998 1355
3999 1358
