0 1357
1 1360
2 1362
3 1358
4 1358
5 1355
6 1358
7 1355
8 1356
9 1356
10 1359
11 1356
12 1359
13 1356
14 1357
15 1359
16 1357
17 1357
18 1356
19 1361
20 1356
21 1356
22 1358
23 1359
24 1358
25 1357
26 1356
27 1359
28 1357
29 1355
30 1357
31 1359
32 1359
33 1357
34 1355
35 1355
36 1357
37 1357
38 1357
39 1356
40 1357
41 1355
42 1357
43 1355
44 1358
45 1358
46 1356
47 1356
48 1357
49 1357
50 1356
51 1357
52 1357
53 1356
54 1357
55 1357
56 1356
57 1354
58 1356
59 1358
60 1357
61 1356
62 1356
63 1360
64 1357
65 1357
66 1356
67 1355
68 1354
69 1357
70 1357
71 1355
72 1355
73 1357
74 1359
75 1358
76 1354
77 1356
78 1356
79 1356
80 1357
81 1354
82 1357
83 1359
84 1356
85 1354
86 1358
87 1357
88 1356
89 1358
90 1355
91 1356
92 1356
93 1355
94 1355
95 1355
96 1357
97 1357
98 1357
99 1352
100 1355
101 1353
102 1354
103 1357
104 1357
105 1356
106 1355
107 1351
108 1355
109 1356
110 1357
111 1356
112 1353
113 1357
114 1357
115 1357
116 1360
117 1359
118 1357
119 1356
120 1357
121 1356
122 1360
123 1356
124 1356
125 1356
126 1353
127 1355
128 1356
129 1355
130 1360
131 1359
132 1357
133 1356
134 1354
135 1358
136 1357
137 1356
138 1357
139 1358
140 1356
141 1356
142 1353
143 1353
144 1358
145 1356
146 1357
147 1356
148 1357
149 1356
150 1354
151 1357
152 1355
153 1354
154 1359
155 1356
156 1358
157 1355
158 1356
159 1355
160 1358
161 1359
162 1355
163 1356
164 1358
165 1357
166 1354
167 1354
168 1354
169 1357
170 1357
171 1356
172 1358
173 1353
174 1355
175 1357
176 1356
177 1356
178 1357
179 1357
180 1358
181 1356
182 1360
183 1356
184 1358
185 1355
186 1356
187 1354
188 1355
189 1356
190 1359
191 1360
192 1355
193 1356
194 1355
195 1354
196 1354
197 1359
198 1355
199 1356
200 1353
201 1352
202 1360
203 1357
204 1357
205 1356
206 1359
207 1356
208 1358
209 1354
210 1357
211 1358
212 1356
213 1357
214 1357
215 1356
216 1359
217 1357
218 1358
219 1356
220 1359
221 1358
222 1358
223 1358
224 1356
225 1355
226 1356
227 1356
228 1357
229 1357
230 1356
231 1354
232 1358
233 1354
234 1358
235 1356
236 1357
237 1356
238 1357
239 1354
240 1357
241 1354
242 1356
243 1357
244 1357
245 1358
246 1356
247 1358
248 1357
249 1358
250 1357
251 1357
252 1356
253 1359
254 1357
255 1358
256 1357
257 1355
258 1357
259 1355
260 1357
261 1356
262 1358
263 1355
264 1356
265 1356
266 1357
267 1356
268 1354
269 1355
270 1356
271 1357
272 1355
273 1356
274 1358
275 1355
276 1355
277 1357
278 1355
279 1358
280 1358
281 1357
282 1358
283 1358
284 1357
285 1354
286 1357
287 1356
288 1356
289 1356
290 1357
291 1359
292 1358
293 1357
294 1358
295 1356
296 1357
297 1358
298 1360
299 1358
300 1359
301 1357
302 1355
303 1356
304 1357
305 1356
306 1357
307 1358
308 1358
309 1358
310 1357
311 1357
312 1357
313 1355
314 1357
315 1358
316 1356
317 1355
318 1354
319 1354
320 1356
321 1356
322 1354
323 1351
324 1355
325 1358
326 1355
327 1356
328 1355
329 1355
330 1357
331 1356
332 1357
333 1355
334 1357
335 1358
336 1358
337 1358
338 1358
339 1358
340 1358
341 1358
342 1359
343 1357
344 1357
345 1360
346 1358
347 1357
348 1357
349 1358
350 1357
351 1358
352 1356
353 1357
354 1357
355 1357
356 1354
357 1353
358 1356
359 1358
360 1355
361 1354
362 1356
363 1356
364 1360
365 1357
366 1355
367 1357
368 1359
369 1356
370 1356
371 1356
372 1357
373 1359
374 1359
375 1356
376 1355
377 1356
378 1355
379 1356
380 1356
381 1356
382 1357
383 1357
384 1360
385 1357
386 1360
387 1357
388 1356
389 1356
390 1358
391 1358
392 1357
393 1357
394 1359
395 1359
396 1357
397 1357
398 1356
399 1357
400 1357
401 1354
402 1357
403 1354
404 1356
405 1355
406 1357
407 1357
408 1354
409 1357
410 1359
411 1357
412 1354
413 1358
414 1358
415 1356
416 1355
417 1355
418 1355
419 1357
420 1355
421 1356
422 1358
423 1360
424 1361
425 1359
426 1359
427 1356
428 1357
429 1359
430 1356
431 1357
432 1358
433 1358
434 1356
435 1354
436 1355
437 1355
438 1355
439 1356
440 1357
441 1357
442 1358
443 1356
444 1355
445 1355
446 1356
447 1356
448 1358
449 1357
450 1357
451 1355
452 1356
453 1356
454 1357
455 1355
456 1354
457 1354
458 1355
459 1354
460 1356
461 1359
462 1356
463 1357
464 1356
465 1358
466 1356
467 1358
468 1358
469 1357
470 1358
471 1358
472 1357
473 1357
474 1355
475 1356
476 1352
477 1353
478 1355
479 1356
480 1357
481 1354
482 1360
483 1356
484 1356
485 1356
486 1357
487 1356
488 1358
489 1356
490 1357
491 1356
492 1358
493 1357
494 1356
495 1356
496 1357
497 1357
498 1360
499 1358
500 1357
501 1356
502 1359
503 1358
504 1357
505 1354
506 1355
507 1355
508 1353
509 1355
510 1357
511 1353
512 1357
513 1357
514 1356
515 1355
516 1357
517 1357
518 1358
519 1355
520 1358
521 1356
522 1357
523 1356
524 1356
525 1357
526 1359
527 1357
528 1356
529 1360
530 1360
531 1360
532 1363
533 1367
534 1372
535 1382
536 1407
537 1436
538 1481
539 1538
540 1615
541 1702
542 1793
543 1889
544 1985
545 2085
546 2179
547 2271
548 2353
549 2427
550 2488
551 2546
552 2597
553 2636
554 2664
555 2690
556 2697
557 2701
558 2691
559 2681
560 2662
561 2642
562 2611
563 2575
564 2536
565 2494
566 2449
567 2403
568 2352
569 2308
570 2266
571 2217
572 2167
573 2121
574 2081
575 2039
576 1996
577 1962
578 1924
579 1891
580 1857
581 1828
582 1794
583 1771
584 1740
585 1717
586 1694
587 1669
588 1651
589 1633
590 1611
591 1593
592 1575
593 1564
594 1548
595 1533
596 1521
597 1510
598 1497
599 1488
600 1481
601 1473
602 1461
603 1453
604 1443
605 1437
606 1429
607 1423
608 1420
609 1413
610 1412
611 1410
612 1405
613 1403
614 1400
615 1395
616 1395
617 1388
618 1391
619 1386
620 1382
621 1381
622 1381
623 1377
624 1376
625 1375
626 1371
627 1372
628 1371
629 1372
630 1371
631 1370
632 1369
633 1368
634 1370
635 1366
636 1366
637 1367
638 1365
639 1362
640 1366
641 1363
642 1366
643 1364
644 1364
645 1362
646 1364
647 1361
648 1363
649 1359
650 1360
651 1362
652 1362
653 1359
654 1359
655 1357
656 1358
657 1356
658 1357
659 1358
660 1359
661 1356
662 1358
663 1359
664 1360
665 1357
666 1357
667 1356
668 1356
669 1356
670 1357
671 1357
672 1359
673 1358
674 1359
675 1357
676 1360
677 1358
678 1358
679 1356
680 1356
681 1354
682 1357
683 1358
684 1360
685 1360
686 1355
687 1358
688 1353
689 1357
690 1357
691 1353
692 1356
693 1357
694 1358
695 1356
696 1358
697 1358
698 1360
699 1358
700 1359
701 1357
702 1358
703 1358
704 1356
705 1356
706 1360
707 1356
708 1355
709 1354
710 1352
711 1357
712 1357
713 1358
714 1356
715 1357
716 1356
717 1356
718 1356
719 1354
720 1356
721 1354
722 1356
723 1357
724 1355
725 1356
726 1357
727 1355
728 1357
729 1356
730 1361
731 1358
732 1357
733 1356
734 1359
735 1358
736 1358
737 1358
738 1358
739 1356
740 1356
741 1359
742 1355
743 1358
744 1356
745 1358
746 1356
747 1359
748 1355
749 1355
750 1357
751 1356
752 1357
753 1355
754 1354
755 1356
756 1360
757 1356
758 1352
759 1356
760 1356
761 1358
762 1355
763 1359
764 1356
765 1359
766 1357
767 1359
768 1358
769 1357
770 1356
771 1358
772 1356
773 1357
774 1354
775 1357
776 1355
777 1356
778 1356
779 1356
780 1355
781 1356
782 1356
783 1354
784 1355
785 1355
786 1356
787 1357
788 1355
789 1354
790 1357
791 1356
792 1359
793 1357
794 1358
795 1358
796 1358
797 1357
798 1358
799 1358
800 1359
801 1357
802 1355
803 1359
804 1357
805 1357
806 1356
807 1357
808 1357
809 1355
810 1357
811 1355
812 1357
813 1356
814 1359
815 1357
816 1355
817 1355
818 1356
819 1358
820 1357
821 1357
822 1357
823 1356
824 1357
825 1356
826 1356
827 1358
828 1356
829 1355
830 1357
831 1357
832 1355
833 1356
834 1355
835 1357
836 1355
837 1356
838 1357
839 1356
840 1358
841 1356
842 1356
843 1355
844 1356
845 1356
846 1358
847 1357
848 1360
849 1357
850 1357
851 1359
852 1360
853 1355
854 1358
855 1356
856 1356
857 1359
858 1357
859 1356
860 1355
861 1359
862 1358
863 1357
864 1355
865 1358
866 1355
867 1356
868 1355
869 1353
870 1355
871 1356
872 1355
873 1354
874 1352
875 1357
876 1357
877 1356
878 1356
879 1355
880 1357
881 1355
882 1356
883 1356
884 1355
885 1358
886 1357
887 1356
888 1358
889 1356
890 1358
891 1357
892 1352
893 1356
894 1354
895 1357
896 1355
897 1356
898 1357
899 1359
900 1357
901 1356
902 1355
903 1357
904 1361
905 1356
906 1356
907 1356
908 1357
909 1355
910 1354
911 1354
912 1355
913 1356
914 1356
915 1355
916 1356
917 1356
918 1353
919 1355
920 1358
921 1358
922 1356
923 1354
924 1353
925 1357
926 1359
927 1356
928 1356
929 1356
930 1355
931 1360
932 1358
933 1356
934 1355
935 1356
936 1357
937 1355
938 1357
939 1356
940 1358
941 1355
942 1354
943 1356
944 1355
945 1359
946 1356
947 1358
948 1355
949 1358
950 1360
951 1357
952 1357
953 1356
954 1355
955 1356
956 1357
957 1355
958 1356
959 1357
960 1353
961 1354
962 1356
963 1356
964 1357
965 1357
966 1356
967 1357
968 1356
969 1355
970 1358
971 1359
972 1359
973 1356
974 1360
975 1353
976 1357
977 1356
978 1354
979 1355
980 1357
981 1356
982 1357
983 1355
984 1354
985 1355
986 1355
987 1354
988 1358
989 1355
990 1357
991 1356
992 1357
993 1356
994 1356
995 1356
996 1356
997 1357
998 1355
999 1356
1000 1355
1001 1355
1002 1357
1003 1358
1004 1355
1005 1356
1006 1355
1007 1356
1008 1356
1009 1356
1010 1355
1011 1359
1012 1356
1013 1356
1014 1356
1015 1356
1016 1356
1017 1355
1018 1357
1019 1357
1020 1359
1021 1356
1022 1356
1023 1358
1024 1357
1025 1356
1026 1357
1027 1357
1028 1357
1029 1358
1030 1359
1031 1360
1032 1357
1033 1357
1034 1357
1035 1354
1036 1356
1037 1356
1038 1356
1039 1355
1040 1356
1041 1356
1042 1354
1043 1356
1044 1354
1045 1357
1046 1353
1047 1355
1048 1357
1049 1358
1050 1354
1051 1357
1052 1356
1053 1358
1054 1357
1055 1356
1056 1357
1057 1358
1058 1352
1059 1357
1060 1357
1061 1358
1062 1355
1063 1356
1064 1356
1065 1357
1066 1357
1067 1358
1068 1357
1069 1358
1070 1355
1071 1355
1072 1357
1073 1358
1074 1356
1075 1357
1076 1356
1077 1357
1078 1353
1079 1356
1080 1354
1081 1357
1082 1355
1083 1356
1084 1354
1085 1355
1086 1357
1087 1358
1088 1357
1089 1356
1090 1355
1091 1358
1092 1357
1093 1357
1094 1354
1095 1355
1096 1354
1097 1356
1098 1357
1099 1357
1100 1356
1101 1357
1102 1354
1103 1356
1104 1352
1105 1356
1106 1355
1107 1359
1108 1353
1109 1356
1110 1359
1111 1358
1112 1356
1113 1356
1114 1359
1115 1356
1116 1357
1117 1356
1118 1355
1119 1356
1120 1358
1121 1357
1122 1359
1123 1356
1124 1355
1125 1356
1126 1357
1127 1356
1128 1354
1129 1360
1130 1357
1131 1358
1132 1357
1133 1358
1134 1356
1135 1356
1136 1356
1137 1356
1138 1357
1139 1356
1140 1356
1141 1357
1142 1356
1143 1360
1144 1355
1145 1356
1146 1355
1147 1357
1148 1356
1149 1356
1150 1354
1151 1358
1152 1356
1153 1356
1154 1353
1155 1356
1156 1357
1157 1354
1158 1357
1159 1357
1160 1357
1161 1358
1162 1357
1163 1356
1164 1357
1165 1358
1166 1354
1167 1354
1168 1355
1169 1355
1170 1357
1171 1359
1172 1355
1173 1355
1174 1354
1175 1355
1176 1356
1177 1354
1178 1354
1179 1354
1180 1355
1181 1356
1182 1354
1183 1355
1184 1356
1185 1356
1186 1357
1187 1358
1188 1356
1189 1357
1190 1355
1191 1357
1192 1358
1193 1359
1194 1361
1195 1357
1196 1355
1197 1356
1198 1357
1199 1354
1200 1356
1201 1353
1202 1354
1203 1356
1204 1356
1205 1355
1206 1355
1207 1355
1208 1357
1209 1355
1210 1354
1211 1356
1212 1358
1213 1357
1214 1356
1215 1356
1216 1357
1217 1356
1218 1356
1219 1355
1220 1357
1221 1358
1222 1357
1223 1357
1224 1355
1225 1357
1226 1356
1227 1356
1228 1357
1229 1358
1230 1359
1231 1355
1232 1357
1233 1356
1234 1355
1235 1354
1236 1353
1237 1357
1238 1356
1239 1357
1240 1357
1241 1357
1242 1354
1243 1358
1244 1355
1245 1354
1246 1357
1247 1356
1248 1354
1249 1355
1250 1356
1251 1355
1252 1360
1253 1356
1254 1355
1255 1358
1256 1358
1257 1356
1258 1358
1259 1356
1260 1357
1261 1354
1262 1353
1263 1354
1264 1353
1265 1355
1266 1358
1267 1357
1268 1353
1269 1354
1270 1355
1271 1356
1272 1356
1273 1356
1274 1355
1275 1357
1276 1353
1277 1359
1278 1357
1279 1358
1280 1357
1281 1356
1282 1354
1283 1353
1284 1357
1285 1358
1286 1357
1287 1356
1288 1354
1289 1356
1290 1356
1291 1357
1292 1355
1293 1355
1294 1354
1295 1355
1296 1357
1297 1355
1298 1354
1299 1356
1300 1361
1301 1359
1302 1357
1303 1357
1304 1353
1305 1356
1306 1356
1307 1358
1308 1353
1309 1359
1310 1358
1311 1356
1312 1356
1313 1357
1314 1355
1315 1356
1316 1355
1317 1356
1318 1357
1319 1353
1320 1357
1321 1358
1322 1359
1323 1358
1324 1355
1325 1356
1326 1355
1327 1354
1328 1356
1329 1356
1330 1355
1331 1358
1332 1356
1333 1355
1334 1358
1335 1356
1336 1356
1337 1354
1338 1353
1339 1354
1340 1358
1341 1355
1342 1357
1343 1355
1344 1354
1345 1356
1346 1357
1347 1357
1348 1359
1349 1358
1350 1355
1351 1352
1352 1353
1353 1355
1354 1357
1355 1354
1356 1355
1357 1357
1358 1353
1359 1357
1360 1357
1361 1356
1362 1356
1363 1357
1364 1358
1365 1361
1366 1358
1367 1357
1368 1358
1369 1354
1370 1357
1371 1355
1372 1356
1373 1354
1374 1354
1375 1356
1376 1357
1377 1356
1378 1357
1379 1356
1380 1355
1381 1355
1382 1356
1383 1358
1384 1354
1385 1354
1386 1355
1387 1359
1388 1357
1389 1355
1390 1354
1391 1356
1392 1357
1393 1356
1394 1356
1395 1355
1396 1355
1397 1355
1398 1357
1399 1357
1400 1357
1401 1356
1402 1354
1403 1355
1404 1359
1405 1357
1406 1357
1407 1358
1408 1355
1409 1357
1410 1355
1411 1356
1412 1356
1413 1356
1414 1356
1415 1360
1416 1357
1417 1354
1418 1354
1419 1356
1420 1355
1421 1354
1422 1354
1423 1358
1424 1354
1425 1356
1426 1355
1427 1357
1428 1355
1429 1360
1430 1359
1431 1358
1432 1356
1433 1357
1434 1358
1435 1357
1436 1357
1437 1356
1438 1357
1439 1358
1440 1357
1441 1358
1442 1355
1443 1356
1444 1359
1445 1355
1446 1355
1447 1355
1448 1357
1449 1357
1450 1354
1451 1356
1452 1357
1453 1356
1454 1353
1455 1354
1456 1354
1457 1356
1458 1356
1459 1357
1460 1360
1461 1358
1462 1358
1463 1357
1464 1356
1465 1356
1466 1355
1467 1357
1468 1359
1469 1358
1470 1360
1471 1359
1472 1356
1473 1356
1474 1357
1475 1355
1476 1358
1477 1356
1478 1357
1479 1358
1480 1353
1481 1355
1482 1356
1483 1357
1484 1356
1485 1354
1486 1354
1487 1356
1488 1358
1489 1356
1490 1360
1491 1359
1492 1358
1493 1355
1494 1357
1495 1358
1496 1357
1497 1356
1498 1357
1499 1355
1500 1356
1501 1358
1502 1356
1503 1357
1504 1358
1505 1355
1506 1357
1507 1356
1508 1355
1509 1356
1510 1356
1511 1356
1512 1357
1513 1357
1514 1357
1515 1357
1516 1356
1517 1354
1518 1356
1519 1354
1520 1357
1521 1358
1522 1356
1523 1355
1524 1353
1525 1356
1526 1357
1527 1356
1528 1357
1529 1360
1530 1357
1531 1355
1532 1353
1533 1354
1534 1355
1535 1355
1536 1355
1537 1357
1538 1356
1539 1355
1540 1358
1541 1357
1542 1357
1543 1359
1544 1355
1545 1356
1546 1358
1547 1354
1548 1357
1549 1354
1550 1361
1551 1359
1552 1355
1553 1356
1554 1357
1555 1356
1556 1357
1557 1357
1558 1358
1559 1356
1560 1354
1561 1356
1562 1358
1563 1359
1564 1354
1565 1357
1566 1359
1567 1357
1568 1356
1569 1358
1570 1358
1571 1354
1572 1357
1573 1356
1574 1355
1575 1357
1576 1357
1577 1356
1578 1357
1579 1356
1580 1356
1581 1360
1582 1360
1583 1356
1584 1356
1585 1357
1586 1358
1587 1358
1588 1358
1589 1357
1590 1356
1591 1355
1592 1353
1593 1354
1594 1355
1595 1355
1596 1355
1597 1355
1598 1354
1599 1357
1600 1358
1601 1358
1602 1355
1603 1357
1604 1357
1605 1356
1606 1355
1607 1356
1608 1357
1609 1356
1610 1356
1611 1356
1612 1356
1613 1354
1614 1357
1615 1356
1616 1358
1617 1356
1618 1356
1619 1356
1620 1359
1621 1358
1622 1359
1623 1355
1624 1355
1625 1354
1626 1356
1627 1356
1628 1356
1629 1356
1630 1354
1631 1356
1632 1358
1633 1354
1634 1358
1635 1356
1636 1357
1637 1356
1638 1357
1639 1353
1640 1358
1641 1359
1642 1359
1643 1356
1644 1356
1645 1357
1646 1357
1647 1354
1648 1356
1649 1357
1650 1357
1651 1356
1652 1356
1653 1357
1654 1355
1655 1356
1656 1354
1657 1354
1658 1357
1659 1353
1660 1356
1661 1354
1662 1355
1663 1352
1664 1355
1665 1356
1666 1357
1667 1356
1668 1357
1669 1354
1670 1357
1671 1356
1672 1355
1673 1356
1674 1354
1675 1355
1676 1357
1677 1353
1678 1357
1679 1356
1680 1358
1681 1359
1682 1359
1683 1357
1684 1355
1685 1352
1686 1358
1687 1356
1688 1359
1689 1355
1690 1357
1691 1356
1692 1357
1693 1357
1694 1354
1695 1355
1696 1357
1697 1358
1698 1354
1699 1355
1700 1354
1701 1354
1702 1359
1703 1355
1704 1356
1705 1359
1706 1359
1707 1355
1708 1355
1709 1356
1710 1361
1711 1356
1712 1358
1713 1355
1714 1358
1715 1356
1716 1356
1717 1357
1718 1360
1719 1355
1720 1357
1721 1354
1722 1354
1723 1355
1724 1357
1725 1356
1726 1357
1727 1356
1728 1358
1729 1356
1730 1356
1731 1355
1732 1358
1733 1356
1734 1356
1735 1356
1736 1357
1737 1357
1738 1357
1739 1358
1740 1357
1741 1358
1742 1358
1743 1357
1744 1358
1745 1357
1746 1361
1747 1358
1748 1358
1749 1355
1750 1356
1751 1356
1752 1357
1753 1355
1754 1356
1755 1355
1756 1358
1757 1356
1758 1357
1759 1357
1760 1354
1761 1355
1762 1353
1763 1355
1764 1356
1765 1356
1766 1357
1767 1353
1768 1357
1769 1356
1770 1356
1771 1358
1772 1357
1773 1355
1774 1356
1775 1355
1776 1355
1777 1355
1778 1356
1779 1356
1780 1355
1781 1355
1782 1353
1783 1357
1784 1353
1785 1357
1786 1357
1787 1355
1788 1354
1789 1356
1790 1356
1791 1355
1792 1357
1793 1354
1794 1356
1795 1356
1796 1357
1797 1355
1798 1356
1799 1357
1800 1356
1801 1356
1802 1357
1803 1356
1804 1356
1805 1356
1806 1358
1807 1356
1808 1353
1809 1352
1810 1355
1811 1358
1812 1357
1813 1357
1814 1357
1815 1357
1816 1356
1817 1355
1818 1356
1819 1356
1820 1357
1821 1356
1822 1353
1823 1356
1824 1358
1825 1356
1826 1358
1827 1357
1828 1358
1829 1356
1830 1357
1831 1359
1832 1356
1833 1355
1834 1354
1835 1359
1836 1359
1837 1356
1838 1358
1839 1355
1840 1358
1841 1357
1842 1357
1843 1357
1844 1354
1845 1357
1846 1355
1847 1355
1848 1356
1849 1358
1850 1355
1851 1355
1852 1355
1853 1355
1854 1356
1855 1357
1856 1355
1857 1356
1858 1355
1859 1358
1860 1354
1861 1356
1862 1359
1863 1361
1864 1356
1865 1357
1866 1357
1867 1354
1868 1354
1869 1356
1870 1357
1871 1358
1872 1357
1873 1355
1874 1357
1875 1356
1876 1355
1877 1355
1878 1356
1879 1355
1880 1355
1881 1355
1882 1357
1883 1355
1884 1358
1885 1354
1886 1356
1887 1356
1888 1357
1889 1356
1890 1357
1891 1357
1892 1360
1893 1357
1894 1355
1895 1355
1896 1355
1897 1356
1898 1356
1899 1355
1900 1355
1901 1358
1902 1356
1903 1356
1904 1357
1905 1357
1906 1356
1907 1353
1908 1354
1909 1356
1910 1355
1911 1357
1912 1357
1913 1358
1914 1357
1915 1358
1916 1357
1917 1357
1918 1357
1919 1355
1920 1358
1921 1355
1922 1354
1923 1356
1924 1358
1925 1357
1926 1357
1927 1359
1928 1357
1929 1355
1930 1359
1931 1355
1932 1355
1933 1357
1934 1357
1935 1353
1936 1354
1937 1354
1938 1356
1939 1355
1940 1357
1941 1356
1942 1357
1943 1357
1944 1357
1945 1359
1946 1358
1947 1357
1948 1354
1949 1355
1950 1355
1951 1357
1952 1354
1953 1359
1954 1357
1955 1360
1956 1356
1957 1356
1958 1358
1959 1357
1960 1356
1961 1356
1962 1357
1963 1359
1964 1355
1965 1356
1966 1354
1967 1356
1968 1355
1969 1356
1970 1353
1971 1354
1972 1354
1973 1356
1974 1356
1975 1357
1976 1356
1977 1357
1978 1354
1979 1355
1980 1358
1981 1357
1982 1356
1983 1354
1984 1357
1985 1358
1986 1353
1987 1356
1988 1356
1989 1354
1990 1356
1991 1355
1992 1358
1993 1355
1994 1355
1995 1356
1996 1356
1997 1356
1998 1355
1999 1355
2000 1356
2001 1357
2002 1357
2003 1357
2004 1357
2005 1356
2006 1359
2007 1356
2008 1359
2009 1358
2010 1360
2011 1358
2012 1356
2013 1359
2014 1357
2015 1359
2016 1356
2017 1354
2018 1354
2019 1355
2020 1357
2021 1355
2022 1357
2023 1355
2024 1358
2025 1357
2026 1352
2027 1356
2028 1356
2029 1357
2030 1357
2031 1357
2032 1357
2033 1357
2034 1356
2035 1354
2036 1354
2037 1357
2038 1357
2039 1355
2040 1354
2041 1359
2042 1358
2043 1359
2044 1356
2045 1358
2046 1359
2047 1355
2048 1355
2049 1358
2050 1356
2051 1357
2052 1357
2053 1357
2054 1355
2055 1359
2056 1356
2057 1356
2058 1358
2059 1356
2060 1357
2061 1359
2062 1354
2063 1358
2064 1355
2065 1360
2066 1355
2067 1354
2068 1356
2069 1356
2070 1355
2071 1358
2072 1356
2073 1357
2074 1356
2075 1357
2076 1354
2077 1357
2078 1357
2079 1359
2080 1356
2081 1357
2082 1356
2083 1357
2084 1354
2085 1356
2086 1355
2087 1358
2088 1356
2089 1358
2090 1358
2091 1358
2092 1358
2093 1355
2094 1356
2095 1355
2096 1357
2097 1356
2098 1356
2099 1359
2100 1355
2101 1361
2102 1358
2103 1356
2104 1358
2105 1359
2106 1361
2107 1356
2108 1355
2109 1357
2110 1357
2111 1359
2112 1355
2113 1357
2114 1356
2115 1357
2116 1355
2117 1355
2118 1357
2119 1357
2120 1359
2121 1355
2122 1355
2123 1357
2124 1356
2125 1357
2126 1353
2127 1355
2128 1354
2129 1359
2130 1356
2131 1355
2132 1356
2133 1354
2134 1357
2135 1358
2136 1354
2137 1356
2138 1356
2139 1358
2140 1357
2141 1355
2142 1358
2143 1356
2144 1356
2145 1353
2146 1355
2147 1356
2148 1357
2149 1356
2150 1354
2151 1354
2152 1353
2153 1358
2154 1356
2155 1355
2156 1356
2157 1356
2158 1358
2159 1360
2160 1357
2161 1356
2162 1356
2163 1356
2164 1360
2165 1361
2166 1356
2167 1355
2168 1354
2169 1357
2170 1356
2171 1356
2172 1354
2173 1356
2174 1354
2175 1355
2176 1355
2177 1358
2178 1356
2179 1357
2180 1357
2181 1357
2182 1355
2183 1356
2184 1356
2185 1356
2186 1355
2187 1355
2188 1355
2189 1355
2190 1358
2191 1356
2192 1354
2193 1356
2194 1355
2195 1358
2196 1357
2197 1357
2198 1355
2199 1357
2200 1357
2201 1356
2202 1358
2203 1357
2204 1355
2205 1357
2206 1356
2207 1356
2208 1358
2209 1357
2210 1356
2211 1357
2212 1353
2213 1356
2214 1355
2215 1358
2216 1357
2217 1356
2218 1355
2219 1356
2220 1359
2221 1358
2222 1357
2223 1360
2224 1357
2225 1356
2226 1355
2227 1356
2228 1357
2229 1354
2230 1354
2231 1355
2232 1357
2233 1357
2234 1356
2235 1356
2236 1357
2237 1356
2238 1357
2239 1356
2240 1358
2241 1356
2242 1354
2243 1357
2244 1355
2245 1353
2246 1356
2247 1356
2248 1354
2249 1355
2250 1356
2251 1357
2252 1355
2253 1358
2254 1359
2255 1356
2256 1359
2257 1355
2258 1357
2259 1354
2260 1355
2261 1356
2262 1358
2263 1357
2264 1360
2265 1357
2266 1357
2267 1358
2268 1357
2269 1357
2270 1356
2271 1356
2272 1354
2273 1355
2274 1356
2275 1355
2276 1355
2277 1357
2278 1358
2279 1354
2280 1358
2281 1356
2282 1356
2283 1355
2284 1356
2285 1356
2286 1357
2287 1356
2288 1360
2289 1355
2290 1353
2291 1354
2292 1356
2293 1356
2294 1358
2295 1356
2296 1355
2297 1356
2298 1355
2299 1356
2300 1356
2301 1356
2302 1357
2303 1355
2304 1354
2305 1356
2306 1356
2307 1354
2308 1354
2309 1356
2310 1359
2311 1357
2312 1358
2313 1355
2314 1357
2315 1357
2316 1358
2317 1359
2318 1357
2319 1353
2320 1357
2321 1356
2322 1359
2323 1357
2324 1355
2325 1356
2326 1355
2327 1356
2328 1355
2329 1355
2330 1355
2331 1355
2332 1357
2333 1355
2334 1356
2335 1356
2336 1356
2337 1356
2338 1358
2339 1355
2340 1356
2341 1356
2342 1354
2343 1356
2344 1359
2345 1359
2346 1355
2347 1357
2348 1355
2349 1356
2350 1356
2351 1357
2352 1355
2353 1355
2354 1358
2355 1358
2356 1358
2357 1359
2358 1358
2359 1354
2360 1358
2361 1354
2362 1354
2363 1355
2364 1356
2365 1356
2366 1356
2367 1358
2368 1357
2369 1354
2370 1356
2371 1356
2372 1357
2373 1358
2374 1357
2375 1357
2376 1357
2377 1356
2378 1357
2379 1356
2380 1358
2381 1357
2382 1358
2383 1357
2384 1358
2385 1357
2386 1357
2387 1356
2388 1357
2389 1357
2390 1355
2391 1356
2392 1359
2393 1359
2394 1357
2395 1357
2396 1359
2397 1357
2398 1357
2399 1356
2400 1356
2401 1359
2402 1355
2403 1355
2404 1357
2405 1357
2406 1356
2407 1354
2408 1355
2409 1359
2410 1358
2411 1357
2412 1357
2413 1358
2414 1355
2415 1357
2416 1357
2417 1355
2418 1357
2419 1358
2420 1357
2421 1359
2422 1355
2423 1355
2424 1356
2425 1357
2426 1357
2427 1356
2428 1355
2429 1356
2430 1355
2431 1360
2432 1358
2433 1357
2434 1355
2435 1357
2436 1358
2437 1355
2438 1354
2439 1356
2440 1357
2441 1356
2442 1358
2443 1355
2444 1356
2445 1357
2446 1357
2447 1356
2448 1355
2449 1355
2450 1356
2451 1354
2452 1356
2453 1357
2454 1357
2455 1358
2456 1357
2457 1355
2458 1355
2459 1354
2460 1357
2461 1356
2462 1356
2463 1356
2464 1359
2465 1356
2466 1355
2467 1357
2468 1356
2469 1358
2470 1357
2471 1356
2472 1357
2473 1357
2474 1354
2475 1356
2476 1357
2477 1358
2478 1356
2479 1359
2480 1357
2481 1356
2482 1355
2483 1356
2484 1356
2485 1356
2486 1356
2487 1358
2488 1354
2489 1357
2490 1357
2491 1357
2492 1355
2493 1355
2494 1358
2495 1357
2496 1358
2497 1356
2498 1357
2499 1358
2500 1359
2501 1362
2502 1357
2503 1357
2504 1357
2505 1358
2506 1355
2507 1356
2508 1356
2509 1357
2510 1356
2511 1358
2512 1357
2513 1358
2514 1357
2515 1357
2516 1358
2517 1358
2518 1357
2519 1355
2520 1356
2521 1356
2522 1355
2523 1357
2524 1358
2525 1355
2526 1358
2527 1357
2528 1356
2529 1356
2530 1357
2531 1357
2532 1357
2533 1354
2534 1357
2535 1356
2536 1353
2537 1356
2538 1358
2539 1357
2540 1356
2541 1357
2542 1355
2543 1354
2544 1357
2545 1356
2546 1356
2547 1355
2548 1355
2549 1355
2550 1358
2551 1356
2552 1355
2553 1357
2554 1357
2555 1356
2556 1356
2557 1357
2558 1356
2559 1355
2560 1353
2561 1356
2562 1357
2563 1358
2564 1354
2565 1357
2566 1358
2567 1356
2568 1355
2569 1354
2570 1359
2571 1358
2572 1357
2573 1355
2574 1355
2575 1357
2576 1358
2577 1355
2578 1355
2579 1356
2580 1356
2581 1354
2582 1357
2583 1356
2584 1356
2585 1356
2586 1355
2587 1356
2588 1355
2589 1358
2590 1354
2591 1357
2592 1358
2593 1358
2594 1356
2595 1356
2596 1356
2597 1357
2598 1356
2599 1357
2600 1358
2601 1357
2602 1356
2603 1358
2604 1357
2605 1355
2606 1357
2607 1358
2608 1357
2609 1358
2610 1355
2611 1357
2612 1357
2613 1355
2614 1358
2615 1358
2616 1358
2617 1356
2618 1355
2619 1356
2620 1352
2621 1358
2622 1358
2623 1358
2624 1357
2625 1358
2626 1356
2627 1355
2628 1353
2629 1356
2630 1358
2631 1355
2632 1355
2633 1356
2634 1356
2635 1353
2636 1357
2637 1356
2638 1356
2639 1357
2640 1355
2641 1357
2642 1353
2643 1357
2644 1355
2645 1354
2646 1355
2647 1352
2648 1358
2649 1356
2650 1356
2651 1352
2652 1355
2653 1355
2654 1355
2655 1356
2656 1354
2657 1358
2658 1356
2659 1357
2660 1357
2661 1354
2662 1355
2663 1358
2664 1355
2665 1354
2666 1355
2667 1358
2668 1355
2669 1356
2670 1354
2671 1358
2672 1357
2673 1359
2674 1358
2675 1356
2676 1357
2677 1356
2678 1354
2679 1357
2680 1357
2681 1356
2682 1355
2683 1357
2684 1358
2685 1359
2686 1357
2687 1358
2688 1355
2689 1358
2690 1359
2691 1362
2692 1357
2693 1356
2694 1354
2695 1357
2696 1356
2697 1358
2698 1357
2699 1356
2700 1355
2701 1358
2702 1355
2703 1354
2704 1355
2705 1356
2706 1357
2707 1359
2708 1357
2709 1356
2710 1353
2711 1357
2712 1356
2713 1357
2714 1355
2715 1358
2716 1358
2717 1359
2718 1358
2719 1357
2720 1356
2721 1355
2722 1355
2723 1357
2724 1356
2725 1356
2726 1361
2727 1356
2728 1359
2729 1356
2730 1356
2731 1357
2732 1356
2733 1356
2734 1356
2735 1356
2736 1355
2737 1356
2738 1356
2739 1355
2740 1356
2741 1357
2742 1359
2743 1357
2744 1357
2745 1357
2746 1357
2747 1357
2748 1357
2749 1357
2750 1358
2751 1356
2752 1357
2753 1357
2754 1358
2755 1356
2756 1356
2757 1357
2758 1354
2759 1357
2760 1357
2761 1361
2762 1356
2763 1355
2764 1357
2765 1357
2766 1357
2767 1358
2768 1357
2769 1356
2770 1356
2771 1357
2772 1358
2773 1357
2774 1358
2775 1356
2776 1356
2777 1357
2778 1357
2779 1357
2780 1357
2781 1357
2782 1357
2783 1356
2784 1357
2785 1358
2786 1355
2787 1354
2788 1355
2789 1355
2790 1357
2791 1358
2792 1355
2793 1357
2794 1355
2795 1356
2796 1354
2797 1356
2798 1354
2799 1358
2800 1355
2801 1357
2802 1356
2803 1359
2804 1357
2805 1356
2806 1356
2807 1357
2808 1358
2809 1358
2810 1358
2811 1356
2812 1355
2813 1356
2814 1356
2815 1356
2816 1354
2817 1356
2818 1355
2819 1354
2820 1357
2821 1356
2822 1356
2823 1355
2824 1359
2825 1357
2826 1356
2827 1360
2828 1356
2829 1357
2830 1357
2831 1359
2832 1356
2833 1356
2834 1358
2835 1360
2836 1358
2837 1355
2838 1359
2839 1359
2840 1357
2841 1357
2842 1354
2843 1357
2844 1357
2845 1357
2846 1355
2847 1356
2848 1356
2849 1355
2850 1355
2851 1357
2852 1356
2853 1357
2854 1355
2855 1358
2856 1356
2857 1357
2858 1357
2859 1359
2860 1356
2861 1358
2862 1356
2863 1358
2864 1353
2865 1355
2866 1356
2867 1356
2868 1358
2869 1356
2870 1356
2871 1355
2872 1357
2873 1357
2874 1356
2875 1359
2876 1357
2877 1357
2878 1355
2879 1356
2880 1359
2881 1358
2882 1356
2883 1355
2884 1358
2885 1359
2886 1357
2887 1354
2888 1359
2889 1354
2890 1357
2891 1356
2892 1356
2893 1356
2894 1356
2895 1356
2896 1356
2897 1357
2898 1356
2899 1355
2900 1355
2901 1353
2902 1354
2903 1358
2904 1356
2905 1354
2906 1355
2907 1356
2908 1357
2909 1355
2910 1356
2911 1357
2912 1357
2913 1355
2914 1358
2915 1355
2916 1356
2917 1357
2918 1355
2919 1352
2920 1354
2921 1355
2922 1356
2923 1356
2924 1358
2925 1359
2926 1359
2927 1358
2928 1358
2929 1357
2930 1356
2931 1360
2932 1355
2933 1356
2934 1356
2935 1357
2936 1355
2937 1355
2938 1358
2939 1357
2940 1355
2941 1356
2942 1357
2943 1354
2944 1353
2945 1356
2946 1355
2947 1354
2948 1353
2949 1354
2950 1356
2951 1356
2952 1357
2953 1356
2954 1357
2955 1358
2956 1357
2957 1356
2958 1356
2959 1355
2960 1354
2961 1356
2962 1355
2963 1358
2964 1357
2965 1356
2966 1356
2967 1359
2968 1357
2969 1354
2970 1357
2971 1357
2972 1359
2973 1356
2974 1355
2975 1357
2976 1358
2977 1355
2978 1354
2979 1354
2980 1356
2981 1357
2982 1354
2983 1357
2984 1355
2985 1355
2986 1354
2987 1357
2988 1357
2989 1357
2990 1355
2991 1360
2992 1353
2993 1356
2994 1355
2995 1356
2996 1356
2997 1357
2998 1359
2999 1355
3000 1356
3001 1356
3002 1357
3003 1356
3004 1357
3005 1353
3006 1355
3007 1354
3008 1355
3009 1352
3010 1358
3011 1355
3012 1354
3013 1357
3014 1356
3015 1355
3016 1356
3017 1357
3018 1357
3019 1354
3020 1356
3021 1358
3022 1357
3023 1356
3024 1356
3025 1356
3026 1358
3027 1358
3028 1356
3029 1356
3030 1355
3031 1355
3032 1354
3033 1356
3034 1354
3035 1359
3036 1357
3037 1356
3038 1357
3039 1354
3040 1359
3041 1356
3042 1355
3043 1355
3044 1355
3045 1357
3046 1358
3047 1359
3048 1357
3049 1358
3050 1357
3051 1355
3052 1357
3053 1356
3054 1358
3055 1358
3056 1357
3057 1359
3058 1355
3059 1356
3060 1356
3061 1356
3062 1357
3063 1355
3064 1355
3065 1355
3066 1355
3067 1356
3068 1354
3069 1356
3070 1358
3071 1357
3072 1356
3073 1356
3074 1356
3075 1356
3076 1357
3077 1356
3078 1353
3079 1358
3080 1358
3081 1357
3082 1358
3083 1357
3084 1359
3085 1357
3086 1357
3087 1358
3088 1356
3089 1356
3090 1355
3091 1357
3092 1354
3093 1359
3094 1354
3095 1356
3096 1356
3097 1356
3098 1355
3099 1356
3100 1356
3101 1357
3102 1356
3103 1357
3104 1355
3105 1356
3106 1355
3107 1356
3108 1359
3109 1357
3110 1358
3111 1356
3112 1356
3113 1359
3114 1357
3115 1357
3116 1356
3117 1357
3118 1356
3119 1359
3120 1355
3121 1358
3122 1355
3123 1356
3124 1355
3125 1358
3126 1357
3127 1356
3128 1355
3129 1357
3130 1356
3131 1354
3132 1358
3133 1355
3134 1356
3135 1355
3136 1356
3137 1357
3138 1357
3139 1356
3140 1360
3141 1358
3142 1358
3143 1361
3144 1359
3145 1357
3146 1357
3147 1358
3148 1358
3149 1355
3150 1357
3151 1356
3152 1355
3153 1355
3154 1357
3155 1354
3156 1357
3157 1356
3158 1357
3159 1356
3160 1356
3161 1356
3162 1358
3163 1356
3164 1356
3165 1357
3166 1355
3167 1355
3168 1356
3169 1356
3170 1355
3171 1361
3172 1355
3173 1357
3174 1357
3175 1357
3176 1357
3177 1356
3178 1356
3179 1356
3180 1354
3181 1356
3182 1357
3183 1357
3184 1355
3185 1358
3186 1358
3187 1357
3188 1356
3189 1356
3190 1357
3191 1356
3192 1359
3193 1358
3194 1356
3195 1355
3196 1358
3197 1354
3198 1354
3199 1353
3200 1358
3201 1357
3202 1357
3203 1356
3204 1355
3205 1355
3206 1357
3207 1355
3208 1358
3209 1356
3210 1355
3211 1357
3212 1356
3213 1356
3214 1355
3215 1357
3216 1357
3217 1358
3218 1357
3219 1356
3220 1356
3221 1356
3222 1358
3223 1357
3224 1355
3225 1356
3226 1357
3227 1355
3228 1354
3229 1356
3230 1357
3231 1358
3232 1358
3233 1356
3234 1357
3235 1356
3236 1355
3237 1357
3238 1358
3239 1357
3240 1356
3241 1356
3242 1357
3243 1356
3244 1356
3245 1357
3246 1357
3247 1353
3248 1354
3249 1356
3250 1357
3251 1358
3252 1357
3253 1357
3254 1358
3255 1356
3256 1358
3257 1354
3258 1353
3259 1355
3260 1358
3261 1358
3262 1354
3263 1357
3264 1354
3265 1354
3266 1357
3267 1356
3268 1357
3269 1357
3270 1357
3271 1357
3272 1357
3273 1356
3274 1357
3275 1354
3276 1358
3277 1356
3278 1357
3279 1356
3280 1357
3281 1354
3282 1357
3283 1356
3284 1358
3285 1356
3286 1357
3287 1358
3288 1359
3289 1353
3290 1356
3291 1356
3292 1356
3293 1356
3294 1357
3295 1358
3296 1359
3297 1357
3298 1357
3299 1356
3300 1356
3301 1358
3302 1357
3303 1356
3304 1356
3305 1357
3306 1358
3307 1356
3308 1357
3309 1356
3310 1356
3311 1355
3312 1358
3313 1354
3314 1357
3315 1357
3316 1357
3317 1357
3318 1356
3319 1357
3320 1354
3321 1358
3322 1356
3323 1359
3324 1353
3325 1354
3326 1356
3327 1355
3328 1356
3329 1354
3330 1358
3331 1358
3332 1357
3333 1355
3334 1357
3335 1358
3336 1357
3337 1358
3338 1359
3339 1355
3340 1357
3341 1356
3342 1356
3343 1354
3344 1355
3345 1354
3346 1355
3347 1358
3348 1356
3349 1358
3350 1357
3351 1355
3352 1357
3353 1353
3354 1356
3355 1359
3356 1358
3357 1358
3358 1357
3359 1356
3360 1355
3361 1356
3362 1354
3363 1356
3364 1356
3365 1356
3366 1357
3367 1358
3368 1357
3369 1356
3370 1357
3371 1355
3372 1356
3373 1354
3374 1358
3375 1356
3376 1357
3377 1357
3378 1354
3379 1356
3380 1358
3381 1358
3382 1353
3383 1355
3384 1358
3385 1357
3386 1355
3387 1358
3388 1358
3389 1357
3390 1361
3391 1358
3392 1355
3393 1355
3394 1355
3395 1356
3396 1356
3397 1357
3398 1357
3399 1358
3400 1356
3401 1356
3402 1357
3403 1355
3404 1358
3405 1356
3406 1359
3407 1359
3408 1358
3409 1357
3410 1358
3411 1356
3412 1357
3413 1355
3414 1354
3415 1357
3416 1355
3417 1357
3418 1355
3419 1356
3420 1357
3421 1358
3422 1356
3423 1358
3424 1353
3425 1358
3426 1355
3427 1358
3428 1358
3429 1357
3430 1355
3431 1354
3432 1353
3433 1355
3434 1355
3435 1355
3436 1355
3437 1357
3438 1355
3439 1357
3440 1354
3441 1359
3442 1355
3443 1357
3444 1354
3445 1356
3446 1358
3447 1357
3448 1358
3449 1355
3450 1360
3451 1358
3452 1355
3453 1357
3454 1357
3455 1361
3456 1358
3457 1355
3458 1355
3459 1355
3460 1356
3461 1357
3462 1354
3463 1356
3464 1357
3465 1356
3466 1357
3467 1358
3468 1355
3469 1355
3470 1354
3471 1354
3472 1353
3473 1357
3474 1358
3475 1358
3476 1356
3477 1356
3478 1357
3479 1354
3480 1357
3481 1358
3482 1356
3483 1358
3484 1357
3485 1357
3486 1357
3487 1354
3488 1356
3489 1356
3490 1356
3491 1356
3492 1354
3493 1357
3494 1355
3495 1355
3496 1356
3497 1355
3498 1355
3499 1355
3500 1355
3501 1354
3502 1355
3503 1356
3504 1357
3505 1357
3506 1355
3507 1356
3508 1356
3509 1356
3510 1357
3511 1356
3512 1359
3513 1356
3514 1354
3515 1357
3516 1356
3517 1354
3518 1355
3519 1355
3520 1359
3521 1357
3522 1359
3523 1357
3524 1357
3525 1358
3526 1358
3527 1358
3528 1354
3529 1354
3530 1355
3531 1356
3532 1357
3533 1358
3534 1359
3535 1358
3536 1355
3537 1356
3538 1356
3539 1359
3540 1355
3541 1359
3542 1355
3543 1357
3544 1355
3545 1358
3546 1358
3547 1356
3548 1355
3549 1357
3550 1358
3551 1357
3552 1357
3553 1358
3554 1358
3555 1358
3556 1356
3557 1357
3558 1355
3559 1357
3560 1357
3561 1358
3562 1357
3563 1358
3564 1354
3565 1357
3566 1359
3567 1361
3568 1358
3569 1357
3570 1356
3571 1357
3572 1358
3573 1359
3574 1360
3575 1356
3576 1357
3577 1357
3578 1355
3579 1355
3580 1356
3581 1356
3582 1355
3583 1356
3584 1356
3585 1356
3586 1355
3587 1353
3588 1356
3589 1356
3590 1355
3591 1356
3592 1354
3593 1359
3594 1357
3595 1356
3596 1357
3597 1359
3598 1353
3599 1356
3600 1356
3601 1357
3602 1354
3603 1354
3604 1354
3605 1356
3606 1354
3607 1355
3608 1356
3609 1356
3610 1357
3611 1357
3612 1357
3613 1359
3614 1357
3615 1356
3616 1355
3617 1353
3618 1355
3619 1357
3620 1354
3621 1355
3622 1354
3623 1352
3624 1354
3625 1355
3626 1357
3627 1359
3628 1357
3629 1355
3630 1356
3631 1359
3632 1357
3633 1357
3634 1357
3635 1359
3636 1357
3637 1357
3638 1357
3639 1358
3640 1359
3641 1363
3642 1357
3643 1359
3644 1356
3645 1354
3646 1355
3647 1357
3648 1357
3649 1358
3650 1355
3651 1355
3652 1353
3653 1356
3654 1357
3655 1357
3656 1355
3657 1356
3658 1355
3659 1357
3660 1354
3661 1357
3662 1355
3663 1355
3664 1355
3665 1356
3666 1357
3667 1357
3668 1359
3669 1358
3670 1355
3671 1356
3672 1357
3673 1358
3674 1355
3675 1356
3676 1357
3677 1357
3678 1356
3679 1359
3680 1357
3681 1356
3682 1354
3683 1356
3684 1356
3685 1359
3686 1355
3687 1358
3688 1358
3689 1356
3690 1355
3691 1359
3692 1357
3693 1356
3694 1357
3695 1356
3696 1354
3697 1357
3698 1357
3699 1355
3700 1354
3701 1356
3702 1357
3703 1357
3704 1350
3705 1356
3706 1357
3707 1358
3708 1353
3709 1355
3710 1355
3711 1359
3712 1355
3713 1356
3714 1357
3715 1356
3716 1359
3717 1354
3718 1357
3719 1356
3720 1356
3721 1358
3722 1355
3723 1357
3724 1361
3725 1357
3726 1355
3727 1358
3728 1355
3729 1355
3730 1357
3731 1356
3732 1356
3733 1357
3734 1357
3735 1356
3736 1357
3737 1356
3738 1353
3739 1353
3740 1356
3741 1356
3742 1355
3743 1356
3744 1355
3745 1354
3746 1356
3747 1356
3748 1355
3749 1357
3750 1355
3751 1353
3752 1357
3753 1356
3754 1356
3755 1354
3756 1355
3757 1357
3758 1356
3759 1356
3760 1358
3761 1356
3762 1354
3763 1355
3764 1354
3765 1357
3766 1358
3767 1356
3768 1353
3769 1358
3770 1357
3771 1356
3772 1355
3773 1358
3774 1357
3775 1355
3776 1357
3777 1356
3778 1355
3779 1356
3780 1354
3781 1356
3782 1354
3783 1359
3784 1356
3785 1354
3786 1356
3787 1358
3788 1357
3789 1356
3790 1354
3791 1357
3792 1355
3793 1356
3794 1355
3795 1357
3796 1357
3797 1356
3798 1356
3799 1356
3800 1357
3801 1358
3802 1355
3803 1356
3804 1356
3805 1354
3806 1357
3807 1354
3808 1355
3809 1359
3810 1357
3811 1358
3812 1357
3813 1356
3814 1356
3815 1361
3816 1356
3817 1357
3818 1353
3819 1358
3820 1357
3821 1356
3822 1356
3823 1358
3824 1357
3825 1357
3826 1357
3827 1357
3828 1351
3829 1356
3830 1357
3831 1360
3832 1355
3833 1356
3834 1354
3835 1357
3836 1356
3837 1356
3838 1354
3839 1357
3840 1356
3841 1357
3842 1356
3843 1358
3844 1353
3845 1357
3846 1355
3847 1357
3848 1354
3849 1360
3850 1357
3851 1357
3852 1354
3853 1357
3854 1354
3855 1358
3856 1353
3857 1358
3858 1357
3859 1357
3860 1353
3861 1357
3862 1358
3863 1356
3864 1354
3865 1358
3866 1358
3867 1357
3868 1356
3869 1358
3870 1355
3871 1356
3872 1356
3873 1358
3874 1357
3875 1356
3876 1357
3877 1356
3878 1357
3879 1355
3880 1357
3881 1357
3882 1356
3883 1358
3884 1354
3885 1355
3886 1356
3887 1357
3888 1358
3889 1358
3890 1355
3891 1358
3892 1354
3893 1355
3894 1355
3895 1358
3896 1357
3897 1357
3898 1355
3899 1357
3900 1358
3901 1357
3902 1355
3903 1358
3904 1356
3905 1357
3906 1354
3907 1356
3908 1353
3909 1358
3910 1355
3911 1356
3912 1357
3913 1358
3914 1358
3915 1357
3916 1356
3917 1356
3918 1354
3919 1357
3920 1356
3921 1355
3922 1355
3923 1357
3924 1354
3925 1359
3926 1357
3927 1359
3928 1357
3929 1357
3930 1357
3931 1356
3932 1354
3933 1357
3934 1359
3935 1356
3936 1355
3937 1357
3938 1358
3939 1357
3940 1355
3941 1356
3942 1357
3943 1355
3944 1354
3945 1356
3946 1354
3947 1358
3948 1355
3949 1356
3950 1356
3951 1355
3952 1354
3953 1356
3954 1352
3955 1355
3956 1355
3957 1355
3958 1355
3959 1355
3960 1357
3961 1359
3962 1360
3963 1356
3964 1357
3965 1358
3966 1355
3967 1356
3968 1356
3969 1357
3970 1358
3971 1357
3972 1354
3973 1354
3974 1354
3975 1360
3976 1357
3977 1358
3978 1356
3979 1358
3980 1356
3981 1356
3982 1354
3983 1355
3984 1353
3985 1355
3986 1356
3987 1356
3988 1356
3989 1357
3990 1358
3991 1358
3992 1357
3993 1356
3994 1356
3995 1357
3996 1358
3997 1358
3998 1355
3999 1357
