0 1356
1 1357
2 1356
3 1356
4 1354
5 1355
6 1354
7 1357
8 1355
9 1356
10 1355
11 1357
12 1355
13 1358
14 1356
15 1358
16 1357
17 1361
18 1357
19 1356
20 1355
21 1358
22 1355
23 1359
24 1356
25 1360
26 1357
27 1357
28 1359
29 1358
30 1354
31 1361
32 1355
33 1357
34 1356
35 1356
36 1357
37 1358
38 1354
39 1355
40 1357
41 1358
42 1358
43 1356
44 1355
45 1357
46 1356
47 1357
48 1358
49 1356
50 1355
51 1357
52 1356
53 1356
54 1355
55 1355
56 1357
57 1355
58 1356
59 1356
60 1356
61 1356
62 1357
63 1358
64 1356
65 1357
66 1358
67 1357
68 1356
69 1356
70 1353
71 1357
72 1355
73 1355
74 1354
75 1355
76 1357
77 1353
78 1356
79 1355
80 1357
81 1354
82 1358
83 1356
84 1356
85 1357
86 1354
87 1357
88 1356
89 1357
90 1357
91 1356
92 1357
93 1354
94 1359
95 1359
96 1356
97 1357
98 1355
99 1353
100 1355
101 1355
102 1358
103 1355
104 1357
105 1358
106 1358
107 1357
108 1357
109 1353
110 1356
111 1357
112 1358
113 1355
114 1355
115 1355
116 1359
117 1357
118 1357
119 1355
120 1355
121 1356
122 1360
123 1357
124 1356
125 1355
126 1357
127 1356
128 1357
129 1357
130 1356
131 1358
132 1357
133 1354
134 1356
135 1359
136 1357
137 1357
138 1355
139 1355
140 1359
141 1358
142 1356
143 1355
144 1357
145 1354
146 1356
147 1355
148 1356
149 1355
150 1357
151 1359
152 1356
153 1359
154 1358
155 1357
156 1359
157 1356
158 1357
159 1358
160 1357
161 1356
162 1359
163 1357
164 1356
165 1355
166 1356
167 1359
168 1356
169 1358
170 1357
171 1356
172 1359
173 1356
174 1356
175 1358
176 1355
177 1356
178 1357
179 1359
180 1356
181 1356
182 1357
183 1358
184 1359
185 1356
186 1359
187 1358
188 1358
189 1357
190 1356
191 1354
192 1356
193 1355
194 1356
195 1356
196 1357
197 1355
198 1355
199 1357
200 1356
201 1357
202 1357
203 1357
204 1358
205 1355
206 1356
207 1357
208 1356
209 1357
210 1359
211 1358
212 1355
213 1357
214 1355
215 1361
216 1360
217 1354
218 1356
219 1356
220 1355
221 1358
222 1356
223 1356
224 1357
225 1358
226 1355
227 1357
228 1354
229 1358
230 1356
231 1358
232 1355
233 1357
234 1358
235 1356
236 1355
237 1355
238 1357
239 1356
240 1358
241 1357
242 1357
243 1358
244 1358
245 1359
246 1359
247 1358
248 1356
249 1355
250 1358
251 1356
252 1357
253 1357
254 1356
255 1358
256 1359
257 1358
258 1357
259 1356
260 1356
261 1355
262 1355
263 1358
264 1359
265 1357
266 1355
267 1358
268 1357
269 1358
270 1358
271 1359
272 1360
273 1357
274 1357
275 1355
276 1355
277 1356
278 1357
279 1357
280 1360
281 1359
282 1357
283 1358
284 1357
285 1357
286 1358
287 1357
288 1355
289 1357
290 1356
291 1357
292 1357
293 1354
294 1356
295 1356
296 1357
297 1359
298 1360
299 1360
300 1355
301 1357
302 1357
303 1358
304 1358
305 1357
306 1359
307 1358
308 1356
309 1357
310 1357
311 1356
312 1358
313 1359
314 1357
315 1357
316 1357
317 1357
318 1354
319 1357
320 1357
321 1357
322 1356
323 1357
324 1357
325 1358
326 1356
327 1358
328 1358
329 1358
330 1358
331 1359
332 1358
333 1357
334 1356
335 1358
336 1359
337 1359
338 1358
339 1359
340 1357
341 1358
342 1356
343 1357
344 1356
345 1356
346 1356
347 1356
348 1353
349 1357
350 1355
351 1357
352 1356
353 1356
354 1356
355 1355
356 1356
357 1357
358 1354
359 1355
360 1357
361 1357
362 1357
363 1358
364 1358
365 1357
366 1357
367 1355
368 1357
369 1356
370 1358
371 1358
372 1357
373 1356
374 1357
375 1358
376 1357
377 1357
378 1358
379 1357
380 1356
381 1356
382 1357
383 1355
384 1358
385 1354
386 1357
387 1358
388 1361
389 1356
390 1355
391 1357
392 1359
393 1359
394 1357
395 1356
396 1356
397 1357
398 1357
399 1358
400 1356
401 1357
402 1357
403 1356
404 1357
405 1360
406 1356
407 1359
408 1355
409 1358
410 1356
411 1357
412 1355
413 1358
414 1354
415 1358
416 1357
417 1357
418 1354
419 1355
420 1356
421 1357
422 1362
423 1361
424 1356
425 1356
426 1356
427 1356
428 1358
429 1357
430 1359
431 1357
432 1355
433 1359
434 1357
435 1357
436 1356
437 1355
438 1356
439 1359
440 1358
441 1358
442 1354
443 1355
444 1357
445 1358
446 1356
447 1360
448 1356
449 1356
450 1357
451 1358
452 1359
453 1357
454 1356
455 1355
456 1357
457 1358
458 1354
459 1359
460 1357
461 1358
462 1356
463 1357
464 1356
465 1358
466 1356
467 1357
468 1353
469 1355
470 1356
471 1359
472 1355
473 1358
474 1356
475 1360
476 1357
477 1357
478 1356
479 1358
480 1357
481 1358
482 1355
483 1356
484 1357
485 1359
486 1358
487 1357
488 1356
489 1358
490 1358
491 1355
492 1355
493 1357
494 1357
495 1360
496 1355
497 1354
498 1353
499 1357
500 1355
501 1357
502 1355
503 1357
504 1355
505 1358
506 1355
507 1359
508 1353
509 1357
510 1354
511 1357
512 1355
513 1357
514 1355
515 1357
516 1356
517 1358
518 1355
519 1356
520 1354
521 1358
522 1356
523 1358
524 1355
525 1356
526 1355
527 1357
528 1355
529 1356
530 1357
531 1357
532 1359
533 1362
534 1362
535 1371
536 1375
537 1395
538 1411
539 1436
540 1473
541 1519
542 1576
543 1641
544 1707
545 1773
546 1844
547 1909
548 1973
549 2033
550 2085
551 2136
552 2172
553 2205
554 2229
555 2244
556 2260
557 2262
558 2262
559 2257
560 2247
561 2232
562 2216
563 2194
564 2172
565 2146
566 2120
567 2091
568 2057
569 2027
570 1993
571 1961
572 1928
573 1898
574 1876
575 1848
576 1819
577 1798
578 1772
579 1749
580 1728
581 1704
582 1680
583 1660
584 1643
585 1625
586 1609
587 1593
588 1573
589 1557
590 1543
591 1535
592 1521
593 1513
594 1502
595 1494
596 1485
597 1477
598 1473
599 1463
600 1456
601 1453
602 1446
603 1438
604 1434
605 1429
606 1420
607 1419
608 1409
609 1410
610 1406
611 1400
612 1397
613 1396
614 1393
615 1389
616 1387
617 1386
618 1381
619 1380
620 1378
621 1376
622 1375
623 1373
624 1372
625 1371
626 1369
627 1371
628 1372
629 1369
630 1371
631 1366
632 1369
633 1366
634 1367
635 1366
636 1363
637 1365
638 1367
639 1363
640 1363
641 1364
642 1364
643 1364
644 1362
645 1363
646 1361
647 1363
648 1361
649 1360
650 1358
651 1362
652 1360
653 1358
654 1358
655 1358
656 1360
657 1357
658 1359
659 1358
660 1358
661 1361
662 1359
663 1357
664 1360
665 1359
666 1359
667 1357
668 1358
669 1360
670 1358
671 1358
672 1358
673 1361
674 1358
675 1361
676 1358
677 1358
678 1357
679 1357
680 1358
681 1359
682 1359
683 1357
684 1355
685 1359
686 1358
687 1356
688 1355
689 1359
690 1358
691 1358
692 1358
693 1357
694 1360
695 1358
696 1355
697 1357
698 1356
699 1357
700 1357
701 1359
702 1357
703 1357
704 1354
705 1361
706 1356
707 1361
708 1356
709 1357
710 1356
711 1356
712 1356
713 1356
714 1356
715 1355
716 1355
717 1358
718 1359
719 1354
720 1358
721 1359
722 1360
723 1358
724 1354
725 1357
726 1357
727 1358
728 1358
729 1357
730 1358
731 1357
732 1356
733 1357
734 1356
735 1355
736 1354
737 1357
738 1354
739 1358
740 1356
741 1356
742 1357
743 1357
744 1357
745 1358
746 1355
747 1354
748 1355
749 1357
750 1357
751 1358
752 1358
753 1359
754 1356
755 1357
756 1357
757 1357
758 1357
759 1358
760 1358
761 1357
762 1357
763 1358
764 1354
765 1358
766 1354
767 1359
768 1357
769 1357
770 1358
771 1357
772 1355
773 1354
774 1355
775 1359
776 1356
777 1357
778 1356
779 1357
780 1358
781 1357
782 1356
783 1358
784 1354
785 1357
786 1358
787 1358
788 1357
789 1360
790 1357
791 1359
792 1360
793 1357
794 1359
795 1356
796 1353
797 1355
798 1355
799 1359
800 1357
801 1358
802 1358
803 1359
804 1352
805 1357
806 1356
807 1353
808 1354
809 1356
810 1354
811 1356
812 1355
813 1354
814 1358
815 1357
816 1356
817 1358
818 1356
819 1357
820 1358
821 1358
822 1359
823 1356
824 1357
825 1357
826 1355
827 1358
828 1356
829 1357
830 1358
831 1357
832 1359
833 1357
834 1355
835 1359
836 1358
837 1358
838 1358
839 1359
840 1356
841 1358
842 1357
843 1356
844 1357
845 1358
846 1357
847 1358
848 1356
849 1360
850 1357
851 1358
852 1356
853 1358
854 1357
855 1358
856 1358
857 1359
858 1356
859 1359
860 1354
861 1357
862 1357
863 1358
864 1354
865 1358
866 1356
867 1357
868 1356
869 1357
870 1355
871 1358
872 1358
873 1359
874 1358
875 1356
876 1356
877 1356
878 1355
879 1356
880 1356
881 1358
882 1357
883 1362
884 1360
885 1358
886 1358
887 1357
888 1356
889 1356
890 1358
891 1358
892 1356
893 1357
894 1358
895 1358
896 1357
897 1358
898 1355
899 1359
900 1355
901 1357
902 1356
903 1360
904 1356
905 1355
906 1356
907 1358
908 1357
909 1360
910 1359
911 1360
912 1357
913 1358
914 1357
915 1357
916 1357
917 1357
918 1357
919 1358
920 1358
921 1358
922 1357
923 1357
924 1354
925 1358
926 1357
927 1357
928 1356
929 1355
930 1354
931 1355
932 1356
933 1358
934 1357
935 1356
936 1357
937 1356
938 1355
939 1357
940 1358
941 1354
942 1356
943 1355
944 1355
945 1357
946 1355
947 1355
948 1355
949 1354
950 1358
951 1357
952 1355
953 1356
954 1357
955 1359
956 1361
957 1357
958 1357
959 1355
960 1354
961 1357
962 1358
963 1357
964 1357
965 1360
966 1356
967 1355
968 1355
969 1358
970 1359
971 1359
972 1357
973 1358
974 1357
975 1358
976 1356
977 1356
978 1356
979 1358
980 1357
981 1357
982 1358
983 1359
984 1355
985 1354
986 1359
987 1358
988 1357
989 1357
990 1355
991 1354
992 1356
993 1357
994 1354
995 1357
996 1355
997 1357
998 1359
999 1356
1000 1361
1001 1360
1002 1356
1003 1358
1004 1355
1005 1358
1006 1357
1007 1356
1008 1358
1009 1358
1010 1356
1011 1358
1012 1355
1013 1357
1014 1354
1015 1357
1016 1355
1017 1355
1018 1353
1019 1357
1020 1356
1021 1357
1022 1355
1023 1357
1024 1356
1025 1356
1026 1353
1027 1356
1028 1355
1029 1357
1030 1357
1031 1355
1032 1356
1033 1355
1034 1356
1035 1359
1036 1358
1037 1360
1038 1358
1039 1357
1040 1356
1041 1356
1042 1356
1043 1357
1044 1354
1045 1358
1046 1356
1047 1357
1048 1355
1049 1357
1050 1355
1051 1355
1052 1354
1053 1356
1054 1355
1055 1356
1056 1356
1057 1357
1058 1357
1059 1356
1060 1356
1061 1354
1062 1356
1063 1355
1064 1356
1065 1359
1066 1358
1067 1354
1068 1356
1069 1357
1070 1359
1071 1357
1072 1358
1073 1354
1074 1357
1075 1355
1076 1359
1077 1356
1078 1354
1079 1356
1080 1357
1081 1354
1082 1358
1083 1355
1084 1359
1085 1357
1086 1356
1087 1356
1088 1360
1089 1355
1090 1357
1091 1356
1092 1353
1093 1355
1094 1359
1095 1355
1096 1357
1097 1359
1098 1358
1099 1358
1100 1358
1101 1360
1102 1356
1103 1358
1104 1358
1105 1357
1106 1356
1107 1354
1108 1359
1109 1357
1110 1354
1111 1355
1112 1355
1113 1354
1114 1356
1115 1354
1116 1356
1117 1354
1118 1356
1119 1358
1120 1358
1121 1358
1122 1355
1123 1355
1124 1353
1125 1355
1126 1359
1127 1360
1128 1361
1129 1355
1130 1356
1131 1357
1132 1360
1133 1357
1134 1354
1135 1355
1136 1356
1137 1357
1138 1356
1139 1356
1140 1358
1141 1356
1142 1358
1143 1357
1144 1358
1145 1355
1146 1357
1147 1357
1148 1360
1149 1355
1150 1355
1151 1355
1152 1357
1153 1358
1154 1356
1155 1356
1156 1356
1157 1354
1158 1354
1159 1360
1160 1357
1161 1359
1162 1355
1163 1355
1164 1357
1165 1360
1166 1356
1167 1356
1168 1354
1169 1354
1170 1356
1171 1353
1172 1355
1173 1354
1174 1357
1175 1355
1176 1356
1177 1357
1178 1356
1179 1357
1180 1356
1181 1357
1182 1356
1183 1358
1184 1359
1185 1357
1186 1355
1187 1355
1188 1355
1189 1358
1190 1357
1191 1357
1192 1355
1193 1359
1194 1357
1195 1357
1196 1354
1197 1356
1198 1355
1199 1354
1200 1354
1201 1357
1202 1354
1203 1353
1204 1357
1205 1357
1206 1357
1207 1357
1208 1357
1209 1355
1210 1355
1211 1360
1212 1355
1213 1355
1214 1356
1215 1359
1216 1359
1217 1358
1218 1356
1219 1357
1220 1358
1221 1357
1222 1355
1223 1357
1224 1356
1225 1359
1226 1360
1227 1357
1228 1356
1229 1356
1230 1355
1231 1357
1232 1355
1233 1358
1234 1356
1235 1355
1236 1355
1237 1358
1238 1356
1239 1360
1240 1359
1241 1355
1242 1357
1243 1356
1244 1356
1245 1356
1246 1354
1247 1358
1248 1358
1249 1356
1250 1355
1251 1357
1252 1355
1253 1357
1254 1355
1255 1356
1256 1356
1257 1354
1258 1355
1259 1358
1260 1356
1261 1360
1262 1357
1263 1357
1264 1356
1265 1356
1266 1356
1267 1357
1268 1355
1269 1358
1270 1354
1271 1358
1272 1355
1273 1357
1274 1356
1275 1357
1276 1354
1277 1356
1278 1357
1279 1357
1280 1356
1281 1356
1282 1357
1283 1357
1284 1358
1285 1356
1286 1358
1287 1360
1288 1358
1289 1357
1290 1355
1291 1357
1292 1356
1293 1357
1294 1353
1295 1356
1296 1357
1297 1355
1298 1356
1299 1357
1300 1356
1301 1356
1302 1355
1303 1355
1304 1355
1305 1358
1306 1359
1307 1357
1308 1356
1309 1357
1310 1355
1311 1360
1312 1358
1313 1356
1314 1355
1315 1357
1316 1357
1317 1358
1318 1355
1319 1355
1320 1359
1321 1358
1322 1356
1323 1357
1324 1356
1325 1357
1326 1359
1327 1360
1328 1357
1329 1352
1330 1353
1331 1357
1332 1358
1333 1357
1334 1356
1335 1354
1336 1357
1337 1360
1338 1353
1339 1356
1340 1357
1341 1357
1342 1358
1343 1353
1344 1356
1345 1361
1346 1358
1347 1353
1348 1359
1349 1359
1350 1355
1351 1356
1352 1355
1353 1357
1354 1355
1355 1354
1356 1357
1357 1357
1358 1357
1359 1355
1360 1360
1361 1358
1362 1356
1363 1357
1364 1356
1365 1354
1366 1357
1367 1356
1368 1358
1369 1357
1370 1357
1371 1357
1372 1357
1373 1357
1374 1359
1375 1358
1376 1359
1377 1353
1378 1358
1379 1354
1380 1358
1381 1357
1382 1355
1383 1357
1384 1356
1385 1355
1386 1357
1387 1357
1388 1357
1389 1357
1390 1362
1391 1353
1392 1357
1393 1356
1394 1358
1395 1356
1396 1360
1397 1357
1398 1358
1399 1356
1400 1358
1401 1356
1402 1358
1403 1357
1404 1356
1405 1355
1406 1356
1407 1358
1408 1357
1409 1354
1410 1357
1411 1357
1412 1356
1413 1357
1414 1358
1415 1356
1416 1355
1417 1357
1418 1357
1419 1357
1420 1356
1421 1356
1422 1357
1423 1355
1424 1359
1425 1356
1426 1356
1427 1356
1428 1358
1429 1355
1430 1357
1431 1358
1432 1357
1433 1358
1434 1357
1435 1354
1436 1356
1437 1357
1438 1359
1439 1358
1440 1357
1441 1355
1442 1354
1443 1355
1444 1355
1445 1357
1446 1353
1447 1355
1448 1355
1449 1356
1450 1356
1451 1356
1452 1356
1453 1356
1454 1355
1455 1355
1456 1357
1457 1358
1458 1356
1459 1357
1460 1358
1461 1358
1462 1357
1463 1357
1464 1356
1465 1357
1466 1357
1467 1355
1468 1355
1469 1357
1470 1357
1471 1357
1472 1355
1473 1354
1474 1356
1475 1359
1476 1356
1477 1354
1478 1353
1479 1353
1480 1356
1481 1359
1482 1358
1483 1353
1484 1351
1485 1353
1486 1357
1487 1361
1488 1357
1489 1355
1490 1357
1491 1358
1492 1361
1493 1357
1494 1355
1495 1355
1496 1356
1497 1359
1498 1356
1499 1356
1500 1357
1501 1360
1502 1357
1503 1354
1504 1357
1505 1355
1506 1355
1507 1358
1508 1355
1509 1354
1510 1354
1511 1357
1512 1357
1513 1359
1514 1356
1515 1356
1516 1358
1517 1354
1518 1355
1519 1353
1520 1352
1521 1355
1522 1354
1523 1353
1524 1355
1525 1358
1526 1357
1527 1356
1528 1356
1529 1355
1530 1356
1531 1356
1532 1357
1533 1356
1534 1354
1535 1356
1536 1359
1537 1355
1538 1356
1539 1353
1540 1357
1541 1357
1542 1356
1543 1354
1544 1357
1545 1355
1546 1357
1547 1355
1548 1356
1549 1357
1550 1357
1551 1355
1552 1355
1553 1355
1554 1357
1555 1356
1556 1356
1557 1359
1558 1358
1559 1357
1560 1358
1561 1358
1562 1358
1563 1356
1564 1356
1565 1355
1566 1359
1567 1356
1568 1356
1569 1356
1570 1357
1571 1352
1572 1359
1573 1355
1574 1359
1575 1356
1576 1358
1577 1354
1578 1359
1579 1356
1580 1356
1581 1356
1582 1357
1583 1357
1584 1356
1585 1357
1586 1360
1587 1357
1588 1354
1589 1356
1590 1356
1591 1357
1592 1359
1593 1357
1594 1357
1595 1356
1596 1356
1597 1355
1598 1357
1599 1353
1600 1356
1601 1356
1602 1357
1603 1358
1604 1359
1605 1354
1606 1355
1607 1356
1608 1358
1609 1357
1610 1358
1611 1358
1612 1357
1613 1357
1614 1357
1615 1358
1616 1356
1617 1355
1618 1357
1619 1355
1620 1356
1621 1354
1622 1356
1623 1356
1624 1360
1625 1357
1626 1354
1627 1355
1628 1358
1629 1356
1630 1357
1631 1355
1632 1357
1633 1357
1634 1356
1635 1353
1636 1356
1637 1356
1638 1358
1639 1355
1640 1356
1641 1357
1642 1358
1643 1356
1644 1359
1645 1357
1646 1357
1647 1357
1648 1356
1649 1356
1650 1357
1651 1357
1652 1357
1653 1358
1654 1357
1655 1354
1656 1358
1657 1356
1658 1357
1659 1359
1660 1356
1661 1357
1662 1357
1663 1355
1664 1352
1665 1354
1666 1358
1667 1361
1668 1357
1669 1356
1670 1358
1671 1357
1672 1360
1673 1357
1674 1354
1675 1357
1676 1356
1677 1357
1678 1353
1679 1355
1680 1356
1681 1357
1682 1356
1683 1356
1684 1356
1685 1357
1686 1356
1687 1359
1688 1358
1689 1355
1690 1354
1691 1357
1692 1357
1693 1357
1694 1357
1695 1353
1696 1356
1697 1357
1698 1356
1699 1357
1700 1357
1701 1354
1702 1356
1703 1354
1704 1355
1705 1357
1706 1356
1707 1356
1708 1359
1709 1358
1710 1356
1711 1354
1712 1357
1713 1355
1714 1356
1715 1355
1716 1356
1717 1358
1718 1356
1719 1355
1720 1354
1721 1357
1722 1358
1723 1357
1724 1357
1725 1357
1726 1357
1727 1354
1728 1354
1729 1355
1730 1359
1731 1354
1732 1355
1733 1355
1734 1355
1735 1357
1736 1354
1737 1358
1738 1357
1739 1357
1740 1358
1741 1356
1742 1355
1743 1357
1744 1357
1745 1356
1746 1356
1747 1357
1748 1358
1749 1358
1750 1356
1751 1357
1752 1355
1753 1355
1754 1357
1755 1358
1756 1357
1757 1357
1758 1354
1759 1359
1760 1356
1761 1357
1762 1355
1763 1357
1764 1358
1765 1358
1766 1356
1767 1358
1768 1356
1769 1358
1770 1355
1771 1358
1772 1356
1773 1355
1774 1358
1775 1357
1776 1359
1777 1355
1778 1356
1779 1355
1780 1359
1781 1356
1782 1355
1783 1356
1784 1355
1785 1357
1786 1355
1787 1355
1788 1356
1789 1357
1790 1357
1791 1355
1792 1360
1793 1355
1794 1357
1795 1359
1796 1358
1797 1356
1798 1359
1799 1356
1800 1356
1801 1355
1802 1359
1803 1359
1804 1356
1805 1357
1806 1357
1807 1358
1808 1356
1809 1356
1810 1358
1811 1357
1812 1356
1813 1357
1814 1356
1815 1359
1816 1356
1817 1357
1818 1358
1819 1356
1820 1356
1821 1355
1822 1358
1823 1357
1824 1356
1825 1356
1826 1357
1827 1355
1828 1355
1829 1359
1830 1357
1831 1358
1832 1358
1833 1355
1834 1357
1835 1357
1836 1356
1837 1361
1838 1356
1839 1356
1840 1355
1841 1356
1842 1355
1843 1357
1844 1357
1845 1355
1846 1362
1847 1358
1848 1356
1849 1355
1850 1358
1851 1355
1852 1357
1853 1356
1854 1356
1855 1356
1856 1357
1857 1355
1858 1357
1859 1356
1860 1357
1861 1360
1862 1358
1863 1356
1864 1359
1865 1355
1866 1356
1867 1355
1868 1357
1869 1356
1870 1356
1871 1355
1872 1358
1873 1357
1874 1354
1875 1357
1876 1354
1877 1356
1878 1359
1879 1358
1880 1357
1881 1357
1882 1355
1883 1354
1884 1354
1885 1355
1886 1357
1887 1357
1888 1356
1889 1357
1890 1356
1891 1355
1892 1358
1893 1357
1894 1356
1895 1358
1896 1356
1897 1358
1898 1358
1899 1356
1900 1359
1901 1356
1902 1356
1903 1354
1904 1355
1905 1357
1906 1359
1907 1355
1908 1358
1909 1357
1910 1355
1911 1355
1912 1356
1913 1355
1914 1358
1915 1357
1916 1357
1917 1358
1918 1356
1919 1358
1920 1355
1921 1356
1922 1357
1923 1356
1924 1358
1925 1356
1926 1357
1927 1354
1928 1357
1929 1358
1930 1358
1931 1358
1932 1357
1933 1354
1934 1356
1935 1358
1936 1354
1937 1355
1938 1356
1939 1355
1940 1359
1941 1354
1942 1358
1943 1357
1944 1357
1945 1355
1946 1356
1947 1358
1948 1353
1949 1357
1950 1356
1951 1359
1952 1359
1953 1356
1954 1356
1955 1355
1956 1358
1957 1357
1958 1357
1959 1356
1960 1358
1961 1358
1962 1357
1963 1357
1964 1359
1965 1356
1966 1359
1967 1353
1968 1358
1969 1353
1970 1356
1971 1358
1972 1356
1973 1356
1974 1358
1975 1356
1976 1358
1977 1357
1978 1356
1979 1357
1980 1357
1981 1357
1982 1357
1983 1356
1984 1356
1985 1357
1986 1356
1987 1356
1988 1358
1989 1353
1990 1355
1991 1356
1992 1357
1993 1357
1994 1356
1995 1355
1996 1356
1997 1356
1998 1355
1999 1359
2000 1358
2001 1357
2002 1357
2003 1356
2004 1357
2005 1356
2006 1356
2007 1355
2008 1355
2009 1357
2010 1355
2011 1357
2012 1357
2013 1358
2014 1358
2015 1357
2016 1358
2017 1358
2018 1356
2019 1356
2020 1358
2021 1356
2022 1357
2023 1356
2024 1354
2025 1356
2026 1360
2027 1361
2028 1357
2029 1352
2030 1356
2031 1360
2032 1355
2033 1353
2034 1354
2035 1353
2036 1357
2037 1357
2038 1355
2039 1357
2040 1358
2041 1359
2042 1357
2043 1358
2044 1357
2045 1358
2046 1359
2047 1359
2048 1359
2049 1358
2050 1354
2051 1356
2052 1360
2053 1358
2054 1355
2055 1356
2056 1357
2057 1356
2058 1359
2059 1358
2060 1359
2061 1359
2062 1355
2063 1355
2064 1355
2065 1357
2066 1360
2067 1357
2068 1356
2069 1358
2070 1356
2071 1357
2072 1356
2073 1358
2074 1358
2075 1357
2076 1357
2077 1357
2078 1360
2079 1357
2080 1357
2081 1358
2082 1355
2083 1357
2084 1357
2085 1357
2086 1359
2087 1357
2088 1358
2089 1359
2090 1357
2091 1357
2092 1358
2093 1356
2094 1354
2095 1355
2096 1357
2097 1360
2098 1357
2099 1358
2100 1355
2101 1355
2102 1356
2103 1354
2104 1358
2105 1356
2106 1357
2107 1355
2108 1356
2109 1355
2110 1357
2111 1360
2112 1356
2113 1359
2114 1357
2115 1357
2116 1357
2117 1357
2118 1356
2119 1355
2120 1354
2121 1357
2122 1358
2123 1356
2124 1355
2125 1356
2126 1356
2127 1355
2128 1353
2129 1356
2130 1358
2131 1359
2132 1356
2133 1355
2134 1356
2135 1359
2136 1354
2137 1354
2138 1359
2139 1356
2140 1357
2141 1357
2142 1357
2143 1355
2144 1356
2145 1356
2146 1357
2147 1359
2148 1359
2149 1357
2150 1358
2151 1353
2152 1358
2153 1357
2154 1357
2155 1357
2156 1356
2157 1357
2158 1356
2159 1354
2160 1356
2161 1358
2162 1357
2163 1355
2164 1358
2165 1357
2166 1357
2167 1356
2168 1356
2169 1358
2170 1355
2171 1356
2172 1360
2173 1359
2174 1357
2175 1355
2176 1356
2177 1356
2178 1355
2179 1353
2180 1356
2181 1355
2182 1356
2183 1359
2184 1356
2185 1356
2186 1357
2187 1355
2188 1358
2189 1356
2190 1358
2191 1359
2192 1358
2193 1356
2194 1358
2195 1356
2196 1358
2197 1357
2198 1357
2199 1357
2200 1358
2201 1358
2202 1358
2203 1357
2204 1356
2205 1352
2206 1358
2207 1361
2208 1361
2209 1354
2210 1357
2211 1356
2212 1358
2213 1355
2214 1356
2215 1356
2216 1357
2217 1356
2218 1356
2219 1355
2220 1357
2221 1357
2222 1358
2223 1359
2224 1356
2225 1357
2226 1357
2227 1358
2228 1360
2229 1354
2230 1357
2231 1358
2232 1358
2233 1357
2234 1355
2235 1357
2236 1356
2237 1357
2238 1357
2239 1357
2240 1358
2241 1358
2242 1359
2243 1358
2244 1357
2245 1359
2246 1358
2247 1358
2248 1360
2249 1358
2250 1356
2251 1356
2252 1359
2253 1356
2254 1357
2255 1356
2256 1356
2257 1358
2258 1358
2259 1357
2260 1356
2261 1355
2262 1357
2263 1358
2264 1359
2265 1358
2266 1357
2267 1354
2268 1355
2269 1357
2270 1359
2271 1356
2272 1355
2273 1357
2274 1355
2275 1358
2276 1357
2277 1358
2278 1355
2279 1356
2280 1356
2281 1356
2282 1358
2283 1358
2284 1356
2285 1359
2286 1358
2287 1355
2288 1359
2289 1355
2290 1358
2291 1357
2292 1356
2293 1357
2294 1356
2295 1355
2296 1357
2297 1356
2298 1358
2299 1356
2300 1355
2301 1356
2302 1356
2303 1357
2304 1358
2305 1358
2306 1360
2307 1358
2308 1356
2309 1355
2310 1356
2311 1356
2312 1357
2313 1356
2314 1358
2315 1358
2316 1358
2317 1357
2318 1358
2319 1356
2320 1358
2321 1356
2322 1357
2323 1356
2324 1357
2325 1355
2326 1358
2327 1358
2328 1358
2329 1359
2330 1356
2331 1352
2332 1356
2333 1356
2334 1358
2335 1356
2336 1357
2337 1359
2338 1356
2339 1357
2340 1356
2341 1357
2342 1356
2343 1357
2344 1357
2345 1355
2346 1356
2347 1355
2348 1355
2349 1355
2350 1357
2351 1360
2352 1357
2353 1355
2354 1355
2355 1356
2356 1356
2357 1360
2358 1356
2359 1356
2360 1355
2361 1357
2362 1355
2363 1357
2364 1355
2365 1358
2366 1356
2367 1356
2368 1358
2369 1357
2370 1357
2371 1355
2372 1356
2373 1358
2374 1359
2375 1357
2376 1358
2377 1359
2378 1357
2379 1356
2380 1357
2381 1357
2382 1359
2383 1358
2384 1354
2385 1357
2386 1359
2387 1359
2388 1358
2389 1357
2390 1356
2391 1358
2392 1357
2393 1358
2394 1355
2395 1355
2396 1357
2397 1356
2398 1357
2399 1357
2400 1355
2401 1359
2402 1356
2403 1358
2404 1358
2405 1357
2406 1351
2407 1359
2408 1360
2409 1358
2410 1356
2411 1355
2412 1360
2413 1361
2414 1356
2415 1355
2416 1356
2417 1360
2418 1356
2419 1358
2420 1356
2421 1355
2422 1356
2423 1357
2424 1355
2425 1358
2426 1358
2427 1357
2428 1359
2429 1358
2430 1355
2431 1357
2432 1358
2433 1360
2434 1356
2435 1358
2436 1356
2437 1359
2438 1356
2439 1358
2440 1358
2441 1358
2442 1356
2443 1358
2444 1359
2445 1359
2446 1357
2447 1356
2448 1355
2449 1355
2450 1356
2451 1358
2452 1356
2453 1358
2454 1357
2455 1357
2456 1355
2457 1356
2458 1358
2459 1357
2460 1355
2461 1357
2462 1357
2463 1355
2464 1358
2465 1357
2466 1356
2467 1358
2468 1359
2469 1355
2470 1356
2471 1359
2472 1360
2473 1358
2474 1357
2475 1357
2476 1358
2477 1356
2478 1357
2479 1354
2480 1354
2481 1355
2482 1355
2483 1358
2484 1358
2485 1358
2486 1360
2487 1356
2488 1355
2489 1355
2490 1357
2491 1356
2492 1355
2493 1357
2494 1356
2495 1357
2496 1358
2497 1356
2498 1354
2499 1357
2500 1356
2501 1357
2502 1357
2503 1357
2504 1357
2505 1357
2506 1358
2507 1356
2508 1355
2509 1353
2510 1356
2511 1355
2512 1358
2513 1357
2514 1355
2515 1354
2516 1356
2517 1356
2518 1358
2519 1357
2520 1357
2521 1357
2522 1359
2523 1355
2524 1359
2525 1360
2526 1359
2527 1359
2528 1357
2529 1357
2530 1355
2531 1358
2532 1358
2533 1357
2534 1354
2535 1356
2536 1356
2537 1353
2538 1356
2539 1358
2540 1357
2541 1358
2542 1355
2543 1357
2544 1358
2545 1355
2546 1356
2547 1357
2548 1359
2549 1357
2550 1356
2551 1356
2552 1355
2553 1356
2554 1356
2555 1357
2556 1358
2557 1359
2558 1359
2559 1360
2560 1356
2561 1356
2562 1358
2563 1357
2564 1356
2565 1355
2566 1356
2567 1360
2568 1357
2569 1357
2570 1356
2571 1358
2572 1361
2573 1355
2574 1352
2575 1357
2576 1356
2577 1354
2578 1355
2579 1357
2580 1358
2581 1357
2582 1355
2583 1356
2584 1356
2585 1355
2586 1356
2587 1356
2588 1358
2589 1354
2590 1354
2591 1357
2592 1356
2593 1359
2594 1357
2595 1359
2596 1359
2597 1357
2598 1356
2599 1356
2600 1354
2601 1358
2602 1356
2603 1358
2604 1356
2605 1357
2606 1356
2607 1357
2608 1357
2609 1357
2610 1355
2611 1355
2612 1355
2613 1355
2614 1357
2615 1359
2616 1357
2617 1356
2618 1355
2619 1357
2620 1357
2621 1357
2622 1358
2623 1357
2624 1356
2625 1357
2626 1356
2627 1358
2628 1357
2629 1359
2630 1357
2631 1355
2632 1356
2633 1356
2634 1356
2635 1358
2636 1356
2637 1353
2638 1355
2639 1354
2640 1356
2641 1355
2642 1355
2643 1356
2644 1355
2645 1358
2646 1359
2647 1357
2648 1354
2649 1356
2650 1355
2651 1356
2652 1359
2653 1355
2654 1357
2655 1358
2656 1357
2657 1357
2658 1359
2659 1357
2660 1356
2661 1356
2662 1356
2663 1357
2664 1357
2665 1356
2666 1358
2667 1355
2668 1356
2669 1354
2670 1358
2671 1355
2672 1355
2673 1356
2674 1357
2675 1356
2676 1354
2677 1356
2678 1355
2679 1356
2680 1356
2681 1360
2682 1357
2683 1356
2684 1358
2685 1359
2686 1356
2687 1357
2688 1357
2689 1357
2690 1356
2691 1357
2692 1356
2693 1356
2694 1355
2695 1357
2696 1356
2697 1356
2698 1356
2699 1356
2700 1357
2701 1357
2702 1357
2703 1355
2704 1358
2705 1357
2706 1355
2707 1354
2708 1356
2709 1355
2710 1357
2711 1356
2712 1357
2713 1356
2714 1359
2715 1357
2716 1357
2717 1357
2718 1359
2719 1353
2720 1358
2721 1357
2722 1358
2723 1355
2724 1356
2725 1355
2726 1356
2727 1356
2728 1356
2729 1355
2730 1356
2731 1356
2732 1355
2733 1355
2734 1354
2735 1355
2736 1356
2737 1359
2738 1357
2739 1357
2740 1356
2741 1357
2742 1356
2743 1356
2744 1356
2745 1357
2746 1356
2747 1359
2748 1356
2749 1357
2750 1357
2751 1358
2752 1359
2753 1356
2754 1355
2755 1356
2756 1356
2757 1357
2758 1356
2759 1356
2760 1354
2761 1357
2762 1355
2763 1359
2764 1356
2765 1358
2766 1355
2767 1357
2768 1356
2769 1357
2770 1358
2771 1359
2772 1358
2773 1357
2774 1356
2775 1356
2776 1358
2777 1356
2778 1357
2779 1357
2780 1357
2781 1359
2782 1356
2783 1357
2784 1356
2785 1358
2786 1357
2787 1358
2788 1356
2789 1358
2790 1357
2791 1358
2792 1356
2793 1356
2794 1359
2795 1359
2796 1356
2797 1357
2798 1357
2799 1357
2800 1356
2801 1357
2802 1357
2803 1356
2804 1359
2805 1357
2806 1359
2807 1359
2808 1357
2809 1357
2810 1357
2811 1358
2812 1358
2813 1362
2814 1357
2815 1358
2816 1358
2817 1357
2818 1358
2819 1359
2820 1357
2821 1358
2822 1357
2823 1355
2824 1356
2825 1357
2826 1357
2827 1359
2828 1360
2829 1358
2830 1355
2831 1357
2832 1357
2833 1357
2834 1354
2835 1357
2836 1357
2837 1357
2838 1356
2839 1356
2840 1356
2841 1356
2842 1356
2843 1357
2844 1355
2845 1358
2846 1358
2847 1357
2848 1353
2849 1359
2850 1357
2851 1358
2852 1356
2853 1358
2854 1357
2855 1359
2856 1356
2857 1359
2858 1356
2859 1357
2860 1358
2861 1357
2862 1356
2863 1357
2864 1358
2865 1356
2866 1356
2867 1357
2868 1356
2869 1357
2870 1354
2871 1356
2872 1354
2873 1357
2874 1356
2875 1353
2876 1357
2877 1357
2878 1358
2879 1354
2880 1357
2881 1357
2882 1355
2883 1355
2884 1356
2885 1354
2886 1356
2887 1357
2888 1358
2889 1356
2890 1354
2891 1356
2892 1356
2893 1357
2894 1357
2895 1359
2896 1356
2897 1356
2898 1359
2899 1360
2900 1358
2901 1356
2902 1357
2903 1355
2904 1356
2905 1357
2906 1356
2907 1356
2908 1357
2909 1358
2910 1356
2911 1355
2912 1356
2913 1357
2914 1356
2915 1358
2916 1356
2917 1357
2918 1356
2919 1357
2920 1357
2921 1357
2922 1356
2923 1356
2924 1356
2925 1356
2926 1359
2927 1358
2928 1358
2929 1356
2930 1357
2931 1358
2932 1356
2933 1355
2934 1354
2935 1358
2936 1358
2937 1355
2938 1355
2939 1353
2940 1357
2941 1358
2942 1356
2943 1357
2944 1357
2945 1356
2946 1355
2947 1358
2948 1354
2949 1356
2950 1358
2951 1357
2952 1359
2953 1355
2954 1355
2955 1356
2956 1358
2957 1354
2958 1356
2959 1357
2960 1358
2961 1354
2962 1356
2963 1355
2964 1359
2965 1356
2966 1357
2967 1356
2968 1356
2969 1358
2970 1356
2971 1358
2972 1356
2973 1356
2974 1357
2975 1355
2976 1355
2977 1356
2978 1356
2979 1356
2980 1354
2981 1358
2982 1358
2983 1357
2984 1356
2985 1355
2986 1355
2987 1355
2988 1356
2989 1358
2990 1358
2991 1359
2992 1355
2993 1356
2994 1355
2995 1360
2996 1356
2997 1356
2998 1358
2999 1357
3000 1358
3001 1356
3002 1353
3003 1355
3004 1357
3005 1358
3006 1358
3007 1357
3008 1358
3009 1354
3010 1355
3011 1355
3012 1357
3013 1357
3014 1357
3015 1359
3016 1356
3017 1357
3018 1357
3019 1355
3020 1354
3021 1356
3022 1359
3023 1358
3024 1358
3025 1358
3026 1357
3027 1358
3028 1358
3029 1358
3030 1358
3031 1355
3032 1356
3033 1356
3034 1355
3035 1356
3036 1356
3037 1357
3038 1354
3039 1357
3040 1356
3041 1357
3042 1357
3043 1357
3044 1356
3045 1356
3046 1356
3047 1356
3048 1355
3049 1356
3050 1355
3051 1356
3052 1358
3053 1362
3054 1358
3055 1357
3056 1358
3057 1359
3058 1358
3059 1357
3060 1357
3061 1357
3062 1356
3063 1356
3064 1355
3065 1356
3066 1357
3067 1357
3068 1354
3069 1355
3070 1355
3071 1357
3072 1357
3073 1359
3074 1357
3075 1356
3076 1356
3077 1356
3078 1355
3079 1357
3080 1355
3081 1357
3082 1355
3083 1356
3084 1356
3085 1357
3086 1358
3087 1358
3088 1356
3089 1357
3090 1355
3091 1355
3092 1356
3093 1359
3094 1355
3095 1355
3096 1358
3097 1356
3098 1358
3099 1356
3100 1358
3101 1356
3102 1357
3103 1357
3104 1355
3105 1357
3106 1358
3107 1359
3108 1356
3109 1357
3110 1356
3111 1356
3112 1359
3113 1355
3114 1358
3115 1358
3116 1358
3117 1359
3118 1358
3119 1357
3120 1356
3121 1355
3122 1356
3123 1355
3124 1356
3125 1358
3126 1356
3127 1357
3128 1353
3129 1357
3130 1355
3131 1352
3132 1354
3133 1356
3134 1356
3135 1356
3136 1357
3137 1358
3138 1356
3139 1359
3140 1358
3141 1358
3142 1356
3143 1357
3144 1355
3145 1356
3146 1358
3147 1357
3148 1357
3149 1357
3150 1353
3151 1358
3152 1355
3153 1356
3154 1355
3155 1355
3156 1357
3157 1357
3158 1358
3159 1357
3160 1354
3161 1357
3162 1356
3163 1358
3164 1356
3165 1358
3166 1358
3167 1360
3168 1355
3169 1357
3170 1357
3171 1357
3172 1358
3173 1357
3174 1358
3175 1358
3176 1357
3177 1361
3178 1359
3179 1357
3180 1358
3181 1357
3182 1354
3183 1355
3184 1356
3185 1357
3186 1357
3187 1354
3188 1357
3189 1356
3190 1355
3191 1358
3192 1356
3193 1358
3194 1355
3195 1358
3196 1356
3197 1355
3198 1356
3199 1356
3200 1356
3201 1357
3202 1356
3203 1358
3204 1357
3205 1356
3206 1356
3207 1355
3208 1357
3209 1357
3210 1354
3211 1356
3212 1358
3213 1357
3214 1355
3215 1356
3216 1355
3217 1357
3218 1354
3219 1357
3220 1356
3221 1359
3222 1357
3223 1355
3224 1352
3225 1356
3226 1358
3227 1356
3228 1354
3229 1358
3230 1356
3231 1357
3232 1358
3233 1357
3234 1355
3235 1357
3236 1354
3237 1355
3238 1354
3239 1357
3240 1355
3241 1356
3242 1356
3243 1354
3244 1357
3245 1355
3246 1356
3247 1357
3248 1356
3249 1358
3250 1359
3251 1357
3252 1357
3253 1356
3254 1356
3255 1357
3256 1356
3257 1355
3258 1357
3259 1356
3260 1356
3261 1354
3262 1354
3263 1357
3264 1355
3265 1357
3266 1358
3267 1354
3268 1353
3269 1355
3270 1359
3271 1356
3272 1358
3273 1356
3274 1356
3275 1356
3276 1355
3277 1355
3278 1356
3279 1354
3280 1355
3281 1356
3282 1355
3283 1355
3284 1357
3285 1357
3286 1356
3287 1356
3288 1356
3289 1358
3290 1358
3291 1358
3292 1357
3293 1358
3294 1362
3295 1361
3296 1357
3297 1355
3298 1356
3299 1357
3300 1357
3301 1356
3302 1356
3303 1358
3304 1356
3305 1357
3306 1357
3307 1357
3308 1356
3309 1357
3310 1356
3311 1357
3312 1357
3313 1357
3314 1358
3315 1356
3316 1357
3317 1357
3318 1355
3319 1356
3320 1354
3321 1355
3322 1357
3323 1356
3324 1356
3325 1355
3326 1357
3327 1358
3328 1357
3329 1358
3330 1354
3331 1358
3332 1356
3333 1358
3334 1356
3335 1357
3336 1354
3337 1359
3338 1355
3339 1357
3340 1355
3341 1358
3342 1354
3343 1357
3344 1356
3345 1355
3346 1357
3347 1357
3348 1356
3349 1356
3350 1357
3351 1358
3352 1355
3353 1358
3354 1356
3355 1357
3356 1356
3357 1357
3358 1357
3359 1358
3360 1356
3361 1356
3362 1354
3363 1356
3364 1357
3365 1360
3366 1356
3367 1358
3368 1356
3369 1358
3370 1355
3371 1357
3372 1357
3373 1358
3374 1357
3375 1356
3376 1353
3377 1355
3378 1355
3379 1353
3380 1356
3381 1357
3382 1357
3383 1355
3384 1357
3385 1357
3386 1358
3387 1356
3388 1357
3389 1354
3390 1357
3391 1357
3392 1355
3393 1357
3394 1359
3395 1357
3396 1356
3397 1357
3398 1359
3399 1357
3400 1358
3401 1355
3402 1352
3403 1355
3404 1355
3405 1355
3406 1356
3407 1356
3408 1357
3409 1357
3410 1355
3411 1355
3412 1356
3413 1355
3414 1356
3415 1357
3416 1357
3417 1356
3418 1353
3419 1354
3420 1355
3421 1357
3422 1356
3423 1354
3424 1357
3425 1357
3426 1354
3427 1357
3428 1357
3429 1358
3430 1356
3431 1356
3432 1355
3433 1359
3434 1355
3435 1357
3436 1355
3437 1357
3438 1357
3439 1357
3440 1356
3441 1359
3442 1356
3443 1356
3444 1356
3445 1356
3446 1355
3447 1359
3448 1355
3449 1357
3450 1357
3451 1358
3452 1354
3453 1362
3454 1357
3455 1358
3456 1356
3457 1359
3458 1356
3459 1359
3460 1357
3461 1355
3462 1353
3463 1354
3464 1356
3465 1357
3466 1356
3467 1358
3468 1356
3469 1359
3470 1356
3471 1357
3472 1356
3473 1357
3474 1354
3475 1355
3476 1357
3477 1362
3478 1358
3479 1359
3480 1356
3481 1359
3482 1355
3483 1357
3484 1357
3485 1356
3486 1355
3487 1355
3488 1355
3489 1356
3490 1356
3491 1358
3492 1354
3493 1359
3494 1355
3495 1356
3496 1356
3497 1356
3498 1356
3499 1359
3500 1354
3501 1358
3502 1354
3503 1358
3504 1358
3505 1360
3506 1358
3507 1359
3508 1357
3509 1355
3510 1356
3511 1360
3512 1356
3513 1360
3514 1357
3515 1357
3516 1357
3517 1359
3518 1353
3519 1355
3520 1354
3521 1357
3522 1355
3523 1356
3524 1356
3525 1357
3526 1355
3527 1357
3528 1353
3529 1355
3530 1353
3531 1356
3532 1356
3533 1355
3534 1356
3535 1357
3536 1356
3537 1357
3538 1352
3539 1359
3540 1356
3541 1355
3542 1357
3543 1357
3544 1359
3545 1359
3546 1358
3547 1356
3548 1357
3549 1357
3550 1357
3551 1359
3552 1356
3553 1358
3554 1356
3555 1357
3556 1355
3557 1358
3558 1357
3559 1355
3560 1356
3561 1356
3562 1355
3563 1357
3564 1355
3565 1357
3566 1355
3567 1358
3568 1354
3569 1356
3570 1356
3571 1356
3572 1353
3573 1355
3574 1356
3575 1355
3576 1353
3577 1357
3578 1357
3579 1356
3580 1354
3581 1355
3582 1355
3583 1357
3584 1357
3585 1357
3586 1354
3587 1357
3588 1354
3589 1359
3590 1356
3591 1357
3592 1358
3593 1357
3594 1356
3595 1354
3596 1357
3597 1359
3598 1356
3599 1358
3600 1356
3601 1359
3602 1358
3603 1358
3604 1357
3605 1357
3606 1354
3607 1358
3608 1359
3609 1359
3610 1356
3611 1358
3612 1355
3613 1358
3614 1356
3615 1359
3616 1357
3617 1358
3618 1360
3619 1359
3620 1360
3621 1358
3622 1357
3623 1356
3624 1357
3625 1355
3626 1356
3627 1357
3628 1356
3629 1356
3630 1358
3631 1356
3632 1357
3633 1358
3634 1357
3635 1355
3636 1358
3637 1356
3638 1357
3639 1358
3640 1356
3641 1355
3642 1357
3643 1359
3644 1356
3645 1357
3646 1357
3647 1356
3648 1357
3649 1357
3650 1356
3651 1358
3652 1357
3653 1355
3654 1355
3655 1356
3656 1357
3657 1357
3658 1356
3659 1357
3660 1358
3661 1358
3662 1357
3663 1357
3664 1354
3665 1356
3666 1356
3667 1356
3668 1356
3669 1357
3670 1355
3671 1357
3672 1355
3673 1358
3674 1356
3675 1360
3676 1358
3677 1357
3678 1355
3679 1357
3680 1356
3681 1358
3682 1357
3683 1357
3684 1356
3685 1356
3686 1356
3687 1357
3688 1355
3689 1356
3690 1358
3691 1357
3692 1355
3693 1356
3694 1356
3695 1356
3696 1357
3697 1356
3698 1357
3699 1354
3700 1350
3701 1356
3702 1355
3703 1357
3704 1356
3705 1358
3706 1355
3707 1357
3708 1358
3709 1357
3710 1354
3711 1357
3712 1356
3713 1359
3714 1355
3715 1357
3716 1356
3717 1356
3718 1358
3719 1358
3720 1357
3721 1356
3722 1357
3723 1358
3724 1356
3725 1356
3726 1358
3727 1355
3728 1356
3729 1360
3730 1355
3731 1357
3732 1356
3733 1352
3734 1357
3735 1355
3736 1356
3737 1359
3738 1356
3739 1357
3740 1356
3741 1357
3742 1356
3743 1357
3744 1357
3745 1357
3746 1355
3747 1357
3748 1356
3749 1358
3750 1356
3751 1355
3752 1355
3753 1354
3754 1357
3755 1357
3756 1356
3757 1357
3758 1357
3759 1357
3760 1356
3761 1355
3762 1357
3763 1358
3764 1356
3765 1356
3766 1356
3767 1355
3768 1356
3769 1356
3770 1356
3771 1356
3772 1356
3773 1357
3774 1355
3775 1357
3776 1356
3777 1356
3778 1356
3779 1359
3780 1357
3781 1353
3782 1356
3783 1357
3784 1352
3785 1357
3786 1356
3787 1357
3788 1355
3789 1354
3790 1357
3791 1356
3792 1358
3793 1355
3794 1354
3795 1355
3796 1356
3797 1355
3798 1355
3799 1358
3800 1354
3801 1356
3802 1356
3803 1358
3804 1359
3805 1358
3806 1356
3807 1354
3808 1355
3809 1357
3810 1358
3811 1357
3812 1357
3813 1355
3814 1355
3815 1356
3816 1357
3817 1359
3818 1361
3819 1360
3820 1355
3821 1357
3822 1356
3823 1358
3824 1356
3825 1357
3826 1356
3827 1355
3828 1356
3829 1355
3830 1357
3831 1354
3832 1358
3833 1358
3834 1358
3835 1357
3836 1360
3837 1358
3838 1356
3839 1356
3840 1356
3841 1357
3842 1357
3843 1358
3844 1359
3845 1358
3846 1356
3847 1355
3848 1353
3849 1356
3850 1357
3851 1357
3852 1358
3853 1358
3854 1354
3855 1359
3856 1354
3857 1356
3858 1355
3859 1355
3860 1357
3861 1357
3862 1356
3863 1357
3864 1356
3865 1355
3866 1355
3867 1356
3868 1358
3869 1355
3870 1357
3871 1356
3872 1357
3873 1353
3874 1359
3875 1358
3876 1358
3877 1359
3878 1357
3879 1356
3880 1356
3881 1355
3882 1358
3883 1354
3884 1356
3885 1354
3886 1355
3887 1355
3888 1355
3889 1355
3890 1356
3891 1357
3892 1356
3893 1356
3894 1356
3895 1358
3896 1355
3897 1354
3898 1356
3899 1357
3900 1360
3901 1357
3902 1358
3903 1358
3904 1356
3905 1357
3906 1357
3907 1355
3908 1357
3909 1357
3910 1356
3911 1357
3912 1357
3913 1356
3914 1356
3915 1357
3916 1357
3917 1358
3918 1356
3919 1358
3920 1355
3921 1355
3922 1358
3923 1357
3924 1359
3925 1357
3926 1356
3927 1356
3928 1355
3929 1355
3930 1354
3931 1358
3932 1356
3933 1357
3934 1358
3935 1354
3936 1357
3937 1356
3938 1358
3939 1355
3940 1355
3941 1357
3942 1353
3943 1357
3944 1355
3945 1357
3946 1355
3947 1357
3948 1356
3949 1357
3950 1356
3951 1357
3952 1353
3953 1353
3954 1354
3955 1357
3956 1354
3957 1355
3958 1355
3959 1357
3960 1357
3961 1357
3962 1354
3963 1357
3964 1357
3965 1356
3966 1356
3967 1357
3968 1357
3969 1356
3970 1355
3971 1358
3972 1356
3973 1360
3974 1355
3975 1355
3976 1357
3977 1357
3978 1354
3979 1358
3980 1355
3981 1356
3982 1356
3983 1357
3984 1356
3985 1357
3986 1353
3987 1355
3988 1355
3989 1356
3990 1354
3991 1357
3992 1355
3993 1356
3994 1360
3995 1358
3996 1357
3997 1357
3998 1357
3999 1357
