0 1354
1 1357
2 1355
3 1354
4 1354
5 1355
6 1355
7 1353
8 1355
9 1353
10 1357
11 1356
12 1355
13 1353
14 1356
15 1356
16 1357
17 1357
18 1357
19 1355
20 1357
21 1356
22 1356
23 1352
24 1356
25 1355
26 1352
27 1352
28 1353
29 1352
30 1355
31 1352
32 1353
33 1355
34 1354
35 1355
36 1356
37 1354
38 1355
39 1354
40 1354
41 1355
42 1353
43 1355
44 1355
45 1354
46 1355
47 1355
48 1356
49 1355
50 1359
51 1356
52 1355
53 1356
54 1353
55 1355
56 1356
57 1355
58 1354
59 1354
60 1356
61 1354
62 1354
63 1354
64 1355
65 1354
66 1356
67 1354
68 1355
69 1353
70 1354
71 1355
72 1356
73 1354
74 1356
75 1353
76 1356
77 1356
78 1356
79 1356
80 1356
81 1353
82 1357
83 1352
84 1353
85 1350
86 1353
87 1357
88 1358
89 1353
90 1353
91 1356
92 1357
93 1355
94 1356
95 1353
96 1356
97 1354
98 1355
99 1354
100 1356
101 1356
102 1356
103 1353
104 1355
105 1354
106 1355
107 1355
108 1355
109 1357
110 1355
111 1353
112 1353
113 1356
114 1355
115 1356
116 1355
117 1355
118 1358
119 1355
120 1356
121 1353
122 1354
123 1353
124 1355
125 1356
126 1356
127 1355
128 1357
129 1357
130 1352
131 1354
132 1355
133 1356
134 1356
135 1353
136 1354
137 1354
138 1356
139 1353
140 1355
141 1354
142 1355
143 1357
144 1356
145 1356
146 1355
147 1355
148 1355
149 1357
150 1357
151 1356
152 1356
153 1356
154 1356
155 1356
156 1357
157 1357
158 1357
159 1357
160 1356
161 1357
162 1355
163 1355
164 1357
165 1357
166 1356
167 1355
168 1356
169 1354
170 1357
171 1359
172 1356
173 1357
174 1355
175 1356
176 1356
177 1356
178 1354
179 1355
180 1358
181 1354
182 1353
183 1357
184 1358
185 1354
186 1357
187 1354
188 1358
189 1355
190 1356
191 1356
192 1358
193 1359
194 1356
195 1356
196 1356
197 1355
198 1357
199 1356
200 1354
201 1355
202 1355
203 1355
204 1355
205 1356
206 1355
207 1353
208 1357
209 1356
210 1355
211 1354
212 1354
213 1356
214 1354
215 1355
216 1357
217 1355
218 1357
219 1357
220 1356
221 1355
222 1357
223 1354
224 1355
225 1355
226 1356
227 1357
228 1357
229 1356
230 1357
231 1355
232 1357
233 1360
234 1356
235 1357
236 1355
237 1355
238 1357
239 1357
240 1356
241 1355
242 1357
243 1359
244 1355
245 1355
246 1353
247 1357
248 1356
249 1356
250 1355
251 1355
252 1355
253 1355
254 1356
255 1360
256 1357
257 1355
258 1355
259 1354
260 1356
261 1357
262 1356
263 1354
264 1356
265 1356
266 1356
267 1356
268 1355
269 1355
270 1356
271 1356
272 1357
273 1354
274 1356
275 1354
276 1354
277 1356
278 1353
279 1354
280 1355
281 1357
282 1356
283 1356
284 1355
285 1354
286 1355
287 1355
288 1355
289 1355
290 1355
291 1354
292 1356
293 1355
294 1353
295 1355
296 1355
297 1356
298 1355
299 1354
300 1357
301 1353
302 1358
303 1355
304 1356
305 1355
306 1353
307 1354
308 1356
309 1357
310 1357
311 1353
312 1357
313 1357
314 1354
315 1355
316 1356
317 1356
318 1353
319 1357
320 1358
321 1354
322 1354
323 1355
324 1354
325 1356
326 1355
327 1357
328 1356
329 1355
330 1356
331 1355
332 1357
333 1354
334 1357
335 1355
336 1354
337 1356
338 1355
339 1353
340 1357
341 1357
342 1355
343 1352
344 1355
345 1354
346 1355
347 1356
348 1355
349 1357
350 1358
351 1357
352 1354
353 1354
354 1355
355 1358
356 1357
357 1356
358 1355
359 1355
360 1357
361 1356
362 1356
363 1354
364 1357
365 1353
366 1355
367 1354
368 1358
369 1357
370 1356
371 1357
372 1357
373 1354
374 1355
375 1357
376 1356
377 1357
378 1356
379 1356
380 1358
381 1358
382 1358
383 1355
384 1356
385 1356
386 1356
387 1356
388 1354
389 1354
390 1356
391 1357
392 1358
393 1354
394 1355
395 1354
396 1356
397 1352
398 1359
399 1356
400 1359
401 1357
402 1356
403 1355
404 1355
405 1356
406 1357
407 1357
408 1357
409 1357
410 1359
411 1357
412 1357
413 1357
414 1356
415 1357
416 1358
417 1357
418 1357
419 1357
420 1354
421 1355
422 1354
423 1357
424 1356
425 1355
426 1355
427 1358
428 1356
429 1355
430 1356
431 1355
432 1357
433 1355
434 1357
435 1353
436 1355
437 1357
438 1355
439 1354
440 1356
441 1358
442 1357
443 1354
444 1359
445 1359
446 1355
447 1356
448 1353
449 1355
450 1356
451 1355
452 1356
453 1353
454 1359
455 1354
456 1357
457 1355
458 1358
459 1356
460 1356
461 1354
462 1355
463 1355
464 1356
465 1353
466 1356
467 1356
468 1357
469 1357
470 1360
471 1355
472 1358
473 1358
474 1355
475 1356
476 1357
477 1353
478 1357
479 1355
480 1356
481 1356
482 1355
483 1357
484 1355
485 1355
486 1360
487 1354
488 1356
489 1353
490 1355
491 1357
492 1356
493 1355
494 1354
495 1352
496 1354
497 1355
498 1354
499 1356
500 1358
501 1356
502 1356
503 1354
504 1356
505 1354
506 1358
507 1354
508 1356
509 1355
510 1356
511 1356
512 1359
513 1356
514 1355
515 1354
516 1357
517 1355
518 1356
519 1354
520 1355
521 1354
522 1356
523 1356
524 1354
525 1356
526 1357
527 1353
528 1356
529 1355
530 1356
531 1357
532 1357
533 1359
534 1359
535 1359
536 1365
537 1367
538 1375
539 1384
540 1404
541 1433
542 1483
543 1543
544 1622
545 1713
546 1827
547 1946
548 2067
549 2186
550 2308
551 2418
552 2527
553 2619
554 2707
555 2782
556 2846
557 2893
558 2937
559 2959
560 2979
561 2972
562 2963
563 2940
564 2920
565 2885
566 2856
567 2809
568 2770
569 2713
570 2663
571 2605
572 2554
573 2501
574 2452
575 2395
576 2346
577 2290
578 2246
579 2192
580 2142
581 2096
582 2051
583 2006
584 1964
585 1925
586 1891
587 1855
588 1830
589 1796
590 1769
591 1738
592 1713
593 1689
594 1667
595 1646
596 1627
597 1610
598 1591
599 1573
600 1563
601 1548
602 1537
603 1525
604 1513
605 1502
606 1495
607 1486
608 1478
609 1470
610 1460
611 1453
612 1445
613 1437
614 1433
615 1424
616 1422
617 1414
618 1406
619 1405
620 1402
621 1395
622 1395
623 1389
624 1389
625 1384
626 1381
627 1379
628 1378
629 1377
630 1377
631 1375
632 1372
633 1371
634 1369
635 1369
636 1370
637 1368
638 1366
639 1367
640 1363
641 1365
642 1366
643 1362
644 1362
645 1363
646 1362
647 1357
648 1356
649 1361
650 1360
651 1359
652 1360
653 1359
654 1360
655 1360
656 1358
657 1359
658 1357
659 1357
660 1358
661 1358
662 1359
663 1356
664 1357
665 1356
666 1356
667 1356
668 1357
669 1357
670 1355
671 1357
672 1356
673 1357
674 1357
675 1356
676 1357
677 1356
678 1358
679 1356
680 1359
681 1357
682 1358
683 1356
684 1357
685 1357
686 1358
687 1356
688 1356
689 1355
690 1355
691 1358
692 1357
693 1357
694 1359
695 1357
696 1357
697 1355
698 1357
699 1358
700 1355
701 1355
702 1355
703 1354
704 1354
705 1358
706 1357
707 1356
708 1356
709 1357
710 1357
711 1357
712 1357
713 1357
714 1359
715 1359
716 1356
717 1354
718 1355
719 1356
720 1358
721 1355
722 1357
723 1353
724 1357
725 1357
726 1354
727 1355
728 1356
729 1354
730 1358
731 1357
732 1354
733 1356
734 1356
735 1356
736 1357
737 1355
738 1357
739 1356
740 1356
741 1355
742 1355
743 1357
744 1357
745 1355
746 1356
747 1357
748 1355
749 1358
750 1356
751 1356
752 1356
753 1354
754 1357
755 1353
756 1356
757 1357
758 1357
759 1356
760 1355
761 1355
762 1358
763 1358
764 1357
765 1356
766 1357
767 1355
768 1354
769 1356
770 1356
771 1355
772 1356
773 1355
774 1353
775 1354
776 1358
777 1362
778 1360
779 1354
780 1356
781 1353
782 1357
783 1356
784 1355
785 1355
786 1354
787 1358
788 1355
789 1355
790 1356
791 1356
792 1355
793 1354
794 1355
795 1356
796 1356
797 1358
798 1358
799 1357
800 1356
801 1356
802 1355
803 1357
804 1356
805 1356
806 1358
807 1358
808 1359
809 1357
810 1359
811 1355
812 1355
813 1357
814 1358
815 1360
816 1355
817 1356
818 1359
819 1358
820 1356
821 1351
822 1354
823 1356
824 1357
825 1354
826 1356
827 1351
828 1359
829 1356
830 1356
831 1356
832 1355
833 1357
834 1356
835 1356
836 1357
837 1356
838 1356
839 1357
840 1356
841 1353
842 1356
843 1356
844 1358
845 1357
846 1360
847 1358
848 1357
849 1358
850 1356
851 1356
852 1356
853 1356
854 1356
855 1358
856 1357
857 1357
858 1356
859 1357
860 1356
861 1356
862 1354
863 1357
864 1356
865 1358
866 1356
867 1356
868 1356
869 1358
870 1356
871 1357
872 1357
873 1355
874 1359
875 1357
876 1360
877 1359
878 1357
879 1359
880 1359
881 1357
882 1358
883 1357
884 1355
885 1354
886 1356
887 1359
888 1355
889 1355
890 1357
891 1357
892 1358
893 1356
894 1354
895 1357
896 1356
897 1356
898 1357
899 1358
900 1356
901 1357
902 1354
903 1357
904 1354
905 1355
906 1354
907 1355
908 1356
909 1357
910 1356
911 1357
912 1354
913 1356
914 1359
915 1356
916 1356
917 1355
918 1355
919 1353
920 1354
921 1358
922 1357
923 1359
924 1356
925 1357
926 1357
927 1357
928 1356
929 1357
930 1356
931 1355
932 1357
933 1355
934 1353
935 1358
936 1357
937 1354
938 1354
939 1356
940 1358
941 1357
942 1356
943 1356
944 1360
945 1357
946 1357
947 1355
948 1356
949 1358
950 1357
951 1357
952 1357
953 1357
954 1353
955 1358
956 1358
957 1358
958 1358
959 1354
960 1355
961 1359
962 1355
963 1353
964 1355
965 1356
966 1355
967 1355
968 1357
969 1358
970 1356
971 1358
972 1358
973 1358
974 1356
975 1351
976 1355
977 1360
978 1354
979 1353
980 1354
981 1356
982 1356
983 1354
984 1354
985 1359
986 1359
987 1358
988 1356
989 1356
990 1358
991 1357
992 1358
993 1355
994 1357
995 1359
996 1356
997 1355
998 1358
999 1357
1000 1354
1001 1357
1002 1358
1003 1361
1004 1359
1005 1355
1006 1356
1007 1356
1008 1354
1009 1355
1010 1355
1011 1355
1012 1355
1013 1354
1014 1355
1015 1357
1016 1357
1017 1358
1018 1359
1019 1356
1020 1357
1021 1355
1022 1356
1023 1354
1024 1355
1025 1355
1026 1356
1027 1357
1028 1356
1029 1356
1030 1353
1031 1357
1032 1357
1033 1357
1034 1355
1035 1355
1036 1356
1037 1354
1038 1356
1039 1356
1040 1355
1041 1357
1042 1355
1043 1356
1044 1355
1045 1357
1046 1356
1047 1357
1048 1356
1049 1357
1050 1354
1051 1357
1052 1354
1053 1356
1054 1358
1055 1357
1056 1354
1057 1356
1058 1356
1059 1358
1060 1358
1061 1358
1062 1355
1063 1357
1064 1356
1065 1356
1066 1355
1067 1357
1068 1357
1069 1357
1070 1356
1071 1355
1072 1355
1073 1356
1074 1356
1075 1355
1076 1356
1077 1356
1078 1353
1079 1355
1080 1356
1081 1358
1082 1355
1083 1357
1084 1355
1085 1357
1086 1357
1087 1356
1088 1355
1089 1357
1090 1356
1091 1357
1092 1358
1093 1359
1094 1356
1095 1356
1096 1356
1097 1353
1098 1353
1099 1354
1100 1355
1101 1358
1102 1356
1103 1354
1104 1354
1105 1355
1106 1357
1107 1358
1108 1353
1109 1357
1110 1354
1111 1356
1112 1354
1113 1356
1114 1357
1115 1356
1116 1355
1117 1357
1118 1355
1119 1356
1120 1354
1121 1357
1122 1355
1123 1355
1124 1357
1125 1351
1126 1355
1127 1354
1128 1356
1129 1356
1130 1353
1131 1357
1132 1357
1133 1354
1134 1352
1135 1353
1136 1359
1137 1359
1138 1355
1139 1354
1140 1354
1141 1358
1142 1358
1143 1356
1144 1357
1145 1358
1146 1357
1147 1355
1148 1353
1149 1357
1150 1355
1151 1358
1152 1356
1153 1354
1154 1356
1155 1355
1156 1352
1157 1359
1158 1352
1159 1353
1160 1354
1161 1357
1162 1359
1163 1357
1164 1352
1165 1353
1166 1355
1167 1357
1168 1354
1169 1358
1170 1355
1171 1359
1172 1356
1173 1356
1174 1353
1175 1356
1176 1356
1177 1357
1178 1355
1179 1358
1180 1353
1181 1357
1182 1355
1183 1355
1184 1355
1185 1353
1186 1354
1187 1358
1188 1355
1189 1356
1190 1356
1191 1358
1192 1357
1193 1354
1194 1355
1195 1356
1196 1354
1197 1357
1198 1356
1199 1355
1200 1357
1201 1354
1202 1355
1203 1353
1204 1355
1205 1358
1206 1358
1207 1355
1208 1356
1209 1356
1210 1356
1211 1356
1212 1356
1213 1355
1214 1356
1215 1357
1216 1354
1217 1355
1218 1359
1219 1357
1220 1355
1221 1357
1222 1356
1223 1356
1224 1354
1225 1356
1226 1356
1227 1358
1228 1354
1229 1357
1230 1355
1231 1356
1232 1356
1233 1354
1234 1356
1235 1357
1236 1356
1237 1358
1238 1356
1239 1357
1240 1356
1241 1358
1242 1356
1243 1355
1244 1355
1245 1355
1246 1357
1247 1356
1248 1356
1249 1356
1250 1356
1251 1356
1252 1357
1253 1357
1254 1359
1255 1357
1256 1355
1257 1355
1258 1355
1259 1357
1260 1356
1261 1357
1262 1360
1263 1358
1264 1358
1265 1356
1266 1355
1267 1355
1268 1357
1269 1357
1270 1353
1271 1356
1272 1357
1273 1355
1274 1356
1275 1357
1276 1356
1277 1357
1278 1354
1279 1355
1280 1356
1281 1357
1282 1355
1283 1354
1284 1356
1285 1357
1286 1357
1287 1357
1288 1354
1289 1356
1290 1357
1291 1355
1292 1356
1293 1357
1294 1357
1295 1358
1296 1357
1297 1354
1298 1358
1299 1355
1300 1357
1301 1354
1302 1358
1303 1355
1304 1356
1305 1357
1306 1354
1307 1357
1308 1358
1309 1354
1310 1356
1311 1356
1312 1356
1313 1355
1314 1352
1315 1356
1316 1358
1317 1358
1318 1358
1319 1355
1320 1356
1321 1357
1322 1354
1323 1355
1324 1354
1325 1355
1326 1357
1327 1357
1328 1356
1329 1357
1330 1359
1331 1357
1332 1355
1333 1357
1334 1354
1335 1354
1336 1356
1337 1359
1338 1358
1339 1353
1340 1354
1341 1355
1342 1357
1343 1353
1344 1355
1345 1356
1346 1354
1347 1354
1348 1355
1349 1355
1350 1355
1351 1361
1352 1353
1353 1357
1354 1353
1355 1357
1356 1357
1357 1356
1358 1356
1359 1357
1360 1354
1361 1356
1362 1354
1363 1354
1364 1355
1365 1357
1366 1356
1367 1356
1368 1357
1369 1355
1370 1357
1371 1357
1372 1357
1373 1355
1374 1355
1375 1356
1376 1356
1377 1359
1378 1356
1379 1356
1380 1354
1381 1356
1382 1355
1383 1356
1384 1356
1385 1358
1386 1356
1387 1360
1388 1356
1389 1355
1390 1357
1391 1356
1392 1357
1393 1355
1394 1357
1395 1356
1396 1354
1397 1356
1398 1354
1399 1357
1400 1356
1401 1355
1402 1355
1403 1351
1404 1355
1405 1356
1406 1354
1407 1357
1408 1354
1409 1355
1410 1355
1411 1355
1412 1355
1413 1356
1414 1357
1415 1354
1416 1356
1417 1355
1418 1356
1419 1355
1420 1356
1421 1356
1422 1357
1423 1358
1424 1356
1425 1356
1426 1355
1427 1358
1428 1356
1429 1356
1430 1358
1431 1355
1432 1357
1433 1357
1434 1356
1435 1354
1436 1355
1437 1356
1438 1354
1439 1356
1440 1357
1441 1355
1442 1356
1443 1355
1444 1357
1445 1356
1446 1354
1447 1355
1448 1356
1449 1358
1450 1358
1451 1357
1452 1356
1453 1356
1454 1354
1455 1355
1456 1358
1457 1357
1458 1357
1459 1358
1460 1357
1461 1356
1462 1356
1463 1353
1464 1354
1465 1357
1466 1356
1467 1353
1468 1356
1469 1357
1470 1356
1471 1354
1472 1356
1473 1354
1474 1357
1475 1357
1476 1357
1477 1354
1478 1358
1479 1356
1480 1358
1481 1356
1482 1355
1483 1354
1484 1355
1485 1355
1486 1356
1487 1356
1488 1356
1489 1355
1490 1354
1491 1356
1492 1357
1493 1357
1494 1355
1495 1355
1496 1358
1497 1359
1498 1356
1499 1354
1500 1355
1501 1356
1502 1356
1503 1356
1504 1356
1505 1355
1506 1355
1507 1354
1508 1357
1509 1354
1510 1356
1511 1356
1512 1359
1513 1357
1514 1356
1515 1357
1516 1355
1517 1355
1518 1356
1519 1356
1520 1355
1521 1354
1522 1356
1523 1354
1524 1355
1525 1355
1526 1354
1527 1354
1528 1358
1529 1354
1530 1357
1531 1357
1532 1354
1533 1357
1534 1357
1535 1357
1536 1359
1537 1358
1538 1354
1539 1358
1540 1356
1541 1357
1542 1356
1543 1357
1544 1357
1545 1356
1546 1355
1547 1357
1548 1354
1549 1357
1550 1357
1551 1356
1552 1357
1553 1357
1554 1356
1555 1354
1556 1354
1557 1357
1558 1354
1559 1357
1560 1357
1561 1356
1562 1354
1563 1354
1564 1357
1565 1355
1566 1356
1567 1355
1568 1357
1569 1356
1570 1359
1571 1357
1572 1358
1573 1358
1574 1357
1575 1355
1576 1357
1577 1358
1578 1358
1579 1357
1580 1357
1581 1357
1582 1357
1583 1356
1584 1358
1585 1354
1586 1357
1587 1357
1588 1356
1589 1354
1590 1354
1591 1358
1592 1358
1593 1357
1594 1357
1595 1356
1596 1356
1597 1357
1598 1358
1599 1358
1600 1356
1601 1359
1602 1358
1603 1357
1604 1355
1605 1357
1606 1356
1607 1355
1608 1356
1609 1356
1610 1359
1611 1357
1612 1358
1613 1355
1614 1357
1615 1356
1616 1355
1617 1355
1618 1353
1619 1355
1620 1355
1621 1356
1622 1357
1623 1355
1624 1356
1625 1356
1626 1358
1627 1358
1628 1355
1629 1356
1630 1356
1631 1357
1632 1356
1633 1357
1634 1356
1635 1358
1636 1357
1637 1360
1638 1357
1639 1358
1640 1358
1641 1355
1642 1356
1643 1356
1644 1357
1645 1357
1646 1356
1647 1352
1648 1353
1649 1352
1650 1355
1651 1354
1652 1356
1653 1354
1654 1355
1655 1355
1656 1353
1657 1354
1658 1352
1659 1355
1660 1356
1661 1357
1662 1359
1663 1355
1664 1356
1665 1353
1666 1356
1667 1357
1668 1356
1669 1355
1670 1355
1671 1357
1672 1356
1673 1353
1674 1356
1675 1353
1676 1359
1677 1359
1678 1356
1679 1354
1680 1353
1681 1356
1682 1354
1683 1351
1684 1353
1685 1356
1686 1356
1687 1355
1688 1353
1689 1356
1690 1355
1691 1359
1692 1357
1693 1355
1694 1357
1695 1356
1696 1357
1697 1357
1698 1359
1699 1357
1700 1355
1701 1352
1702 1357
1703 1357
1704 1354
1705 1355
1706 1358
1707 1357
1708 1355
1709 1354
1710 1356
1711 1357
1712 1355
1713 1355
1714 1355
1715 1358
1716 1357
1717 1356
1718 1354
1719 1357
1720 1356
1721 1357
1722 1356
1723 1355
1724 1356
1725 1354
1726 1356
1727 1357
1728 1354
1729 1354
1730 1356
1731 1355
1732 1356
1733 1354
1734 1355
1735 1356
1736 1354
1737 1354
1738 1356
1739 1357
1740 1356
1741 1356
1742 1356
1743 1356
1744 1357
1745 1353
1746 1355
1747 1357
1748 1354
1749 1355
1750 1354
1751 1357
1752 1356
1753 1355
1754 1357
1755 1358
1756 1357
1757 1353
1758 1357
1759 1355
1760 1356
1761 1356
1762 1357
1763 1356
1764 1357
1765 1355
1766 1356
1767 1353
1768 1355
1769 1355
1770 1355
1771 1356
1772 1353
1773 1355
1774 1353
1775 1355
1776 1356
1777 1353
1778 1355
1779 1353
1780 1356
1781 1356
1782 1358
1783 1356
1784 1356
1785 1352
1786 1353
1787 1354
1788 1356
1789 1357
1790 1351
1791 1355
1792 1355
1793 1357
1794 1354
1795 1356
1796 1356
1797 1355
1798 1353
1799 1355
1800 1355
1801 1356
1802 1355
1803 1356
1804 1356
1805 1354
1806 1355
1807 1354
1808 1355
1809 1358
1810 1356
1811 1355
1812 1357
1813 1358
1814 1355
1815 1357
1816 1356
1817 1356
1818 1355
1819 1355
1820 1357
1821 1357
1822 1355
1823 1355
1824 1358
1825 1355
1826 1356
1827 1355
1828 1354
1829 1356
1830 1354
1831 1352
1832 1354
1833 1357
1834 1352
1835 1357
1836 1354
1837 1356
1838 1355
1839 1356
1840 1355
1841 1357
1842 1356
1843 1356
1844 1357
1845 1355
1846 1354
1847 1359
1848 1354
1849 1352
1850 1356
1851 1359
1852 1358
1853 1357
1854 1355
1855 1357
1856 1356
1857 1358
1858 1354
1859 1353
1860 1351
1861 1355
1862 1358
1863 1353
1864 1356
1865 1357
1866 1357
1867 1357
1868 1355
1869 1357
1870 1355
1871 1357
1872 1356
1873 1358
1874 1356
1875 1356
1876 1352
1877 1357
1878 1358
1879 1357
1880 1353
1881 1357
1882 1357
1883 1357
1884 1356
1885 1353
1886 1356
1887 1355
1888 1354
1889 1354
1890 1355
1891 1356
1892 1354
1893 1355
1894 1355
1895 1356
1896 1358
1897 1355
1898 1355
1899 1356
1900 1357
1901 1358
1902 1357
1903 1355
1904 1356
1905 1356
1906 1356
1907 1357
1908 1357
1909 1357
1910 1357
1911 1357
1912 1356
1913 1356
1914 1356
1915 1357
1916 1357
1917 1358
1918 1356
1919 1358
1920 1358
1921 1357
1922 1355
1923 1354
1924 1357
1925 1357
1926 1357
1927 1355
1928 1359
1929 1355
1930 1356
1931 1357
1932 1357
1933 1358
1934 1357
1935 1355
1936 1356
1937 1356
1938 1354
1939 1357
1940 1356
1941 1358
1942 1358
1943 1357
1944 1358
1945 1359
1946 1358
1947 1358
1948 1355
1949 1357
1950 1357
1951 1353
1952 1356
1953 1353
1954 1355
1955 1355
1956 1353
1957 1357
1958 1355
1959 1357
1960 1356
1961 1355
1962 1358
1963 1357
1964 1358
1965 1357
1966 1356
1967 1358
1968 1359
1969 1357
1970 1356
1971 1354
1972 1356
1973 1356
1974 1354
1975 1355
1976 1355
1977 1357
1978 1354
1979 1357
1980 1356
1981 1358
1982 1354
1983 1356
1984 1355
1985 1356
1986 1355
1987 1357
1988 1355
1989 1356
1990 1356
1991 1358
1992 1355
1993 1358
1994 1356
1995 1357
1996 1359
1997 1357
1998 1356
1999 1358
2000 1356
2001 1356
2002 1359
2003 1357
2004 1356
2005 1359
2006 1357
2007 1357
2008 1354
2009 1356
2010 1355
2011 1357
2012 1355
2013 1355
2014 1354
2015 1356
2016 1354
2017 1355
2018 1356
2019 1356
2020 1357
2021 1358
2022 1358
2023 1356
2024 1355
2025 1355
2026 1355
2027 1355
2028 1356
2029 1357
2030 1357
2031 1358
2032 1355
2033 1358
2034 1353
2035 1354
2036 1356
2037 1360
2038 1357
2039 1352
2040 1354
2041 1357
2042 1356
2043 1355
2044 1354
2045 1353
2046 1354
2047 1355
2048 1352
2049 1358
2050 1355
2051 1357
2052 1356
2053 1357
2054 1355
2055 1357
2056 1354
2057 1357
2058 1358
2059 1357
2060 1354
2061 1354
2062 1357
2063 1358
2064 1354
2065 1353
2066 1353
2067 1360
2068 1355
2069 1356
2070 1354
2071 1357
2072 1356
2073 1357
2074 1355
2075 1355
2076 1356
2077 1358
2078 1356
2079 1357
2080 1354
2081 1357
2082 1358
2083 1357
2084 1356
2085 1353
2086 1356
2087 1355
2088 1356
2089 1355
2090 1355
2091 1354
2092 1357
2093 1359
2094 1355
2095 1354
2096 1356
2097 1358
2098 1356
2099 1354
2100 1356
2101 1356
2102 1357
2103 1357
2104 1354
2105 1357
2106 1354
2107 1356
2108 1356
2109 1355
2110 1356
2111 1355
2112 1356
2113 1354
2114 1355
2115 1355
2116 1355
2117 1355
2118 1358
2119 1356
2120 1355
2121 1357
2122 1355
2123 1356
2124 1356
2125 1357
2126 1357
2127 1356
2128 1359
2129 1356
2130 1356
2131 1357
2132 1356
2133 1354
2134 1355
2135 1355
2136 1356
2137 1357
2138 1356
2139 1356
2140 1356
2141 1357
2142 1356
2143 1356
2144 1356
2145 1356
2146 1358
2147 1357
2148 1356
2149 1353
2150 1357
2151 1360
2152 1357
2153 1355
2154 1356
2155 1356
2156 1357
2157 1356
2158 1355
2159 1356
2160 1357
2161 1356
2162 1356
2163 1357
2164 1352
2165 1355
2166 1356
2167 1357
2168 1356
2169 1358
2170 1357
2171 1356
2172 1357
2173 1358
2174 1359
2175 1357
2176 1356
2177 1353
2178 1357
2179 1358
2180 1356
2181 1355
2182 1356
2183 1358
2184 1357
2185 1359
2186 1357
2187 1357
2188 1355
2189 1358
2190 1355
2191 1355
2192 1356
2193 1355
2194 1355
2195 1356
2196 1355
2197 1355
2198 1354
2199 1353
2200 1356
2201 1357
2202 1356
2203 1359
2204 1355
2205 1356
2206 1357
2207 1358
2208 1353
2209 1356
2210 1356
2211 1355
2212 1356
2213 1357
2214 1353
2215 1355
2216 1358
2217 1356
2218 1357
2219 1359
2220 1358
2221 1360
2222 1356
2223 1355
2224 1356
2225 1358
2226 1356
2227 1357
2228 1356
2229 1357
2230 1356
2231 1357
2232 1354
2233 1358
2234 1357
2235 1356
2236 1357
2237 1356
2238 1357
2239 1357
2240 1358
2241 1358
2242 1356
2243 1357
2244 1354
2245 1357
2246 1356
2247 1357
2248 1357
2249 1357
2250 1355
2251 1354
2252 1356
2253 1355
2254 1356
2255 1357
2256 1356
2257 1356
2258 1359
2259 1357
2260 1357
2261 1357
2262 1354
2263 1355
2264 1355
2265 1357
2266 1356
2267 1357
2268 1356
2269 1357
2270 1356
2271 1354
2272 1356
2273 1356
2274 1357
2275 1358
2276 1358
2277 1357
2278 1355
2279 1360
2280 1354
2281 1359
2282 1357
2283 1357
2284 1356
2285 1360
2286 1356
2287 1357
2288 1357
2289 1355
2290 1354
2291 1357
2292 1359
2293 1358
2294 1356
2295 1360
2296 1356
2297 1357
2298 1356
2299 1355
2300 1358
2301 1357
2302 1355
2303 1357
2304 1352
2305 1356
2306 1357
2307 1355
2308 1356
2309 1357
2310 1356
2311 1358
2312 1356
2313 1358
2314 1356
2315 1356
2316 1357
2317 1355
2318 1352
2319 1356
2320 1355
2321 1356
2322 1356
2323 1356
2324 1356
2325 1358
2326 1357
2327 1356
2328 1353
2329 1358
2330 1355
2331 1354
2332 1355
2333 1356
2334 1356
2335 1355
2336 1358
2337 1359
2338 1357
2339 1356
2340 1355
2341 1357
2342 1357
2343 1357
2344 1356
2345 1359
2346 1356
2347 1355
2348 1354
2349 1354
2350 1355
2351 1355
2352 1353
2353 1357
2354 1356
2355 1357
2356 1357
2357 1359
2358 1358
2359 1356
2360 1358
2361 1358
2362 1356
2363 1357
2364 1357
2365 1358
2366 1358
2367 1357
2368 1355
2369 1358
2370 1356
2371 1359
2372 1357
2373 1356
2374 1359
2375 1356
2376 1355
2377 1357
2378 1357
2379 1357
2380 1356
2381 1356
2382 1359
2383 1355
2384 1355
2385 1354
2386 1357
2387 1357
2388 1355
2389 1356
2390 1356
2391 1354
2392 1357
2393 1357
2394 1356
2395 1358
2396 1359
2397 1357
2398 1356
2399 1357
2400 1354
2401 1359
2402 1356
2403 1355
2404 1356
2405 1357
2406 1357
2407 1354
2408 1353
2409 1357
2410 1354
2411 1356
2412 1354
2413 1357
2414 1356
2415 1355
2416 1355
2417 1356
2418 1355
2419 1355
2420 1355
2421 1355
2422 1355
2423 1354
2424 1356
2425 1359
2426 1356
2427 1358
2428 1356
2429 1355
2430 1354
2431 1357
2432 1358
2433 1354
2434 1354
2435 1358
2436 1356
2437 1357
2438 1356
2439 1351
2440 1357
2441 1357
2442 1354
2443 1355
2444 1355
2445 1357
2446 1354
2447 1356
2448 1355
2449 1355
2450 1356
2451 1358
2452 1354
2453 1357
2454 1354
2455 1358
2456 1355
2457 1357
2458 1356
2459 1356
2460 1356
2461 1357
2462 1356
2463 1357
2464 1357
2465 1355
2466 1357
2467 1355
2468 1355
2469 1356
2470 1355
2471 1356
2472 1355
2473 1355
2474 1355
2475 1358
2476 1358
2477 1355
2478 1358
2479 1357
2480 1353
2481 1357
2482 1356
2483 1354
2484 1358
2485 1353
2486 1353
2487 1357
2488 1358
2489 1356
2490 1356
2491 1354
2492 1356
2493 1355
2494 1357
2495 1356
2496 1356
2497 1354
2498 1355
2499 1354
2500 1357
2501 1355
2502 1358
2503 1356
2504 1356
2505 1356
2506 1356
2507 1355
2508 1357
2509 1354
2510 1356
2511 1358
2512 1355
2513 1357
2514 1356
2515 1356
2516 1358
2517 1357
2518 1354
2519 1355
2520 1355
2521 1355
2522 1356
2523 1357
2524 1353
2525 1357
2526 1356
2527 1357
2528 1355
2529 1355
2530 1354
2531 1357
2532 1354
2533 1353
2534 1356
2535 1354
2536 1354
2537 1356
2538 1355
2539 1356
2540 1357
2541 1353
2542 1356
2543 1355
2544 1356
2545 1357
2546 1355
2547 1354
2548 1356
2549 1357
2550 1355
2551 1352
2552 1355
2553 1355
2554 1357
2555 1354
2556 1357
2557 1355
2558 1355
2559 1355
2560 1355
2561 1357
2562 1356
2563 1355
2564 1354
2565 1356
2566 1358
2567 1356
2568 1355
2569 1354
2570 1357
2571 1357
2572 1355
2573 1356
2574 1355
2575 1355
2576 1356
2577 1357
2578 1356
2579 1354
2580 1353
2581 1357
2582 1356
2583 1357
2584 1356
2585 1357
2586 1359
2587 1357
2588 1354
2589 1357
2590 1356
2591 1358
2592 1357
2593 1357
2594 1353
2595 1353
2596 1353
2597 1356
2598 1352
2599 1350
2600 1357
2601 1358
2602 1355
2603 1354
2604 1356
2605 1359
2606 1356
2607 1355
2608 1355
2609 1359
2610 1355
2611 1357
2612 1354
2613 1355
2614 1354
2615 1357
2616 1355
2617 1353
2618 1353
2619 1357
2620 1354
2621 1357
2622 1355
2623 1357
2624 1356
2625 1355
2626 1355
2627 1357
2628 1356
2629 1355
2630 1358
2631 1356
2632 1355
2633 1353
2634 1353
2635 1358
2636 1360
2637 1359
2638 1354
2639 1357
2640 1358
2641 1357
2642 1354
2643 1355
2644 1356
2645 1357
2646 1357
2647 1356
2648 1356
2649 1354
2650 1355
2651 1355
2652 1356
2653 1352
2654 1354
2655 1356
2656 1356
2657 1357
2658 1353
2659 1355
2660 1356
2661 1358
2662 1358
2663 1357
2664 1355
2665 1357
2666 1355
2667 1357
2668 1355
2669 1354
2670 1356
2671 1354
2672 1359
2673 1357
2674 1358
2675 1356
2676 1357
2677 1355
2678 1356
2679 1355
2680 1357
2681 1357
2682 1357
2683 1354
2684 1358
2685 1357
2686 1355
2687 1353
2688 1356
2689 1354
2690 1352
2691 1354
2692 1356
2693 1351
2694 1356
2695 1355
2696 1355
2697 1354
2698 1354
2699 1356
2700 1357
2701 1355
2702 1356
2703 1355
2704 1359
2705 1355
2706 1355
2707 1352
2708 1355
2709 1354
2710 1354
2711 1357
2712 1354
2713 1357
2714 1356
2715 1353
2716 1353
2717 1353
2718 1355
2719 1356
2720 1356
2721 1355
2722 1354
2723 1355
2724 1353
2725 1355
2726 1355
2727 1357
2728 1357
2729 1356
2730 1358
2731 1358
2732 1355
2733 1355
2734 1358
2735 1357
2736 1358
2737 1355
2738 1356
2739 1358
2740 1358
2741 1356
2742 1356
2743 1355
2744 1357
2745 1351
2746 1356
2747 1356
2748 1356
2749 1358
2750 1354
2751 1356
2752 1356
2753 1357
2754 1358
2755 1353
2756 1357
2757 1357
2758 1356
2759 1356
2760 1356
2761 1357
2762 1356
2763 1357
2764 1357
2765 1357
2766 1356
2767 1353
2768 1356
2769 1354
2770 1357
2771 1358
2772 1357
2773 1354
2774 1355
2775 1355
2776 1356
2777 1358
2778 1355
2779 1355
2780 1356
2781 1354
2782 1357
2783 1357
2784 1355
2785 1358
2786 1359
2787 1357
2788 1354
2789 1358
2790 1354
2791 1357
2792 1358
2793 1357
2794 1357
2795 1354
2796 1356
2797 1357
2798 1358
2799 1356
2800 1357
2801 1355
2802 1357
2803 1354
2804 1355
2805 1358
2806 1355
2807 1357
2808 1356
2809 1358
2810 1359
2811 1359
2812 1358
2813 1357
2814 1356
2815 1357
2816 1356
2817 1355
2818 1359
2819 1356
2820 1354
2821 1355
2822 1360
2823 1358
2824 1356
2825 1356
2826 1356
2827 1357
2828 1359
2829 1358
2830 1355
2831 1354
2832 1356
2833 1356
2834 1355
2835 1357
2836 1353
2837 1357
2838 1355
2839 1357
2840 1355
2841 1355
2842 1354
2843 1354
2844 1355
2845 1355
2846 1355
2847 1354
2848 1357
2849 1356
2850 1355
2851 1355
2852 1356
2853 1357
2854 1355
2855 1354
2856 1353
2857 1355
2858 1354
2859 1355
2860 1356
2861 1359
2862 1356
2863 1354
2864 1355
2865 1354
2866 1357
2867 1354
2868 1354
2869 1355
2870 1356
2871 1357
2872 1357
2873 1357
2874 1355
2875 1353
2876 1356
2877 1355
2878 1356
2879 1357
2880 1356
2881 1357
2882 1355
2883 1357
2884 1357
2885 1356
2886 1356
2887 1357
2888 1355
2889 1355
2890 1357
2891 1353
2892 1355
2893 1356
2894 1354
2895 1353
2896 1355
2897 1354
2898 1354
2899 1357
2900 1356
2901 1357
2902 1353
2903 1356
2904 1356
2905 1358
2906 1354
2907 1354
2908 1355
2909 1357
2910 1353
2911 1355
2912 1354
2913 1356
2914 1354
2915 1355
2916 1352
2917 1356
2918 1356
2919 1356
2920 1355
2921 1357
2922 1352
2923 1356
2924 1357
2925 1355
2926 1357
2927 1356
2928 1357
2929 1356
2930 1355
2931 1355
2932 1355
2933 1355
2934 1357
2935 1358
2936 1359
2937 1357
2938 1355
2939 1354
2940 1357
2941 1356
2942 1352
2943 1356
2944 1353
2945 1354
2946 1355
2947 1356
2948 1357
2949 1357
2950 1356
2951 1355
2952 1354
2953 1357
2954 1356
2955 1356
2956 1356
2957 1354
2958 1356
2959 1354
2960 1354
2961 1357
2962 1354
2963 1353
2964 1355
2965 1353
2966 1352
2967 1355
2968 1356
2969 1357
2970 1355
2971 1356
2972 1356
2973 1354
2974 1355
2975 1355
2976 1355
2977 1353
2978 1357
2979 1357
2980 1355
2981 1357
2982 1356
2983 1357
2984 1358
2985 1359
2986 1357
2987 1356
2988 1356
2989 1355
2990 1355
2991 1359
2992 1354
2993 1355
2994 1353
2995 1356
2996 1355
2997 1356
2998 1356
2999 1357
3000 1359
3001 1357
3002 1355
3003 1357
3004 1356
3005 1355
3006 1354
3007 1355
3008 1354
3009 1357
3010 1354
3011 1354
3012 1356
3013 1354
3014 1354
3015 1355
3016 1355
3017 1358
3018 1356
3019 1356
3020 1355
3021 1355
3022 1358
3023 1354
3024 1355
3025 1354
3026 1355
3027 1355
3028 1356
3029 1355
3030 1356
3031 1357
3032 1357
3033 1356
3034 1354
3035 1356
3036 1357
3037 1357
3038 1355
3039 1357
3040 1356
3041 1356
3042 1355
3043 1357
3044 1356
3045 1358
3046 1355
3047 1358
3048 1355
3049 1357
3050 1355
3051 1354
3052 1356
3053 1353
3054 1356
3055 1356
3056 1356
3057 1357
3058 1355
3059 1356
3060 1357
3061 1354
3062 1355
3063 1357
3064 1354
3065 1356
3066 1357
3067 1358
3068 1356
3069 1355
3070 1356
3071 1357
3072 1356
3073 1356
3074 1357
3075 1355
3076 1356
3077 1357
3078 1357
3079 1359
3080 1356
3081 1357
3082 1355
3083 1357
3084 1358
3085 1355
3086 1355
3087 1355
3088 1356
3089 1356
3090 1357
3091 1353
3092 1355
3093 1357
3094 1356
3095 1358
3096 1356
3097 1355
3098 1354
3099 1354
3100 1354
3101 1355
3102 1356
3103 1355
3104 1357
3105 1358
3106 1354
3107 1354
3108 1354
3109 1355
3110 1356
3111 1356
3112 1358
3113 1355
3114 1354
3115 1355
3116 1356
3117 1352
3118 1355
3119 1355
3120 1356
3121 1352
3122 1358
3123 1354
3124 1355
3125 1359
3126 1355
3127 1357
3128 1356
3129 1355
3130 1354
3131 1356
3132 1356
3133 1356
3134 1354
3135 1353
3136 1355
3137 1356
3138 1355
3139 1354
3140 1355
3141 1354
3142 1357
3143 1352
3144 1355
3145 1357
3146 1358
3147 1357
3148 1355
3149 1353
3150 1357
3151 1356
3152 1354
3153 1355
3154 1354
3155 1358
3156 1354
3157 1356
3158 1354
3159 1357
3160 1354
3161 1358
3162 1356
3163 1357
3164 1358
3165 1354
3166 1357
3167 1356
3168 1356
3169 1357
3170 1356
3171 1354
3172 1356
3173 1355
3174 1353
3175 1354
3176 1354
3177 1357
3178 1357
3179 1356
3180 1357
3181 1358
3182 1357
3183 1357
3184 1356
3185 1353
3186 1356
3187 1356
3188 1353
3189 1353
3190 1355
3191 1357
3192 1356
3193 1355
3194 1357
3195 1357
3196 1356
3197 1355
3198 1356
3199 1356
3200 1356
3201 1359
3202 1356
3203 1357
3204 1354
3205 1353
3206 1356
3207 1354
3208 1354
3209 1353
3210 1354
3211 1355
3212 1358
3213 1357
3214 1356
3215 1355
3216 1354
3217 1357
3218 1357
3219 1354
3220 1356
3221 1360
3222 1355
3223 1357
3224 1353
3225 1355
3226 1356
3227 1357
3228 1356
3229 1356
3230 1356
3231 1357
3232 1353
3233 1353
3234 1354
3235 1353
3236 1355
3237 1357
3238 1358
3239 1357
3240 1355
3241 1356
3242 1357
3243 1356
3244 1354
3245 1356
3246 1356
3247 1357
3248 1353
3249 1355
3250 1356
3251 1357
3252 1357
3253 1356
3254 1355
3255 1357
3256 1359
3257 1358
3258 1356
3259 1356
3260 1354
3261 1354
3262 1356
3263 1356
3264 1355
3265 1353
3266 1354
3267 1356
3268 1356
3269 1354
3270 1356
3271 1353
3272 1355
3273 1356
3274 1356
3275 1357
3276 1357
3277 1356
3278 1356
3279 1355
3280 1354
3281 1356
3282 1356
3283 1357
3284 1354
3285 1356
3286 1355
3287 1353
3288 1355
3289 1356
3290 1355
3291 1357
3292 1355
3293 1356
3294 1355
3295 1354
3296 1354
3297 1356
3298 1355
3299 1353
3300 1355
3301 1356
3302 1355
3303 1358
3304 1356
3305 1357
3306 1359
3307 1356
3308 1354
3309 1355
3310 1358
3311 1357
3312 1354
3313 1354
3314 1356
3315 1355
3316 1354
3317 1355
3318 1357
3319 1352
3320 1356
3321 1357
3322 1357
3323 1358
3324 1356
3325 1352
3326 1353
3327 1356
3328 1355
3329 1357
3330 1354
3331 1355
3332 1355
3333 1355
3334 1354
3335 1354
3336 1357
3337 1355
3338 1357
3339 1356
3340 1359
3341 1357
3342 1356
3343 1356
3344 1353
3345 1357
3346 1357
3347 1355
3348 1354
3349 1354
3350 1354
3351 1359
3352 1358
3353 1354
3354 1355
3355 1358
3356 1354
3357 1355
3358 1354
3359 1355
3360 1355
3361 1357
3362 1355
3363 1356
3364 1356
3365 1355
3366 1354
3367 1356
3368 1354
3369 1354
3370 1355
3371 1357
3372 1355
3373 1357
3374 1353
3375 1356
3376 1357
3377 1355
3378 1357
3379 1354
3380 1355
3381 1354
3382 1352
3383 1355
3384 1356
3385 1357
3386 1353
3387 1355
3388 1355
3389 1356
3390 1356
3391 1355
3392 1357
3393 1354
3394 1356
3395 1356
3396 1354
3397 1356
3398 1353
3399 1357
3400 1356
3401 1354
3402 1352
3403 1354
3404 1356
3405 1358
3406 1356
3407 1354
3408 1353
3409 1356
3410 1355
3411 1355
3412 1352
3413 1357
3414 1356
3415 1357
3416 1356
3417 1353
3418 1354
3419 1354
3420 1355
3421 1355
3422 1355
3423 1357
3424 1355
3425 1356
3426 1354
3427 1355
3428 1352
3429 1354
3430 1354
3431 1357
3432 1355
3433 1357
3434 1356
3435 1356
3436 1357
3437 1354
3438 1352
3439 1356
3440 1357
3441 1355
3442 1357
3443 1357
3444 1353
3445 1354
3446 1356
3447 1353
3448 1358
3449 1358
3450 1356
3451 1353
3452 1353
3453 1354
3454 1353
3455 1351
3456 1356
3457 1356
3458 1356
3459 1354
3460 1356
3461 1354
3462 1356
3463 1355
3464 1356
3465 1358
3466 1356
3467 1358
3468 1357
3469 1357
3470 1357
3471 1357
3472 1356
3473 1357
3474 1353
3475 1358
3476 1356
3477 1356
3478 1355
3479 1357
3480 1357
3481 1354
3482 1355
3483 1354
3484 1357
3485 1357
3486 1357
3487 1356
3488 1353
3489 1356
3490 1356
3491 1356
3492 1357
3493 1356
3494 1356
3495 1354
3496 1356
3497 1357
3498 1354
3499 1355
3500 1357
3501 1356
3502 1356
3503 1356
3504 1353
3505 1355
3506 1355
3507 1356
3508 1355
3509 1357
3510 1356
3511 1356
3512 1356
3513 1353
3514 1355
3515 1357
3516 1357
3517 1354
3518 1355
3519 1353
3520 1356
3521 1355
3522 1358
3523 1355
3524 1356
3525 1357
3526 1356
3527 1358
3528 1355
3529 1357
3530 1356
3531 1358
3532 1356
3533 1355
3534 1359
3535 1354
3536 1355
3537 1355
3538 1355
3539 1357
3540 1355
3541 1356
3542 1354
3543 1354
3544 1353
3545 1354
3546 1354
3547 1357
3548 1358
3549 1354
3550 1356
3551 1357
3552 1356
3553 1355
3554 1356
3555 1355
3556 1357
3557 1357
3558 1356
3559 1355
3560 1357
3561 1356
3562 1356
3563 1356
3564 1359
3565 1355
3566 1355
3567 1356
3568 1356
3569 1356
3570 1357
3571 1355
3572 1354
3573 1354
3574 1355
3575 1354
3576 1354
3577 1354
3578 1356
3579 1353
3580 1354
3581 1357
3582 1355
3583 1356
3584 1355
3585 1357
3586 1355
3587 1356
3588 1356
3589 1356
3590 1355
3591 1356
3592 1357
3593 1355
3594 1354
3595 1356
3596 1355
3597 1352
3598 1356
3599 1355
3600 1354
3601 1357
3602 1353
3603 1355
3604 1355
3605 1357
3606 1356
3607 1355
3608 1354
3609 1355
3610 1356
3611 1355
3612 1355
3613 1356
3614 1357
3615 1354
3616 1358
3617 1358
3618 1355
3619 1358
3620 1357
3621 1359
3622 1357
3623 1357
3624 1355
3625 1356
3626 1353
3627 1355
3628 1355
3629 1355
3630 1356
3631 1352
3632 1355
3633 1354
3634 1356
3635 1355
3636 1357
3637 1357
3638 1356
3639 1357
3640 1357
3641 1356
3642 1356
3643 1357
3644 1356
3645 1353
3646 1353
3647 1358
3648 1354
3649 1359
3650 1355
3651 1355
3652 1354
3653 1357
3654 1355
3655 1357
3656 1357
3657 1356
3658 1356
3659 1354
3660 1356
3661 1353
3662 1353
3663 1356
3664 1358
3665 1355
3666 1358
3667 1355
3668 1354
3669 1357
3670 1355
3671 1354
3672 1355
3673 1356
3674 1354
3675 1353
3676 1357
3677 1354
3678 1356
3679 1356
3680 1356
3681 1356
3682 1356
3683 1355
3684 1354
3685 1357
3686 1357
3687 1354
3688 1355
3689 1354
3690 1356
3691 1358
3692 1358
3693 1353
3694 1355
3695 1355
3696 1355
3697 1353
3698 1356
3699 1353
3700 1355
3701 1355
3702 1355
3703 1355
3704 1355
3705 1357
3706 1355
3707 1355
3708 1357
3709 1357
3710 1358
3711 1355
3712 1353
3713 1357
3714 1356
3715 1355
3716 1355
3717 1356
3718 1355
3719 1356
3720 1355
3721 1357
3722 1355
3723 1353
3724 1354
3725 1356
3726 1356
3727 1357
3728 1354
3729 1354
3730 1353
3731 1357
3732 1357
3733 1354
3734 1357
3735 1355
3736 1356
3737 1355
3738 1356
3739 1357
3740 1357
3741 1355
3742 1358
3743 1357
3744 1358
3745 1357
3746 1356
3747 1353
3748 1358
3749 1357
3750 1355
3751 1354
3752 1355
3753 1357
3754 1357
3755 1356
3756 1359
3757 1354
3758 1356
3759 1354
3760 1356
3761 1354
3762 1358
3763 1355
3764 1356
3765 1355
3766 1353
3767 1354
3768 1357
3769 1353
3770 1355
3771 1360
3772 1355
3773 1354
3774 1355
3775 1357
3776 1357
3777 1357
3778 1358
3779 1356
3780 1357
3781 1355
3782 1354
3783 1355
3784 1354
3785 1354
3786 1355
3787 1354
3788 1353
3789 1356
3790 1354
3791 1354
3792 1355
3793 1355
3794 1356
3795 1357
3796 1353
3797 1359
3798 1357
3799 1356
3800 1354
3801 1357
3802 1358
3803 1357
3804 1356
3805 1355
3806 1354
3807 1356
3808 1355
3809 1357
3810 1356
3811 1357
3812 1356
3813 1354
3814 1356
3815 1355
3816 1356
3817 1354
3818 1356
3819 1355
3820 1356
3821 1356
3822 1355
3823 1355
3824 1353
3825 1354
3826 1357
3827 1354
3828 1356
3829 1355
3830 1356
3831 1358
3832 1356
3833 1357
3834 1357
3835 1357
3836 1355
3837 1357
3838 1354
3839 1357
3840 1355
3841 1357
3842 1356
3843 1357
3844 1355
3845 1357
3846 1354
3847 1355
3848 1352
3849 1355
3850 1355
3851 1356
3852 1355
3853 1357
3854 1355
3855 1355
3856 1355
3857 1356
3858 1358
3859 1357
3860 1356
3861 1357
3862 1355
3863 1356
3864 1356
3865 1357
3866 1356
3867 1356
3868 1356
3869 1358
3870 1355
3871 1355
3872 1354
3873 1356
3874 1356
3875 1356
3876 1354
3877 1357
3878 1355
3879 1357
3880 1356
3881 1356
3882 1354
3883 1356
3884 1356
3885 1357
3886 1357
3887 1356
3888 1355
3889 1357
3890 1357
3891 1358
3892 1356
3893 1355
3894 1356
3895 1357
3896 1357
3897 1357
3898 1354
3899 1354
3900 1356
3901 1357
3902 1355
3903 1355
3904 1356
3905 1355
3906 1356
3907 1354
3908 1354
3909 1356
3910 1355
3911 1355
3912 1356
3913 1355
3914 1353
3915 1356
3916 1356
3917 1355
3918 1358
3919 1356
3920 1355
3921 1357
3922 1358
3923 1359
3924 1355
3925 1356
3926 1357
3927 1356
3928 1356
3929 1354
3930 1353
3931 1356
3932 1354
3933 1354
3934 1354
3935 1355
3936 1355
3937 1354
3938 1354
3939 1354
3940 1354
3941 1354
3942 1354
3943 1353
3944 1356
3945 1356
3946 1357
3947 1354
3948 1355
3949 1357
3950 1357
3951 1356
3952 1358
3953 1357
3954 1356
3955 1357
3956 1356
3957 1357
3958 1356
3959 1356
3960 1355
3961 1357
3962 1356
3963 1355
3964 1353
3965 1355
3966 1356
3967 1355
3968 1353
3969 1357
3970 1354
3971 1356
3972 1356
3973 1353
3974 1358
3975 1357
3976 1357
3977 1355
3978 1356
3979 1355
3980 1357
3981 1353
3982 1355
3983 1356
3984 1356
3985 1355
3986 1358
3987 1355
3988 1355
3989 1356
3990 1356
3991 1354
3992 1356
3993 1353
3994 1357
3995 1354
3996 1358
3997 1358
3998 1355
3999 1354
