0 1353
1 1357
2 1356
3 1354
4 1354
5 1356
6 1358
7 1356
8 1357
9 1356
10 1356
11 1356
12 1355
13 1357
14 1356
15 1358
16 1353
17 1354
18 1355
19 1355
20 1357
21 1355
22 1355
23 1355
24 1354
25 1353
26 1356
27 1355
28 1357
29 1356
30 1355
31 1357
32 1357
33 1359
34 1356
35 1356
36 1358
37 1357
38 1355
39 1357
40 1355
41 1354
42 1357
43 1357
44 1356
45 1357
46 1357
47 1360
48 1356
49 1354
50 1355
51 1356
52 1357
53 1357
54 1357
55 1357
56 1357
57 1358
58 1359
59 1358
60 1358
61 1359
62 1357
63 1355
64 1353
65 1355
66 1356
67 1355
68 1358
69 1356
70 1357
71 1358
72 1358
73 1357
74 1354
75 1355
76 1354
77 1356
78 1356
79 1356
80 1356
81 1358
82 1359
83 1354
84 1359
85 1357
86 1356
87 1357
88 1359
89 1359
90 1355
91 1357
92 1358
93 1357
94 1359
95 1355
96 1355
97 1356
98 1356
99 1358
100 1359
101 1356
102 1356
103 1356
104 1357
105 1353
106 1356
107 1356
108 1355
109 1358
110 1354
111 1355
112 1356
113 1358
114 1357
115 1358
116 1357
117 1356
118 1357
119 1356
120 1357
121 1358
122 1357
123 1358
124 1359
125 1359
126 1357
127 1357
128 1355
129 1357
130 1354
131 1355
132 1355
133 1354
134 1354
135 1352
136 1356
137 1356
138 1356
139 1354
140 1355
141 1355
142 1356
143 1356
144 1358
145 1357
146 1358
147 1357
148 1357
149 1356
150 1356
151 1355
152 1355
153 1356
154 1357
155 1357
156 1355
157 1356
158 1356
159 1358
160 1357
161 1357
162 1353
163 1357
164 1355
165 1355
166 1355
167 1354
168 1357
169 1353
170 1356
171 1358
172 1356
173 1353
174 1355
175 1355
176 1357
177 1355
178 1359
179 1355
180 1356
181 1355
182 1356
183 1357
184 1356
185 1356
186 1355
187 1356
188 1355
189 1357
190 1356
191 1357
192 1356
193 1355
194 1357
195 1356
196 1355
197 1357
198 1356
199 1356
200 1353
201 1358
202 1357
203 1358
204 1358
205 1358
206 1357
207 1356
208 1357
209 1357
210 1355
211 1359
212 1356
213 1358
214 1357
215 1355
216 1357
217 1356
218 1356
219 1352
220 1357
221 1356
222 1356
223 1354
224 1354
225 1355
226 1354
227 1355
228 1357
229 1356
230 1354
231 1357
232 1355
233 1358
234 1354
235 1356
236 1357
237 1356
238 1358
239 1356
240 1359
241 1356
242 1357
243 1354
244 1354
245 1357
246 1357
247 1358
248 1357
249 1356
250 1355
251 1356
252 1355
253 1356
254 1355
255 1355
256 1355
257 1356
258 1356
259 1353
260 1355
261 1356
262 1357
263 1355
264 1356
265 1356
266 1357
267 1355
268 1357
269 1356
270 1356
271 1358
272 1358
273 1357
274 1357
275 1356
276 1357
277 1357
278 1360
279 1356
280 1355
281 1356
282 1355
283 1358
284 1357
285 1357
286 1356
287 1355
288 1356
289 1358
290 1356
291 1354
292 1359
293 1356
294 1358
295 1355
296 1356
297 1353
298 1354
299 1354
300 1357
301 1356
302 1359
303 1356
304 1355
305 1355
306 1357
307 1355
308 1355
309 1352
310 1355
311 1356
312 1358
313 1356
314 1357
315 1355
316 1356
317 1355
318 1359
319 1356
320 1356
321 1356
322 1361
323 1357
324 1355
325 1356
326 1359
327 1357
328 1357
329 1357
330 1355
331 1354
332 1357
333 1353
334 1356
335 1355
336 1360
337 1356
338 1356
339 1356
340 1356
341 1355
342 1357
343 1356
344 1356
345 1356
346 1357
347 1355
348 1354
349 1354
350 1355
351 1356
352 1356
353 1353
354 1356
355 1355
356 1354
357 1355
358 1356
359 1357
360 1357
361 1354
362 1357
363 1355
364 1359
365 1355
366 1357
367 1356
368 1354
369 1356
370 1358
371 1356
372 1356
373 1355
374 1357
375 1353
376 1358
377 1356
378 1356
379 1354
380 1356
381 1354
382 1354
383 1354
384 1356
385 1353
386 1357
387 1354
388 1355
389 1356
390 1354
391 1357
392 1358
393 1359
394 1358
395 1354
396 1354
397 1356
398 1356
399 1356
400 1354
401 1357
402 1359
403 1356
404 1358
405 1355
406 1356
407 1357
408 1357
409 1355
410 1356
411 1355
412 1356
413 1357
414 1355
415 1357
416 1357
417 1355
418 1357
419 1355
420 1355
421 1356
422 1357
423 1357
424 1359
425 1356
426 1355
427 1355
428 1354
429 1355
430 1357
431 1357
432 1357
433 1359
434 1359
435 1357
436 1357
437 1357
438 1353
439 1356
440 1356
441 1357
442 1356
443 1355
444 1356
445 1357
446 1358
447 1356
448 1359
449 1356
450 1356
451 1357
452 1358
453 1355
454 1357
455 1357
456 1357
457 1356
458 1357
459 1356
460 1357
461 1354
462 1359
463 1356
464 1357
465 1356
466 1354
467 1355
468 1356
469 1354
470 1356
471 1356
472 1357
473 1355
474 1353
475 1354
476 1358
477 1357
478 1359
479 1355
480 1356
481 1357
482 1357
483 1356
484 1359
485 1357
486 1357
487 1354
488 1357
489 1353
490 1358
491 1359
492 1356
493 1356
494 1357
495 1356
496 1356
497 1356
498 1356
499 1355
500 1357
501 1355
502 1356
503 1357
504 1353
505 1355
506 1356
507 1358
508 1358
509 1356
510 1358
511 1358
512 1353
513 1356
514 1357
515 1354
516 1357
517 1356
518 1357
519 1352
520 1357
521 1356
522 1359
523 1354
524 1359
525 1355
526 1357
527 1356
528 1357
529 1353
530 1357
531 1355
532 1358
533 1356
534 1361
535 1366
536 1368
537 1381
538 1392
539 1411
540 1436
541 1460
542 1493
543 1528
544 1565
545 1602
546 1644
547 1681
548 1718
549 1753
550 1782
551 1806
552 1827
553 1843
554 1858
555 1866
556 1871
557 1874
558 1872
559 1869
560 1863
561 1854
562 1843
563 1829
564 1813
565 1796
566 1782
567 1767
568 1750
569 1731
570 1711
571 1696
572 1677
573 1658
574 1640
575 1623
576 1606
577 1593
578 1581
579 1570
580 1557
581 1542
582 1532
583 1522
584 1514
585 1507
586 1497
587 1487
588 1476
589 1469
590 1464
591 1458
592 1452
593 1449
594 1441
595 1437
596 1431
597 1425
598 1422
599 1413
600 1414
601 1410
602 1405
603 1400
604 1398
605 1396
606 1392
607 1390
608 1389
609 1383
610 1382
611 1379
612 1378
613 1379
614 1377
615 1373
616 1377
617 1374
618 1371
619 1367
620 1369
621 1368
622 1364
623 1366
624 1364
625 1365
626 1365
627 1363
628 1361
629 1360
630 1361
631 1363
632 1363
633 1360
634 1362
635 1360
636 1360
637 1361
638 1358
639 1360
640 1363
641 1361
642 1363
643 1359
644 1360
645 1359
646 1362
647 1361
648 1359
649 1361
650 1361
651 1362
652 1359
653 1356
654 1359
655 1358
656 1357
657 1357
658 1358
659 1356
660 1356
661 1354
662 1357
663 1360
664 1357
665 1356
666 1358
667 1357
668 1357
669 1355
670 1359
671 1355
672 1354
673 1356
674 1355
675 1357
676 1360
677 1356
678 1358
679 1360
680 1359
681 1359
682 1360
683 1355
684 1360
685 1356
686 1358
687 1357
688 1356
689 1355
690 1356
691 1356
692 1357
693 1356
694 1357
695 1359
696 1356
697 1354
698 1355
699 1356
700 1359
701 1355
702 1358
703 1357
704 1357
705 1356
706 1356
707 1358
708 1356
709 1357
710 1356
711 1356
712 1354
713 1356
714 1356
715 1356
716 1354
717 1358
718 1356
719 1357
720 1356
721 1356
722 1354
723 1356
724 1356
725 1354
726 1355
727 1355
728 1356
729 1355
730 1356
731 1359
732 1356
733 1357
734 1356
735 1357
736 1356
737 1355
738 1357
739 1359
740 1357
741 1358
742 1356
743 1357
744 1355
745 1356
746 1354
747 1356
748 1354
749 1356
750 1354
751 1356
752 1356
753 1358
754 1354
755 1356
756 1355
757 1357
758 1355
759 1358
760 1358
761 1358
762 1357
763 1356
764 1356
765 1356
766 1356
767 1355
768 1357
769 1356
770 1355
771 1356
772 1356
773 1356
774 1355
775 1356
776 1357
777 1357
778 1357
779 1356
780 1357
781 1357
782 1357
783 1355
784 1355
785 1356
786 1353
787 1355
788 1356
789 1354
790 1357
791 1358
792 1355
793 1359
794 1360
795 1356
796 1357
797 1355
798 1357
799 1357
800 1357
801 1357
802 1355
803 1355
804 1355
805 1353
806 1357
807 1354
808 1356
809 1355
810 1356
811 1356
812 1356
813 1356
814 1355
815 1355
816 1357
817 1356
818 1353
819 1353
820 1357
821 1358
822 1358
823 1356
824 1357
825 1358
826 1358
827 1356
828 1356
829 1354
830 1357
831 1356
832 1357
833 1354
834 1354
835 1355
836 1356
837 1358
838 1358
839 1355
840 1355
841 1355
842 1355
843 1355
844 1359
845 1358
846 1356
847 1356
848 1354
849 1356
850 1354
851 1355
852 1357
853 1358
854 1358
855 1357
856 1358
857 1359
858 1358
859 1356
860 1356
861 1354
862 1357
863 1353
864 1355
865 1355
866 1354
867 1354
868 1356
869 1356
870 1359
871 1357
872 1357
873 1356
874 1358
875 1356
876 1357
877 1354
878 1353
879 1355
880 1358
881 1356
882 1359
883 1358
884 1360
885 1359
886 1357
887 1355
888 1356
889 1357
890 1359
891 1357
892 1354
893 1354
894 1357
895 1355
896 1355
897 1358
898 1358
899 1354
900 1357
901 1360
902 1353
903 1355
904 1357
905 1356
906 1356
907 1356
908 1357
909 1356
910 1357
911 1356
912 1358
913 1358
914 1359
915 1354
916 1358
917 1355
918 1357
919 1357
920 1358
921 1358
922 1358
923 1358
924 1356
925 1358
926 1358
927 1357
928 1356
929 1355
930 1355
931 1355
932 1355
933 1356
934 1356
935 1357
936 1357
937 1354
938 1358
939 1355
940 1355
941 1358
942 1357
943 1355
944 1356
945 1359
946 1357
947 1360
948 1355
949 1354
950 1358
951 1356
952 1356
953 1356
954 1355
955 1355
956 1357
957 1357
958 1357
959 1354
960 1355
961 1356
962 1355
963 1356
964 1358
965 1357
966 1355
967 1358
968 1354
969 1357
970 1356
971 1354
972 1357
973 1355
974 1355
975 1360
976 1357
977 1356
978 1359
979 1357
980 1360
981 1356
982 1356
983 1356
984 1356
985 1356
986 1357
987 1356
988 1355
989 1356
990 1357
991 1354
992 1358
993 1357
994 1355
995 1355
996 1357
997 1360
998 1358
999 1356
1000 1358
1001 1353
1002 1356
1003 1358
1004 1355
1005 1359
1006 1357
1007 1356
1008 1359
1009 1357
1010 1360
1011 1359
1012 1355
1013 1356
1014 1357
1015 1356
1016 1355
1017 1355
1018 1357
1019 1356
1020 1359
1021 1357
1022 1354
1023 1355
1024 1357
1025 1356
1026 1357
1027 1356
1028 1357
1029 1356
1030 1357
1031 1357
1032 1357
1033 1354
1034 1360
1035 1356
1036 1357
1037 1357
1038 1360
1039 1358
1040 1357
1041 1360
1042 1357
1043 1356
1044 1356
1045 1356
1046 1356
1047 1357
1048 1357
1049 1356
1050 1357
1051 1355
1052 1356
1053 1357
1054 1357
1055 1354
1056 1356
1057 1355
1058 1357
1059 1358
1060 1355
1061 1358
1062 1354
1063 1357
1064 1356
1065 1356
1066 1357
1067 1356
1068 1358
1069 1356
1070 1358
1071 1359
1072 1357
1073 1359
1074 1356
1075 1357
1076 1358
1077 1355
1078 1353
1079 1354
1080 1361
1081 1359
1082 1357
1083 1355
1084 1356
1085 1357
1086 1359
1087 1353
1088 1356
1089 1358
1090 1357
1091 1359
1092 1357
1093 1357
1094 1359
1095 1357
1096 1358
1097 1358
1098 1359
1099 1356
1100 1359
1101 1358
1102 1357
1103 1355
1104 1357
1105 1356
1106 1358
1107 1357
1108 1356
1109 1354
1110 1359
1111 1356
1112 1358
1113 1356
1114 1357
1115 1356
1116 1359
1117 1358
1118 1360
1119 1356
1120 1357
1121 1359
1122 1357
1123 1359
1124 1359
1125 1357
1126 1354
1127 1358
1128 1357
1129 1356
1130 1358
1131 1357
1132 1356
1133 1355
1134 1356
1135 1358
1136 1357
1137 1357
1138 1351
1139 1356
1140 1358
1141 1357
1142 1357
1143 1358
1144 1357
1145 1357
1146 1358
1147 1358
1148 1358
1149 1357
1150 1354
1151 1358
1152 1358
1153 1358
1154 1357
1155 1360
1156 1360
1157 1360
1158 1358
1159 1360
1160 1359
1161 1360
1162 1357
1163 1356
1164 1357
1165 1360
1166 1358
1167 1354
1168 1358
1169 1358
1170 1360
1171 1356
1172 1355
1173 1356
1174 1356
1175 1357
1176 1357
1177 1358
1178 1356
1179 1355
1180 1355
1181 1356
1182 1353
1183 1356
1184 1358
1185 1356
1186 1358
1187 1356
1188 1358
1189 1357
1190 1356
1191 1353
1192 1358
1193 1359
1194 1357
1195 1356
1196 1358
1197 1359
1198 1356
1199 1356
1200 1357
1201 1359
1202 1355
1203 1355
1204 1357
1205 1357
1206 1357
1207 1358
1208 1357
1209 1356
1210 1353
1211 1356
1212 1359
1213 1359
1214 1358
1215 1357
1216 1357
1217 1356
1218 1356
1219 1358
1220 1357
1221 1357
1222 1357
1223 1357
1224 1356
1225 1356
1226 1355
1227 1356
1228 1357
1229 1354
1230 1357
1231 1356
1232 1356
1233 1355
1234 1355
1235 1356
1236 1358
1237 1358
1238 1357
1239 1356
1240 1356
1241 1356
1242 1357
1243 1356
1244 1356
1245 1356
1246 1360
1247 1357
1248 1359
1249 1357
1250 1359
1251 1360
1252 1359
1253 1356
1254 1358
1255 1357
1256 1356
1257 1356
1258 1358
1259 1355
1260 1358
1261 1357
1262 1358
1263 1358
1264 1356
1265 1356
1266 1359
1267 1358
1268 1354
1269 1357
1270 1359
1271 1362
1272 1357
1273 1353
1274 1355
1275 1360
1276 1357
1277 1359
1278 1354
1279 1355
1280 1356
1281 1355
1282 1355
1283 1355
1284 1357
1285 1357
1286 1357
1287 1358
1288 1359
1289 1359
1290 1357
1291 1356
1292 1355
1293 1354
1294 1355
1295 1355
1296 1353
1297 1357
1298 1355
1299 1354
1300 1357
1301 1358
1302 1357
1303 1357
1304 1356
1305 1359
1306 1355
1307 1356
1308 1355
1309 1356
1310 1353
1311 1357
1312 1360
1313 1359
1314 1355
1315 1353
1316 1355
1317 1353
1318 1357
1319 1353
1320 1356
1321 1356
1322 1356
1323 1354
1324 1356
1325 1356
1326 1356
1327 1356
1328 1356
1329 1354
1330 1360
1331 1358
1332 1357
1333 1358
1334 1358
1335 1354
1336 1356
1337 1355
1338 1358
1339 1358
1340 1358
1341 1357
1342 1357
1343 1353
1344 1355
1345 1358
1346 1356
1347 1358
1348 1357
1349 1358
1350 1358
1351 1358
1352 1358
1353 1355
1354 1354
1355 1355
1356 1357
1357 1354
1358 1354
1359 1354
1360 1359
1361 1356
1362 1358
1363 1356
1364 1358
1365 1357
1366 1357
1367 1356
1368 1358
1369 1357
1370 1357
1371 1359
1372 1357
1373 1358
1374 1357
1375 1355
1376 1355
1377 1357
1378 1356
1379 1355
1380 1353
1381 1357
1382 1357
1383 1357
1384 1357
1385 1355
1386 1356
1387 1355
1388 1356
1389 1358
1390 1357
1391 1361
1392 1357
1393 1356
1394 1356
1395 1357
1396 1356
1397 1356
1398 1356
1399 1356
1400 1356
1401 1356
1402 1357
1403 1356
1404 1356
1405 1356
1406 1359
1407 1356
1408 1356
1409 1356
1410 1354
1411 1356
1412 1353
1413 1356
1414 1355
1415 1357
1416 1357
1417 1357
1418 1355
1419 1354
1420 1355
1421 1355
1422 1355
1423 1354
1424 1354
1425 1355
1426 1356
1427 1356
1428 1356
1429 1354
1430 1357
1431 1356
1432 1356
1433 1356
1434 1356
1435 1355
1436 1356
1437 1357
1438 1355
1439 1357
1440 1356
1441 1358
1442 1355
1443 1358
1444 1354
1445 1355
1446 1354
1447 1355
1448 1355
1449 1356
1450 1355
1451 1354
1452 1355
1453 1357
1454 1356
1455 1358
1456 1356
1457 1356
1458 1355
1459 1356
1460 1359
1461 1358
1462 1357
1463 1355
1464 1356
1465 1357
1466 1357
1467 1358
1468 1356
1469 1357
1470 1358
1471 1359
1472 1358
1473 1355
1474 1357
1475 1354
1476 1355
1477 1357
1478 1357
1479 1353
1480 1357
1481 1357
1482 1357
1483 1354
1484 1357
1485 1356
1486 1357
1487 1355
1488 1356
1489 1353
1490 1357
1491 1357
1492 1354
1493 1356
1494 1357
1495 1356
1496 1357
1497 1357
1498 1356
1499 1356
1500 1356
1501 1356
1502 1357
1503 1357
1504 1354
1505 1356
1506 1354
1507 1357
1508 1356
1509 1356
1510 1355
1511 1357
1512 1357
1513 1356
1514 1357
1515 1355
1516 1357
1517 1356
1518 1356
1519 1358
1520 1360
1521 1356
1522 1355
1523 1356
1524 1356
1525 1356
1526 1355
1527 1354
1528 1357
1529 1358
1530 1357
1531 1358
1532 1357
1533 1357
1534 1357
1535 1358
1536 1356
1537 1356
1538 1355
1539 1355
1540 1353
1541 1354
1542 1355
1543 1356
1544 1356
1545 1356
1546 1353
1547 1356
1548 1357
1549 1358
1550 1360
1551 1360
1552 1358
1553 1357
1554 1357
1555 1355
1556 1358
1557 1356
1558 1357
1559 1354
1560 1358
1561 1355
1562 1355
1563 1358
1564 1354
1565 1357
1566 1357
1567 1358
1568 1355
1569 1356
1570 1357
1571 1356
1572 1356
1573 1355
1574 1355
1575 1357
1576 1357
1577 1356
1578 1353
1579 1354
1580 1359
1581 1357
1582 1355
1583 1354
1584 1357
1585 1360
1586 1357
1587 1356
1588 1357
1589 1355
1590 1354
1591 1356
1592 1356
1593 1355
1594 1355
1595 1356
1596 1360
1597 1357
1598 1358
1599 1356
1600 1357
1601 1355
1602 1358
1603 1353
1604 1357
1605 1356
1606 1357
1607 1356
1608 1358
1609 1354
1610 1357
1611 1357
1612 1357
1613 1356
1614 1357
1615 1354
1616 1356
1617 1357
1618 1355
1619 1355
1620 1356
1621 1356
1622 1355
1623 1354
1624 1358
1625 1356
1626 1358
1627 1357
1628 1357
1629 1355
1630 1355
1631 1356
1632 1357
1633 1358
1634 1357
1635 1355
1636 1355
1637 1354
1638 1355
1639 1353
1640 1357
1641 1357
1642 1360
1643 1356
1644 1358
1645 1356
1646 1358
1647 1355
1648 1353
1649 1352
1650 1362
1651 1358
1652 1357
1653 1353
1654 1355
1655 1356
1656 1356
1657 1354
1658 1354
1659 1354
1660 1357
1661 1355
1662 1357
1663 1354
1664 1358
1665 1356
1666 1356
1667 1358
1668 1356
1669 1359
1670 1356
1671 1357
1672 1357
1673 1355
1674 1358
1675 1355
1676 1355
1677 1355
1678 1355
1679 1357
1680 1360
1681 1357
1682 1356
1683 1353
1684 1356
1685 1356
1686 1355
1687 1356
1688 1357
1689 1355
1690 1356
1691 1356
1692 1356
1693 1356
1694 1355
1695 1356
1696 1356
1697 1357
1698 1358
1699 1353
1700 1354
1701 1358
1702 1359
1703 1355
1704 1357
1705 1357
1706 1357
1707 1355
1708 1357
1709 1355
1710 1357
1711 1356
1712 1356
1713 1355
1714 1355
1715 1355
1716 1356
1717 1355
1718 1357
1719 1356
1720 1357
1721 1356
1722 1356
1723 1354
1724 1354
1725 1355
1726 1356
1727 1356
1728 1356
1729 1357
1730 1356
1731 1357
1732 1357
1733 1357
1734 1356
1735 1358
1736 1354
1737 1355
1738 1354
1739 1355
1740 1358
1741 1355
1742 1356
1743 1355
1744 1356
1745 1359
1746 1357
1747 1353
1748 1355
1749 1354
1750 1356
1751 1355
1752 1357
1753 1357
1754 1353
1755 1355
1756 1359
1757 1354
1758 1357
1759 1353
1760 1355
1761 1358
1762 1355
1763 1355
1764 1357
1765 1355
1766 1359
1767 1356
1768 1355
1769 1355
1770 1358
1771 1354
1772 1355
1773 1356
1774 1357
1775 1354
1776 1358
1777 1354
1778 1357
1779 1351
1780 1354
1781 1355
1782 1355
1783 1354
1784 1354
1785 1355
1786 1355
1787 1353
1788 1357
1789 1354
1790 1353
1791 1353
1792 1356
1793 1357
1794 1354
1795 1356
1796 1356
1797 1356
1798 1358
1799 1355
1800 1355
1801 1357
1802 1357
1803 1358
1804 1356
1805 1357
1806 1356
1807 1357
1808 1355
1809 1357
1810 1356
1811 1356
1812 1355
1813 1354
1814 1353
1815 1354
1816 1354
1817 1357
1818 1355
1819 1357
1820 1355
1821 1356
1822 1356
1823 1356
1824 1357
1825 1357
1826 1355
1827 1356
1828 1357
1829 1357
1830 1359
1831 1359
1832 1357
1833 1353
1834 1356
1835 1353
1836 1357
1837 1354
1838 1355
1839 1355
1840 1357
1841 1360
1842 1357
1843 1355
1844 1358
1845 1357
1846 1357
1847 1355
1848 1355
1849 1354
1850 1358
1851 1356
1852 1354
1853 1354
1854 1357
1855 1357
1856 1356
1857 1354
1858 1357
1859 1355
1860 1357
1861 1356
1862 1360
1863 1352
1864 1353
1865 1355
1866 1356
1867 1354
1868 1356
1869 1357
1870 1361
1871 1355
1872 1357
1873 1356
1874 1356
1875 1353
1876 1358
1877 1354
1878 1357
1879 1355
1880 1357
1881 1355
1882 1357
1883 1355
1884 1355
1885 1354
1886 1356
1887 1355
1888 1357
1889 1354
1890 1358
1891 1357
1892 1356
1893 1357
1894 1355
1895 1354
1896 1358
1897 1354
1898 1356
1899 1355
1900 1357
1901 1355
1902 1357
1903 1357
1904 1356
1905 1356
1906 1357
1907 1354
1908 1358
1909 1355
1910 1357
1911 1354
1912 1355
1913 1356
1914 1358
1915 1356
1916 1357
1917 1357
1918 1357
1919 1356
1920 1358
1921 1354
1922 1358
1923 1354
1924 1355
1925 1356
1926 1356
1927 1356
1928 1357
1929 1358
1930 1359
1931 1356
1932 1357
1933 1355
1934 1358
1935 1352
1936 1356
1937 1354
1938 1354
1939 1353
1940 1357
1941 1356
1942 1356
1943 1355
1944 1357
1945 1355
1946 1358
1947 1356
1948 1359
1949 1353
1950 1359
1951 1356
1952 1357
1953 1358
1954 1357
1955 1357
1956 1357
1957 1357
1958 1355
1959 1356
1960 1356
1961 1354
1962 1358
1963 1354
1964 1359
1965 1356
1966 1357
1967 1354
1968 1355
1969 1356
1970 1357
1971 1356
1972 1357
1973 1355
1974 1358
1975 1356
1976 1356
1977 1356
1978 1357
1979 1356
1980 1354
1981 1353
1982 1357
1983 1355
1984 1356
1985 1356
1986 1358
1987 1356
1988 1361
1989 1356
1990 1353
1991 1357
1992 1357
1993 1354
1994 1356
1995 1357
1996 1359
1997 1356
1998 1354
1999 1353
2000 1357
2001 1357
2002 1355
2003 1353
2004 1354
2005 1356
2006 1355
2007 1356
2008 1355
2009 1356
2010 1356
2011 1357
2012 1357
2013 1357
2014 1359
2015 1356
2016 1356
2017 1355
2018 1358
2019 1357
2020 1356
2021 1355
2022 1356
2023 1357
2024 1357
2025 1357
2026 1356
2027 1355
2028 1355
2029 1354
2030 1358
2031 1356
2032 1359
2033 1354
2034 1355
2035 1355
2036 1355
2037 1354
2038 1355
2039 1357
2040 1357
2041 1354
2042 1357
2043 1355
2044 1356
2045 1357
2046 1358
2047 1355
2048 1354
2049 1354
2050 1357
2051 1353
2052 1354
2053 1355
2054 1356
2055 1355
2056 1356
2057 1356
2058 1353
2059 1356
2060 1356
2061 1355
2062 1357
2063 1356
2064 1357
2065 1357
2066 1357
2067 1357
2068 1359
2069 1358
2070 1356
2071 1356
2072 1357
2073 1356
2074 1359
2075 1358
2076 1360
2077 1357
2078 1357
2079 1356
2080 1357
2081 1359
2082 1356
2083 1357
2084 1354
2085 1357
2086 1357
2087 1355
2088 1356
2089 1356
2090 1356
2091 1358
2092 1357
2093 1356
2094 1354
2095 1358
2096 1356
2097 1358
2098 1355
2099 1355
2100 1357
2101 1356
2102 1359
2103 1356
2104 1355
2105 1358
2106 1358
2107 1359
2108 1358
2109 1358
2110 1357
2111 1357
2112 1357
2113 1356
2114 1357
2115 1358
2116 1353
2117 1357
2118 1354
2119 1358
2120 1358
2121 1359
2122 1356
2123 1356
2124 1354
2125 1354
2126 1353
2127 1358
2128 1358
2129 1356
2130 1357
2131 1359
2132 1354
2133 1358
2134 1357
2135 1359
2136 1357
2137 1359
2138 1358
2139 1356
2140 1355
2141 1357
2142 1357
2143 1356
2144 1357
2145 1355
2146 1356
2147 1358
2148 1356
2149 1358
2150 1358
2151 1358
2152 1355
2153 1356
2154 1354
2155 1355
2156 1355
2157 1357
2158 1357
2159 1356
2160 1356
2161 1356
2162 1357
2163 1358
2164 1357
2165 1358
2166 1355
2167 1355
2168 1356
2169 1355
2170 1357
2171 1357
2172 1358
2173 1359
2174 1357
2175 1357
2176 1356
2177 1359
2178 1357
2179 1356
2180 1354
2181 1354
2182 1353
2183 1357
2184 1357
2185 1359
2186 1356
2187 1355
2188 1356
2189 1358
2190 1358
2191 1358
2192 1359
2193 1358
2194 1358
2195 1357
2196 1357
2197 1356
2198 1356
2199 1356
2200 1357
2201 1356
2202 1357
2203 1357
2204 1356
2205 1354
2206 1353
2207 1354
2208 1354
2209 1356
2210 1357
2211 1354
2212 1356
2213 1354
2214 1357
2215 1354
2216 1353
2217 1356
2218 1353
2219 1356
2220 1358
2221 1356
2222 1356
2223 1355
2224 1357
2225 1355
2226 1357
2227 1359
2228 1357
2229 1356
2230 1356
2231 1356
2232 1356
2233 1356
2234 1353
2235 1355
2236 1360
2237 1356
2238 1358
2239 1359
2240 1356
2241 1358
2242 1357
2243 1356
2244 1357
2245 1358
2246 1355
2247 1356
2248 1355
2249 1356
2250 1359
2251 1356
2252 1354
2253 1355
2254 1356
2255 1358
2256 1357
2257 1359
2258 1356
2259 1355
2260 1354
2261 1355
2262 1356
2263 1356
2264 1357
2265 1357
2266 1356
2267 1359
2268 1358
2269 1357
2270 1355
2271 1355
2272 1356
2273 1354
2274 1357
2275 1356
2276 1358
2277 1356
2278 1357
2279 1356
2280 1357
2281 1357
2282 1357
2283 1358
2284 1360
2285 1355
2286 1356
2287 1355
2288 1356
2289 1355
2290 1355
2291 1356
2292 1357
2293 1359
2294 1358
2295 1357
2296 1357
2297 1354
2298 1355
2299 1353
2300 1357
2301 1356
2302 1355
2303 1356
2304 1355
2305 1355
2306 1355
2307 1354
2308 1353
2309 1354
2310 1359
2311 1358
2312 1355
2313 1357
2314 1357
2315 1356
2316 1357
2317 1355
2318 1358
2319 1355
2320 1360
2321 1358
2322 1357
2323 1357
2324 1356
2325 1357
2326 1358
2327 1357
2328 1357
2329 1356
2330 1356
2331 1355
2332 1357
2333 1358
2334 1357
2335 1354
2336 1354
2337 1355
2338 1357
2339 1353
2340 1357
2341 1356
2342 1354
2343 1358
2344 1357
2345 1356
2346 1356
2347 1357
2348 1355
2349 1357
2350 1357
2351 1355
2352 1357
2353 1356
2354 1354
2355 1353
2356 1355
2357 1355
2358 1357
2359 1355
2360 1357
2361 1357
2362 1356
2363 1352
2364 1357
2365 1355
2366 1355
2367 1356
2368 1353
2369 1354
2370 1357
2371 1357
2372 1358
2373 1356
2374 1355
2375 1354
2376 1357
2377 1357
2378 1357
2379 1357
2380 1355
2381 1354
2382 1353
2383 1354
2384 1357
2385 1357
2386 1355
2387 1357
2388 1355
2389 1356
2390 1354
2391 1355
2392 1355
2393 1356
2394 1357
2395 1356
2396 1355
2397 1357
2398 1355
2399 1355
2400 1353
2401 1356
2402 1355
2403 1355
2404 1356
2405 1355
2406 1356
2407 1356
2408 1357
2409 1358
2410 1358
2411 1359
2412 1357
2413 1360
2414 1360
2415 1358
2416 1358
2417 1357
2418 1354
2419 1354
2420 1354
2421 1356
2422 1357
2423 1355
2424 1355
2425 1354
2426 1358
2427 1357
2428 1356
2429 1357
2430 1356
2431 1354
2432 1357
2433 1359
2434 1357
2435 1356
2436 1354
2437 1355
2438 1355
2439 1355
2440 1358
2441 1354
2442 1357
2443 1356
2444 1355
2445 1356
2446 1356
2447 1354
2448 1357
2449 1355
2450 1355
2451 1356
2452 1354
2453 1354
2454 1355
2455 1354
2456 1355
2457 1355
2458 1354
2459 1356
2460 1357
2461 1354
2462 1356
2463 1355
2464 1355
2465 1357
2466 1357
2467 1355
2468 1354
2469 1354
2470 1359
2471 1357
2472 1356
2473 1356
2474 1356
2475 1357
2476 1357
2477 1357
2478 1357
2479 1356
2480 1357
2481 1356
2482 1357
2483 1354
2484 1356
2485 1355
2486 1357
2487 1356
2488 1355
2489 1354
2490 1358
2491 1357
2492 1355
2493 1355
2494 1357
2495 1356
2496 1357
2497 1357
2498 1356
2499 1355
2500 1358
2501 1359
2502 1356
2503 1357
2504 1358
2505 1356
2506 1356
2507 1355
2508 1358
2509 1353
2510 1351
2511 1357
2512 1359
2513 1358
2514 1356
2515 1355
2516 1357
2517 1357
2518 1355
2519 1356
2520 1356
2521 1355
2522 1357
2523 1357
2524 1357
2525 1357
2526 1357
2527 1356
2528 1356
2529 1357
2530 1357
2531 1358
2532 1354
2533 1358
2534 1356
2535 1359
2536 1357
2537 1357
2538 1358
2539 1357
2540 1357
2541 1359
2542 1360
2543 1357
2544 1357
2545 1358
2546 1358
2547 1356
2548 1354
2549 1357
2550 1358
2551 1357
2552 1358
2553 1356
2554 1358
2555 1358
2556 1355
2557 1355
2558 1357
2559 1357
2560 1357
2561 1356
2562 1357
2563 1357
2564 1354
2565 1354
2566 1355
2567 1353
2568 1357
2569 1354
2570 1357
2571 1355
2572 1356
2573 1355
2574 1359
2575 1356
2576 1357
2577 1355
2578 1357
2579 1358
2580 1355
2581 1353
2582 1357
2583 1357
2584 1359
2585 1356
2586 1357
2587 1354
2588 1357
2589 1354
2590 1360
2591 1358
2592 1358
2593 1355
2594 1358
2595 1356
2596 1356
2597 1356
2598 1355
2599 1355
2600 1359
2601 1356
2602 1361
2603 1358
2604 1357
2605 1356
2606 1356
2607 1356
2608 1357
2609 1354
2610 1356
2611 1356
2612 1355
2613 1355
2614 1355
2615 1355
2616 1356
2617 1354
2618 1357
2619 1355
2620 1357
2621 1355
2622 1357
2623 1356
2624 1356
2625 1356
2626 1355
2627 1357
2628 1357
2629 1359
2630 1359
2631 1356
2632 1354
2633 1356
2634 1357
2635 1356
2636 1357
2637 1354
2638 1357
2639 1355
2640 1355
2641 1357
2642 1356
2643 1353
2644 1354
2645 1354
2646 1357
2647 1356
2648 1356
2649 1357
2650 1358
2651 1357
2652 1357
2653 1360
2654 1355
2655 1356
2656 1355
2657 1356
2658 1357
2659 1356
2660 1358
2661 1358
2662 1354
2663 1355
2664 1357
2665 1355
2666 1354
2667 1354
2668 1356
2669 1356
2670 1356
2671 1354
2672 1357
2673 1356
2674 1357
2675 1358
2676 1358
2677 1357
2678 1359
2679 1355
2680 1356
2681 1355
2682 1356
2683 1356
2684 1355
2685 1359
2686 1356
2687 1354
2688 1355
2689 1355
2690 1358
2691 1358
2692 1357
2693 1356
2694 1356
2695 1356
2696 1355
2697 1355
2698 1356
2699 1355
2700 1357
2701 1356
2702 1354
2703 1357
2704 1358
2705 1357
2706 1358
2707 1357
2708 1358
2709 1358
2710 1357
2711 1357
2712 1356
2713 1355
2714 1357
2715 1356
2716 1358
2717 1356
2718 1357
2719 1355
2720 1359
2721 1357
2722 1356
2723 1358
2724 1354
2725 1356
2726 1358
2727 1357
2728 1357
2729 1356
2730 1357
2731 1357
2732 1355
2733 1355
2734 1357
2735 1356
2736 1357
2737 1356
2738 1356
2739 1357
2740 1353
2741 1356
2742 1356
2743 1356
2744 1356
2745 1356
2746 1358
2747 1359
2748 1359
2749 1356
2750 1358
2751 1359
2752 1358
2753 1357
2754 1358
2755 1357
2756 1357
2757 1357
2758 1358
2759 1354
2760 1357
2761 1361
2762 1358
2763 1357
2764 1359
2765 1357
2766 1358
2767 1356
2768 1359
2769 1355
2770 1355
2771 1356
2772 1357
2773 1357
2774 1356
2775 1359
2776 1357
2777 1356
2778 1356
2779 1357
2780 1356
2781 1358
2782 1358
2783 1357
2784 1359
2785 1358
2786 1358
2787 1355
2788 1354
2789 1355
2790 1358
2791 1357
2792 1357
2793 1358
2794 1356
2795 1356
2796 1355
2797 1357
2798 1355
2799 1357
2800 1358
2801 1355
2802 1355
2803 1356
2804 1357
2805 1358
2806 1357
2807 1359
2808 1357
2809 1358
2810 1356
2811 1357
2812 1359
2813 1356
2814 1357
2815 1356
2816 1358
2817 1353
2818 1355
2819 1356
2820 1357
2821 1358
2822 1359
2823 1357
2824 1355
2825 1356
2826 1358
2827 1356
2828 1355
2829 1353
2830 1356
2831 1356
2832 1356
2833 1356
2834 1358
2835 1357
2836 1357
2837 1358
2838 1356
2839 1356
2840 1355
2841 1355
2842 1358
2843 1356
2844 1359
2845 1355
2846 1358
2847 1357
2848 1357
2849 1356
2850 1359
2851 1355
2852 1356
2853 1356
2854 1356
2855 1359
2856 1357
2857 1357
2858 1358
2859 1355
2860 1355
2861 1358
2862 1359
2863 1358
2864 1355
2865 1356
2866 1357
2867 1356
2868 1357
2869 1355
2870 1356
2871 1357
2872 1357
2873 1355
2874 1358
2875 1355
2876 1357
2877 1356
2878 1357
2879 1360
2880 1360
2881 1356
2882 1355
2883 1352
2884 1358
2885 1355
2886 1355
2887 1353
2888 1358
2889 1356
2890 1357
2891 1358
2892 1357
2893 1358
2894 1356
2895 1357
2896 1358
2897 1358
2898 1356
2899 1358
2900 1355
2901 1355
2902 1357
2903 1356
2904 1355
2905 1357
2906 1357
2907 1356
2908 1357
2909 1358
2910 1357
2911 1356
2912 1354
2913 1356
2914 1357
2915 1355
2916 1355
2917 1354
2918 1355
2919 1356
2920 1359
2921 1358
2922 1357
2923 1358
2924 1357
2925 1356
2926 1357
2927 1356
2928 1357
2929 1356
2930 1357
2931 1356
2932 1356
2933 1357
2934 1357
2935 1357
2936 1355
2937 1358
2938 1356
2939 1356
2940 1357
2941 1357
2942 1357
2943 1354
2944 1355
2945 1356
2946 1359
2947 1358
2948 1355
2949 1355
2950 1354
2951 1355
2952 1357
2953 1356
2954 1357
2955 1357
2956 1356
2957 1357
2958 1357
2959 1358
2960 1355
2961 1358
2962 1355
2963 1356
2964 1356
2965 1354
2966 1355
2967 1357
2968 1357
2969 1355
2970 1353
2971 1357
2972 1357
2973 1357
2974 1354
2975 1355
2976 1355
2977 1355
2978 1353
2979 1355
2980 1360
2981 1356
2982 1359
2983 1356
2984 1355
2985 1357
2986 1355
2987 1355
2988 1355
2989 1352
2990 1355
2991 1355
2992 1357
2993 1357
2994 1357
2995 1355
2996 1358
2997 1358
2998 1356
2999 1358
3000 1356
3001 1354
3002 1354
3003 1353
3004 1357
3005 1354
3006 1356
3007 1356
3008 1356
3009 1357
3010 1360
3011 1358
3012 1355
3013 1356
3014 1357
3015 1356
3016 1356
3017 1357
3018 1358
3019 1355
3020 1356
3021 1359
3022 1358
3023 1357
3024 1358
3025 1357
3026 1356
3027 1357
3028 1356
3029 1356
3030 1358
3031 1356
3032 1356
3033 1356
3034 1357
3035 1356
3036 1356
3037 1354
3038 1355
3039 1358
3040 1360
3041 1359
3042 1357
3043 1356
3044 1355
3045 1356
3046 1358
3047 1356
3048 1358
3049 1355
3050 1357
3051 1355
3052 1356
3053 1355
3054 1356
3055 1355
3056 1357
3057 1355
3058 1356
3059 1355
3060 1355
3061 1356
3062 1354
3063 1355
3064 1357
3065 1356
3066 1355
3067 1356
3068 1357
3069 1354
3070 1358
3071 1359
3072 1357
3073 1359
3074 1358
3075 1355
3076 1358
3077 1355
3078 1357
3079 1355
3080 1358
3081 1356
3082 1356
3083 1355
3084 1357
3085 1356
3086 1359
3087 1355
3088 1356
3089 1356
3090 1356
3091 1354
3092 1355
3093 1353
3094 1357
3095 1355
3096 1358
3097 1356
3098 1356
3099 1355
3100 1358
3101 1356
3102 1354
3103 1356
3104 1354
3105 1354
3106 1357
3107 1356
3108 1357
3109 1353
3110 1359
3111 1355
3112 1356
3113 1356
3114 1357
3115 1356
3116 1356
3117 1356
3118 1354
3119 1355
3120 1356
3121 1356
3122 1354
3123 1356
3124 1358
3125 1355
3126 1357
3127 1356
3128 1358
3129 1357
3130 1357
3131 1356
3132 1357
3133 1358
3134 1357
3135 1355
3136 1356
3137 1353
3138 1357
3139 1355
3140 1358
3141 1353
3142 1357
3143 1356
3144 1356
3145 1357
3146 1357
3147 1356
3148 1357
3149 1355
3150 1355
3151 1353
3152 1356
3153 1356
3154 1357
3155 1355
3156 1357
3157 1356
3158 1355
3159 1353
3160 1355
3161 1353
3162 1359
3163 1357
3164 1357
3165 1355
3166 1356
3167 1354
3168 1354
3169 1354
3170 1360
3171 1357
3172 1359
3173 1355
3174 1357
3175 1356
3176 1356
3177 1354
3178 1356
3179 1355
3180 1356
3181 1356
3182 1355
3183 1356
3184 1358
3185 1356
3186 1359
3187 1353
3188 1357
3189 1355
3190 1356
3191 1355
3192 1355
3193 1354
3194 1357
3195 1356
3196 1357
3197 1354
3198 1356
3199 1356
3200 1359
3201 1359
3202 1355
3203 1355
3204 1360
3205 1354
3206 1358
3207 1355
3208 1358
3209 1360
3210 1356
3211 1354
3212 1357
3213 1359
3214 1356
3215 1356
3216 1356
3217 1354
3218 1355
3219 1354
3220 1356
3221 1354
3222 1356
3223 1356
3224 1358
3225 1355
3226 1358
3227 1351
3228 1357
3229 1355
3230 1356
3231 1356
3232 1358
3233 1355
3234 1357
3235 1353
3236 1355
3237 1356
3238 1357
3239 1356
3240 1359
3241 1355
3242 1356
3243 1355
3244 1355
3245 1353
3246 1360
3247 1355
3248 1354
3249 1356
3250 1355
3251 1355
3252 1354
3253 1353
3254 1354
3255 1354
3256 1355
3257 1356
3258 1357
3259 1356
3260 1359
3261 1358
3262 1357
3263 1357
3264 1360
3265 1354
3266 1356
3267 1355
3268 1356
3269 1355
3270 1356
3271 1356
3272 1357
3273 1355
3274 1355
3275 1355
3276 1357
3277 1356
3278 1356
3279 1356
3280 1357
3281 1357
3282 1356
3283 1354
3284 1357
3285 1353
3286 1357
3287 1357
3288 1354
3289 1355
3290 1359
3291 1356
3292 1357
3293 1357
3294 1359
3295 1356
3296 1359
3297 1355
3298 1357
3299 1355
3300 1355
3301 1354
3302 1357
3303 1356
3304 1358
3305 1355
3306 1358
3307 1354
3308 1359
3309 1357
3310 1356
3311 1357
3312 1357
3313 1355
3314 1358
3315 1358
3316 1357
3317 1354
3318 1355
3319 1358
3320 1360
3321 1356
3322 1358
3323 1357
3324 1360
3325 1356
3326 1357
3327 1356
3328 1355
3329 1356
3330 1355
3331 1356
3332 1358
3333 1356
3334 1358
3335 1354
3336 1355
3337 1354
3338 1356
3339 1354
3340 1353
3341 1356
3342 1356
3343 1359
3344 1355
3345 1356
3346 1357
3347 1357
3348 1355
3349 1355
3350 1358
3351 1356
3352 1358
3353 1357
3354 1356
3355 1356
3356 1358
3357 1354
3358 1355
3359 1356
3360 1359
3361 1356
3362 1357
3363 1358
3364 1357
3365 1357
3366 1355
3367 1357
3368 1353
3369 1355
3370 1356
3371 1354
3372 1356
3373 1358
3374 1359
3375 1357
3376 1356
3377 1357
3378 1354
3379 1355
3380 1357
3381 1355
3382 1356
3383 1358
3384 1358
3385 1358
3386 1356
3387 1355
3388 1357
3389 1357
3390 1358
3391 1355
3392 1359
3393 1355
3394 1358
3395 1355
3396 1359
3397 1356
3398 1355
3399 1355
3400 1355
3401 1356
3402 1359
3403 1357
3404 1356
3405 1356
3406 1356
3407 1359
3408 1355
3409 1355
3410 1357
3411 1359
3412 1360
3413 1356
3414 1357
3415 1356
3416 1358
3417 1358
3418 1355
3419 1356
3420 1358
3421 1357
3422 1359
3423 1356
3424 1357
3425 1356
3426 1355
3427 1353
3428 1354
3429 1352
3430 1356
3431 1355
3432 1354
3433 1355
3434 1355
3435 1354
3436 1357
3437 1359
3438 1357
3439 1353
3440 1356
3441 1357
3442 1357
3443 1359
3444 1357
3445 1356
3446 1359
3447 1356
3448 1357
3449 1356
3450 1359
3451 1361
3452 1357
3453 1355
3454 1356
3455 1353
3456 1356
3457 1355
3458 1356
3459 1356
3460 1357
3461 1355
3462 1358
3463 1354
3464 1356
3465 1356
3466 1356
3467 1358
3468 1356
3469 1353
3470 1354
3471 1355
3472 1354
3473 1356
3474 1357
3475 1357
3476 1355
3477 1356
3478 1354
3479 1355
3480 1359
3481 1356
3482 1359
3483 1358
3484 1355
3485 1358
3486 1354
3487 1354
3488 1356
3489 1356
3490 1354
3491 1356
3492 1359
3493 1356
3494 1356
3495 1357
3496 1355
3497 1358
3498 1356
3499 1354
3500 1357
3501 1358
3502 1359
3503 1356
3504 1356
3505 1357
3506 1356
3507 1359
3508 1358
3509 1358
3510 1359
3511 1359
3512 1358
3513 1357
3514 1358
3515 1356
3516 1358
3517 1358
3518 1356
3519 1354
3520 1354
3521 1355
3522 1357
3523 1355
3524 1357
3525 1356
3526 1357
3527 1356
3528 1357
3529 1355
3530 1355
3531 1355
3532 1356
3533 1357
3534 1356
3535 1353
3536 1356
3537 1354
3538 1355
3539 1355
3540 1359
3541 1358
3542 1358
3543 1358
3544 1358
3545 1356
3546 1359
3547 1357
3548 1357
3549 1356
3550 1359
3551 1356
3552 1356
3553 1355
3554 1357
3555 1357
3556 1359
3557 1358
3558 1359
3559 1356
3560 1358
3561 1357
3562 1355
3563 1355
3564 1358
3565 1357
3566 1357
3567 1356
3568 1357
3569 1356
3570 1359
3571 1358
3572 1357
3573 1359
3574 1356
3575 1356
3576 1357
3577 1356
3578 1360
3579 1359
3580 1361
3581 1359
3582 1358
3583 1356
3584 1354
3585 1356
3586 1359
3587 1355
3588 1357
3589 1355
3590 1354
3591 1358
3592 1357
3593 1356
3594 1356
3595 1356
3596 1358
3597 1357
3598 1357
3599 1356
3600 1358
3601 1354
3602 1355
3603 1353
3604 1356
3605 1353
3606 1359
3607 1355
3608 1356
3609 1354
3610 1357
3611 1359
3612 1356
3613 1357
3614 1357
3615 1359
3616 1357
3617 1356
3618 1358
3619 1358
3620 1357
3621 1357
3622 1357
3623 1359
3624 1359
3625 1358
3626 1359
3627 1358
3628 1357
3629 1355
3630 1358
3631 1357
3632 1358
3633 1356
3634 1358
3635 1357
3636 1362
3637 1357
3638 1355
3639 1358
3640 1357
3641 1357
3642 1356
3643 1357
3644 1356
3645 1358
3646 1357
3647 1356
3648 1355
3649 1353
3650 1356
3651 1356
3652 1357
3653 1356
3654 1355
3655 1355
3656 1359
3657 1354
3658 1357
3659 1355
3660 1358
3661 1356
3662 1357
3663 1355
3664 1359
3665 1356
3666 1357
3667 1356
3668 1355
3669 1356
3670 1357
3671 1357
3672 1356
3673 1356
3674 1356
3675 1357
3676 1355
3677 1356
3678 1358
3679 1359
3680 1355
3681 1357
3682 1355
3683 1359
3684 1357
3685 1355
3686 1357
3687 1358
3688 1357
3689 1356
3690 1357
3691 1356
3692 1356
3693 1356
3694 1357
3695 1354
3696 1356
3697 1356
3698 1356
3699 1357
3700 1358
3701 1356
3702 1358
3703 1357
3704 1357
3705 1356
3706 1359
3707 1357
3708 1358
3709 1358
3710 1361
3711 1357
3712 1359
3713 1357
3714 1358
3715 1356
3716 1356
3717 1355
3718 1356
3719 1355
3720 1357
3721 1356
3722 1357
3723 1354
3724 1358
3725 1356
3726 1360
3727 1356
3728 1355
3729 1356
3730 1356
3731 1354
3732 1357
3733 1356
3734 1356
3735 1356
3736 1357
3737 1356
3738 1354
3739 1354
3740 1360
3741 1358
3742 1358
3743 1356
3744 1354
3745 1356
3746 1358
3747 1356
3748 1357
3749 1354
3750 1355
3751 1355
3752 1356
3753 1357
3754 1357
3755 1356
3756 1357
3757 1355
3758 1354
3759 1357
3760 1357
3761 1354
3762 1356
3763 1357
3764 1357
3765 1357
3766 1357
3767 1354
3768 1354
3769 1355
3770 1361
3771 1357
3772 1355
3773 1357
3774 1360
3775 1356
3776 1359
3777 1355
3778 1355
3779 1353
3780 1355
3781 1356
3782 1357
3783 1356
3784 1357
3785 1358
3786 1357
3787 1354
3788 1355
3789 1356
3790 1357
3791 1359
3792 1358
3793 1357
3794 1356
3795 1356
3796 1356
3797 1355
3798 1354
3799 1353
3800 1357
3801 1358
3802 1357
3803 1356
3804 1356
3805 1357
3806 1352
3807 1356
3808 1356
3809 1357
3810 1356
3811 1359
3812 1357
3813 1355
3814 1354
3815 1356
3816 1358
3817 1356
3818 1358
3819 1356
3820 1358
3821 1355
3822 1355
3823 1355
3824 1354
3825 1356
3826 1357
3827 1356
3828 1353
3829 1356
3830 1357
3831 1357
3832 1356
3833 1357
3834 1358
3835 1355
3836 1354
3837 1353
3838 1357
3839 1356
3840 1356
3841 1356
3842 1355
3843 1356
3844 1357
3845 1355
3846 1357
3847 1355
3848 1356
3849 1356
3850 1356
3851 1355
3852 1355
3853 1357
3854 1353
3855 1354
3856 1355
3857 1355
3858 1358
3859 1356
3860 1358
3861 1358
3862 1357
3863 1354
3864 1357
3865 1352
3866 1356
3867 1355
3868 1357
3869 1356
3870 1355
3871 1355
3872 1359
3873 1357
3874 1357
3875 1357
3876 1357
3877 1356
3878 1356
3879 1355
3880 1353
3881 1357
3882 1355
3883 1355
3884 1356
3885 1355
3886 1355
3887 1356
3888 1356
3889 1354
3890 1355
3891 1355
3892 1355
3893 1356
3894 1355
3895 1355
3896 1355
3897 1358
3898 1358
3899 1356
3900 1358
3901 1357
3902 1357
3903 1356
3904 1356
3905 1357
3906 1356
3907 1356
3908 1357
3909 1357
3910 1358
3911 1356
3912 1356
3913 1359
3914 1357
3915 1357
3916 1357
3917 1359
3918 1358
3919 1353
3920 1355
3921 1356
3922 1356
3923 1356
3924 1354
3925 1356
3926 1354
3927 1354
3928 1355
3929 1356
3930 1357
3931 1357
3932 1357
3933 1353
3934 1352
3935 1357
3936 1357
3937 1357
3938 1357
3939 1356
3940 1354
3941 1354
3942 1354
3943 1356
3944 1356
3945 1357
3946 1357
3947 1358
3948 1357
3949 1357
3950 1357
3951 1357
3952 1355
3953 1355
3954 1356
3955 1356
3956 1357
3957 1354
3958 1354
3959 1355
3960 1357
3961 1357
3962 1357
3963 1355
3964 1357
3965 1357
3966 1359
3967 1358
3968 1358
3969 1359
3970 1357
3971 1355
3972 1355
3973 1354
3974 1356
3975 1356
3976 1357
3977 1356
3978 1358
3979 1354
3980 1356
3981 1355
3982 1354
3983 1355
3984 1356
3985 1355
3986 1358
3987 1357
3988 1356
3989 1359
3990 1357
3991 1357
3992 1355
3993 1357
3994 1356
3995 1355
3996 1359
3997 1355
3998 1357
3999 1358
