0 1353
1 1357
2 1357
3 1353
4 1355
5 1354
6 1354
7 1358
8 1355
9 1357
10 1354
11 1354
12 1352
13 1356
14 1354
15 1355
16 1355
17 1357
18 1355
19 1359
20 1357
21 1354
22 1356
23 1356
24 1355
25 1353
26 1352
27 1355
28 1356
29 1353
30 1352
31 1355
32 1354
33 1355
34 1353
35 1352
36 1356
37 1360
38 1356
39 1351
40 1356
41 1357
42 1355
43 1355
44 1351
45 1356
46 1356
47 1357
48 1355
49 1352
50 1352
51 1357
52 1356
53 1356
54 1354
55 1351
56 1354
57 1358
58 1352
59 1354
60 1352
61 1354
62 1359
63 1357
64 1354
65 1354
66 1353
67 1355
68 1355
69 1356
70 1355
71 1354
72 1357
73 1354
74 1356
75 1354
76 1354
77 1354
78 1354
79 1356
80 1355
81 1352
82 1353
83 1355
84 1354
85 1352
86 1351
87 1354
88 1355
89 1352
90 1355
91 1355
92 1353
93 1353
94 1354
95 1356
96 1354
97 1354
98 1354
99 1355
100 1356
101 1352
102 1355
103 1355
104 1354
105 1355
106 1356
107 1355
108 1355
109 1355
110 1355
111 1353
112 1353
113 1356
114 1353
115 1355
116 1356
117 1354
118 1357
119 1356
120 1356
121 1354
122 1353
123 1351
124 1355
125 1352
126 1354
127 1357
128 1355
129 1355
130 1356
131 1355
132 1357
133 1354
134 1356
135 1356
136 1356
137 1352
138 1355
139 1355
140 1356
141 1355
142 1352
143 1355
144 1356
145 1355
146 1356
147 1357
148 1356
149 1353
150 1354
151 1354
152 1355
153 1352
154 1356
155 1354
156 1354
157 1353
158 1353
159 1357
160 1356
161 1355
162 1353
163 1355
164 1354
165 1357
166 1354
167 1354
168 1354
169 1355
170 1357
171 1354
172 1356
173 1357
174 1354
175 1355
176 1356
177 1353
178 1353
179 1352
180 1354
181 1355
182 1356
183 1356
184 1356
185 1355
186 1353
187 1355
188 1355
189 1354
190 1356
191 1355
192 1354
193 1356
194 1357
195 1354
196 1355
197 1353
198 1356
199 1354
200 1354
201 1355
202 1354
203 1357
204 1352
205 1355
206 1356
207 1357
208 1356
209 1353
210 1353
211 1358
212 1354
213 1353
214 1349
215 1350
216 1357
217 1359
218 1356
219 1353
220 1353
221 1356
222 1357
223 1353
224 1353
225 1354
226 1354
227 1352
228 1353
229 1354
230 1354
231 1356
232 1355
233 1353
234 1354
235 1354
236 1353
237 1355
238 1355
239 1354
240 1354
241 1351
242 1355
243 1357
244 1352
245 1355
246 1353
247 1354
248 1353
249 1355
250 1353
251 1357
252 1354
253 1358
254 1352
255 1354
256 1356
257 1355
258 1356
259 1356
260 1354
261 1355
262 1355
263 1355
264 1353
265 1352
266 1354
267 1354
268 1355
269 1354
270 1354
271 1356
272 1354
273 1353
274 1353
275 1354
276 1353
277 1353
278 1353
279 1353
280 1352
281 1354
282 1351
283 1352
284 1356
285 1354
286 1357
287 1354
288 1354
289 1355
290 1356
291 1355
292 1354
293 1355
294 1352
295 1356
296 1353
297 1355
298 1354
299 1355
300 1354
301 1356
302 1356
303 1354
304 1352
305 1354
306 1352
307 1353
308 1354
309 1355
310 1355
311 1355
312 1355
313 1355
314 1354
315 1353
316 1354
317 1354
318 1353
319 1355
320 1352
321 1352
322 1355
323 1355
324 1355
325 1355
326 1354
327 1354
328 1353
329 1353
330 1353
331 1356
332 1356
333 1358
334 1355
335 1352
336 1350
337 1353
338 1353
339 1354
340 1355
341 1354
342 1355
343 1353
344 1354
345 1353
346 1356
347 1356
348 1355
349 1352
350 1355
351 1353
352 1354
353 1355
354 1353
355 1354
356 1356
357 1355
358 1356
359 1353
360 1352
361 1354
362 1353
363 1357
364 1356
365 1354
366 1352
367 1355
368 1355
369 1356
370 1354
371 1352
372 1357
373 1356
374 1358
375 1353
376 1356
377 1352
378 1357
379 1354
380 1354
381 1353
382 1358
383 1354
384 1354
385 1355
386 1354
387 1356
388 1356
389 1353
390 1353
391 1354
392 1355
393 1352
394 1351
395 1350
396 1356
397 1359
398 1355
399 1350
400 1353
401 1352
402 1357
403 1354
404 1354
405 1353
406 1355
407 1354
408 1357
409 1356
410 1357
411 1359
412 1359
413 1354
414 1356
415 1353
416 1353
417 1353
418 1358
419 1357
420 1352
421 1350
422 1353
423 1356
424 1355
425 1352
426 1354
427 1354
428 1353
429 1351
430 1353
431 1355
432 1356
433 1353
434 1353
435 1354
436 1356
437 1356
438 1357
439 1355
440 1354
441 1356
442 1355
443 1353
444 1353
445 1354
446 1356
447 1357
448 1356
449 1355
450 1356
451 1353
452 1356
453 1357
454 1357
455 1350
456 1353
457 1354
458 1355
459 1357
460 1354
461 1353
462 1355
463 1353
464 1354
465 1353
466 1353
467 1356
468 1355
469 1357
470 1354
471 1358
472 1354
473 1355
474 1356
475 1355
476 1357
477 1357
478 1356
479 1358
480 1356
481 1355
482 1358
483 1354
484 1355
485 1355
486 1354
487 1357
488 1353
489 1351
490 1353
491 1355
492 1356
493 1353
494 1357
495 1354
496 1357
497 1356
498 1354
499 1356
500 1356
501 1355
502 1356
503 1355
504 1354
505 1353
506 1355
507 1355
508 1357
509 1352
510 1355
511 1357
512 1355
513 1353
514 1354
515 1356
516 1355
517 1353
518 1355
519 1353
520 1354
521 1355
522 1354
523 1354
524 1356
525 1357
526 1355
527 1353
528 1356
529 1357
530 1357
531 1362
532 1362
533 1370
534 1377
535 1391
536 1413
537 1453
538 1503
539 1573
540 1653
541 1748
542 1852
543 1963
544 2083
545 2202
546 2319
547 2427
548 2526
549 2612
550 2684
551 2754
552 2814
553 2859
554 2898
555 2920
556 2936
557 2941
558 2936
559 2924
560 2904
561 2867
562 2835
563 2792
564 2745
565 2687
566 2631
567 2573
568 2515
569 2456
570 2396
571 2339
572 2281
573 2228
574 2176
575 2134
576 2090
577 2048
578 2004
579 1966
580 1928
581 1893
582 1853
583 1817
584 1783
585 1755
586 1726
587 1701
588 1677
589 1655
590 1635
591 1619
592 1605
593 1589
594 1575
595 1555
596 1542
597 1530
598 1520
599 1510
600 1497
601 1489
602 1482
603 1475
604 1464
605 1453
606 1448
607 1441
608 1435
609 1427
610 1423
611 1421
612 1414
613 1409
614 1404
615 1402
616 1400
617 1399
618 1394
619 1392
620 1387
621 1385
622 1386
623 1381
624 1381
625 1379
626 1374
627 1377
628 1376
629 1373
630 1371
631 1373
632 1368
633 1369
634 1365
635 1367
636 1363
637 1365
638 1363
639 1363
640 1361
641 1363
642 1361
643 1361
644 1361
645 1360
646 1358
647 1362
648 1362
649 1357
650 1355
651 1355
652 1356
653 1360
654 1357
655 1361
656 1359
657 1356
658 1356
659 1355
660 1357
661 1357
662 1358
663 1356
664 1359
665 1356
666 1359
667 1357
668 1356
669 1355
670 1354
671 1356
672 1358
673 1357
674 1359
675 1357
676 1356
677 1355
678 1356
679 1356
680 1358
681 1361
682 1356
683 1357
684 1355
685 1355
686 1356
687 1353
688 1354
689 1356
690 1356
691 1353
692 1352
693 1357
694 1356
695 1356
696 1356
697 1356
698 1354
699 1354
700 1356
701 1354
702 1356
703 1357
704 1356
705 1355
706 1358
707 1357
708 1354
709 1357
710 1352
711 1351
712 1353
713 1357
714 1356
715 1353
716 1354
717 1358
718 1354
719 1355
720 1356
721 1355
722 1355
723 1357
724 1353
725 1356
726 1356
727 1357
728 1352
729 1355
730 1355
731 1355
732 1355
733 1355
734 1353
735 1355
736 1356
737 1353
738 1352
739 1356
740 1353
741 1356
742 1355
743 1356
744 1356
745 1355
746 1353
747 1355
748 1354
749 1354
750 1355
751 1355
752 1354
753 1356
754 1354
755 1352
756 1356
757 1359
758 1356
759 1354
760 1354
761 1355
762 1357
763 1354
764 1356
765 1355
766 1355
767 1353
768 1355
769 1353
770 1353
771 1358
772 1355
773 1357
774 1353
775 1357
776 1355
777 1356
778 1355
779 1354
780 1352
781 1355
782 1354
783 1355
784 1354
785 1352
786 1356
787 1354
788 1355
789 1353
790 1353
791 1355
792 1353
793 1349
794 1352
795 1352
796 1356
797 1355
798 1356
799 1356
800 1352
801 1354
802 1358
803 1354
804 1354
805 1355
806 1354
807 1354
808 1355
809 1357
810 1355
811 1358
812 1355
813 1354
814 1355
815 1356
816 1356
817 1354
818 1354
819 1355
820 1355
821 1355
822 1354
823 1355
824 1355
825 1354
826 1354
827 1356
828 1353
829 1355
830 1356
831 1356
832 1355
833 1356
834 1358
835 1355
836 1354
837 1354
838 1356
839 1356
840 1354
841 1353
842 1355
843 1352
844 1353
845 1355
846 1354
847 1356
848 1356
849 1350
850 1355
851 1356
852 1355
853 1355
854 1352
855 1353
856 1356
857 1355
858 1354
859 1352
860 1354
861 1355
862 1352
863 1355
864 1354
865 1356
866 1356
867 1356
868 1355
869 1355
870 1356
871 1356
872 1355
873 1353
874 1351
875 1354
876 1357
877 1352
878 1354
879 1352
880 1355
881 1355
882 1355
883 1354
884 1356
885 1354
886 1354
887 1354
888 1356
889 1353
890 1353
891 1353
892 1354
893 1355
894 1354
895 1354
896 1354
897 1355
898 1355
899 1355
900 1355
901 1355
902 1354
903 1355
904 1353
905 1351
906 1355
907 1356
908 1357
909 1355
910 1355
911 1353
912 1356
913 1353
914 1351
915 1352
916 1356
917 1353
918 1356
919 1356
920 1355
921 1353
922 1353
923 1352
924 1354
925 1356
926 1354
927 1351
928 1353
929 1354
930 1353
931 1351
932 1356
933 1354
934 1354
935 1351
936 1354
937 1357
938 1357
939 1351
940 1354
941 1355
942 1356
943 1356
944 1357
945 1352
946 1357
947 1352
948 1352
949 1354
950 1354
951 1357
952 1354
953 1354
954 1357
955 1356
956 1354
957 1356
958 1358
959 1355
960 1355
961 1352
962 1355
963 1359
964 1358
965 1355
966 1355
967 1353
968 1355
969 1356
970 1355
971 1354
972 1356
973 1357
974 1358
975 1353
976 1356
977 1356
978 1355
979 1358
980 1354
981 1354
982 1356
983 1356
984 1354
985 1352
986 1354
987 1353
988 1355
989 1355
990 1354
991 1356
992 1355
993 1355
994 1357
995 1357
996 1357
997 1355
998 1355
999 1353
1000 1353
1001 1354
1002 1355
1003 1355
1004 1357
1005 1355
1006 1357
1007 1356
1008 1357
1009 1354
1010 1356
1011 1354
1012 1359
1013 1355
1014 1356
1015 1352
1016 1355
1017 1354
1018 1356
1019 1356
1020 1357
1021 1356
1022 1357
1023 1355
1024 1355
1025 1357
1026 1356
1027 1355
1028 1357
1029 1357
1030 1357
1031 1354
1032 1356
1033 1356
1034 1356
1035 1356
1036 1356
1037 1356
1038 1356
1039 1356
1040 1356
1041 1354
1042 1354
1043 1355
1044 1357
1045 1355
1046 1356
1047 1355
1048 1356
1049 1352
1050 1354
1051 1354
1052 1355
1053 1358
1054 1355
1055 1357
1056 1355
1057 1355
1058 1355
1059 1355
1060 1356
1061 1357
1062 1355
1063 1356
1064 1356
1065 1356
1066 1356
1067 1354
1068 1355
1069 1352
1070 1354
1071 1352
1072 1357
1073 1355
1074 1356
1075 1355
1076 1357
1077 1352
1078 1355
1079 1353
1080 1356
1081 1354
1082 1355
1083 1355
1084 1356
1085 1353
1086 1351
1087 1355
1088 1356
1089 1355
1090 1356
1091 1356
1092 1354
1093 1358
1094 1355
1095 1353
1096 1355
1097 1354
1098 1356
1099 1354
1100 1353
1101 1356
1102 1354
1103 1357
1104 1354
1105 1355
1106 1353
1107 1354
1108 1356
1109 1351
1110 1356
1111 1355
1112 1353
1113 1356
1114 1355
1115 1354
1116 1354
1117 1355
1118 1353
1119 1356
1120 1355
1121 1355
1122 1356
1123 1355
1124 1353
1125 1353
1126 1356
1127 1355
1128 1352
1129 1354
1130 1355
1131 1356
1132 1355
1133 1359
1134 1357
1135 1354
1136 1354
1137 1353
1138 1354
1139 1356
1140 1355
1141 1355
1142 1358
1143 1354
1144 1357
1145 1355
1146 1357
1147 1356
1148 1355
1149 1353
1150 1356
1151 1353
1152 1355
1153 1355
1154 1353
1155 1353
1156 1354
1157 1355
1158 1357
1159 1353
1160 1356
1161 1357
1162 1357
1163 1355
1164 1353
1165 1355
1166 1354
1167 1356
1168 1357
1169 1352
1170 1354
1171 1355
1172 1353
1173 1356
1174 1355
1175 1356
1176 1356
1177 1352
1178 1354
1179 1355
1180 1354
1181 1354
1182 1357
1183 1356
1184 1355
1185 1355
1186 1355
1187 1355
1188 1355
1189 1354
1190 1356
1191 1353
1192 1356
1193 1354
1194 1354
1195 1353
1196 1354
1197 1355
1198 1356
1199 1355
1200 1354
1201 1353
1202 1352
1203 1354
1204 1358
1205 1357
1206 1355
1207 1354
1208 1354
1209 1355
1210 1356
1211 1356
1212 1354
1213 1353
1214 1354
1215 1354
1216 1352
1217 1355
1218 1353
1219 1356
1220 1355
1221 1356
1222 1354
1223 1353
1224 1352
1225 1357
1226 1355
1227 1354
1228 1355
1229 1355
1230 1354
1231 1352
1232 1352
1233 1355
1234 1354
1235 1357
1236 1356
1237 1356
1238 1356
1239 1356
1240 1354
1241 1357
1242 1356
1243 1355
1244 1355
1245 1354
1246 1355
1247 1356
1248 1353
1249 1355
1250 1356
1251 1355
1252 1355
1253 1356
1254 1354
1255 1354
1256 1357
1257 1352
1258 1356
1259 1354
1260 1357
1261 1354
1262 1355
1263 1358
1264 1356
1265 1354
1266 1356
1267 1353
1268 1356
1269 1356
1270 1356
1271 1357
1272 1355
1273 1355
1274 1356
1275 1354
1276 1356
1277 1354
1278 1354
1279 1353
1280 1353
1281 1354
1282 1355
1283 1352
1284 1357
1285 1354
1286 1356
1287 1355
1288 1355
1289 1356
1290 1354
1291 1356
1292 1352
1293 1356
1294 1356
1295 1357
1296 1358
1297 1358
1298 1355
1299 1355
1300 1355
1301 1355
1302 1354
1303 1355
1304 1351
1305 1357
1306 1357
1307 1356
1308 1355
1309 1356
1310 1352
1311 1355
1312 1352
1313 1356
1314 1354
1315 1357
1316 1350
1317 1353
1318 1355
1319 1355
1320 1352
1321 1357
1322 1353
1323 1358
1324 1356
1325 1357
1326 1354
1327 1359
1328 1356
1329 1357
1330 1355
1331 1356
1332 1356
1333 1355
1334 1355
1335 1354
1336 1357
1337 1355
1338 1354
1339 1355
1340 1354
1341 1352
1342 1356
1343 1354
1344 1353
1345 1355
1346 1352
1347 1354
1348 1353
1349 1355
1350 1358
1351 1357
1352 1356
1353 1354
1354 1355
1355 1357
1356 1356
1357 1356
1358 1357
1359 1358
1360 1356
1361 1357
1362 1354
1363 1356
1364 1356
1365 1357
1366 1354
1367 1357
1368 1356
1369 1354
1370 1355
1371 1355
1372 1353
1373 1357
1374 1354
1375 1356
1376 1357
1377 1357
1378 1357
1379 1355
1380 1354
1381 1353
1382 1354
1383 1355
1384 1354
1385 1354
1386 1357
1387 1357
1388 1355
1389 1356
1390 1354
1391 1358
1392 1356
1393 1357
1394 1354
1395 1354
1396 1354
1397 1354
1398 1355
1399 1355
1400 1358
1401 1358
1402 1354
1403 1357
1404 1355
1405 1354
1406 1355
1407 1355
1408 1355
1409 1355
1410 1354
1411 1356
1412 1353
1413 1355
1414 1354
1415 1357
1416 1355
1417 1357
1418 1356
1419 1355
1420 1351
1421 1353
1422 1355
1423 1357
1424 1356
1425 1355
1426 1356
1427 1356
1428 1356
1429 1356
1430 1353
1431 1354
1432 1354
1433 1357
1434 1353
1435 1355
1436 1356
1437 1353
1438 1354
1439 1353
1440 1353
1441 1353
1442 1353
1443 1354
1444 1356
1445 1355
1446 1355
1447 1357
1448 1355
1449 1356
1450 1356
1451 1354
1452 1354
1453 1354
1454 1356
1455 1352
1456 1353
1457 1354
1458 1356
1459 1355
1460 1356
1461 1355
1462 1355
1463 1354
1464 1356
1465 1352
1466 1357
1467 1354
1468 1355
1469 1357
1470 1353
1471 1353
1472 1358
1473 1353
1474 1354
1475 1355
1476 1356
1477 1355
1478 1357
1479 1353
1480 1354
1481 1357
1482 1354
1483 1355
1484 1355
1485 1355
1486 1354
1487 1353
1488 1354
1489 1354
1490 1355
1491 1357
1492 1356
1493 1355
1494 1354
1495 1358
1496 1358
1497 1356
1498 1353
1499 1355
1500 1355
1501 1356
1502 1354
1503 1355
1504 1356
1505 1356
1506 1355
1507 1356
1508 1354
1509 1356
1510 1356
1511 1353
1512 1355
1513 1354
1514 1356
1515 1356
1516 1355
1517 1357
1518 1354
1519 1353
1520 1356
1521 1355
1522 1352
1523 1355
1524 1354
1525 1356
1526 1356
1527 1354
1528 1354
1529 1355
1530 1354
1531 1354
1532 1354
1533 1355
1534 1354
1535 1355
1536 1354
1537 1355
1538 1354
1539 1355
1540 1356
1541 1355
1542 1357
1543 1355
1544 1355
1545 1353
1546 1353
1547 1356
1548 1358
1549 1355
1550 1353
1551 1353
1552 1354
1553 1355
1554 1357
1555 1354
1556 1353
1557 1353
1558 1355
1559 1353
1560 1356
1561 1355
1562 1356
1563 1355
1564 1354
1565 1355
1566 1356
1567 1355
1568 1356
1569 1353
1570 1354
1571 1358
1572 1357
1573 1354
1574 1355
1575 1353
1576 1354
1577 1355
1578 1356
1579 1355
1580 1355
1581 1356
1582 1354
1583 1353
1584 1354
1585 1355
1586 1355
1587 1353
1588 1356
1589 1356
1590 1354
1591 1355
1592 1356
1593 1354
1594 1356
1595 1356
1596 1356
1597 1356
1598 1356
1599 1353
1600 1355
1601 1355
1602 1356
1603 1355
1604 1354
1605 1353
1606 1356
1607 1355
1608 1356
1609 1354
1610 1356
1611 1359
1612 1358
1613 1356
1614 1355
1615 1353
1616 1356
1617 1355
1618 1354
1619 1356
1620 1357
1621 1354
1622 1356
1623 1354
1624 1354
1625 1355
1626 1356
1627 1357
1628 1353
1629 1357
1630 1356
1631 1357
1632 1357
1633 1357
1634 1356
1635 1355
1636 1353
1637 1356
1638 1355
1639 1357
1640 1358
1641 1354
1642 1356
1643 1356
1644 1356
1645 1356
1646 1354
1647 1356
1648 1356
1649 1352
1650 1354
1651 1354
1652 1355
1653 1354
1654 1354
1655 1356
1656 1354
1657 1355
1658 1355
1659 1357
1660 1356
1661 1356
1662 1355
1663 1353
1664 1357
1665 1356
1666 1359
1667 1354
1668 1355
1669 1356
1670 1354
1671 1358
1672 1358
1673 1354
1674 1352
1675 1353
1676 1356
1677 1354
1678 1356
1679 1353
1680 1356
1681 1354
1682 1352
1683 1354
1684 1358
1685 1356
1686 1354
1687 1353
1688 1354
1689 1353
1690 1356
1691 1357
1692 1356
1693 1355
1694 1353
1695 1352
1696 1354
1697 1355
1698 1356
1699 1357
1700 1354
1701 1355
1702 1356
1703 1355
1704 1355
1705 1355
1706 1356
1707 1357
1708 1355
1709 1353
1710 1350
1711 1353
1712 1356
1713 1355
1714 1355
1715 1357
1716 1355
1717 1354
1718 1355
1719 1356
1720 1355
1721 1352
1722 1354
1723 1356
1724 1355
1725 1356
1726 1354
1727 1354
1728 1357
1729 1350
1730 1355
1731 1352
1732 1355
1733 1357
1734 1355
1735 1354
1736 1356
1737 1355
1738 1354
1739 1357
1740 1356
1741 1353
1742 1355
1743 1355
1744 1354
1745 1354
1746 1354
1747 1353
1748 1355
1749 1356
1750 1354
1751 1354
1752 1356
1753 1356
1754 1357
1755 1357
1756 1356
1757 1354
1758 1355
1759 1352
1760 1353
1761 1354
1762 1357
1763 1355
1764 1356
1765 1354
1766 1353
1767 1354
1768 1356
1769 1355
1770 1354
1771 1356
1772 1356
1773 1357
1774 1353
1775 1355
1776 1352
1777 1354
1778 1353
1779 1356
1780 1356
1781 1355
1782 1352
1783 1357
1784 1356
1785 1357
1786 1353
1787 1354
1788 1355
1789 1355
1790 1354
1791 1357
1792 1355
1793 1356
1794 1356
1795 1357
1796 1356
1797 1357
1798 1356
1799 1355
1800 1357
1801 1355
1802 1354
1803 1355
1804 1353
1805 1355
1806 1354
1807 1354
1808 1355
1809 1356
1810 1355
1811 1351
1812 1355
1813 1356
1814 1356
1815 1357
1816 1358
1817 1355
1818 1356
1819 1353
1820 1355
1821 1357
1822 1358
1823 1355
1824 1353
1825 1356
1826 1353
1827 1357
1828 1353
1829 1353
1830 1356
1831 1357
1832 1356
1833 1357
1834 1354
1835 1356
1836 1355
1837 1353
1838 1356
1839 1353
1840 1355
1841 1356
1842 1356
1843 1358
1844 1354
1845 1354
1846 1356
1847 1358
1848 1356
1849 1354
1850 1354
1851 1358
1852 1356
1853 1356
1854 1354
1855 1356
1856 1358
1857 1354
1858 1356
1859 1357
1860 1354
1861 1357
1862 1356
1863 1353
1864 1354
1865 1357
1866 1355
1867 1358
1868 1356
1869 1355
1870 1354
1871 1356
1872 1356
1873 1355
1874 1354
1875 1355
1876 1355
1877 1355
1878 1354
1879 1355
1880 1356
1881 1356
1882 1357
1883 1355
1884 1356
1885 1355
1886 1355
1887 1354
1888 1356
1889 1355
1890 1354
1891 1356
1892 1355
1893 1354
1894 1354
1895 1356
1896 1355
1897 1355
1898 1354
1899 1356
1900 1356
1901 1354
1902 1353
1903 1355
1904 1355
1905 1356
1906 1354
1907 1354
1908 1356
1909 1355
1910 1355
1911 1355
1912 1356
1913 1357
1914 1355
1915 1354
1916 1357
1917 1357
1918 1357
1919 1355
1920 1353
1921 1356
1922 1356
1923 1356
1924 1355
1925 1354
1926 1354
1927 1353
1928 1353
1929 1355
1930 1353
1931 1356
1932 1356
1933 1353
1934 1353
1935 1354
1936 1354
1937 1354
1938 1354
1939 1354
1940 1357
1941 1355
1942 1356
1943 1354
1944 1356
1945 1356
1946 1353
1947 1355
1948 1354
1949 1355
1950 1351
1951 1354
1952 1356
1953 1356
1954 1355
1955 1356
1956 1356
1957 1356
1958 1354
1959 1352
1960 1353
1961 1357
1962 1354
1963 1357
1964 1354
1965 1357
1966 1356
1967 1357
1968 1355
1969 1353
1970 1353
1971 1356
1972 1356
1973 1357
1974 1353
1975 1358
1976 1356
1977 1355
1978 1355
1979 1355
1980 1355
1981 1357
1982 1354
1983 1355
1984 1354
1985 1356
1986 1355
1987 1355
1988 1353
1989 1357
1990 1354
1991 1357
1992 1354
1993 1356
1994 1354
1995 1355
1996 1355
1997 1356
1998 1355
1999 1357
2000 1353
2001 1355
2002 1357
2003 1357
2004 1354
2005 1354
2006 1354
2007 1357
2008 1354
2009 1356
2010 1356
2011 1357
2012 1353
2013 1357
2014 1352
2015 1356
2016 1355
2017 1357
2018 1357
2019 1355
2020 1354
2021 1354
2022 1353
2023 1355
2024 1355
2025 1357
2026 1356
2027 1356
2028 1356
2029 1354
2030 1356
2031 1356
2032 1353
2033 1353
2034 1354
2035 1357
2036 1356
2037 1356
2038 1356
2039 1357
2040 1353
2041 1356
2042 1353
2043 1355
2044 1355
2045 1350
2046 1354
2047 1356
2048 1354
2049 1353
2050 1357
2051 1354
2052 1356
2053 1354
2054 1354
2055 1358
2056 1352
2057 1356
2058 1356
2059 1353
2060 1356
2061 1357
2062 1356
2063 1357
2064 1357
2065 1358
2066 1357
2067 1357
2068 1357
2069 1354
2070 1353
2071 1357
2072 1357
2073 1356
2074 1352
2075 1353
2076 1354
2077 1356
2078 1357
2079 1354
2080 1355
2081 1355
2082 1356
2083 1356
2084 1355
2085 1356
2086 1354
2087 1357
2088 1356
2089 1356
2090 1356
2091 1357
2092 1355
2093 1355
2094 1353
2095 1354
2096 1358
2097 1356
2098 1355
2099 1358
2100 1356
2101 1358
2102 1356
2103 1355
2104 1353
2105 1358
2106 1356
2107 1355
2108 1356
2109 1356
2110 1355
2111 1350
2112 1354
2113 1353
2114 1354
2115 1353
2116 1354
2117 1354
2118 1354
2119 1355
2120 1354
2121 1356
2122 1356
2123 1355
2124 1356
2125 1356
2126 1355
2127 1354
2128 1355
2129 1357
2130 1354
2131 1356
2132 1357
2133 1357
2134 1357
2135 1357
2136 1355
2137 1354
2138 1357
2139 1358
2140 1354
2141 1355
2142 1355
2143 1356
2144 1357
2145 1354
2146 1354
2147 1355
2148 1356
2149 1358
2150 1357
2151 1357
2152 1356
2153 1355
2154 1356
2155 1356
2156 1356
2157 1353
2158 1354
2159 1357
2160 1355
2161 1355
2162 1354
2163 1355
2164 1355
2165 1354
2166 1357
2167 1356
2168 1356
2169 1357
2170 1356
2171 1356
2172 1356
2173 1355
2174 1356
2175 1355
2176 1354
2177 1352
2178 1354
2179 1353
2180 1355
2181 1356
2182 1354
2183 1356
2184 1356
2185 1357
2186 1356
2187 1356
2188 1358
2189 1355
2190 1354
2191 1356
2192 1356
2193 1355
2194 1354
2195 1352
2196 1354
2197 1357
2198 1357
2199 1357
2200 1356
2201 1355
2202 1356
2203 1356
2204 1355
2205 1356
2206 1356
2207 1350
2208 1354
2209 1355
2210 1356
2211 1351
2212 1352
2213 1355
2214 1357
2215 1352
2216 1355
2217 1355
2218 1356
2219 1354
2220 1358
2221 1355
2222 1356
2223 1354
2224 1352
2225 1355
2226 1359
2227 1355
2228 1356
2229 1352
2230 1353
2231 1357
2232 1355
2233 1353
2234 1354
2235 1354
2236 1356
2237 1352
2238 1353
2239 1354
2240 1356
2241 1354
2242 1354
2243 1358
2244 1356
2245 1354
2246 1354
2247 1355
2248 1356
2249 1356
2250 1356
2251 1354
2252 1356
2253 1356
2254 1354
2255 1354
2256 1356
2257 1355
2258 1355
2259 1354
2260 1354
2261 1354
2262 1356
2263 1358
2264 1357
2265 1353
2266 1357
2267 1356
2268 1357
2269 1357
2270 1358
2271 1357
2272 1356
2273 1356
2274 1356
2275 1355
2276 1355
2277 1354
2278 1357
2279 1357
2280 1356
2281 1356
2282 1355
2283 1356
2284 1354
2285 1355
2286 1357
2287 1356
2288 1353
2289 1357
2290 1355
2291 1356
2292 1353
2293 1354
2294 1354
2295 1356
2296 1354
2297 1354
2298 1353
2299 1354
2300 1354
2301 1354
2302 1355
2303 1357
2304 1355
2305 1357
2306 1357
2307 1358
2308 1356
2309 1354
2310 1354
2311 1354
2312 1357
2313 1357
2314 1354
2315 1354
2316 1356
2317 1352
2318 1356
2319 1355
2320 1355
2321 1355
2322 1353
2323 1355
2324 1354
2325 1356
2326 1355
2327 1357
2328 1356
2329 1355
2330 1354
2331 1356
2332 1353
2333 1355
2334 1356
2335 1356
2336 1358
2337 1360
2338 1359
2339 1356
2340 1353
2341 1353
2342 1356
2343 1355
2344 1356
2345 1357
2346 1354
2347 1356
2348 1355
2349 1354
2350 1354
2351 1358
2352 1355
2353 1355
2354 1354
2355 1355
2356 1355
2357 1357
2358 1357
2359 1357
2360 1355
2361 1357
2362 1356
2363 1353
2364 1354
2365 1354
2366 1356
2367 1355
2368 1356
2369 1357
2370 1356
2371 1356
2372 1354
2373 1352
2374 1354
2375 1355
2376 1354
2377 1358
2378 1355
2379 1354
2380 1353
2381 1358
2382 1356
2383 1353
2384 1353
2385 1356
2386 1355
2387 1355
2388 1355
2389 1357
2390 1354
2391 1357
2392 1356
2393 1355
2394 1357
2395 1355
2396 1357
2397 1353
2398 1355
2399 1358
2400 1356
2401 1354
2402 1356
2403 1356
2404 1357
2405 1355
2406 1355
2407 1355
2408 1354
2409 1353
2410 1355
2411 1357
2412 1356
2413 1355
2414 1355
2415 1354
2416 1354
2417 1354
2418 1355
2419 1355
2420 1355
2421 1357
2422 1356
2423 1352
2424 1356
2425 1353
2426 1356
2427 1356
2428 1358
2429 1357
2430 1359
2431 1353
2432 1355
2433 1356
2434 1355
2435 1353
2436 1353
2437 1356
2438 1355
2439 1353
2440 1354
2441 1356
2442 1355
2443 1354
2444 1355
2445 1355
2446 1354
2447 1353
2448 1355
2449 1357
2450 1357
2451 1357
2452 1354
2453 1356
2454 1357
2455 1354
2456 1356
2457 1355
2458 1357
2459 1357
2460 1353
2461 1356
2462 1356
2463 1353
2464 1355
2465 1356
2466 1355
2467 1356
2468 1354
2469 1357
2470 1354
2471 1355
2472 1353
2473 1353
2474 1353
2475 1354
2476 1355
2477 1356
2478 1357
2479 1355
2480 1354
2481 1356
2482 1355
2483 1357
2484 1356
2485 1357
2486 1358
2487 1355
2488 1355
2489 1355
2490 1357
2491 1356
2492 1357
2493 1356
2494 1355
2495 1357
2496 1356
2497 1357
2498 1356
2499 1359
2500 1354
2501 1355
2502 1353
2503 1355
2504 1354
2505 1354
2506 1355
2507 1355
2508 1352
2509 1353
2510 1356
2511 1357
2512 1356
2513 1355
2514 1353
2515 1356
2516 1354
2517 1352
2518 1354
2519 1358
2520 1356
2521 1356
2522 1354
2523 1355
2524 1354
2525 1354
2526 1357
2527 1357
2528 1357
2529 1354
2530 1356
2531 1357
2532 1353
2533 1354
2534 1356
2535 1355
2536 1356
2537 1353
2538 1354
2539 1356
2540 1355
2541 1354
2542 1355
2543 1354
2544 1357
2545 1357
2546 1358
2547 1356
2548 1356
2549 1356
2550 1356
2551 1356
2552 1355
2553 1358
2554 1356
2555 1357
2556 1356
2557 1357
2558 1355
2559 1354
2560 1355
2561 1355
2562 1356
2563 1352
2564 1356
2565 1354
2566 1357
2567 1357
2568 1354
2569 1355
2570 1356
2571 1356
2572 1357
2573 1358
2574 1357
2575 1356
2576 1354
2577 1357
2578 1354
2579 1353
2580 1354
2581 1356
2582 1357
2583 1357
2584 1356
2585 1357
2586 1355
2587 1352
2588 1353
2589 1355
2590 1355
2591 1356
2592 1357
2593 1353
2594 1353
2595 1356
2596 1355
2597 1352
2598 1353
2599 1357
2600 1355
2601 1356
2602 1355
2603 1358
2604 1356
2605 1358
2606 1355
2607 1357
2608 1357
2609 1355
2610 1356
2611 1357
2612 1355
2613 1355
2614 1357
2615 1357
2616 1356
2617 1353
2618 1357
2619 1353
2620 1357
2621 1355
2622 1355
2623 1353
2624 1356
2625 1356
2626 1356
2627 1354
2628 1356
2629 1354
2630 1353
2631 1355
2632 1353
2633 1355
2634 1355
2635 1357
2636 1357
2637 1356
2638 1354
2639 1353
2640 1355
2641 1355
2642 1356
2643 1352
2644 1353
2645 1354
2646 1355
2647 1354
2648 1357
2649 1355
2650 1356
2651 1355
2652 1356
2653 1354
2654 1354
2655 1355
2656 1356
2657 1354
2658 1353
2659 1354
2660 1354
2661 1356
2662 1355
2663 1354
2664 1356
2665 1356
2666 1354
2667 1355
2668 1355
2669 1353
2670 1354
2671 1357
2672 1354
2673 1353
2674 1354
2675 1353
2676 1353
2677 1353
2678 1354
2679 1357
2680 1356
2681 1356
2682 1358
2683 1355
2684 1355
2685 1354
2686 1354
2687 1355
2688 1353
2689 1356
2690 1355
2691 1352
2692 1353
2693 1355
2694 1355
2695 1356
2696 1356
2697 1358
2698 1357
2699 1355
2700 1353
2701 1355
2702 1357
2703 1355
2704 1355
2705 1356
2706 1355
2707 1356
2708 1355
2709 1355
2710 1354
2711 1358
2712 1358
2713 1356
2714 1353
2715 1357
2716 1353
2717 1354
2718 1354
2719 1356
2720 1354
2721 1357
2722 1356
2723 1357
2724 1356
2725 1356
2726 1354
2727 1357
2728 1355
2729 1355
2730 1355
2731 1356
2732 1356
2733 1357
2734 1356
2735 1357
2736 1355
2737 1356
2738 1357
2739 1355
2740 1352
2741 1354
2742 1354
2743 1356
2744 1354
2745 1355
2746 1354
2747 1357
2748 1355
2749 1356
2750 1354
2751 1355
2752 1355
2753 1355
2754 1356
2755 1356
2756 1356
2757 1356
2758 1355
2759 1356
2760 1356
2761 1356
2762 1355
2763 1354
2764 1355
2765 1357
2766 1354
2767 1358
2768 1353
2769 1355
2770 1354
2771 1357
2772 1354
2773 1355
2774 1353
2775 1355
2776 1356
2777 1352
2778 1353
2779 1355
2780 1354
2781 1354
2782 1353
2783 1354
2784 1355
2785 1354
2786 1354
2787 1350
2788 1353
2789 1354
2790 1357
2791 1358
2792 1355
2793 1357
2794 1357
2795 1357
2796 1353
2797 1357
2798 1358
2799 1355
2800 1356
2801 1355
2802 1354
2803 1357
2804 1355
2805 1351
2806 1353
2807 1354
2808 1355
2809 1354
2810 1354
2811 1357
2812 1354
2813 1357
2814 1355
2815 1353
2816 1356
2817 1357
2818 1354
2819 1356
2820 1355
2821 1354
2822 1356
2823 1355
2824 1357
2825 1354
2826 1355
2827 1350
2828 1352
2829 1357
2830 1353
2831 1357
2832 1354
2833 1357
2834 1354
2835 1355
2836 1353
2837 1354
2838 1354
2839 1355
2840 1351
2841 1355
2842 1352
2843 1355
2844 1352
2845 1354
2846 1355
2847 1356
2848 1355
2849 1355
2850 1356
2851 1355
2852 1356
2853 1357
2854 1356
2855 1357
2856 1354
2857 1353
2858 1354
2859 1354
2860 1353
2861 1355
2862 1356
2863 1359
2864 1356
2865 1354
2866 1354
2867 1355
2868 1358
2869 1355
2870 1357
2871 1356
2872 1354
2873 1355
2874 1353
2875 1356
2876 1352
2877 1352
2878 1352
2879 1356
2880 1357
2881 1356
2882 1355
2883 1357
2884 1355
2885 1357
2886 1354
2887 1354
2888 1354
2889 1354
2890 1353
2891 1355
2892 1353
2893 1356
2894 1357
2895 1353
2896 1354
2897 1353
2898 1353
2899 1357
2900 1353
2901 1355
2902 1352
2903 1352
2904 1353
2905 1354
2906 1354
2907 1356
2908 1355
2909 1354
2910 1352
2911 1357
2912 1354
2913 1357
2914 1355
2915 1355
2916 1357
2917 1355
2918 1356
2919 1357
2920 1356
2921 1353
2922 1352
2923 1352
2924 1354
2925 1354
2926 1354
2927 1355
2928 1354
2929 1353
2930 1351
2931 1354
2932 1353
2933 1355
2934 1354
2935 1357
2936 1351
2937 1350
2938 1356
2939 1354
2940 1354
2941 1354
2942 1353
2943 1355
2944 1355
2945 1354
2946 1354
2947 1355
2948 1356
2949 1356
2950 1355
2951 1357
2952 1351
2953 1356
2954 1354
2955 1353
2956 1352
2957 1353
2958 1353
2959 1353
2960 1353
2961 1354
2962 1352
2963 1353
2964 1352
2965 1356
2966 1355
2967 1352
2968 1351
2969 1354
2970 1354
2971 1355
2972 1352
2973 1355
2974 1354
2975 1355
2976 1351
2977 1354
2978 1353
2979 1356
2980 1354
2981 1357
2982 1354
2983 1356
2984 1355
2985 1354
2986 1356
2987 1355
2988 1354
2989 1353
2990 1353
2991 1354
2992 1356
2993 1353
2994 1351
2995 1356
2996 1354
2997 1355
2998 1355
2999 1354
3000 1355
3001 1355
3002 1355
3003 1354
3004 1355
3005 1355
3006 1355
3007 1357
3008 1355
3009 1355
3010 1357
3011 1355
3012 1353
3013 1355
3014 1353
3015 1355
3016 1353
3017 1352
3018 1352
3019 1355
3020 1355
3021 1355
3022 1353
3023 1353
3024 1356
3025 1355
3026 1356
3027 1354
3028 1354
3029 1353
3030 1351
3031 1354
3032 1356
3033 1357
3034 1353
3035 1354
3036 1355
3037 1357
3038 1356
3039 1354
3040 1356
3041 1356
3042 1354
3043 1353
3044 1355
3045 1358
3046 1355
3047 1355
3048 1354
3049 1353
3050 1354
3051 1355
3052 1354
3053 1353
3054 1352
3055 1355
3056 1356
3057 1354
3058 1353
3059 1354
3060 1355
3061 1357
3062 1355
3063 1351
3064 1355
3065 1356
3066 1354
3067 1356
3068 1354
3069 1356
3070 1355
3071 1358
3072 1354
3073 1355
3074 1354
3075 1354
3076 1353
3077 1354
3078 1355
3079 1355
3080 1355
3081 1357
3082 1354
3083 1355
3084 1351
3085 1354
3086 1355
3087 1356
3088 1357
3089 1354
3090 1353
3091 1353
3092 1352
3093 1355
3094 1356
3095 1355
3096 1356
3097 1356
3098 1356
3099 1354
3100 1355
3101 1356
3102 1353
3103 1357
3104 1354
3105 1355
3106 1358
3107 1355
3108 1354
3109 1356
3110 1357
3111 1353
3112 1353
3113 1356
3114 1357
3115 1359
3116 1355
3117 1355
3118 1352
3119 1355
3120 1356
3121 1355
3122 1356
3123 1355
3124 1354
3125 1357
3126 1356
3127 1356
3128 1354
3129 1354
3130 1356
3131 1356
3132 1357
3133 1353
3134 1354
3135 1351
3136 1352
3137 1353
3138 1354
3139 1355
3140 1355
3141 1356
3142 1353
3143 1356
3144 1353
3145 1354
3146 1353
3147 1352
3148 1351
3149 1354
3150 1355
3151 1358
3152 1357
3153 1354
3154 1355
3155 1356
3156 1354
3157 1353
3158 1354
3159 1355
3160 1356
3161 1355
3162 1356
3163 1355
3164 1355
3165 1353
3166 1356
3167 1358
3168 1354
3169 1358
3170 1357
3171 1357
3172 1357
3173 1355
3174 1357
3175 1355
3176 1353
3177 1357
3178 1355
3179 1357
3180 1357
3181 1357
3182 1354
3183 1354
3184 1352
3185 1356
3186 1355
3187 1355
3188 1354
3189 1357
3190 1354
3191 1356
3192 1353
3193 1355
3194 1357
3195 1357
3196 1356
3197 1358
3198 1356
3199 1357
3200 1355
3201 1355
3202 1356
3203 1355
3204 1356
3205 1353
3206 1355
3207 1356
3208 1353
3209 1355
3210 1352
3211 1354
3212 1353
3213 1353
3214 1355
3215 1357
3216 1359
3217 1355
3218 1355
3219 1353
3220 1355
3221 1357
3222 1356
3223 1356
3224 1354
3225 1355
3226 1356
3227 1354
3228 1356
3229 1356
3230 1355
3231 1352
3232 1354
3233 1355
3234 1353
3235 1353
3236 1354
3237 1353
3238 1355
3239 1354
3240 1355
3241 1354
3242 1354
3243 1353
3244 1357
3245 1356
3246 1357
3247 1356
3248 1355
3249 1357
3250 1358
3251 1353
3252 1355
3253 1358
3254 1356
3255 1353
3256 1355
3257 1354
3258 1355
3259 1356
3260 1356
3261 1352
3262 1352
3263 1351
3264 1354
3265 1352
3266 1354
3267 1356
3268 1353
3269 1355
3270 1356
3271 1357
3272 1354
3273 1356
3274 1355
3275 1355
3276 1355
3277 1353
3278 1352
3279 1354
3280 1354
3281 1354
3282 1357
3283 1351
3284 1355
3285 1355
3286 1357
3287 1356
3288 1355
3289 1352
3290 1357
3291 1357
3292 1354
3293 1353
3294 1351
3295 1353
3296 1353
3297 1352
3298 1353
3299 1354
3300 1353
3301 1355
3302 1353
3303 1355
3304 1353
3305 1353
3306 1355
3307 1355
3308 1355
3309 1355
3310 1356
3311 1353
3312 1354
3313 1356
3314 1357
3315 1356
3316 1356
3317 1355
3318 1357
3319 1354
3320 1357
3321 1356
3322 1356
3323 1354
3324 1353
3325 1359
3326 1353
3327 1355
3328 1355
3329 1355
3330 1356
3331 1356
3332 1356
3333 1355
3334 1354
3335 1355
3336 1355
3337 1355
3338 1357
3339 1357
3340 1356
3341 1354
3342 1355
3343 1358
3344 1357
3345 1357
3346 1355
3347 1356
3348 1356
3349 1357
3350 1353
3351 1357
3352 1354
3353 1354
3354 1355
3355 1356
3356 1357
3357 1354
3358 1354
3359 1354
3360 1355
3361 1355
3362 1354
3363 1353
3364 1356
3365 1357
3366 1354
3367 1356
3368 1353
3369 1353
3370 1356
3371 1355
3372 1354
3373 1354
3374 1356
3375 1355
3376 1355
3377 1357
3378 1354
3379 1355
3380 1355
3381 1354
3382 1355
3383 1357
3384 1355
3385 1351
3386 1353
3387 1353
3388 1353
3389 1356
3390 1356
3391 1355
3392 1354
3393 1352
3394 1353
3395 1357
3396 1354
3397 1356
3398 1354
3399 1355
3400 1356
3401 1351
3402 1356
3403 1352
3404 1354
3405 1354
3406 1352
3407 1354
3408 1352
3409 1354
3410 1355
3411 1355
3412 1355
3413 1353
3414 1355
3415 1352
3416 1353
3417 1353
3418 1354
3419 1354
3420 1355
3421 1354
3422 1355
3423 1353
3424 1353
3425 1353
3426 1351
3427 1353
3428 1356
3429 1356
3430 1354
3431 1352
3432 1355
3433 1355
3434 1353
3435 1357
3436 1354
3437 1352
3438 1356
3439 1357
3440 1354
3441 1355
3442 1354
3443 1351
3444 1357
3445 1357
3446 1356
3447 1354
3448 1352
3449 1357
3450 1356
3451 1354
3452 1353
3453 1354
3454 1355
3455 1355
3456 1353
3457 1353
3458 1351
3459 1354
3460 1357
3461 1354
3462 1358
3463 1354
3464 1355
3465 1355
3466 1355
3467 1355
3468 1357
3469 1355
3470 1354
3471 1356
3472 1354
3473 1356
3474 1357
3475 1355
3476 1354
3477 1353
3478 1356
3479 1353
3480 1354
3481 1356
3482 1357
3483 1354
3484 1355
3485 1356
3486 1356
3487 1355
3488 1357
3489 1357
3490 1357
3491 1358
3492 1356
3493 1357
3494 1356
3495 1354
3496 1357
3497 1357
3498 1353
3499 1357
3500 1356
3501 1356
3502 1354
3503 1353
3504 1356
3505 1353
3506 1357
3507 1353
3508 1355
3509 1353
3510 1357
3511 1354
3512 1355
3513 1353
3514 1354
3515 1354
3516 1355
3517 1351
3518 1353
3519 1353
3520 1355
3521 1352
3522 1353
3523 1357
3524 1354
3525 1355
3526 1353
3527 1354
3528 1356
3529 1353
3530 1354
3531 1355
3532 1359
3533 1354
3534 1354
3535 1355
3536 1354
3537 1354
3538 1356
3539 1356
3540 1355
3541 1353
3542 1354
3543 1354
3544 1355
3545 1355
3546 1355
3547 1354
3548 1353
3549 1355
3550 1355
3551 1357
3552 1354
3553 1356
3554 1355
3555 1356
3556 1356
3557 1354
3558 1356
3559 1357
3560 1355
3561 1351
3562 1354
3563 1355
3564 1355
3565 1356
3566 1354
3567 1353
3568 1355
3569 1353
3570 1354
3571 1354
3572 1357
3573 1354
3574 1354
3575 1354
3576 1353
3577 1354
3578 1357
3579 1356
3580 1354
3581 1355
3582 1354
3583 1355
3584 1352
3585 1353
3586 1355
3587 1358
3588 1353
3589 1356
3590 1354
3591 1355
3592 1356
3593 1354
3594 1356
3595 1354
3596 1356
3597 1355
3598 1355
3599 1349
3600 1353
3601 1354
3602 1355
3603 1356
3604 1354
3605 1353
3606 1354
3607 1355
3608 1352
3609 1353
3610 1354
3611 1353
3612 1354
3613 1352
3614 1356
3615 1355
3616 1353
3617 1355
3618 1356
3619 1356
3620 1356
3621 1353
3622 1355
3623 1353
3624 1352
3625 1355
3626 1357
3627 1357
3628 1354
3629 1352
3630 1354
3631 1354
3632 1356
3633 1356
3634 1352
3635 1352
3636 1351
3637 1354
3638 1355
3639 1354
3640 1356
3641 1354
3642 1353
3643 1354
3644 1355
3645 1355
3646 1353
3647 1357
3648 1356
3649 1352
3650 1354
3651 1354
3652 1356
3653 1355
3654 1354
3655 1356
3656 1352
3657 1354
3658 1354
3659 1355
3660 1352
3661 1355
3662 1356
3663 1354
3664 1354
3665 1353
3666 1353
3667 1353
3668 1352
3669 1353
3670 1356
3671 1357
3672 1356
3673 1356
3674 1354
3675 1356
3676 1355
3677 1354
3678 1355
3679 1355
3680 1357
3681 1355
3682 1357
3683 1354
3684 1355
3685 1353
3686 1351
3687 1352
3688 1355
3689 1357
3690 1357
3691 1356
3692 1355
3693 1351
3694 1355
3695 1353
3696 1353
3697 1355
3698 1356
3699 1355
3700 1353
3701 1356
3702 1355
3703 1355
3704 1354
3705 1354
3706 1355
3707 1355
3708 1354
3709 1357
3710 1354
3711 1355
3712 1356
3713 1357
3714 1353
3715 1355
3716 1352
3717 1354
3718 1353
3719 1357
3720 1353
3721 1354
3722 1353
3723 1352
3724 1356
3725 1355
3726 1355
3727 1354
3728 1355
3729 1353
3730 1352
3731 1355
3732 1353
3733 1354
3734 1353
3735 1353
3736 1355
3737 1354
3738 1354
3739 1356
3740 1353
3741 1351
3742 1357
3743 1356
3744 1354
3745 1354
3746 1355
3747 1353
3748 1355
3749 1353
3750 1352
3751 1352
3752 1354
3753 1353
3754 1354
3755 1354
3756 1353
3757 1351
3758 1352
3759 1354
3760 1354
3761 1357
3762 1355
3763 1356
3764 1353
3765 1354
3766 1355
3767 1353
3768 1356
3769 1355
3770 1353
3771 1354
3772 1355
3773 1353
3774 1357
3775 1354
3776 1354
3777 1354
3778 1355
3779 1354
3780 1351
3781 1355
3782 1356
3783 1352
3784 1354
3785 1353
3786 1351
3787 1353
3788 1353
3789 1354
3790 1353
3791 1353
3792 1355
3793 1353
3794 1357
3795 1353
3796 1355
3797 1355
3798 1356
3799 1356
3800 1356
3801 1356
3802 1355
3803 1355
3804 1357
3805 1355
3806 1355
3807 1353
3808 1354
3809 1353
3810 1351
3811 1353
3812 1355
3813 1353
3814 1353
3815 1353
3816 1352
3817 1354
3818 1356
3819 1353
3820 1354
3821 1355
3822 1354
3823 1351
3824 1354
3825 1356
3826 1352
3827 1354
3828 1353
3829 1356
3830 1355
3831 1356
3832 1354
3833 1354
3834 1353
3835 1354
3836 1354
3837 1354
3838 1356
3839 1354
3840 1355
3841 1350
3842 1355
3843 1355
3844 1355
3845 1353
3846 1353
3847 1353
3848 1353
3849 1353
3850 1356
3851 1353
3852 1356
3853 1353
3854 1352
3855 1355
3856 1356
3857 1355
3858 1353
3859 1356
3860 1355
3861 1357
3862 1355
3863 1353
3864 1356
3865 1356
3866 1356
3867 1352
3868 1354
3869 1355
3870 1355
3871 1352
3872 1354
3873 1352
3874 1352
3875 1354
3876 1353
3877 1353
3878 1355
3879 1349
3880 1352
3881 1353
3882 1355
3883 1356
3884 1354
3885 1354
3886 1353
3887 1352
3888 1353
3889 1356
3890 1356
3891 1356
3892 1355
3893 1355
3894 1358
3895 1357
3896 1352
3897 1352
3898 1355
3899 1356
3900 1356
3901 1354
3902 1354
3903 1355
3904 1355
3905 1351
3906 1353
3907 1354
3908 1355
3909 1353
3910 1355
3911 1356
3912 1356
3913 1356
3914 1353
3915 1354
3916 1355
3917 1354
3918 1354
3919 1353
3920 1355
3921 1358
3922 1355
3923 1353
3924 1352
3925 1356
3926 1354
3927 1354
3928 1354
3929 1353
3930 1354
3931 1353
3932 1353
3933 1355
3934 1352
3935 1352
3936 1356
3937 1353
3938 1353
3939 1355
3940 1353
3941 1352
3942 1354
3943 1355
3944 1356
3945 1353
3946 1352
3947 1358
3948 1356
3949 1352
3950 1352
3951 1355
3952 1353
3953 1355
3954 1353
3955 1356
3956 1354
3957 1356
3958 1354
3959 1356
3960 1356
3961 1354
3962 1352
3963 1357
3964 1352
3965 1357
3966 1353
3967 1352
3968 1356
3969 1355
3970 1353
3971 1354
3972 1354
3973 1351
3974 1352
3975 1356
3976 1353
3977 1352
3978 1354
3979 1351
3980 1352
3981 1354
3982 1355
3983 1357
3984 1354
3985 1352
3986 1354
3987 1354
3988 1356
3989 1355
3990 1356
3991 1353
3992 1353
3993 1354
3994 1352
3995 1353
3996 1354
3997 1353
3998 1355
3999 1355
