0 1356
1 1355
2 1356
3 1354
4 1358
5 1356
6 1356
7 1356
8 1356
9 1355
10 1357
11 1355
12 1355
13 1354
14 1356
15 1357
16 1354
17 1357
18 1358
19 1357
20 1358
21 1354
22 1357
23 1356
24 1354
25 1353
26 1357
27 1355
28 1355
29 1357
30 1357
31 1357
32 1356
33 1354
34 1355
35 1355
36 1358
37 1356
38 1355
39 1356
40 1355
41 1355
42 1356
43 1357
44 1357
45 1357
46 1355
47 1355
48 1357
49 1356
50 1354
51 1356
52 1357
53 1357
54 1356
55 1355
56 1354
57 1355
58 1354
59 1355
60 1355
61 1354
62 1354
63 1355
64 1355
65 1354
66 1354
67 1357
68 1355
69 1355
70 1356
71 1354
72 1353
73 1353
74 1355
75 1357
76 1356
77 1352
78 1356
79 1353
80 1351
81 1355
82 1355
83 1355
84 1355
85 1355
86 1356
87 1355
88 1356
89 1354
90 1356
91 1354
92 1357
93 1355
94 1355
95 1355
96 1356
97 1357
98 1356
99 1357
100 1356
101 1356
102 1355
103 1355
104 1355
105 1356
106 1353
107 1353
108 1354
109 1354
110 1352
111 1354
112 1354
113 1355
114 1355
115 1359
116 1355
117 1353
118 1354
119 1355
120 1354
121 1354
122 1356
123 1355
124 1355
125 1355
126 1356
127 1357
128 1356
129 1353
130 1354
131 1355
132 1356
133 1355
134 1356
135 1357
136 1357
137 1355
138 1356
139 1354
140 1357
141 1355
142 1353
143 1353
144 1354
145 1358
146 1355
147 1354
148 1354
149 1354
150 1354
151 1355
152 1355
153 1353
154 1354
155 1357
156 1356
157 1354
158 1357
159 1357
160 1354
161 1356
162 1355
163 1357
164 1355
165 1353
166 1357
167 1356
168 1354
169 1354
170 1356
171 1358
172 1355
173 1357
174 1356
175 1359
176 1357
177 1356
178 1353
179 1353
180 1355
181 1355
182 1353
183 1353
184 1356
185 1357
186 1356
187 1352
188 1354
189 1356
190 1356
191 1356
192 1356
193 1355
194 1354
195 1357
196 1354
197 1355
198 1354
199 1356
200 1354
201 1357
202 1357
203 1357
204 1356
205 1357
206 1354
207 1354
208 1354
209 1355
210 1356
211 1354
212 1356
213 1356
214 1353
215 1355
216 1356
217 1355
218 1355
219 1354
220 1355
221 1356
222 1355
223 1354
224 1356
225 1357
226 1355
227 1357
228 1356
229 1354
230 1356
231 1353
232 1353
233 1354
234 1355
235 1356
236 1355
237 1354
238 1353
239 1355
240 1353
241 1356
242 1356
243 1357
244 1357
245 1355
246 1355
247 1357
248 1357
249 1354
250 1356
251 1357
252 1356
253 1355
254 1355
255 1357
256 1355
257 1354
258 1356
259 1356
260 1355
261 1357
262 1359
263 1357
264 1354
265 1355
266 1355
267 1357
268 1356
269 1356
270 1353
271 1354
272 1351
273 1356
274 1353
275 1355
276 1357
277 1360
278 1356
279 1355
280 1355
281 1356
282 1356
283 1355
284 1357
285 1357
286 1356
287 1357
288 1356
289 1355
290 1356
291 1355
292 1354
293 1356
294 1359
295 1356
296 1357
297 1357
298 1356
299 1355
300 1355
301 1354
302 1355
303 1353
304 1356
305 1357
306 1355
307 1357
308 1355
309 1358
310 1356
311 1357
312 1354
313 1355
314 1358
315 1356
316 1355
317 1354
318 1356
319 1357
320 1356
321 1357
322 1356
323 1357
324 1354
325 1355
326 1355
327 1356
328 1357
329 1355
330 1355
331 1357
332 1354
333 1352
334 1355
335 1355
336 1356
337 1355
338 1356
339 1357
340 1355
341 1355
342 1354
343 1356
344 1356
345 1357
346 1356
347 1357
348 1356
349 1357
350 1357
351 1354
352 1356
353 1357
354 1356
355 1356
356 1357
357 1353
358 1355
359 1355
360 1356
361 1357
362 1353
363 1353
364 1356
365 1354
366 1353
367 1354
368 1359
369 1357
370 1355
371 1351
372 1355
373 1355
374 1355
375 1354
376 1356
377 1357
378 1356
379 1355
380 1356
381 1357
382 1356
383 1357
384 1358
385 1359
386 1357
387 1356
388 1355
389 1357
390 1356
391 1354
392 1352
393 1354
394 1357
395 1357
396 1354
397 1354
398 1356
399 1356
400 1357
401 1357
402 1357
403 1355
404 1356
405 1357
406 1358
407 1355
408 1358
409 1357
410 1358
411 1356
412 1354
413 1355
414 1357
415 1357
416 1357
417 1357
418 1358
419 1355
420 1358
421 1357
422 1356
423 1354
424 1353
425 1358
426 1353
427 1356
428 1357
429 1356
430 1358
431 1354
432 1355
433 1354
434 1353
435 1355
436 1356
437 1358
438 1354
439 1355
440 1353
441 1358
442 1355
443 1358
444 1355
445 1356
446 1356
447 1357
448 1355
449 1356
450 1356
451 1356
452 1356
453 1354
454 1355
455 1357
456 1353
457 1355
458 1356
459 1354
460 1355
461 1355
462 1358
463 1356
464 1355
465 1356
466 1355
467 1356
468 1355
469 1356
470 1356
471 1356
472 1356
473 1354
474 1353
475 1355
476 1356
477 1357
478 1356
479 1358
480 1356
481 1355
482 1357
483 1354
484 1356
485 1355
486 1356
487 1357
488 1355
489 1355
490 1356
491 1357
492 1356
493 1353
494 1355
495 1357
496 1360
497 1358
498 1353
499 1353
500 1354
501 1358
502 1357
503 1357
504 1355
505 1356
506 1355
507 1356
508 1353
509 1355
510 1357
511 1360
512 1357
513 1355
514 1354
515 1354
516 1356
517 1356
518 1355
519 1357
520 1355
521 1356
522 1353
523 1353
524 1359
525 1359
526 1356
527 1357
528 1355
529 1357
530 1354
531 1358
532 1358
533 1359
534 1364
535 1371
536 1379
537 1391
538 1411
539 1440
540 1471
541 1509
542 1548
543 1593
544 1642
545 1689
546 1735
547 1773
548 1814
549 1851
550 1882
551 1907
552 1926
553 1945
554 1962
555 1972
556 1975
557 1973
558 1971
559 1965
560 1959
561 1946
562 1930
563 1912
564 1894
565 1873
566 1853
567 1827
568 1804
569 1781
570 1760
571 1737
572 1718
573 1699
574 1684
575 1665
576 1644
577 1632
578 1615
579 1601
580 1586
581 1573
582 1555
583 1546
584 1535
585 1523
586 1508
587 1500
588 1489
589 1479
590 1474
591 1468
592 1459
593 1451
594 1449
595 1439
596 1439
597 1430
598 1427
599 1426
600 1421
601 1417
602 1411
603 1407
604 1406
605 1404
606 1398
607 1393
608 1393
609 1393
610 1391
611 1387
612 1381
613 1382
614 1380
615 1379
616 1377
617 1373
618 1375
619 1370
620 1372
621 1370
622 1368
623 1369
624 1363
625 1366
626 1364
627 1361
628 1359
629 1360
630 1361
631 1360
632 1361
633 1361
634 1359
635 1361
636 1360
637 1360
638 1360
639 1358
640 1359
641 1359
642 1361
643 1362
644 1361
645 1358
646 1360
647 1360
648 1358
649 1359
650 1358
651 1360
652 1359
653 1358
654 1359
655 1358
656 1358
657 1355
658 1357
659 1358
660 1358
661 1357
662 1358
663 1357
664 1357
665 1354
666 1355
667 1358
668 1356
669 1356
670 1356
671 1356
672 1358
673 1355
674 1357
675 1359
676 1356
677 1355
678 1355
679 1355
680 1353
681 1356
682 1355
683 1355
684 1358
685 1358
686 1359
687 1355
688 1354
689 1356
690 1355
691 1356
692 1356
693 1355
694 1355
695 1357
696 1355
697 1356
698 1356
699 1356
700 1354
701 1357
702 1356
703 1358
704 1355
705 1355
706 1353
707 1355
708 1357
709 1357
710 1357
711 1353
712 1357
713 1357
714 1358
715 1360
716 1358
717 1359
718 1358
719 1356
720 1357
721 1355
722 1356
723 1357
724 1359
725 1356
726 1359
727 1357
728 1356
729 1355
730 1354
731 1357
732 1356
733 1356
734 1357
735 1357
736 1357
737 1357
738 1355
739 1357
740 1356
741 1359
742 1358
743 1355
744 1359
745 1359
746 1357
747 1358
748 1361
749 1356
750 1355
751 1357
752 1355
753 1356
754 1354
755 1353
756 1357
757 1354
758 1356
759 1355
760 1356
761 1357
762 1357
763 1356
764 1357
765 1355
766 1357
767 1357
768 1357
769 1356
770 1358
771 1356
772 1354
773 1356
774 1358
775 1361
776 1358
777 1357
778 1357
779 1356
780 1359
781 1358
782 1358
783 1356
784 1358
785 1358
786 1357
787 1354
788 1356
789 1354
790 1356
791 1357
792 1359
793 1357
794 1359
795 1357
796 1357
797 1355
798 1358
799 1357
800 1356
801 1357
802 1357
803 1356
804 1358
805 1357
806 1357
807 1357
808 1357
809 1355
810 1357
811 1354
812 1354
813 1355
814 1355
815 1356
816 1358
817 1356
818 1358
819 1354
820 1359
821 1357
822 1356
823 1357
824 1360
825 1356
826 1356
827 1355
828 1354
829 1355
830 1355
831 1356
832 1356
833 1356
834 1355
835 1357
836 1356
837 1357
838 1357
839 1357
840 1361
841 1356
842 1354
843 1355
844 1356
845 1356
846 1356
847 1357
848 1358
849 1355
850 1358
851 1357
852 1355
853 1355
854 1356
855 1356
856 1356
857 1357
858 1355
859 1358
860 1355
861 1356
862 1357
863 1355
864 1354
865 1357
866 1356
867 1357
868 1357
869 1355
870 1358
871 1357
872 1355
873 1357
874 1357
875 1359
876 1356
877 1356
878 1356
879 1355
880 1354
881 1354
882 1355
883 1356
884 1357
885 1356
886 1354
887 1356
888 1354
889 1358
890 1356
891 1357
892 1357
893 1358
894 1356
895 1356
896 1357
897 1356
898 1357
899 1356
900 1356
901 1353
902 1354
903 1356
904 1356
905 1358
906 1357
907 1357
908 1357
909 1358
910 1358
911 1356
912 1354
913 1356
914 1356
915 1356
916 1358
917 1357
918 1357
919 1356
920 1355
921 1357
922 1356
923 1357
924 1355
925 1356
926 1358
927 1356
928 1356
929 1359
930 1359
931 1357
932 1356
933 1354
934 1357
935 1359
936 1357
937 1357
938 1356
939 1357
940 1356
941 1356
942 1356
943 1357
944 1356
945 1357
946 1354
947 1356
948 1353
949 1358
950 1356
951 1357
952 1357
953 1353
954 1354
955 1358
956 1359
957 1357
958 1356
959 1357
960 1356
961 1355
962 1355
963 1357
964 1354
965 1357
966 1356
967 1356
968 1356
969 1355
970 1356
971 1359
972 1357
973 1354
974 1354
975 1353
976 1354
977 1356
978 1355
979 1357
980 1353
981 1354
982 1355
983 1357
984 1355
985 1356
986 1356
987 1358
988 1356
989 1356
990 1355
991 1357
992 1356
993 1358
994 1356
995 1360
996 1355
997 1356
998 1355
999 1355
1000 1355
1001 1357
1002 1355
1003 1357
1004 1353
1005 1356
1006 1359
1007 1357
1008 1357
1009 1355
1010 1354
1011 1353
1012 1356
1013 1357
1014 1357
1015 1356
1016 1357
1017 1357
1018 1358
1019 1358
1020 1356
1021 1357
1022 1355
1023 1356
1024 1357
1025 1357
1026 1357
1027 1356
1028 1356
1029 1356
1030 1357
1031 1355
1032 1355
1033 1353
1034 1354
1035 1355
1036 1356
1037 1353
1038 1356
1039 1356
1040 1355
1041 1356
1042 1357
1043 1357
1044 1356
1045 1356
1046 1355
1047 1355
1048 1355
1049 1356
1050 1357
1051 1356
1052 1357
1053 1354
1054 1354
1055 1357
1056 1358
1057 1357
1058 1356
1059 1356
1060 1356
1061 1356
1062 1356
1063 1353
1064 1355
1065 1358
1066 1356
1067 1356
1068 1355
1069 1355
1070 1357
1071 1356
1072 1357
1073 1355
1074 1354
1075 1354
1076 1356
1077 1357
1078 1358
1079 1356
1080 1358
1081 1358
1082 1357
1083 1357
1084 1356
1085 1356
1086 1357
1087 1357
1088 1356
1089 1357
1090 1359
1091 1357
1092 1357
1093 1355
1094 1357
1095 1358
1096 1359
1097 1357
1098 1356
1099 1356
1100 1355
1101 1359
1102 1356
1103 1356
1104 1358
1105 1356
1106 1357
1107 1357
1108 1356
1109 1357
1110 1356
1111 1359
1112 1357
1113 1355
1114 1356
1115 1358
1116 1357
1117 1358
1118 1356
1119 1357
1120 1358
1121 1359
1122 1356
1123 1352
1124 1356
1125 1358
1126 1355
1127 1355
1128 1354
1129 1356
1130 1358
1131 1356
1132 1358
1133 1357
1134 1357
1135 1358
1136 1358
1137 1355
1138 1358
1139 1358
1140 1357
1141 1358
1142 1356
1143 1358
1144 1357
1145 1357
1146 1357
1147 1355
1148 1356
1149 1359
1150 1356
1151 1359
1152 1356
1153 1357
1154 1355
1155 1357
1156 1354
1157 1356
1158 1354
1159 1356
1160 1358
1161 1357
1162 1357
1163 1355
1164 1357
1165 1355
1166 1357
1167 1355
1168 1357
1169 1355
1170 1358
1171 1357
1172 1357
1173 1356
1174 1356
1175 1357
1176 1360
1177 1357
1178 1357
1179 1355
1180 1357
1181 1357
1182 1356
1183 1355
1184 1356
1185 1356
1186 1355
1187 1356
1188 1355
1189 1355
1190 1355
1191 1357
1192 1356
1193 1357
1194 1356
1195 1356
1196 1358
1197 1357
1198 1356
1199 1353
1200 1356
1201 1357
1202 1358
1203 1355
1204 1356
1205 1353
1206 1356
1207 1356
1208 1358
1209 1358
1210 1357
1211 1357
1212 1357
1213 1355
1214 1355
1215 1355
1216 1357
1217 1355
1218 1357
1219 1356
1220 1354
1221 1354
1222 1356
1223 1355
1224 1357
1225 1356
1226 1358
1227 1356
1228 1356
1229 1355
1230 1356
1231 1357
1232 1359
1233 1355
1234 1354
1235 1356
1236 1359
1237 1356
1238 1358
1239 1355
1240 1359
1241 1357
1242 1357
1243 1355
1244 1356
1245 1356
1246 1356
1247 1353
1248 1358
1249 1357
1250 1356
1251 1355
1252 1354
1253 1356
1254 1356
1255 1357
1256 1356
1257 1353
1258 1355
1259 1355
1260 1357
1261 1354
1262 1356
1263 1354
1264 1354
1265 1358
1266 1358
1267 1355
1268 1357
1269 1355
1270 1356
1271 1357
1272 1353
1273 1355
1274 1356
1275 1356
1276 1355
1277 1356
1278 1355
1279 1356
1280 1356
1281 1356
1282 1356
1283 1356
1284 1357
1285 1357
1286 1356
1287 1354
1288 1355
1289 1357
1290 1359
1291 1358
1292 1357
1293 1357
1294 1357
1295 1355
1296 1357
1297 1358
1298 1358
1299 1356
1300 1356
1301 1357
1302 1356
1303 1357
1304 1356
1305 1357
1306 1356
1307 1357
1308 1357
1309 1357
1310 1357
1311 1354
1312 1352
1313 1354
1314 1356
1315 1359
1316 1355
1317 1353
1318 1356
1319 1357
1320 1358
1321 1356
1322 1360
1323 1356
1324 1356
1325 1357
1326 1359
1327 1357
1328 1360
1329 1357
1330 1356
1331 1357
1332 1357
1333 1357
1334 1354
1335 1356
1336 1357
1337 1355
1338 1357
1339 1358
1340 1356
1341 1353
1342 1355
1343 1355
1344 1357
1345 1360
1346 1358
1347 1357
1348 1360
1349 1357
1350 1357
1351 1355
1352 1357
1353 1356
1354 1355
1355 1356
1356 1358
1357 1354
1358 1358
1359 1357
1360 1355
1361 1358
1362 1357
1363 1356
1364 1355
1365 1357
1366 1356
1367 1357
1368 1357
1369 1357
1370 1355
1371 1354
1372 1356
1373 1355
1374 1356
1375 1361
1376 1356
1377 1357
1378 1358
1379 1357
1380 1357
1381 1359
1382 1357
1383 1358
1384 1355
1385 1355
1386 1356
1387 1355
1388 1357
1389 1357
1390 1356
1391 1356
1392 1357
1393 1357
1394 1356
1395 1357
1396 1357
1397 1356
1398 1356
1399 1353
1400 1356
1401 1353
1402 1358
1403 1356
1404 1356
1405 1355
1406 1355
1407 1355
1408 1356
1409 1356
1410 1357
1411 1356
1412 1356
1413 1353
1414 1355
1415 1356
1416 1357
1417 1358
1418 1358
1419 1355
1420 1356
1421 1357
1422 1356
1423 1357
1424 1355
1425 1357
1426 1357
1427 1358
1428 1356
1429 1355
1430 1356
1431 1357
1432 1356
1433 1355
1434 1355
1435 1357
1436 1357
1437 1356
1438 1357
1439 1355
1440 1357
1441 1355
1442 1356
1443 1353
1444 1354
1445 1358
1446 1356
1447 1357
1448 1356
1449 1354
1450 1356
1451 1360
1452 1356
1453 1355
1454 1356
1455 1357
1456 1356
1457 1356
1458 1354
1459 1354
1460 1358
1461 1357
1462 1356
1463 1353
1464 1354
1465 1356
1466 1356
1467 1355
1468 1355
1469 1355
1470 1359
1471 1356
1472 1355
1473 1356
1474 1357
1475 1356
1476 1356
1477 1357
1478 1357
1479 1358
1480 1358
1481 1358
1482 1357
1483 1355
1484 1357
1485 1353
1486 1354
1487 1356
1488 1353
1489 1356
1490 1356
1491 1353
1492 1357
1493 1356
1494 1356
1495 1355
1496 1357
1497 1355
1498 1357
1499 1357
1500 1356
1501 1356
1502 1357
1503 1354
1504 1357
1505 1357
1506 1356
1507 1355
1508 1354
1509 1354
1510 1352
1511 1355
1512 1356
1513 1357
1514 1356
1515 1356
1516 1354
1517 1358
1518 1356
1519 1356
1520 1356
1521 1357
1522 1355
1523 1355
1524 1357
1525 1357
1526 1357
1527 1355
1528 1357
1529 1352
1530 1356
1531 1356
1532 1355
1533 1355
1534 1358
1535 1359
1536 1357
1537 1358
1538 1355
1539 1356
1540 1357
1541 1357
1542 1361
1543 1358
1544 1356
1545 1354
1546 1356
1547 1356
1548 1354
1549 1357
1550 1356
1551 1356
1552 1355
1553 1356
1554 1354
1555 1356
1556 1356
1557 1355
1558 1357
1559 1355
1560 1358
1561 1356
1562 1353
1563 1353
1564 1356
1565 1357
1566 1354
1567 1357
1568 1357
1569 1357
1570 1358
1571 1356
1572 1356
1573 1357
1574 1355
1575 1356
1576 1358
1577 1356
1578 1356
1579 1355
1580 1356
1581 1354
1582 1357
1583 1354
1584 1354
1585 1357
1586 1356
1587 1354
1588 1358
1589 1356
1590 1357
1591 1358
1592 1357
1593 1355
1594 1356
1595 1357
1596 1357
1597 1356
1598 1354
1599 1356
1600 1355
1601 1358
1602 1356
1603 1357
1604 1356
1605 1357
1606 1356
1607 1355
1608 1356
1609 1359
1610 1356
1611 1357
1612 1358
1613 1355
1614 1356
1615 1355
1616 1355
1617 1356
1618 1356
1619 1356
1620 1354
1621 1355
1622 1355
1623 1355
1624 1356
1625 1356
1626 1357
1627 1357
1628 1358
1629 1357
1630 1359
1631 1357
1632 1356
1633 1356
1634 1357
1635 1360
1636 1359
1637 1356
1638 1355
1639 1353
1640 1356
1641 1353
1642 1356
1643 1358
1644 1356
1645 1357
1646 1356
1647 1353
1648 1356
1649 1356
1650 1357
1651 1353
1652 1355
1653 1355
1654 1357
1655 1356
1656 1357
1657 1354
1658 1356
1659 1355
1660 1354
1661 1356
1662 1354
1663 1353
1664 1358
1665 1355
1666 1356
1667 1355
1668 1356
1669 1357
1670 1356
1671 1355
1672 1355
1673 1358
1674 1356
1675 1356
1676 1357
1677 1357
1678 1356
1679 1358
1680 1357
1681 1359
1682 1355
1683 1354
1684 1358
1685 1357
1686 1355
1687 1357
1688 1354
1689 1357
1690 1358
1691 1354
1692 1356
1693 1355
1694 1356
1695 1357
1696 1356
1697 1355
1698 1356
1699 1353
1700 1356
1701 1358
1702 1358
1703 1355
1704 1355
1705 1357
1706 1356
1707 1357
1708 1357
1709 1355
1710 1358
1711 1355
1712 1357
1713 1355
1714 1355
1715 1355
1716 1356
1717 1357
1718 1357
1719 1356
1720 1357
1721 1356
1722 1356
1723 1354
1724 1356
1725 1357
1726 1356
1727 1354
1728 1358
1729 1358
1730 1355
1731 1358
1732 1355
1733 1356
1734 1355
1735 1354
1736 1355
1737 1355
1738 1354
1739 1355
1740 1360
1741 1355
1742 1357
1743 1354
1744 1356
1745 1356
1746 1357
1747 1355
1748 1357
1749 1356
1750 1356
1751 1355
1752 1354
1753 1354
1754 1356
1755 1357
1756 1358
1757 1356
1758 1356
1759 1356
1760 1354
1761 1354
1762 1356
1763 1355
1764 1354
1765 1354
1766 1356
1767 1355
1768 1354
1769 1356
1770 1356
1771 1358
1772 1355
1773 1356
1774 1355
1775 1352
1776 1357
1777 1357
1778 1360
1779 1358
1780 1355
1781 1359
1782 1357
1783 1356
1784 1354
1785 1358
1786 1359
1787 1356
1788 1357
1789 1354
1790 1355
1791 1355
1792 1360
1793 1358
1794 1356
1795 1355
1796 1357
1797 1353
1798 1356
1799 1355
1800 1353
1801 1356
1802 1355
1803 1355
1804 1355
1805 1355
1806 1357
1807 1357
1808 1354
1809 1354
1810 1354
1811 1357
1812 1355
1813 1355
1814 1356
1815 1356
1816 1356
1817 1357
1818 1355
1819 1355
1820 1353
1821 1355
1822 1354
1823 1353
1824 1354
1825 1357
1826 1357
1827 1357
1828 1356
1829 1356
1830 1356
1831 1354
1832 1353
1833 1354
1834 1356
1835 1355
1836 1356
1837 1355
1838 1355
1839 1355
1840 1356
1841 1354
1842 1354
1843 1355
1844 1357
1845 1357
1846 1355
1847 1355
1848 1355
1849 1356
1850 1355
1851 1351
1852 1356
1853 1351
1854 1355
1855 1356
1856 1356
1857 1354
1858 1356
1859 1356
1860 1359
1861 1355
1862 1353
1863 1354
1864 1353
1865 1355
1866 1358
1867 1354
1868 1357
1869 1355
1870 1356
1871 1356
1872 1355
1873 1354
1874 1355
1875 1357
1876 1356
1877 1355
1878 1357
1879 1355
1880 1354
1881 1353
1882 1356
1883 1355
1884 1356
1885 1356
1886 1351
1887 1354
1888 1352
1889 1354
1890 1354
1891 1355
1892 1356
1893 1353
1894 1357
1895 1352
1896 1356
1897 1355
1898 1356
1899 1354
1900 1359
1901 1354
1902 1357
1903 1355
1904 1357
1905 1357
1906 1357
1907 1359
1908 1352
1909 1355
1910 1355
1911 1356
1912 1356
1913 1353
1914 1360
1915 1356
1916 1355
1917 1351
1918 1358
1919 1355
1920 1358
1921 1355
1922 1355
1923 1356
1924 1358
1925 1355
1926 1356
1927 1355
1928 1357
1929 1357
1930 1358
1931 1353
1932 1356
1933 1357
1934 1355
1935 1357
1936 1358
1937 1355
1938 1356
1939 1353
1940 1355
1941 1357
1942 1356
1943 1353
1944 1356
1945 1357
1946 1358
1947 1357
1948 1357
1949 1355
1950 1357
1951 1356
1952 1357
1953 1355
1954 1358
1955 1357
1956 1357
1957 1354
1958 1354
1959 1356
1960 1356
1961 1355
1962 1356
1963 1356
1964 1358
1965 1357
1966 1356
1967 1353
1968 1357
1969 1357
1970 1354
1971 1355
1972 1358
1973 1357
1974 1356
1975 1356
1976 1357
1977 1353
1978 1352
1979 1354
1980 1358
1981 1356
1982 1355
1983 1355
1984 1354
1985 1355
1986 1355
1987 1356
1988 1356
1989 1353
1990 1356
1991 1357
1992 1358
1993 1357
1994 1358
1995 1357
1996 1356
1997 1356
1998 1355
1999 1354
2000 1357
2001 1357
2002 1355
2003 1356
2004 1356
2005 1355
2006 1353
2007 1355
2008 1355
2009 1356
2010 1355
2011 1356
2012 1355
2013 1355
2014 1357
2015 1356
2016 1358
2017 1356
2018 1353
2019 1355
2020 1356
2021 1358
2022 1356
2023 1354
2024 1354
2025 1357
2026 1353
2027 1355
2028 1356
2029 1358
2030 1357
2031 1357
2032 1356
2033 1355
2034 1354
2035 1355
2036 1355
2037 1354
2038 1355
2039 1355
2040 1354
2041 1355
2042 1355
2043 1354
2044 1357
2045 1357
2046 1357
2047 1355
2048 1358
2049 1354
2050 1356
2051 1357
2052 1352
2053 1355
2054 1353
2055 1354
2056 1355
2057 1357
2058 1352
2059 1356
2060 1353
2061 1353
2062 1353
2063 1356
2064 1357
2065 1357
2066 1357
2067 1353
2068 1355
2069 1354
2070 1355
2071 1355
2072 1356
2073 1354
2074 1356
2075 1356
2076 1353
2077 1357
2078 1354
2079 1354
2080 1355
2081 1354
2082 1357
2083 1357
2084 1356
2085 1357
2086 1354
2087 1357
2088 1358
2089 1358
2090 1358
2091 1356
2092 1357
2093 1355
2094 1355
2095 1356
2096 1355
2097 1356
2098 1354
2099 1355
2100 1355
2101 1355
2102 1353
2103 1355
2104 1354
2105 1358
2106 1354
2107 1356
2108 1355
2109 1354
2110 1354
2111 1354
2112 1355
2113 1356
2114 1354
2115 1356
2116 1356
2117 1358
2118 1357
2119 1355
2120 1357
2121 1357
2122 1356
2123 1356
2124 1355
2125 1355
2126 1355
2127 1357
2128 1356
2129 1356
2130 1357
2131 1355
2132 1357
2133 1354
2134 1359
2135 1357
2136 1356
2137 1358
2138 1356
2139 1357
2140 1356
2141 1356
2142 1356
2143 1355
2144 1358
2145 1354
2146 1358
2147 1357
2148 1358
2149 1357
2150 1357
2151 1355
2152 1356
2153 1356
2154 1353
2155 1355
2156 1355
2157 1355
2158 1357
2159 1355
2160 1356
2161 1354
2162 1353
2163 1357
2164 1354
2165 1355
2166 1355
2167 1355
2168 1354
2169 1356
2170 1355
2171 1357
2172 1356
2173 1353
2174 1356
2175 1357
2176 1355
2177 1356
2178 1356
2179 1358
2180 1357
2181 1354
2182 1357
2183 1356
2184 1357
2185 1351
2186 1354
2187 1356
2188 1356
2189 1355
2190 1356
2191 1360
2192 1355
2193 1355
2194 1355
2195 1356
2196 1356
2197 1356
2198 1359
2199 1357
2200 1357
2201 1357
2202 1353
2203 1356
2204 1357
2205 1359
2206 1358
2207 1355
2208 1356
2209 1357
2210 1359
2211 1356
2212 1358
2213 1358
2214 1356
2215 1356
2216 1354
2217 1356
2218 1355
2219 1355
2220 1356
2221 1357
2222 1355
2223 1357
2224 1355
2225 1357
2226 1357
2227 1357
2228 1357
2229 1356
2230 1357
2231 1356
2232 1354
2233 1355
2234 1358
2235 1358
2236 1354
2237 1355
2238 1355
2239 1355
2240 1356
2241 1356
2242 1355
2243 1358
2244 1356
2245 1357
2246 1356
2247 1355
2248 1353
2249 1357
2250 1357
2251 1357
2252 1355
2253 1356
2254 1355
2255 1352
2256 1354
2257 1356
2258 1354
2259 1355
2260 1354
2261 1353
2262 1354
2263 1354
2264 1358
2265 1356
2266 1356
2267 1359
2268 1356
2269 1358
2270 1354
2271 1356
2272 1356
2273 1353
2274 1355
2275 1356
2276 1355
2277 1357
2278 1354
2279 1354
2280 1354
2281 1357
2282 1354
2283 1354
2284 1355
2285 1354
2286 1357
2287 1356
2288 1353
2289 1356
2290 1357
2291 1356
2292 1355
2293 1352
2294 1356
2295 1359
2296 1354
2297 1354
2298 1355
2299 1353
2300 1354
2301 1353
2302 1354
2303 1358
2304 1357
2305 1357
2306 1355
2307 1355
2308 1353
2309 1358
2310 1355
2311 1357
2312 1356
2313 1359
2314 1357
2315 1356
2316 1356
2317 1355
2318 1355
2319 1357
2320 1357
2321 1357
2322 1356
2323 1353
2324 1354
2325 1356
2326 1354
2327 1357
2328 1355
2329 1358
2330 1358
2331 1357
2332 1354
2333 1357
2334 1354
2335 1355
2336 1356
2337 1359
2338 1355
2339 1358
2340 1358
2341 1357
2342 1354
2343 1356
2344 1356
2345 1355
2346 1355
2347 1356
2348 1356
2349 1354
2350 1357
2351 1357
2352 1356
2353 1358
2354 1357
2355 1358
2356 1356
2357 1353
2358 1354
2359 1357
2360 1356
2361 1356
2362 1357
2363 1356
2364 1358
2365 1358
2366 1357
2367 1357
2368 1358
2369 1356
2370 1357
2371 1354
2372 1357
2373 1355
2374 1354
2375 1352
2376 1355
2377 1358
2378 1358
2379 1355
2380 1355
2381 1355
2382 1354
2383 1355
2384 1356
2385 1357
2386 1356
2387 1356
2388 1357
2389 1356
2390 1358
2391 1357
2392 1357
2393 1357
2394 1357
2395 1358
2396 1357
2397 1356
2398 1354
2399 1353
2400 1357
2401 1356
2402 1354
2403 1355
2404 1355
2405 1357
2406 1357
2407 1357
2408 1356
2409 1356
2410 1356
2411 1354
2412 1355
2413 1352
2414 1357
2415 1357
2416 1357
2417 1356
2418 1355
2419 1356
2420 1357
2421 1355
2422 1354
2423 1355
2424 1357
2425 1356
2426 1357
2427 1359
2428 1358
2429 1355
2430 1355
2431 1358
2432 1355
2433 1352
2434 1355
2435 1357
2436 1356
2437 1355
2438 1356
2439 1355
2440 1356
2441 1354
2442 1356
2443 1356
2444 1358
2445 1357
2446 1359
2447 1356
2448 1356
2449 1355
2450 1356
2451 1356
2452 1357
2453 1356
2454 1356
2455 1356
2456 1357
2457 1356
2458 1358
2459 1359
2460 1361
2461 1357
2462 1356
2463 1353
2464 1356
2465 1354
2466 1357
2467 1356
2468 1357
2469 1356
2470 1357
2471 1356
2472 1357
2473 1354
2474 1357
2475 1357
2476 1357
2477 1353
2478 1357
2479 1357
2480 1356
2481 1356
2482 1357
2483 1356
2484 1358
2485 1361
2486 1356
2487 1357
2488 1357
2489 1355
2490 1356
2491 1356
2492 1355
2493 1356
2494 1356
2495 1356
2496 1358
2497 1355
2498 1357
2499 1357
2500 1357
2501 1357
2502 1356
2503 1357
2504 1358
2505 1357
2506 1355
2507 1357
2508 1356
2509 1356
2510 1356
2511 1358
2512 1357
2513 1356
2514 1357
2515 1358
2516 1358
2517 1357
2518 1354
2519 1357
2520 1356
2521 1356
2522 1356
2523 1355
2524 1356
2525 1353
2526 1353
2527 1356
2528 1355
2529 1356
2530 1357
2531 1357
2532 1357
2533 1355
2534 1354
2535 1355
2536 1354
2537 1356
2538 1355
2539 1357
2540 1356
2541 1357
2542 1354
2543 1360
2544 1357
2545 1357
2546 1356
2547 1355
2548 1358
2549 1356
2550 1356
2551 1358
2552 1357
2553 1357
2554 1356
2555 1354
2556 1357
2557 1354
2558 1358
2559 1355
2560 1357
2561 1357
2562 1356
2563 1356
2564 1357
2565 1357
2566 1353
2567 1354
2568 1355
2569 1355
2570 1355
2571 1359
2572 1358
2573 1359
2574 1359
2575 1358
2576 1357
2577 1358
2578 1355
2579 1355
2580 1357
2581 1356
2582 1357
2583 1357
2584 1356
2585 1359
2586 1355
2587 1355
2588 1356
2589 1357
2590 1354
2591 1355
2592 1355
2593 1356
2594 1355
2595 1354
2596 1356
2597 1356
2598 1355
2599 1357
2600 1355
2601 1356
2602 1357
2603 1356
2604 1355
2605 1353
2606 1357
2607 1356
2608 1355
2609 1358
2610 1356
2611 1356
2612 1356
2613 1353
2614 1358
2615 1355
2616 1356
2617 1355
2618 1357
2619 1357
2620 1358
2621 1355
2622 1356
2623 1356
2624 1356
2625 1357
2626 1356
2627 1355
2628 1356
2629 1356
2630 1356
2631 1355
2632 1358
2633 1355
2634 1353
2635 1357
2636 1357
2637 1357
2638 1357
2639 1356
2640 1357
2641 1358
2642 1358
2643 1356
2644 1356
2645 1357
2646 1356
2647 1356
2648 1355
2649 1355
2650 1356
2651 1358
2652 1356
2653 1356
2654 1356
2655 1357
2656 1357
2657 1355
2658 1354
2659 1355
2660 1356
2661 1355
2662 1356
2663 1356
2664 1353
2665 1357
2666 1356
2667 1356
2668 1357
2669 1355
2670 1356
2671 1359
2672 1353
2673 1354
2674 1355
2675 1357
2676 1354
2677 1354
2678 1356
2679 1358
2680 1353
2681 1355
2682 1355
2683 1355
2684 1355
2685 1355
2686 1356
2687 1356
2688 1356
2689 1357
2690 1356
2691 1356
2692 1355
2693 1356
2694 1357
2695 1358
2696 1356
2697 1354
2698 1357
2699 1356
2700 1361
2701 1357
2702 1356
2703 1353
2704 1356
2705 1357
2706 1358
2707 1357
2708 1355
2709 1353
2710 1355
2711 1357
2712 1357
2713 1357
2714 1355
2715 1356
2716 1354
2717 1355
2718 1357
2719 1358
2720 1356
2721 1357
2722 1356
2723 1355
2724 1355
2725 1355
2726 1355
2727 1357
2728 1355
2729 1354
2730 1355
2731 1358
2732 1358
2733 1357
2734 1358
2735 1358
2736 1356
2737 1356
2738 1355
2739 1353
2740 1354
2741 1359
2742 1355
2743 1357
2744 1358
2745 1356
2746 1356
2747 1357
2748 1355
2749 1357
2750 1356
2751 1357
2752 1357
2753 1358
2754 1354
2755 1358
2756 1355
2757 1354
2758 1354
2759 1356
2760 1355
2761 1355
2762 1358
2763 1356
2764 1356
2765 1358
2766 1356
2767 1357
2768 1357
2769 1357
2770 1355
2771 1357
2772 1356
2773 1355
2774 1354
2775 1359
2776 1357
2777 1357
2778 1354
2779 1356
2780 1357
2781 1357
2782 1357
2783 1355
2784 1357
2785 1359
2786 1355
2787 1356
2788 1354
2789 1361
2790 1357
2791 1356
2792 1357
2793 1356
2794 1356
2795 1358
2796 1356
2797 1353
2798 1357
2799 1355
2800 1357
2801 1354
2802 1355
2803 1352
2804 1355
2805 1356
2806 1358
2807 1359
2808 1358
2809 1357
2810 1355
2811 1356
2812 1356
2813 1356
2814 1353
2815 1355
2816 1355
2817 1355
2818 1356
2819 1357
2820 1358
2821 1356
2822 1357
2823 1354
2824 1355
2825 1358
2826 1356
2827 1357
2828 1357
2829 1357
2830 1359
2831 1357
2832 1356
2833 1355
2834 1356
2835 1360
2836 1358
2837 1357
2838 1358
2839 1353
2840 1355
2841 1354
2842 1357
2843 1357
2844 1354
2845 1353
2846 1354
2847 1355
2848 1357
2849 1354
2850 1357
2851 1356
2852 1358
2853 1353
2854 1356
2855 1357
2856 1357
2857 1355
2858 1355
2859 1355
2860 1356
2861 1357
2862 1357
2863 1355
2864 1359
2865 1358
2866 1355
2867 1354
2868 1356
2869 1357
2870 1358
2871 1356
2872 1358
2873 1355
2874 1356
2875 1356
2876 1356
2877 1356
2878 1359
2879 1356
2880 1355
2881 1355
2882 1358
2883 1354
2884 1355
2885 1355
2886 1358
2887 1357
2888 1355
2889 1356
2890 1357
2891 1356
2892 1357
2893 1355
2894 1356
2895 1354
2896 1356
2897 1353
2898 1357
2899 1354
2900 1355
2901 1355
2902 1355
2903 1355
2904 1354
2905 1354
2906 1357
2907 1356
2908 1357
2909 1356
2910 1356
2911 1357
2912 1354
2913 1356
2914 1358
2915 1356
2916 1358
2917 1354
2918 1358
2919 1356
2920 1357
2921 1354
2922 1356
2923 1355
2924 1356
2925 1355
2926 1358
2927 1358
2928 1358
2929 1355
2930 1356
2931 1355
2932 1357
2933 1356
2934 1358
2935 1355
2936 1355
2937 1355
2938 1354
2939 1355
2940 1358
2941 1358
2942 1354
2943 1357
2944 1356
2945 1357
2946 1358
2947 1357
2948 1359
2949 1358
2950 1356
2951 1358
2952 1358
2953 1356
2954 1357
2955 1355
2956 1355
2957 1355
2958 1357
2959 1355
2960 1357
2961 1356
2962 1353
2963 1353
2964 1357
2965 1357
2966 1358
2967 1354
2968 1357
2969 1355
2970 1357
2971 1357
2972 1358
2973 1355
2974 1359
2975 1357
2976 1356
2977 1355
2978 1359
2979 1358
2980 1361
2981 1357
2982 1358
2983 1359
2984 1357
2985 1357
2986 1356
2987 1357
2988 1359
2989 1356
2990 1356
2991 1355
2992 1358
2993 1353
2994 1357
2995 1357
2996 1357
2997 1356
2998 1357
2999 1357
3000 1359
3001 1356
3002 1358
3003 1355
3004 1357
3005 1356
3006 1356
3007 1356
3008 1358
3009 1357
3010 1358
3011 1358
3012 1356
3013 1355
3014 1358
3015 1354
3016 1356
3017 1355
3018 1358
3019 1356
3020 1356
3021 1355
3022 1358
3023 1353
3024 1358
3025 1358
3026 1356
3027 1356
3028 1356
3029 1357
3030 1355
3031 1353
3032 1356
3033 1356
3034 1357
3035 1354
3036 1354
3037 1353
3038 1357
3039 1360
3040 1356
3041 1354
3042 1357
3043 1357
3044 1357
3045 1353
3046 1357
3047 1357
3048 1355
3049 1355
3050 1356
3051 1357
3052 1358
3053 1354
3054 1358
3055 1357
3056 1358
3057 1356
3058 1353
3059 1355
3060 1355
3061 1357
3062 1356
3063 1359
3064 1352
3065 1353
3066 1355
3067 1357
3068 1356
3069 1357
3070 1357
3071 1354
3072 1356
3073 1356
3074 1356
3075 1353
3076 1358
3077 1355
3078 1356
3079 1355
3080 1355
3081 1358
3082 1355
3083 1352
3084 1356
3085 1355
3086 1356
3087 1357
3088 1358
3089 1355
3090 1355
3091 1356
3092 1356
3093 1356
3094 1357
3095 1355
3096 1356
3097 1357
3098 1356
3099 1355
3100 1357
3101 1356
3102 1357
3103 1354
3104 1356
3105 1357
3106 1355
3107 1354
3108 1353
3109 1354
3110 1354
3111 1355
3112 1357
3113 1358
3114 1356
3115 1355
3116 1357
3117 1357
3118 1353
3119 1355
3120 1356
3121 1355
3122 1354
3123 1355
3124 1355
3125 1356
3126 1356
3127 1353
3128 1353
3129 1358
3130 1359
3131 1356
3132 1354
3133 1357
3134 1357
3135 1354
3136 1357
3137 1357
3138 1358
3139 1355
3140 1355
3141 1354
3142 1356
3143 1357
3144 1356
3145 1355
3146 1356
3147 1358
3148 1355
3149 1355
3150 1352
3151 1357
3152 1356
3153 1357
3154 1356
3155 1358
3156 1356
3157 1356
3158 1355
3159 1355
3160 1354
3161 1358
3162 1356
3163 1356
3164 1355
3165 1353
3166 1357
3167 1357
3168 1357
3169 1357
3170 1353
3171 1355
3172 1355
3173 1352
3174 1356
3175 1354
3176 1352
3177 1355
3178 1353
3179 1354
3180 1356
3181 1357
3182 1356
3183 1354
3184 1353
3185 1361
3186 1356
3187 1352
3188 1354
3189 1356
3190 1354
3191 1357
3192 1356
3193 1357
3194 1354
3195 1355
3196 1356
3197 1356
3198 1356
3199 1357
3200 1355
3201 1355
3202 1354
3203 1356
3204 1356
3205 1355
3206 1356
3207 1355
3208 1359
3209 1358
3210 1357
3211 1358
3212 1354
3213 1353
3214 1356
3215 1357
3216 1357
3217 1355
3218 1354
3219 1355
3220 1358
3221 1357
3222 1355
3223 1356
3224 1355
3225 1353
3226 1359
3227 1355
3228 1357
3229 1356
3230 1356
3231 1355
3232 1353
3233 1353
3234 1357
3235 1356
3236 1355
3237 1356
3238 1355
3239 1355
3240 1354
3241 1357
3242 1356
3243 1353
3244 1357
3245 1357
3246 1354
3247 1357
3248 1357
3249 1358
3250 1356
3251 1355
3252 1353
3253 1357
3254 1354
3255 1355
3256 1356
3257 1357
3258 1358
3259 1357
3260 1357
3261 1357
3262 1356
3263 1357
3264 1357
3265 1355
3266 1354
3267 1355
3268 1354
3269 1354
3270 1356
3271 1357
3272 1355
3273 1355
3274 1353
3275 1357
3276 1358
3277 1358
3278 1358
3279 1357
3280 1354
3281 1355
3282 1355
3283 1356
3284 1357
3285 1358
3286 1359
3287 1357
3288 1359
3289 1356
3290 1356
3291 1353
3292 1356
3293 1357
3294 1355
3295 1357
3296 1356
3297 1358
3298 1359
3299 1359
3300 1354
3301 1356
3302 1356
3303 1359
3304 1354
3305 1357
3306 1358
3307 1358
3308 1357
3309 1357
3310 1354
3311 1358
3312 1355
3313 1358
3314 1357
3315 1359
3316 1356
3317 1358
3318 1357
3319 1355
3320 1357
3321 1358
3322 1358
3323 1355
3324 1356
3325 1355
3326 1357
3327 1358
3328 1357
3329 1355
3330 1356
3331 1356
3332 1353
3333 1356
3334 1356
3335 1358
3336 1358
3337 1357
3338 1355
3339 1355
3340 1356
3341 1354
3342 1355
3343 1355
3344 1356
3345 1361
3346 1357
3347 1355
3348 1355
3349 1357
3350 1355
3351 1357
3352 1357
3353 1357
3354 1355
3355 1357
3356 1356
3357 1354
3358 1355
3359 1356
3360 1354
3361 1356
3362 1357
3363 1357
3364 1356
3365 1357
3366 1358
3367 1358
3368 1357
3369 1356
3370 1356
3371 1357
3372 1355
3373 1354
3374 1356
3375 1360
3376 1358
3377 1354
3378 1356
3379 1356
3380 1357
3381 1356
3382 1355
3383 1357
3384 1356
3385 1357
3386 1352
3387 1355
3388 1355
3389 1357
3390 1355
3391 1356
3392 1354
3393 1357
3394 1356
3395 1356
3396 1352
3397 1356
3398 1357
3399 1357
3400 1357
3401 1357
3402 1357
3403 1355
3404 1357
3405 1358
3406 1357
3407 1354
3408 1357
3409 1355
3410 1356
3411 1357
3412 1355
3413 1354
3414 1355
3415 1355
3416 1354
3417 1356
3418 1357
3419 1356
3420 1353
3421 1358
3422 1356
3423 1353
3424 1357
3425 1356
3426 1359
3427 1356
3428 1356
3429 1355
3430 1357
3431 1358
3432 1355
3433 1357
3434 1356
3435 1359
3436 1355
3437 1356
3438 1356
3439 1355
3440 1356
3441 1357
3442 1356
3443 1355
3444 1350
3445 1356
3446 1355
3447 1356
3448 1356
3449 1356
3450 1355
3451 1356
3452 1356
3453 1357
3454 1356
3455 1357
3456 1357
3457 1354
3458 1356
3459 1355
3460 1355
3461 1355
3462 1355
3463 1355
3464 1360
3465 1361
3466 1356
3467 1355
3468 1356
3469 1357
3470 1359
3471 1356
3472 1356
3473 1354
3474 1355
3475 1355
3476 1356
3477 1355
3478 1353
3479 1356
3480 1356
3481 1355
3482 1356
3483 1353
3484 1356
3485 1353
3486 1358
3487 1358
3488 1357
3489 1356
3490 1356
3491 1355
3492 1354
3493 1354
3494 1357
3495 1355
3496 1354
3497 1356
3498 1356
3499 1354
3500 1353
3501 1355
3502 1355
3503 1354
3504 1356
3505 1355
3506 1355
3507 1355
3508 1356
3509 1354
3510 1354
3511 1354
3512 1353
3513 1353
3514 1355
3515 1354
3516 1353
3517 1357
3518 1355
3519 1355
3520 1355
3521 1355
3522 1356
3523 1355
3524 1358
3525 1353
3526 1355
3527 1356
3528 1356
3529 1355
3530 1357
3531 1356
3532 1357
3533 1353
3534 1354
3535 1353
3536 1357
3537 1353
3538 1355
3539 1356
3540 1356
3541 1354
3542 1356
3543 1355
3544 1354
3545 1353
3546 1356
3547 1356
3548 1355
3549 1355
3550 1356
3551 1355
3552 1354
3553 1359
3554 1357
3555 1356
3556 1356
3557 1355
3558 1356
3559 1356
3560 1358
3561 1357
3562 1358
3563 1356
3564 1358
3565 1358
3566 1359
3567 1357
3568 1357
3569 1357
3570 1354
3571 1356
3572 1353
3573 1354
3574 1356
3575 1355
3576 1357
3577 1353
3578 1358
3579 1358
3580 1358
3581 1357
3582 1358
3583 1355
3584 1355
3585 1358
3586 1355
3587 1353
3588 1355
3589 1354
3590 1355
3591 1353
3592 1355
3593 1356
3594 1357
3595 1354
3596 1353
3597 1354
3598 1355
3599 1353
3600 1354
3601 1354
3602 1354
3603 1356
3604 1352
3605 1352
3606 1356
3607 1357
3608 1357
3609 1356
3610 1354
3611 1356
3612 1353
3613 1355
3614 1353
3615 1356
3616 1356
3617 1353
3618 1356
3619 1355
3620 1358
3621 1356
3622 1354
3623 1353
3624 1358
3625 1363
3626 1358
3627 1354
3628 1354
3629 1354
3630 1356
3631 1355
3632 1354
3633 1354
3634 1354
3635 1356
3636 1356
3637 1357
3638 1357
3639 1355
3640 1356
3641 1354
3642 1355
3643 1357
3644 1354
3645 1355
3646 1358
3647 1355
3648 1358
3649 1354
3650 1358
3651 1357
3652 1357
3653 1355
3654 1356
3655 1358
3656 1358
3657 1357
3658 1356
3659 1357
3660 1357
3661 1356
3662 1358
3663 1355
3664 1356
3665 1358
3666 1356
3667 1357
3668 1357
3669 1355
3670 1356
3671 1355
3672 1358
3673 1355
3674 1358
3675 1355
3676 1359
3677 1357
3678 1357
3679 1354
3680 1356
3681 1355
3682 1360
3683 1355
3684 1356
3685 1356
3686 1358
3687 1354
3688 1354
3689 1355
3690 1353
3691 1356
3692 1356
3693 1353
3694 1355
3695 1357
3696 1356
3697 1355
3698 1359
3699 1355
3700 1357
3701 1355
3702 1358
3703 1356
3704 1356
3705 1357
3706 1358
3707 1356
3708 1356
3709 1357
3710 1356
3711 1357
3712 1358
3713 1356
3714 1356
3715 1353
3716 1354
3717 1355
3718 1356
3719 1356
3720 1356
3721 1356
3722 1356
3723 1354
3724 1355
3725 1357
3726 1355
3727 1357
3728 1356
3729 1356
3730 1357
3731 1356
3732 1357
3733 1357
3734 1356
3735 1356
3736 1356
3737 1355
3738 1358
3739 1357
3740 1357
3741 1355
3742 1357
3743 1352
3744 1357
3745 1356
3746 1357
3747 1356
3748 1357
3749 1355
3750 1355
3751 1357
3752 1353
3753 1353
3754 1356
3755 1358
3756 1356
3757 1355
3758 1357
3759 1356
3760 1356
3761 1355
3762 1354
3763 1356
3764 1356
3765 1353
3766 1356
3767 1353
3768 1355
3769 1356
3770 1355
3771 1356
3772 1360
3773 1357
3774 1357
3775 1356
3776 1357
3777 1357
3778 1358
3779 1357
3780 1356
3781 1356
3782 1356
3783 1358
3784 1354
3785 1359
3786 1355
3787 1357
3788 1355
3789 1357
3790 1352
3791 1356
3792 1356
3793 1357
3794 1355
3795 1356
3796 1358
3797 1357
3798 1356
3799 1357
3800 1355
3801 1356
3802 1353
3803 1355
3804 1355
3805 1357
3806 1357
3807 1358
3808 1353
3809 1357
3810 1357
3811 1359
3812 1354
3813 1354
3814 1356
3815 1356
3816 1355
3817 1354
3818 1355
3819 1357
3820 1353
3821 1355
3822 1356
3823 1355
3824 1354
3825 1355
3826 1355
3827 1357
3828 1357
3829 1357
3830 1356
3831 1357
3832 1356
3833 1357
3834 1356
3835 1357
3836 1355
3837 1356
3838 1356
3839 1357
3840 1358
3841 1356
3842 1355
3843 1355
3844 1355
3845 1358
3846 1357
3847 1357
3848 1354
3849 1357
3850 1356
3851 1355
3852 1354
3853 1353
3854 1355
3855 1353
3856 1356
3857 1357
3858 1358
3859 1356
3860 1354
3861 1356
3862 1357
3863 1357
3864 1357
3865 1357
3866 1357
3867 1355
3868 1355
3869 1355
3870 1353
3871 1356
3872 1356
3873 1356
3874 1357
3875 1357
3876 1356
3877 1356
3878 1352
3879 1354
3880 1355
3881 1355
3882 1354
3883 1356
3884 1356
3885 1357
3886 1355
3887 1357
3888 1355
3889 1357
3890 1356
3891 1357
3892 1356
3893 1357
3894 1356
3895 1356
3896 1357
3897 1355
3898 1356
3899 1357
3900 1356
3901 1354
3902 1356
3903 1356
3904 1355
3905 1355
3906 1357
3907 1356
3908 1354
3909 1355
3910 1356
3911 1357
3912 1356
3913 1357
3914 1355
3915 1359
3916 1358
3917 1354
3918 1358
3919 1357
3920 1357
3921 1357
3922 1357
3923 1354
3924 1357
3925 1355
3926 1354
3927 1355
3928 1356
3929 1357
3930 1357
3931 1356
3932 1356
3933 1355
3934 1356
3935 1352
3936 1356
3937 1356
3938 1355
3939 1357
3940 1357
3941 1357
3942 1354
3943 1357
3944 1356
3945 1358
3946 1355
3947 1357
3948 1357
3949 1355
3950 1354
3951 1358
3952 1356
3953 1355
3954 1353
3955 1354
3956 1357
3957 1357
3958 1358
3959 1355
3960 1359
3961 1360
3962 1357
3963 1354
3964 1357
3965 1357
3966 1356
3967 1355
3968 1354
3969 1356
3970 1357
3971 1356
3972 1356
3973 1355
3974 1357
3975 1356
3976 1356
3977 1356
3978 1356
3979 1355
3980 1357
3981 1356
3982 1359
3983 1358
3984 1355
3985 1355
3986 1355
3987 1360
3988 1357
3989 1357
3990 1355
3991 1355
3992 1356
3993 1357
3994 1355
3995 1357
3996 1357
3997 1357
3998 1356
3999 1354
