0 1357
1 1355
2 1357
3 1355
4 1357
5 1357
6 1354
7 1355
8 1356
9 1352
10 1355
11 1356
12 1354
13 1356
14 1355
15 1356
16 1357
17 1355
18 1358
19 1354
20 1355
21 1353
22 1355
23 1355
24 1355
25 1356
26 1357
27 1355
28 1355
29 1355
30 1355
31 1356
32 1354
33 1354
34 1355
35 1353
36 1355
37 1353
38 1357
39 1353
40 1355
41 1356
42 1356
43 1357
44 1353
45 1356
46 1355
47 1356
48 1356
49 1356
50 1357
51 1355
52 1357
53 1353
54 1356
55 1358
56 1358
57 1355
58 1359
59 1358
60 1355
61 1356
62 1356
63 1356
64 1356
65 1356
66 1355
67 1356
68 1352
69 1354
70 1353
71 1355
72 1357
73 1356
74 1355
75 1357
76 1356
77 1353
78 1354
79 1354
80 1357
81 1355
82 1354
83 1354
84 1357
85 1356
86 1356
87 1354
88 1354
89 1357
90 1357
91 1357
92 1356
93 1356
94 1356
95 1355
96 1353
97 1356
98 1357
99 1359
100 1355
101 1354
102 1354
103 1355
104 1357
105 1357
106 1357
107 1355
108 1355
109 1356
110 1354
111 1356
112 1357
113 1356
114 1353
115 1353
116 1352
117 1358
118 1354
119 1354
120 1353
121 1355
122 1353
123 1354
124 1352
125 1357
126 1357
127 1357
128 1354
129 1354
130 1356
131 1355
132 1356
133 1351
134 1354
135 1355
136 1352
137 1356
138 1355
139 1354
140 1354
141 1354
142 1354
143 1355
144 1352
145 1354
146 1355
147 1356
148 1357
149 1356
150 1356
151 1356
152 1355
153 1355
154 1353
155 1355
156 1355
157 1354
158 1354
159 1352
160 1354
161 1353
162 1353
163 1355
164 1353
165 1356
166 1354
167 1356
168 1353
169 1353
170 1355
171 1354
172 1356
173 1354
174 1353
175 1355
176 1355
177 1353
178 1357
179 1353
180 1353
181 1352
182 1355
183 1353
184 1355
185 1356
186 1353
187 1356
188 1355
189 1352
190 1354
191 1354
192 1355
193 1354
194 1355
195 1355
196 1353
197 1350
198 1351
199 1355
200 1358
201 1356
202 1355
203 1355
204 1355
205 1353
206 1353
207 1356
208 1356
209 1356
210 1357
211 1352
212 1354
213 1355
214 1356
215 1354
216 1352
217 1356
218 1356
219 1353
220 1355
221 1355
222 1354
223 1352
224 1355
225 1355
226 1357
227 1355
228 1354
229 1352
230 1354
231 1358
232 1355
233 1356
234 1356
235 1356
236 1355
237 1356
238 1356
239 1356
240 1354
241 1356
242 1354
243 1356
244 1354
245 1355
246 1354
247 1353
248 1357
249 1353
250 1352
251 1354
252 1354
253 1354
254 1357
255 1355
256 1354
257 1356
258 1354
259 1354
260 1353
261 1355
262 1356
263 1355
264 1354
265 1358
266 1356
267 1356
268 1357
269 1356
270 1355
271 1354
272 1355
273 1354
274 1354
275 1360
276 1356
277 1356
278 1355
279 1354
280 1353
281 1353
282 1354
283 1357
284 1354
285 1353
286 1351
287 1351
288 1352
289 1355
290 1352
291 1354
292 1354
293 1354
294 1357
295 1353
296 1355
297 1356
298 1356
299 1354
300 1353
301 1357
302 1358
303 1354
304 1353
305 1353
306 1353
307 1355
308 1354
309 1356
310 1355
311 1356
312 1355
313 1356
314 1352
315 1355
316 1357
317 1356
318 1353
319 1353
320 1352
321 1356
322 1357
323 1354
324 1352
325 1355
326 1351
327 1356
328 1355
329 1356
330 1356
331 1354
332 1352
333 1355
334 1353
335 1354
336 1354
337 1357
338 1356
339 1357
340 1354
341 1354
342 1355
343 1355
344 1354
345 1351
346 1355
347 1356
348 1355
349 1352
350 1352
351 1356
352 1355
353 1354
354 1353
355 1355
356 1357
357 1356
358 1355
359 1355
360 1353
361 1356
362 1357
363 1356
364 1354
365 1352
366 1355
367 1356
368 1357
369 1356
370 1355
371 1354
372 1355
373 1354
374 1352
375 1354
376 1358
377 1356
378 1355
379 1354
380 1353
381 1355
382 1353
383 1356
384 1357
385 1355
386 1353
387 1354
388 1354
389 1353
390 1353
391 1355
392 1352
393 1355
394 1356
395 1356
396 1354
397 1354
398 1354
399 1354
400 1355
401 1358
402 1359
403 1356
404 1355
405 1352
406 1357
407 1355
408 1353
409 1354
410 1357
411 1355
412 1353
413 1358
414 1353
415 1352
416 1355
417 1354
418 1353
419 1356
420 1356
421 1354
422 1355
423 1356
424 1357
425 1354
426 1357
427 1357
428 1357
429 1356
430 1358
431 1354
432 1357
433 1354
434 1355
435 1354
436 1356
437 1356
438 1355
439 1354
440 1358
441 1354
442 1354
443 1354
444 1356
445 1352
446 1353
447 1354
448 1356
449 1354
450 1357
451 1356
452 1357
453 1354
454 1355
455 1354
456 1355
457 1352
458 1354
459 1353
460 1353
461 1354
462 1355
463 1355
464 1354
465 1355
466 1355
467 1353
468 1355
469 1352
470 1355
471 1352
472 1354
473 1353
474 1357
475 1353
476 1356
477 1355
478 1357
479 1355
480 1353
481 1354
482 1354
483 1352
484 1355
485 1355
486 1357
487 1354
488 1355
489 1355
490 1355
491 1354
492 1357
493 1355
494 1356
495 1355
496 1355
497 1352
498 1352
499 1355
500 1354
501 1353
502 1355
503 1351
504 1351
505 1353
506 1354
507 1354
508 1355
509 1354
510 1353
511 1353
512 1353
513 1355
514 1354
515 1354
516 1355
517 1355
518 1354
519 1355
520 1357
521 1354
522 1356
523 1355
524 1357
525 1353
526 1354
527 1356
528 1354
529 1356
530 1355
531 1355
532 1355
533 1354
534 1354
535 1356
536 1357
537 1361
538 1362
539 1367
540 1373
541 1379
542 1393
543 1404
544 1425
545 1441
546 1457
547 1478
548 1496
549 1514
550 1531
551 1548
552 1564
553 1582
554 1592
555 1600
556 1609
557 1613
558 1612
559 1616
560 1615
561 1613
562 1606
563 1599
564 1596
565 1586
566 1577
567 1573
568 1566
569 1553
570 1547
571 1535
572 1527
573 1523
574 1515
575 1503
576 1500
577 1495
578 1485
579 1477
580 1472
581 1461
582 1453
583 1444
584 1437
585 1430
586 1427
587 1422
588 1416
589 1411
590 1410
591 1405
592 1401
593 1397
594 1398
595 1394
596 1390
597 1387
598 1387
599 1382
600 1383
601 1381
602 1381
603 1380
604 1375
605 1376
606 1374
607 1376
608 1374
609 1374
610 1372
611 1369
612 1369
613 1366
614 1365
615 1364
616 1365
617 1362
618 1362
619 1358
620 1360
621 1363
622 1362
623 1360
624 1361
625 1359
626 1361
627 1357
628 1356
629 1359
630 1361
631 1361
632 1358
633 1358
634 1359
635 1359
636 1357
637 1355
638 1355
639 1356
640 1357
641 1356
642 1358
643 1357
644 1358
645 1357
646 1357
647 1357
648 1357
649 1357
650 1357
651 1356
652 1357
653 1357
654 1354
655 1356
656 1357
657 1358
658 1356
659 1355
660 1357
661 1356
662 1354
663 1358
664 1354
665 1353
666 1357
667 1358
668 1358
669 1355
670 1355
671 1357
672 1356
673 1357
674 1353
675 1356
676 1353
677 1354
678 1354
679 1355
680 1356
681 1355
682 1356
683 1355
684 1355
685 1354
686 1357
687 1356
688 1356
689 1355
690 1356
691 1357
692 1354
693 1356
694 1357
695 1354
696 1352
697 1353
698 1354
699 1356
700 1356
701 1356
702 1357
703 1357
704 1356
705 1354
706 1353
707 1354
708 1358
709 1354
710 1356
711 1353
712 1357
713 1354
714 1351
715 1354
716 1354
717 1355
718 1355
719 1354
720 1354
721 1356
722 1357
723 1355
724 1357
725 1356
726 1357
727 1355
728 1355
729 1353
730 1357
731 1355
732 1355
733 1356
734 1357
735 1356
736 1356
737 1354
738 1357
739 1356
740 1353
741 1355
742 1355
743 1353
744 1356
745 1352
746 1356
747 1353
748 1355
749 1354
750 1355
751 1355
752 1356
753 1354
754 1354
755 1355
756 1356
757 1356
758 1356
759 1355
760 1354
761 1358
762 1357
763 1360
764 1356
765 1357
766 1357
767 1357
768 1356
769 1356
770 1355
771 1356
772 1359
773 1354
774 1354
775 1353
776 1355
777 1355
778 1356
779 1356
780 1355
781 1356
782 1356
783 1358
784 1357
785 1353
786 1355
787 1355
788 1355
789 1355
790 1356
791 1353
792 1354
793 1355
794 1354
795 1355
796 1354
797 1355
798 1357
799 1359
800 1356
801 1356
802 1355
803 1352
804 1354
805 1354
806 1354
807 1353
808 1355
809 1353
810 1354
811 1352
812 1357
813 1358
814 1356
815 1357
816 1355
817 1354
818 1355
819 1356
820 1354
821 1355
822 1355
823 1356
824 1354
825 1356
826 1356
827 1355
828 1354
829 1354
830 1355
831 1354
832 1353
833 1355
834 1356
835 1355
836 1356
837 1355
838 1355
839 1353
840 1354
841 1354
842 1355
843 1355
844 1356
845 1357
846 1354
847 1356
848 1356
849 1357
850 1354
851 1355
852 1357
853 1355
854 1355
855 1356
856 1354
857 1357
858 1353
859 1358
860 1354
861 1355
862 1352
863 1354
864 1355
865 1354
866 1354
867 1354
868 1356
869 1352
870 1353
871 1355
872 1352
873 1354
874 1355
875 1354
876 1355
877 1358
878 1357
879 1356
880 1351
881 1356
882 1355
883 1356
884 1355
885 1355
886 1356
887 1355
888 1355
889 1355
890 1356
891 1354
892 1353
893 1355
894 1355
895 1357
896 1354
897 1356
898 1354
899 1354
900 1353
901 1355
902 1355
903 1356
904 1355
905 1356
906 1352
907 1355
908 1355
909 1356
910 1355
911 1354
912 1356
913 1355
914 1357
915 1355
916 1356
917 1357
918 1356
919 1355
920 1354
921 1353
922 1358
923 1355
924 1353
925 1355
926 1356
927 1356
928 1355
929 1354
930 1355
931 1354
932 1356
933 1354
934 1355
935 1353
936 1355
937 1356
938 1354
939 1354
940 1354
941 1356
942 1357
943 1356
944 1355
945 1353
946 1357
947 1355
948 1357
949 1355
950 1356
951 1354
952 1353
953 1355
954 1355
955 1356
956 1352
957 1355
958 1355
959 1354
960 1353
961 1353
962 1354
963 1355
964 1355
965 1356
966 1357
967 1357
968 1357
969 1354
970 1355
971 1355
972 1357
973 1357
974 1356
975 1357
976 1358
977 1358
978 1354
979 1355
980 1357
981 1355
982 1355
983 1356
984 1354
985 1354
986 1355
987 1354
988 1354
989 1351
990 1349
991 1355
992 1361
993 1356
994 1354
995 1355
996 1355
997 1357
998 1356
999 1353
1000 1354
1001 1356
1002 1355
1003 1355
1004 1356
1005 1354
1006 1357
1007 1356
1008 1355
1009 1355
1010 1355
1011 1352
1012 1357
1013 1359
1014 1356
1015 1351
1016 1352
1017 1357
1018 1360
1019 1355
1020 1353
1021 1356
1022 1354
1023 1354
1024 1354
1025 1356
1026 1357
1027 1357
1028 1354
1029 1351
1030 1355
1031 1359
1032 1351
1033 1354
1034 1356
1035 1354
1036 1354
1037 1355
1038 1357
1039 1357
1040 1355
1041 1352
1042 1354
1043 1356
1044 1352
1045 1352
1046 1353
1047 1354
1048 1355
1049 1355
1050 1355
1051 1355
1052 1354
1053 1353
1054 1356
1055 1353
1056 1353
1057 1356
1058 1354
1059 1356
1060 1354
1061 1354
1062 1354
1063 1355
1064 1354
1065 1354
1066 1356
1067 1356
1068 1355
1069 1354
1070 1356
1071 1355
1072 1354
1073 1356
1074 1356
1075 1356
1076 1355
1077 1358
1078 1354
1079 1355
1080 1353
1081 1353
1082 1353
1083 1355
1084 1353
1085 1354
1086 1354
1087 1352
1088 1356
1089 1354
1090 1356
1091 1353
1092 1355
1093 1356
1094 1357
1095 1354
1096 1356
1097 1353
1098 1352
1099 1355
1100 1355
1101 1355
1102 1355
1103 1355
1104 1357
1105 1356
1106 1358
1107 1359
1108 1352
1109 1351
1110 1357
1111 1353
1112 1352
1113 1353
1114 1354
1115 1357
1116 1356
1117 1354
1118 1356
1119 1356
1120 1356
1121 1356
1122 1354
1123 1355
1124 1357
1125 1353
1126 1356
1127 1353
1128 1356
1129 1357
1130 1355
1131 1354
1132 1352
1133 1355
1134 1353
1135 1355
1136 1353
1137 1356
1138 1354
1139 1354
1140 1355
1141 1355
1142 1352
1143 1351
1144 1354
1145 1354
1146 1355
1147 1356
1148 1353
1149 1356
1150 1354
1151 1355
1152 1353
1153 1357
1154 1354
1155 1354
1156 1355
1157 1355
1158 1356
1159 1354
1160 1354
1161 1355
1162 1355
1163 1356
1164 1354
1165 1355
1166 1356
1167 1356
1168 1353
1169 1351
1170 1353
1171 1357
1172 1357
1173 1355
1174 1351
1175 1351
1176 1355
1177 1355
1178 1354
1179 1351
1180 1351
1181 1353
1182 1353
1183 1353
1184 1354
1185 1352
1186 1354
1187 1356
1188 1353
1189 1354
1190 1352
1191 1356
1192 1361
1193 1356
1194 1353
1195 1350
1196 1355
1197 1356
1198 1354
1199 1352
1200 1354
1201 1356
1202 1355
1203 1352
1204 1352
1205 1355
1206 1355
1207 1353
1208 1351
1209 1354
1210 1356
1211 1358
1212 1353
1213 1352
1214 1356
1215 1356
1216 1353
1217 1356
1218 1355
1219 1354
1220 1354
1221 1352
1222 1355
1223 1354
1224 1356
1225 1354
1226 1355
1227 1353
1228 1351
1229 1355
1230 1354
1231 1355
1232 1355
1233 1353
1234 1356
1235 1356
1236 1354
1237 1354
1238 1356
1239 1353
1240 1357
1241 1354
1242 1355
1243 1356
1244 1355
1245 1353
1246 1356
1247 1354
1248 1354
1249 1356
1250 1356
1251 1355
1252 1356
1253 1353
1254 1355
1255 1354
1256 1356
1257 1354
1258 1352
1259 1352
1260 1355
1261 1356
1262 1357
1263 1353
1264 1354
1265 1355
1266 1352
1267 1354
1268 1353
1269 1354
1270 1357
1271 1356
1272 1355
1273 1355
1274 1358
1275 1355
1276 1357
1277 1355
1278 1352
1279 1353
1280 1356
1281 1354
1282 1353
1283 1353
1284 1354
1285 1354
1286 1355
1287 1354
1288 1353
1289 1352
1290 1354
1291 1353
1292 1351
1293 1356
1294 1351
1295 1355
1296 1354
1297 1354
1298 1351
1299 1355
1300 1355
1301 1358
1302 1354
1303 1354
1304 1352
1305 1354
1306 1353
1307 1355
1308 1355
1309 1355
1310 1355
1311 1356
1312 1357
1313 1357
1314 1353
1315 1353
1316 1354
1317 1354
1318 1354
1319 1356
1320 1353
1321 1355
1322 1354
1323 1356
1324 1352
1325 1355
1326 1357
1327 1357
1328 1354
1329 1355
1330 1354
1331 1352
1332 1355
1333 1358
1334 1357
1335 1356
1336 1356
1337 1356
1338 1356
1339 1354
1340 1353
1341 1357
1342 1355
1343 1352
1344 1355
1345 1355
1346 1355
1347 1355
1348 1354
1349 1354
1350 1350
1351 1356
1352 1358
1353 1359
1354 1351
1355 1352
1356 1356
1357 1355
1358 1355
1359 1354
1360 1355
1361 1355
1362 1354
1363 1355
1364 1351
1365 1354
1366 1357
1367 1356
1368 1355
1369 1356
1370 1355
1371 1357
1372 1356
1373 1357
1374 1353
1375 1354
1376 1356
1377 1357
1378 1357
1379 1351
1380 1355
1381 1356
1382 1354
1383 1356
1384 1353
1385 1353
1386 1355
1387 1353
1388 1353
1389 1354
1390 1358
1391 1360
1392 1355
1393 1355
1394 1356
1395 1356
1396 1356
1397 1353
1398 1356
1399 1355
1400 1356
1401 1357
1402 1359
1403 1357
1404 1360
1405 1356
1406 1355
1407 1356
1408 1356
1409 1355
1410 1356
1411 1353
1412 1355
1413 1354
1414 1352
1415 1353
1416 1355
1417 1357
1418 1353
1419 1356
1420 1358
1421 1356
1422 1355
1423 1353
1424 1353
1425 1357
1426 1357
1427 1356
1428 1354
1429 1355
1430 1355
1431 1356
1432 1357
1433 1356
1434 1354
1435 1353
1436 1356
1437 1355
1438 1357
1439 1357
1440 1355
1441 1357
1442 1354
1443 1357
1444 1357
1445 1358
1446 1357
1447 1352
1448 1354
1449 1355
1450 1355
1451 1356
1452 1356
1453 1356
1454 1355
1455 1356
1456 1355
1457 1358
1458 1353
1459 1358
1460 1353
1461 1357
1462 1357
1463 1353
1464 1354
1465 1356
1466 1355
1467 1355
1468 1353
1469 1355
1470 1357
1471 1354
1472 1357
1473 1355
1474 1353
1475 1355
1476 1355
1477 1355
1478 1353
1479 1356
1480 1355
1481 1357
1482 1355
1483 1355
1484 1353
1485 1355
1486 1356
1487 1352
1488 1355
1489 1356
1490 1358
1491 1353
1492 1356
1493 1356
1494 1355
1495 1355
1496 1358
1497 1354
1498 1357
1499 1356
1500 1357
1501 1355
1502 1357
1503 1356
1504 1357
1505 1357
1506 1353
1507 1354
1508 1355
1509 1353
1510 1356
1511 1354
1512 1356
1513 1353
1514 1354
1515 1356
1516 1354
1517 1355
1518 1354
1519 1356
1520 1353
1521 1356
1522 1353
1523 1356
1524 1353
1525 1356
1526 1357
1527 1355
1528 1354
1529 1353
1530 1352
1531 1356
1532 1361
1533 1357
1534 1353
1535 1352
1536 1354
1537 1356
1538 1354
1539 1354
1540 1351
1541 1357
1542 1357
1543 1355
1544 1352
1545 1355
1546 1356
1547 1353
1548 1354
1549 1355
1550 1355
1551 1353
1552 1357
1553 1357
1554 1356
1555 1353
1556 1357
1557 1355
1558 1358
1559 1354
1560 1355
1561 1354
1562 1354
1563 1356
1564 1353
1565 1354
1566 1355
1567 1354
1568 1356
1569 1353
1570 1356
1571 1356
1572 1354
1573 1354
1574 1359
1575 1354
1576 1355
1577 1356
1578 1356
1579 1356
1580 1355
1581 1353
1582 1355
1583 1357
1584 1356
1585 1353
1586 1355
1587 1356
1588 1355
1589 1356
1590 1354
1591 1354
1592 1353
1593 1354
1594 1358
1595 1356
1596 1357
1597 1356
1598 1355
1599 1355
1600 1357
1601 1357
1602 1356
1603 1353
1604 1352
1605 1355
1606 1357
1607 1352
1608 1353
1609 1355
1610 1356
1611 1358
1612 1353
1613 1357
1614 1357
1615 1353
1616 1356
1617 1353
1618 1354
1619 1355
1620 1354
1621 1354
1622 1355
1623 1355
1624 1356
1625 1355
1626 1353
1627 1355
1628 1356
1629 1354
1630 1356
1631 1355
1632 1356
1633 1354
1634 1353
1635 1355
1636 1357
1637 1354
1638 1353
1639 1355
1640 1356
1641 1357
1642 1354
1643 1354
1644 1352
1645 1354
1646 1357
1647 1356
1648 1357
1649 1353
1650 1357
1651 1355
1652 1357
1653 1356
1654 1356
1655 1353
1656 1354
1657 1352
1658 1355
1659 1354
1660 1355
1661 1355
1662 1355
1663 1353
1664 1353
1665 1354
1666 1356
1667 1354
1668 1355
1669 1353
1670 1354
1671 1355
1672 1355
1673 1356
1674 1356
1675 1354
1676 1356
1677 1355
1678 1354
1679 1353
1680 1353
1681 1354
1682 1353
1683 1356
1684 1353
1685 1353
1686 1353
1687 1353
1688 1353
1689 1354
1690 1357
1691 1355
1692 1357
1693 1355
1694 1355
1695 1355
1696 1353
1697 1354
1698 1355
1699 1355
1700 1353
1701 1355
1702 1357
1703 1355
1704 1356
1705 1356
1706 1357
1707 1361
1708 1356
1709 1354
1710 1352
1711 1354
1712 1360
1713 1356
1714 1352
1715 1354
1716 1357
1717 1359
1718 1356
1719 1353
1720 1354
1721 1354
1722 1353
1723 1355
1724 1357
1725 1357
1726 1357
1727 1357
1728 1355
1729 1354
1730 1352
1731 1357
1732 1356
1733 1360
1734 1358
1735 1355
1736 1354
1737 1355
1738 1355
1739 1355
1740 1354
1741 1355
1742 1357
1743 1358
1744 1354
1745 1356
1746 1355
1747 1355
1748 1354
1749 1355
1750 1354
1751 1356
1752 1356
1753 1356
1754 1354
1755 1353
1756 1353
1757 1356
1758 1356
1759 1354
1760 1355
1761 1353
1762 1356
1763 1353
1764 1355
1765 1356
1766 1356
1767 1356
1768 1356
1769 1355
1770 1352
1771 1355
1772 1354
1773 1357
1774 1355
1775 1356
1776 1356
1777 1355
1778 1355
1779 1354
1780 1352
1781 1355
1782 1355
1783 1355
1784 1355
1785 1353
1786 1351
1787 1353
1788 1354
1789 1356
1790 1356
1791 1358
1792 1357
1793 1356
1794 1356
1795 1355
1796 1356
1797 1357
1798 1350
1799 1355
1800 1354
1801 1356
1802 1356
1803 1351
1804 1353
1805 1355
1806 1357
1807 1356
1808 1353
1809 1353
1810 1352
1811 1353
1812 1353
1813 1354
1814 1354
1815 1357
1816 1354
1817 1355
1818 1353
1819 1353
1820 1355
1821 1354
1822 1353
1823 1354
1824 1356
1825 1354
1826 1353
1827 1356
1828 1354
1829 1353
1830 1354
1831 1356
1832 1358
1833 1355
1834 1352
1835 1354
1836 1354
1837 1354
1838 1354
1839 1354
1840 1357
1841 1357
1842 1356
1843 1356
1844 1355
1845 1355
1846 1354
1847 1354
1848 1356
1849 1353
1850 1357
1851 1355
1852 1355
1853 1354
1854 1357
1855 1356
1856 1356
1857 1355
1858 1353
1859 1356
1860 1356
1861 1354
1862 1354
1863 1354
1864 1356
1865 1354
1866 1358
1867 1358
1868 1356
1869 1356
1870 1351
1871 1354
1872 1354
1873 1354
1874 1353
1875 1354
1876 1354
1877 1355
1878 1356
1879 1353
1880 1355
1881 1355
1882 1357
1883 1356
1884 1354
1885 1353
1886 1354
1887 1354
1888 1357
1889 1352
1890 1356
1891 1357
1892 1361
1893 1355
1894 1353
1895 1354
1896 1358
1897 1357
1898 1357
1899 1356
1900 1355
1901 1354
1902 1356
1903 1353
1904 1355
1905 1355
1906 1357
1907 1354
1908 1354
1909 1356
1910 1357
1911 1353
1912 1357
1913 1355
1914 1359
1915 1355
1916 1356
1917 1356
1918 1358
1919 1357
1920 1355
1921 1357
1922 1357
1923 1357
1924 1355
1925 1355
1926 1353
1927 1356
1928 1355
1929 1353
1930 1357
1931 1357
1932 1355
1933 1355
1934 1357
1935 1355
1936 1354
1937 1357
1938 1357
1939 1356
1940 1354
1941 1354
1942 1355
1943 1357
1944 1356
1945 1359
1946 1357
1947 1357
1948 1356
1949 1357
1950 1357
1951 1355
1952 1356
1953 1355
1954 1353
1955 1357
1956 1356
1957 1353
1958 1355
1959 1353
1960 1356
1961 1356
1962 1354
1963 1357
1964 1354
1965 1355
1966 1355
1967 1356
1968 1356
1969 1355
1970 1352
1971 1356
1972 1353
1973 1355
1974 1354
1975 1356
1976 1357
1977 1357
1978 1354
1979 1356
1980 1354
1981 1353
1982 1357
1983 1355
1984 1352
1985 1356
1986 1356
1987 1357
1988 1353
1989 1355
1990 1354
1991 1354
1992 1356
1993 1355
1994 1355
1995 1354
1996 1354
1997 1354
1998 1356
1999 1356
2000 1354
2001 1356
2002 1355
2003 1356
2004 1354
2005 1357
2006 1356
2007 1358
2008 1355
2009 1357
2010 1356
2011 1356
2012 1356
2013 1354
2014 1355
2015 1353
2016 1352
2017 1354
2018 1355
2019 1355
2020 1356
2021 1354
2022 1352
2023 1352
2024 1350
2025 1355
2026 1354
2027 1355
2028 1353
2029 1352
2030 1354
2031 1356
2032 1356
2033 1353
2034 1353
2035 1354
2036 1355
2037 1358
2038 1357
2039 1356
2040 1357
2041 1356
2042 1356
2043 1357
2044 1357
2045 1356
2046 1353
2047 1355
2048 1353
2049 1355
2050 1357
2051 1355
2052 1356
2053 1356
2054 1356
2055 1355
2056 1352
2057 1356
2058 1356
2059 1353
2060 1352
2061 1356
2062 1356
2063 1357
2064 1354
2065 1354
2066 1355
2067 1356
2068 1354
2069 1356
2070 1356
2071 1353
2072 1358
2073 1356
2074 1354
2075 1356
2076 1357
2077 1357
2078 1356
2079 1354
2080 1356
2081 1355
2082 1356
2083 1354
2084 1351
2085 1355
2086 1356
2087 1357
2088 1354
2089 1353
2090 1354
2091 1356
2092 1354
2093 1358
2094 1357
2095 1355
2096 1356
2097 1356
2098 1357
2099 1356
2100 1353
2101 1356
2102 1355
2103 1355
2104 1354
2105 1356
2106 1357
2107 1352
2108 1356
2109 1355
2110 1355
2111 1355
2112 1356
2113 1354
2114 1352
2115 1353
2116 1355
2117 1355
2118 1354
2119 1354
2120 1356
2121 1355
2122 1355
2123 1354
2124 1351
2125 1356
2126 1355
2127 1356
2128 1356
2129 1355
2130 1355
2131 1356
2132 1356
2133 1356
2134 1353
2135 1353
2136 1356
2137 1354
2138 1355
2139 1356
2140 1353
2141 1356
2142 1355
2143 1357
2144 1355
2145 1354
2146 1356
2147 1357
2148 1355
2149 1355
2150 1354
2151 1353
2152 1356
2153 1356
2154 1353
2155 1355
2156 1355
2157 1356
2158 1356
2159 1353
2160 1354
2161 1356
2162 1355
2163 1357
2164 1354
2165 1354
2166 1354
2167 1356
2168 1357
2169 1356
2170 1356
2171 1355
2172 1354
2173 1355
2174 1356
2175 1355
2176 1355
2177 1359
2178 1353
2179 1358
2180 1354
2181 1354
2182 1352
2183 1354
2184 1356
2185 1355
2186 1354
2187 1354
2188 1354
2189 1356
2190 1356
2191 1355
2192 1356
2193 1358
2194 1355
2195 1352
2196 1354
2197 1359
2198 1355
2199 1356
2200 1355
2201 1356
2202 1354
2203 1358
2204 1356
2205 1355
2206 1355
2207 1356
2208 1353
2209 1356
2210 1353
2211 1357
2212 1356
2213 1355
2214 1353
2215 1352
2216 1350
2217 1353
2218 1356
2219 1356
2220 1355
2221 1356
2222 1356
2223 1356
2224 1354
2225 1355
2226 1354
2227 1356
2228 1356
2229 1355
2230 1356
2231 1357
2232 1353
2233 1354
2234 1357
2235 1355
2236 1356
2237 1356
2238 1354
2239 1356
2240 1354
2241 1353
2242 1352
2243 1357
2244 1355
2245 1355
2246 1355
2247 1357
2248 1353
2249 1354
2250 1352
2251 1356
2252 1357
2253 1359
2254 1355
2255 1353
2256 1353
2257 1357
2258 1357
2259 1355
2260 1355
2261 1358
2262 1356
2263 1356
2264 1352
2265 1353
2266 1352
2267 1354
2268 1353
2269 1355
2270 1353
2271 1354
2272 1354
2273 1356
2274 1358
2275 1354
2276 1354
2277 1355
2278 1357
2279 1354
2280 1354
2281 1355
2282 1358
2283 1356
2284 1357
2285 1355
2286 1358
2287 1356
2288 1355
2289 1355
2290 1351
2291 1356
2292 1357
2293 1356
2294 1356
2295 1353
2296 1354
2297 1356
2298 1352
2299 1353
2300 1354
2301 1354
2302 1351
2303 1354
2304 1353
2305 1354
2306 1356
2307 1354
2308 1352
2309 1356
2310 1355
2311 1355
2312 1353
2313 1355
2314 1354
2315 1353
2316 1352
2317 1353
2318 1354
2319 1358
2320 1358
2321 1352
2322 1353
2323 1356
2324 1354
2325 1354
2326 1354
2327 1355
2328 1355
2329 1354
2330 1355
2331 1355
2332 1356
2333 1354
2334 1354
2335 1352
2336 1353
2337 1354
2338 1356
2339 1355
2340 1355
2341 1357
2342 1354
2343 1356
2344 1352
2345 1357
2346 1355
2347 1354
2348 1356
2349 1357
2350 1354
2351 1356
2352 1354
2353 1357
2354 1352
2355 1356
2356 1352
2357 1354
2358 1353
2359 1356
2360 1355
2361 1355
2362 1351
2363 1352
2364 1353
2365 1356
2366 1353
2367 1355
2368 1356
2369 1353
2370 1351
2371 1357
2372 1357
2373 1358
2374 1355
2375 1356
2376 1354
2377 1357
2378 1354
2379 1354
2380 1353
2381 1352
2382 1352
2383 1353
2384 1353
2385 1354
2386 1355
2387 1354
2388 1353
2389 1355
2390 1353
2391 1355
2392 1355
2393 1354
2394 1354
2395 1355
2396 1355
2397 1352
2398 1351
2399 1354
2400 1354
2401 1356
2402 1353
2403 1355
2404 1356
2405 1355
2406 1355
2407 1355
2408 1353
2409 1354
2410 1352
2411 1354
2412 1352
2413 1354
2414 1352
2415 1353
2416 1354
2417 1355
2418 1352
2419 1356
2420 1353
2421 1355
2422 1352
2423 1353
2424 1355
2425 1355
2426 1352
2427 1355
2428 1354
2429 1355
2430 1351
2431 1355
2432 1354
2433 1354
2434 1353
2435 1355
2436 1352
2437 1355
2438 1354
2439 1356
2440 1354
2441 1356
2442 1353
2443 1355
2444 1353
2445 1356
2446 1354
2447 1355
2448 1355
2449 1358
2450 1355
2451 1357
2452 1352
2453 1357
2454 1355
2455 1356
2456 1353
2457 1354
2458 1354
2459 1356
2460 1355
2461 1356
2462 1355
2463 1353
2464 1352
2465 1356
2466 1353
2467 1355
2468 1350
2469 1354
2470 1357
2471 1357
2472 1355
2473 1354
2474 1354
2475 1356
2476 1357
2477 1356
2478 1355
2479 1357
2480 1353
2481 1356
2482 1355
2483 1355
2484 1353
2485 1355
2486 1355
2487 1356
2488 1353
2489 1356
2490 1354
2491 1355
2492 1357
2493 1356
2494 1354
2495 1356
2496 1355
2497 1354
2498 1354
2499 1356
2500 1354
2501 1355
2502 1357
2503 1355
2504 1355
2505 1356
2506 1352
2507 1354
2508 1354
2509 1356
2510 1357
2511 1354
2512 1354
2513 1354
2514 1351
2515 1355
2516 1355
2517 1355
2518 1349
2519 1356
2520 1355
2521 1358
2522 1355
2523 1355
2524 1354
2525 1356
2526 1353
2527 1355
2528 1353
2529 1355
2530 1356
2531 1356
2532 1356
2533 1354
2534 1354
2535 1354
2536 1356
2537 1357
2538 1354
2539 1355
2540 1349
2541 1356
2542 1354
2543 1358
2544 1354
2545 1358
2546 1357
2547 1356
2548 1355
2549 1356
2550 1353
2551 1355
2552 1357
2553 1357
2554 1355
2555 1356
2556 1354
2557 1355
2558 1355
2559 1355
2560 1354
2561 1354
2562 1352
2563 1355
2564 1354
2565 1355
2566 1355
2567 1358
2568 1353
2569 1354
2570 1351
2571 1356
2572 1356
2573 1353
2574 1352
2575 1356
2576 1351
2577 1353
2578 1352
2579 1353
2580 1354
2581 1354
2582 1355
2583 1356
2584 1355
2585 1357
2586 1353
2587 1355
2588 1355
2589 1354
2590 1353
2591 1353
2592 1355
2593 1358
2594 1354
2595 1357
2596 1355
2597 1355
2598 1354
2599 1355
2600 1354
2601 1356
2602 1357
2603 1356
2604 1353
2605 1354
2606 1353
2607 1356
2608 1353
2609 1358
2610 1352
2611 1356
2612 1355
2613 1356
2614 1353
2615 1354
2616 1357
2617 1356
2618 1355
2619 1352
2620 1352
2621 1356
2622 1354
2623 1354
2624 1353
2625 1355
2626 1352
2627 1358
2628 1353
2629 1356
2630 1355
2631 1356
2632 1355
2633 1355
2634 1355
2635 1355
2636 1355
2637 1354
2638 1354
2639 1354
2640 1354
2641 1356
2642 1356
2643 1356
2644 1353
2645 1354
2646 1356
2647 1355
2648 1354
2649 1354
2650 1355
2651 1355
2652 1355
2653 1355
2654 1355
2655 1353
2656 1356
2657 1355
2658 1356
2659 1357
2660 1354
2661 1354
2662 1354
2663 1356
2664 1352
2665 1355
2666 1355
2667 1356
2668 1355
2669 1351
2670 1352
2671 1355
2672 1356
2673 1357
2674 1353
2675 1354
2676 1353
2677 1355
2678 1353
2679 1357
2680 1355
2681 1356
2682 1357
2683 1357
2684 1355
2685 1356
2686 1356
2687 1353
2688 1355
2689 1356
2690 1355
2691 1357
2692 1354
2693 1356
2694 1355
2695 1356
2696 1356
2697 1355
2698 1351
2699 1354
2700 1352
2701 1355
2702 1355
2703 1356
2704 1354
2705 1359
2706 1353
2707 1355
2708 1357
2709 1354
2710 1351
2711 1354
2712 1354
2713 1355
2714 1356
2715 1356
2716 1355
2717 1358
2718 1353
2719 1357
2720 1357
2721 1357
2722 1354
2723 1355
2724 1354
2725 1354
2726 1356
2727 1356
2728 1356
2729 1357
2730 1354
2731 1354
2732 1353
2733 1353
2734 1352
2735 1356
2736 1350
2737 1354
2738 1355
2739 1355
2740 1352
2741 1353
2742 1355
2743 1356
2744 1354
2745 1356
2746 1354
2747 1353
2748 1354
2749 1355
2750 1356
2751 1353
2752 1354
2753 1356
2754 1356
2755 1356
2756 1354
2757 1355
2758 1355
2759 1355
2760 1354
2761 1355
2762 1352
2763 1353
2764 1354
2765 1354
2766 1354
2767 1357
2768 1356
2769 1354
2770 1355
2771 1354
2772 1355
2773 1351
2774 1354
2775 1354
2776 1355
2777 1355
2778 1354
2779 1351
2780 1357
2781 1353
2782 1354
2783 1356
2784 1354
2785 1354
2786 1351
2787 1352
2788 1353
2789 1356
2790 1353
2791 1354
2792 1356
2793 1353
2794 1354
2795 1355
2796 1356
2797 1355
2798 1356
2799 1356
2800 1356
2801 1354
2802 1355
2803 1356
2804 1354
2805 1356
2806 1353
2807 1353
2808 1353
2809 1355
2810 1355
2811 1353
2812 1353
2813 1355
2814 1351
2815 1357
2816 1353
2817 1353
2818 1353
2819 1353
2820 1357
2821 1355
2822 1353
2823 1352
2824 1355
2825 1353
2826 1353
2827 1354
2828 1352
2829 1355
2830 1353
2831 1355
2832 1354
2833 1354
2834 1352
2835 1354
2836 1354
2837 1357
2838 1356
2839 1359
2840 1356
2841 1358
2842 1353
2843 1355
2844 1357
2845 1353
2846 1353
2847 1354
2848 1353
2849 1354
2850 1355
2851 1354
2852 1354
2853 1355
2854 1355
2855 1356
2856 1356
2857 1353
2858 1351
2859 1355
2860 1355
2861 1355
2862 1356
2863 1354
2864 1354
2865 1357
2866 1356
2867 1354
2868 1353
2869 1357
2870 1356
2871 1355
2872 1353
2873 1354
2874 1355
2875 1353
2876 1354
2877 1356
2878 1351
2879 1356
2880 1355
2881 1355
2882 1352
2883 1353
2884 1353
2885 1354
2886 1352
2887 1355
2888 1354
2889 1354
2890 1354
2891 1356
2892 1356
2893 1356
2894 1354
2895 1353
2896 1355
2897 1357
2898 1358
2899 1355
2900 1357
2901 1357
2902 1355
2903 1356
2904 1353
2905 1352
2906 1353
2907 1356
2908 1355
2909 1353
2910 1356
2911 1356
2912 1356
2913 1355
2914 1354
2915 1357
2916 1356
2917 1354
2918 1354
2919 1353
2920 1354
2921 1354
2922 1356
2923 1354
2924 1358
2925 1357
2926 1356
2927 1355
2928 1355
2929 1356
2930 1356
2931 1356
2932 1354
2933 1356
2934 1356
2935 1353
2936 1351
2937 1353
2938 1353
2939 1357
2940 1354
2941 1357
2942 1355
2943 1354
2944 1354
2945 1350
2946 1355
2947 1356
2948 1353
2949 1353
2950 1351
2951 1355
2952 1354
2953 1355
2954 1356
2955 1356
2956 1353
2957 1354
2958 1355
2959 1356
2960 1355
2961 1357
2962 1354
2963 1356
2964 1355
2965 1353
2966 1354
2967 1357
2968 1357
2969 1355
2970 1356
2971 1356
2972 1357
2973 1353
2974 1351
2975 1355
2976 1356
2977 1358
2978 1356
2979 1358
2980 1352
2981 1354
2982 1353
2983 1354
2984 1355
2985 1355
2986 1355
2987 1357
2988 1354
2989 1356
2990 1359
2991 1356
2992 1356
2993 1356
2994 1355
2995 1354
2996 1354
2997 1355
2998 1358
2999 1355
3000 1353
3001 1355
3002 1353
3003 1353
3004 1352
3005 1354
3006 1351
3007 1354
3008 1355
3009 1353
3010 1354
3011 1355
3012 1356
3013 1356
3014 1354
3015 1356
3016 1356
3017 1356
3018 1355
3019 1354
3020 1356
3021 1353
3022 1352
3023 1358
3024 1356
3025 1355
3026 1352
3027 1354
3028 1354
3029 1354
3030 1353
3031 1352
3032 1352
3033 1356
3034 1354
3035 1355
3036 1355
3037 1356
3038 1354
3039 1355
3040 1355
3041 1355
3042 1356
3043 1356
3044 1355
3045 1356
3046 1356
3047 1355
3048 1354
3049 1354
3050 1354
3051 1356
3052 1356
3053 1355
3054 1355
3055 1352
3056 1356
3057 1355
3058 1354
3059 1355
3060 1354
3061 1354
3062 1351
3063 1353
3064 1356
3065 1354
3066 1356
3067 1357
3068 1354
3069 1355
3070 1351
3071 1355
3072 1354
3073 1355
3074 1355
3075 1358
3076 1354
3077 1355
3078 1355
3079 1355
3080 1355
3081 1354
3082 1355
3083 1357
3084 1355
3085 1354
3086 1355
3087 1356
3088 1356
3089 1356
3090 1353
3091 1355
3092 1357
3093 1356
3094 1354
3095 1355
3096 1355
3097 1353
3098 1355
3099 1359
3100 1351
3101 1355
3102 1356
3103 1356
3104 1354
3105 1356
3106 1357
3107 1351
3108 1352
3109 1355
3110 1354
3111 1353
3112 1355
3113 1356
3114 1357
3115 1357
3116 1357
3117 1358
3118 1356
3119 1358
3120 1355
3121 1355
3122 1353
3123 1356
3124 1352
3125 1356
3126 1355
3127 1358
3128 1353
3129 1356
3130 1353
3131 1358
3132 1353
3133 1353
3134 1354
3135 1355
3136 1356
3137 1356
3138 1353
3139 1354
3140 1355
3141 1356
3142 1356
3143 1353
3144 1356
3145 1357
3146 1356
3147 1358
3148 1353
3149 1355
3150 1356
3151 1354
3152 1357
3153 1357
3154 1352
3155 1355
3156 1354
3157 1353
3158 1353
3159 1353
3160 1356
3161 1354
3162 1353
3163 1356
3164 1355
3165 1357
3166 1354
3167 1355
3168 1354
3169 1356
3170 1357
3171 1356
3172 1354
3173 1355
3174 1354
3175 1356
3176 1353
3177 1358
3178 1357
3179 1356
3180 1354
3181 1353
3182 1356
3183 1358
3184 1356
3185 1354
3186 1356
3187 1355
3188 1352
3189 1354
3190 1353
3191 1355
3192 1354
3193 1354
3194 1352
3195 1354
3196 1355
3197 1357
3198 1353
3199 1353
3200 1354
3201 1357
3202 1355
3203 1354
3204 1354
3205 1356
3206 1360
3207 1353
3208 1354
3209 1354
3210 1356
3211 1355
3212 1352
3213 1355
3214 1354
3215 1354
3216 1354
3217 1354
3218 1350
3219 1353
3220 1356
3221 1356
3222 1352
3223 1356
3224 1355
3225 1355
3226 1355
3227 1356
3228 1355
3229 1356
3230 1353
3231 1356
3232 1352
3233 1356
3234 1358
3235 1358
3236 1356
3237 1358
3238 1354
3239 1351
3240 1354
3241 1353
3242 1354
3243 1356
3244 1354
3245 1356
3246 1354
3247 1355
3248 1353
3249 1352
3250 1350
3251 1355
3252 1354
3253 1355
3254 1358
3255 1353
3256 1355
3257 1355
3258 1353
3259 1355
3260 1355
3261 1357
3262 1354
3263 1352
3264 1357
3265 1355
3266 1355
3267 1355
3268 1356
3269 1358
3270 1355
3271 1354
3272 1355
3273 1355
3274 1353
3275 1355
3276 1355
3277 1355
3278 1354
3279 1355
3280 1354
3281 1352
3282 1354
3283 1355
3284 1353
3285 1354
3286 1355
3287 1354
3288 1354
3289 1356
3290 1356
3291 1357
3292 1355
3293 1358
3294 1353
3295 1354
3296 1354
3297 1355
3298 1356
3299 1356
3300 1353
3301 1355
3302 1356
3303 1353
3304 1355
3305 1353
3306 1354
3307 1353
3308 1355
3309 1353
3310 1357
3311 1356
3312 1353
3313 1353
3314 1354
3315 1356
3316 1354
3317 1355
3318 1355
3319 1355
3320 1354
3321 1356
3322 1355
3323 1352
3324 1355
3325 1356
3326 1355
3327 1355
3328 1355
3329 1352
3330 1355
3331 1355
3332 1353
3333 1356
3334 1356
3335 1354
3336 1353
3337 1354
3338 1357
3339 1356
3340 1355
3341 1358
3342 1355
3343 1355
3344 1356
3345 1355
3346 1356
3347 1356
3348 1356
3349 1356
3350 1356
3351 1356
3352 1356
3353 1354
3354 1355
3355 1354
3356 1356
3357 1353
3358 1355
3359 1352
3360 1355
3361 1356
3362 1357
3363 1354
3364 1356
3365 1354
3366 1356
3367 1356
3368 1353
3369 1356
3370 1354
3371 1352
3372 1354
3373 1354
3374 1355
3375 1354
3376 1353
3377 1356
3378 1353
3379 1356
3380 1355
3381 1356
3382 1356
3383 1353
3384 1356
3385 1356
3386 1356
3387 1355
3388 1355
3389 1353
3390 1356
3391 1355
3392 1356
3393 1353
3394 1357
3395 1350
3396 1355
3397 1352
3398 1356
3399 1351
3400 1355
3401 1353
3402 1357
3403 1354
3404 1353
3405 1354
3406 1356
3407 1357
3408 1355
3409 1355
3410 1355
3411 1356
3412 1357
3413 1355
3414 1353
3415 1353
3416 1355
3417 1354
3418 1355
3419 1354
3420 1355
3421 1352
3422 1357
3423 1353
3424 1357
3425 1352
3426 1355
3427 1353
3428 1357
3429 1355
3430 1353
3431 1352
3432 1357
3433 1353
3434 1354
3435 1351
3436 1355
3437 1352
3438 1354
3439 1356
3440 1356
3441 1355
3442 1353
3443 1353
3444 1355
3445 1356
3446 1357
3447 1354
3448 1356
3449 1352
3450 1358
3451 1355
3452 1355
3453 1353
3454 1356
3455 1355
3456 1355
3457 1355
3458 1353
3459 1356
3460 1354
3461 1355
3462 1356
3463 1354
3464 1353
3465 1355
3466 1353
3467 1354
3468 1354
3469 1353
3470 1352
3471 1356
3472 1356
3473 1353
3474 1356
3475 1355
3476 1355
3477 1354
3478 1352
3479 1354
3480 1356
3481 1355
3482 1354
3483 1352
3484 1354
3485 1353
3486 1355
3487 1354
3488 1355
3489 1354
3490 1355
3491 1354
3492 1354
3493 1354
3494 1354
3495 1354
3496 1357
3497 1356
3498 1354
3499 1355
3500 1353
3501 1353
3502 1354
3503 1354
3504 1356
3505 1354
3506 1357
3507 1354
3508 1353
3509 1354
3510 1354
3511 1354
3512 1357
3513 1356
3514 1352
3515 1357
3516 1358
3517 1357
3518 1355
3519 1356
3520 1353
3521 1353
3522 1353
3523 1354
3524 1354
3525 1353
3526 1356
3527 1352
3528 1353
3529 1354
3530 1353
3531 1356
3532 1354
3533 1353
3534 1354
3535 1357
3536 1357
3537 1355
3538 1356
3539 1356
3540 1353
3541 1355
3542 1353
3543 1357
3544 1355
3545 1358
3546 1356
3547 1354
3548 1351
3549 1354
3550 1354
3551 1355
3552 1357
3553 1356
3554 1352
3555 1352
3556 1352
3557 1353
3558 1354
3559 1354
3560 1354
3561 1353
3562 1353
3563 1354
3564 1354
3565 1355
3566 1353
3567 1355
3568 1356
3569 1353
3570 1355
3571 1356
3572 1355
3573 1353
3574 1354
3575 1356
3576 1355
3577 1355
3578 1353
3579 1357
3580 1356
3581 1354
3582 1355
3583 1356
3584 1356
3585 1357
3586 1354
3587 1355
3588 1353
3589 1356
3590 1358
3591 1357
3592 1357
3593 1356
3594 1354
3595 1351
3596 1351
3597 1355
3598 1358
3599 1354
3600 1354
3601 1353
3602 1354
3603 1353
3604 1352
3605 1353
3606 1354
3607 1353
3608 1355
3609 1357
3610 1356
3611 1356
3612 1354
3613 1354
3614 1353
3615 1351
3616 1355
3617 1353
3618 1356
3619 1354
3620 1354
3621 1353
3622 1352
3623 1352
3624 1353
3625 1356
3626 1353
3627 1353
3628 1354
3629 1355
3630 1353
3631 1356
3632 1357
3633 1355
3634 1353
3635 1354
3636 1355
3637 1355
3638 1355
3639 1355
3640 1354
3641 1355
3642 1355
3643 1354
3644 1350
3645 1353
3646 1356
3647 1355
3648 1355
3649 1355
3650 1356
3651 1353
3652 1353
3653 1356
3654 1356
3655 1354
3656 1352
3657 1356
3658 1353
3659 1352
3660 1354
3661 1355
3662 1355
3663 1354
3664 1355
3665 1353
3666 1351
3667 1356
3668 1357
3669 1354
3670 1354
3671 1355
3672 1354
3673 1356
3674 1352
3675 1355
3676 1354
3677 1354
3678 1354
3679 1354
3680 1354
3681 1354
3682 1353
3683 1353
3684 1355
3685 1356
3686 1355
3687 1355
3688 1353
3689 1355
3690 1354
3691 1354
3692 1352
3693 1358
3694 1356
3695 1355
3696 1357
3697 1356
3698 1355
3699 1356
3700 1357
3701 1355
3702 1354
3703 1352
3704 1355
3705 1354
3706 1354
3707 1354
3708 1357
3709 1354
3710 1355
3711 1357
3712 1354
3713 1358
3714 1354
3715 1355
3716 1356
3717 1355
3718 1357
3719 1353
3720 1355
3721 1353
3722 1358
3723 1354
3724 1354
3725 1354
3726 1355
3727 1354
3728 1355
3729 1354
3730 1353
3731 1355
3732 1356
3733 1356
3734 1353
3735 1355
3736 1353
3737 1350
3738 1356
3739 1353
3740 1357
3741 1356
3742 1351
3743 1354
3744 1356
3745 1355
3746 1353
3747 1354
3748 1355
3749 1354
3750 1352
3751 1355
3752 1354
3753 1356
3754 1357
3755 1356
3756 1356
3757 1356
3758 1352
3759 1353
3760 1355
3761 1354
3762 1355
3763 1355
3764 1353
3765 1355
3766 1354
3767 1352
3768 1354
3769 1353
3770 1354
3771 1356
3772 1352
3773 1353
3774 1355
3775 1355
3776 1353
3777 1354
3778 1358
3779 1356
3780 1354
3781 1353
3782 1356
3783 1355
3784 1353
3785 1354
3786 1353
3787 1355
3788 1356
3789 1355
3790 1357
3791 1354
3792 1354
3793 1353
3794 1356
3795 1354
3796 1353
3797 1358
3798 1354
3799 1355
3800 1353
3801 1355
3802 1353
3803 1354
3804 1354
3805 1355
3806 1354
3807 1356
3808 1355
3809 1357
3810 1358
3811 1356
3812 1353
3813 1356
3814 1353
3815 1354
3816 1355
3817 1358
3818 1357
3819 1355
3820 1356
3821 1356
3822 1354
3823 1353
3824 1357
3825 1356
3826 1355
3827 1354
3828 1352
3829 1356
3830 1354
3831 1356
3832 1354
3833 1352
3834 1353
3835 1356
3836 1354
3837 1354
3838 1353
3839 1356
3840 1357
3841 1357
3842 1353
3843 1355
3844 1354
3845 1355
3846 1353
3847 1353
3848 1357
3849 1355
3850 1357
3851 1355
3852 1356
3853 1356
3854 1355
3855 1356
3856 1357
3857 1354
3858 1352
3859 1353
3860 1354
3861 1354
3862 1358
3863 1357
3864 1353
3865 1357
3866 1355
3867 1355
3868 1356
3869 1355
3870 1354
3871 1355
3872 1354
3873 1355
3874 1356
3875 1352
3876 1355
3877 1353
3878 1354
3879 1355
3880 1355
3881 1355
3882 1357
3883 1355
3884 1352
3885 1355
3886 1355
3887 1356
3888 1355
3889 1355
3890 1356
3891 1355
3892 1356
3893 1356
3894 1351
3895 1356
3896 1355
3897 1356
3898 1354
3899 1355
3900 1354
3901 1355
3902 1353
3903 1354
3904 1357
3905 1357
3906 1357
3907 1357
3908 1354
3909 1355
3910 1357
3911 1357
3912 1355
3913 1358
3914 1354
3915 1357
3916 1353
3917 1354
3918 1356
3919 1354
3920 1355
3921 1355
3922 1355
3923 1354
3924 1356
3925 1355
3926 1354
3927 1353
3928 1354
3929 1354
3930 1354
3931 1355
3932 1358
3933 1355
3934 1357
3935 1355
3936 1355
3937 1355
3938 1352
3939 1355
3940 1357
3941 1354
3942 1356
3943 1352
3944 1353
3945 1355
3946 1357
3947 1356
3948 1354
3949 1355
3950 1355
3951 1356
3952 1355
3953 1353
3954 1354
3955 1356
3956 1355
3957 1356
3958 1355
3959 1356
3960 1356
3961 1353
3962 1355
3963 1354
3964 1355
3965 1358
3966 1355
3967 1355
3968 1354
3969 1353
3970 1353
3971 1355
3972 1356
3973 1356
3974 1354
3975 1354
3976 1356
3977 1356
3978 1353
3979 1355
3980 1354
3981 1357
3982 1353
3983 1354
3984 1353
3985 1354
3986 1357
3987 1355
3988 1353
3989 1354
3990 1355
3991 1354
3992 1353
3993 1355
3994 1356
3995 1355
3996 1356
3997 1354
3998 1357
3999 1354
