0 1352
1 1353
2 1354
3 1354
4 1354
5 1351
6 1354
7 1352
8 1354
9 1353
10 1354
11 1353
12 1352
13 1352
14 1352
15 1357
16 1355
17 1351
18 1354
19 1353
20 1354
21 1354
22 1351
23 1354
24 1354
25 1356
26 1354
27 1353
28 1354
29 1357
30 1356
31 1352
32 1354
33 1352
34 1352
35 1354
36 1355
37 1354
38 1354
39 1354
40 1355
41 1355
42 1354
43 1352
44 1354
45 1355
46 1354
47 1354
48 1356
49 1356
50 1353
51 1355
52 1356
53 1354
54 1356
55 1356
56 1352
57 1352
58 1356
59 1357
60 1358
61 1356
62 1357
63 1356
64 1356
65 1357
66 1355
67 1355
68 1354
69 1356
70 1354
71 1356
72 1352
73 1352
74 1354
75 1353
76 1356
77 1355
78 1355
79 1354
80 1353
81 1354
82 1353
83 1354
84 1353
85 1354
86 1354
87 1352
88 1351
89 1354
90 1352
91 1352
92 1355
93 1358
94 1356
95 1357
96 1352
97 1351
98 1353
99 1353
100 1353
101 1355
102 1357
103 1356
104 1354
105 1356
106 1354
107 1352
108 1351
109 1353
110 1356
111 1353
112 1356
113 1357
114 1352
115 1354
116 1353
117 1355
118 1354
119 1357
120 1353
121 1355
122 1353
123 1357
124 1355
125 1354
126 1353
127 1355
128 1353
129 1355
130 1354
131 1356
132 1356
133 1353
134 1350
135 1353
136 1354
137 1356
138 1356
139 1354
140 1352
141 1351
142 1354
143 1354
144 1353
145 1354
146 1356
147 1356
148 1354
149 1352
150 1354
151 1356
152 1354
153 1352
154 1355
155 1354
156 1356
157 1353
158 1355
159 1354
160 1358
161 1357
162 1356
163 1354
164 1353
165 1354
166 1356
167 1356
168 1353
169 1353
170 1355
171 1356
172 1356
173 1356
174 1355
175 1353
176 1354
177 1354
178 1352
179 1353
180 1353
181 1355
182 1353
183 1354
184 1353
185 1357
186 1353
187 1354
188 1353
189 1355
190 1356
191 1355
192 1356
193 1356
194 1354
195 1354
196 1356
197 1355
198 1354
199 1356
200 1353
201 1354
202 1357
203 1354
204 1356
205 1351
206 1357
207 1353
208 1355
209 1356
210 1354
211 1353
212 1356
213 1354
214 1355
215 1355
216 1357
217 1355
218 1355
219 1357
220 1352
221 1353
222 1352
223 1354
224 1352
225 1353
226 1352
227 1354
228 1356
229 1352
230 1354
231 1351
232 1355
233 1355
234 1355
235 1352
236 1353
237 1356
238 1357
239 1352
240 1357
241 1356
242 1357
243 1356
244 1356
245 1353
246 1355
247 1354
248 1356
249 1355
250 1356
251 1356
252 1356
253 1357
254 1354
255 1355
256 1355
257 1355
258 1355
259 1355
260 1353
261 1353
262 1355
263 1355
264 1358
265 1354
266 1358
267 1354
268 1356
269 1354
270 1357
271 1357
272 1355
273 1353
274 1356
275 1354
276 1358
277 1355
278 1357
279 1356
280 1356
281 1357
282 1352
283 1352
284 1356
285 1351
286 1354
287 1357
288 1357
289 1351
290 1354
291 1354
292 1354
293 1351
294 1353
295 1356
296 1352
297 1355
298 1355
299 1354
300 1355
301 1355
302 1356
303 1356
304 1354
305 1356
306 1355
307 1353
308 1352
309 1355
310 1357
311 1353
312 1356
313 1357
314 1356
315 1357
316 1357
317 1356
318 1354
319 1354
320 1357
321 1352
322 1354
323 1355
324 1354
325 1354
326 1357
327 1355
328 1353
329 1354
330 1354
331 1356
332 1355
333 1356
334 1352
335 1356
336 1356
337 1357
338 1356
339 1355
340 1355
341 1355
342 1355
343 1356
344 1356
345 1358
346 1358
347 1357
348 1355
349 1355
350 1356
351 1355
352 1355
353 1355
354 1354
355 1356
356 1355
357 1357
358 1352
359 1355
360 1356
361 1354
362 1352
363 1352
364 1355
365 1355
366 1355
367 1357
368 1355
369 1355
370 1353
371 1355
372 1356
373 1354
374 1353
375 1353
376 1353
377 1357
378 1354
379 1354
380 1354
381 1352
382 1352
383 1356
384 1354
385 1357
386 1356
387 1354
388 1354
389 1354
390 1356
391 1355
392 1355
393 1356
394 1357
395 1357
396 1356
397 1354
398 1354
399 1356
400 1357
401 1353
402 1352
403 1356
404 1352
405 1355
406 1352
407 1353
408 1352
409 1351
410 1355
411 1354
412 1354
413 1355
414 1354
415 1355
416 1354
417 1356
418 1354
419 1354
420 1354
421 1353
422 1354
423 1357
424 1356
425 1357
426 1357
427 1354
428 1356
429 1354
430 1356
431 1357
432 1355
433 1354
434 1354
435 1356
436 1354
437 1354
438 1353
439 1354
440 1353
441 1355
442 1356
443 1355
444 1352
445 1357
446 1355
447 1354
448 1354
449 1356
450 1354
451 1355
452 1353
453 1355
454 1354
455 1353
456 1354
457 1353
458 1355
459 1357
460 1355
461 1355
462 1356
463 1356
464 1356
465 1356
466 1355
467 1352
468 1353
469 1355
470 1354
471 1354
472 1355
473 1357
474 1353
475 1357
476 1355
477 1353
478 1353
479 1354
480 1353
481 1357
482 1354
483 1352
484 1354
485 1352
486 1355
487 1354
488 1357
489 1353
490 1354
491 1357
492 1357
493 1357
494 1353
495 1351
496 1352
497 1359
498 1358
499 1355
500 1353
501 1355
502 1356
503 1356
504 1353
505 1354
506 1355
507 1356
508 1354
509 1356
510 1353
511 1353
512 1353
513 1352
514 1353
515 1354
516 1350
517 1353
518 1355
519 1357
520 1354
521 1353
522 1354
523 1358
524 1356
525 1353
526 1354
527 1355
528 1354
529 1354
530 1354
531 1357
532 1354
533 1356
534 1357
535 1371
536 1373
537 1385
538 1401
539 1425
540 1459
541 1490
542 1532
543 1575
544 1619
545 1665
546 1710
547 1751
548 1789
549 1820
550 1851
551 1877
552 1900
553 1920
554 1934
555 1942
556 1948
557 1947
558 1949
559 1942
560 1936
561 1930
562 1921
563 1911
564 1897
565 1883
566 1862
567 1841
568 1814
569 1796
570 1773
571 1752
572 1736
573 1714
574 1693
575 1672
576 1654
577 1634
578 1622
579 1605
580 1594
581 1578
582 1567
583 1554
584 1541
585 1529
586 1520
587 1512
588 1502
589 1495
590 1488
591 1480
592 1471
593 1463
594 1454
595 1446
596 1440
597 1433
598 1424
599 1423
600 1415
601 1412
602 1409
603 1408
604 1404
605 1404
606 1398
607 1395
608 1389
609 1389
610 1388
611 1384
612 1381
613 1379
614 1377
615 1378
616 1377
617 1373
618 1374
619 1376
620 1373
621 1375
622 1369
623 1371
624 1366
625 1368
626 1366
627 1366
628 1363
629 1367
630 1362
631 1365
632 1363
633 1360
634 1361
635 1363
636 1360
637 1363
638 1362
639 1359
640 1359
641 1362
642 1359
643 1359
644 1358
645 1361
646 1359
647 1357
648 1358
649 1359
650 1358
651 1359
652 1357
653 1358
654 1356
655 1357
656 1355
657 1358
658 1357
659 1355
660 1355
661 1355
662 1356
663 1357
664 1354
665 1356
666 1352
667 1356
668 1356
669 1357
670 1351
671 1358
672 1354
673 1356
674 1354
675 1354
676 1355
677 1357
678 1357
679 1354
680 1355
681 1356
682 1356
683 1355
684 1353
685 1354
686 1353
687 1354
688 1353
689 1353
690 1354
691 1354
692 1355
693 1355
694 1353
695 1353
696 1354
697 1360
698 1358
699 1356
700 1356
701 1354
702 1355
703 1357
704 1353
705 1357
706 1355
707 1356
708 1354
709 1357
710 1356
711 1357
712 1354
713 1355
714 1353
715 1354
716 1356
717 1356
718 1354
719 1355
720 1355
721 1354
722 1356
723 1357
724 1355
725 1354
726 1352
727 1357
728 1357
729 1352
730 1355
731 1355
732 1355
733 1355
734 1356
735 1353
736 1354
737 1352
738 1356
739 1355
740 1354
741 1353
742 1352
743 1353
744 1352
745 1356
746 1354
747 1356
748 1356
749 1355
750 1354
751 1356
752 1353
753 1354
754 1356
755 1355
756 1352
757 1354
758 1355
759 1356
760 1359
761 1356
762 1356
763 1355
764 1354
765 1357
766 1356
767 1357
768 1357
769 1355
770 1354
771 1356
772 1354
773 1353
774 1355
775 1353
776 1352
777 1355
778 1355
779 1355
780 1354
781 1357
782 1354
783 1355
784 1353
785 1355
786 1353
787 1354
788 1354
789 1356
790 1354
791 1355
792 1354
793 1355
794 1355
795 1356
796 1356
797 1356
798 1354
799 1354
800 1352
801 1356
802 1355
803 1353
804 1357
805 1357
806 1356
807 1355
808 1353
809 1357
810 1355
811 1355
812 1353
813 1357
814 1355
815 1357
816 1354
817 1354
818 1356
819 1354
820 1353
821 1357
822 1353
823 1355
824 1354
825 1356
826 1355
827 1357
828 1356
829 1356
830 1356
831 1357
832 1356
833 1357
834 1355
835 1355
836 1355
837 1357
838 1355
839 1352
840 1353
841 1355
842 1356
843 1356
844 1354
845 1355
846 1354
847 1357
848 1354
849 1354
850 1355
851 1355
852 1355
853 1355
854 1353
855 1352
856 1356
857 1359
858 1357
859 1357
860 1352
861 1353
862 1354
863 1356
864 1353
865 1353
866 1353
867 1353
868 1353
869 1356
870 1355
871 1356
872 1354
873 1356
874 1355
875 1353
876 1353
877 1355
878 1357
879 1356
880 1352
881 1352
882 1354
883 1358
884 1355
885 1355
886 1353
887 1354
888 1355
889 1357
890 1355
891 1356
892 1354
893 1354
894 1352
895 1354
896 1357
897 1357
898 1355
899 1357
900 1356
901 1355
902 1352
903 1356
904 1354
905 1355
906 1353
907 1356
908 1356
909 1356
910 1354
911 1358
912 1357
913 1356
914 1356
915 1355
916 1353
917 1355
918 1356
919 1354
920 1355
921 1357
922 1356
923 1354
924 1356
925 1355
926 1354
927 1356
928 1354
929 1356
930 1355
931 1355
932 1353
933 1354
934 1353
935 1355
936 1354
937 1355
938 1355
939 1358
940 1354
941 1356
942 1352
943 1354
944 1355
945 1355
946 1356
947 1357
948 1356
949 1359
950 1355
951 1357
952 1356
953 1357
954 1357
955 1357
956 1356
957 1356
958 1357
959 1355
960 1356
961 1353
962 1355
963 1353
964 1352
965 1356
966 1357
967 1356
968 1354
969 1352
970 1355
971 1355
972 1353
973 1355
974 1356
975 1357
976 1357
977 1357
978 1358
979 1351
980 1353
981 1354
982 1354
983 1357
984 1355
985 1356
986 1356
987 1356
988 1358
989 1355
990 1353
991 1356
992 1354
993 1357
994 1356
995 1357
996 1354
997 1353
998 1355
999 1358
1000 1356
1001 1354
1002 1356
1003 1357
1004 1354
1005 1358
1006 1355
1007 1356
1008 1356
1009 1355
1010 1354
1011 1353
1012 1354
1013 1357
1014 1356
1015 1353
1016 1356
1017 1356
1018 1356
1019 1352
1020 1353
1021 1356
1022 1356
1023 1356
1024 1351
1025 1354
1026 1352
1027 1355
1028 1354
1029 1355
1030 1355
1031 1357
1032 1356
1033 1357
1034 1353
1035 1352
1036 1354
1037 1359
1038 1360
1039 1353
1040 1352
1041 1354
1042 1358
1043 1354
1044 1354
1045 1355
1046 1353
1047 1355
1048 1356
1049 1355
1050 1356
1051 1356
1052 1355
1053 1356
1054 1357
1055 1355
1056 1353
1057 1354
1058 1355
1059 1358
1060 1351
1061 1353
1062 1354
1063 1358
1064 1351
1065 1354
1066 1354
1067 1356
1068 1356
1069 1356
1070 1356
1071 1358
1072 1353
1073 1357
1074 1354
1075 1353
1076 1355
1077 1358
1078 1356
1079 1354
1080 1358
1081 1356
1082 1356
1083 1356
1084 1353
1085 1357
1086 1356
1087 1355
1088 1356
1089 1353
1090 1355
1091 1355
1092 1354
1093 1356
1094 1354
1095 1357
1096 1357
1097 1356
1098 1353
1099 1356
1100 1356
1101 1357
1102 1354
1103 1355
1104 1355
1105 1354
1106 1354
1107 1356
1108 1352
1109 1356
1110 1353
1111 1353
1112 1356
1113 1356
1114 1355
1115 1355
1116 1354
1117 1352
1118 1353
1119 1355
1120 1354
1121 1356
1122 1355
1123 1354
1124 1351
1125 1355
1126 1353
1127 1355
1128 1356
1129 1356
1130 1353
1131 1355
1132 1356
1133 1353
1134 1354
1135 1356
1136 1356
1137 1355
1138 1356
1139 1354
1140 1352
1141 1353
1142 1356
1143 1353
1144 1355
1145 1354
1146 1354
1147 1354
1148 1354
1149 1356
1150 1355
1151 1353
1152 1354
1153 1356
1154 1354
1155 1357
1156 1354
1157 1356
1158 1354
1159 1353
1160 1353
1161 1355
1162 1358
1163 1357
1164 1356
1165 1355
1166 1355
1167 1353
1168 1355
1169 1353
1170 1358
1171 1356
1172 1356
1173 1355
1174 1355
1175 1354
1176 1358
1177 1353
1178 1353
1179 1354
1180 1352
1181 1355
1182 1356
1183 1356
1184 1355
1185 1355
1186 1355
1187 1356
1188 1355
1189 1351
1190 1352
1191 1354
1192 1355
1193 1355
1194 1353
1195 1353
1196 1355
1197 1356
1198 1355
1199 1357
1200 1355
1201 1352
1202 1355
1203 1356
1204 1353
1205 1353
1206 1355
1207 1354
1208 1354
1209 1354
1210 1354
1211 1354
1212 1354
1213 1357
1214 1354
1215 1355
1216 1355
1217 1357
1218 1355
1219 1356
1220 1353
1221 1354
1222 1355
1223 1354
1224 1354
1225 1356
1226 1355
1227 1355
1228 1352
1229 1353
1230 1355
1231 1356
1232 1352
1233 1353
1234 1356
1235 1355
1236 1355
1237 1352
1238 1353
1239 1357
1240 1356
1241 1351
1242 1353
1243 1356
1244 1357
1245 1356
1246 1352
1247 1353
1248 1356
1249 1353
1250 1356
1251 1355
1252 1355
1253 1355
1254 1355
1255 1355
1256 1357
1257 1357
1258 1357
1259 1358
1260 1354
1261 1356
1262 1355
1263 1355
1264 1354
1265 1352
1266 1354
1267 1357
1268 1354
1269 1355
1270 1353
1271 1352
1272 1357
1273 1354
1274 1354
1275 1356
1276 1356
1277 1356
1278 1354
1279 1356
1280 1353
1281 1355
1282 1353
1283 1355
1284 1357
1285 1357
1286 1356
1287 1356
1288 1355
1289 1355
1290 1358
1291 1355
1292 1354
1293 1357
1294 1358
1295 1355
1296 1358
1297 1357
1298 1356
1299 1353
1300 1353
1301 1355
1302 1352
1303 1356
1304 1355
1305 1358
1306 1355
1307 1356
1308 1354
1309 1354
1310 1355
1311 1356
1312 1357
1313 1354
1314 1353
1315 1353
1316 1356
1317 1355
1318 1355
1319 1356
1320 1355
1321 1356
1322 1353
1323 1353
1324 1356
1325 1354
1326 1357
1327 1358
1328 1356
1329 1354
1330 1357
1331 1353
1332 1354
1333 1353
1334 1355
1335 1352
1336 1354
1337 1353
1338 1354
1339 1354
1340 1356
1341 1357
1342 1357
1343 1358
1344 1357
1345 1357
1346 1356
1347 1357
1348 1354
1349 1355
1350 1355
1351 1354
1352 1354
1353 1357
1354 1358
1355 1353
1356 1354
1357 1351
1358 1353
1359 1353
1360 1354
1361 1352
1362 1355
1363 1353
1364 1355
1365 1352
1366 1355
1367 1353
1368 1356
1369 1351
1370 1354
1371 1354
1372 1354
1373 1352
1374 1355
1375 1357
1376 1357
1377 1355
1378 1356
1379 1355
1380 1356
1381 1355
1382 1353
1383 1352
1384 1356
1385 1357
1386 1354
1387 1355
1388 1356
1389 1355
1390 1355
1391 1358
1392 1353
1393 1354
1394 1352
1395 1353
1396 1355
1397 1359
1398 1357
1399 1354
1400 1352
1401 1355
1402 1356
1403 1356
1404 1351
1405 1354
1406 1355
1407 1354
1408 1355
1409 1355
1410 1355
1411 1355
1412 1357
1413 1355
1414 1355
1415 1353
1416 1355
1417 1354
1418 1355
1419 1357
1420 1350
1421 1351
1422 1354
1423 1357
1424 1352
1425 1353
1426 1352
1427 1355
1428 1354
1429 1355
1430 1355
1431 1355
1432 1355
1433 1356
1434 1353
1435 1354
1436 1355
1437 1356
1438 1354
1439 1356
1440 1353
1441 1354
1442 1356
1443 1353
1444 1353
1445 1353
1446 1352
1447 1353
1448 1353
1449 1353
1450 1352
1451 1355
1452 1353
1453 1354
1454 1353
1455 1354
1456 1356
1457 1353
1458 1352
1459 1352
1460 1354
1461 1355
1462 1355
1463 1356
1464 1351
1465 1355
1466 1353
1467 1357
1468 1354
1469 1353
1470 1354
1471 1352
1472 1353
1473 1353
1474 1354
1475 1355
1476 1356
1477 1356
1478 1354
1479 1357
1480 1353
1481 1354
1482 1356
1483 1355
1484 1356
1485 1354
1486 1353
1487 1356
1488 1356
1489 1356
1490 1357
1491 1356
1492 1354
1493 1355
1494 1354
1495 1355
1496 1355
1497 1352
1498 1354
1499 1353
1500 1355
1501 1355
1502 1357
1503 1353
1504 1355
1505 1353
1506 1355
1507 1353
1508 1353
1509 1353
1510 1354
1511 1354
1512 1357
1513 1353
1514 1355
1515 1355
1516 1356
1517 1354
1518 1354
1519 1354
1520 1354
1521 1355
1522 1355
1523 1357
1524 1355
1525 1355
1526 1354
1527 1355
1528 1355
1529 1356
1530 1356
1531 1358
1532 1356
1533 1354
1534 1355
1535 1353
1536 1353
1537 1356
1538 1354
1539 1352
1540 1353
1541 1357
1542 1354
1543 1352
1544 1355
1545 1353
1546 1355
1547 1356
1548 1355
1549 1353
1550 1356
1551 1353
1552 1353
1553 1357
1554 1354
1555 1355
1556 1358
1557 1354
1558 1357
1559 1355
1560 1356
1561 1358
1562 1354
1563 1355
1564 1354
1565 1355
1566 1356
1567 1355
1568 1356
1569 1353
1570 1356
1571 1353
1572 1354
1573 1354
1574 1356
1575 1353
1576 1353
1577 1358
1578 1356
1579 1353
1580 1351
1581 1352
1582 1356
1583 1358
1584 1355
1585 1353
1586 1355
1587 1355
1588 1353
1589 1353
1590 1354
1591 1355
1592 1355
1593 1353
1594 1353
1595 1354
1596 1356
1597 1356
1598 1356
1599 1355
1600 1353
1601 1350
1602 1354
1603 1356
1604 1352
1605 1353
1606 1352
1607 1357
1608 1353
1609 1357
1610 1355
1611 1354
1612 1353
1613 1355
1614 1354
1615 1354
1616 1354
1617 1355
1618 1354
1619 1356
1620 1356
1621 1353
1622 1357
1623 1355
1624 1355
1625 1354
1626 1355
1627 1355
1628 1358
1629 1353
1630 1354
1631 1356
1632 1355
1633 1356
1634 1356
1635 1355
1636 1356
1637 1356
1638 1356
1639 1353
1640 1353
1641 1351
1642 1355
1643 1352
1644 1354
1645 1355
1646 1356
1647 1356
1648 1357
1649 1357
1650 1353
1651 1352
1652 1355
1653 1355
1654 1354
1655 1354
1656 1353
1657 1356
1658 1356
1659 1357
1660 1357
1661 1357
1662 1355
1663 1354
1664 1353
1665 1354
1666 1353
1667 1355
1668 1356
1669 1351
1670 1354
1671 1356
1672 1353
1673 1356
1674 1356
1675 1355
1676 1357
1677 1356
1678 1355
1679 1356
1680 1356
1681 1354
1682 1355
1683 1354
1684 1357
1685 1353
1686 1355
1687 1355
1688 1354
1689 1355
1690 1355
1691 1353
1692 1354
1693 1354
1694 1354
1695 1357
1696 1357
1697 1351
1698 1356
1699 1355
1700 1354
1701 1355
1702 1353
1703 1354
1704 1356
1705 1354
1706 1353
1707 1354
1708 1356
1709 1356
1710 1354
1711 1356
1712 1355
1713 1356
1714 1354
1715 1353
1716 1354
1717 1354
1718 1356
1719 1354
1720 1355
1721 1355
1722 1354
1723 1353
1724 1356
1725 1354
1726 1356
1727 1353
1728 1353
1729 1357
1730 1355
1731 1356
1732 1354
1733 1356
1734 1354
1735 1354
1736 1354
1737 1356
1738 1354
1739 1353
1740 1357
1741 1356
1742 1354
1743 1358
1744 1354
1745 1354
1746 1354
1747 1356
1748 1358
1749 1354
1750 1353
1751 1354
1752 1354
1753 1357
1754 1352
1755 1352
1756 1354
1757 1356
1758 1356
1759 1349
1760 1352
1761 1354
1762 1354
1763 1354
1764 1355
1765 1351
1766 1352
1767 1352
1768 1356
1769 1353
1770 1355
1771 1355
1772 1356
1773 1354
1774 1352
1775 1354
1776 1354
1777 1351
1778 1356
1779 1357
1780 1355
1781 1354
1782 1355
1783 1355
1784 1357
1785 1351
1786 1352
1787 1357
1788 1358
1789 1355
1790 1355
1791 1352
1792 1353
1793 1353
1794 1355
1795 1354
1796 1353
1797 1356
1798 1355
1799 1353
1800 1356
1801 1353
1802 1353
1803 1355
1804 1357
1805 1353
1806 1356
1807 1353
1808 1356
1809 1352
1810 1354
1811 1356
1812 1355
1813 1352
1814 1355
1815 1355
1816 1353
1817 1355
1818 1354
1819 1355
1820 1356
1821 1356
1822 1353
1823 1354
1824 1353
1825 1352
1826 1354
1827 1355
1828 1355
1829 1357
1830 1355
1831 1356
1832 1356
1833 1355
1834 1355
1835 1353
1836 1351
1837 1353
1838 1355
1839 1356
1840 1356
1841 1351
1842 1353
1843 1354
1844 1356
1845 1355
1846 1355
1847 1357
1848 1355
1849 1354
1850 1354
1851 1356
1852 1355
1853 1356
1854 1354
1855 1353
1856 1354
1857 1353
1858 1353
1859 1352
1860 1354
1861 1355
1862 1356
1863 1355
1864 1356
1865 1355
1866 1354
1867 1354
1868 1354
1869 1356
1870 1356
1871 1353
1872 1352
1873 1352
1874 1354
1875 1357
1876 1356
1877 1354
1878 1353
1879 1355
1880 1354
1881 1356
1882 1354
1883 1354
1884 1355
1885 1356
1886 1354
1887 1355
1888 1357
1889 1354
1890 1355
1891 1356
1892 1356
1893 1353
1894 1354
1895 1355
1896 1355
1897 1357
1898 1354
1899 1356
1900 1353
1901 1354
1902 1354
1903 1354
1904 1357
1905 1357
1906 1355
1907 1353
1908 1355
1909 1351
1910 1353
1911 1353
1912 1353
1913 1354
1914 1355
1915 1357
1916 1352
1917 1353
1918 1354
1919 1350
1920 1352
1921 1354
1922 1351
1923 1351
1924 1353
1925 1357
1926 1354
1927 1353
1928 1355
1929 1357
1930 1355
1931 1357
1932 1355
1933 1354
1934 1354
1935 1352
1936 1354
1937 1357
1938 1353
1939 1357
1940 1354
1941 1355
1942 1356
1943 1354
1944 1354
1945 1357
1946 1353
1947 1352
1948 1354
1949 1354
1950 1353
1951 1355
1952 1351
1953 1354
1954 1353
1955 1353
1956 1355
1957 1351
1958 1353
1959 1351
1960 1352
1961 1352
1962 1356
1963 1354
1964 1354
1965 1356
1966 1355
1967 1355
1968 1352
1969 1352
1970 1355
1971 1354
1972 1354
1973 1355
1974 1351
1975 1352
1976 1355
1977 1354
1978 1354
1979 1353
1980 1356
1981 1356
1982 1355
1983 1351
1984 1351
1985 1356
1986 1358
1987 1357
1988 1357
1989 1357
1990 1355
1991 1356
1992 1355
1993 1354
1994 1356
1995 1355
1996 1354
1997 1356
1998 1351
1999 1352
2000 1353
2001 1353
2002 1353
2003 1353
2004 1354
2005 1353
2006 1355
2007 1354
2008 1351
2009 1352
2010 1353
2011 1357
2012 1354
2013 1352
2014 1355
2015 1358
2016 1357
2017 1357
2018 1355
2019 1351
2020 1353
2021 1353
2022 1355
2023 1353
2024 1353
2025 1354
2026 1352
2027 1353
2028 1356
2029 1356
2030 1356
2031 1358
2032 1353
2033 1357
2034 1354
2035 1355
2036 1353
2037 1356
2038 1353
2039 1354
2040 1356
2041 1356
2042 1353
2043 1355
2044 1356
2045 1357
2046 1354
2047 1354
2048 1356
2049 1353
2050 1354
2051 1354
2052 1355
2053 1353
2054 1354
2055 1355
2056 1355
2057 1360
2058 1354
2059 1355
2060 1354
2061 1355
2062 1354
2063 1354
2064 1354
2065 1357
2066 1356
2067 1354
2068 1353
2069 1355
2070 1356
2071 1354
2072 1353
2073 1357
2074 1356
2075 1357
2076 1353
2077 1356
2078 1356
2079 1357
2080 1356
2081 1355
2082 1353
2083 1353
2084 1357
2085 1357
2086 1354
2087 1358
2088 1356
2089 1353
2090 1356
2091 1353
2092 1355
2093 1354
2094 1356
2095 1354
2096 1356
2097 1357
2098 1352
2099 1352
2100 1352
2101 1356
2102 1354
2103 1356
2104 1354
2105 1352
2106 1355
2107 1355
2108 1354
2109 1353
2110 1356
2111 1355
2112 1358
2113 1356
2114 1354
2115 1355
2116 1353
2117 1354
2118 1355
2119 1354
2120 1354
2121 1357
2122 1355
2123 1356
2124 1353
2125 1354
2126 1354
2127 1351
2128 1354
2129 1353
2130 1353
2131 1355
2132 1354
2133 1353
2134 1352
2135 1354
2136 1356
2137 1355
2138 1354
2139 1357
2140 1355
2141 1353
2142 1355
2143 1355
2144 1356
2145 1354
2146 1354
2147 1356
2148 1355
2149 1353
2150 1356
2151 1354
2152 1352
2153 1353
2154 1354
2155 1355
2156 1353
2157 1354
2158 1354
2159 1354
2160 1352
2161 1354
2162 1353
2163 1353
2164 1350
2165 1355
2166 1353
2167 1354
2168 1355
2169 1354
2170 1353
2171 1354
2172 1353
2173 1354
2174 1351
2175 1355
2176 1354
2177 1352
2178 1356
2179 1356
2180 1353
2181 1355
2182 1352
2183 1355
2184 1351
2185 1355
2186 1356
2187 1353
2188 1354
2189 1352
2190 1353
2191 1356
2192 1354
2193 1354
2194 1356
2195 1356
2196 1353
2197 1356
2198 1352
2199 1352
2200 1352
2201 1356
2202 1352
2203 1354
2204 1355
2205 1352
2206 1355
2207 1357
2208 1353
2209 1354
2210 1351
2211 1355
2212 1355
2213 1354
2214 1352
2215 1354
2216 1353
2217 1355
2218 1356
2219 1356
2220 1354
2221 1354
2222 1353
2223 1355
2224 1355
2225 1352
2226 1355
2227 1354
2228 1356
2229 1354
2230 1354
2231 1356
2232 1356
2233 1357
2234 1354
2235 1355
2236 1354
2237 1354
2238 1353
2239 1357
2240 1353
2241 1354
2242 1353
2243 1355
2244 1357
2245 1354
2246 1353
2247 1354
2248 1353
2249 1354
2250 1354
2251 1355
2252 1352
2253 1354
2254 1354
2255 1352
2256 1355
2257 1352
2258 1356
2259 1356
2260 1356
2261 1352
2262 1355
2263 1353
2264 1356
2265 1355
2266 1355
2267 1355
2268 1356
2269 1355
2270 1356
2271 1356
2272 1356
2273 1353
2274 1355
2275 1354
2276 1353
2277 1353
2278 1352
2279 1351
2280 1351
2281 1355
2282 1352
2283 1353
2284 1352
2285 1353
2286 1353
2287 1356
2288 1353
2289 1352
2290 1354
2291 1355
2292 1356
2293 1354
2294 1355
2295 1353
2296 1350
2297 1354
2298 1354
2299 1357
2300 1355
2301 1355
2302 1354
2303 1352
2304 1353
2305 1353
2306 1352
2307 1352
2308 1353
2309 1354
2310 1353
2311 1356
2312 1357
2313 1353
2314 1356
2315 1353
2316 1354
2317 1357
2318 1356
2319 1352
2320 1351
2321 1353
2322 1357
2323 1352
2324 1356
2325 1353
2326 1355
2327 1355
2328 1356
2329 1353
2330 1359
2331 1354
2332 1356
2333 1354
2334 1355
2335 1353
2336 1356
2337 1354
2338 1354
2339 1351
2340 1353
2341 1355
2342 1356
2343 1354
2344 1353
2345 1355
2346 1357
2347 1353
2348 1355
2349 1352
2350 1351
2351 1354
2352 1353
2353 1353
2354 1355
2355 1353
2356 1356
2357 1353
2358 1355
2359 1353
2360 1355
2361 1353
2362 1354
2363 1353
2364 1356
2365 1353
2366 1357
2367 1354
2368 1357
2369 1350
2370 1352
2371 1354
2372 1356
2373 1353
2374 1355
2375 1354
2376 1354
2377 1352
2378 1354
2379 1354
2380 1356
2381 1352
2382 1356
2383 1357
2384 1356
2385 1353
2386 1356
2387 1352
2388 1353
2389 1349
2390 1355
2391 1353
2392 1354
2393 1353
2394 1354
2395 1354
2396 1354
2397 1351
2398 1357
2399 1353
2400 1357
2401 1353
2402 1356
2403 1352
2404 1356
2405 1354
2406 1353
2407 1354
2408 1356
2409 1352
2410 1356
2411 1352
2412 1355
2413 1352
2414 1356
2415 1353
2416 1355
2417 1351
2418 1355
2419 1355
2420 1354
2421 1354
2422 1352
2423 1352
2424 1356
2425 1353
2426 1356
2427 1353
2428 1355
2429 1352
2430 1353
2431 1351
2432 1354
2433 1351
2434 1354
2435 1352
2436 1356
2437 1354
2438 1355
2439 1355
2440 1357
2441 1352
2442 1356
2443 1355
2444 1354
2445 1352
2446 1355
2447 1352
2448 1352
2449 1355
2450 1353
2451 1351
2452 1354
2453 1352
2454 1353
2455 1355
2456 1355
2457 1351
2458 1356
2459 1353
2460 1357
2461 1352
2462 1354
2463 1353
2464 1353
2465 1350
2466 1356
2467 1355
2468 1356
2469 1352
2470 1353
2471 1354
2472 1354
2473 1354
2474 1355
2475 1354
2476 1353
2477 1355
2478 1355
2479 1353
2480 1354
2481 1352
2482 1354
2483 1355
2484 1355
2485 1352
2486 1355
2487 1353
2488 1354
2489 1353
2490 1353
2491 1349
2492 1357
2493 1350
2494 1351
2495 1353
2496 1355
2497 1351
2498 1356
2499 1354
2500 1356
2501 1351
2502 1356
2503 1352
2504 1353
2505 1356
2506 1358
2507 1355
2508 1353
2509 1352
2510 1355
2511 1355
2512 1354
2513 1353
2514 1353
2515 1353
2516 1355
2517 1354
2518 1352
2519 1352
2520 1354
2521 1353
2522 1356
2523 1354
2524 1355
2525 1352
2526 1349
2527 1349
2528 1352
2529 1353
2530 1355
2531 1351
2532 1353
2533 1353
2534 1353
2535 1354
2536 1355
2537 1356
2538 1353
2539 1355
2540 1353
2541 1351
2542 1353
2543 1353
2544 1353
2545 1353
2546 1352
2547 1352
2548 1356
2549 1356
2550 1354
2551 1349
2552 1352
2553 1352
2554 1356
2555 1352
2556 1350
2557 1353
2558 1354
2559 1352
2560 1353
2561 1350
2562 1354
2563 1354
2564 1356
2565 1353
2566 1354
2567 1354
2568 1356
2569 1355
2570 1355
2571 1353
2572 1358
2573 1350
2574 1352
2575 1352
2576 1355
2577 1352
2578 1354
2579 1352
2580 1352
2581 1353
2582 1354
2583 1352
2584 1352
2585 1353
2586 1354
2587 1355
2588 1354
2589 1353
2590 1354
2591 1354
2592 1356
2593 1356
2594 1355
2595 1355
2596 1355
2597 1350
2598 1353
2599 1353
2600 1354
2601 1354
2602 1354
2603 1353
2604 1353
2605 1354
2606 1355
2607 1352
2608 1356
2609 1351
2610 1355
2611 1354
2612 1354
2613 1353
2614 1352
2615 1352
2616 1353
2617 1351
2618 1355
2619 1352
2620 1352
2621 1353
2622 1353
2623 1351
2624 1353
2625 1352
2626 1354
2627 1353
2628 1355
2629 1355
2630 1353
2631 1354
2632 1355
2633 1352
2634 1353
2635 1355
2636 1354
2637 1355
2638 1355
2639 1356
2640 1354
2641 1353
2642 1353
2643 1352
2644 1354
2645 1354
2646 1354
2647 1352
2648 1353
2649 1355
2650 1351
2651 1354
2652 1355
2653 1355
2654 1357
2655 1352
2656 1353
2657 1353
2658 1356
2659 1355
2660 1354
2661 1357
2662 1353
2663 1356
2664 1356
2665 1354
2666 1353
2667 1354
2668 1355
2669 1351
2670 1353
2671 1355
2672 1356
2673 1355
2674 1352
2675 1353
2676 1353
2677 1354
2678 1352
2679 1356
2680 1354
2681 1351
2682 1350
2683 1354
2684 1353
2685 1355
2686 1355
2687 1351
2688 1354
2689 1354
2690 1353
2691 1354
2692 1353
2693 1355
2694 1353
2695 1353
2696 1353
2697 1356
2698 1354
2699 1352
2700 1354
2701 1354
2702 1354
2703 1354
2704 1354
2705 1355
2706 1354
2707 1351
2708 1352
2709 1350
2710 1352
2711 1355
2712 1355
2713 1355
2714 1353
2715 1356
2716 1356
2717 1357
2718 1356
2719 1354
2720 1355
2721 1356
2722 1357
2723 1355
2724 1352
2725 1354
2726 1355
2727 1355
2728 1355
2729 1353
2730 1353
2731 1355
2732 1353
2733 1353
2734 1355
2735 1352
2736 1355
2737 1357
2738 1353
2739 1354
2740 1354
2741 1357
2742 1354
2743 1353
2744 1352
2745 1354
2746 1354
2747 1357
2748 1353
2749 1355
2750 1356
2751 1354
2752 1354
2753 1353
2754 1354
2755 1352
2756 1353
2757 1355
2758 1353
2759 1356
2760 1350
2761 1353
2762 1354
2763 1353
2764 1352
2765 1353
2766 1353
2767 1354
2768 1352
2769 1354
2770 1351
2771 1352
2772 1356
2773 1354
2774 1357
2775 1355
2776 1357
2777 1355
2778 1355
2779 1355
2780 1356
2781 1356
2782 1356
2783 1354
2784 1356
2785 1355
2786 1357
2787 1355
2788 1354
2789 1355
2790 1355
2791 1354
2792 1353
2793 1353
2794 1356
2795 1356
2796 1355
2797 1354
2798 1353
2799 1354
2800 1355
2801 1354
2802 1354
2803 1355
2804 1356
2805 1355
2806 1355
2807 1354
2808 1354
2809 1354
2810 1354
2811 1355
2812 1357
2813 1353
2814 1353
2815 1354
2816 1354
2817 1354
2818 1354
2819 1353
2820 1354
2821 1354
2822 1356
2823 1356
2824 1353
2825 1352
2826 1356
2827 1352
2828 1356
2829 1357
2830 1356
2831 1354
2832 1357
2833 1353
2834 1355
2835 1355
2836 1355
2837 1356
2838 1354
2839 1352
2840 1357
2841 1355
2842 1358
2843 1354
2844 1356
2845 1355
2846 1354
2847 1353
2848 1353
2849 1353
2850 1356
2851 1355
2852 1353
2853 1353
2854 1355
2855 1353
2856 1355
2857 1354
2858 1353
2859 1356
2860 1354
2861 1355
2862 1353
2863 1355
2864 1355
2865 1353
2866 1355
2867 1355
2868 1354
2869 1353
2870 1354
2871 1354
2872 1358
2873 1353
2874 1355
2875 1354
2876 1355
2877 1355
2878 1357
2879 1354
2880 1355
2881 1355
2882 1354
2883 1355
2884 1355
2885 1353
2886 1355
2887 1354
2888 1351
2889 1354
2890 1355
2891 1352
2892 1355
2893 1353
2894 1355
2895 1356
2896 1354
2897 1353
2898 1355
2899 1355
2900 1354
2901 1353
2902 1354
2903 1357
2904 1356
2905 1353
2906 1355
2907 1355
2908 1356
2909 1354
2910 1353
2911 1355
2912 1357
2913 1356
2914 1356
2915 1352
2916 1352
2917 1352
2918 1352
2919 1353
2920 1352
2921 1353
2922 1357
2923 1352
2924 1355
2925 1353
2926 1355
2927 1353
2928 1352
2929 1352
2930 1354
2931 1355
2932 1352
2933 1352
2934 1353
2935 1353
2936 1357
2937 1352
2938 1355
2939 1354
2940 1356
2941 1353
2942 1353
2943 1353
2944 1356
2945 1355
2946 1354
2947 1353
2948 1356
2949 1354
2950 1356
2951 1355
2952 1354
2953 1355
2954 1355
2955 1354
2956 1355
2957 1356
2958 1354
2959 1353
2960 1354
2961 1355
2962 1353
2963 1356
2964 1355
2965 1353
2966 1355
2967 1355
2968 1354
2969 1355
2970 1356
2971 1355
2972 1355
2973 1353
2974 1354
2975 1358
2976 1356
2977 1355
2978 1356
2979 1354
2980 1354
2981 1354
2982 1355
2983 1354
2984 1355
2985 1352
2986 1356
2987 1356
2988 1356
2989 1354
2990 1355
2991 1356
2992 1355
2993 1356
2994 1356
2995 1355
2996 1356
2997 1355
2998 1355
2999 1353
3000 1355
3001 1354
3002 1357
3003 1354
3004 1356
3005 1357
3006 1355
3007 1353
3008 1356
3009 1357
3010 1354
3011 1352
3012 1356
3013 1355
3014 1355
3015 1354
3016 1355
3017 1356
3018 1356
3019 1356
3020 1356
3021 1353
3022 1357
3023 1357
3024 1359
3025 1354
3026 1355
3027 1354
3028 1354
3029 1357
3030 1354
3031 1357
3032 1356
3033 1353
3034 1354
3035 1354
3036 1353
3037 1354
3038 1359
3039 1355
3040 1355
3041 1355
3042 1353
3043 1352
3044 1354
3045 1355
3046 1356
3047 1357
3048 1355
3049 1354
3050 1357
3051 1357
3052 1356
3053 1357
3054 1356
3055 1352
3056 1355
3057 1354
3058 1356
3059 1354
3060 1354
3061 1357
3062 1356
3063 1357
3064 1355
3065 1355
3066 1356
3067 1353
3068 1354
3069 1355
3070 1357
3071 1357
3072 1356
3073 1355
3074 1354
3075 1354
3076 1356
3077 1354
3078 1353
3079 1353
3080 1357
3081 1356
3082 1359
3083 1353
3084 1356
3085 1355
3086 1353
3087 1354
3088 1355
3089 1353
3090 1353
3091 1355
3092 1354
3093 1353
3094 1354
3095 1357
3096 1355
3097 1351
3098 1353
3099 1357
3100 1356
3101 1357
3102 1354
3103 1355
3104 1355
3105 1354
3106 1354
3107 1352
3108 1354
3109 1355
3110 1356
3111 1357
3112 1356
3113 1354
3114 1356
3115 1357
3116 1359
3117 1357
3118 1355
3119 1354
3120 1354
3121 1355
3122 1355
3123 1356
3124 1354
3125 1353
3126 1354
3127 1354
3128 1355
3129 1355
3130 1353
3131 1352
3132 1353
3133 1354
3134 1351
3135 1352
3136 1355
3137 1355
3138 1354
3139 1354
3140 1353
3141 1355
3142 1356
3143 1355
3144 1356
3145 1355
3146 1357
3147 1353
3148 1355
3149 1354
3150 1353
3151 1354
3152 1355
3153 1355
3154 1357
3155 1354
3156 1354
3157 1353
3158 1355
3159 1352
3160 1353
3161 1354
3162 1353
3163 1354
3164 1356
3165 1351
3166 1356
3167 1356
3168 1356
3169 1354
3170 1354
3171 1355
3172 1354
3173 1354
3174 1355
3175 1357
3176 1356
3177 1355
3178 1353
3179 1355
3180 1356
3181 1356
3182 1354
3183 1354
3184 1352
3185 1354
3186 1353
3187 1352
3188 1355
3189 1354
3190 1356
3191 1356
3192 1354
3193 1356
3194 1354
3195 1353
3196 1354
3197 1353
3198 1352
3199 1355
3200 1355
3201 1354
3202 1354
3203 1356
3204 1356
3205 1355
3206 1355
3207 1355
3208 1358
3209 1356
3210 1357
3211 1354
3212 1354
3213 1355
3214 1356
3215 1356
3216 1357
3217 1354
3218 1354
3219 1355
3220 1356
3221 1354
3222 1354
3223 1355
3224 1353
3225 1354
3226 1352
3227 1352
3228 1355
3229 1352
3230 1353
3231 1353
3232 1355
3233 1352
3234 1355
3235 1355
3236 1355
3237 1355
3238 1356
3239 1356
3240 1353
3241 1357
3242 1355
3243 1354
3244 1354
3245 1354
3246 1354
3247 1357
3248 1356
3249 1353
3250 1352
3251 1355
3252 1355
3253 1351
3254 1354
3255 1353
3256 1355
3257 1354
3258 1356
3259 1356
3260 1354
3261 1355
3262 1355
3263 1355
3264 1354
3265 1355
3266 1354
3267 1357
3268 1357
3269 1354
3270 1355
3271 1353
3272 1354
3273 1355
3274 1353
3275 1353
3276 1353
3277 1354
3278 1354
3279 1353
3280 1353
3281 1352
3282 1354
3283 1353
3284 1352
3285 1352
3286 1355
3287 1354
3288 1354
3289 1354
3290 1355
3291 1352
3292 1353
3293 1354
3294 1352
3295 1354
3296 1355
3297 1353
3298 1355
3299 1355
3300 1355
3301 1354
3302 1355
3303 1355
3304 1353
3305 1354
3306 1355
3307 1356
3308 1354
3309 1355
3310 1355
3311 1351
3312 1355
3313 1353
3314 1351
3315 1356
3316 1355
3317 1353
3318 1353
3319 1353
3320 1354
3321 1354
3322 1355
3323 1351
3324 1356
3325 1352
3326 1355
3327 1356
3328 1354
3329 1356
3330 1353
3331 1352
3332 1353
3333 1355
3334 1357
3335 1354
3336 1356
3337 1355
3338 1354
3339 1350
3340 1354
3341 1355
3342 1357
3343 1352
3344 1355
3345 1356
3346 1355
3347 1354
3348 1352
3349 1351
3350 1354
3351 1355
3352 1353
3353 1354
3354 1355
3355 1354
3356 1357
3357 1355
3358 1355
3359 1353
3360 1353
3361 1356
3362 1357
3363 1353
3364 1353
3365 1352
3366 1353
3367 1357
3368 1356
3369 1355
3370 1356
3371 1353
3372 1354
3373 1354
3374 1356
3375 1354
3376 1356
3377 1354
3378 1358
3379 1357
3380 1354
3381 1356
3382 1355
3383 1353
3384 1355
3385 1352
3386 1356
3387 1355
3388 1357
3389 1353
3390 1354
3391 1354
3392 1356
3393 1354
3394 1353
3395 1353
3396 1356
3397 1357
3398 1353
3399 1352
3400 1354
3401 1356
3402 1356
3403 1353
3404 1352
3405 1353
3406 1352
3407 1356
3408 1353
3409 1356
3410 1354
3411 1352
3412 1353
3413 1353
3414 1355
3415 1354
3416 1355
3417 1355
3418 1354
3419 1354
3420 1356
3421 1353
3422 1357
3423 1355
3424 1357
3425 1356
3426 1353
3427 1352
3428 1354
3429 1354
3430 1358
3431 1354
3432 1355
3433 1353
3434 1352
3435 1354
3436 1356
3437 1355
3438 1353
3439 1352
3440 1354
3441 1355
3442 1355
3443 1354
3444 1352
3445 1354
3446 1355
3447 1354
3448 1356
3449 1352
3450 1355
3451 1356
3452 1355
3453 1353
3454 1356
3455 1354
3456 1356
3457 1356
3458 1358
3459 1355
3460 1354
3461 1355
3462 1356
3463 1355
3464 1354
3465 1356
3466 1354
3467 1355
3468 1356
3469 1357
3470 1355
3471 1354
3472 1354
3473 1355
3474 1357
3475 1356
3476 1354
3477 1354
3478 1355
3479 1358
3480 1353
3481 1357
3482 1353
3483 1355
3484 1354
3485 1354
3486 1354
3487 1354
3488 1355
3489 1354
3490 1354
3491 1354
3492 1354
3493 1353
3494 1352
3495 1355
3496 1354
3497 1355
3498 1354
3499 1354
3500 1354
3501 1355
3502 1355
3503 1355
3504 1354
3505 1355
3506 1353
3507 1354
3508 1354
3509 1355
3510 1355
3511 1354
3512 1355
3513 1353
3514 1354
3515 1354
3516 1353
3517 1353
3518 1354
3519 1352
3520 1355
3521 1356
3522 1354
3523 1353
3524 1354
3525 1356
3526 1356
3527 1355
3528 1355
3529 1353
3530 1355
3531 1356
3532 1357
3533 1352
3534 1355
3535 1354
3536 1355
3537 1352
3538 1354
3539 1355
3540 1356
3541 1355
3542 1356
3543 1354
3544 1356
3545 1354
3546 1355
3547 1355
3548 1355
3549 1354
3550 1355
3551 1353
3552 1353
3553 1352
3554 1355
3555 1357
3556 1355
3557 1354
3558 1355
3559 1355
3560 1356
3561 1354
3562 1354
3563 1356
3564 1357
3565 1353
3566 1355
3567 1353
3568 1355
3569 1352
3570 1354
3571 1353
3572 1356
3573 1351
3574 1352
3575 1352
3576 1354
3577 1352
3578 1356
3579 1357
3580 1354
3581 1353
3582 1352
3583 1356
3584 1355
3585 1356
3586 1354
3587 1356
3588 1351
3589 1354
3590 1353
3591 1355
3592 1352
3593 1352
3594 1352
3595 1354
3596 1354
3597 1356
3598 1355
3599 1352
3600 1356
3601 1356
3602 1356
3603 1356
3604 1355
3605 1356
3606 1355
3607 1355
3608 1354
3609 1355
3610 1354
3611 1355
3612 1356
3613 1358
3614 1353
3615 1356
3616 1353
3617 1357
3618 1355
3619 1356
3620 1355
3621 1354
3622 1354
3623 1357
3624 1355
3625 1357
3626 1355
3627 1357
3628 1354
3629 1355
3630 1353
3631 1354
3632 1356
3633 1354
3634 1355
3635 1354
3636 1353
3637 1354
3638 1356
3639 1354
3640 1353
3641 1355
3642 1355
3643 1350
3644 1355
3645 1355
3646 1354
3647 1355
3648 1352
3649 1353
3650 1354
3651 1356
3652 1353
3653 1353
3654 1350
3655 1353
3656 1355
3657 1355
3658 1355
3659 1354
3660 1355
3661 1353
3662 1356
3663 1356
3664 1353
3665 1352
3666 1356
3667 1354
3668 1354
3669 1354
3670 1354
3671 1354
3672 1354
3673 1355
3674 1354
3675 1353
3676 1357
3677 1353
3678 1353
3679 1355
3680 1356
3681 1357
3682 1353
3683 1357
3684 1354
3685 1353
3686 1353
3687 1354
3688 1354
3689 1354
3690 1355
3691 1356
3692 1354
3693 1355
3694 1353
3695 1355
3696 1353
3697 1355
3698 1353
3699 1353
3700 1352
3701 1353
3702 1355
3703 1354
3704 1354
3705 1354
3706 1355
3707 1354
3708 1354
3709 1356
3710 1354
3711 1353
3712 1353
3713 1357
3714 1353
3715 1359
3716 1355
3717 1353
3718 1353
3719 1354
3720 1353
3721 1355
3722 1356
3723 1354
3724 1355
3725 1355
3726 1355
3727 1352
3728 1352
3729 1355
3730 1356
3731 1357
3732 1351
3733 1354
3734 1356
3735 1356
3736 1353
3737 1351
3738 1355
3739 1356
3740 1354
3741 1354
3742 1354
3743 1354
3744 1355
3745 1354
3746 1354
3747 1356
3748 1356
3749 1353
3750 1353
3751 1353
3752 1355
3753 1353
3754 1353
3755 1357
3756 1354
3757 1356
3758 1352
3759 1353
3760 1354
3761 1355
3762 1356
3763 1357
3764 1354
3765 1353
3766 1353
3767 1356
3768 1354
3769 1355
3770 1353
3771 1353
3772 1352
3773 1354
3774 1352
3775 1355
3776 1355
3777 1355
3778 1354
3779 1356
3780 1354
3781 1355
3782 1354
3783 1359
3784 1352
3785 1354
3786 1353
3787 1357
3788 1355
3789 1356
3790 1354
3791 1355
3792 1355
3793 1357
3794 1356
3795 1359
3796 1354
3797 1353
3798 1356
3799 1353
3800 1356
3801 1355
3802 1352
3803 1352
3804 1353
3805 1354
3806 1357
3807 1354
3808 1354
3809 1353
3810 1351
3811 1352
3812 1355
3813 1355
3814 1355
3815 1354
3816 1354
3817 1354
3818 1354
3819 1356
3820 1356
3821 1357
3822 1356
3823 1354
3824 1354
3825 1353
3826 1355
3827 1354
3828 1353
3829 1352
3830 1354
3831 1357
3832 1356
3833 1355
3834 1352
3835 1351
3836 1353
3837 1353
3838 1351
3839 1356
3840 1356
3841 1357
3842 1354
3843 1353
3844 1353
3845 1355
3846 1354
3847 1355
3848 1353
3849 1354
3850 1355
3851 1355
3852 1356
3853 1357
3854 1354
3855 1353
3856 1356
3857 1355
3858 1354
3859 1352
3860 1355
3861 1356
3862 1354
3863 1353
3864 1352
3865 1357
3866 1357
3867 1354
3868 1357
3869 1355
3870 1356
3871 1357
3872 1356
3873 1356
3874 1353
3875 1354
3876 1354
3877 1354
3878 1355
3879 1353
3880 1355
3881 1356
3882 1354
3883 1355
3884 1356
3885 1355
3886 1356
3887 1357
3888 1355
3889 1355
3890 1354
3891 1355
3892 1354
3893 1355
3894 1354
3895 1352
3896 1352
3897 1354
3898 1354
3899 1355
3900 1354
3901 1357
3902 1354
3903 1355
3904 1353
3905 1352
3906 1354
3907 1355
3908 1355
3909 1353
3910 1352
3911 1355
3912 1356
3913 1354
3914 1355
3915 1356
3916 1355
3917 1354
3918 1356
3919 1356
3920 1352
3921 1355
3922 1355
3923 1352
3924 1354
3925 1350
3926 1354
3927 1354
3928 1356
3929 1357
3930 1354
3931 1353
3932 1355
3933 1354
3934 1355
3935 1353
3936 1354
3937 1357
3938 1356
3939 1352
3940 1356
3941 1352
3942 1357
3943 1354
3944 1354
3945 1357
3946 1356
3947 1354
3948 1356
3949 1356
3950 1358
3951 1354
3952 1355
3953 1354
3954 1355
3955 1353
3956 1354
3957 1356
3958 1357
3959 1353
3960 1353
3961 1353
3962 1355
3963 1357
3964 1354
3965 1354
3966 1355
3967 1356
3968 1355
3969 1356
3970 1355
3971 1354
3972 1356
3973 1357
3974 1356
3975 1353
3976 1355
3977 1355
3978 1354
3979 1356
3980 1353
3981 1355
3982 1355
3983 1354
3984 1356
3985 1353
3986 1352
3987 1358
3988 1355
3989 1356
3990 1357
3991 1356
3992 1355
3993 1353
3994 1354
3995 1354
3996 1356
3997 1354
3998 1357
3999 1354
