0 1353
1 1355
2 1359
3 1356
4 1354
5 1355
6 1356
7 1354
8 1353
9 1353
10 1357
11 1355
12 1357
13 1356
14 1359
15 1354
16 1358
17 1357
18 1357
19 1356
20 1354
21 1355
22 1356
23 1356
24 1356
25 1357
26 1357
27 1356
28 1355
29 1355
30 1356
31 1355
32 1355
33 1356
34 1356
35 1353
36 1354
37 1357
38 1357
39 1355
40 1356
41 1356
42 1357
43 1358
44 1356
45 1356
46 1354
47 1355
48 1355
49 1356
50 1357
51 1354
52 1354
53 1355
54 1357
55 1357
56 1358
57 1355
58 1353
59 1354
60 1355
61 1353
62 1357
63 1356
64 1355
65 1356
66 1355
67 1355
68 1352
69 1354
70 1357
71 1354
72 1355
73 1358
74 1355
75 1356
76 1357
77 1353
78 1357
79 1355
80 1356
81 1355
82 1357
83 1357
84 1354
85 1356
86 1358
87 1355
88 1356
89 1355
90 1355
91 1354
92 1356
93 1355
94 1353
95 1355
96 1355
97 1357
98 1355
99 1356
100 1357
101 1355
102 1358
103 1355
104 1355
105 1356
106 1357
107 1356
108 1355
109 1353
110 1357
111 1352
112 1356
113 1355
114 1357
115 1355
116 1356
117 1355
118 1355
119 1354
120 1354
121 1354
122 1357
123 1356
124 1353
125 1356
126 1357
127 1355
128 1353
129 1354
130 1355
131 1354
132 1356
133 1354
134 1353
135 1355
136 1353
137 1357
138 1357
139 1355
140 1352
141 1352
142 1355
143 1355
144 1355
145 1355
146 1355
147 1354
148 1355
149 1353
150 1355
151 1356
152 1356
153 1356
154 1352
155 1355
156 1357
157 1355
158 1355
159 1355
160 1356
161 1358
162 1357
163 1354
164 1357
165 1355
166 1356
167 1353
168 1356
169 1355
170 1356
171 1355
172 1354
173 1356
174 1356
175 1355
176 1354
177 1356
178 1355
179 1357
180 1355
181 1356
182 1357
183 1355
184 1356
185 1352
186 1354
187 1356
188 1354
189 1354
190 1360
191 1355
192 1355
193 1355
194 1354
195 1356
196 1355
197 1355
198 1355
199 1355
200 1355
201 1354
202 1357
203 1357
204 1353
205 1354
206 1357
207 1355
208 1356
209 1356
210 1353
211 1356
212 1354
213 1355
214 1359
215 1356
216 1352
217 1355
218 1355
219 1353
220 1357
221 1355
222 1355
223 1356
224 1357
225 1356
226 1356
227 1357
228 1355
229 1354
230 1356
231 1355
232 1356
233 1354
234 1354
235 1356
236 1357
237 1356
238 1354
239 1357
240 1357
241 1355
242 1355
243 1356
244 1357
245 1354
246 1355
247 1354
248 1355
249 1355
250 1355
251 1354
252 1355
253 1355
254 1357
255 1353
256 1358
257 1360
258 1357
259 1356
260 1357
261 1359
262 1356
263 1354
264 1354
265 1353
266 1357
267 1352
268 1355
269 1353
270 1354
271 1353
272 1355
273 1353
274 1355
275 1353
276 1355
277 1354
278 1355
279 1356
280 1357
281 1356
282 1356
283 1357
284 1357
285 1356
286 1355
287 1356
288 1357
289 1357
290 1354
291 1353
292 1356
293 1355
294 1354
295 1357
296 1355
297 1357
298 1356
299 1353
300 1356
301 1357
302 1354
303 1354
304 1356
305 1355
306 1356
307 1355
308 1355
309 1353
310 1354
311 1354
312 1356
313 1355
314 1357
315 1355
316 1356
317 1357
318 1355
319 1353
320 1358
321 1357
322 1356
323 1356
324 1354
325 1355
326 1356
327 1356
328 1357
329 1355
330 1353
331 1355
332 1354
333 1355
334 1355
335 1353
336 1357
337 1357
338 1355
339 1352
340 1357
341 1357
342 1351
343 1355
344 1357
345 1357
346 1355
347 1353
348 1354
349 1356
350 1355
351 1354
352 1355
353 1357
354 1353
355 1353
356 1353
357 1354
358 1354
359 1354
360 1356
361 1354
362 1352
363 1354
364 1357
365 1352
366 1354
367 1351
368 1353
369 1352
370 1356
371 1355
372 1357
373 1352
374 1356
375 1356
376 1356
377 1357
378 1356
379 1356
380 1353
381 1356
382 1358
383 1355
384 1356
385 1354
386 1356
387 1358
388 1353
389 1356
390 1354
391 1352
392 1355
393 1354
394 1354
395 1353
396 1354
397 1357
398 1356
399 1353
400 1353
401 1355
402 1355
403 1355
404 1356
405 1355
406 1354
407 1356
408 1355
409 1355
410 1353
411 1355
412 1359
413 1356
414 1357
415 1358
416 1353
417 1355
418 1353
419 1353
420 1355
421 1353
422 1357
423 1354
424 1353
425 1354
426 1357
427 1354
428 1353
429 1354
430 1356
431 1354
432 1357
433 1356
434 1353
435 1356
436 1357
437 1356
438 1356
439 1354
440 1353
441 1355
442 1357
443 1356
444 1359
445 1356
446 1354
447 1354
448 1355
449 1354
450 1357
451 1355
452 1359
453 1354
454 1356
455 1353
456 1356
457 1355
458 1357
459 1357
460 1355
461 1352
462 1355
463 1356
464 1355
465 1353
466 1357
467 1354
468 1356
469 1355
470 1355
471 1356
472 1355
473 1355
474 1354
475 1356
476 1353
477 1357
478 1354
479 1355
480 1354
481 1354
482 1356
483 1354
484 1355
485 1357
486 1355
487 1355
488 1354
489 1355
490 1357
491 1357
492 1357
493 1356
494 1356
495 1355
496 1356
497 1355
498 1357
499 1354
500 1356
501 1355
502 1355
503 1356
504 1358
505 1357
506 1357
507 1356
508 1356
509 1355
510 1356
511 1356
512 1354
513 1353
514 1355
515 1356
516 1357
517 1355
518 1357
519 1353
520 1357
521 1354
522 1354
523 1355
524 1355
525 1354
526 1358
527 1356
528 1357
529 1357
530 1355
531 1356
532 1359
533 1353
534 1357
535 1355
536 1358
537 1361
538 1361
539 1365
540 1367
541 1373
542 1382
543 1396
544 1406
545 1416
546 1431
547 1446
548 1462
549 1478
550 1492
551 1506
552 1518
553 1525
554 1533
555 1538
556 1543
557 1546
558 1545
559 1545
560 1543
561 1541
562 1542
563 1538
564 1535
565 1532
566 1525
567 1516
568 1510
569 1505
570 1497
571 1491
572 1484
573 1473
574 1471
575 1464
576 1458
577 1458
578 1453
579 1447
580 1443
581 1440
582 1435
583 1427
584 1425
585 1421
586 1417
587 1410
588 1407
589 1404
590 1399
591 1397
592 1394
593 1391
594 1390
595 1385
596 1389
597 1385
598 1381
599 1378
600 1375
601 1376
602 1376
603 1372
604 1370
605 1369
606 1369
607 1367
608 1368
609 1369
610 1367
611 1365
612 1366
613 1365
614 1366
615 1365
616 1364
617 1367
618 1363
619 1365
620 1362
621 1363
622 1364
623 1362
624 1361
625 1359
626 1360
627 1362
628 1360
629 1358
630 1357
631 1359
632 1357
633 1355
634 1357
635 1358
636 1357
637 1360
638 1357
639 1357
640 1358
641 1359
642 1356
643 1355
644 1353
645 1357
646 1356
647 1357
648 1357
649 1356
650 1356
651 1356
652 1357
653 1356
654 1356
655 1355
656 1355
657 1356
658 1355
659 1356
660 1356
661 1356
662 1357
663 1354
664 1353
665 1356
666 1357
667 1356
668 1357
669 1356
670 1357
671 1357
672 1356
673 1354
674 1354
675 1356
676 1357
677 1357
678 1357
679 1354
680 1356
681 1356
682 1356
683 1354
684 1356
685 1356
686 1360
687 1355
688 1354
689 1355
690 1357
691 1356
692 1359
693 1355
694 1357
695 1358
696 1356
697 1354
698 1354
699 1356
700 1356
701 1355
702 1356
703 1355
704 1354
705 1353
706 1356
707 1355
708 1356
709 1356
710 1356
711 1358
712 1357
713 1356
714 1355
715 1354
716 1353
717 1356
718 1357
719 1355
720 1355
721 1355
722 1356
723 1352
724 1355
725 1358
726 1356
727 1356
728 1353
729 1353
730 1355
731 1353
732 1357
733 1356
734 1353
735 1357
736 1357
737 1356
738 1354
739 1356
740 1357
741 1356
742 1357
743 1355
744 1357
745 1357
746 1359
747 1356
748 1355
749 1355
750 1354
751 1357
752 1353
753 1354
754 1356
755 1355
756 1356
757 1357
758 1355
759 1353
760 1358
761 1357
762 1354
763 1357
764 1356
765 1357
766 1358
767 1355
768 1357
769 1355
770 1357
771 1356
772 1357
773 1357
774 1357
775 1358
776 1358
777 1358
778 1359
779 1356
780 1354
781 1356
782 1356
783 1356
784 1354
785 1354
786 1356
787 1354
788 1356
789 1356
790 1355
791 1358
792 1354
793 1356
794 1357
795 1354
796 1355
797 1355
798 1356
799 1355
800 1356
801 1356
802 1357
803 1355
804 1357
805 1356
806 1359
807 1356
808 1357
809 1359
810 1357
811 1356
812 1358
813 1356
814 1357
815 1360
816 1353
817 1355
818 1356
819 1357
820 1353
821 1358
822 1353
823 1354
824 1355
825 1354
826 1356
827 1357
828 1358
829 1356
830 1354
831 1354
832 1354
833 1353
834 1355
835 1354
836 1356
837 1357
838 1357
839 1358
840 1358
841 1356
842 1359
843 1356
844 1354
845 1357
846 1355
847 1357
848 1355
849 1357
850 1354
851 1356
852 1355
853 1355
854 1357
855 1355
856 1355
857 1355
858 1356
859 1358
860 1356
861 1357
862 1355
863 1356
864 1355
865 1356
866 1354
867 1356
868 1357
869 1356
870 1356
871 1357
872 1357
873 1355
874 1354
875 1356
876 1356
877 1356
878 1356
879 1357
880 1354
881 1355
882 1356
883 1353
884 1354
885 1356
886 1356
887 1357
888 1357
889 1356
890 1356
891 1356
892 1354
893 1358
894 1355
895 1356
896 1353
897 1355
898 1353
899 1356
900 1352
901 1357
902 1355
903 1357
904 1356
905 1357
906 1356
907 1358
908 1353
909 1356
910 1353
911 1354
912 1355
913 1354
914 1352
915 1357
916 1353
917 1356
918 1355
919 1354
920 1352
921 1355
922 1356
923 1357
924 1354
925 1354
926 1355
927 1357
928 1356
929 1357
930 1355
931 1354
932 1357
933 1356
934 1352
935 1357
936 1357
937 1354
938 1355
939 1353
940 1357
941 1357
942 1355
943 1356
944 1352
945 1356
946 1355
947 1357
948 1355
949 1355
950 1354
951 1357
952 1354
953 1356
954 1352
955 1356
956 1356
957 1356
958 1354
959 1356
960 1355
961 1356
962 1358
963 1356
964 1357
965 1355
966 1354
967 1354
968 1355
969 1356
970 1355
971 1353
972 1355
973 1355
974 1354
975 1355
976 1357
977 1357
978 1357
979 1357
980 1356
981 1356
982 1355
983 1357
984 1357
985 1355
986 1354
987 1357
988 1356
989 1354
990 1357
991 1357
992 1357
993 1357
994 1354
995 1353
996 1355
997 1357
998 1356
999 1356
1000 1355
1001 1354
1002 1353
1003 1352
1004 1355
1005 1355
1006 1355
1007 1355
1008 1356
1009 1355
1010 1353
1011 1355
1012 1359
1013 1355
1014 1358
1015 1355
1016 1358
1017 1354
1018 1356
1019 1356
1020 1355
1021 1356
1022 1358
1023 1356
1024 1357
1025 1358
1026 1355
1027 1356
1028 1354
1029 1356
1030 1356
1031 1356
1032 1358
1033 1355
1034 1357
1035 1354
1036 1357
1037 1356
1038 1356
1039 1356
1040 1354
1041 1354
1042 1355
1043 1356
1044 1355
1045 1356
1046 1355
1047 1355
1048 1355
1049 1356
1050 1357
1051 1354
1052 1358
1053 1354
1054 1357
1055 1356
1056 1357
1057 1355
1058 1355
1059 1355
1060 1354
1061 1355
1062 1353
1063 1356
1064 1353
1065 1356
1066 1354
1067 1357
1068 1356
1069 1356
1070 1355
1071 1354
1072 1356
1073 1355
1074 1357
1075 1354
1076 1356
1077 1356
1078 1357
1079 1358
1080 1354
1081 1355
1082 1358
1083 1354
1084 1355
1085 1356
1086 1357
1087 1356
1088 1357
1089 1355
1090 1355
1091 1358
1092 1355
1093 1358
1094 1353
1095 1356
1096 1355
1097 1356
1098 1355
1099 1355
1100 1358
1101 1354
1102 1356
1103 1355
1104 1357
1105 1356
1106 1355
1107 1356
1108 1358
1109 1355
1110 1355
1111 1356
1112 1358
1113 1358
1114 1355
1115 1356
1116 1358
1117 1357
1118 1357
1119 1356
1120 1356
1121 1355
1122 1352
1123 1355
1124 1357
1125 1356
1126 1357
1127 1357
1128 1355
1129 1355
1130 1356
1131 1354
1132 1359
1133 1355
1134 1355
1135 1356
1136 1352
1137 1355
1138 1355
1139 1355
1140 1355
1141 1356
1142 1354
1143 1354
1144 1355
1145 1355
1146 1357
1147 1354
1148 1355
1149 1359
1150 1362
1151 1359
1152 1360
1153 1357
1154 1354
1155 1356
1156 1353
1157 1357
1158 1357
1159 1358
1160 1355
1161 1358
1162 1356
1163 1360
1164 1355
1165 1359
1166 1356
1167 1356
1168 1356
1169 1359
1170 1357
1171 1355
1172 1355
1173 1354
1174 1355
1175 1356
1176 1355
1177 1355
1178 1355
1179 1356
1180 1356
1181 1356
1182 1356
1183 1358
1184 1357
1185 1355
1186 1355
1187 1352
1188 1357
1189 1357
1190 1356
1191 1356
1192 1357
1193 1358
1194 1358
1195 1354
1196 1354
1197 1354
1198 1357
1199 1357
1200 1358
1201 1355
1202 1357
1203 1359
1204 1357
1205 1358
1206 1357
1207 1358
1208 1357
1209 1357
1210 1356
1211 1358
1212 1358
1213 1355
1214 1354
1215 1358
1216 1356
1217 1355
1218 1354
1219 1357
1220 1359
1221 1358
1222 1358
1223 1356
1224 1357
1225 1358
1226 1358
1227 1357
1228 1357
1229 1356
1230 1358
1231 1358
1232 1357
1233 1356
1234 1356
1235 1355
1236 1357
1237 1357
1238 1357
1239 1359
1240 1357
1241 1359
1242 1357
1243 1358
1244 1355
1245 1356
1246 1356
1247 1356
1248 1355
1249 1356
1250 1357
1251 1354
1252 1355
1253 1354
1254 1356
1255 1356
1256 1353
1257 1358
1258 1357
1259 1356
1260 1356
1261 1356
1262 1359
1263 1356
1264 1357
1265 1358
1266 1357
1267 1355
1268 1356
1269 1356
1270 1358
1271 1356
1272 1358
1273 1355
1274 1356
1275 1355
1276 1355
1277 1356
1278 1354
1279 1355
1280 1356
1281 1358
1282 1359
1283 1357
1284 1358
1285 1358
1286 1357
1287 1358
1288 1355
1289 1358
1290 1354
1291 1358
1292 1357
1293 1358
1294 1357
1295 1355
1296 1356
1297 1356
1298 1355
1299 1356
1300 1356
1301 1359
1302 1357
1303 1357
1304 1357
1305 1359
1306 1358
1307 1358
1308 1357
1309 1359
1310 1356
1311 1358
1312 1353
1313 1356
1314 1358
1315 1357
1316 1354
1317 1359
1318 1355
1319 1356
1320 1356
1321 1357
1322 1355
1323 1358
1324 1356
1325 1357
1326 1355
1327 1359
1328 1358
1329 1357
1330 1358
1331 1357
1332 1356
1333 1358
1334 1355
1335 1355
1336 1355
1337 1355
1338 1354
1339 1356
1340 1352
1341 1357
1342 1357
1343 1356
1344 1356
1345 1357
1346 1356
1347 1356
1348 1355
1349 1358
1350 1353
1351 1356
1352 1354
1353 1356
1354 1356
1355 1355
1356 1356
1357 1355
1358 1356
1359 1355
1360 1356
1361 1357
1362 1356
1363 1358
1364 1357
1365 1356
1366 1354
1367 1352
1368 1357
1369 1354
1370 1358
1371 1356
1372 1354
1373 1356
1374 1356
1375 1359
1376 1354
1377 1356
1378 1353
1379 1356
1380 1356
1381 1357
1382 1358
1383 1358
1384 1357
1385 1358
1386 1354
1387 1356
1388 1357
1389 1357
1390 1358
1391 1358
1392 1356
1393 1356
1394 1358
1395 1356
1396 1354
1397 1355
1398 1354
1399 1355
1400 1356
1401 1356
1402 1355
1403 1358
1404 1357
1405 1357
1406 1352
1407 1356
1408 1357
1409 1356
1410 1356
1411 1356
1412 1356
1413 1355
1414 1357
1415 1357
1416 1356
1417 1360
1418 1356
1419 1357
1420 1357
1421 1357
1422 1358
1423 1356
1424 1356
1425 1356
1426 1356
1427 1357
1428 1357
1429 1356
1430 1354
1431 1356
1432 1356
1433 1355
1434 1355
1435 1354
1436 1356
1437 1355
1438 1357
1439 1359
1440 1358
1441 1358
1442 1356
1443 1356
1444 1358
1445 1356
1446 1356
1447 1358
1448 1356
1449 1356
1450 1355
1451 1356
1452 1356
1453 1356
1454 1354
1455 1356
1456 1355
1457 1356
1458 1355
1459 1355
1460 1355
1461 1357
1462 1354
1463 1356
1464 1355
1465 1356
1466 1356
1467 1354
1468 1355
1469 1356
1470 1356
1471 1357
1472 1357
1473 1358
1474 1354
1475 1355
1476 1356
1477 1356
1478 1356
1479 1356
1480 1356
1481 1356
1482 1355
1483 1356
1484 1356
1485 1359
1486 1353
1487 1358
1488 1356
1489 1358
1490 1356
1491 1357
1492 1357
1493 1355
1494 1357
1495 1356
1496 1354
1497 1355
1498 1356
1499 1357
1500 1355
1501 1355
1502 1357
1503 1357
1504 1358
1505 1358
1506 1358
1507 1357
1508 1358
1509 1356
1510 1356
1511 1357
1512 1359
1513 1360
1514 1359
1515 1356
1516 1357
1517 1358
1518 1354
1519 1356
1520 1357
1521 1358
1522 1359
1523 1353
1524 1357
1525 1359
1526 1359
1527 1353
1528 1354
1529 1355
1530 1358
1531 1357
1532 1356
1533 1360
1534 1358
1535 1358
1536 1357
1537 1354
1538 1355
1539 1356
1540 1355
1541 1355
1542 1357
1543 1357
1544 1357
1545 1356
1546 1357
1547 1355
1548 1355
1549 1355
1550 1356
1551 1359
1552 1359
1553 1357
1554 1355
1555 1357
1556 1355
1557 1355
1558 1357
1559 1356
1560 1357
1561 1356
1562 1356
1563 1354
1564 1356
1565 1358
1566 1357
1567 1358
1568 1357
1569 1359
1570 1356
1571 1358
1572 1357
1573 1357
1574 1357
1575 1356
1576 1356
1577 1356
1578 1355
1579 1356
1580 1358
1581 1357
1582 1358
1583 1354
1584 1357
1585 1355
1586 1356
1587 1356
1588 1354
1589 1356
1590 1354
1591 1357
1592 1359
1593 1357
1594 1354
1595 1356
1596 1358
1597 1356
1598 1356
1599 1358
1600 1357
1601 1357
1602 1357
1603 1356
1604 1355
1605 1357
1606 1357
1607 1358
1608 1358
1609 1356
1610 1356
1611 1357
1612 1356
1613 1357
1614 1354
1615 1357
1616 1353
1617 1356
1618 1356
1619 1355
1620 1354
1621 1356
1622 1357
1623 1355
1624 1356
1625 1357
1626 1357
1627 1356
1628 1356
1629 1357
1630 1356
1631 1356
1632 1358
1633 1356
1634 1358
1635 1359
1636 1357
1637 1356
1638 1355
1639 1354
1640 1352
1641 1356
1642 1359
1643 1356
1644 1355
1645 1355
1646 1353
1647 1353
1648 1355
1649 1355
1650 1356
1651 1355
1652 1356
1653 1355
1654 1356
1655 1356
1656 1355
1657 1354
1658 1357
1659 1357
1660 1356
1661 1356
1662 1356
1663 1355
1664 1355
1665 1356
1666 1355
1667 1357
1668 1355
1669 1355
1670 1354
1671 1355
1672 1354
1673 1356
1674 1357
1675 1355
1676 1356
1677 1356
1678 1353
1679 1356
1680 1354
1681 1355
1682 1355
1683 1355
1684 1355
1685 1355
1686 1356
1687 1357
1688 1354
1689 1356
1690 1356
1691 1357
1692 1358
1693 1357
1694 1359
1695 1357
1696 1357
1697 1355
1698 1357
1699 1358
1700 1356
1701 1356
1702 1354
1703 1356
1704 1354
1705 1358
1706 1356
1707 1358
1708 1354
1709 1358
1710 1357
1711 1359
1712 1356
1713 1355
1714 1355
1715 1356
1716 1355
1717 1358
1718 1354
1719 1352
1720 1352
1721 1359
1722 1363
1723 1360
1724 1355
1725 1355
1726 1357
1727 1358
1728 1358
1729 1354
1730 1357
1731 1354
1732 1356
1733 1356
1734 1354
1735 1354
1736 1356
1737 1356
1738 1357
1739 1356
1740 1355
1741 1355
1742 1358
1743 1355
1744 1355
1745 1352
1746 1352
1747 1357
1748 1357
1749 1355
1750 1355
1751 1357
1752 1355
1753 1354
1754 1356
1755 1354
1756 1354
1757 1356
1758 1355
1759 1356
1760 1358
1761 1357
1762 1355
1763 1358
1764 1353
1765 1355
1766 1354
1767 1356
1768 1355
1769 1355
1770 1355
1771 1355
1772 1355
1773 1357
1774 1357
1775 1354
1776 1358
1777 1354
1778 1356
1779 1353
1780 1354
1781 1355
1782 1357
1783 1356
1784 1354
1785 1357
1786 1359
1787 1355
1788 1356
1789 1356
1790 1357
1791 1353
1792 1356
1793 1355
1794 1353
1795 1355
1796 1357
1797 1354
1798 1354
1799 1353
1800 1357
1801 1359
1802 1355
1803 1355
1804 1355
1805 1356
1806 1357
1807 1355
1808 1356
1809 1356
1810 1356
1811 1357
1812 1355
1813 1358
1814 1357
1815 1355
1816 1355
1817 1356
1818 1358
1819 1357
1820 1355
1821 1355
1822 1356
1823 1357
1824 1355
1825 1356
1826 1356
1827 1358
1828 1355
1829 1356
1830 1357
1831 1355
1832 1355
1833 1357
1834 1354
1835 1355
1836 1352
1837 1353
1838 1354
1839 1357
1840 1355
1841 1359
1842 1355
1843 1358
1844 1358
1845 1353
1846 1356
1847 1356
1848 1357
1849 1357
1850 1356
1851 1355
1852 1357
1853 1356
1854 1357
1855 1356
1856 1353
1857 1355
1858 1357
1859 1357
1860 1357
1861 1358
1862 1358
1863 1355
1864 1356
1865 1357
1866 1356
1867 1356
1868 1356
1869 1361
1870 1357
1871 1358
1872 1357
1873 1359
1874 1357
1875 1357
1876 1357
1877 1356
1878 1354
1879 1355
1880 1355
1881 1357
1882 1357
1883 1359
1884 1357
1885 1357
1886 1355
1887 1356
1888 1354
1889 1354
1890 1355
1891 1356
1892 1353
1893 1353
1894 1355
1895 1358
1896 1358
1897 1356
1898 1352
1899 1352
1900 1356
1901 1361
1902 1360
1903 1359
1904 1352
1905 1358
1906 1356
1907 1356
1908 1355
1909 1353
1910 1352
1911 1356
1912 1357
1913 1354
1914 1356
1915 1358
1916 1353
1917 1357
1918 1356
1919 1355
1920 1353
1921 1355
1922 1360
1923 1356
1924 1353
1925 1356
1926 1357
1927 1358
1928 1354
1929 1354
1930 1355
1931 1356
1932 1357
1933 1355
1934 1354
1935 1356
1936 1358
1937 1355
1938 1354
1939 1355
1940 1361
1941 1357
1942 1356
1943 1357
1944 1358
1945 1355
1946 1355
1947 1356
1948 1357
1949 1354
1950 1354
1951 1353
1952 1355
1953 1355
1954 1356
1955 1357
1956 1356
1957 1356
1958 1354
1959 1357
1960 1357
1961 1354
1962 1354
1963 1355
1964 1356
1965 1356
1966 1353
1967 1356
1968 1356
1969 1356
1970 1352
1971 1356
1972 1354
1973 1357
1974 1357
1975 1356
1976 1357
1977 1357
1978 1356
1979 1355
1980 1356
1981 1354
1982 1355
1983 1354
1984 1355
1985 1355
1986 1357
1987 1356
1988 1356
1989 1357
1990 1356
1991 1357
1992 1359
1993 1362
1994 1358
1995 1358
1996 1360
1997 1360
1998 1357
1999 1355
2000 1359
2001 1356
2002 1357
2003 1357
2004 1357
2005 1356
2006 1357
2007 1356
2008 1357
2009 1356
2010 1358
2011 1355
2012 1356
2013 1355
2014 1356
2015 1352
2016 1352
2017 1355
2018 1357
2019 1354
2020 1356
2021 1356
2022 1355
2023 1357
2024 1357
2025 1356
2026 1357
2027 1358
2028 1356
2029 1358
2030 1356
2031 1358
2032 1357
2033 1357
2034 1355
2035 1355
2036 1357
2037 1356
2038 1356
2039 1354
2040 1356
2041 1356
2042 1354
2043 1356
2044 1357
2045 1356
2046 1356
2047 1356
2048 1354
2049 1357
2050 1355
2051 1355
2052 1355
2053 1356
2054 1358
2055 1357
2056 1357
2057 1356
2058 1355
2059 1356
2060 1354
2061 1355
2062 1354
2063 1356
2064 1360
2065 1357
2066 1354
2067 1356
2068 1357
2069 1354
2070 1357
2071 1358
2072 1358
2073 1358
2074 1357
2075 1358
2076 1356
2077 1356
2078 1353
2079 1355
2080 1354
2081 1357
2082 1361
2083 1360
2084 1357
2085 1356
2086 1357
2087 1357
2088 1355
2089 1354
2090 1355
2091 1356
2092 1356
2093 1356
2094 1355
2095 1356
2096 1357
2097 1356
2098 1356
2099 1354
2100 1355
2101 1356
2102 1359
2103 1360
2104 1354
2105 1353
2106 1353
2107 1355
2108 1356
2109 1356
2110 1357
2111 1356
2112 1358
2113 1355
2114 1355
2115 1353
2116 1356
2117 1355
2118 1354
2119 1354
2120 1356
2121 1356
2122 1356
2123 1358
2124 1357
2125 1355
2126 1356
2127 1359
2128 1356
2129 1358
2130 1353
2131 1354
2132 1354
2133 1354
2134 1357
2135 1356
2136 1352
2137 1355
2138 1353
2139 1353
2140 1354
2141 1355
2142 1356
2143 1352
2144 1356
2145 1358
2146 1356
2147 1358
2148 1356
2149 1355
2150 1354
2151 1355
2152 1356
2153 1355
2154 1358
2155 1356
2156 1355
2157 1354
2158 1357
2159 1354
2160 1356
2161 1358
2162 1355
2163 1357
2164 1356
2165 1354
2166 1355
2167 1356
2168 1356
2169 1355
2170 1356
2171 1356
2172 1354
2173 1355
2174 1354
2175 1355
2176 1357
2177 1356
2178 1353
2179 1356
2180 1357
2181 1355
2182 1355
2183 1355
2184 1358
2185 1357
2186 1355
2187 1355
2188 1355
2189 1353
2190 1354
2191 1356
2192 1357
2193 1355
2194 1356
2195 1354
2196 1351
2197 1355
2198 1356
2199 1355
2200 1355
2201 1357
2202 1356
2203 1355
2204 1356
2205 1355
2206 1358
2207 1358
2208 1362
2209 1358
2210 1358
2211 1356
2212 1356
2213 1356
2214 1357
2215 1357
2216 1354
2217 1356
2218 1355
2219 1353
2220 1358
2221 1354
2222 1355
2223 1356
2224 1357
2225 1356
2226 1353
2227 1352
2228 1356
2229 1356
2230 1357
2231 1357
2232 1358
2233 1356
2234 1357
2235 1355
2236 1356
2237 1358
2238 1360
2239 1359
2240 1357
2241 1358
2242 1358
2243 1357
2244 1359
2245 1355
2246 1356
2247 1356
2248 1357
2249 1358
2250 1359
2251 1356
2252 1358
2253 1356
2254 1358
2255 1358
2256 1357
2257 1356
2258 1354
2259 1351
2260 1355
2261 1358
2262 1360
2263 1356
2264 1353
2265 1353
2266 1358
2267 1358
2268 1356
2269 1354
2270 1357
2271 1357
2272 1357
2273 1356
2274 1355
2275 1353
2276 1356
2277 1355
2278 1355
2279 1356
2280 1355
2281 1358
2282 1359
2283 1358
2284 1353
2285 1353
2286 1358
2287 1357
2288 1361
2289 1354
2290 1356
2291 1354
2292 1357
2293 1354
2294 1353
2295 1356
2296 1356
2297 1354
2298 1354
2299 1354
2300 1357
2301 1357
2302 1355
2303 1360
2304 1360
2305 1356
2306 1357
2307 1356
2308 1358
2309 1353
2310 1357
2311 1355
2312 1357
2313 1356
2314 1360
2315 1358
2316 1355
2317 1356
2318 1357
2319 1357
2320 1356
2321 1355
2322 1357
2323 1353
2324 1354
2325 1356
2326 1358
2327 1357
2328 1357
2329 1353
2330 1358
2331 1355
2332 1357
2333 1356
2334 1357
2335 1358
2336 1355
2337 1359
2338 1357
2339 1358
2340 1356
2341 1354
2342 1357
2343 1356
2344 1359
2345 1357
2346 1357
2347 1356
2348 1353
2349 1356
2350 1358
2351 1358
2352 1354
2353 1356
2354 1357
2355 1355
2356 1355
2357 1358
2358 1355
2359 1358
2360 1355
2361 1354
2362 1355
2363 1358
2364 1354
2365 1354
2366 1356
2367 1355
2368 1356
2369 1358
2370 1355
2371 1354
2372 1358
2373 1356
2374 1354
2375 1356
2376 1355
2377 1355
2378 1355
2379 1355
2380 1354
2381 1357
2382 1354
2383 1355
2384 1355
2385 1357
2386 1356
2387 1354
2388 1354
2389 1356
2390 1357
2391 1356
2392 1357
2393 1358
2394 1356
2395 1358
2396 1354
2397 1355
2398 1355
2399 1355
2400 1356
2401 1355
2402 1352
2403 1355
2404 1356
2405 1355
2406 1357
2407 1357
2408 1359
2409 1356
2410 1356
2411 1354
2412 1355
2413 1356
2414 1358
2415 1359
2416 1355
2417 1354
2418 1358
2419 1354
2420 1356
2421 1356
2422 1359
2423 1354
2424 1353
2425 1354
2426 1357
2427 1355
2428 1356
2429 1352
2430 1357
2431 1355
2432 1357
2433 1355
2434 1354
2435 1355
2436 1357
2437 1355
2438 1354
2439 1352
2440 1356
2441 1357
2442 1361
2443 1355
2444 1352
2445 1354
2446 1357
2447 1354
2448 1356
2449 1354
2450 1358
2451 1356
2452 1356
2453 1354
2454 1356
2455 1357
2456 1359
2457 1356
2458 1354
2459 1353
2460 1354
2461 1355
2462 1356
2463 1359
2464 1354
2465 1351
2466 1354
2467 1356
2468 1358
2469 1356
2470 1355
2471 1356
2472 1357
2473 1356
2474 1356
2475 1356
2476 1357
2477 1355
2478 1355
2479 1355
2480 1357
2481 1357
2482 1360
2483 1356
2484 1356
2485 1356
2486 1357
2487 1354
2488 1357
2489 1357
2490 1358
2491 1356
2492 1356
2493 1354
2494 1355
2495 1355
2496 1353
2497 1354
2498 1356
2499 1357
2500 1355
2501 1353
2502 1354
2503 1355
2504 1353
2505 1356
2506 1355
2507 1355
2508 1354
2509 1356
2510 1358
2511 1355
2512 1357
2513 1356
2514 1355
2515 1357
2516 1358
2517 1356
2518 1356
2519 1356
2520 1356
2521 1356
2522 1355
2523 1354
2524 1357
2525 1358
2526 1358
2527 1356
2528 1356
2529 1356
2530 1353
2531 1356
2532 1355
2533 1356
2534 1356
2535 1357
2536 1357
2537 1356
2538 1358
2539 1354
2540 1356
2541 1355
2542 1356
2543 1358
2544 1357
2545 1355
2546 1355
2547 1354
2548 1357
2549 1356
2550 1359
2551 1355
2552 1357
2553 1353
2554 1356
2555 1356
2556 1355
2557 1355
2558 1357
2559 1355
2560 1358
2561 1358
2562 1357
2563 1354
2564 1358
2565 1356
2566 1358
2567 1358
2568 1354
2569 1355
2570 1359
2571 1355
2572 1357
2573 1357
2574 1357
2575 1356
2576 1357
2577 1356
2578 1355
2579 1357
2580 1356
2581 1355
2582 1356
2583 1357
2584 1354
2585 1356
2586 1356
2587 1358
2588 1357
2589 1355
2590 1354
2591 1356
2592 1357
2593 1356
2594 1357
2595 1356
2596 1355
2597 1356
2598 1359
2599 1354
2600 1359
2601 1356
2602 1358
2603 1358
2604 1358
2605 1356
2606 1357
2607 1356
2608 1357
2609 1359
2610 1357
2611 1356
2612 1357
2613 1356
2614 1358
2615 1358
2616 1354
2617 1355
2618 1357
2619 1355
2620 1354
2621 1357
2622 1362
2623 1357
2624 1358
2625 1355
2626 1359
2627 1357
2628 1355
2629 1357
2630 1358
2631 1354
2632 1357
2633 1355
2634 1358
2635 1357
2636 1358
2637 1356
2638 1355
2639 1356
2640 1357
2641 1354
2642 1356
2643 1358
2644 1356
2645 1353
2646 1353
2647 1356
2648 1356
2649 1354
2650 1356
2651 1357
2652 1357
2653 1354
2654 1354
2655 1355
2656 1356
2657 1357
2658 1355
2659 1356
2660 1355
2661 1356
2662 1355
2663 1356
2664 1354
2665 1353
2666 1357
2667 1357
2668 1358
2669 1357
2670 1357
2671 1356
2672 1354
2673 1355
2674 1357
2675 1356
2676 1357
2677 1356
2678 1358
2679 1356
2680 1355
2681 1353
2682 1355
2683 1355
2684 1358
2685 1355
2686 1355
2687 1355
2688 1357
2689 1356
2690 1356
2691 1356
2692 1356
2693 1356
2694 1355
2695 1356
2696 1357
2697 1355
2698 1352
2699 1357
2700 1356
2701 1355
2702 1357
2703 1354
2704 1356
2705 1352
2706 1352
2707 1353
2708 1353
2709 1354
2710 1356
2711 1354
2712 1353
2713 1353
2714 1355
2715 1354
2716 1357
2717 1355
2718 1356
2719 1355
2720 1357
2721 1358
2722 1355
2723 1355
2724 1356
2725 1355
2726 1356
2727 1354
2728 1357
2729 1356
2730 1353
2731 1356
2732 1355
2733 1357
2734 1355
2735 1355
2736 1356
2737 1360
2738 1355
2739 1356
2740 1357
2741 1357
2742 1357
2743 1357
2744 1356
2745 1356
2746 1353
2747 1354
2748 1355
2749 1356
2750 1357
2751 1355
2752 1354
2753 1353
2754 1355
2755 1354
2756 1357
2757 1357
2758 1352
2759 1356
2760 1357
2761 1355
2762 1357
2763 1355
2764 1357
2765 1355
2766 1357
2767 1356
2768 1354
2769 1356
2770 1356
2771 1356
2772 1357
2773 1353
2774 1357
2775 1359
2776 1357
2777 1355
2778 1355
2779 1354
2780 1357
2781 1353
2782 1357
2783 1354
2784 1352
2785 1355
2786 1353
2787 1353
2788 1354
2789 1356
2790 1355
2791 1355
2792 1354
2793 1357
2794 1356
2795 1355
2796 1354
2797 1354
2798 1356
2799 1353
2800 1351
2801 1358
2802 1356
2803 1355
2804 1352
2805 1350
2806 1354
2807 1355
2808 1355
2809 1352
2810 1358
2811 1356
2812 1355
2813 1355
2814 1356
2815 1355
2816 1357
2817 1354
2818 1355
2819 1354
2820 1354
2821 1354
2822 1357
2823 1356
2824 1353
2825 1353
2826 1356
2827 1356
2828 1355
2829 1355
2830 1357
2831 1355
2832 1358
2833 1356
2834 1355
2835 1356
2836 1356
2837 1355
2838 1355
2839 1354
2840 1354
2841 1355
2842 1357
2843 1354
2844 1358
2845 1351
2846 1353
2847 1357
2848 1357
2849 1357
2850 1354
2851 1354
2852 1357
2853 1355
2854 1354
2855 1356
2856 1358
2857 1358
2858 1356
2859 1354
2860 1356
2861 1356
2862 1357
2863 1354
2864 1355
2865 1352
2866 1355
2867 1353
2868 1357
2869 1352
2870 1357
2871 1355
2872 1356
2873 1353
2874 1355
2875 1354
2876 1355
2877 1354
2878 1356
2879 1353
2880 1355
2881 1356
2882 1357
2883 1354
2884 1356
2885 1354
2886 1357
2887 1356
2888 1357
2889 1355
2890 1356
2891 1354
2892 1356
2893 1354
2894 1357
2895 1356
2896 1356
2897 1350
2898 1357
2899 1355
2900 1357
2901 1356
2902 1356
2903 1355
2904 1354
2905 1353
2906 1356
2907 1355
2908 1355
2909 1353
2910 1354
2911 1357
2912 1358
2913 1356
2914 1354
2915 1354
2916 1357
2917 1358
2918 1357
2919 1355
2920 1357
2921 1353
2922 1357
2923 1356
2924 1358
2925 1356
2926 1353
2927 1355
2928 1358
2929 1354
2930 1357
2931 1356
2932 1355
2933 1355
2934 1356
2935 1355
2936 1357
2937 1354
2938 1357
2939 1353
2940 1355
2941 1355
2942 1355
2943 1356
2944 1354
2945 1356
2946 1355
2947 1356
2948 1353
2949 1355
2950 1356
2951 1356
2952 1356
2953 1355
2954 1356
2955 1351
2956 1354
2957 1354
2958 1356
2959 1355
2960 1359
2961 1355
2962 1355
2963 1356
2964 1354
2965 1356
2966 1357
2967 1358
2968 1356
2969 1356
2970 1354
2971 1356
2972 1355
2973 1358
2974 1358
2975 1356
2976 1358
2977 1356
2978 1356
2979 1354
2980 1352
2981 1355
2982 1358
2983 1357
2984 1355
2985 1353
2986 1357
2987 1354
2988 1355
2989 1355
2990 1353
2991 1353
2992 1357
2993 1356
2994 1352
2995 1356
2996 1359
2997 1356
2998 1358
2999 1355
3000 1358
3001 1356
3002 1357
3003 1355
3004 1359
3005 1353
3006 1355
3007 1353
3008 1355
3009 1355
3010 1355
3011 1355
3012 1356
3013 1357
3014 1356
3015 1355
3016 1357
3017 1356
3018 1354
3019 1356
3020 1357
3021 1356
3022 1357
3023 1356
3024 1355
3025 1354
3026 1356
3027 1357
3028 1357
3029 1356
3030 1356
3031 1359
3032 1357
3033 1360
3034 1358
3035 1358
3036 1355
3037 1357
3038 1355
3039 1359
3040 1357
3041 1356
3042 1355
3043 1356
3044 1356
3045 1355
3046 1355
3047 1357
3048 1356
3049 1358
3050 1354
3051 1356
3052 1354
3053 1357
3054 1356
3055 1357
3056 1354
3057 1356
3058 1354
3059 1356
3060 1357
3061 1357
3062 1358
3063 1355
3064 1358
3065 1357
3066 1357
3067 1356
3068 1356
3069 1355
3070 1357
3071 1360
3072 1357
3073 1356
3074 1356
3075 1356
3076 1354
3077 1357
3078 1357
3079 1355
3080 1354
3081 1357
3082 1352
3083 1357
3084 1356
3085 1357
3086 1359
3087 1356
3088 1354
3089 1356
3090 1354
3091 1354
3092 1355
3093 1356
3094 1358
3095 1357
3096 1357
3097 1357
3098 1356
3099 1356
3100 1354
3101 1358
3102 1354
3103 1357
3104 1354
3105 1357
3106 1357
3107 1357
3108 1357
3109 1355
3110 1358
3111 1358
3112 1358
3113 1355
3114 1354
3115 1356
3116 1352
3117 1359
3118 1357
3119 1357
3120 1356
3121 1357
3122 1357
3123 1357
3124 1356
3125 1360
3126 1357
3127 1355
3128 1355
3129 1356
3130 1355
3131 1356
3132 1358
3133 1356
3134 1356
3135 1358
3136 1358
3137 1356
3138 1353
3139 1353
3140 1356
3141 1355
3142 1357
3143 1355
3144 1354
3145 1357
3146 1358
3147 1356
3148 1358
3149 1353
3150 1357
3151 1358
3152 1357
3153 1356
3154 1355
3155 1356
3156 1356
3157 1355
3158 1356
3159 1356
3160 1354
3161 1356
3162 1358
3163 1356
3164 1355
3165 1357
3166 1357
3167 1356
3168 1356
3169 1356
3170 1354
3171 1356
3172 1354
3173 1356
3174 1357
3175 1357
3176 1356
3177 1354
3178 1356
3179 1356
3180 1355
3181 1353
3182 1357
3183 1358
3184 1360
3185 1356
3186 1357
3187 1355
3188 1358
3189 1354
3190 1358
3191 1356
3192 1358
3193 1357
3194 1356
3195 1354
3196 1358
3197 1356
3198 1354
3199 1352
3200 1356
3201 1355
3202 1356
3203 1355
3204 1352
3205 1357
3206 1356
3207 1354
3208 1356
3209 1357
3210 1360
3211 1355
3212 1356
3213 1355
3214 1355
3215 1353
3216 1355
3217 1356
3218 1354
3219 1357
3220 1356
3221 1357
3222 1355
3223 1355
3224 1353
3225 1354
3226 1354
3227 1358
3228 1355
3229 1355
3230 1355
3231 1359
3232 1357
3233 1356
3234 1357
3235 1356
3236 1356
3237 1356
3238 1353
3239 1352
3240 1356
3241 1356
3242 1355
3243 1358
3244 1357
3245 1354
3246 1357
3247 1356
3248 1355
3249 1354
3250 1356
3251 1355
3252 1354
3253 1356
3254 1355
3255 1357
3256 1356
3257 1355
3258 1357
3259 1355
3260 1357
3261 1353
3262 1355
3263 1354
3264 1355
3265 1356
3266 1357
3267 1352
3268 1355
3269 1353
3270 1358
3271 1354
3272 1356
3273 1353
3274 1356
3275 1354
3276 1355
3277 1356
3278 1357
3279 1355
3280 1356
3281 1356
3282 1355
3283 1356
3284 1358
3285 1354
3286 1354
3287 1355
3288 1355
3289 1354
3290 1353
3291 1355
3292 1358
3293 1356
3294 1355
3295 1355
3296 1356
3297 1356
3298 1355
3299 1357
3300 1357
3301 1356
3302 1356
3303 1356
3304 1356
3305 1355
3306 1356
3307 1355
3308 1359
3309 1357
3310 1356
3311 1356
3312 1359
3313 1356
3314 1353
3315 1353
3316 1357
3317 1356
3318 1358
3319 1356
3320 1356
3321 1355
3322 1356
3323 1355
3324 1357
3325 1357
3326 1355
3327 1355
3328 1357
3329 1357
3330 1358
3331 1356
3332 1357
3333 1356
3334 1357
3335 1357
3336 1353
3337 1356
3338 1357
3339 1356
3340 1358
3341 1356
3342 1357
3343 1356
3344 1355
3345 1356
3346 1355
3347 1358
3348 1358
3349 1359
3350 1356
3351 1355
3352 1353
3353 1355
3354 1357
3355 1354
3356 1354
3357 1354
3358 1355
3359 1357
3360 1354
3361 1354
3362 1358
3363 1354
3364 1355
3365 1353
3366 1353
3367 1355
3368 1356
3369 1354
3370 1354
3371 1357
3372 1355
3373 1356
3374 1357
3375 1355
3376 1357
3377 1357
3378 1354
3379 1357
3380 1355
3381 1357
3382 1355
3383 1355
3384 1354
3385 1357
3386 1355
3387 1355
3388 1355
3389 1356
3390 1356
3391 1355
3392 1357
3393 1355
3394 1354
3395 1356
3396 1355
3397 1357
3398 1355
3399 1356
3400 1356
3401 1357
3402 1358
3403 1356
3404 1357
3405 1354
3406 1356
3407 1359
3408 1357
3409 1355
3410 1356
3411 1356
3412 1357
3413 1356
3414 1357
3415 1356
3416 1356
3417 1356
3418 1358
3419 1356
3420 1357
3421 1356
3422 1357
3423 1357
3424 1357
3425 1358
3426 1359
3427 1356
3428 1357
3429 1356
3430 1356
3431 1357
3432 1359
3433 1354
3434 1355
3435 1355
3436 1357
3437 1356
3438 1359
3439 1356
3440 1358
3441 1355
3442 1356
3443 1355
3444 1356
3445 1356
3446 1355
3447 1356
3448 1355
3449 1355
3450 1356
3451 1356
3452 1356
3453 1355
3454 1353
3455 1354
3456 1357
3457 1356
3458 1357
3459 1355
3460 1356
3461 1356
3462 1355
3463 1357
3464 1357
3465 1355
3466 1355
3467 1354
3468 1354
3469 1356
3470 1357
3471 1357
3472 1357
3473 1353
3474 1353
3475 1354
3476 1354
3477 1353
3478 1353
3479 1354
3480 1355
3481 1355
3482 1358
3483 1352
3484 1354
3485 1358
3486 1356
3487 1356
3488 1357
3489 1354
3490 1357
3491 1357
3492 1360
3493 1355
3494 1354
3495 1354
3496 1357
3497 1356
3498 1357
3499 1356
3500 1359
3501 1356
3502 1357
3503 1355
3504 1355
3505 1355
3506 1355
3507 1354
3508 1356
3509 1355
3510 1356
3511 1356
3512 1356
3513 1357
3514 1353
3515 1356
3516 1356
3517 1354
3518 1353
3519 1354
3520 1356
3521 1356
3522 1354
3523 1353
3524 1354
3525 1355
3526 1356
3527 1358
3528 1352
3529 1355
3530 1354
3531 1355
3532 1357
3533 1354
3534 1355
3535 1355
3536 1356
3537 1355
3538 1356
3539 1354
3540 1354
3541 1355
3542 1354
3543 1355
3544 1357
3545 1355
3546 1359
3547 1356
3548 1357
3549 1355
3550 1355
3551 1355
3552 1355
3553 1357
3554 1354
3555 1356
3556 1357
3557 1353
3558 1355
3559 1356
3560 1354
3561 1355
3562 1356
3563 1355
3564 1357
3565 1356
3566 1355
3567 1357
3568 1354
3569 1357
3570 1356
3571 1356
3572 1354
3573 1353
3574 1354
3575 1355
3576 1356
3577 1356
3578 1352
3579 1355
3580 1352
3581 1353
3582 1356
3583 1357
3584 1359
3585 1357
3586 1358
3587 1358
3588 1354
3589 1355
3590 1355
3591 1354
3592 1355
3593 1354
3594 1355
3595 1355
3596 1355
3597 1353
3598 1355
3599 1355
3600 1352
3601 1352
3602 1354
3603 1352
3604 1355
3605 1353
3606 1357
3607 1355
3608 1356
3609 1354
3610 1356
3611 1356
3612 1355
3613 1355
3614 1357
3615 1355
3616 1355
3617 1356
3618 1354
3619 1355
3620 1354
3621 1355
3622 1356
3623 1355
3624 1356
3625 1355
3626 1356
3627 1357
3628 1355
3629 1357
3630 1355
3631 1357
3632 1355
3633 1353
3634 1354
3635 1354
3636 1355
3637 1353
3638 1354
3639 1356
3640 1356
3641 1356
3642 1357
3643 1355
3644 1357
3645 1354
3646 1357
3647 1359
3648 1356
3649 1355
3650 1355
3651 1355
3652 1355
3653 1357
3654 1355
3655 1355
3656 1356
3657 1356
3658 1355
3659 1354
3660 1355
3661 1356
3662 1355
3663 1353
3664 1357
3665 1358
3666 1358
3667 1356
3668 1355
3669 1354
3670 1354
3671 1355
3672 1355
3673 1356
3674 1355
3675 1354
3676 1355
3677 1356
3678 1356
3679 1354
3680 1355
3681 1357
3682 1355
3683 1355
3684 1353
3685 1356
3686 1354
3687 1354
3688 1356
3689 1356
3690 1357
3691 1356
3692 1356
3693 1356
3694 1352
3695 1358
3696 1358
3697 1355
3698 1356
3699 1355
3700 1352
3701 1355
3702 1358
3703 1356
3704 1354
3705 1354
3706 1354
3707 1357
3708 1356
3709 1356
3710 1355
3711 1356
3712 1357
3713 1356
3714 1356
3715 1356
3716 1355
3717 1356
3718 1355
3719 1353
3720 1355
3721 1356
3722 1355
3723 1354
3724 1356
3725 1353
3726 1353
3727 1357
3728 1357
3729 1356
3730 1356
3731 1356
3732 1355
3733 1355
3734 1358
3735 1356
3736 1358
3737 1356
3738 1357
3739 1358
3740 1355
3741 1357
3742 1356
3743 1356
3744 1356
3745 1356
3746 1359
3747 1358
3748 1355
3749 1355
3750 1355
3751 1354
3752 1358
3753 1356
3754 1356
3755 1354
3756 1357
3757 1353
3758 1356
3759 1354
3760 1357
3761 1356
3762 1357
3763 1355
3764 1358
3765 1353
3766 1356
3767 1358
3768 1357
3769 1356
3770 1358
3771 1356
3772 1356
3773 1357
3774 1352
3775 1355
3776 1357
3777 1357
3778 1354
3779 1356
3780 1354
3781 1356
3782 1355
3783 1352
3784 1354
3785 1358
3786 1358
3787 1356
3788 1355
3789 1358
3790 1355
3791 1353
3792 1353
3793 1354
3794 1355
3795 1356
3796 1356
3797 1356
3798 1357
3799 1359
3800 1357
3801 1357
3802 1355
3803 1355
3804 1356
3805 1353
3806 1355
3807 1357
3808 1355
3809 1356
3810 1357
3811 1355
3812 1356
3813 1356
3814 1356
3815 1355
3816 1355
3817 1357
3818 1359
3819 1356
3820 1358
3821 1356
3822 1357
3823 1356
3824 1355
3825 1357
3826 1357
3827 1356
3828 1357
3829 1356
3830 1356
3831 1356
3832 1357
3833 1354
3834 1352
3835 1353
3836 1355
3837 1356
3838 1357
3839 1354
3840 1354
3841 1358
3842 1355
3843 1355
3844 1356
3845 1354
3846 1355
3847 1356
3848 1355
3849 1356
3850 1355
3851 1355
3852 1357
3853 1356
3854 1358
3855 1355
3856 1355
3857 1356
3858 1356
3859 1357
3860 1359
3861 1356
3862 1355
3863 1357
3864 1358
3865 1357
3866 1359
3867 1354
3868 1357
3869 1356
3870 1356
3871 1354
3872 1357
3873 1355
3874 1355
3875 1355
3876 1352
3877 1354
3878 1354
3879 1357
3880 1356
3881 1357
3882 1359
3883 1356
3884 1353
3885 1356
3886 1357
3887 1356
3888 1355
3889 1355
3890 1356
3891 1355
3892 1357
3893 1356
3894 1357
3895 1355
3896 1355
3897 1356
3898 1354
3899 1354
3900 1356
3901 1358
3902 1357
3903 1356
3904 1353
3905 1354
3906 1356
3907 1352
3908 1355
3909 1354
3910 1355
3911 1356
3912 1356
3913 1358
3914 1357
3915 1354
3916 1356
3917 1357
3918 1356
3919 1355
3920 1355
3921 1356
3922 1355
3923 1355
3924 1355
3925 1352
3926 1357
3927 1355
3928 1356
3929 1355
3930 1357
3931 1358
3932 1356
3933 1356
3934 1356
3935 1356
3936 1356
3937 1356
3938 1357
3939 1356
3940 1354
3941 1356
3942 1353
3943 1355
3944 1355
3945 1355
3946 1358
3947 1357
3948 1356
3949 1356
3950 1357
3951 1357
3952 1357
3953 1355
3954 1354
3955 1354
3956 1357
3957 1354
3958 1356
3959 1356
3960 1356
3961 1357
3962 1356
3963 1356
3964 1355
3965 1357
3966 1356
3967 1357
3968 1356
3969 1357
3970 1357
3971 1356
3972 1355
3973 1354
3974 1355
3975 1355
3976 1357
3977 1357
3978 1357
3979 1358
3980 1357
3981 1354
3982 1355
3983 1354
3984 1357
3985 1358
3986 1355
3987 1356
3988 1356
3989 1358
3990 1357
3991 1360
3992 1356
3993 1354
3994 1355
3995 1354
3996 1356
3997 1356
3998 1354
3999 1358
