0 1357
1 1353
2 1355
3 1354
4 1353
5 1355
6 1354
7 1358
8 1357
9 1357
10 1355
11 1354
12 1356
13 1354
14 1355
15 1353
16 1353
17 1353
18 1356
19 1356
20 1355
21 1353
22 1354
23 1355
24 1356
25 1354
26 1355
27 1353
28 1354
29 1355
30 1355
31 1352
32 1354
33 1355
34 1355
35 1354
36 1353
37 1356
38 1355
39 1356
40 1354
41 1353
42 1355
43 1355
44 1355
45 1355
46 1354
47 1353
48 1355
49 1355
50 1354
51 1356
52 1354
53 1354
54 1353
55 1355
56 1355
57 1356
58 1355
59 1358
60 1357
61 1357
62 1353
63 1353
64 1355
65 1356
66 1352
67 1356
68 1353
69 1356
70 1353
71 1357
72 1353
73 1355
74 1355
75 1357
76 1355
77 1356
78 1352
79 1355
80 1353
81 1355
82 1354
83 1357
84 1353
85 1354
86 1352
87 1353
88 1355
89 1355
90 1357
91 1357
92 1357
93 1356
94 1356
95 1354
96 1353
97 1354
98 1356
99 1357
100 1353
101 1356
102 1351
103 1354
104 1353
105 1354
106 1355
107 1354
108 1354
109 1354
110 1355
111 1355
112 1355
113 1354
114 1352
115 1354
116 1353
117 1351
118 1351
119 1354
120 1356
121 1356
122 1356
123 1354
124 1353
125 1355
126 1356
127 1355
128 1355
129 1352
130 1354
131 1355
132 1356
133 1357
134 1352
135 1354
136 1356
137 1353
138 1355
139 1351
140 1355
141 1356
142 1355
143 1354
144 1353
145 1355
146 1354
147 1353
148 1351
149 1355
150 1353
151 1353
152 1357
153 1354
154 1355
155 1353
156 1354
157 1355
158 1352
159 1355
160 1355
161 1356
162 1356
163 1356
164 1357
165 1355
166 1353
167 1355
168 1353
169 1354
170 1353
171 1353
172 1352
173 1355
174 1353
175 1356
176 1355
177 1353
178 1353
179 1356
180 1355
181 1353
182 1352
183 1353
184 1353
185 1355
186 1355
187 1354
188 1355
189 1354
190 1357
191 1355
192 1357
193 1355
194 1357
195 1355
196 1358
197 1355
198 1355
199 1356
200 1355
201 1355
202 1354
203 1355
204 1353
205 1352
206 1352
207 1354
208 1355
209 1354
210 1353
211 1353
212 1353
213 1357
214 1352
215 1354
216 1356
217 1356
218 1357
219 1356
220 1356
221 1356
222 1357
223 1355
224 1352
225 1358
226 1357
227 1355
228 1354
229 1354
230 1355
231 1353
232 1353
233 1354
234 1354
235 1352
236 1353
237 1353
238 1356
239 1353
240 1355
241 1354
242 1354
243 1355
244 1358
245 1356
246 1354
247 1357
248 1354
249 1355
250 1358
251 1354
252 1357
253 1358
254 1357
255 1357
256 1352
257 1355
258 1356
259 1354
260 1356
261 1355
262 1355
263 1355
264 1354
265 1356
266 1355
267 1355
268 1355
269 1352
270 1350
271 1354
272 1354
273 1352
274 1353
275 1353
276 1355
277 1355
278 1354
279 1354
280 1357
281 1357
282 1357
283 1355
284 1356
285 1354
286 1357
287 1352
288 1356
289 1353
290 1353
291 1349
292 1355
293 1352
294 1355
295 1357
296 1356
297 1355
298 1354
299 1353
300 1353
301 1354
302 1353
303 1356
304 1355
305 1356
306 1355
307 1351
308 1353
309 1355
310 1354
311 1355
312 1354
313 1352
314 1353
315 1353
316 1354
317 1354
318 1351
319 1354
320 1353
321 1354
322 1356
323 1353
324 1355
325 1355
326 1356
327 1355
328 1355
329 1353
330 1353
331 1353
332 1355
333 1356
334 1354
335 1352
336 1354
337 1354
338 1353
339 1355
340 1356
341 1357
342 1353
343 1356
344 1354
345 1355
346 1354
347 1354
348 1353
349 1354
350 1354
351 1356
352 1355
353 1357
354 1353
355 1354
356 1353
357 1354
358 1355
359 1355
360 1357
361 1356
362 1353
363 1353
364 1352
365 1354
366 1355
367 1353
368 1351
369 1353
370 1356
371 1355
372 1358
373 1355
374 1356
375 1356
376 1355
377 1352
378 1351
379 1353
380 1354
381 1354
382 1353
383 1354
384 1351
385 1354
386 1353
387 1353
388 1353
389 1349
390 1352
391 1353
392 1355
393 1355
394 1356
395 1354
396 1354
397 1353
398 1356
399 1356
400 1358
401 1355
402 1355
403 1354
404 1354
405 1352
406 1354
407 1354
408 1357
409 1356
410 1354
411 1354
412 1354
413 1354
414 1355
415 1353
416 1355
417 1355
418 1354
419 1356
420 1354
421 1355
422 1355
423 1353
424 1355
425 1352
426 1354
427 1354
428 1353
429 1354
430 1355
431 1360
432 1357
433 1357
434 1357
435 1354
436 1355
437 1354
438 1352
439 1354
440 1354
441 1355
442 1357
443 1353
444 1356
445 1355
446 1354
447 1353
448 1354
449 1354
450 1354
451 1356
452 1354
453 1356
454 1354
455 1354
456 1357
457 1355
458 1354
459 1355
460 1354
461 1356
462 1354
463 1353
464 1356
465 1353
466 1354
467 1355
468 1352
469 1354
470 1357
471 1354
472 1356
473 1355
474 1354
475 1355
476 1354
477 1353
478 1352
479 1356
480 1355
481 1357
482 1356
483 1354
484 1355
485 1355
486 1354
487 1357
488 1353
489 1354
490 1357
491 1354
492 1354
493 1356
494 1356
495 1354
496 1357
497 1351
498 1354
499 1354
500 1356
501 1353
502 1350
503 1351
504 1353
505 1354
506 1355
507 1352
508 1355
509 1352
510 1353
511 1357
512 1354
513 1354
514 1356
515 1352
516 1356
517 1354
518 1352
519 1355
520 1354
521 1353
522 1355
523 1351
524 1352
525 1354
526 1357
527 1356
528 1356
529 1355
530 1357
531 1358
532 1359
533 1358
534 1360
535 1365
536 1376
537 1382
538 1405
539 1425
540 1462
541 1504
542 1553
543 1607
544 1660
545 1719
546 1772
547 1826
548 1873
549 1916
550 1952
551 1982
552 2007
553 2028
554 2047
555 2058
556 2068
557 2070
558 2069
559 2069
560 2065
561 2055
562 2040
563 2024
564 2000
565 1980
566 1953
567 1930
568 1907
569 1882
570 1858
571 1833
572 1803
573 1778
574 1756
575 1735
576 1719
577 1704
578 1682
579 1665
580 1646
581 1631
582 1610
583 1593
584 1573
585 1558
586 1548
587 1533
588 1522
589 1510
590 1503
591 1495
592 1485
593 1473
594 1466
595 1458
596 1454
597 1445
598 1438
599 1436
600 1430
601 1425
602 1422
603 1416
604 1413
605 1407
606 1406
607 1399
608 1397
609 1398
610 1397
611 1390
612 1387
613 1385
614 1384
615 1380
616 1378
617 1378
618 1376
619 1373
620 1373
621 1373
622 1373
623 1369
624 1369
625 1365
626 1367
627 1368
628 1364
629 1366
630 1366
631 1362
632 1362
633 1360
634 1363
635 1363
636 1359
637 1361
638 1363
639 1362
640 1362
641 1359
642 1358
643 1361
644 1360
645 1361
646 1361
647 1358
648 1360
649 1358
650 1359
651 1357
652 1357
653 1355
654 1360
655 1356
656 1359
657 1358
658 1356
659 1357
660 1358
661 1358
662 1355
663 1356
664 1354
665 1357
666 1356
667 1357
668 1355
669 1356
670 1355
671 1359
672 1357
673 1356
674 1357
675 1356
676 1357
677 1356
678 1352
679 1356
680 1357
681 1356
682 1353
683 1355
684 1353
685 1352
686 1356
687 1354
688 1352
689 1353
690 1358
691 1355
692 1354
693 1357
694 1356
695 1357
696 1356
697 1356
698 1352
699 1354
700 1352
701 1357
702 1356
703 1356
704 1354
705 1356
706 1357
707 1357
708 1356
709 1356
710 1354
711 1360
712 1355
713 1355
714 1353
715 1356
716 1356
717 1355
718 1353
719 1358
720 1357
721 1355
722 1352
723 1355
724 1353
725 1354
726 1351
727 1354
728 1354
729 1355
730 1354
731 1353
732 1355
733 1354
734 1355
735 1354
736 1356
737 1355
738 1353
739 1354
740 1353
741 1353
742 1355
743 1356
744 1357
745 1354
746 1356
747 1358
748 1352
749 1355
750 1356
751 1356
752 1355
753 1355
754 1352
755 1354
756 1355
757 1351
758 1353
759 1353
760 1353
761 1355
762 1355
763 1357
764 1356
765 1355
766 1356
767 1354
768 1354
769 1355
770 1353
771 1354
772 1355
773 1356
774 1355
775 1352
776 1355
777 1356
778 1354
779 1355
780 1352
781 1355
782 1356
783 1355
784 1356
785 1352
786 1354
787 1355
788 1353
789 1352
790 1355
791 1355
792 1354
793 1353
794 1355
795 1352
796 1356
797 1354
798 1354
799 1356
800 1354
801 1357
802 1357
803 1356
804 1355
805 1356
806 1357
807 1354
808 1355
809 1356
810 1353
811 1352
812 1355
813 1352
814 1353
815 1353
816 1353
817 1354
818 1355
819 1355
820 1357
821 1354
822 1354
823 1358
824 1355
825 1355
826 1356
827 1354
828 1353
829 1356
830 1352
831 1355
832 1355
833 1355
834 1354
835 1355
836 1354
837 1356
838 1353
839 1356
840 1355
841 1356
842 1356
843 1355
844 1355
845 1354
846 1354
847 1351
848 1352
849 1356
850 1355
851 1356
852 1352
853 1357
854 1353
855 1352
856 1355
857 1355
858 1354
859 1356
860 1353
861 1354
862 1352
863 1356
864 1355
865 1358
866 1354
867 1355
868 1354
869 1358
870 1356
871 1353
872 1352
873 1354
874 1354
875 1355
876 1354
877 1351
878 1353
879 1357
880 1356
881 1357
882 1354
883 1355
884 1353
885 1355
886 1356
887 1354
888 1353
889 1352
890 1354
891 1352
892 1353
893 1354
894 1354
895 1356
896 1357
897 1357
898 1354
899 1354
900 1354
901 1354
902 1353
903 1356
904 1352
905 1353
906 1355
907 1357
908 1350
909 1354
910 1355
911 1355
912 1354
913 1354
914 1354
915 1357
916 1355
917 1356
918 1353
919 1352
920 1353
921 1355
922 1356
923 1356
924 1354
925 1354
926 1357
927 1356
928 1352
929 1354
930 1353
931 1353
932 1356
933 1356
934 1355
935 1356
936 1354
937 1355
938 1350
939 1353
940 1357
941 1356
942 1353
943 1352
944 1352
945 1356
946 1356
947 1356
948 1356
949 1352
950 1354
951 1355
952 1357
953 1353
954 1356
955 1355
956 1357
957 1355
958 1352
959 1355
960 1352
961 1353
962 1355
963 1355
964 1354
965 1355
966 1353
967 1356
968 1353
969 1355
970 1355
971 1353
972 1354
973 1355
974 1353
975 1354
976 1355
977 1354
978 1356
979 1356
980 1357
981 1356
982 1354
983 1356
984 1354
985 1354
986 1356
987 1355
988 1356
989 1352
990 1353
991 1352
992 1353
993 1355
994 1354
995 1355
996 1354
997 1352
998 1351
999 1352
1000 1354
1001 1353
1002 1355
1003 1354
1004 1355
1005 1356
1006 1353
1007 1356
1008 1354
1009 1354
1010 1355
1011 1356
1012 1355
1013 1356
1014 1355
1015 1357
1016 1356
1017 1354
1018 1354
1019 1354
1020 1355
1021 1355
1022 1353
1023 1355
1024 1354
1025 1356
1026 1354
1027 1354
1028 1355
1029 1355
1030 1357
1031 1354
1032 1357
1033 1358
1034 1357
1035 1351
1036 1353
1037 1354
1038 1356
1039 1353
1040 1355
1041 1356
1042 1355
1043 1354
1044 1355
1045 1354
1046 1356
1047 1356
1048 1353
1049 1350
1050 1354
1051 1356
1052 1357
1053 1355
1054 1352
1055 1354
1056 1357
1057 1352
1058 1353
1059 1354
1060 1355
1061 1355
1062 1352
1063 1352
1064 1357
1065 1356
1066 1357
1067 1354
1068 1355
1069 1354
1070 1358
1071 1354
1072 1353
1073 1352
1074 1355
1075 1355
1076 1355
1077 1354
1078 1354
1079 1353
1080 1350
1081 1354
1082 1354
1083 1354
1084 1355
1085 1356
1086 1355
1087 1354
1088 1357
1089 1355
1090 1356
1091 1352
1092 1353
1093 1354
1094 1354
1095 1354
1096 1355
1097 1356
1098 1352
1099 1354
1100 1356
1101 1355
1102 1356
1103 1351
1104 1354
1105 1352
1106 1354
1107 1355
1108 1357
1109 1352
1110 1353
1111 1354
1112 1353
1113 1355
1114 1355
1115 1353
1116 1354
1117 1353
1118 1355
1119 1353
1120 1353
1121 1353
1122 1354
1123 1355
1124 1354
1125 1354
1126 1354
1127 1356
1128 1351
1129 1354
1130 1354
1131 1354
1132 1353
1133 1353
1134 1354
1135 1353
1136 1354
1137 1353
1138 1354
1139 1352
1140 1354
1141 1351
1142 1354
1143 1354
1144 1353
1145 1353
1146 1352
1147 1356
1148 1356
1149 1355
1150 1353
1151 1354
1152 1355
1153 1355
1154 1355
1155 1354
1156 1352
1157 1353
1158 1353
1159 1354
1160 1357
1161 1353
1162 1355
1163 1352
1164 1354
1165 1354
1166 1353
1167 1354
1168 1354
1169 1355
1170 1353
1171 1355
1172 1354
1173 1355
1174 1354
1175 1353
1176 1358
1177 1355
1178 1353
1179 1352
1180 1355
1181 1354
1182 1356
1183 1354
1184 1355
1185 1354
1186 1351
1187 1355
1188 1356
1189 1355
1190 1355
1191 1351
1192 1351
1193 1352
1194 1354
1195 1357
1196 1358
1197 1355
1198 1355
1199 1355
1200 1355
1201 1354
1202 1356
1203 1354
1204 1355
1205 1356
1206 1354
1207 1354
1208 1355
1209 1355
1210 1356
1211 1352
1212 1352
1213 1354
1214 1353
1215 1356
1216 1354
1217 1356
1218 1355
1219 1354
1220 1353
1221 1354
1222 1354
1223 1356
1224 1353
1225 1354
1226 1354
1227 1355
1228 1352
1229 1356
1230 1356
1231 1356
1232 1354
1233 1354
1234 1353
1235 1354
1236 1354
1237 1356
1238 1357
1239 1352
1240 1354
1241 1352
1242 1357
1243 1357
1244 1354
1245 1355
1246 1356
1247 1356
1248 1356
1249 1354
1250 1353
1251 1353
1252 1354
1253 1354
1254 1355
1255 1354
1256 1356
1257 1355
1258 1355
1259 1356
1260 1357
1261 1355
1262 1353
1263 1354
1264 1355
1265 1352
1266 1356
1267 1355
1268 1355
1269 1353
1270 1356
1271 1356
1272 1354
1273 1356
1274 1353
1275 1354
1276 1359
1277 1353
1278 1355
1279 1352
1280 1357
1281 1354
1282 1356
1283 1353
1284 1354
1285 1351
1286 1356
1287 1352
1288 1354
1289 1353
1290 1357
1291 1356
1292 1357
1293 1353
1294 1357
1295 1353
1296 1355
1297 1355
1298 1356
1299 1351
1300 1354
1301 1356
1302 1354
1303 1353
1304 1355
1305 1351
1306 1355
1307 1353
1308 1354
1309 1351
1310 1351
1311 1355
1312 1355
1313 1352
1314 1355
1315 1354
1316 1354
1317 1354
1318 1354
1319 1355
1320 1358
1321 1355
1322 1357
1323 1353
1324 1355
1325 1356
1326 1354
1327 1354
1328 1356
1329 1354
1330 1354
1331 1354
1332 1353
1333 1355
1334 1355
1335 1356
1336 1358
1337 1352
1338 1356
1339 1353
1340 1353
1341 1352
1342 1357
1343 1355
1344 1353
1345 1353
1346 1356
1347 1358
1348 1357
1349 1357
1350 1356
1351 1352
1352 1354
1353 1356
1354 1354
1355 1353
1356 1354
1357 1353
1358 1354
1359 1353
1360 1356
1361 1351
1362 1357
1363 1355
1364 1355
1365 1353
1366 1355
1367 1353
1368 1355
1369 1355
1370 1352
1371 1355
1372 1353
1373 1354
1374 1355
1375 1354
1376 1357
1377 1355
1378 1351
1379 1355
1380 1353
1381 1353
1382 1357
1383 1355
1384 1355
1385 1355
1386 1356
1387 1352
1388 1355
1389 1354
1390 1354
1391 1357
1392 1356
1393 1355
1394 1354
1395 1353
1396 1353
1397 1354
1398 1354
1399 1356
1400 1354
1401 1352
1402 1352
1403 1353
1404 1355
1405 1353
1406 1356
1407 1353
1408 1354
1409 1353
1410 1356
1411 1356
1412 1354
1413 1355
1414 1352
1415 1354
1416 1356
1417 1352
1418 1352
1419 1354
1420 1356
1421 1353
1422 1356
1423 1353
1424 1354
1425 1354
1426 1354
1427 1355
1428 1356
1429 1351
1430 1354
1431 1353
1432 1355
1433 1354
1434 1356
1435 1355
1436 1356
1437 1358
1438 1357
1439 1354
1440 1355
1441 1355
1442 1354
1443 1355
1444 1356
1445 1355
1446 1357
1447 1354
1448 1355
1449 1352
1450 1356
1451 1356
1452 1355
1453 1355
1454 1355
1455 1356
1456 1356
1457 1355
1458 1356
1459 1352
1460 1355
1461 1353
1462 1357
1463 1352
1464 1355
1465 1355
1466 1356
1467 1353
1468 1356
1469 1356
1470 1353
1471 1353
1472 1353
1473 1355
1474 1356
1475 1354
1476 1356
1477 1354
1478 1355
1479 1356
1480 1356
1481 1355
1482 1353
1483 1353
1484 1356
1485 1354
1486 1355
1487 1355
1488 1353
1489 1354
1490 1355
1491 1356
1492 1353
1493 1354
1494 1353
1495 1356
1496 1355
1497 1354
1498 1355
1499 1352
1500 1354
1501 1356
1502 1357
1503 1353
1504 1357
1505 1355
1506 1355
1507 1353
1508 1353
1509 1356
1510 1357
1511 1356
1512 1356
1513 1353
1514 1357
1515 1355
1516 1357
1517 1352
1518 1357
1519 1354
1520 1352
1521 1353
1522 1355
1523 1355
1524 1354
1525 1354
1526 1354
1527 1353
1528 1354
1529 1354
1530 1353
1531 1355
1532 1358
1533 1353
1534 1354
1535 1356
1536 1353
1537 1355
1538 1355
1539 1351
1540 1353
1541 1354
1542 1357
1543 1352
1544 1353
1545 1354
1546 1356
1547 1352
1548 1353
1549 1353
1550 1354
1551 1354
1552 1355
1553 1353
1554 1355
1555 1354
1556 1357
1557 1354
1558 1355
1559 1355
1560 1355
1561 1352
1562 1354
1563 1354
1564 1357
1565 1355
1566 1352
1567 1355
1568 1355
1569 1354
1570 1354
1571 1355
1572 1355
1573 1353
1574 1353
1575 1354
1576 1355
1577 1355
1578 1352
1579 1354
1580 1354
1581 1353
1582 1350
1583 1354
1584 1352
1585 1354
1586 1356
1587 1354
1588 1354
1589 1354
1590 1354
1591 1357
1592 1355
1593 1355
1594 1354
1595 1356
1596 1354
1597 1356
1598 1355
1599 1353
1600 1352
1601 1355
1602 1354
1603 1354
1604 1353
1605 1356
1606 1353
1607 1353
1608 1352
1609 1354
1610 1358
1611 1357
1612 1357
1613 1354
1614 1353
1615 1355
1616 1355
1617 1356
1618 1354
1619 1356
1620 1353
1621 1353
1622 1351
1623 1355
1624 1357
1625 1355
1626 1354
1627 1356
1628 1356
1629 1356
1630 1354
1631 1355
1632 1354
1633 1353
1634 1354
1635 1353
1636 1355
1637 1354
1638 1352
1639 1355
1640 1357
1641 1354
1642 1353
1643 1354
1644 1356
1645 1355
1646 1354
1647 1354
1648 1357
1649 1356
1650 1353
1651 1355
1652 1355
1653 1354
1654 1354
1655 1354
1656 1354
1657 1354
1658 1357
1659 1352
1660 1356
1661 1353
1662 1356
1663 1354
1664 1352
1665 1355
1666 1355
1667 1355
1668 1352
1669 1354
1670 1355
1671 1354
1672 1353
1673 1355
1674 1352
1675 1353
1676 1354
1677 1355
1678 1355
1679 1355
1680 1354
1681 1354
1682 1355
1683 1353
1684 1353
1685 1354
1686 1356
1687 1355
1688 1353
1689 1353
1690 1354
1691 1352
1692 1357
1693 1356
1694 1355
1695 1353
1696 1355
1697 1354
1698 1352
1699 1354
1700 1355
1701 1353
1702 1355
1703 1354
1704 1355
1705 1356
1706 1354
1707 1356
1708 1355
1709 1353
1710 1355
1711 1353
1712 1355
1713 1356
1714 1355
1715 1353
1716 1353
1717 1353
1718 1353
1719 1354
1720 1353
1721 1355
1722 1356
1723 1357
1724 1353
1725 1354
1726 1352
1727 1356
1728 1355
1729 1354
1730 1351
1731 1354
1732 1353
1733 1353
1734 1355
1735 1353
1736 1355
1737 1354
1738 1354
1739 1354
1740 1354
1741 1354
1742 1353
1743 1355
1744 1352
1745 1356
1746 1354
1747 1357
1748 1354
1749 1354
1750 1354
1751 1356
1752 1354
1753 1357
1754 1356
1755 1358
1756 1354
1757 1357
1758 1351
1759 1355
1760 1354
1761 1352
1762 1355
1763 1356
1764 1353
1765 1352
1766 1356
1767 1353
1768 1353
1769 1351
1770 1353
1771 1355
1772 1354
1773 1355
1774 1353
1775 1356
1776 1358
1777 1356
1778 1354
1779 1357
1780 1357
1781 1354
1782 1353
1783 1356
1784 1355
1785 1357
1786 1353
1787 1357
1788 1353
1789 1358
1790 1356
1791 1354
1792 1356
1793 1356
1794 1356
1795 1354
1796 1352
1797 1353
1798 1354
1799 1356
1800 1355
1801 1356
1802 1352
1803 1354
1804 1352
1805 1354
1806 1356
1807 1354
1808 1353
1809 1356
1810 1352
1811 1353
1812 1353
1813 1355
1814 1354
1815 1355
1816 1353
1817 1357
1818 1354
1819 1357
1820 1356
1821 1355
1822 1354
1823 1356
1824 1352
1825 1354
1826 1352
1827 1352
1828 1352
1829 1353
1830 1354
1831 1355
1832 1354
1833 1357
1834 1354
1835 1356
1836 1355
1837 1355
1838 1350
1839 1356
1840 1354
1841 1353
1842 1355
1843 1358
1844 1353
1845 1356
1846 1356
1847 1352
1848 1353
1849 1356
1850 1354
1851 1354
1852 1355
1853 1353
1854 1354
1855 1356
1856 1355
1857 1356
1858 1350
1859 1356
1860 1356
1861 1356
1862 1354
1863 1354
1864 1354
1865 1355
1866 1354
1867 1353
1868 1354
1869 1355
1870 1353
1871 1353
1872 1358
1873 1356
1874 1354
1875 1353
1876 1355
1877 1357
1878 1354
1879 1354
1880 1352
1881 1356
1882 1356
1883 1353
1884 1350
1885 1352
1886 1354
1887 1355
1888 1353
1889 1355
1890 1354
1891 1356
1892 1352
1893 1355
1894 1353
1895 1357
1896 1356
1897 1356
1898 1354
1899 1354
1900 1352
1901 1356
1902 1355
1903 1356
1904 1356
1905 1356
1906 1354
1907 1353
1908 1354
1909 1355
1910 1355
1911 1352
1912 1355
1913 1356
1914 1356
1915 1353
1916 1352
1917 1356
1918 1353
1919 1356
1920 1355
1921 1356
1922 1356
1923 1359
1924 1349
1925 1356
1926 1354
1927 1357
1928 1355
1929 1354
1930 1352
1931 1357
1932 1354
1933 1356
1934 1355
1935 1358
1936 1356
1937 1354
1938 1351
1939 1353
1940 1351
1941 1358
1942 1353
1943 1356
1944 1355
1945 1355
1946 1352
1947 1354
1948 1352
1949 1354
1950 1353
1951 1353
1952 1355
1953 1351
1954 1353
1955 1352
1956 1354
1957 1352
1958 1352
1959 1358
1960 1357
1961 1355
1962 1353
1963 1357
1964 1357
1965 1356
1966 1354
1967 1354
1968 1355
1969 1354
1970 1354
1971 1356
1972 1354
1973 1355
1974 1352
1975 1354
1976 1354
1977 1353
1978 1352
1979 1353
1980 1353
1981 1356
1982 1354
1983 1354
1984 1352
1985 1355
1986 1355
1987 1353
1988 1355
1989 1354
1990 1354
1991 1355
1992 1353
1993 1357
1994 1354
1995 1355
1996 1354
1997 1355
1998 1352
1999 1356
2000 1354
2001 1355
2002 1353
2003 1355
2004 1354
2005 1354
2006 1353
2007 1356
2008 1354
2009 1354
2010 1352
2011 1355
2012 1355
2013 1355
2014 1355
2015 1355
2016 1355
2017 1354
2018 1352
2019 1354
2020 1357
2021 1357
2022 1355
2023 1357
2024 1357
2025 1351
2026 1351
2027 1355
2028 1355
2029 1355
2030 1353
2031 1354
2032 1355
2033 1355
2034 1354
2035 1351
2036 1355
2037 1353
2038 1352
2039 1355
2040 1353
2041 1353
2042 1354
2043 1355
2044 1351
2045 1356
2046 1354
2047 1354
2048 1352
2049 1354
2050 1355
2051 1354
2052 1352
2053 1357
2054 1355
2055 1357
2056 1355
2057 1354
2058 1355
2059 1352
2060 1353
2061 1357
2062 1356
2063 1356
2064 1352
2065 1356
2066 1353
2067 1353
2068 1355
2069 1354
2070 1353
2071 1352
2072 1354
2073 1354
2074 1355
2075 1358
2076 1356
2077 1355
2078 1354
2079 1356
2080 1356
2081 1357
2082 1353
2083 1354
2084 1355
2085 1355
2086 1356
2087 1358
2088 1355
2089 1355
2090 1356
2091 1356
2092 1356
2093 1353
2094 1353
2095 1356
2096 1357
2097 1354
2098 1352
2099 1351
2100 1352
2101 1354
2102 1354
2103 1356
2104 1355
2105 1354
2106 1353
2107 1355
2108 1354
2109 1355
2110 1355
2111 1357
2112 1353
2113 1355
2114 1355
2115 1355
2116 1354
2117 1353
2118 1353
2119 1356
2120 1354
2121 1356
2122 1354
2123 1354
2124 1353
2125 1355
2126 1356
2127 1354
2128 1354
2129 1354
2130 1354
2131 1354
2132 1354
2133 1353
2134 1354
2135 1356
2136 1354
2137 1355
2138 1354
2139 1353
2140 1356
2141 1355
2142 1356
2143 1354
2144 1355
2145 1356
2146 1357
2147 1354
2148 1352
2149 1353
2150 1356
2151 1356
2152 1356
2153 1356
2154 1353
2155 1357
2156 1353
2157 1353
2158 1351
2159 1356
2160 1355
2161 1355
2162 1354
2163 1354
2164 1353
2165 1354
2166 1351
2167 1356
2168 1353
2169 1356
2170 1355
2171 1355
2172 1355
2173 1357
2174 1358
2175 1358
2176 1354
2177 1354
2178 1353
2179 1356
2180 1357
2181 1354
2182 1355
2183 1357
2184 1354
2185 1355
2186 1350
2187 1353
2188 1352
2189 1355
2190 1353
2191 1355
2192 1355
2193 1352
2194 1355
2195 1355
2196 1355
2197 1353
2198 1355
2199 1355
2200 1355
2201 1354
2202 1353
2203 1357
2204 1351
2205 1356
2206 1356
2207 1355
2208 1355
2209 1355
2210 1356
2211 1353
2212 1356
2213 1357
2214 1355
2215 1355
2216 1352
2217 1355
2218 1355
2219 1354
2220 1351
2221 1355
2222 1354
2223 1356
2224 1354
2225 1356
2226 1354
2227 1355
2228 1354
2229 1356
2230 1358
2231 1357
2232 1354
2233 1353
2234 1354
2235 1355
2236 1353
2237 1356
2238 1353
2239 1358
2240 1356
2241 1355
2242 1352
2243 1354
2244 1355
2245 1356
2246 1354
2247 1355
2248 1353
2249 1354
2250 1353
2251 1353
2252 1352
2253 1353
2254 1353
2255 1355
2256 1351
2257 1355
2258 1353
2259 1353
2260 1354
2261 1356
2262 1352
2263 1356
2264 1353
2265 1356
2266 1355
2267 1355
2268 1356
2269 1356
2270 1357
2271 1357
2272 1353
2273 1354
2274 1355
2275 1355
2276 1353
2277 1354
2278 1354
2279 1354
2280 1354
2281 1355
2282 1353
2283 1356
2284 1351
2285 1356
2286 1355
2287 1353
2288 1354
2289 1353
2290 1355
2291 1355
2292 1355
2293 1356
2294 1354
2295 1354
2296 1353
2297 1356
2298 1354
2299 1355
2300 1357
2301 1356
2302 1353
2303 1354
2304 1353
2305 1354
2306 1354
2307 1354
2308 1353
2309 1352
2310 1354
2311 1355
2312 1356
2313 1356
2314 1351
2315 1355
2316 1353
2317 1354
2318 1357
2319 1354
2320 1352
2321 1356
2322 1353
2323 1356
2324 1356
2325 1358
2326 1357
2327 1354
2328 1354
2329 1355
2330 1355
2331 1353
2332 1353
2333 1354
2334 1353
2335 1354
2336 1355
2337 1355
2338 1350
2339 1356
2340 1355
2341 1355
2342 1354
2343 1354
2344 1355
2345 1355
2346 1355
2347 1353
2348 1355
2349 1354
2350 1354
2351 1353
2352 1355
2353 1354
2354 1354
2355 1355
2356 1355
2357 1350
2358 1353
2359 1355
2360 1353
2361 1354
2362 1354
2363 1352
2364 1352
2365 1356
2366 1356
2367 1355
2368 1352
2369 1352
2370 1356
2371 1356
2372 1353
2373 1357
2374 1355
2375 1356
2376 1354
2377 1352
2378 1353
2379 1354
2380 1354
2381 1353
2382 1352
2383 1353
2384 1353
2385 1356
2386 1355
2387 1358
2388 1355
2389 1355
2390 1356
2391 1354
2392 1354
2393 1356
2394 1356
2395 1355
2396 1352
2397 1356
2398 1356
2399 1359
2400 1356
2401 1355
2402 1353
2403 1357
2404 1355
2405 1353
2406 1355
2407 1355
2408 1354
2409 1353
2410 1354
2411 1356
2412 1354
2413 1354
2414 1353
2415 1356
2416 1357
2417 1358
2418 1356
2419 1355
2420 1352
2421 1355
2422 1356
2423 1354
2424 1352
2425 1354
2426 1350
2427 1352
2428 1350
2429 1355
2430 1359
2431 1355
2432 1355
2433 1354
2434 1356
2435 1353
2436 1353
2437 1352
2438 1353
2439 1355
2440 1354
2441 1355
2442 1353
2443 1354
2444 1353
2445 1355
2446 1353
2447 1355
2448 1353
2449 1356
2450 1354
2451 1353
2452 1356
2453 1355
2454 1356
2455 1358
2456 1354
2457 1354
2458 1351
2459 1354
2460 1355
2461 1353
2462 1354
2463 1355
2464 1352
2465 1353
2466 1354
2467 1353
2468 1356
2469 1355
2470 1354
2471 1354
2472 1353
2473 1354
2474 1354
2475 1352
2476 1354
2477 1355
2478 1354
2479 1354
2480 1356
2481 1354
2482 1355
2483 1357
2484 1355
2485 1353
2486 1351
2487 1356
2488 1355
2489 1354
2490 1353
2491 1352
2492 1353
2493 1354
2494 1350
2495 1354
2496 1355
2497 1355
2498 1355
2499 1353
2500 1355
2501 1355
2502 1354
2503 1355
2504 1355
2505 1356
2506 1355
2507 1354
2508 1355
2509 1356
2510 1352
2511 1353
2512 1354
2513 1357
2514 1353
2515 1356
2516 1354
2517 1355
2518 1355
2519 1353
2520 1356
2521 1355
2522 1352
2523 1352
2524 1352
2525 1354
2526 1353
2527 1356
2528 1352
2529 1354
2530 1357
2531 1356
2532 1356
2533 1354
2534 1353
2535 1355
2536 1356
2537 1356
2538 1351
2539 1353
2540 1357
2541 1355
2542 1353
2543 1355
2544 1354
2545 1356
2546 1354
2547 1354
2548 1355
2549 1355
2550 1356
2551 1355
2552 1353
2553 1356
2554 1354
2555 1356
2556 1355
2557 1353
2558 1352
2559 1354
2560 1356
2561 1355
2562 1353
2563 1356
2564 1354
2565 1355
2566 1354
2567 1356
2568 1354
2569 1355
2570 1354
2571 1353
2572 1354
2573 1354
2574 1356
2575 1356
2576 1354
2577 1356
2578 1356
2579 1353
2580 1354
2581 1354
2582 1353
2583 1358
2584 1352
2585 1357
2586 1354
2587 1355
2588 1353
2589 1355
2590 1356
2591 1358
2592 1355
2593 1356
2594 1354
2595 1356
2596 1355
2597 1355
2598 1357
2599 1355
2600 1354
2601 1354
2602 1355
2603 1357
2604 1354
2605 1357
2606 1355
2607 1356
2608 1356
2609 1356
2610 1356
2611 1354
2612 1353
2613 1355
2614 1355
2615 1356
2616 1352
2617 1354
2618 1352
2619 1352
2620 1352
2621 1358
2622 1355
2623 1355
2624 1354
2625 1354
2626 1353
2627 1355
2628 1352
2629 1354
2630 1354
2631 1355
2632 1356
2633 1356
2634 1352
2635 1356
2636 1354
2637 1355
2638 1356
2639 1355
2640 1353
2641 1356
2642 1353
2643 1357
2644 1355
2645 1356
2646 1354
2647 1356
2648 1351
2649 1357
2650 1356
2651 1354
2652 1354
2653 1357
2654 1354
2655 1356
2656 1355
2657 1356
2658 1354
2659 1355
2660 1354
2661 1357
2662 1354
2663 1354
2664 1354
2665 1355
2666 1355
2667 1356
2668 1356
2669 1357
2670 1354
2671 1357
2672 1357
2673 1356
2674 1354
2675 1353
2676 1354
2677 1357
2678 1355
2679 1356
2680 1354
2681 1357
2682 1352
2683 1356
2684 1353
2685 1357
2686 1352
2687 1357
2688 1354
2689 1355
2690 1355
2691 1355
2692 1353
2693 1356
2694 1355
2695 1356
2696 1353
2697 1354
2698 1354
2699 1357
2700 1352
2701 1356
2702 1353
2703 1355
2704 1354
2705 1352
2706 1352
2707 1354
2708 1354
2709 1354
2710 1352
2711 1356
2712 1355
2713 1354
2714 1353
2715 1354
2716 1354
2717 1355
2718 1353
2719 1357
2720 1359
2721 1358
2722 1357
2723 1355
2724 1351
2725 1355
2726 1355
2727 1353
2728 1355
2729 1356
2730 1356
2731 1355
2732 1356
2733 1352
2734 1355
2735 1352
2736 1354
2737 1352
2738 1355
2739 1357
2740 1356
2741 1353
2742 1353
2743 1354
2744 1354
2745 1352
2746 1354
2747 1352
2748 1353
2749 1355
2750 1355
2751 1354
2752 1353
2753 1354
2754 1356
2755 1353
2756 1357
2757 1355
2758 1356
2759 1352
2760 1353
2761 1357
2762 1358
2763 1355
2764 1357
2765 1356
2766 1353
2767 1354
2768 1354
2769 1355
2770 1354
2771 1356
2772 1355
2773 1356
2774 1352
2775 1356
2776 1356
2777 1355
2778 1350
2779 1353
2780 1355
2781 1354
2782 1354
2783 1356
2784 1354
2785 1356
2786 1353
2787 1353
2788 1355
2789 1353
2790 1355
2791 1355
2792 1355
2793 1354
2794 1356
2795 1355
2796 1352
2797 1354
2798 1358
2799 1356
2800 1354
2801 1355
2802 1354
2803 1354
2804 1354
2805 1356
2806 1353
2807 1355
2808 1355
2809 1353
2810 1355
2811 1355
2812 1353
2813 1357
2814 1355
2815 1354
2816 1354
2817 1355
2818 1354
2819 1353
2820 1355
2821 1358
2822 1354
2823 1352
2824 1357
2825 1354
2826 1355
2827 1354
2828 1354
2829 1354
2830 1354
2831 1354
2832 1354
2833 1353
2834 1353
2835 1354
2836 1355
2837 1354
2838 1355
2839 1354
2840 1357
2841 1356
2842 1356
2843 1354
2844 1356
2845 1355
2846 1356
2847 1352
2848 1352
2849 1356
2850 1355
2851 1355
2852 1353
2853 1354
2854 1357
2855 1352
2856 1356
2857 1356
2858 1357
2859 1353
2860 1356
2861 1353
2862 1357
2863 1355
2864 1354
2865 1354
2866 1356
2867 1352
2868 1354
2869 1355
2870 1355
2871 1356
2872 1355
2873 1354
2874 1353
2875 1355
2876 1357
2877 1354
2878 1354
2879 1355
2880 1352
2881 1356
2882 1355
2883 1355
2884 1353
2885 1354
2886 1356
2887 1355
2888 1357
2889 1354
2890 1353
2891 1355
2892 1354
2893 1354
2894 1352
2895 1353
2896 1356
2897 1356
2898 1354
2899 1354
2900 1353
2901 1357
2902 1357
2903 1355
2904 1351
2905 1353
2906 1355
2907 1354
2908 1352
2909 1354
2910 1357
2911 1355
2912 1357
2913 1356
2914 1352
2915 1353
2916 1350
2917 1352
2918 1356
2919 1354
2920 1354
2921 1353
2922 1353
2923 1350
2924 1354
2925 1354
2926 1352
2927 1355
2928 1354
2929 1356
2930 1355
2931 1357
2932 1354
2933 1355
2934 1356
2935 1357
2936 1355
2937 1355
2938 1355
2939 1358
2940 1357
2941 1355
2942 1354
2943 1356
2944 1355
2945 1355
2946 1356
2947 1356
2948 1357
2949 1354
2950 1352
2951 1354
2952 1353
2953 1356
2954 1358
2955 1356
2956 1355
2957 1356
2958 1355
2959 1357
2960 1356
2961 1355
2962 1353
2963 1355
2964 1357
2965 1355
2966 1352
2967 1354
2968 1349
2969 1350
2970 1356
2971 1355
2972 1354
2973 1356
2974 1354
2975 1356
2976 1356
2977 1353
2978 1356
2979 1354
2980 1352
2981 1354
2982 1354
2983 1355
2984 1352
2985 1356
2986 1353
2987 1355
2988 1355
2989 1356
2990 1354
2991 1356
2992 1357
2993 1356
2994 1354
2995 1354
2996 1356
2997 1354
2998 1355
2999 1357
3000 1356
3001 1356
3002 1353
3003 1356
3004 1357
3005 1355
3006 1353
3007 1356
3008 1356
3009 1354
3010 1352
3011 1355
3012 1351
3013 1357
3014 1354
3015 1356
3016 1354
3017 1355
3018 1355
3019 1356
3020 1353
3021 1354
3022 1352
3023 1354
3024 1354
3025 1356
3026 1356
3027 1354
3028 1352
3029 1354
3030 1355
3031 1356
3032 1354
3033 1355
3034 1355
3035 1354
3036 1352
3037 1353
3038 1354
3039 1355
3040 1355
3041 1354
3042 1354
3043 1357
3044 1354
3045 1356
3046 1355
3047 1356
3048 1354
3049 1355
3050 1355
3051 1354
3052 1357
3053 1357
3054 1355
3055 1356
3056 1354
3057 1352
3058 1355
3059 1355
3060 1357
3061 1356
3062 1355
3063 1356
3064 1354
3065 1353
3066 1355
3067 1354
3068 1352
3069 1353
3070 1353
3071 1356
3072 1354
3073 1355
3074 1353
3075 1354
3076 1353
3077 1356
3078 1356
3079 1355
3080 1353
3081 1354
3082 1356
3083 1354
3084 1355
3085 1355
3086 1354
3087 1356
3088 1353
3089 1355
3090 1355
3091 1356
3092 1355
3093 1355
3094 1355
3095 1356
3096 1354
3097 1355
3098 1349
3099 1355
3100 1357
3101 1356
3102 1354
3103 1353
3104 1354
3105 1355
3106 1355
3107 1356
3108 1353
3109 1353
3110 1354
3111 1352
3112 1355
3113 1353
3114 1353
3115 1354
3116 1354
3117 1354
3118 1355
3119 1355
3120 1353
3121 1353
3122 1356
3123 1357
3124 1353
3125 1354
3126 1354
3127 1357
3128 1355
3129 1356
3130 1358
3131 1355
3132 1353
3133 1354
3134 1353
3135 1353
3136 1354
3137 1353
3138 1353
3139 1353
3140 1354
3141 1352
3142 1353
3143 1352
3144 1354
3145 1355
3146 1355
3147 1356
3148 1354
3149 1354
3150 1352
3151 1353
3152 1352
3153 1356
3154 1356
3155 1356
3156 1354
3157 1351
3158 1352
3159 1355
3160 1354
3161 1355
3162 1354
3163 1356
3164 1355
3165 1356
3166 1353
3167 1355
3168 1355
3169 1355
3170 1354
3171 1355
3172 1355
3173 1356
3174 1354
3175 1357
3176 1354
3177 1355
3178 1354
3179 1353
3180 1356
3181 1353
3182 1357
3183 1355
3184 1354
3185 1352
3186 1354
3187 1354
3188 1352
3189 1356
3190 1355
3191 1356
3192 1354
3193 1355
3194 1355
3195 1352
3196 1356
3197 1353
3198 1353
3199 1354
3200 1355
3201 1357
3202 1355
3203 1353
3204 1353
3205 1354
3206 1354
3207 1356
3208 1352
3209 1353
3210 1355
3211 1357
3212 1354
3213 1353
3214 1356
3215 1355
3216 1356
3217 1352
3218 1356
3219 1355
3220 1358
3221 1355
3222 1354
3223 1354
3224 1353
3225 1354
3226 1355
3227 1352
3228 1355
3229 1354
3230 1350
3231 1352
3232 1355
3233 1354
3234 1356
3235 1354
3236 1353
3237 1353
3238 1357
3239 1354
3240 1355
3241 1355
3242 1356
3243 1354
3244 1351
3245 1353
3246 1354
3247 1355
3248 1357
3249 1353
3250 1356
3251 1353
3252 1352
3253 1354
3254 1356
3255 1356
3256 1354
3257 1353
3258 1355
3259 1351
3260 1356
3261 1355
3262 1357
3263 1357
3264 1354
3265 1354
3266 1356
3267 1355
3268 1355
3269 1357
3270 1355
3271 1353
3272 1357
3273 1359
3274 1357
3275 1355
3276 1355
3277 1357
3278 1355
3279 1353
3280 1352
3281 1353
3282 1357
3283 1355
3284 1356
3285 1354
3286 1355
3287 1354
3288 1354
3289 1354
3290 1354
3291 1352
3292 1353
3293 1354
3294 1351
3295 1354
3296 1355
3297 1356
3298 1356
3299 1353
3300 1353
3301 1355
3302 1354
3303 1354
3304 1355
3305 1355
3306 1355
3307 1355
3308 1355
3309 1356
3310 1355
3311 1355
3312 1353
3313 1355
3314 1354
3315 1353
3316 1355
3317 1355
3318 1352
3319 1353
3320 1355
3321 1354
3322 1349
3323 1353
3324 1354
3325 1355
3326 1355
3327 1354
3328 1353
3329 1353
3330 1354
3331 1355
3332 1356
3333 1354
3334 1354
3335 1355
3336 1358
3337 1356
3338 1355
3339 1354
3340 1355
3341 1356
3342 1354
3343 1356
3344 1354
3345 1355
3346 1354
3347 1355
3348 1352
3349 1354
3350 1354
3351 1353
3352 1352
3353 1353
3354 1352
3355 1353
3356 1355
3357 1353
3358 1354
3359 1354
3360 1352
3361 1354
3362 1352
3363 1357
3364 1353
3365 1356
3366 1354
3367 1356
3368 1355
3369 1353
3370 1354
3371 1354
3372 1356
3373 1356
3374 1353
3375 1355
3376 1351
3377 1355
3378 1354
3379 1356
3380 1356
3381 1353
3382 1354
3383 1354
3384 1357
3385 1354
3386 1354
3387 1355
3388 1353
3389 1356
3390 1353
3391 1355
3392 1356
3393 1357
3394 1353
3395 1356
3396 1354
3397 1356
3398 1353
3399 1355
3400 1354
3401 1353
3402 1352
3403 1354
3404 1352
3405 1354
3406 1357
3407 1352
3408 1353
3409 1353
3410 1355
3411 1352
3412 1354
3413 1356
3414 1357
3415 1354
3416 1352
3417 1356
3418 1356
3419 1353
3420 1352
3421 1353
3422 1356
3423 1355
3424 1356
3425 1354
3426 1357
3427 1355
3428 1357
3429 1355
3430 1357
3431 1354
3432 1355
3433 1356
3434 1355
3435 1357
3436 1354
3437 1355
3438 1353
3439 1351
3440 1352
3441 1356
3442 1356
3443 1355
3444 1353
3445 1356
3446 1353
3447 1355
3448 1353
3449 1356
3450 1353
3451 1353
3452 1355
3453 1355
3454 1355
3455 1355
3456 1356
3457 1355
3458 1352
3459 1357
3460 1356
3461 1355
3462 1356
3463 1356
3464 1352
3465 1356
3466 1353
3467 1353
3468 1354
3469 1355
3470 1353
3471 1354
3472 1354
3473 1353
3474 1352
3475 1353
3476 1354
3477 1350
3478 1352
3479 1357
3480 1356
3481 1353
3482 1350
3483 1353
3484 1353
3485 1356
3486 1355
3487 1357
3488 1352
3489 1354
3490 1352
3491 1358
3492 1354
3493 1355
3494 1350
3495 1355
3496 1350
3497 1356
3498 1352
3499 1356
3500 1353
3501 1355
3502 1353
3503 1355
3504 1351
3505 1354
3506 1356
3507 1354
3508 1350
3509 1357
3510 1357
3511 1353
3512 1354
3513 1356
3514 1352
3515 1355
3516 1353
3517 1353
3518 1350
3519 1353
3520 1353
3521 1356
3522 1354
3523 1355
3524 1353
3525 1353
3526 1353
3527 1355
3528 1352
3529 1354
3530 1354
3531 1354
3532 1355
3533 1356
3534 1353
3535 1354
3536 1354
3537 1357
3538 1353
3539 1354
3540 1355
3541 1356
3542 1353
3543 1352
3544 1353
3545 1357
3546 1357
3547 1354
3548 1351
3549 1353
3550 1357
3551 1358
3552 1355
3553 1355
3554 1353
3555 1357
3556 1356
3557 1354
3558 1352
3559 1355
3560 1355
3561 1355
3562 1352
3563 1353
3564 1354
3565 1355
3566 1353
3567 1355
3568 1353
3569 1351
3570 1356
3571 1356
3572 1357
3573 1355
3574 1352
3575 1352
3576 1354
3577 1358
3578 1355
3579 1353
3580 1352
3581 1353
3582 1354
3583 1353
3584 1355
3585 1354
3586 1354
3587 1358
3588 1353
3589 1356
3590 1354
3591 1353
3592 1353
3593 1357
3594 1354
3595 1356
3596 1356
3597 1353
3598 1351
3599 1355
3600 1354
3601 1353
3602 1353
3603 1355
3604 1354
3605 1354
3606 1352
3607 1356
3608 1355
3609 1357
3610 1352
3611 1353
3612 1355
3613 1353
3614 1355
3615 1354
3616 1356
3617 1355
3618 1356
3619 1356
3620 1358
3621 1355
3622 1353
3623 1354
3624 1354
3625 1357
3626 1357
3627 1355
3628 1352
3629 1356
3630 1355
3631 1356
3632 1354
3633 1358
3634 1355
3635 1355
3636 1355
3637 1359
3638 1352
3639 1355
3640 1351
3641 1357
3642 1354
3643 1358
3644 1355
3645 1358
3646 1356
3647 1356
3648 1353
3649 1356
3650 1353
3651 1354
3652 1353
3653 1357
3654 1353
3655 1354
3656 1353
3657 1354
3658 1352
3659 1356
3660 1354
3661 1356
3662 1351
3663 1353
3664 1353
3665 1358
3666 1354
3667 1354
3668 1351
3669 1357
3670 1356
3671 1356
3672 1355
3673 1357
3674 1354
3675 1356
3676 1355
3677 1355
3678 1353
3679 1355
3680 1352
3681 1355
3682 1353
3683 1356
3684 1351
3685 1354
3686 1354
3687 1354
3688 1355
3689 1355
3690 1354
3691 1354
3692 1356
3693 1354
3694 1353
3695 1357
3696 1353
3697 1355
3698 1352
3699 1356
3700 1354
3701 1354
3702 1353
3703 1354
3704 1352
3705 1357
3706 1352
3707 1357
3708 1356
3709 1356
3710 1353
3711 1353
3712 1352
3713 1353
3714 1353
3715 1354
3716 1354
3717 1355
3718 1354
3719 1356
3720 1354
3721 1354
3722 1351
3723 1355
3724 1354
3725 1353
3726 1352
3727 1355
3728 1355
3729 1356
3730 1355
3731 1355
3732 1355
3733 1356
3734 1357
3735 1357
3736 1353
3737 1353
3738 1352
3739 1355
3740 1356
3741 1356
3742 1352
3743 1353
3744 1352
3745 1355
3746 1354
3747 1355
3748 1351
3749 1354
3750 1354
3751 1352
3752 1353
3753 1354
3754 1357
3755 1355
3756 1353
3757 1353
3758 1353
3759 1354
3760 1357
3761 1356
3762 1355
3763 1355
3764 1353
3765 1355
3766 1353
3767 1355
3768 1353
3769 1352
3770 1357
3771 1356
3772 1357
3773 1355
3774 1353
3775 1352
3776 1356
3777 1352
3778 1353
3779 1353
3780 1355
3781 1356
3782 1353
3783 1355
3784 1354
3785 1352
3786 1351
3787 1353
3788 1354
3789 1356
3790 1356
3791 1354
3792 1352
3793 1355
3794 1355
3795 1355
3796 1355
3797 1353
3798 1355
3799 1357
3800 1353
3801 1356
3802 1354
3803 1354
3804 1352
3805 1354
3806 1354
3807 1354
3808 1353
3809 1355
3810 1352
3811 1354
3812 1353
3813 1355
3814 1353
3815 1354
3816 1352
3817 1356
3818 1354
3819 1356
3820 1356
3821 1355
3822 1354
3823 1355
3824 1354
3825 1355
3826 1354
3827 1350
3828 1352
3829 1352
3830 1353
3831 1356
3832 1354
3833 1350
3834 1351
3835 1354
3836 1354
3837 1356
3838 1354
3839 1356
3840 1353
3841 1355
3842 1355
3843 1352
3844 1351
3845 1353
3846 1352
3847 1356
3848 1354
3849 1353
3850 1354
3851 1355
3852 1354
3853 1355
3854 1357
3855 1356
3856 1356
3857 1355
3858 1354
3859 1356
3860 1359
3861 1357
3862 1356
3863 1355
3864 1357
3865 1354
3866 1354
3867 1354
3868 1355
3869 1352
3870 1354
3871 1354
3872 1354
3873 1354
3874 1350
3875 1354
3876 1353
3877 1354
3878 1351
3879 1354
3880 1352
3881 1354
3882 1354
3883 1355
3884 1354
3885 1355
3886 1353
3887 1356
3888 1351
3889 1356
3890 1357
3891 1356
3892 1355
3893 1358
3894 1354
3895 1353
3896 1353
3897 1355
3898 1352
3899 1357
3900 1354
3901 1354
3902 1352
3903 1354
3904 1353
3905 1354
3906 1355
3907 1356
3908 1353
3909 1354
3910 1354
3911 1356
3912 1357
3913 1356
3914 1352
3915 1356
3916 1357
3917 1353
3918 1355
3919 1356
3920 1357
3921 1356
3922 1356
3923 1353
3924 1356
3925 1356
3926 1355
3927 1353
3928 1354
3929 1351
3930 1353
3931 1355
3932 1355
3933 1356
3934 1356
3935 1355
3936 1354
3937 1355
3938 1354
3939 1357
3940 1356
3941 1353
3942 1355
3943 1355
3944 1356
3945 1352
3946 1355
3947 1354
3948 1354
3949 1355
3950 1357
3951 1357
3952 1353
3953 1355
3954 1357
3955 1355
3956 1355
3957 1356
3958 1354
3959 1354
3960 1352
3961 1353
3962 1353
3963 1352
3964 1353
3965 1356
3966 1355
3967 1357
3968 1355
3969 1357
3970 1356
3971 1355
3972 1355
3973 1355
3974 1355
3975 1355
3976 1353
3977 1355
3978 1353
3979 1356
3980 1358
3981 1353
3982 1354
3983 1357
3984 1355
3985 1354
3986 1352
3987 1354
3988 1354
3989 1354
3990 1355
3991 1357
3992 1351
3993 1354
3994 1355
3995 1357
3996 1355
3997 1353
3998 1357
3999 1355
