0 1353
1 1355
2 1354
3 1354
4 1354
5 1354
6 1355
7 1352
8 1355
9 1355
10 1352
11 1351
12 1351
13 1350
14 1358
15 1355
16 1352
17 1356
18 1355
19 1353
20 1352
21 1352
22 1354
23 1354
24 1354
25 1352
26 1355
27 1352
28 1352
29 1357
30 1354
31 1354
32 1355
33 1355
34 1356
35 1357
36 1355
37 1353
38 1354
39 1354
40 1354
41 1355
42 1353
43 1354
44 1355
45 1355
46 1356
47 1355
48 1352
49 1353
50 1355
51 1355
52 1356
53 1354
54 1354
55 1353
56 1355
57 1354
58 1354
59 1357
60 1352
61 1352
62 1355
63 1355
64 1354
65 1356
66 1355
67 1353
68 1352
69 1353
70 1355
71 1354
72 1353
73 1351
74 1352
75 1354
76 1352
77 1353
78 1355
79 1355
80 1355
81 1354
82 1353
83 1354
84 1355
85 1355
86 1353
87 1354
88 1354
89 1355
90 1354
91 1355
92 1354
93 1355
94 1355
95 1355
96 1356
97 1353
98 1352
99 1355
100 1349
101 1351
102 1353
103 1352
104 1355
105 1356
106 1350
107 1353
108 1355
109 1354
110 1352
111 1354
112 1352
113 1359
114 1355
115 1357
116 1354
117 1356
118 1353
119 1353
120 1354
121 1354
122 1354
123 1353
124 1352
125 1354
126 1356
127 1352
128 1352
129 1353
130 1351
131 1355
132 1354
133 1354
134 1352
135 1352
136 1353
137 1352
138 1352
139 1354
140 1353
141 1354
142 1351
143 1352
144 1355
145 1357
146 1355
147 1356
148 1353
149 1354
150 1354
151 1352
152 1354
153 1355
154 1353
155 1352
156 1356
157 1354
158 1351
159 1350
160 1352
161 1357
162 1353
163 1354
164 1355
165 1354
166 1353
167 1352
168 1352
169 1355
170 1353
171 1353
172 1352
173 1352
174 1355
175 1357
176 1356
177 1355
178 1354
179 1354
180 1353
181 1354
182 1351
183 1354
184 1354
185 1356
186 1353
187 1357
188 1354
189 1353
190 1355
191 1355
192 1353
193 1354
194 1350
195 1355
196 1356
197 1356
198 1354
199 1354
200 1353
201 1355
202 1354
203 1354
204 1353
205 1353
206 1352
207 1354
208 1354
209 1354
210 1353
211 1356
212 1357
213 1355
214 1356
215 1355
216 1356
217 1356
218 1353
219 1352
220 1354
221 1356
222 1356
223 1354
224 1353
225 1353
226 1357
227 1355
228 1351
229 1354
230 1352
231 1356
232 1352
233 1353
234 1355
235 1353
236 1354
237 1355
238 1354
239 1357
240 1353
241 1357
242 1356
243 1353
244 1355
245 1355
246 1356
247 1355
248 1352
249 1356
250 1355
251 1356
252 1353
253 1356
254 1356
255 1353
256 1353
257 1353
258 1352
259 1353
260 1354
261 1354
262 1353
263 1353
264 1354
265 1357
266 1352
267 1355
268 1356
269 1355
270 1355
271 1355
272 1354
273 1357
274 1356
275 1355
276 1355
277 1354
278 1355
279 1356
280 1353
281 1353
282 1354
283 1353
284 1353
285 1352
286 1351
287 1352
288 1354
289 1355
290 1354
291 1354
292 1353
293 1353
294 1353
295 1354
296 1354
297 1356
298 1355
299 1354
300 1354
301 1354
302 1351
303 1355
304 1358
305 1353
306 1356
307 1356
308 1353
309 1356
310 1354
311 1351
312 1352
313 1355
314 1353
315 1353
316 1352
317 1353
318 1351
319 1356
320 1353
321 1353
322 1354
323 1355
324 1355
325 1352
326 1354
327 1353
328 1355
329 1354
330 1353
331 1354
332 1354
333 1353
334 1357
335 1354
336 1355
337 1351
338 1354
339 1352
340 1352
341 1351
342 1352
343 1354
344 1353
345 1357
346 1355
347 1354
348 1353
349 1352
350 1354
351 1354
352 1357
353 1353
354 1354
355 1356
356 1357
357 1353
358 1356
359 1353
360 1353
361 1353
362 1353
363 1353
364 1354
365 1357
366 1354
367 1357
368 1355
369 1356
370 1354
371 1354
372 1354
373 1350
374 1353
375 1355
376 1355
377 1354
378 1352
379 1357
380 1355
381 1356
382 1353
383 1355
384 1354
385 1352
386 1352
387 1353
388 1353
389 1353
390 1351
391 1351
392 1354
393 1355
394 1355
395 1357
396 1355
397 1354
398 1355
399 1353
400 1353
401 1357
402 1356
403 1357
404 1355
405 1353
406 1354
407 1352
408 1352
409 1355
410 1353
411 1356
412 1356
413 1354
414 1353
415 1352
416 1356
417 1354
418 1356
419 1353
420 1354
421 1353
422 1356
423 1355
424 1350
425 1353
426 1354
427 1356
428 1356
429 1356
430 1355
431 1355
432 1353
433 1353
434 1354
435 1354
436 1354
437 1353
438 1353
439 1353
440 1354
441 1353
442 1354
443 1355
444 1355
445 1355
446 1355
447 1352
448 1355
449 1353
450 1356
451 1354
452 1356
453 1356
454 1357
455 1356
456 1355
457 1354
458 1355
459 1353
460 1353
461 1354
462 1354
463 1357
464 1353
465 1356
466 1356
467 1357
468 1355
469 1354
470 1356
471 1354
472 1352
473 1350
474 1352
475 1355
476 1354
477 1355
478 1355
479 1353
480 1352
481 1355
482 1356
483 1357
484 1356
485 1357
486 1358
487 1355
488 1355
489 1353
490 1352
491 1354
492 1355
493 1354
494 1358
495 1355
496 1354
497 1351
498 1355
499 1353
500 1355
501 1356
502 1355
503 1353
504 1354
505 1354
506 1353
507 1353
508 1357
509 1357
510 1357
511 1356
512 1355
513 1356
514 1355
515 1354
516 1355
517 1355
518 1354
519 1353
520 1355
521 1354
522 1353
523 1355
524 1356
525 1356
526 1352
527 1353
528 1353
529 1355
530 1357
531 1360
532 1357
533 1361
534 1366
535 1374
536 1385
537 1409
538 1441
539 1473
540 1516
541 1573
542 1635
543 1699
544 1765
545 1832
546 1900
547 1960
548 2021
549 2072
550 2120
551 2165
552 2197
553 2229
554 2252
555 2259
556 2271
557 2272
558 2267
559 2251
560 2238
561 2219
562 2205
563 2182
564 2164
565 2137
566 2109
567 2077
568 2049
569 2015
570 1986
571 1949
572 1918
573 1885
574 1853
575 1822
576 1795
577 1768
578 1742
579 1720
580 1702
581 1676
582 1654
583 1633
584 1619
585 1599
586 1582
587 1564
588 1548
589 1536
590 1525
591 1514
592 1506
593 1500
594 1490
595 1480
596 1476
597 1468
598 1463
599 1455
600 1450
601 1440
602 1435
603 1431
604 1423
605 1420
606 1416
607 1411
608 1408
609 1402
610 1400
611 1396
612 1390
613 1388
614 1387
615 1385
616 1381
617 1379
618 1375
619 1374
620 1372
621 1373
622 1370
623 1369
624 1369
625 1373
626 1370
627 1365
628 1366
629 1367
630 1367
631 1363
632 1364
633 1363
634 1366
635 1364
636 1363
637 1359
638 1362
639 1360
640 1360
641 1361
642 1360
643 1361
644 1361
645 1358
646 1358
647 1359
648 1360
649 1357
650 1360
651 1356
652 1355
653 1357
654 1359
655 1358
656 1358
657 1356
658 1358
659 1359
660 1359
661 1357
662 1356
663 1357
664 1355
665 1355
666 1358
667 1357
668 1356
669 1356
670 1357
671 1355
672 1358
673 1356
674 1354
675 1356
676 1355
677 1353
678 1352
679 1356
680 1355
681 1355
682 1354
683 1355
684 1355
685 1357
686 1356
687 1356
688 1356
689 1357
690 1355
691 1354
692 1355
693 1357
694 1353
695 1356
696 1353
697 1355
698 1354
699 1353
700 1356
701 1356
702 1354
703 1355
704 1357
705 1357
706 1356
707 1355
708 1356
709 1353
710 1354
711 1357
712 1353
713 1351
714 1354
715 1354
716 1355
717 1355
718 1352
719 1355
720 1353
721 1353
722 1354
723 1355
724 1353
725 1357
726 1353
727 1355
728 1355
729 1354
730 1354
731 1355
732 1354
733 1357
734 1354
735 1354
736 1353
737 1357
738 1356
739 1356
740 1353
741 1355
742 1352
743 1354
744 1353
745 1356
746 1354
747 1352
748 1354
749 1352
750 1353
751 1354
752 1354
753 1357
754 1353
755 1349
756 1354
757 1355
758 1351
759 1354
760 1355
761 1352
762 1354
763 1356
764 1355
765 1354
766 1353
767 1353
768 1354
769 1356
770 1353
771 1354
772 1351
773 1354
774 1357
775 1356
776 1356
777 1355
778 1352
779 1354
780 1353
781 1355
782 1353
783 1355
784 1354
785 1354
786 1354
787 1355
788 1353
789 1356
790 1353
791 1356
792 1352
793 1355
794 1354
795 1354
796 1356
797 1354
798 1354
799 1354
800 1353
801 1354
802 1352
803 1352
804 1353
805 1354
806 1352
807 1354
808 1352
809 1356
810 1351
811 1357
812 1353
813 1353
814 1355
815 1353
816 1356
817 1355
818 1355
819 1353
820 1353
821 1355
822 1352
823 1354
824 1354
825 1354
826 1354
827 1354
828 1351
829 1357
830 1353
831 1355
832 1356
833 1355
834 1355
835 1355
836 1354
837 1351
838 1353
839 1353
840 1354
841 1354
842 1352
843 1353
844 1353
845 1356
846 1355
847 1354
848 1355
849 1356
850 1356
851 1355
852 1354
853 1355
854 1354
855 1354
856 1352
857 1354
858 1356
859 1353
860 1357
861 1357
862 1356
863 1354
864 1355
865 1353
866 1352
867 1351
868 1352
869 1354
870 1353
871 1352
872 1351
873 1354
874 1356
875 1355
876 1354
877 1354
878 1356
879 1357
880 1353
881 1356
882 1354
883 1352
884 1354
885 1353
886 1355
887 1354
888 1356
889 1355
890 1354
891 1353
892 1355
893 1354
894 1356
895 1352
896 1352
897 1353
898 1354
899 1354
900 1354
901 1354
902 1353
903 1352
904 1356
905 1353
906 1356
907 1354
908 1350
909 1352
910 1356
911 1354
912 1352
913 1355
914 1354
915 1354
916 1355
917 1354
918 1354
919 1355
920 1354
921 1351
922 1354
923 1354
924 1356
925 1354
926 1356
927 1350
928 1353
929 1355
930 1353
931 1353
932 1351
933 1353
934 1356
935 1357
936 1356
937 1355
938 1355
939 1352
940 1355
941 1356
942 1355
943 1354
944 1356
945 1355
946 1355
947 1353
948 1357
949 1354
950 1351
951 1356
952 1356
953 1355
954 1356
955 1356
956 1355
957 1354
958 1353
959 1352
960 1353
961 1355
962 1355
963 1355
964 1355
965 1356
966 1353
967 1356
968 1355
969 1357
970 1356
971 1357
972 1356
973 1354
974 1352
975 1353
976 1356
977 1353
978 1355
979 1353
980 1353
981 1357
982 1353
983 1354
984 1354
985 1354
986 1354
987 1358
988 1354
989 1353
990 1353
991 1353
992 1357
993 1356
994 1354
995 1353
996 1352
997 1353
998 1355
999 1356
1000 1355
1001 1353
1002 1356
1003 1354
1004 1355
1005 1353
1006 1356
1007 1353
1008 1358
1009 1353
1010 1353
1011 1354
1012 1354
1013 1356
1014 1354
1015 1353
1016 1353
1017 1354
1018 1357
1019 1353
1020 1355
1021 1355
1022 1351
1023 1356
1024 1356
1025 1355
1026 1351
1027 1355
1028 1354
1029 1357
1030 1356
1031 1353
1032 1353
1033 1356
1034 1354
1035 1357
1036 1356
1037 1354
1038 1356
1039 1357
1040 1355
1041 1357
1042 1356
1043 1355
1044 1355
1045 1352
1046 1355
1047 1352
1048 1354
1049 1355
1050 1355
1051 1356
1052 1356
1053 1355
1054 1355
1055 1352
1056 1353
1057 1354
1058 1355
1059 1354
1060 1356
1061 1354
1062 1355
1063 1356
1064 1357
1065 1355
1066 1355
1067 1356
1068 1355
1069 1353
1070 1357
1071 1355
1072 1356
1073 1356
1074 1352
1075 1353
1076 1352
1077 1354
1078 1354
1079 1355
1080 1355
1081 1355
1082 1354
1083 1354
1084 1354
1085 1354
1086 1356
1087 1356
1088 1356
1089 1355
1090 1355
1091 1354
1092 1355
1093 1355
1094 1356
1095 1357
1096 1357
1097 1355
1098 1357
1099 1354
1100 1356
1101 1355
1102 1355
1103 1356
1104 1356
1105 1352
1106 1356
1107 1357
1108 1357
1109 1351
1110 1355
1111 1356
1112 1354
1113 1353
1114 1355
1115 1354
1116 1356
1117 1354
1118 1354
1119 1356
1120 1355
1121 1354
1122 1353
1123 1354
1124 1356
1125 1356
1126 1356
1127 1355
1128 1358
1129 1355
1130 1358
1131 1357
1132 1354
1133 1351
1134 1355
1135 1354
1136 1355
1137 1353
1138 1353
1139 1355
1140 1355
1141 1357
1142 1357
1143 1356
1144 1355
1145 1354
1146 1354
1147 1353
1148 1355
1149 1354
1150 1356
1151 1353
1152 1353
1153 1354
1154 1354
1155 1352
1156 1353
1157 1354
1158 1355
1159 1357
1160 1357
1161 1355
1162 1354
1163 1353
1164 1353
1165 1353
1166 1357
1167 1351
1168 1355
1169 1355
1170 1355
1171 1357
1172 1354
1173 1356
1174 1355
1175 1354
1176 1353
1177 1355
1178 1356
1179 1353
1180 1354
1181 1353
1182 1355
1183 1354
1184 1353
1185 1352
1186 1356
1187 1354
1188 1353
1189 1353
1190 1352
1191 1354
1192 1354
1193 1354
1194 1353
1195 1356
1196 1353
1197 1352
1198 1353
1199 1353
1200 1353
1201 1357
1202 1355
1203 1353
1204 1355
1205 1352
1206 1353
1207 1356
1208 1353
1209 1352
1210 1355
1211 1356
1212 1352
1213 1352
1214 1354
1215 1355
1216 1354
1217 1351
1218 1354
1219 1356
1220 1356
1221 1357
1222 1354
1223 1355
1224 1355
1225 1356
1226 1353
1227 1350
1228 1353
1229 1358
1230 1355
1231 1353
1232 1352
1233 1354
1234 1355
1235 1353
1236 1353
1237 1355
1238 1354
1239 1353
1240 1350
1241 1357
1242 1352
1243 1355
1244 1353
1245 1356
1246 1353
1247 1353
1248 1353
1249 1354
1250 1351
1251 1354
1252 1352
1253 1355
1254 1354
1255 1357
1256 1354
1257 1355
1258 1354
1259 1350
1260 1353
1261 1354
1262 1353
1263 1353
1264 1355
1265 1352
1266 1353
1267 1356
1268 1355
1269 1351
1270 1354
1271 1355
1272 1355
1273 1353
1274 1355
1275 1357
1276 1355
1277 1355
1278 1354
1279 1354
1280 1353
1281 1352
1282 1350
1283 1353
1284 1356
1285 1355
1286 1354
1287 1353
1288 1353
1289 1350
1290 1352
1291 1353
1292 1353
1293 1352
1294 1352
1295 1353
1296 1354
1297 1355
1298 1354
1299 1354
1300 1354
1301 1357
1302 1355
1303 1352
1304 1355
1305 1354
1306 1355
1307 1351
1308 1353
1309 1354
1310 1354
1311 1352
1312 1353
1313 1355
1314 1358
1315 1357
1316 1355
1317 1356
1318 1352
1319 1354
1320 1356
1321 1357
1322 1354
1323 1351
1324 1350
1325 1355
1326 1355
1327 1355
1328 1355
1329 1353
1330 1354
1331 1353
1332 1355
1333 1354
1334 1353
1335 1355
1336 1354
1337 1354
1338 1356
1339 1353
1340 1357
1341 1354
1342 1354
1343 1354
1344 1357
1345 1354
1346 1355
1347 1353
1348 1355
1349 1353
1350 1356
1351 1351
1352 1351
1353 1352
1354 1354
1355 1353
1356 1355
1357 1351
1358 1354
1359 1354
1360 1355
1361 1352
1362 1353
1363 1355
1364 1353
1365 1350
1366 1356
1367 1353
1368 1355
1369 1352
1370 1356
1371 1355
1372 1356
1373 1356
1374 1355
1375 1356
1376 1354
1377 1352
1378 1353
1379 1352
1380 1353
1381 1357
1382 1354
1383 1353
1384 1356
1385 1355
1386 1355
1387 1356
1388 1355
1389 1354
1390 1353
1391 1354
1392 1353
1393 1354
1394 1353
1395 1354
1396 1354
1397 1355
1398 1353
1399 1356
1400 1356
1401 1353
1402 1354
1403 1357
1404 1353
1405 1354
1406 1353
1407 1356
1408 1357
1409 1353
1410 1355
1411 1353
1412 1350
1413 1355
1414 1355
1415 1356
1416 1356
1417 1353
1418 1353
1419 1356
1420 1355
1421 1357
1422 1355
1423 1353
1424 1353
1425 1351
1426 1354
1427 1357
1428 1354
1429 1353
1430 1354
1431 1357
1432 1356
1433 1353
1434 1354
1435 1356
1436 1355
1437 1353
1438 1352
1439 1355
1440 1352
1441 1355
1442 1354
1443 1356
1444 1356
1445 1354
1446 1352
1447 1352
1448 1351
1449 1356
1450 1354
1451 1354
1452 1355
1453 1355
1454 1352
1455 1353
1456 1352
1457 1354
1458 1353
1459 1356
1460 1355
1461 1354
1462 1354
1463 1355
1464 1356
1465 1353
1466 1356
1467 1354
1468 1353
1469 1354
1470 1355
1471 1354
1472 1355
1473 1355
1474 1358
1475 1353
1476 1353
1477 1352
1478 1355
1479 1356
1480 1352
1481 1352
1482 1353
1483 1354
1484 1353
1485 1357
1486 1353
1487 1354
1488 1356
1489 1350
1490 1355
1491 1357
1492 1355
1493 1356
1494 1354
1495 1353
1496 1354
1497 1352
1498 1355
1499 1354
1500 1354
1501 1355
1502 1353
1503 1353
1504 1356
1505 1355
1506 1353
1507 1355
1508 1355
1509 1353
1510 1353
1511 1355
1512 1354
1513 1351
1514 1354
1515 1352
1516 1355
1517 1356
1518 1355
1519 1355
1520 1355
1521 1355
1522 1356
1523 1355
1524 1355
1525 1355
1526 1354
1527 1354
1528 1354
1529 1354
1530 1354
1531 1349
1532 1353
1533 1353
1534 1358
1535 1357
1536 1356
1537 1359
1538 1355
1539 1356
1540 1356
1541 1349
1542 1352
1543 1356
1544 1355
1545 1354
1546 1355
1547 1352
1548 1352
1549 1354
1550 1351
1551 1355
1552 1354
1553 1357
1554 1355
1555 1355
1556 1353
1557 1355
1558 1354
1559 1356
1560 1355
1561 1354
1562 1354
1563 1356
1564 1354
1565 1354
1566 1353
1567 1352
1568 1355
1569 1354
1570 1354
1571 1353
1572 1355
1573 1352
1574 1353
1575 1355
1576 1353
1577 1353
1578 1355
1579 1355
1580 1355
1581 1355
1582 1352
1583 1353
1584 1354
1585 1353
1586 1353
1587 1352
1588 1353
1589 1355
1590 1356
1591 1355
1592 1355
1593 1353
1594 1355
1595 1352
1596 1354
1597 1353
1598 1354
1599 1354
1600 1354
1601 1356
1602 1356
1603 1354
1604 1354
1605 1357
1606 1354
1607 1355
1608 1352
1609 1355
1610 1353
1611 1354
1612 1352
1613 1355
1614 1356
1615 1355
1616 1355
1617 1353
1618 1354
1619 1354
1620 1352
1621 1354
1622 1353
1623 1352
1624 1354
1625 1354
1626 1355
1627 1355
1628 1352
1629 1353
1630 1354
1631 1354
1632 1354
1633 1355
1634 1356
1635 1353
1636 1353
1637 1351
1638 1352
1639 1354
1640 1354
1641 1355
1642 1355
1643 1355
1644 1356
1645 1356
1646 1354
1647 1356
1648 1354
1649 1352
1650 1352
1651 1356
1652 1354
1653 1351
1654 1354
1655 1351
1656 1353
1657 1355
1658 1355
1659 1351
1660 1352
1661 1351
1662 1355
1663 1355
1664 1356
1665 1353
1666 1352
1667 1355
1668 1355
1669 1354
1670 1351
1671 1353
1672 1351
1673 1351
1674 1354
1675 1353
1676 1353
1677 1356
1678 1356
1679 1354
1680 1356
1681 1355
1682 1355
1683 1355
1684 1354
1685 1356
1686 1355
1687 1353
1688 1353
1689 1352
1690 1355
1691 1355
1692 1351
1693 1354
1694 1357
1695 1355
1696 1357
1697 1353
1698 1356
1699 1352
1700 1357
1701 1356
1702 1356
1703 1354
1704 1355
1705 1351
1706 1353
1707 1358
1708 1356
1709 1355
1710 1353
1711 1352
1712 1354
1713 1356
1714 1357
1715 1354
1716 1356
1717 1355
1718 1357
1719 1354
1720 1352
1721 1354
1722 1355
1723 1353
1724 1356
1725 1355
1726 1354
1727 1356
1728 1355
1729 1354
1730 1355
1731 1357
1732 1355
1733 1353
1734 1354
1735 1357
1736 1356
1737 1354
1738 1355
1739 1357
1740 1356
1741 1356
1742 1356
1743 1353
1744 1355
1745 1354
1746 1355
1747 1355
1748 1354
1749 1355
1750 1355
1751 1355
1752 1354
1753 1352
1754 1353
1755 1356
1756 1354
1757 1353
1758 1354
1759 1354
1760 1353
1761 1354
1762 1352
1763 1351
1764 1353
1765 1356
1766 1355
1767 1354
1768 1355
1769 1353
1770 1357
1771 1354
1772 1357
1773 1355
1774 1354
1775 1357
1776 1355
1777 1354
1778 1356
1779 1354
1780 1352
1781 1353
1782 1353
1783 1353
1784 1354
1785 1353
1786 1354
1787 1353
1788 1353
1789 1353
1790 1356
1791 1355
1792 1352
1793 1349
1794 1354
1795 1355
1796 1355
1797 1353
1798 1356
1799 1354
1800 1354
1801 1353
1802 1357
1803 1354
1804 1355
1805 1351
1806 1357
1807 1353
1808 1353
1809 1353
1810 1353
1811 1354
1812 1355
1813 1354
1814 1352
1815 1352
1816 1354
1817 1353
1818 1354
1819 1351
1820 1353
1821 1352
1822 1352
1823 1351
1824 1356
1825 1354
1826 1355
1827 1353
1828 1355
1829 1357
1830 1356
1831 1356
1832 1355
1833 1355
1834 1356
1835 1353
1836 1356
1837 1355
1838 1356
1839 1356
1840 1357
1841 1356
1842 1356
1843 1353
1844 1356
1845 1354
1846 1353
1847 1355
1848 1358
1849 1353
1850 1354
1851 1351
1852 1353
1853 1353
1854 1357
1855 1355
1856 1353
1857 1353
1858 1355
1859 1352
1860 1353
1861 1353
1862 1357
1863 1355
1864 1355
1865 1355
1866 1354
1867 1355
1868 1356
1869 1354
1870 1353
1871 1354
1872 1355
1873 1353
1874 1353
1875 1354
1876 1355
1877 1352
1878 1355
1879 1351
1880 1354
1881 1354
1882 1353
1883 1355
1884 1355
1885 1355
1886 1353
1887 1351
1888 1355
1889 1355
1890 1357
1891 1354
1892 1357
1893 1356
1894 1354
1895 1356
1896 1356
1897 1355
1898 1355
1899 1354
1900 1355
1901 1355
1902 1353
1903 1355
1904 1353
1905 1355
1906 1355
1907 1353
1908 1354
1909 1356
1910 1351
1911 1355
1912 1354
1913 1353
1914 1355
1915 1355
1916 1355
1917 1354
1918 1353
1919 1353
1920 1354
1921 1355
1922 1353
1923 1353
1924 1354
1925 1352
1926 1356
1927 1354
1928 1354
1929 1353
1930 1355
1931 1356
1932 1353
1933 1356
1934 1354
1935 1353
1936 1354
1937 1355
1938 1355
1939 1354
1940 1355
1941 1354
1942 1354
1943 1354
1944 1354
1945 1353
1946 1354
1947 1355
1948 1357
1949 1354
1950 1354
1951 1353
1952 1355
1953 1355
1954 1354
1955 1357
1956 1356
1957 1355
1958 1354
1959 1354
1960 1352
1961 1353
1962 1355
1963 1355
1964 1353
1965 1354
1966 1353
1967 1354
1968 1355
1969 1354
1970 1351
1971 1355
1972 1354
1973 1353
1974 1355
1975 1353
1976 1353
1977 1353
1978 1356
1979 1354
1980 1354
1981 1353
1982 1356
1983 1356
1984 1356
1985 1356
1986 1357
1987 1352
1988 1355
1989 1352
1990 1355
1991 1355
1992 1353
1993 1351
1994 1356
1995 1352
1996 1356
1997 1357
1998 1355
1999 1356
2000 1353
2001 1353
2002 1354
2003 1355
2004 1356
2005 1355
2006 1355
2007 1353
2008 1356
2009 1354
2010 1356
2011 1357
2012 1354
2013 1356
2014 1354
2015 1356
2016 1355
2017 1357
2018 1353
2019 1352
2020 1356
2021 1356
2022 1353
2023 1356
2024 1354
2025 1356
2026 1356
2027 1353
2028 1353
2029 1355
2030 1355
2031 1355
2032 1354
2033 1351
2034 1354
2035 1356
2036 1354
2037 1355
2038 1355
2039 1353
2040 1354
2041 1352
2042 1353
2043 1355
2044 1356
2045 1355
2046 1354
2047 1354
2048 1359
2049 1357
2050 1354
2051 1352
2052 1355
2053 1357
2054 1355
2055 1355
2056 1353
2057 1357
2058 1354
2059 1350
2060 1351
2061 1356
2062 1357
2063 1355
2064 1352
2065 1353
2066 1352
2067 1357
2068 1354
2069 1354
2070 1353
2071 1355
2072 1353
2073 1354
2074 1356
2075 1357
2076 1353
2077 1357
2078 1355
2079 1354
2080 1356
2081 1357
2082 1355
2083 1354
2084 1353
2085 1353
2086 1353
2087 1353
2088 1352
2089 1356
2090 1355
2091 1354
2092 1351
2093 1350
2094 1354
2095 1354
2096 1355
2097 1356
2098 1353
2099 1353
2100 1353
2101 1355
2102 1352
2103 1355
2104 1355
2105 1357
2106 1355
2107 1355
2108 1354
2109 1353
2110 1353
2111 1354
2112 1354
2113 1356
2114 1356
2115 1355
2116 1355
2117 1353
2118 1354
2119 1354
2120 1353
2121 1354
2122 1353
2123 1356
2124 1356
2125 1356
2126 1354
2127 1355
2128 1353
2129 1355
2130 1354
2131 1356
2132 1355
2133 1355
2134 1352
2135 1355
2136 1354
2137 1354
2138 1353
2139 1355
2140 1356
2141 1353
2142 1357
2143 1355
2144 1352
2145 1356
2146 1353
2147 1356
2148 1357
2149 1355
2150 1353
2151 1353
2152 1352
2153 1355
2154 1353
2155 1353
2156 1354
2157 1355
2158 1353
2159 1355
2160 1353
2161 1355
2162 1356
2163 1357
2164 1353
2165 1352
2166 1353
2167 1355
2168 1353
2169 1356
2170 1355
2171 1358
2172 1353
2173 1354
2174 1355
2175 1356
2176 1354
2177 1353
2178 1354
2179 1355
2180 1356
2181 1354
2182 1353
2183 1355
2184 1355
2185 1354
2186 1353
2187 1354
2188 1350
2189 1356
2190 1353
2191 1354
2192 1354
2193 1354
2194 1354
2195 1354
2196 1354
2197 1355
2198 1355
2199 1357
2200 1353
2201 1354
2202 1352
2203 1351
2204 1355
2205 1355
2206 1354
2207 1355
2208 1351
2209 1353
2210 1355
2211 1352
2212 1351
2213 1356
2214 1354
2215 1354
2216 1356
2217 1354
2218 1355
2219 1355
2220 1352
2221 1356
2222 1354
2223 1357
2224 1355
2225 1354
2226 1353
2227 1355
2228 1348
2229 1354
2230 1353
2231 1354
2232 1353
2233 1353
2234 1356
2235 1355
2236 1353
2237 1355
2238 1355
2239 1351
2240 1356
2241 1357
2242 1354
2243 1354
2244 1352
2245 1353
2246 1354
2247 1355
2248 1354
2249 1357
2250 1354
2251 1356
2252 1356
2253 1357
2254 1354
2255 1356
2256 1356
2257 1355
2258 1356
2259 1357
2260 1355
2261 1353
2262 1351
2263 1353
2264 1355
2265 1358
2266 1356
2267 1356
2268 1356
2269 1352
2270 1353
2271 1356
2272 1356
2273 1355
2274 1355
2275 1354
2276 1353
2277 1355
2278 1354
2279 1355
2280 1354
2281 1356
2282 1354
2283 1353
2284 1352
2285 1356
2286 1356
2287 1354
2288 1355
2289 1355
2290 1354
2291 1358
2292 1351
2293 1355
2294 1356
2295 1356
2296 1352
2297 1354
2298 1353
2299 1354
2300 1352
2301 1355
2302 1354
2303 1357
2304 1353
2305 1354
2306 1355
2307 1350
2308 1352
2309 1355
2310 1353
2311 1357
2312 1353
2313 1357
2314 1354
2315 1356
2316 1355
2317 1356
2318 1355
2319 1355
2320 1354
2321 1354
2322 1354
2323 1357
2324 1354
2325 1355
2326 1356
2327 1356
2328 1356
2329 1356
2330 1354
2331 1353
2332 1353
2333 1355
2334 1352
2335 1354
2336 1352
2337 1353
2338 1355
2339 1355
2340 1354
2341 1359
2342 1357
2343 1356
2344 1355
2345 1355
2346 1356
2347 1356
2348 1354
2349 1355
2350 1354
2351 1354
2352 1352
2353 1354
2354 1353
2355 1353
2356 1355
2357 1354
2358 1355
2359 1355
2360 1355
2361 1353
2362 1352
2363 1352
2364 1353
2365 1354
2366 1352
2367 1354
2368 1356
2369 1354
2370 1353
2371 1355
2372 1351
2373 1356
2374 1354
2375 1354
2376 1355
2377 1351
2378 1354
2379 1356
2380 1354
2381 1355
2382 1353
2383 1354
2384 1354
2385 1355
2386 1355
2387 1356
2388 1352
2389 1355
2390 1353
2391 1352
2392 1352
2393 1355
2394 1354
2395 1358
2396 1353
2397 1355
2398 1351
2399 1354
2400 1352
2401 1355
2402 1353
2403 1352
2404 1354
2405 1354
2406 1352
2407 1356
2408 1351
2409 1355
2410 1355
2411 1357
2412 1353
2413 1357
2414 1351
2415 1352
2416 1354
2417 1353
2418 1354
2419 1356
2420 1353
2421 1355
2422 1350
2423 1355
2424 1359
2425 1353
2426 1353
2427 1353
2428 1353
2429 1354
2430 1356
2431 1353
2432 1352
2433 1355
2434 1351
2435 1356
2436 1356
2437 1356
2438 1356
2439 1353
2440 1357
2441 1353
2442 1355
2443 1355
2444 1351
2445 1352
2446 1354
2447 1352
2448 1351
2449 1355
2450 1352
2451 1352
2452 1352
2453 1357
2454 1357
2455 1354
2456 1352
2457 1355
2458 1353
2459 1357
2460 1355
2461 1354
2462 1353
2463 1351
2464 1353
2465 1354
2466 1356
2467 1357
2468 1356
2469 1354
2470 1355
2471 1357
2472 1354
2473 1357
2474 1353
2475 1355
2476 1353
2477 1354
2478 1356
2479 1355
2480 1353
2481 1355
2482 1352
2483 1354
2484 1357
2485 1356
2486 1355
2487 1354
2488 1353
2489 1355
2490 1355
2491 1353
2492 1353
2493 1352
2494 1354
2495 1356
2496 1353
2497 1354
2498 1355
2499 1357
2500 1352
2501 1355
2502 1356
2503 1354
2504 1353
2505 1352
2506 1353
2507 1353
2508 1353
2509 1351
2510 1354
2511 1354
2512 1355
2513 1356
2514 1353
2515 1353
2516 1352
2517 1352
2518 1351
2519 1353
2520 1355
2521 1354
2522 1355
2523 1355
2524 1351
2525 1353
2526 1355
2527 1354
2528 1357
2529 1355
2530 1352
2531 1354
2532 1354
2533 1355
2534 1353
2535 1356
2536 1353
2537 1354
2538 1352
2539 1352
2540 1351
2541 1357
2542 1356
2543 1355
2544 1354
2545 1352
2546 1357
2547 1352
2548 1356
2549 1352
2550 1353
2551 1356
2552 1354
2553 1353
2554 1353
2555 1355
2556 1353
2557 1356
2558 1353
2559 1352
2560 1355
2561 1356
2562 1356
2563 1352
2564 1356
2565 1354
2566 1354
2567 1354
2568 1356
2569 1354
2570 1354
2571 1354
2572 1354
2573 1352
2574 1354
2575 1354
2576 1354
2577 1353
2578 1354
2579 1351
2580 1353
2581 1351
2582 1352
2583 1355
2584 1354
2585 1352
2586 1353
2587 1354
2588 1355
2589 1352
2590 1354
2591 1352
2592 1356
2593 1353
2594 1355
2595 1354
2596 1356
2597 1355
2598 1357
2599 1352
2600 1354
2601 1354
2602 1354
2603 1354
2604 1353
2605 1354
2606 1355
2607 1350
2608 1352
2609 1354
2610 1353
2611 1352
2612 1351
2613 1353
2614 1355
2615 1353
2616 1353
2617 1355
2618 1353
2619 1357
2620 1356
2621 1353
2622 1353
2623 1354
2624 1353
2625 1356
2626 1354
2627 1355
2628 1356
2629 1354
2630 1353
2631 1354
2632 1352
2633 1351
2634 1353
2635 1354
2636 1354
2637 1355
2638 1355
2639 1352
2640 1352
2641 1349
2642 1355
2643 1353
2644 1358
2645 1357
2646 1353
2647 1353
2648 1354
2649 1356
2650 1353
2651 1353
2652 1352
2653 1353
2654 1353
2655 1354
2656 1355
2657 1356
2658 1352
2659 1355
2660 1353
2661 1354
2662 1351
2663 1353
2664 1354
2665 1355
2666 1354
2667 1356
2668 1354
2669 1354
2670 1353
2671 1353
2672 1351
2673 1353
2674 1354
2675 1355
2676 1353
2677 1355
2678 1351
2679 1352
2680 1351
2681 1353
2682 1352
2683 1356
2684 1355
2685 1355
2686 1356
2687 1356
2688 1354
2689 1356
2690 1356
2691 1352
2692 1354
2693 1355
2694 1354
2695 1354
2696 1351
2697 1353
2698 1352
2699 1352
2700 1352
2701 1357
2702 1352
2703 1353
2704 1353
2705 1354
2706 1355
2707 1353
2708 1352
2709 1354
2710 1353
2711 1354
2712 1356
2713 1352
2714 1353
2715 1357
2716 1354
2717 1353
2718 1353
2719 1352
2720 1354
2721 1355
2722 1353
2723 1353
2724 1356
2725 1357
2726 1355
2727 1354
2728 1353
2729 1353
2730 1353
2731 1353
2732 1355
2733 1353
2734 1352
2735 1353
2736 1355
2737 1352
2738 1351
2739 1354
2740 1353
2741 1352
2742 1354
2743 1353
2744 1356
2745 1357
2746 1352
2747 1354
2748 1352
2749 1353
2750 1356
2751 1353
2752 1355
2753 1352
2754 1352
2755 1353
2756 1351
2757 1355
2758 1354
2759 1351
2760 1355
2761 1356
2762 1355
2763 1354
2764 1354
2765 1355
2766 1354
2767 1351
2768 1351
2769 1354
2770 1354
2771 1353
2772 1353
2773 1353
2774 1358
2775 1357
2776 1354
2777 1354
2778 1353
2779 1356
2780 1356
2781 1353
2782 1355
2783 1353
2784 1353
2785 1353
2786 1354
2787 1355
2788 1354
2789 1353
2790 1353
2791 1351
2792 1353
2793 1354
2794 1355
2795 1352
2796 1354
2797 1355
2798 1353
2799 1352
2800 1355
2801 1354
2802 1353
2803 1354
2804 1357
2805 1356
2806 1355
2807 1355
2808 1354
2809 1352
2810 1357
2811 1354
2812 1353
2813 1352
2814 1354
2815 1353
2816 1356
2817 1354
2818 1353
2819 1353
2820 1357
2821 1355
2822 1354
2823 1355
2824 1354
2825 1354
2826 1357
2827 1354
2828 1355
2829 1357
2830 1353
2831 1353
2832 1356
2833 1359
2834 1359
2835 1355
2836 1354
2837 1357
2838 1355
2839 1357
2840 1356
2841 1355
2842 1354
2843 1354
2844 1352
2845 1353
2846 1355
2847 1354
2848 1352
2849 1352
2850 1352
2851 1354
2852 1354
2853 1357
2854 1355
2855 1355
2856 1354
2857 1353
2858 1355
2859 1356
2860 1355
2861 1355
2862 1354
2863 1357
2864 1356
2865 1354
2866 1354
2867 1356
2868 1356
2869 1358
2870 1354
2871 1354
2872 1352
2873 1353
2874 1354
2875 1356
2876 1353
2877 1352
2878 1352
2879 1355
2880 1355
2881 1352
2882 1353
2883 1353
2884 1355
2885 1354
2886 1351
2887 1352
2888 1356
2889 1357
2890 1354
2891 1354
2892 1354
2893 1357
2894 1355
2895 1353
2896 1354
2897 1355
2898 1355
2899 1354
2900 1352
2901 1353
2902 1356
2903 1354
2904 1356
2905 1353
2906 1355
2907 1355
2908 1354
2909 1354
2910 1352
2911 1355
2912 1350
2913 1351
2914 1355
2915 1355
2916 1354
2917 1357
2918 1354
2919 1354
2920 1354
2921 1356
2922 1356
2923 1354
2924 1356
2925 1354
2926 1354
2927 1356
2928 1356
2929 1352
2930 1355
2931 1354
2932 1353
2933 1351
2934 1355
2935 1355
2936 1354
2937 1356
2938 1354
2939 1351
2940 1354
2941 1352
2942 1354
2943 1356
2944 1354
2945 1353
2946 1356
2947 1356
2948 1355
2949 1357
2950 1357
2951 1353
2952 1356
2953 1356
2954 1354
2955 1354
2956 1356
2957 1356
2958 1353
2959 1353
2960 1355
2961 1355
2962 1354
2963 1352
2964 1355
2965 1354
2966 1358
2967 1356
2968 1354
2969 1354
2970 1356
2971 1357
2972 1354
2973 1351
2974 1353
2975 1354
2976 1355
2977 1356
2978 1353
2979 1355
2980 1357
2981 1356
2982 1355
2983 1355
2984 1354
2985 1355
2986 1356
2987 1354
2988 1354
2989 1353
2990 1355
2991 1355
2992 1354
2993 1354
2994 1355
2995 1355
2996 1354
2997 1358
2998 1356
2999 1356
3000 1353
3001 1358
3002 1354
3003 1357
3004 1356
3005 1355
3006 1354
3007 1357
3008 1356
3009 1354
3010 1355
3011 1358
3012 1353
3013 1353
3014 1355
3015 1353
3016 1354
3017 1357
3018 1355
3019 1353
3020 1352
3021 1354
3022 1354
3023 1355
3024 1355
3025 1357
3026 1356
3027 1357
3028 1355
3029 1355
3030 1355
3031 1357
3032 1354
3033 1356
3034 1355
3035 1354
3036 1353
3037 1355
3038 1356
3039 1357
3040 1355
3041 1354
3042 1354
3043 1356
3044 1352
3045 1356
3046 1356
3047 1355
3048 1352
3049 1355
3050 1354
3051 1354
3052 1354
3053 1353
3054 1355
3055 1354
3056 1354
3057 1356
3058 1356
3059 1357
3060 1356
3061 1354
3062 1355
3063 1353
3064 1353
3065 1355
3066 1355
3067 1355
3068 1352
3069 1353
3070 1357
3071 1355
3072 1353
3073 1354
3074 1351
3075 1354
3076 1353
3077 1355
3078 1356
3079 1355
3080 1354
3081 1356
3082 1356
3083 1354
3084 1353
3085 1356
3086 1355
3087 1356
3088 1354
3089 1354
3090 1356
3091 1356
3092 1353
3093 1355
3094 1353
3095 1355
3096 1353
3097 1355
3098 1355
3099 1353
3100 1352
3101 1354
3102 1355
3103 1355
3104 1355
3105 1354
3106 1353
3107 1354
3108 1353
3109 1357
3110 1354
3111 1355
3112 1355
3113 1356
3114 1352
3115 1354
3116 1357
3117 1357
3118 1356
3119 1356
3120 1354
3121 1355
3122 1352
3123 1355
3124 1355
3125 1355
3126 1352
3127 1354
3128 1355
3129 1357
3130 1352
3131 1357
3132 1354
3133 1356
3134 1351
3135 1352
3136 1353
3137 1354
3138 1352
3139 1356
3140 1355
3141 1356
3142 1355
3143 1355
3144 1354
3145 1354
3146 1355
3147 1352
3148 1352
3149 1358
3150 1355
3151 1352
3152 1350
3153 1352
3154 1356
3155 1354
3156 1353
3157 1357
3158 1354
3159 1355
3160 1354
3161 1355
3162 1355
3163 1351
3164 1353
3165 1355
3166 1354
3167 1355
3168 1355
3169 1354
3170 1354
3171 1357
3172 1356
3173 1357
3174 1352
3175 1354
3176 1354
3177 1355
3178 1355
3179 1355
3180 1354
3181 1354
3182 1355
3183 1354
3184 1357
3185 1357
3186 1357
3187 1355
3188 1353
3189 1354
3190 1353
3191 1354
3192 1355
3193 1355
3194 1355
3195 1354
3196 1354
3197 1354
3198 1356
3199 1355
3200 1355
3201 1354
3202 1354
3203 1354
3204 1354
3205 1357
3206 1355
3207 1351
3208 1354
3209 1354
3210 1355
3211 1354
3212 1351
3213 1353
3214 1356
3215 1357
3216 1353
3217 1356
3218 1356
3219 1354
3220 1354
3221 1351
3222 1353
3223 1355
3224 1356
3225 1354
3226 1356
3227 1355
3228 1357
3229 1354
3230 1356
3231 1355
3232 1356
3233 1354
3234 1354
3235 1355
3236 1356
3237 1354
3238 1356
3239 1351
3240 1353
3241 1354
3242 1351
3243 1351
3244 1352
3245 1354
3246 1354
3247 1357
3248 1353
3249 1355
3250 1352
3251 1350
3252 1353
3253 1356
3254 1353
3255 1353
3256 1354
3257 1354
3258 1352
3259 1352
3260 1351
3261 1355
3262 1353
3263 1353
3264 1355
3265 1356
3266 1354
3267 1352
3268 1353
3269 1356
3270 1352
3271 1354
3272 1356
3273 1355
3274 1353
3275 1352
3276 1351
3277 1356
3278 1352
3279 1355
3280 1355
3281 1352
3282 1353
3283 1353
3284 1353
3285 1355
3286 1354
3287 1356
3288 1357
3289 1354
3290 1355
3291 1356
3292 1354
3293 1353
3294 1353
3295 1355
3296 1352
3297 1353
3298 1355
3299 1355
3300 1354
3301 1354
3302 1355
3303 1354
3304 1354
3305 1352
3306 1354
3307 1354
3308 1353
3309 1356
3310 1353
3311 1352
3312 1353
3313 1355
3314 1354
3315 1353
3316 1353
3317 1354
3318 1352
3319 1356
3320 1354
3321 1353
3322 1351
3323 1353
3324 1356
3325 1353
3326 1355
3327 1354
3328 1355
3329 1355
3330 1355
3331 1355
3332 1352
3333 1356
3334 1354
3335 1354
3336 1356
3337 1355
3338 1355
3339 1354
3340 1354
3341 1353
3342 1352
3343 1352
3344 1353
3345 1357
3346 1351
3347 1354
3348 1354
3349 1356
3350 1354
3351 1355
3352 1355
3353 1355
3354 1351
3355 1351
3356 1355
3357 1353
3358 1353
3359 1354
3360 1355
3361 1354
3362 1355
3363 1356
3364 1354
3365 1355
3366 1355
3367 1354
3368 1354
3369 1354
3370 1354
3371 1355
3372 1352
3373 1353
3374 1354
3375 1354
3376 1352
3377 1356
3378 1357
3379 1353
3380 1355
3381 1355
3382 1356
3383 1353
3384 1353
3385 1356
3386 1356
3387 1354
3388 1355
3389 1353
3390 1352
3391 1356
3392 1356
3393 1354
3394 1356
3395 1353
3396 1353
3397 1357
3398 1353
3399 1353
3400 1354
3401 1356
3402 1354
3403 1354
3404 1356
3405 1355
3406 1354
3407 1354
3408 1355
3409 1354
3410 1356
3411 1352
3412 1355
3413 1352
3414 1356
3415 1353
3416 1358
3417 1358
3418 1355
3419 1354
3420 1355
3421 1357
3422 1357
3423 1354
3424 1358
3425 1352
3426 1356
3427 1357
3428 1356
3429 1351
3430 1354
3431 1353
3432 1354
3433 1351
3434 1355
3435 1355
3436 1355
3437 1353
3438 1352
3439 1352
3440 1357
3441 1354
3442 1353
3443 1352
3444 1355
3445 1353
3446 1356
3447 1352
3448 1355
3449 1353
3450 1358
3451 1355
3452 1354
3453 1357
3454 1355
3455 1357
3456 1356
3457 1356
3458 1358
3459 1356
3460 1355
3461 1352
3462 1355
3463 1355
3464 1354
3465 1352
3466 1356
3467 1356
3468 1357
3469 1354
3470 1355
3471 1353
3472 1355
3473 1355
3474 1355
3475 1353
3476 1356
3477 1354
3478 1355
3479 1353
3480 1353
3481 1356
3482 1356
3483 1355
3484 1354
3485 1352
3486 1354
3487 1354
3488 1355
3489 1356
3490 1355
3491 1356
3492 1357
3493 1353
3494 1353
3495 1355
3496 1355
3497 1356
3498 1356
3499 1354
3500 1356
3501 1357
3502 1354
3503 1354
3504 1353
3505 1354
3506 1354
3507 1355
3508 1355
3509 1355
3510 1355
3511 1355
3512 1358
3513 1353
3514 1354
3515 1353
3516 1353
3517 1354
3518 1353
3519 1355
3520 1354
3521 1357
3522 1355
3523 1353
3524 1353
3525 1352
3526 1353
3527 1352
3528 1354
3529 1355
3530 1352
3531 1355
3532 1354
3533 1356
3534 1358
3535 1357
3536 1355
3537 1355
3538 1354
3539 1357
3540 1356
3541 1355
3542 1354
3543 1353
3544 1355
3545 1355
3546 1355
3547 1356
3548 1354
3549 1356
3550 1356
3551 1356
3552 1355
3553 1353
3554 1352
3555 1354
3556 1356
3557 1355
3558 1353
3559 1354
3560 1355
3561 1354
3562 1352
3563 1353
3564 1356
3565 1356
3566 1353
3567 1354
3568 1356
3569 1353
3570 1356
3571 1354
3572 1356
3573 1354
3574 1354
3575 1356
3576 1357
3577 1357
3578 1355
3579 1355
3580 1357
3581 1355
3582 1355
3583 1354
3584 1355
3585 1357
3586 1353
3587 1352
3588 1354
3589 1353
3590 1356
3591 1354
3592 1353
3593 1355
3594 1355
3595 1356
3596 1356
3597 1357
3598 1355
3599 1357
3600 1355
3601 1356
3602 1357
3603 1356
3604 1355
3605 1351
3606 1355
3607 1354
3608 1357
3609 1351
3610 1352
3611 1353
3612 1356
3613 1355
3614 1355
3615 1355
3616 1354
3617 1357
3618 1354
3619 1355
3620 1354
3621 1356
3622 1356
3623 1355
3624 1355
3625 1354
3626 1356
3627 1357
3628 1354
3629 1355
3630 1355
3631 1357
3632 1354
3633 1353
3634 1355
3635 1354
3636 1350
3637 1354
3638 1355
3639 1351
3640 1355
3641 1352
3642 1354
3643 1358
3644 1354
3645 1356
3646 1352
3647 1357
3648 1355
3649 1354
3650 1353
3651 1355
3652 1355
3653 1355
3654 1353
3655 1355
3656 1352
3657 1355
3658 1354
3659 1354
3660 1352
3661 1353
3662 1355
3663 1354
3664 1356
3665 1352
3666 1354
3667 1353
3668 1356
3669 1354
3670 1356
3671 1354
3672 1353
3673 1352
3674 1353
3675 1353
3676 1353
3677 1356
3678 1353
3679 1351
3680 1355
3681 1352
3682 1354
3683 1355
3684 1355
3685 1357
3686 1355
3687 1352
3688 1352
3689 1355
3690 1355
3691 1354
3692 1352
3693 1355
3694 1357
3695 1354
3696 1353
3697 1354
3698 1355
3699 1354
3700 1354
3701 1352
3702 1351
3703 1355
3704 1353
3705 1353
3706 1352
3707 1353
3708 1353
3709 1353
3710 1355
3711 1355
3712 1355
3713 1354
3714 1354
3715 1352
3716 1355
3717 1357
3718 1355
3719 1357
3720 1354
3721 1356
3722 1355
3723 1356
3724 1356
3725 1357
3726 1358
3727 1354
3728 1355
3729 1353
3730 1355
3731 1355
3732 1355
3733 1354
3734 1350
3735 1353
3736 1354
3737 1353
3738 1352
3739 1354
3740 1354
3741 1352
3742 1354
3743 1356
3744 1355
3745 1353
3746 1354
3747 1353
3748 1356
3749 1354
3750 1352
3751 1351
3752 1354
3753 1354
3754 1355
3755 1355
3756 1355
3757 1355
3758 1355
3759 1355
3760 1353
3761 1355
3762 1353
3763 1354
3764 1355
3765 1356
3766 1353
3767 1352
3768 1355
3769 1354
3770 1355
3771 1354
3772 1357
3773 1353
3774 1355
3775 1354
3776 1356
3777 1351
3778 1354
3779 1354
3780 1357
3781 1353
3782 1356
3783 1353
3784 1358
3785 1355
3786 1353
3787 1355
3788 1355
3789 1356
3790 1356
3791 1355
3792 1356
3793 1353
3794 1354
3795 1355
3796 1354
3797 1352
3798 1353
3799 1355
3800 1356
3801 1353
3802 1353
3803 1356
3804 1354
3805 1355
3806 1355
3807 1353
3808 1354
3809 1353
3810 1356
3811 1354
3812 1355
3813 1355
3814 1358
3815 1357
3816 1357
3817 1354
3818 1354
3819 1353
3820 1356
3821 1353
3822 1356
3823 1354
3824 1356
3825 1356
3826 1354
3827 1354
3828 1354
3829 1354
3830 1357
3831 1355
3832 1356
3833 1355
3834 1355
3835 1354
3836 1356
3837 1354
3838 1356
3839 1355
3840 1356
3841 1355
3842 1355
3843 1354
3844 1354
3845 1356
3846 1357
3847 1357
3848 1355
3849 1353
3850 1354
3851 1356
3852 1356
3853 1352
3854 1353
3855 1353
3856 1355
3857 1356
3858 1355
3859 1354
3860 1356
3861 1354
3862 1355
3863 1354
3864 1354
3865 1353
3866 1355
3867 1354
3868 1352
3869 1353
3870 1352
3871 1356
3872 1356
3873 1355
3874 1353
3875 1355
3876 1356
3877 1355
3878 1355
3879 1357
3880 1356
3881 1354
3882 1352
3883 1353
3884 1353
3885 1357
3886 1355
3887 1353
3888 1353
3889 1357
3890 1355
3891 1356
3892 1352
3893 1353
3894 1354
3895 1352
3896 1353
3897 1354
3898 1351
3899 1355
3900 1355
3901 1353
3902 1355
3903 1355
3904 1354
3905 1352
3906 1355
3907 1353
3908 1354
3909 1356
3910 1354
3911 1357
3912 1353
3913 1354
3914 1355
3915 1355
3916 1354
3917 1356
3918 1353
3919 1353
3920 1357
3921 1354
3922 1354
3923 1353
3924 1355
3925 1354
3926 1354
3927 1354
3928 1351
3929 1354
3930 1353
3931 1357
3932 1354
3933 1353
3934 1352
3935 1355
3936 1354
3937 1356
3938 1356
3939 1352
3940 1354
3941 1356
3942 1350
3943 1354
3944 1355
3945 1356
3946 1354
3947 1356
3948 1354
3949 1355
3950 1356
3951 1354
3952 1353
3953 1351
3954 1353
3955 1356
3956 1352
3957 1353
3958 1354
3959 1357
3960 1355
3961 1355
3962 1355
3963 1357
3964 1352
3965 1355
3966 1357
3967 1355
3968 1356
3969 1353
3970 1355
3971 1353
3972 1353
3973 1354
3974 1354
3975 1355
3976 1355
3977 1356
3978 1356
3979 1356
3980 1356
3981 1357
3982 1353
3983 1355
3984 1352
3985 1353
3986 1354
3987 1355
3988 1355
3989 1356
3990 1354
3991 1355
3992 1354
3993 1354
3994 1354
3995 1355
3996 1353
3997 1354
3998 1354
3999 1357
