0 1356
1 1355
2 1355
3 1354
4 1352
5 1352
6 1354
7 1357
8 1352
9 1351
10 1353
11 1354
12 1354
13 1355
14 1354
15 1354
16 1354
17 1354
18 1352
19 1355
20 1355
21 1355
22 1354
23 1350
24 1353
25 1357
26 1356
27 1352
28 1356
29 1356
30 1355
31 1355
32 1352
33 1351
34 1353
35 1356
36 1353
37 1355
38 1354
39 1355
40 1354
41 1353
42 1354
43 1357
44 1356
45 1355
46 1354
47 1356
48 1353
49 1354
50 1353
51 1355
52 1353
53 1356
54 1356
55 1355
56 1356
57 1354
58 1353
59 1352
60 1356
61 1356
62 1356
63 1356
64 1354
65 1355
66 1354
67 1356
68 1356
69 1355
70 1353
71 1355
72 1354
73 1352
74 1355
75 1355
76 1355
77 1354
78 1356
79 1355
80 1356
81 1355
82 1354
83 1355
84 1356
85 1354
86 1357
87 1358
88 1357
89 1354
90 1354
91 1353
92 1357
93 1353
94 1353
95 1353
96 1351
97 1354
98 1353
99 1354
100 1355
101 1355
102 1354
103 1352
104 1353
105 1353
106 1353
107 1355
108 1353
109 1353
110 1357
111 1354
112 1355
113 1353
114 1355
115 1355
116 1353
117 1354
118 1354
119 1355
120 1357
121 1357
122 1355
123 1353
124 1352
125 1354
126 1353
127 1355
128 1353
129 1352
130 1352
131 1352
132 1352
133 1351
134 1350
135 1355
136 1355
137 1357
138 1356
139 1355
140 1354
141 1356
142 1352
143 1355
144 1352
145 1355
146 1354
147 1354
148 1353
149 1357
150 1355
151 1355
152 1352
153 1353
154 1355
155 1355
156 1354
157 1353
158 1352
159 1353
160 1356
161 1357
162 1356
163 1351
164 1353
165 1356
166 1353
167 1353
168 1353
169 1355
170 1355
171 1352
172 1354
173 1357
174 1355
175 1354
176 1353
177 1351
178 1354
179 1355
180 1355
181 1353
182 1355
183 1358
184 1354
185 1348
186 1352
187 1358
188 1358
189 1352
190 1350
191 1353
192 1355
193 1356
194 1353
195 1354
196 1355
197 1357
198 1354
199 1353
200 1352
201 1356
202 1354
203 1356
204 1354
205 1359
206 1356
207 1354
208 1352
209 1351
210 1354
211 1353
212 1353
213 1354
214 1351
215 1351
216 1353
217 1351
218 1355
219 1356
220 1354
221 1356
222 1355
223 1355
224 1355
225 1354
226 1352
227 1353
228 1355
229 1355
230 1354
231 1353
232 1355
233 1356
234 1356
235 1353
236 1355
237 1358
238 1353
239 1355
240 1354
241 1354
242 1354
243 1356
244 1354
245 1355
246 1355
247 1354
248 1353
249 1352
250 1351
251 1354
252 1355
253 1354
254 1358
255 1356
256 1354
257 1357
258 1354
259 1355
260 1355
261 1358
262 1356
263 1355
264 1352
265 1353
266 1353
267 1354
268 1356
269 1354
270 1355
271 1353
272 1354
273 1352
274 1352
275 1354
276 1356
277 1355
278 1355
279 1356
280 1354
281 1356
282 1352
283 1352
284 1356
285 1353
286 1358
287 1356
288 1355
289 1355
290 1354
291 1352
292 1353
293 1355
294 1355
295 1355
296 1353
297 1351
298 1352
299 1353
300 1354
301 1356
302 1353
303 1352
304 1351
305 1353
306 1353
307 1352
308 1353
309 1353
310 1354
311 1354
312 1354
313 1355
314 1352
315 1354
316 1354
317 1355
318 1354
319 1357
320 1352
321 1354
322 1353
323 1356
324 1356
325 1354
326 1357
327 1353
328 1356
329 1356
330 1354
331 1355
332 1353
333 1354
334 1355
335 1355
336 1354
337 1355
338 1352
339 1353
340 1353
341 1355
342 1354
343 1352
344 1352
345 1357
346 1356
347 1355
348 1352
349 1351
350 1355
351 1356
352 1355
353 1351
354 1353
355 1355
356 1353
357 1353
358 1354
359 1355
360 1353
361 1357
362 1355
363 1354
364 1353
365 1354
366 1351
367 1356
368 1355
369 1351
370 1352
371 1354
372 1356
373 1357
374 1353
375 1353
376 1352
377 1353
378 1355
379 1355
380 1354
381 1354
382 1352
383 1352
384 1353
385 1357
386 1356
387 1358
388 1355
389 1353
390 1354
391 1357
392 1353
393 1355
394 1352
395 1352
396 1355
397 1354
398 1353
399 1354
400 1354
401 1356
402 1353
403 1357
404 1354
405 1353
406 1352
407 1354
408 1355
409 1355
410 1354
411 1356
412 1354
413 1353
414 1352
415 1355
416 1354
417 1354
418 1353
419 1355
420 1354
421 1352
422 1352
423 1356
424 1353
425 1354
426 1352
427 1353
428 1353
429 1355
430 1354
431 1352
432 1350
433 1355
434 1352
435 1356
436 1353
437 1355
438 1354
439 1354
440 1353
441 1355
442 1353
443 1354
444 1356
445 1357
446 1356
447 1355
448 1354
449 1356
450 1354
451 1355
452 1355
453 1353
454 1354
455 1352
456 1352
457 1356
458 1353
459 1351
460 1354
461 1353
462 1353
463 1356
464 1354
465 1355
466 1353
467 1352
468 1351
469 1353
470 1351
471 1353
472 1354
473 1353
474 1355
475 1354
476 1355
477 1355
478 1354
479 1356
480 1355
481 1352
482 1351
483 1355
484 1353
485 1353
486 1352
487 1356
488 1355
489 1355
490 1356
491 1355
492 1354
493 1354
494 1356
495 1353
496 1352
497 1353
498 1353
499 1352
500 1351
501 1353
502 1352
503 1355
504 1354
505 1353
506 1352
507 1352
508 1354
509 1353
510 1352
511 1353
512 1355
513 1353
514 1355
515 1357
516 1352
517 1352
518 1354
519 1354
520 1355
521 1354
522 1350
523 1353
524 1352
525 1351
526 1356
527 1357
528 1353
529 1353
530 1355
531 1358
532 1352
533 1352
534 1355
535 1361
536 1361
537 1363
538 1371
539 1382
540 1401
541 1422
542 1453
543 1488
544 1531
545 1579
546 1628
547 1684
548 1733
549 1777
550 1823
551 1862
552 1899
553 1933
554 1964
555 1985
556 2005
557 2020
558 2028
559 2029
560 2025
561 2019
562 2008
563 1993
564 1981
565 1962
566 1945
567 1923
568 1898
569 1870
570 1848
571 1831
572 1811
573 1791
574 1770
575 1751
576 1735
577 1712
578 1695
579 1675
580 1655
581 1634
582 1617
583 1601
584 1588
585 1575
586 1565
587 1547
588 1536
589 1521
590 1509
591 1498
592 1490
593 1484
594 1477
595 1470
596 1461
597 1454
598 1448
599 1439
600 1427
601 1427
602 1421
603 1420
604 1415
605 1413
606 1407
607 1404
608 1400
609 1399
610 1394
611 1392
612 1387
613 1386
614 1382
615 1380
616 1380
617 1379
618 1378
619 1379
620 1375
621 1375
622 1374
623 1373
624 1371
625 1373
626 1370
627 1368
628 1367
629 1366
630 1363
631 1364
632 1367
633 1366
634 1362
635 1362
636 1365
637 1363
638 1362
639 1361
640 1361
641 1360
642 1359
643 1360
644 1361
645 1359
646 1360
647 1357
648 1358
649 1360
650 1357
651 1355
652 1356
653 1357
654 1356
655 1357
656 1357
657 1357
658 1356
659 1358
660 1356
661 1356
662 1355
663 1357
664 1356
665 1356
666 1358
667 1358
668 1356
669 1358
670 1356
671 1357
672 1357
673 1356
674 1356
675 1354
676 1357
677 1357
678 1356
679 1355
680 1357
681 1360
682 1356
683 1353
684 1355
685 1355
686 1355
687 1356
688 1354
689 1356
690 1357
691 1354
692 1354
693 1352
694 1355
695 1357
696 1356
697 1355
698 1356
699 1357
700 1357
701 1355
702 1352
703 1354
704 1353
705 1355
706 1355
707 1358
708 1351
709 1353
710 1353
711 1357
712 1355
713 1353
714 1352
715 1354
716 1355
717 1357
718 1353
719 1355
720 1351
721 1355
722 1355
723 1357
724 1356
725 1353
726 1354
727 1356
728 1356
729 1353
730 1351
731 1357
732 1356
733 1355
734 1351
735 1355
736 1352
737 1358
738 1353
739 1354
740 1351
741 1355
742 1353
743 1353
744 1355
745 1354
746 1357
747 1356
748 1354
749 1356
750 1354
751 1357
752 1357
753 1356
754 1355
755 1357
756 1356
757 1357
758 1354
759 1355
760 1356
761 1354
762 1355
763 1354
764 1355
765 1353
766 1356
767 1357
768 1351
769 1352
770 1352
771 1356
772 1355
773 1353
774 1353
775 1356
776 1358
777 1355
778 1355
779 1358
780 1353
781 1355
782 1356
783 1355
784 1355
785 1355
786 1356
787 1355
788 1356
789 1354
790 1353
791 1356
792 1355
793 1353
794 1354
795 1355
796 1354
797 1354
798 1354
799 1352
800 1355
801 1353
802 1352
803 1352
804 1355
805 1357
806 1356
807 1353
808 1352
809 1353
810 1352
811 1355
812 1353
813 1355
814 1354
815 1357
816 1355
817 1353
818 1353
819 1356
820 1352
821 1353
822 1352
823 1353
824 1353
825 1354
826 1351
827 1352
828 1352
829 1353
830 1352
831 1355
832 1354
833 1355
834 1355
835 1355
836 1353
837 1352
838 1354
839 1355
840 1353
841 1356
842 1355
843 1354
844 1354
845 1353
846 1353
847 1355
848 1353
849 1356
850 1354
851 1354
852 1351
853 1354
854 1355
855 1357
856 1355
857 1357
858 1353
859 1355
860 1354
861 1354
862 1353
863 1355
864 1352
865 1355
866 1353
867 1354
868 1355
869 1354
870 1353
871 1357
872 1356
873 1353
874 1354
875 1354
876 1355
877 1354
878 1353
879 1352
880 1355
881 1355
882 1351
883 1354
884 1351
885 1354
886 1355
887 1355
888 1356
889 1354
890 1352
891 1356
892 1353
893 1354
894 1355
895 1356
896 1355
897 1354
898 1353
899 1355
900 1354
901 1355
902 1355
903 1354
904 1354
905 1355
906 1354
907 1355
908 1353
909 1357
910 1356
911 1354
912 1356
913 1356
914 1355
915 1357
916 1355
917 1355
918 1356
919 1352
920 1353
921 1354
922 1353
923 1354
924 1352
925 1354
926 1355
927 1354
928 1353
929 1351
930 1354
931 1355
932 1353
933 1354
934 1354
935 1352
936 1356
937 1354
938 1352
939 1352
940 1354
941 1355
942 1354
943 1353
944 1354
945 1353
946 1353
947 1355
948 1353
949 1353
950 1354
951 1353
952 1353
953 1355
954 1354
955 1354
956 1356
957 1354
958 1354
959 1354
960 1356
961 1354
962 1356
963 1357
964 1355
965 1355
966 1355
967 1355
968 1353
969 1354
970 1354
971 1354
972 1354
973 1355
974 1355
975 1353
976 1357
977 1353
978 1354
979 1352
980 1353
981 1354
982 1353
983 1353
984 1354
985 1352
986 1352
987 1356
988 1355
989 1354
990 1353
991 1354
992 1354
993 1356
994 1355
995 1355
996 1355
997 1355
998 1356
999 1355
1000 1355
1001 1356
1002 1354
1003 1355
1004 1355
1005 1352
1006 1352
1007 1355
1008 1356
1009 1350
1010 1354
1011 1353
1012 1358
1013 1354
1014 1356
1015 1355
1016 1353
1017 1355
1018 1356
1019 1353
1020 1354
1021 1356
1022 1355
1023 1355
1024 1353
1025 1352
1026 1355
1027 1353
1028 1353
1029 1355
1030 1355
1031 1357
1032 1353
1033 1356
1034 1354
1035 1353
1036 1355
1037 1356
1038 1358
1039 1357
1040 1356
1041 1354
1042 1354
1043 1353
1044 1356
1045 1354
1046 1356
1047 1355
1048 1354
1049 1353
1050 1356
1051 1356
1052 1354
1053 1354
1054 1355
1055 1355
1056 1358
1057 1354
1058 1357
1059 1355
1060 1356
1061 1354
1062 1355
1063 1355
1064 1354
1065 1355
1066 1356
1067 1357
1068 1354
1069 1356
1070 1357
1071 1351
1072 1355
1073 1354
1074 1355
1075 1355
1076 1353
1077 1355
1078 1356
1079 1354
1080 1357
1081 1355
1082 1354
1083 1354
1084 1352
1085 1358
1086 1354
1087 1354
1088 1356
1089 1355
1090 1354
1091 1354
1092 1353
1093 1355
1094 1355
1095 1357
1096 1356
1097 1356
1098 1354
1099 1355
1100 1355
1101 1354
1102 1354
1103 1352
1104 1355
1105 1356
1106 1354
1107 1351
1108 1353
1109 1352
1110 1353
1111 1354
1112 1354
1113 1351
1114 1353
1115 1352
1116 1354
1117 1353
1118 1354
1119 1354
1120 1356
1121 1354
1122 1356
1123 1356
1124 1355
1125 1352
1126 1351
1127 1353
1128 1355
1129 1351
1130 1354
1131 1352
1132 1355
1133 1351
1134 1353
1135 1352
1136 1352
1137 1355
1138 1354
1139 1353
1140 1353
1141 1356
1142 1355
1143 1353
1144 1353
1145 1354
1146 1358
1147 1355
1148 1354
1149 1353
1150 1355
1151 1356
1152 1353
1153 1352
1154 1356
1155 1354
1156 1354
1157 1355
1158 1355
1159 1353
1160 1352
1161 1354
1162 1356
1163 1354
1164 1356
1165 1353
1166 1354
1167 1356
1168 1356
1169 1353
1170 1353
1171 1356
1172 1353
1173 1354
1174 1353
1175 1353
1176 1353
1177 1356
1178 1354
1179 1354
1180 1355
1181 1355
1182 1352
1183 1354
1184 1353
1185 1355
1186 1352
1187 1352
1188 1354
1189 1350
1190 1354
1191 1355
1192 1353
1193 1357
1194 1351
1195 1353
1196 1351
1197 1355
1198 1352
1199 1356
1200 1356
1201 1354
1202 1354
1203 1354
1204 1355
1205 1354
1206 1356
1207 1353
1208 1356
1209 1353
1210 1355
1211 1355
1212 1354
1213 1354
1214 1353
1215 1354
1216 1353
1217 1358
1218 1354
1219 1354
1220 1356
1221 1354
1222 1356
1223 1351
1224 1353
1225 1356
1226 1355
1227 1355
1228 1356
1229 1354
1230 1355
1231 1355
1232 1353
1233 1351
1234 1354
1235 1355
1236 1355
1237 1357
1238 1355
1239 1356
1240 1354
1241 1355
1242 1355
1243 1355
1244 1355
1245 1356
1246 1354
1247 1353
1248 1354
1249 1354
1250 1352
1251 1354
1252 1353
1253 1355
1254 1350
1255 1354
1256 1353
1257 1356
1258 1355
1259 1353
1260 1351
1261 1355
1262 1354
1263 1352
1264 1351
1265 1352
1266 1352
1267 1355
1268 1356
1269 1355
1270 1356
1271 1352
1272 1357
1273 1355
1274 1353
1275 1352
1276 1353
1277 1354
1278 1354
1279 1354
1280 1352
1281 1353
1282 1352
1283 1355
1284 1352
1285 1352
1286 1352
1287 1356
1288 1354
1289 1351
1290 1352
1291 1353
1292 1353
1293 1357
1294 1356
1295 1356
1296 1351
1297 1353
1298 1355
1299 1357
1300 1354
1301 1355
1302 1355
1303 1355
1304 1355
1305 1357
1306 1356
1307 1356
1308 1354
1309 1354
1310 1353
1311 1351
1312 1354
1313 1352
1314 1354
1315 1351
1316 1354
1317 1355
1318 1357
1319 1357
1320 1354
1321 1355
1322 1352
1323 1352
1324 1353
1325 1352
1326 1353
1327 1355
1328 1353
1329 1356
1330 1355
1331 1355
1332 1355
1333 1357
1334 1355
1335 1356
1336 1354
1337 1351
1338 1351
1339 1354
1340 1357
1341 1353
1342 1354
1343 1353
1344 1353
1345 1355
1346 1356
1347 1354
1348 1352
1349 1354
1350 1355
1351 1354
1352 1356
1353 1355
1354 1354
1355 1354
1356 1354
1357 1355
1358 1353
1359 1355
1360 1352
1361 1353
1362 1354
1363 1353
1364 1353
1365 1354
1366 1356
1367 1356
1368 1356
1369 1355
1370 1355
1371 1354
1372 1356
1373 1354
1374 1353
1375 1355
1376 1353
1377 1353
1378 1355
1379 1352
1380 1354
1381 1354
1382 1355
1383 1352
1384 1354
1385 1351
1386 1355
1387 1355
1388 1356
1389 1354
1390 1355
1391 1355
1392 1353
1393 1353
1394 1356
1395 1353
1396 1353
1397 1354
1398 1354
1399 1354
1400 1352
1401 1356
1402 1356
1403 1355
1404 1354
1405 1355
1406 1354
1407 1352
1408 1354
1409 1355
1410 1354
1411 1356
1412 1353
1413 1352
1414 1355
1415 1357
1416 1354
1417 1355
1418 1355
1419 1354
1420 1354
1421 1356
1422 1355
1423 1356
1424 1354
1425 1355
1426 1354
1427 1355
1428 1355
1429 1355
1430 1355
1431 1357
1432 1354
1433 1353
1434 1352
1435 1353
1436 1353
1437 1355
1438 1356
1439 1357
1440 1358
1441 1357
1442 1353
1443 1354
1444 1354
1445 1357
1446 1353
1447 1352
1448 1352
1449 1352
1450 1353
1451 1354
1452 1356
1453 1355
1454 1354
1455 1353
1456 1355
1457 1355
1458 1356
1459 1357
1460 1354
1461 1354
1462 1355
1463 1354
1464 1351
1465 1355
1466 1354
1467 1353
1468 1353
1469 1353
1470 1353
1471 1354
1472 1355
1473 1355
1474 1355
1475 1353
1476 1356
1477 1357
1478 1355
1479 1357
1480 1354
1481 1354
1482 1354
1483 1355
1484 1354
1485 1358
1486 1356
1487 1357
1488 1356
1489 1355
1490 1356
1491 1355
1492 1355
1493 1352
1494 1355
1495 1355
1496 1355
1497 1354
1498 1355
1499 1351
1500 1353
1501 1357
1502 1354
1503 1356
1504 1355
1505 1355
1506 1354
1507 1357
1508 1356
1509 1354
1510 1354
1511 1355
1512 1357
1513 1355
1514 1355
1515 1356
1516 1355
1517 1357
1518 1354
1519 1356
1520 1355
1521 1355
1522 1354
1523 1354
1524 1356
1525 1355
1526 1353
1527 1355
1528 1353
1529 1355
1530 1354
1531 1356
1532 1354
1533 1355
1534 1353
1535 1356
1536 1353
1537 1355
1538 1352
1539 1354
1540 1358
1541 1355
1542 1352
1543 1355
1544 1354
1545 1354
1546 1353
1547 1355
1548 1353
1549 1355
1550 1356
1551 1357
1552 1353
1553 1355
1554 1355
1555 1355
1556 1355
1557 1354
1558 1354
1559 1354
1560 1354
1561 1356
1562 1352
1563 1356
1564 1356
1565 1354
1566 1353
1567 1353
1568 1356
1569 1356
1570 1354
1571 1353
1572 1353
1573 1357
1574 1357
1575 1358
1576 1356
1577 1354
1578 1356
1579 1355
1580 1353
1581 1354
1582 1354
1583 1352
1584 1354
1585 1356
1586 1353
1587 1353
1588 1356
1589 1355
1590 1354
1591 1353
1592 1354
1593 1353
1594 1354
1595 1356
1596 1354
1597 1357
1598 1353
1599 1353
1600 1355
1601 1354
1602 1354
1603 1353
1604 1354
1605 1357
1606 1355
1607 1355
1608 1357
1609 1355
1610 1356
1611 1357
1612 1353
1613 1352
1614 1354
1615 1357
1616 1354
1617 1355
1618 1352
1619 1354
1620 1353
1621 1355
1622 1354
1623 1355
1624 1352
1625 1354
1626 1354
1627 1355
1628 1354
1629 1356
1630 1353
1631 1357
1632 1354
1633 1354
1634 1354
1635 1357
1636 1359
1637 1355
1638 1356
1639 1354
1640 1355
1641 1356
1642 1355
1643 1354
1644 1354
1645 1355
1646 1353
1647 1356
1648 1352
1649 1351
1650 1353
1651 1355
1652 1355
1653 1355
1654 1353
1655 1353
1656 1352
1657 1354
1658 1355
1659 1353
1660 1355
1661 1356
1662 1353
1663 1355
1664 1355
1665 1354
1666 1356
1667 1357
1668 1356
1669 1356
1670 1354
1671 1356
1672 1355
1673 1357
1674 1353
1675 1355
1676 1356
1677 1353
1678 1353
1679 1355
1680 1357
1681 1356
1682 1354
1683 1355
1684 1354
1685 1355
1686 1354
1687 1351
1688 1357
1689 1356
1690 1357
1691 1356
1692 1357
1693 1354
1694 1354
1695 1354
1696 1355
1697 1356
1698 1354
1699 1355
1700 1354
1701 1353
1702 1353
1703 1353
1704 1354
1705 1354
1706 1355
1707 1355
1708 1353
1709 1355
1710 1352
1711 1355
1712 1352
1713 1355
1714 1357
1715 1353
1716 1356
1717 1351
1718 1358
1719 1355
1720 1354
1721 1353
1722 1357
1723 1353
1724 1353
1725 1354
1726 1355
1727 1357
1728 1353
1729 1354
1730 1355
1731 1355
1732 1354
1733 1352
1734 1350
1735 1354
1736 1356
1737 1354
1738 1353
1739 1352
1740 1352
1741 1354
1742 1354
1743 1354
1744 1353
1745 1353
1746 1356
1747 1355
1748 1355
1749 1353
1750 1353
1751 1355
1752 1356
1753 1355
1754 1352
1755 1354
1756 1354
1757 1354
1758 1354
1759 1356
1760 1356
1761 1356
1762 1354
1763 1353
1764 1354
1765 1352
1766 1354
1767 1354
1768 1353
1769 1354
1770 1355
1771 1356
1772 1355
1773 1352
1774 1351
1775 1354
1776 1352
1777 1351
1778 1353
1779 1354
1780 1356
1781 1354
1782 1354
1783 1356
1784 1352
1785 1354
1786 1353
1787 1351
1788 1354
1789 1358
1790 1356
1791 1355
1792 1356
1793 1354
1794 1357
1795 1356
1796 1357
1797 1356
1798 1354
1799 1352
1800 1354
1801 1353
1802 1354
1803 1354
1804 1352
1805 1354
1806 1356
1807 1356
1808 1352
1809 1353
1810 1354
1811 1356
1812 1354
1813 1356
1814 1355
1815 1357
1816 1355
1817 1357
1818 1356
1819 1354
1820 1354
1821 1354
1822 1354
1823 1357
1824 1353
1825 1353
1826 1353
1827 1353
1828 1353
1829 1353
1830 1354
1831 1353
1832 1352
1833 1353
1834 1353
1835 1357
1836 1356
1837 1356
1838 1354
1839 1353
1840 1352
1841 1352
1842 1354
1843 1354
1844 1353
1845 1351
1846 1355
1847 1356
1848 1358
1849 1358
1850 1354
1851 1357
1852 1356
1853 1355
1854 1354
1855 1355
1856 1356
1857 1355
1858 1352
1859 1352
1860 1351
1861 1354
1862 1354
1863 1353
1864 1353
1865 1357
1866 1356
1867 1350
1868 1350
1869 1355
1870 1356
1871 1353
1872 1355
1873 1354
1874 1355
1875 1355
1876 1352
1877 1355
1878 1353
1879 1355
1880 1355
1881 1357
1882 1352
1883 1357
1884 1354
1885 1355
1886 1353
1887 1353
1888 1350
1889 1356
1890 1354
1891 1354
1892 1354
1893 1354
1894 1352
1895 1353
1896 1355
1897 1356
1898 1355
1899 1354
1900 1354
1901 1352
1902 1356
1903 1352
1904 1353
1905 1357
1906 1355
1907 1355
1908 1355
1909 1354
1910 1355
1911 1356
1912 1355
1913 1356
1914 1355
1915 1355
1916 1357
1917 1353
1918 1355
1919 1355
1920 1353
1921 1354
1922 1353
1923 1352
1924 1356
1925 1354
1926 1356
1927 1353
1928 1352
1929 1354
1930 1355
1931 1353
1932 1354
1933 1355
1934 1352
1935 1354
1936 1354
1937 1352
1938 1353
1939 1353
1940 1355
1941 1354
1942 1354
1943 1354
1944 1354
1945 1354
1946 1355
1947 1353
1948 1354
1949 1352
1950 1355
1951 1355
1952 1352
1953 1351
1954 1352
1955 1355
1956 1356
1957 1353
1958 1353
1959 1354
1960 1355
1961 1353
1962 1354
1963 1353
1964 1354
1965 1355
1966 1354
1967 1355
1968 1351
1969 1353
1970 1353
1971 1356
1972 1353
1973 1354
1974 1355
1975 1356
1976 1354
1977 1351
1978 1351
1979 1352
1980 1355
1981 1355
1982 1354
1983 1355
1984 1353
1985 1351
1986 1356
1987 1352
1988 1355
1989 1354
1990 1351
1991 1350
1992 1354
1993 1355
1994 1355
1995 1356
1996 1355
1997 1353
1998 1355
1999 1354
2000 1353
2001 1351
2002 1356
2003 1352
2004 1354
2005 1354
2006 1356
2007 1355
2008 1357
2009 1355
2010 1355
2011 1355
2012 1355
2013 1354
2014 1356
2015 1353
2016 1353
2017 1352
2018 1356
2019 1353
2020 1353
2021 1351
2022 1355
2023 1355
2024 1350
2025 1351
2026 1354
2027 1353
2028 1355
2029 1351
2030 1355
2031 1356
2032 1354
2033 1351
2034 1355
2035 1352
2036 1353
2037 1353
2038 1356
2039 1355
2040 1355
2041 1354
2042 1357
2043 1355
2044 1354
2045 1354
2046 1355
2047 1353
2048 1354
2049 1353
2050 1354
2051 1353
2052 1355
2053 1355
2054 1354
2055 1353
2056 1355
2057 1352
2058 1354
2059 1351
2060 1354
2061 1354
2062 1356
2063 1354
2064 1354
2065 1354
2066 1356
2067 1354
2068 1356
2069 1356
2070 1356
2071 1356
2072 1354
2073 1354
2074 1356
2075 1355
2076 1354
2077 1351
2078 1354
2079 1352
2080 1354
2081 1354
2082 1356
2083 1355
2084 1355
2085 1353
2086 1355
2087 1355
2088 1354
2089 1355
2090 1355
2091 1353
2092 1355
2093 1353
2094 1355
2095 1354
2096 1355
2097 1350
2098 1354
2099 1353
2100 1356
2101 1353
2102 1353
2103 1351
2104 1353
2105 1353
2106 1355
2107 1355
2108 1355
2109 1353
2110 1353
2111 1355
2112 1356
2113 1353
2114 1355
2115 1353
2116 1354
2117 1355
2118 1351
2119 1353
2120 1356
2121 1356
2122 1353
2123 1351
2124 1354
2125 1354
2126 1357
2127 1354
2128 1355
2129 1355
2130 1352
2131 1354
2132 1356
2133 1354
2134 1355
2135 1351
2136 1354
2137 1353
2138 1356
2139 1350
2140 1354
2141 1352
2142 1352
2143 1350
2144 1354
2145 1355
2146 1353
2147 1352
2148 1354
2149 1352
2150 1356
2151 1353
2152 1355
2153 1353
2154 1355
2155 1357
2156 1356
2157 1353
2158 1354
2159 1354
2160 1355
2161 1354
2162 1356
2163 1356
2164 1357
2165 1355
2166 1354
2167 1354
2168 1353
2169 1350
2170 1353
2171 1355
2172 1356
2173 1352
2174 1357
2175 1354
2176 1357
2177 1353
2178 1354
2179 1354
2180 1354
2181 1354
2182 1353
2183 1352
2184 1353
2185 1352
2186 1351
2187 1354
2188 1355
2189 1353
2190 1357
2191 1352
2192 1356
2193 1354
2194 1355
2195 1356
2196 1355
2197 1355
2198 1354
2199 1354
2200 1354
2201 1354
2202 1353
2203 1354
2204 1354
2205 1353
2206 1353
2207 1353
2208 1353
2209 1354
2210 1355
2211 1354
2212 1353
2213 1356
2214 1355
2215 1354
2216 1355
2217 1355
2218 1353
2219 1353
2220 1354
2221 1356
2222 1356
2223 1354
2224 1354
2225 1352
2226 1356
2227 1354
2228 1354
2229 1354
2230 1352
2231 1353
2232 1352
2233 1352
2234 1356
2235 1354
2236 1355
2237 1357
2238 1356
2239 1354
2240 1354
2241 1355
2242 1354
2243 1354
2244 1354
2245 1354
2246 1356
2247 1353
2248 1351
2249 1352
2250 1354
2251 1357
2252 1355
2253 1356
2254 1355
2255 1354
2256 1356
2257 1352
2258 1355
2259 1357
2260 1357
2261 1357
2262 1356
2263 1352
2264 1354
2265 1353
2266 1354
2267 1354
2268 1355
2269 1352
2270 1354
2271 1355
2272 1355
2273 1356
2274 1356
2275 1353
2276 1356
2277 1356
2278 1356
2279 1354
2280 1352
2281 1355
2282 1356
2283 1355
2284 1352
2285 1354
2286 1353
2287 1356
2288 1353
2289 1353
2290 1352
2291 1352
2292 1353
2293 1354
2294 1356
2295 1353
2296 1354
2297 1354
2298 1356
2299 1352
2300 1356
2301 1354
2302 1353
2303 1356
2304 1355
2305 1354
2306 1355
2307 1357
2308 1354
2309 1354
2310 1354
2311 1355
2312 1355
2313 1353
2314 1354
2315 1355
2316 1353
2317 1355
2318 1354
2319 1352
2320 1355
2321 1353
2322 1352
2323 1352
2324 1355
2325 1353
2326 1356
2327 1357
2328 1354
2329 1353
2330 1352
2331 1353
2332 1356
2333 1352
2334 1353
2335 1353
2336 1353
2337 1356
2338 1355
2339 1351
2340 1351
2341 1356
2342 1356
2343 1354
2344 1353
2345 1352
2346 1356
2347 1358
2348 1355
2349 1353
2350 1353
2351 1354
2352 1354
2353 1354
2354 1355
2355 1351
2356 1355
2357 1355
2358 1355
2359 1354
2360 1356
2361 1355
2362 1357
2363 1353
2364 1356
2365 1354
2366 1353
2367 1354
2368 1355
2369 1355
2370 1352
2371 1355
2372 1354
2373 1354
2374 1354
2375 1355
2376 1352
2377 1352
2378 1353
2379 1353
2380 1356
2381 1357
2382 1356
2383 1352
2384 1353
2385 1354
2386 1354
2387 1356
2388 1356
2389 1353
2390 1352
2391 1354
2392 1353
2393 1355
2394 1353
2395 1353
2396 1357
2397 1354
2398 1356
2399 1357
2400 1354
2401 1356
2402 1357
2403 1355
2404 1357
2405 1354
2406 1354
2407 1354
2408 1355
2409 1353
2410 1353
2411 1352
2412 1356
2413 1355
2414 1352
2415 1353
2416 1355
2417 1353
2418 1355
2419 1356
2420 1355
2421 1354
2422 1353
2423 1352
2424 1355
2425 1356
2426 1352
2427 1358
2428 1355
2429 1355
2430 1353
2431 1353
2432 1357
2433 1355
2434 1355
2435 1355
2436 1354
2437 1351
2438 1353
2439 1355
2440 1352
2441 1354
2442 1355
2443 1354
2444 1353
2445 1352
2446 1354
2447 1351
2448 1355
2449 1354
2450 1351
2451 1355
2452 1355
2453 1354
2454 1355
2455 1353
2456 1355
2457 1352
2458 1356
2459 1355
2460 1356
2461 1357
2462 1354
2463 1351
2464 1355
2465 1353
2466 1355
2467 1354
2468 1355
2469 1354
2470 1354
2471 1357
2472 1356
2473 1356
2474 1355
2475 1355
2476 1356
2477 1355
2478 1356
2479 1354
2480 1352
2481 1355
2482 1352
2483 1355
2484 1355
2485 1356
2486 1354
2487 1353
2488 1356
2489 1354
2490 1356
2491 1354
2492 1355
2493 1354
2494 1354
2495 1355
2496 1355
2497 1354
2498 1355
2499 1354
2500 1352
2501 1354
2502 1354
2503 1356
2504 1353
2505 1352
2506 1355
2507 1355
2508 1352
2509 1352
2510 1354
2511 1353
2512 1353
2513 1355
2514 1349
2515 1353
2516 1354
2517 1354
2518 1355
2519 1355
2520 1354
2521 1357
2522 1358
2523 1353
2524 1355
2525 1352
2526 1354
2527 1354
2528 1354
2529 1354
2530 1352
2531 1353
2532 1353
2533 1352
2534 1353
2535 1355
2536 1354
2537 1353
2538 1353
2539 1356
2540 1354
2541 1355
2542 1356
2543 1356
2544 1356
2545 1354
2546 1355
2547 1354
2548 1354
2549 1352
2550 1358
2551 1353
2552 1356
2553 1356
2554 1353
2555 1354
2556 1353
2557 1355
2558 1354
2559 1354
2560 1353
2561 1356
2562 1357
2563 1354
2564 1355
2565 1357
2566 1353
2567 1355
2568 1356
2569 1354
2570 1356
2571 1356
2572 1353
2573 1353
2574 1354
2575 1355
2576 1353
2577 1353
2578 1354
2579 1355
2580 1355
2581 1353
2582 1356
2583 1355
2584 1356
2585 1353
2586 1356
2587 1355
2588 1356
2589 1356
2590 1355
2591 1354
2592 1355
2593 1353
2594 1356
2595 1355
2596 1356
2597 1355
2598 1355
2599 1354
2600 1356
2601 1353
2602 1356
2603 1349
2604 1354
2605 1357
2606 1355
2607 1354
2608 1353
2609 1356
2610 1355
2611 1354
2612 1355
2613 1355
2614 1355
2615 1354
2616 1356
2617 1357
2618 1356
2619 1354
2620 1355
2621 1356
2622 1356
2623 1353
2624 1354
2625 1357
2626 1354
2627 1353
2628 1352
2629 1350
2630 1353
2631 1352
2632 1353
2633 1351
2634 1353
2635 1354
2636 1355
2637 1355
2638 1356
2639 1354
2640 1354
2641 1354
2642 1355
2643 1354
2644 1352
2645 1355
2646 1354
2647 1351
2648 1356
2649 1358
2650 1355
2651 1356
2652 1353
2653 1353
2654 1355
2655 1354
2656 1352
2657 1352
2658 1352
2659 1354
2660 1354
2661 1352
2662 1353
2663 1356
2664 1351
2665 1352
2666 1355
2667 1354
2668 1355
2669 1353
2670 1353
2671 1353
2672 1356
2673 1353
2674 1354
2675 1352
2676 1356
2677 1355
2678 1354
2679 1352
2680 1356
2681 1354
2682 1355
2683 1352
2684 1349
2685 1353
2686 1354
2687 1353
2688 1352
2689 1353
2690 1353
2691 1353
2692 1352
2693 1352
2694 1355
2695 1354
2696 1356
2697 1356
2698 1354
2699 1357
2700 1357
2701 1354
2702 1353
2703 1352
2704 1356
2705 1356
2706 1356
2707 1355
2708 1356
2709 1356
2710 1356
2711 1354
2712 1355
2713 1356
2714 1354
2715 1353
2716 1353
2717 1354
2718 1355
2719 1352
2720 1351
2721 1351
2722 1352
2723 1353
2724 1353
2725 1354
2726 1354
2727 1354
2728 1352
2729 1354
2730 1354
2731 1355
2732 1355
2733 1354
2734 1354
2735 1353
2736 1353
2737 1353
2738 1354
2739 1353
2740 1357
2741 1353
2742 1351
2743 1351
2744 1357
2745 1355
2746 1354
2747 1353
2748 1356
2749 1353
2750 1356
2751 1353
2752 1353
2753 1353
2754 1355
2755 1350
2756 1353
2757 1355
2758 1353
2759 1353
2760 1353
2761 1357
2762 1356
2763 1354
2764 1356
2765 1356
2766 1358
2767 1355
2768 1353
2769 1354
2770 1356
2771 1356
2772 1352
2773 1352
2774 1355
2775 1357
2776 1352
2777 1352
2778 1351
2779 1356
2780 1355
2781 1355
2782 1354
2783 1355
2784 1355
2785 1353
2786 1351
2787 1355
2788 1353
2789 1353
2790 1355
2791 1354
2792 1354
2793 1351
2794 1355
2795 1355
2796 1354
2797 1354
2798 1355
2799 1355
2800 1354
2801 1356
2802 1355
2803 1355
2804 1354
2805 1355
2806 1356
2807 1357
2808 1355
2809 1355
2810 1354
2811 1353
2812 1352
2813 1354
2814 1356
2815 1356
2816 1356
2817 1354
2818 1351
2819 1352
2820 1353
2821 1352
2822 1352
2823 1351
2824 1355
2825 1355
2826 1353
2827 1354
2828 1354
2829 1351
2830 1354
2831 1355
2832 1355
2833 1356
2834 1355
2835 1353
2836 1355
2837 1354
2838 1356
2839 1354
2840 1354
2841 1355
2842 1354
2843 1355
2844 1353
2845 1351
2846 1352
2847 1353
2848 1355
2849 1355
2850 1357
2851 1356
2852 1352
2853 1353
2854 1353
2855 1356
2856 1352
2857 1351
2858 1352
2859 1350
2860 1353
2861 1352
2862 1352
2863 1353
2864 1353
2865 1352
2866 1353
2867 1354
2868 1351
2869 1355
2870 1354
2871 1353
2872 1354
2873 1353
2874 1355
2875 1355
2876 1355
2877 1352
2878 1354
2879 1351
2880 1352
2881 1353
2882 1353
2883 1355
2884 1353
2885 1356
2886 1355
2887 1356
2888 1355
2889 1355
2890 1353
2891 1354
2892 1352
2893 1357
2894 1353
2895 1353
2896 1351
2897 1354
2898 1355
2899 1352
2900 1352
2901 1356
2902 1354
2903 1351
2904 1353
2905 1354
2906 1353
2907 1354
2908 1354
2909 1350
2910 1354
2911 1350
2912 1353
2913 1355
2914 1354
2915 1355
2916 1351
2917 1354
2918 1353
2919 1355
2920 1352
2921 1352
2922 1355
2923 1353
2924 1354
2925 1354
2926 1354
2927 1356
2928 1351
2929 1353
2930 1354
2931 1353
2932 1356
2933 1355
2934 1352
2935 1355
2936 1354
2937 1354
2938 1356
2939 1353
2940 1355
2941 1354
2942 1353
2943 1356
2944 1355
2945 1353
2946 1354
2947 1354
2948 1354
2949 1356
2950 1353
2951 1355
2952 1352
2953 1353
2954 1355
2955 1352
2956 1353
2957 1353
2958 1351
2959 1353
2960 1354
2961 1353
2962 1354
2963 1355
2964 1354
2965 1355
2966 1353
2967 1354
2968 1354
2969 1355
2970 1354
2971 1353
2972 1354
2973 1355
2974 1354
2975 1353
2976 1355
2977 1357
2978 1356
2979 1355
2980 1355
2981 1355
2982 1353
2983 1353
2984 1354
2985 1354
2986 1356
2987 1355
2988 1356
2989 1353
2990 1353
2991 1351
2992 1355
2993 1354
2994 1353
2995 1354
2996 1354
2997 1352
2998 1356
2999 1352
3000 1352
3001 1354
3002 1356
3003 1355
3004 1354
3005 1352
3006 1352
3007 1354
3008 1356
3009 1355
3010 1355
3011 1352
3012 1355
3013 1355
3014 1353
3015 1355
3016 1358
3017 1355
3018 1354
3019 1354
3020 1355
3021 1354
3022 1353
3023 1354
3024 1356
3025 1357
3026 1354
3027 1352
3028 1351
3029 1355
3030 1356
3031 1353
3032 1352
3033 1355
3034 1353
3035 1353
3036 1354
3037 1355
3038 1355
3039 1355
3040 1354
3041 1353
3042 1352
3043 1355
3044 1352
3045 1354
3046 1355
3047 1352
3048 1353
3049 1355
3050 1354
3051 1354
3052 1353
3053 1352
3054 1356
3055 1357
3056 1353
3057 1353
3058 1351
3059 1353
3060 1354
3061 1354
3062 1351
3063 1356
3064 1352
3065 1353
3066 1355
3067 1354
3068 1355
3069 1354
3070 1356
3071 1353
3072 1351
3073 1355
3074 1356
3075 1355
3076 1356
3077 1353
3078 1354
3079 1352
3080 1355
3081 1356
3082 1355
3083 1355
3084 1356
3085 1355
3086 1355
3087 1355
3088 1350
3089 1352
3090 1353
3091 1353
3092 1352
3093 1351
3094 1353
3095 1354
3096 1352
3097 1354
3098 1351
3099 1351
3100 1355
3101 1354
3102 1356
3103 1352
3104 1354
3105 1355
3106 1355
3107 1354
3108 1353
3109 1354
3110 1354
3111 1353
3112 1353
3113 1356
3114 1357
3115 1353
3116 1354
3117 1352
3118 1354
3119 1355
3120 1354
3121 1354
3122 1354
3123 1352
3124 1355
3125 1353
3126 1354
3127 1355
3128 1353
3129 1353
3130 1353
3131 1353
3132 1356
3133 1352
3134 1356
3135 1357
3136 1355
3137 1355
3138 1353
3139 1353
3140 1354
3141 1357
3142 1353
3143 1354
3144 1356
3145 1352
3146 1354
3147 1351
3148 1352
3149 1351
3150 1353
3151 1351
3152 1354
3153 1353
3154 1355
3155 1353
3156 1356
3157 1356
3158 1354
3159 1355
3160 1354
3161 1353
3162 1354
3163 1352
3164 1357
3165 1355
3166 1357
3167 1355
3168 1354
3169 1355
3170 1355
3171 1358
3172 1354
3173 1353
3174 1352
3175 1355
3176 1353
3177 1352
3178 1349
3179 1356
3180 1356
3181 1353
3182 1353
3183 1353
3184 1355
3185 1355
3186 1354
3187 1354
3188 1354
3189 1355
3190 1354
3191 1357
3192 1354
3193 1353
3194 1355
3195 1353
3196 1353
3197 1355
3198 1353
3199 1355
3200 1353
3201 1356
3202 1356
3203 1355
3204 1356
3205 1354
3206 1355
3207 1353
3208 1351
3209 1353
3210 1354
3211 1354
3212 1352
3213 1353
3214 1356
3215 1357
3216 1354
3217 1352
3218 1353
3219 1355
3220 1354
3221 1353
3222 1354
3223 1356
3224 1355
3225 1355
3226 1354
3227 1353
3228 1356
3229 1354
3230 1356
3231 1354
3232 1355
3233 1355
3234 1355
3235 1357
3236 1358
3237 1357
3238 1355
3239 1357
3240 1352
3241 1355
3242 1356
3243 1357
3244 1355
3245 1357
3246 1353
3247 1353
3248 1354
3249 1357
3250 1353
3251 1357
3252 1351
3253 1354
3254 1353
3255 1355
3256 1356
3257 1355
3258 1354
3259 1355
3260 1356
3261 1358
3262 1355
3263 1356
3264 1353
3265 1355
3266 1353
3267 1357
3268 1354
3269 1357
3270 1356
3271 1355
3272 1353
3273 1352
3274 1352
3275 1353
3276 1354
3277 1352
3278 1353
3279 1354
3280 1354
3281 1356
3282 1352
3283 1357
3284 1356
3285 1355
3286 1354
3287 1353
3288 1354
3289 1353
3290 1353
3291 1355
3292 1355
3293 1357
3294 1356
3295 1355
3296 1356
3297 1358
3298 1354
3299 1354
3300 1357
3301 1356
3302 1356
3303 1356
3304 1356
3305 1352
3306 1354
3307 1354
3308 1353
3309 1354
3310 1353
3311 1353
3312 1356
3313 1353
3314 1355
3315 1355
3316 1355
3317 1355
3318 1354
3319 1353
3320 1355
3321 1354
3322 1355
3323 1355
3324 1352
3325 1355
3326 1354
3327 1354
3328 1354
3329 1355
3330 1355
3331 1356
3332 1355
3333 1353
3334 1353
3335 1352
3336 1351
3337 1353
3338 1353
3339 1350
3340 1353
3341 1352
3342 1354
3343 1355
3344 1353
3345 1353
3346 1355
3347 1356
3348 1356
3349 1354
3350 1355
3351 1356
3352 1356
3353 1353
3354 1355
3355 1352
3356 1353
3357 1354
3358 1354
3359 1353
3360 1353
3361 1352
3362 1352
3363 1352
3364 1355
3365 1353
3366 1354
3367 1356
3368 1354
3369 1351
3370 1353
3371 1353
3372 1352
3373 1351
3374 1353
3375 1355
3376 1355
3377 1353
3378 1356
3379 1355
3380 1358
3381 1354
3382 1355
3383 1355
3384 1356
3385 1352
3386 1355
3387 1355
3388 1356
3389 1354
3390 1355
3391 1353
3392 1357
3393 1354
3394 1356
3395 1353
3396 1353
3397 1356
3398 1353
3399 1354
3400 1351
3401 1354
3402 1353
3403 1353
3404 1354
3405 1354
3406 1355
3407 1354
3408 1355
3409 1351
3410 1355
3411 1354
3412 1351
3413 1354
3414 1355
3415 1355
3416 1355
3417 1355
3418 1354
3419 1351
3420 1355
3421 1351
3422 1352
3423 1353
3424 1352
3425 1356
3426 1353
3427 1354
3428 1351
3429 1354
3430 1352
3431 1354
3432 1354
3433 1355
3434 1355
3435 1356
3436 1355
3437 1355
3438 1355
3439 1354
3440 1356
3441 1356
3442 1358
3443 1354
3444 1354
3445 1355
3446 1354
3447 1352
3448 1354
3449 1354
3450 1354
3451 1356
3452 1354
3453 1351
3454 1354
3455 1353
3456 1356
3457 1358
3458 1356
3459 1354
3460 1355
3461 1351
3462 1354
3463 1355
3464 1357
3465 1355
3466 1357
3467 1354
3468 1354
3469 1354
3470 1353
3471 1353
3472 1354
3473 1354
3474 1355
3475 1353
3476 1354
3477 1354
3478 1351
3479 1353
3480 1355
3481 1353
3482 1354
3483 1353
3484 1352
3485 1354
3486 1353
3487 1352
3488 1350
3489 1353
3490 1354
3491 1354
3492 1353
3493 1353
3494 1353
3495 1350
3496 1353
3497 1356
3498 1355
3499 1355
3500 1356
3501 1353
3502 1355
3503 1353
3504 1354
3505 1355
3506 1355
3507 1356
3508 1354
3509 1355
3510 1355
3511 1355
3512 1356
3513 1352
3514 1353
3515 1353
3516 1356
3517 1356
3518 1355
3519 1350
3520 1354
3521 1357
3522 1354
3523 1355
3524 1355
3525 1357
3526 1354
3527 1355
3528 1354
3529 1355
3530 1359
3531 1355
3532 1351
3533 1351
3534 1355
3535 1356
3536 1354
3537 1354
3538 1353
3539 1357
3540 1353
3541 1353
3542 1353
3543 1355
3544 1354
3545 1351
3546 1353
3547 1352
3548 1351
3549 1356
3550 1354
3551 1353
3552 1355
3553 1353
3554 1352
3555 1353
3556 1353
3557 1355
3558 1354
3559 1354
3560 1354
3561 1355
3562 1356
3563 1354
3564 1354
3565 1352
3566 1353
3567 1352
3568 1354
3569 1354
3570 1355
3571 1353
3572 1353
3573 1353
3574 1353
3575 1353
3576 1354
3577 1354
3578 1355
3579 1357
3580 1356
3581 1356
3582 1355
3583 1354
3584 1355
3585 1357
3586 1357
3587 1357
3588 1352
3589 1355
3590 1354
3591 1356
3592 1354
3593 1356
3594 1355
3595 1354
3596 1354
3597 1353
3598 1354
3599 1357
3600 1355
3601 1357
3602 1356
3603 1353
3604 1354
3605 1352
3606 1353
3607 1355
3608 1353
3609 1355
3610 1352
3611 1353
3612 1354
3613 1355
3614 1354
3615 1353
3616 1357
3617 1355
3618 1354
3619 1353
3620 1354
3621 1357
3622 1354
3623 1352
3624 1353
3625 1356
3626 1353
3627 1354
3628 1355
3629 1357
3630 1353
3631 1355
3632 1357
3633 1354
3634 1355
3635 1356
3636 1354
3637 1355
3638 1350
3639 1352
3640 1354
3641 1353
3642 1356
3643 1356
3644 1356
3645 1355
3646 1355
3647 1353
3648 1354
3649 1352
3650 1355
3651 1355
3652 1356
3653 1353
3654 1353
3655 1352
3656 1354
3657 1355
3658 1355
3659 1354
3660 1356
3661 1354
3662 1352
3663 1353
3664 1352
3665 1354
3666 1355
3667 1353
3668 1356
3669 1354
3670 1353
3671 1354
3672 1355
3673 1354
3674 1354
3675 1353
3676 1353
3677 1350
3678 1354
3679 1354
3680 1355
3681 1357
3682 1353
3683 1356
3684 1356
3685 1352
3686 1355
3687 1354
3688 1354
3689 1353
3690 1356
3691 1352
3692 1354
3693 1350
3694 1353
3695 1353
3696 1354
3697 1352
3698 1352
3699 1353
3700 1354
3701 1356
3702 1354
3703 1356
3704 1356
3705 1356
3706 1351
3707 1353
3708 1354
3709 1352
3710 1354
3711 1355
3712 1356
3713 1355
3714 1356
3715 1356
3716 1354
3717 1355
3718 1355
3719 1354
3720 1353
3721 1354
3722 1354
3723 1355
3724 1354
3725 1357
3726 1355
3727 1351
3728 1353
3729 1353
3730 1354
3731 1355
3732 1354
3733 1353
3734 1355
3735 1352
3736 1355
3737 1355
3738 1353
3739 1355
3740 1354
3741 1354
3742 1356
3743 1353
3744 1353
3745 1353
3746 1355
3747 1353
3748 1355
3749 1354
3750 1353
3751 1355
3752 1353
3753 1354
3754 1352
3755 1353
3756 1354
3757 1354
3758 1356
3759 1353
3760 1350
3761 1352
3762 1352
3763 1350
3764 1352
3765 1353
3766 1353
3767 1353
3768 1354
3769 1352
3770 1356
3771 1351
3772 1355
3773 1355
3774 1356
3775 1352
3776 1355
3777 1354
3778 1358
3779 1353
3780 1354
3781 1352
3782 1351
3783 1352
3784 1352
3785 1351
3786 1353
3787 1353
3788 1355
3789 1352
3790 1355
3791 1353
3792 1353
3793 1351
3794 1352
3795 1352
3796 1352
3797 1353
3798 1354
3799 1354
3800 1353
3801 1353
3802 1357
3803 1355
3804 1354
3805 1354
3806 1354
3807 1356
3808 1352
3809 1353
3810 1353
3811 1351
3812 1355
3813 1354
3814 1354
3815 1351
3816 1353
3817 1354
3818 1355
3819 1354
3820 1356
3821 1351
3822 1355
3823 1352
3824 1355
3825 1354
3826 1354
3827 1352
3828 1353
3829 1353
3830 1355
3831 1355
3832 1355
3833 1353
3834 1352
3835 1354
3836 1355
3837 1354
3838 1353
3839 1353
3840 1356
3841 1352
3842 1354
3843 1356
3844 1357
3845 1354
3846 1355
3847 1353
3848 1353
3849 1353
3850 1355
3851 1355
3852 1357
3853 1352
3854 1352
3855 1354
3856 1355
3857 1355
3858 1355
3859 1354
3860 1352
3861 1352
3862 1353
3863 1354
3864 1354
3865 1353
3866 1355
3867 1353
3868 1351
3869 1354
3870 1354
3871 1354
3872 1353
3873 1351
3874 1356
3875 1358
3876 1354
3877 1353
3878 1353
3879 1353
3880 1355
3881 1354
3882 1355
3883 1356
3884 1353
3885 1353
3886 1353
3887 1352
3888 1354
3889 1355
3890 1353
3891 1355
3892 1356
3893 1357
3894 1355
3895 1353
3896 1354
3897 1354
3898 1355
3899 1354
3900 1355
3901 1351
3902 1355
3903 1351
3904 1354
3905 1355
3906 1356
3907 1354
3908 1353
3909 1353
3910 1354
3911 1353
3912 1353
3913 1352
3914 1352
3915 1353
3916 1355
3917 1353
3918 1353
3919 1350
3920 1353
3921 1350
3922 1354
3923 1352
3924 1355
3925 1353
3926 1350
3927 1352
3928 1354
3929 1353
3930 1352
3931 1352
3932 1353
3933 1353
3934 1354
3935 1352
3936 1355
3937 1350
3938 1352
3939 1352
3940 1355
3941 1352
3942 1354
3943 1352
3944 1356
3945 1353
3946 1354
3947 1353
3948 1353
3949 1352
3950 1352
3951 1353
3952 1353
3953 1355
3954 1355
3955 1352
3956 1354
3957 1354
3958 1354
3959 1351
3960 1353
3961 1353
3962 1354
3963 1353
3964 1352
3965 1352
3966 1354
3967 1354
3968 1350
3969 1350
3970 1352
3971 1354
3972 1355
3973 1351
3974 1354
3975 1350
3976 1354
3977 1355
3978 1351
3979 1353
3980 1353
3981 1354
3982 1351
3983 1353
3984 1354
3985 1354
3986 1355
3987 1353
3988 1354
3989 1355
3990 1355
3991 1354
3992 1355
3993 1352
3994 1356
3995 1353
3996 1357
3997 1354
3998 1355
3999 1355
