0 1357
1 1357
2 1355
3 1357
4 1354
5 1354
6 1355
7 1356
8 1356
9 1357
10 1357
11 1357
12 1355
13 1355
14 1354
15 1354
16 1355
17 1354
18 1353
19 1354
20 1357
21 1357
22 1354
23 1351
24 1352
25 1349
26 1357
27 1361
28 1357
29 1352
30 1353
31 1357
32 1358
33 1355
34 1353
35 1354
36 1355
37 1355
38 1354
39 1354
40 1357
41 1358
42 1356
43 1356
44 1354
45 1355
46 1354
47 1358
48 1356
49 1354
50 1354
51 1354
52 1354
53 1356
54 1354
55 1353
56 1354
57 1352
58 1353
59 1354
60 1356
61 1356
62 1356
63 1355
64 1354
65 1355
66 1356
67 1356
68 1355
69 1354
70 1356
71 1353
72 1356
73 1355
74 1353
75 1355
76 1354
77 1357
78 1355
79 1354
80 1351
81 1355
82 1351
83 1354
84 1354
85 1353
86 1352
87 1352
88 1354
89 1353
90 1353
91 1355
92 1352
93 1356
94 1356
95 1355
96 1356
97 1354
98 1356
99 1355
100 1354
101 1353
102 1353
103 1355
104 1356
105 1354
106 1356
107 1354
108 1353
109 1353
110 1354
111 1357
112 1354
113 1352
114 1356
115 1354
116 1354
117 1355
118 1354
119 1357
120 1355
121 1355
122 1355
123 1356
124 1355
125 1354
126 1356
127 1354
128 1356
129 1356
130 1355
131 1354
132 1353
133 1353
134 1355
135 1353
136 1354
137 1357
138 1354
139 1353
140 1356
141 1356
142 1355
143 1356
144 1353
145 1355
146 1354
147 1352
148 1352
149 1353
150 1354
151 1354
152 1353
153 1354
154 1356
155 1358
156 1357
157 1356
158 1353
159 1357
160 1356
161 1355
162 1354
163 1353
164 1356
165 1356
166 1356
167 1355
168 1355
169 1354
170 1353
171 1355
172 1355
173 1355
174 1356
175 1353
176 1356
177 1356
178 1354
179 1356
180 1356
181 1352
182 1356
183 1356
184 1354
185 1357
186 1358
187 1357
188 1356
189 1355
190 1359
191 1354
192 1355
193 1353
194 1356
195 1354
196 1354
197 1354
198 1353
199 1356
200 1355
201 1355
202 1355
203 1355
204 1353
205 1356
206 1357
207 1357
208 1356
209 1352
210 1358
211 1355
212 1354
213 1354
214 1354
215 1353
216 1356
217 1354
218 1354
219 1357
220 1356
221 1355
222 1357
223 1355
224 1355
225 1353
226 1355
227 1359
228 1360
229 1353
230 1354
231 1357
232 1358
233 1357
234 1353
235 1352
236 1355
237 1354
238 1355
239 1353
240 1356
241 1355
242 1352
243 1350
244 1352
245 1358
246 1358
247 1355
248 1357
249 1355
250 1353
251 1352
252 1356
253 1357
254 1356
255 1353
256 1355
257 1355
258 1355
259 1353
260 1358
261 1356
262 1355
263 1354
264 1353
265 1353
266 1356
267 1358
268 1357
269 1354
270 1350
271 1353
272 1355
273 1357
274 1356
275 1356
276 1355
277 1355
278 1355
279 1356
280 1358
281 1355
282 1355
283 1355
284 1356
285 1355
286 1356
287 1356
288 1355
289 1354
290 1356
291 1356
292 1353
293 1354
294 1356
295 1353
296 1356
297 1354
298 1354
299 1353
300 1355
301 1355
302 1353
303 1354
304 1354
305 1355
306 1354
307 1354
308 1355
309 1355
310 1354
311 1356
312 1355
313 1355
314 1354
315 1357
316 1355
317 1356
318 1354
319 1355
320 1354
321 1355
322 1356
323 1357
324 1353
325 1356
326 1356
327 1355
328 1355
329 1356
330 1355
331 1354
332 1356
333 1353
334 1355
335 1354
336 1353
337 1355
338 1356
339 1357
340 1357
341 1354
342 1358
343 1356
344 1354
345 1353
346 1355
347 1354
348 1357
349 1358
350 1357
351 1358
352 1357
353 1355
354 1356
355 1356
356 1354
357 1357
358 1356
359 1355
360 1352
361 1356
362 1355
363 1354
364 1355
365 1357
366 1359
367 1357
368 1353
369 1356
370 1356
371 1357
372 1356
373 1356
374 1355
375 1357
376 1356
377 1353
378 1353
379 1353
380 1356
381 1356
382 1357
383 1354
384 1356
385 1353
386 1354
387 1355
388 1355
389 1353
390 1352
391 1355
392 1356
393 1355
394 1353
395 1353
396 1354
397 1356
398 1355
399 1353
400 1356
401 1358
402 1356
403 1354
404 1355
405 1350
406 1355
407 1360
408 1358
409 1355
410 1354
411 1357
412 1357
413 1354
414 1356
415 1354
416 1357
417 1357
418 1357
419 1356
420 1357
421 1356
422 1356
423 1354
424 1352
425 1358
426 1356
427 1355
428 1356
429 1357
430 1357
431 1355
432 1357
433 1355
434 1356
435 1353
436 1353
437 1356
438 1354
439 1350
440 1354
441 1354
442 1356
443 1356
444 1356
445 1355
446 1354
447 1354
448 1353
449 1355
450 1354
451 1356
452 1356
453 1354
454 1355
455 1355
456 1355
457 1356
458 1356
459 1356
460 1356
461 1353
462 1354
463 1354
464 1353
465 1357
466 1353
467 1355
468 1354
469 1353
470 1354
471 1356
472 1355
473 1357
474 1357
475 1355
476 1355
477 1354
478 1355
479 1354
480 1352
481 1353
482 1352
483 1355
484 1352
485 1355
486 1356
487 1355
488 1352
489 1354
490 1354
491 1356
492 1356
493 1354
494 1354
495 1354
496 1353
497 1355
498 1351
499 1354
500 1354
501 1353
502 1355
503 1356
504 1355
505 1353
506 1353
507 1355
508 1354
509 1354
510 1352
511 1352
512 1353
513 1357
514 1354
515 1354
516 1355
517 1354
518 1355
519 1358
520 1356
521 1357
522 1354
523 1353
524 1353
525 1357
526 1356
527 1355
528 1354
529 1354
530 1353
531 1357
532 1357
533 1358
534 1360
535 1362
536 1366
537 1371
538 1383
539 1405
540 1423
541 1451
542 1482
543 1512
544 1547
545 1583
546 1620
547 1656
548 1692
549 1724
550 1759
551 1784
552 1807
553 1825
554 1840
555 1850
556 1857
557 1861
558 1864
559 1860
560 1854
561 1843
562 1832
563 1812
564 1795
565 1780
566 1766
567 1749
568 1731
569 1708
570 1695
571 1677
572 1662
573 1643
574 1629
575 1610
576 1598
577 1580
578 1566
579 1551
580 1541
581 1533
582 1522
583 1511
584 1500
585 1489
586 1480
587 1476
588 1466
589 1459
590 1452
591 1448
592 1440
593 1438
594 1429
595 1427
596 1421
597 1418
598 1409
599 1408
600 1408
601 1410
602 1401
603 1396
604 1393
605 1395
606 1390
607 1390
608 1387
609 1391
610 1384
611 1382
612 1379
613 1382
614 1377
615 1373
616 1376
617 1371
618 1371
619 1372
620 1367
621 1369
622 1367
623 1367
624 1364
625 1367
626 1362
627 1366
628 1363
629 1365
630 1360
631 1364
632 1361
633 1361
634 1359
635 1360
636 1358
637 1362
638 1356
639 1357
640 1358
641 1359
642 1356
643 1357
644 1356
645 1359
646 1359
647 1356
648 1358
649 1357
650 1357
651 1357
652 1357
653 1358
654 1358
655 1358
656 1357
657 1358
658 1359
659 1357
660 1355
661 1356
662 1357
663 1353
664 1355
665 1356
666 1357
667 1355
668 1355
669 1353
670 1357
671 1358
672 1356
673 1358
674 1356
675 1356
676 1354
677 1357
678 1356
679 1356
680 1356
681 1356
682 1356
683 1356
684 1356
685 1356
686 1357
687 1356
688 1355
689 1356
690 1356
691 1355
692 1355
693 1353
694 1356
695 1354
696 1354
697 1355
698 1353
699 1353
700 1356
701 1356
702 1356
703 1354
704 1355
705 1356
706 1356
707 1356
708 1356
709 1358
710 1356
711 1356
712 1357
713 1355
714 1354
715 1357
716 1355
717 1356
718 1351
719 1357
720 1357
721 1357
722 1356
723 1355
724 1354
725 1352
726 1353
727 1355
728 1353
729 1354
730 1354
731 1355
732 1354
733 1355
734 1354
735 1355
736 1354
737 1357
738 1354
739 1357
740 1354
741 1355
742 1355
743 1356
744 1354
745 1350
746 1357
747 1358
748 1355
749 1354
750 1355
751 1358
752 1356
753 1355
754 1353
755 1355
756 1353
757 1357
758 1354
759 1355
760 1358
761 1355
762 1357
763 1356
764 1354
765 1355
766 1351
767 1352
768 1356
769 1356
770 1355
771 1350
772 1358
773 1357
774 1355
775 1353
776 1355
777 1356
778 1356
779 1351
780 1356
781 1357
782 1356
783 1354
784 1357
785 1351
786 1358
787 1353
788 1357
789 1355
790 1354
791 1354
792 1355
793 1353
794 1353
795 1354
796 1353
797 1355
798 1356
799 1356
800 1357
801 1355
802 1354
803 1352
804 1354
805 1355
806 1355
807 1356
808 1354
809 1354
810 1357
811 1355
812 1357
813 1355
814 1352
815 1352
816 1355
817 1355
818 1354
819 1356
820 1355
821 1354
822 1356
823 1354
824 1353
825 1356
826 1354
827 1354
828 1354
829 1354
830 1355
831 1354
832 1355
833 1355
834 1356
835 1357
836 1358
837 1356
838 1355
839 1356
840 1356
841 1354
842 1356
843 1357
844 1353
845 1355
846 1354
847 1354
848 1355
849 1356
850 1355
851 1354
852 1356
853 1353
854 1355
855 1355
856 1355
857 1354
858 1352
859 1353
860 1357
861 1357
862 1353
863 1353
864 1356
865 1356
866 1353
867 1355
868 1356
869 1358
870 1355
871 1351
872 1354
873 1353
874 1355
875 1355
876 1353
877 1354
878 1356
879 1356
880 1357
881 1353
882 1355
883 1356
884 1357
885 1353
886 1355
887 1356
888 1355
889 1357
890 1356
891 1355
892 1356
893 1354
894 1354
895 1357
896 1356
897 1355
898 1354
899 1353
900 1354
901 1355
902 1353
903 1354
904 1354
905 1356
906 1353
907 1354
908 1355
909 1355
910 1355
911 1353
912 1356
913 1356
914 1356
915 1353
916 1353
917 1357
918 1356
919 1352
920 1354
921 1356
922 1355
923 1354
924 1353
925 1352
926 1355
927 1359
928 1356
929 1354
930 1354
931 1355
932 1355
933 1356
934 1354
935 1354
936 1355
937 1355
938 1356
939 1355
940 1354
941 1355
942 1356
943 1356
944 1357
945 1354
946 1355
947 1356
948 1358
949 1354
950 1355
951 1356
952 1357
953 1357
954 1356
955 1355
956 1356
957 1355
958 1356
959 1354
960 1352
961 1358
962 1355
963 1355
964 1351
965 1355
966 1357
967 1355
968 1355
969 1355
970 1353
971 1353
972 1357
973 1356
974 1356
975 1354
976 1353
977 1356
978 1354
979 1356
980 1353
981 1356
982 1356
983 1356
984 1356
985 1355
986 1354
987 1353
988 1355
989 1357
990 1353
991 1354
992 1356
993 1355
994 1355
995 1352
996 1353
997 1354
998 1355
999 1356
1000 1359
1001 1354
1002 1356
1003 1353
1004 1354
1005 1353
1006 1355
1007 1353
1008 1356
1009 1356
1010 1354
1011 1354
1012 1358
1013 1353
1014 1355
1015 1355
1016 1356
1017 1356
1018 1357
1019 1354
1020 1355
1021 1356
1022 1357
1023 1353
1024 1353
1025 1356
1026 1357
1027 1355
1028 1355
1029 1352
1030 1355
1031 1356
1032 1354
1033 1358
1034 1356
1035 1356
1036 1353
1037 1353
1038 1358
1039 1357
1040 1358
1041 1356
1042 1354
1043 1352
1044 1355
1045 1353
1046 1356
1047 1350
1048 1354
1049 1355
1050 1357
1051 1353
1052 1357
1053 1355
1054 1356
1055 1355
1056 1357
1057 1354
1058 1355
1059 1354
1060 1354
1061 1354
1062 1358
1063 1354
1064 1357
1065 1357
1066 1355
1067 1355
1068 1353
1069 1353
1070 1357
1071 1356
1072 1356
1073 1353
1074 1356
1075 1354
1076 1356
1077 1354
1078 1357
1079 1353
1080 1356
1081 1354
1082 1355
1083 1355
1084 1356
1085 1354
1086 1355
1087 1354
1088 1354
1089 1354
1090 1355
1091 1357
1092 1355
1093 1356
1094 1356
1095 1353
1096 1358
1097 1355
1098 1356
1099 1353
1100 1356
1101 1353
1102 1356
1103 1352
1104 1354
1105 1351
1106 1354
1107 1358
1108 1357
1109 1353
1110 1354
1111 1356
1112 1358
1113 1355
1114 1354
1115 1355
1116 1356
1117 1353
1118 1356
1119 1353
1120 1355
1121 1352
1122 1356
1123 1356
1124 1357
1125 1354
1126 1356
1127 1356
1128 1356
1129 1353
1130 1354
1131 1357
1132 1356
1133 1355
1134 1355
1135 1356
1136 1358
1137 1355
1138 1358
1139 1356
1140 1355
1141 1355
1142 1354
1143 1355
1144 1356
1145 1355
1146 1357
1147 1355
1148 1356
1149 1352
1150 1356
1151 1355
1152 1356
1153 1355
1154 1354
1155 1353
1156 1355
1157 1354
1158 1356
1159 1357
1160 1356
1161 1354
1162 1355
1163 1355
1164 1356
1165 1353
1166 1357
1167 1353
1168 1352
1169 1354
1170 1354
1171 1355
1172 1352
1173 1355
1174 1356
1175 1356
1176 1355
1177 1351
1178 1354
1179 1353
1180 1356
1181 1356
1182 1355
1183 1352
1184 1355
1185 1351
1186 1358
1187 1354
1188 1353
1189 1352
1190 1354
1191 1357
1192 1356
1193 1352
1194 1352
1195 1356
1196 1357
1197 1355
1198 1357
1199 1353
1200 1355
1201 1354
1202 1354
1203 1355
1204 1356
1205 1358
1206 1357
1207 1354
1208 1354
1209 1356
1210 1356
1211 1354
1212 1355
1213 1355
1214 1357
1215 1354
1216 1352
1217 1355
1218 1356
1219 1358
1220 1358
1221 1356
1222 1355
1223 1356
1224 1353
1225 1357
1226 1354
1227 1355
1228 1354
1229 1353
1230 1354
1231 1355
1232 1355
1233 1355
1234 1356
1235 1359
1236 1357
1237 1355
1238 1358
1239 1356
1240 1354
1241 1355
1242 1353
1243 1355
1244 1355
1245 1355
1246 1357
1247 1353
1248 1353
1249 1352
1250 1355
1251 1357
1252 1357
1253 1353
1254 1355
1255 1356
1256 1357
1257 1355
1258 1356
1259 1356
1260 1357
1261 1353
1262 1357
1263 1357
1264 1357
1265 1357
1266 1356
1267 1358
1268 1354
1269 1356
1270 1356
1271 1353
1272 1355
1273 1357
1274 1354
1275 1358
1276 1353
1277 1356
1278 1357
1279 1353
1280 1354
1281 1354
1282 1355
1283 1355
1284 1356
1285 1350
1286 1356
1287 1362
1288 1359
1289 1354
1290 1355
1291 1357
1292 1356
1293 1356
1294 1354
1295 1354
1296 1356
1297 1355
1298 1356
1299 1357
1300 1357
1301 1356
1302 1355
1303 1355
1304 1356
1305 1354
1306 1353
1307 1355
1308 1358
1309 1356
1310 1354
1311 1354
1312 1353
1313 1357
1314 1354
1315 1353
1316 1355
1317 1353
1318 1356
1319 1355
1320 1355
1321 1356
1322 1355
1323 1352
1324 1354
1325 1354
1326 1355
1327 1356
1328 1356
1329 1360
1330 1355
1331 1355
1332 1358
1333 1357
1334 1355
1335 1353
1336 1352
1337 1352
1338 1354
1339 1354
1340 1354
1341 1355
1342 1354
1343 1356
1344 1354
1345 1354
1346 1355
1347 1356
1348 1356
1349 1357
1350 1352
1351 1355
1352 1356
1353 1354
1354 1356
1355 1356
1356 1355
1357 1355
1358 1352
1359 1352
1360 1355
1361 1354
1362 1352
1363 1353
1364 1354
1365 1354
1366 1356
1367 1356
1368 1355
1369 1354
1370 1355
1371 1355
1372 1354
1373 1354
1374 1352
1375 1354
1376 1355
1377 1353
1378 1356
1379 1355
1380 1355
1381 1352
1382 1355
1383 1356
1384 1355
1385 1356
1386 1355
1387 1355
1388 1355
1389 1353
1390 1353
1391 1354
1392 1354
1393 1355
1394 1356
1395 1355
1396 1355
1397 1355
1398 1355
1399 1353
1400 1352
1401 1357
1402 1356
1403 1355
1404 1355
1405 1355
1406 1355
1407 1357
1408 1356
1409 1357
1410 1355
1411 1355
1412 1355
1413 1354
1414 1352
1415 1357
1416 1357
1417 1355
1418 1357
1419 1355
1420 1357
1421 1352
1422 1356
1423 1355
1424 1355
1425 1355
1426 1354
1427 1356
1428 1353
1429 1354
1430 1352
1431 1358
1432 1356
1433 1357
1434 1358
1435 1355
1436 1354
1437 1354
1438 1358
1439 1355
1440 1357
1441 1355
1442 1357
1443 1357
1444 1356
1445 1355
1446 1358
1447 1357
1448 1357
1449 1357
1450 1354
1451 1354
1452 1355
1453 1356
1454 1354
1455 1354
1456 1355
1457 1352
1458 1354
1459 1355
1460 1356
1461 1352
1462 1355
1463 1355
1464 1356
1465 1353
1466 1353
1467 1357
1468 1352
1469 1356
1470 1354
1471 1356
1472 1356
1473 1356
1474 1356
1475 1355
1476 1356
1477 1355
1478 1353
1479 1356
1480 1356
1481 1354
1482 1357
1483 1354
1484 1356
1485 1354
1486 1356
1487 1355
1488 1353
1489 1354
1490 1352
1491 1352
1492 1356
1493 1357
1494 1356
1495 1355
1496 1355
1497 1358
1498 1355
1499 1354
1500 1355
1501 1358
1502 1356
1503 1357
1504 1357
1505 1358
1506 1357
1507 1355
1508 1356
1509 1357
1510 1354
1511 1355
1512 1355
1513 1356
1514 1352
1515 1356
1516 1358
1517 1356
1518 1356
1519 1352
1520 1352
1521 1355
1522 1356
1523 1355
1524 1356
1525 1352
1526 1354
1527 1354
1528 1352
1529 1356
1530 1356
1531 1358
1532 1357
1533 1357
1534 1357
1535 1357
1536 1355
1537 1355
1538 1354
1539 1354
1540 1356
1541 1360
1542 1357
1543 1356
1544 1356
1545 1354
1546 1355
1547 1357
1548 1355
1549 1356
1550 1354
1551 1356
1552 1356
1553 1354
1554 1356
1555 1356
1556 1355
1557 1356
1558 1355
1559 1352
1560 1354
1561 1355
1562 1359
1563 1359
1564 1356
1565 1360
1566 1356
1567 1357
1568 1354
1569 1356
1570 1356
1571 1357
1572 1354
1573 1354
1574 1356
1575 1355
1576 1357
1577 1356
1578 1356
1579 1357
1580 1353
1581 1352
1582 1354
1583 1356
1584 1356
1585 1354
1586 1354
1587 1354
1588 1353
1589 1353
1590 1354
1591 1352
1592 1356
1593 1357
1594 1353
1595 1356
1596 1354
1597 1354
1598 1355
1599 1354
1600 1352
1601 1354
1602 1354
1603 1356
1604 1356
1605 1357
1606 1355
1607 1356
1608 1353
1609 1357
1610 1353
1611 1354
1612 1355
1613 1356
1614 1354
1615 1354
1616 1353
1617 1354
1618 1358
1619 1354
1620 1354
1621 1353
1622 1356
1623 1357
1624 1356
1625 1357
1626 1358
1627 1358
1628 1355
1629 1356
1630 1352
1631 1356
1632 1353
1633 1356
1634 1354
1635 1353
1636 1354
1637 1354
1638 1351
1639 1354
1640 1353
1641 1353
1642 1356
1643 1354
1644 1354
1645 1354
1646 1356
1647 1354
1648 1355
1649 1352
1650 1356
1651 1356
1652 1356
1653 1355
1654 1355
1655 1357
1656 1357
1657 1356
1658 1354
1659 1354
1660 1356
1661 1359
1662 1357
1663 1356
1664 1355
1665 1355
1666 1351
1667 1354
1668 1356
1669 1354
1670 1354
1671 1353
1672 1356
1673 1355
1674 1358
1675 1357
1676 1356
1677 1356
1678 1357
1679 1355
1680 1355
1681 1352
1682 1354
1683 1354
1684 1352
1685 1356
1686 1356
1687 1357
1688 1356
1689 1350
1690 1355
1691 1350
1692 1354
1693 1358
1694 1355
1695 1352
1696 1354
1697 1354
1698 1355
1699 1355
1700 1353
1701 1355
1702 1357
1703 1357
1704 1354
1705 1353
1706 1353
1707 1353
1708 1356
1709 1354
1710 1356
1711 1355
1712 1356
1713 1357
1714 1356
1715 1354
1716 1356
1717 1357
1718 1356
1719 1355
1720 1354
1721 1355
1722 1355
1723 1351
1724 1353
1725 1352
1726 1353
1727 1351
1728 1353
1729 1354
1730 1354
1731 1355
1732 1353
1733 1353
1734 1352
1735 1355
1736 1355
1737 1354
1738 1356
1739 1355
1740 1356
1741 1354
1742 1356
1743 1354
1744 1354
1745 1356
1746 1353
1747 1356
1748 1356
1749 1354
1750 1352
1751 1354
1752 1357
1753 1354
1754 1356
1755 1357
1756 1357
1757 1358
1758 1354
1759 1353
1760 1354
1761 1355
1762 1357
1763 1355
1764 1356
1765 1355
1766 1355
1767 1356
1768 1355
1769 1356
1770 1357
1771 1356
1772 1353
1773 1356
1774 1358
1775 1355
1776 1355
1777 1355
1778 1356
1779 1357
1780 1355
1781 1355
1782 1354
1783 1355
1784 1356
1785 1357
1786 1355
1787 1354
1788 1353
1789 1353
1790 1355
1791 1354
1792 1355
1793 1356
1794 1349
1795 1355
1796 1355
1797 1355
1798 1356
1799 1357
1800 1356
1801 1358
1802 1357
1803 1357
1804 1355
1805 1357
1806 1355
1807 1355
1808 1353
1809 1354
1810 1354
1811 1356
1812 1357
1813 1357
1814 1354
1815 1356
1816 1353
1817 1357
1818 1355
1819 1356
1820 1354
1821 1356
1822 1354
1823 1356
1824 1355
1825 1356
1826 1356
1827 1356
1828 1354
1829 1354
1830 1353
1831 1353
1832 1355
1833 1354
1834 1355
1835 1357
1836 1356
1837 1356
1838 1356
1839 1358
1840 1355
1841 1353
1842 1356
1843 1355
1844 1351
1845 1354
1846 1354
1847 1356
1848 1352
1849 1353
1850 1354
1851 1356
1852 1355
1853 1355
1854 1354
1855 1355
1856 1355
1857 1354
1858 1355
1859 1354
1860 1358
1861 1357
1862 1356
1863 1355
1864 1354
1865 1354
1866 1356
1867 1354
1868 1356
1869 1355
1870 1356
1871 1357
1872 1357
1873 1354
1874 1355
1875 1355
1876 1356
1877 1353
1878 1353
1879 1354
1880 1357
1881 1354
1882 1355
1883 1353
1884 1356
1885 1354
1886 1354
1887 1354
1888 1355
1889 1353
1890 1356
1891 1355
1892 1357
1893 1356
1894 1356
1895 1354
1896 1355
1897 1355
1898 1356
1899 1355
1900 1356
1901 1353
1902 1355
1903 1357
1904 1356
1905 1355
1906 1353
1907 1353
1908 1355
1909 1354
1910 1353
1911 1354
1912 1354
1913 1356
1914 1354
1915 1357
1916 1356
1917 1356
1918 1355
1919 1352
1920 1352
1921 1354
1922 1353
1923 1352
1924 1354
1925 1352
1926 1355
1927 1356
1928 1355
1929 1353
1930 1355
1931 1357
1932 1354
1933 1356
1934 1355
1935 1355
1936 1354
1937 1357
1938 1357
1939 1358
1940 1355
1941 1356
1942 1355
1943 1354
1944 1355
1945 1355
1946 1357
1947 1355
1948 1356
1949 1356
1950 1356
1951 1357
1952 1357
1953 1355
1954 1355
1955 1357
1956 1355
1957 1356
1958 1356
1959 1357
1960 1356
1961 1357
1962 1355
1963 1354
1964 1353
1965 1354
1966 1356
1967 1357
1968 1355
1969 1356
1970 1355
1971 1356
1972 1354
1973 1354
1974 1355
1975 1359
1976 1355
1977 1355
1978 1354
1979 1352
1980 1355
1981 1355
1982 1355
1983 1353
1984 1352
1985 1353
1986 1355
1987 1354
1988 1353
1989 1354
1990 1356
1991 1353
1992 1355
1993 1355
1994 1354
1995 1356
1996 1355
1997 1356
1998 1355
1999 1354
2000 1357
2001 1354
2002 1357
2003 1355
2004 1355
2005 1355
2006 1354
2007 1354
2008 1354
2009 1351
2010 1355
2011 1356
2012 1356
2013 1352
2014 1355
2015 1357
2016 1358
2017 1356
2018 1357
2019 1355
2020 1355
2021 1356
2022 1355
2023 1353
2024 1357
2025 1357
2026 1357
2027 1353
2028 1353
2029 1356
2030 1356
2031 1357
2032 1353
2033 1354
2034 1356
2035 1357
2036 1355
2037 1357
2038 1355
2039 1356
2040 1356
2041 1356
2042 1355
2043 1355
2044 1356
2045 1356
2046 1354
2047 1358
2048 1357
2049 1357
2050 1355
2051 1355
2052 1357
2053 1356
2054 1353
2055 1355
2056 1357
2057 1357
2058 1354
2059 1357
2060 1356
2061 1356
2062 1356
2063 1355
2064 1352
2065 1355
2066 1355
2067 1355
2068 1356
2069 1355
2070 1355
2071 1354
2072 1356
2073 1354
2074 1353
2075 1355
2076 1356
2077 1356
2078 1359
2079 1355
2080 1359
2081 1357
2082 1355
2083 1353
2084 1357
2085 1354
2086 1357
2087 1357
2088 1356
2089 1355
2090 1358
2091 1355
2092 1356
2093 1354
2094 1357
2095 1355
2096 1354
2097 1353
2098 1356
2099 1359
2100 1354
2101 1354
2102 1358
2103 1357
2104 1356
2105 1356
2106 1356
2107 1357
2108 1356
2109 1358
2110 1355
2111 1355
2112 1356
2113 1356
2114 1357
2115 1354
2116 1355
2117 1356
2118 1355
2119 1354
2120 1356
2121 1354
2122 1360
2123 1353
2124 1354
2125 1354
2126 1356
2127 1353
2128 1356
2129 1356
2130 1354
2131 1352
2132 1355
2133 1353
2134 1356
2135 1355
2136 1357
2137 1355
2138 1355
2139 1357
2140 1356
2141 1354
2142 1354
2143 1354
2144 1358
2145 1356
2146 1357
2147 1357
2148 1356
2149 1354
2150 1357
2151 1357
2152 1357
2153 1355
2154 1358
2155 1355
2156 1355
2157 1356
2158 1355
2159 1353
2160 1353
2161 1353
2162 1355
2163 1352
2164 1354
2165 1355
2166 1356
2167 1357
2168 1356
2169 1357
2170 1361
2171 1359
2172 1356
2173 1357
2174 1360
2175 1357
2176 1358
2177 1356
2178 1355
2179 1357
2180 1356
2181 1354
2182 1357
2183 1355
2184 1356
2185 1353
2186 1356
2187 1356
2188 1356
2189 1355
2190 1358
2191 1357
2192 1358
2193 1355
2194 1357
2195 1356
2196 1355
2197 1353
2198 1356
2199 1357
2200 1361
2201 1357
2202 1357
2203 1356
2204 1356
2205 1355
2206 1358
2207 1355
2208 1358
2209 1359
2210 1355
2211 1355
2212 1355
2213 1357
2214 1357
2215 1356
2216 1357
2217 1358
2218 1356
2219 1356
2220 1355
2221 1355
2222 1354
2223 1355
2224 1355
2225 1354
2226 1356
2227 1354
2228 1354
2229 1354
2230 1357
2231 1356
2232 1354
2233 1356
2234 1358
2235 1359
2236 1358
2237 1357
2238 1355
2239 1357
2240 1356
2241 1356
2242 1356
2243 1354
2244 1356
2245 1357
2246 1355
2247 1356
2248 1355
2249 1355
2250 1356
2251 1356
2252 1357
2253 1353
2254 1358
2255 1356
2256 1355
2257 1355
2258 1354
2259 1356
2260 1357
2261 1356
2262 1356
2263 1358
2264 1356
2265 1355
2266 1355
2267 1356
2268 1356
2269 1355
2270 1359
2271 1355
2272 1357
2273 1354
2274 1355
2275 1355
2276 1355
2277 1355
2278 1356
2279 1357
2280 1356
2281 1355
2282 1355
2283 1358
2284 1356
2285 1357
2286 1357
2287 1357
2288 1356
2289 1358
2290 1357
2291 1357
2292 1356
2293 1357
2294 1354
2295 1356
2296 1355
2297 1356
2298 1355
2299 1357
2300 1356
2301 1356
2302 1358
2303 1356
2304 1356
2305 1356
2306 1354
2307 1355
2308 1354
2309 1356
2310 1356
2311 1353
2312 1356
2313 1351
2314 1355
2315 1357
2316 1356
2317 1357
2318 1357
2319 1354
2320 1355
2321 1357
2322 1357
2323 1353
2324 1358
2325 1356
2326 1354
2327 1355
2328 1356
2329 1358
2330 1356
2331 1354
2332 1354
2333 1356
2334 1356
2335 1357
2336 1354
2337 1356
2338 1354
2339 1357
2340 1355
2341 1357
2342 1354
2343 1356
2344 1356
2345 1355
2346 1355
2347 1353
2348 1355
2349 1354
2350 1355
2351 1354
2352 1355
2353 1355
2354 1356
2355 1357
2356 1354
2357 1356
2358 1356
2359 1355
2360 1355
2361 1356
2362 1356
2363 1355
2364 1353
2365 1355
2366 1354
2367 1355
2368 1355
2369 1353
2370 1355
2371 1355
2372 1354
2373 1351
2374 1355
2375 1357
2376 1359
2377 1356
2378 1355
2379 1358
2380 1353
2381 1355
2382 1352
2383 1357
2384 1356
2385 1355
2386 1359
2387 1357
2388 1354
2389 1355
2390 1356
2391 1357
2392 1356
2393 1356
2394 1354
2395 1356
2396 1356
2397 1353
2398 1353
2399 1354
2400 1357
2401 1354
2402 1355
2403 1354
2404 1356
2405 1355
2406 1357
2407 1356
2408 1353
2409 1354
2410 1355
2411 1356
2412 1355
2413 1357
2414 1353
2415 1357
2416 1354
2417 1356
2418 1356
2419 1356
2420 1359
2421 1361
2422 1355
2423 1356
2424 1357
2425 1357
2426 1356
2427 1356
2428 1352
2429 1357
2430 1355
2431 1356
2432 1356
2433 1354
2434 1355
2435 1356
2436 1354
2437 1354
2438 1355
2439 1356
2440 1354
2441 1357
2442 1355
2443 1357
2444 1355
2445 1355
2446 1354
2447 1355
2448 1356
2449 1357
2450 1358
2451 1359
2452 1358
2453 1356
2454 1354
2455 1356
2456 1357
2457 1359
2458 1356
2459 1358
2460 1356
2461 1355
2462 1358
2463 1354
2464 1352
2465 1355
2466 1356
2467 1358
2468 1355
2469 1354
2470 1352
2471 1356
2472 1355
2473 1355
2474 1352
2475 1357
2476 1355
2477 1355
2478 1354
2479 1355
2480 1357
2481 1357
2482 1356
2483 1357
2484 1352
2485 1357
2486 1356
2487 1356
2488 1353
2489 1355
2490 1356
2491 1353
2492 1355
2493 1354
2494 1353
2495 1354
2496 1355
2497 1354
2498 1353
2499 1355
2500 1357
2501 1355
2502 1355
2503 1356
2504 1355
2505 1355
2506 1355
2507 1355
2508 1354
2509 1356
2510 1357
2511 1356
2512 1353
2513 1356
2514 1357
2515 1356
2516 1353
2517 1357
2518 1356
2519 1358
2520 1356
2521 1354
2522 1354
2523 1354
2524 1358
2525 1354
2526 1354
2527 1352
2528 1354
2529 1358
2530 1355
2531 1355
2532 1355
2533 1355
2534 1356
2535 1357
2536 1355
2537 1353
2538 1356
2539 1358
2540 1356
2541 1355
2542 1356
2543 1353
2544 1353
2545 1353
2546 1357
2547 1355
2548 1354
2549 1356
2550 1353
2551 1357
2552 1354
2553 1356
2554 1355
2555 1354
2556 1358
2557 1354
2558 1354
2559 1354
2560 1353
2561 1355
2562 1354
2563 1355
2564 1355
2565 1358
2566 1356
2567 1354
2568 1352
2569 1353
2570 1355
2571 1355
2572 1354
2573 1357
2574 1354
2575 1352
2576 1354
2577 1353
2578 1356
2579 1355
2580 1356
2581 1357
2582 1358
2583 1357
2584 1355
2585 1355
2586 1353
2587 1354
2588 1354
2589 1356
2590 1354
2591 1355
2592 1355
2593 1356
2594 1354
2595 1356
2596 1353
2597 1357
2598 1352
2599 1356
2600 1355
2601 1355
2602 1353
2603 1356
2604 1356
2605 1359
2606 1357
2607 1357
2608 1355
2609 1352
2610 1355
2611 1355
2612 1355
2613 1355
2614 1353
2615 1357
2616 1353
2617 1351
2618 1355
2619 1354
2620 1355
2621 1355
2622 1356
2623 1353
2624 1353
2625 1355
2626 1353
2627 1356
2628 1355
2629 1353
2630 1355
2631 1356
2632 1355
2633 1354
2634 1354
2635 1355
2636 1358
2637 1355
2638 1356
2639 1356
2640 1356
2641 1355
2642 1354
2643 1352
2644 1354
2645 1350
2646 1356
2647 1357
2648 1356
2649 1353
2650 1353
2651 1354
2652 1355
2653 1357
2654 1354
2655 1356
2656 1357
2657 1354
2658 1354
2659 1357
2660 1354
2661 1356
2662 1356
2663 1356
2664 1356
2665 1356
2666 1356
2667 1355
2668 1357
2669 1353
2670 1356
2671 1355
2672 1355
2673 1355
2674 1356
2675 1354
2676 1355
2677 1353
2678 1354
2679 1356
2680 1357
2681 1353
2682 1355
2683 1356
2684 1356
2685 1355
2686 1356
2687 1352
2688 1356
2689 1354
2690 1353
2691 1355
2692 1355
2693 1358
2694 1356
2695 1356
2696 1357
2697 1353
2698 1357
2699 1355
2700 1353
2701 1355
2702 1355
2703 1356
2704 1358
2705 1358
2706 1358
2707 1356
2708 1359
2709 1354
2710 1353
2711 1357
2712 1355
2713 1354
2714 1356
2715 1357
2716 1357
2717 1357
2718 1356
2719 1353
2720 1356
2721 1357
2722 1356
2723 1353
2724 1356
2725 1355
2726 1359
2727 1357
2728 1357
2729 1355
2730 1357
2731 1356
2732 1356
2733 1354
2734 1356
2735 1353
2736 1356
2737 1355
2738 1356
2739 1356
2740 1357
2741 1355
2742 1356
2743 1356
2744 1356
2745 1353
2746 1356
2747 1357
2748 1357
2749 1356
2750 1357
2751 1354
2752 1355
2753 1356
2754 1355
2755 1354
2756 1355
2757 1356
2758 1354
2759 1356
2760 1356
2761 1356
2762 1355
2763 1355
2764 1355
2765 1357
2766 1358
2767 1353
2768 1353
2769 1353
2770 1355
2771 1355
2772 1355
2773 1355
2774 1355
2775 1356
2776 1356
2777 1356
2778 1354
2779 1355
2780 1355
2781 1355
2782 1356
2783 1355
2784 1354
2785 1356
2786 1356
2787 1357
2788 1358
2789 1354
2790 1357
2791 1352
2792 1353
2793 1353
2794 1355
2795 1354
2796 1355
2797 1353
2798 1356
2799 1354
2800 1355
2801 1354
2802 1354
2803 1354
2804 1356
2805 1354
2806 1355
2807 1354
2808 1354
2809 1354
2810 1355
2811 1351
2812 1354
2813 1357
2814 1353
2815 1353
2816 1354
2817 1355
2818 1356
2819 1356
2820 1354
2821 1357
2822 1357
2823 1357
2824 1354
2825 1355
2826 1357
2827 1353
2828 1354
2829 1352
2830 1356
2831 1356
2832 1356
2833 1354
2834 1356
2835 1356
2836 1358
2837 1353
2838 1357
2839 1355
2840 1356
2841 1352
2842 1352
2843 1355
2844 1355
2845 1355
2846 1354
2847 1355
2848 1356
2849 1355
2850 1354
2851 1356
2852 1353
2853 1353
2854 1359
2855 1356
2856 1353
2857 1354
2858 1355
2859 1353
2860 1356
2861 1356
2862 1356
2863 1351
2864 1353
2865 1354
2866 1357
2867 1354
2868 1354
2869 1354
2870 1357
2871 1356
2872 1357
2873 1357
2874 1355
2875 1351
2876 1352
2877 1353
2878 1358
2879 1357
2880 1355
2881 1355
2882 1358
2883 1354
2884 1355
2885 1357
2886 1355
2887 1355
2888 1357
2889 1356
2890 1355
2891 1355
2892 1356
2893 1356
2894 1355
2895 1355
2896 1357
2897 1355
2898 1353
2899 1353
2900 1356
2901 1354
2902 1354
2903 1355
2904 1355
2905 1357
2906 1356
2907 1355
2908 1354
2909 1355
2910 1356
2911 1357
2912 1356
2913 1358
2914 1355
2915 1355
2916 1355
2917 1355
2918 1356
2919 1356
2920 1352
2921 1355
2922 1356
2923 1356
2924 1355
2925 1352
2926 1352
2927 1352
2928 1355
2929 1356
2930 1358
2931 1354
2932 1354
2933 1353
2934 1355
2935 1355
2936 1353
2937 1355
2938 1354
2939 1358
2940 1354
2941 1357
2942 1356
2943 1356
2944 1353
2945 1355
2946 1356
2947 1358
2948 1354
2949 1355
2950 1354
2951 1353
2952 1355
2953 1351
2954 1352
2955 1355
2956 1355
2957 1357
2958 1357
2959 1356
2960 1356
2961 1355
2962 1355
2963 1354
2964 1356
2965 1354
2966 1354
2967 1355
2968 1356
2969 1356
2970 1354
2971 1354
2972 1357
2973 1355
2974 1353
2975 1350
2976 1355
2977 1357
2978 1354
2979 1356
2980 1351
2981 1355
2982 1356
2983 1354
2984 1355
2985 1356
2986 1356
2987 1354
2988 1355
2989 1354
2990 1355
2991 1355
2992 1353
2993 1354
2994 1356
2995 1352
2996 1356
2997 1354
2998 1356
2999 1358
3000 1354
3001 1353
3002 1356
3003 1357
3004 1354
3005 1354
3006 1354
3007 1352
3008 1355
3009 1353
3010 1355
3011 1355
3012 1355
3013 1354
3014 1356
3015 1354
3016 1355
3017 1354
3018 1357
3019 1355
3020 1355
3021 1355
3022 1354
3023 1353
3024 1355
3025 1354
3026 1356
3027 1357
3028 1357
3029 1356
3030 1356
3031 1357
3032 1356
3033 1354
3034 1355
3035 1355
3036 1357
3037 1355
3038 1357
3039 1357
3040 1355
3041 1354
3042 1353
3043 1353
3044 1352
3045 1355
3046 1356
3047 1356
3048 1354
3049 1356
3050 1354
3051 1354
3052 1355
3053 1357
3054 1354
3055 1355
3056 1354
3057 1355
3058 1354
3059 1355
3060 1355
3061 1357
3062 1356
3063 1357
3064 1353
3065 1353
3066 1356
3067 1357
3068 1356
3069 1355
3070 1354
3071 1355
3072 1354
3073 1356
3074 1353
3075 1353
3076 1356
3077 1353
3078 1357
3079 1354
3080 1354
3081 1355
3082 1356
3083 1354
3084 1356
3085 1357
3086 1356
3087 1357
3088 1354
3089 1356
3090 1355
3091 1353
3092 1354
3093 1356
3094 1353
3095 1355
3096 1356
3097 1354
3098 1356
3099 1356
3100 1353
3101 1355
3102 1356
3103 1355
3104 1355
3105 1355
3106 1355
3107 1351
3108 1356
3109 1357
3110 1356
3111 1354
3112 1355
3113 1357
3114 1356
3115 1353
3116 1355
3117 1355
3118 1357
3119 1356
3120 1356
3121 1356
3122 1355
3123 1354
3124 1356
3125 1355
3126 1356
3127 1355
3128 1352
3129 1358
3130 1353
3131 1357
3132 1356
3133 1352
3134 1356
3135 1357
3136 1356
3137 1356
3138 1356
3139 1353
3140 1352
3141 1354
3142 1355
3143 1356
3144 1356
3145 1357
3146 1354
3147 1355
3148 1356
3149 1356
3150 1355
3151 1355
3152 1354
3153 1355
3154 1354
3155 1355
3156 1355
3157 1355
3158 1354
3159 1355
3160 1352
3161 1351
3162 1356
3163 1357
3164 1356
3165 1355
3166 1354
3167 1354
3168 1357
3169 1354
3170 1356
3171 1355
3172 1353
3173 1352
3174 1355
3175 1356
3176 1355
3177 1356
3178 1357
3179 1354
3180 1354
3181 1352
3182 1356
3183 1356
3184 1354
3185 1354
3186 1355
3187 1354
3188 1356
3189 1356
3190 1357
3191 1357
3192 1352
3193 1353
3194 1354
3195 1353
3196 1355
3197 1353
3198 1353
3199 1358
3200 1356
3201 1354
3202 1356
3203 1356
3204 1357
3205 1355
3206 1355
3207 1354
3208 1354
3209 1353
3210 1355
3211 1354
3212 1356
3213 1355
3214 1356
3215 1354
3216 1355
3217 1355
3218 1356
3219 1358
3220 1357
3221 1354
3222 1355
3223 1356
3224 1355
3225 1356
3226 1354
3227 1353
3228 1354
3229 1356
3230 1353
3231 1352
3232 1353
3233 1356
3234 1356
3235 1353
3236 1355
3237 1353
3238 1356
3239 1355
3240 1356
3241 1352
3242 1355
3243 1355
3244 1354
3245 1356
3246 1356
3247 1357
3248 1357
3249 1357
3250 1356
3251 1356
3252 1355
3253 1356
3254 1355
3255 1356
3256 1355
3257 1353
3258 1355
3259 1354
3260 1355
3261 1353
3262 1351
3263 1354
3264 1356
3265 1357
3266 1353
3267 1355
3268 1352
3269 1355
3270 1356
3271 1356
3272 1355
3273 1354
3274 1352
3275 1355
3276 1355
3277 1355
3278 1355
3279 1357
3280 1357
3281 1356
3282 1354
3283 1354
3284 1355
3285 1357
3286 1355
3287 1355
3288 1355
3289 1357
3290 1353
3291 1354
3292 1355
3293 1357
3294 1357
3295 1357
3296 1357
3297 1356
3298 1357
3299 1354
3300 1356
3301 1356
3302 1351
3303 1353
3304 1357
3305 1357
3306 1356
3307 1355
3308 1355
3309 1354
3310 1354
3311 1355
3312 1355
3313 1354
3314 1355
3315 1357
3316 1354
3317 1355
3318 1353
3319 1351
3320 1356
3321 1354
3322 1355
3323 1354
3324 1354
3325 1355
3326 1354
3327 1357
3328 1355
3329 1353
3330 1354
3331 1356
3332 1356
3333 1357
3334 1358
3335 1355
3336 1355
3337 1357
3338 1356
3339 1357
3340 1357
3341 1354
3342 1355
3343 1354
3344 1357
3345 1357
3346 1356
3347 1356
3348 1357
3349 1354
3350 1355
3351 1353
3352 1355
3353 1355
3354 1356
3355 1355
3356 1355
3357 1354
3358 1355
3359 1354
3360 1355
3361 1353
3362 1354
3363 1354
3364 1355
3365 1355
3366 1356
3367 1356
3368 1356
3369 1353
3370 1356
3371 1354
3372 1355
3373 1357
3374 1356
3375 1354
3376 1354
3377 1350
3378 1356
3379 1354
3380 1355
3381 1356
3382 1355
3383 1355
3384 1356
3385 1356
3386 1357
3387 1357
3388 1354
3389 1356
3390 1354
3391 1353
3392 1351
3393 1350
3394 1355
3395 1355
3396 1353
3397 1356
3398 1355
3399 1354
3400 1355
3401 1355
3402 1356
3403 1355
3404 1354
3405 1355
3406 1354
3407 1355
3408 1352
3409 1355
3410 1352
3411 1353
3412 1355
3413 1355
3414 1356
3415 1355
3416 1354
3417 1354
3418 1355
3419 1356
3420 1354
3421 1355
3422 1355
3423 1357
3424 1356
3425 1356
3426 1354
3427 1356
3428 1356
3429 1357
3430 1354
3431 1355
3432 1356
3433 1355
3434 1353
3435 1355
3436 1355
3437 1355
3438 1354
3439 1354
3440 1357
3441 1357
3442 1354
3443 1353
3444 1354
3445 1354
3446 1354
3447 1355
3448 1353
3449 1356
3450 1356
3451 1356
3452 1356
3453 1357
3454 1355
3455 1356
3456 1357
3457 1357
3458 1355
3459 1357
3460 1354
3461 1355
3462 1356
3463 1357
3464 1357
3465 1356
3466 1354
3467 1352
3468 1357
3469 1356
3470 1358
3471 1358
3472 1355
3473 1356
3474 1354
3475 1355
3476 1354
3477 1355
3478 1356
3479 1355
3480 1355
3481 1356
3482 1354
3483 1357
3484 1354
3485 1355
3486 1355
3487 1355
3488 1353
3489 1353
3490 1355
3491 1356
3492 1355
3493 1353
3494 1356
3495 1356
3496 1357
3497 1354
3498 1356
3499 1355
3500 1354
3501 1357
3502 1355
3503 1357
3504 1354
3505 1355
3506 1355
3507 1355
3508 1356
3509 1357
3510 1354
3511 1356
3512 1356
3513 1357
3514 1356
3515 1356
3516 1355
3517 1355
3518 1357
3519 1356
3520 1354
3521 1356
3522 1352
3523 1353
3524 1357
3525 1356
3526 1355
3527 1354
3528 1352
3529 1355
3530 1356
3531 1355
3532 1354
3533 1356
3534 1356
3535 1354
3536 1358
3537 1356
3538 1354
3539 1356
3540 1354
3541 1354
3542 1354
3543 1352
3544 1355
3545 1355
3546 1355
3547 1354
3548 1355
3549 1357
3550 1356
3551 1354
3552 1356
3553 1352
3554 1355
3555 1355
3556 1357
3557 1355
3558 1354
3559 1356
3560 1356
3561 1355
3562 1356
3563 1360
3564 1359
3565 1356
3566 1352
3567 1355
3568 1355
3569 1356
3570 1354
3571 1355
3572 1354
3573 1357
3574 1352
3575 1357
3576 1356
3577 1356
3578 1356
3579 1355
3580 1354
3581 1356
3582 1356
3583 1358
3584 1356
3585 1354
3586 1358
3587 1357
3588 1356
3589 1355
3590 1355
3591 1357
3592 1356
3593 1356
3594 1355
3595 1354
3596 1357
3597 1356
3598 1354
3599 1354
3600 1355
3601 1353
3602 1352
3603 1353
3604 1354
3605 1355
3606 1355
3607 1354
3608 1354
3609 1358
3610 1357
3611 1355
3612 1356
3613 1355
3614 1354
3615 1356
3616 1353
3617 1353
3618 1352
3619 1357
3620 1358
3621 1356
3622 1355
3623 1351
3624 1352
3625 1354
3626 1356
3627 1356
3628 1356
3629 1356
3630 1356
3631 1355
3632 1354
3633 1354
3634 1355
3635 1354
3636 1354
3637 1357
3638 1355
3639 1355
3640 1355
3641 1357
3642 1355
3643 1355
3644 1353
3645 1353
3646 1356
3647 1354
3648 1354
3649 1356
3650 1354
3651 1354
3652 1354
3653 1355
3654 1356
3655 1356
3656 1355
3657 1353
3658 1355
3659 1357
3660 1355
3661 1356
3662 1356
3663 1354
3664 1356
3665 1353
3666 1356
3667 1357
3668 1356
3669 1355
3670 1355
3671 1353
3672 1353
3673 1357
3674 1354
3675 1356
3676 1354
3677 1355
3678 1352
3679 1356
3680 1356
3681 1357
3682 1354
3683 1355
3684 1356
3685 1355
3686 1356
3687 1354
3688 1355
3689 1355
3690 1354
3691 1350
3692 1351
3693 1354
3694 1355
3695 1356
3696 1352
3697 1350
3698 1353
3699 1358
3700 1356
3701 1356
3702 1352
3703 1356
3704 1357
3705 1354
3706 1354
3707 1354
3708 1355
3709 1356
3710 1355
3711 1355
3712 1353
3713 1355
3714 1354
3715 1356
3716 1355
3717 1357
3718 1353
3719 1356
3720 1354
3721 1357
3722 1358
3723 1354
3724 1352
3725 1353
3726 1354
3727 1354
3728 1356
3729 1356
3730 1356
3731 1360
3732 1355
3733 1355
3734 1355
3735 1357
3736 1355
3737 1353
3738 1353
3739 1357
3740 1358
3741 1357
3742 1353
3743 1353
3744 1355
3745 1357
3746 1358
3747 1357
3748 1355
3749 1357
3750 1356
3751 1354
3752 1352
3753 1357
3754 1356
3755 1359
3756 1356
3757 1355
3758 1354
3759 1356
3760 1357
3761 1357
3762 1358
3763 1356
3764 1356
3765 1357
3766 1355
3767 1356
3768 1355
3769 1359
3770 1354
3771 1357
3772 1356
3773 1356
3774 1355
3775 1356
3776 1357
3777 1358
3778 1355
3779 1355
3780 1357
3781 1357
3782 1355
3783 1357
3784 1353
3785 1352
3786 1355
3787 1355
3788 1355
3789 1355
3790 1356
3791 1359
3792 1354
3793 1353
3794 1357
3795 1356
3796 1357
3797 1355
3798 1353
3799 1354
3800 1356
3801 1358
3802 1353
3803 1356
3804 1356
3805 1356
3806 1354
3807 1356
3808 1352
3809 1353
3810 1355
3811 1355
3812 1357
3813 1354
3814 1356
3815 1354
3816 1355
3817 1355
3818 1356
3819 1355
3820 1355
3821 1356
3822 1354
3823 1353
3824 1354
3825 1358
3826 1354
3827 1357
3828 1356
3829 1356
3830 1355
3831 1354
3832 1356
3833 1352
3834 1357
3835 1356
3836 1354
3837 1357
3838 1352
3839 1354
3840 1354
3841 1355
3842 1354
3843 1354
3844 1353
3845 1356
3846 1353
3847 1355
3848 1354
3849 1356
3850 1358
3851 1354
3852 1353
3853 1357
3854 1357
3855 1356
3856 1355
3857 1355
3858 1355
3859 1355
3860 1355
3861 1357
3862 1356
3863 1357
3864 1354
3865 1357
3866 1358
3867 1356
3868 1357
3869 1353
3870 1356
3871 1357
3872 1354
3873 1354
3874 1352
3875 1357
3876 1355
3877 1354
3878 1356
3879 1354
3880 1355
3881 1356
3882 1354
3883 1356
3884 1355
3885 1355
3886 1355
3887 1357
3888 1356
3889 1357
3890 1357
3891 1356
3892 1356
3893 1357
3894 1355
3895 1357
3896 1356
3897 1356
3898 1355
3899 1356
3900 1353
3901 1356
3902 1353
3903 1356
3904 1356
3905 1354
3906 1355
3907 1352
3908 1354
3909 1356
3910 1353
3911 1353
3912 1354
3913 1358
3914 1354
3915 1355
3916 1353
3917 1356
3918 1355
3919 1355
3920 1356
3921 1356
3922 1355
3923 1354
3924 1356
3925 1356
3926 1354
3927 1358
3928 1355
3929 1355
3930 1354
3931 1356
3932 1355
3933 1357
3934 1356
3935 1353
3936 1354
3937 1358
3938 1357
3939 1355
3940 1351
3941 1355
3942 1355
3943 1353
3944 1351
3945 1356
3946 1355
3947 1357
3948 1357
3949 1357
3950 1354
3951 1357
3952 1354
3953 1354
3954 1355
3955 1353
3956 1353
3957 1355
3958 1356
3959 1355
3960 1352
3961 1356
3962 1355
3963 1354
3964 1355
3965 1357
3966 1356
3967 1357
3968 1355
3969 1356
3970 1354
3971 1356
3972 1355
3973 1354
3974 1357
3975 1353
3976 1354
3977 1354
3978 1356
3979 1356
3980 1354
3981 1354
3982 1356
3983 1354
3984 1354
3985 1357
3986 1356
3987 1353
3988 1355
3989 1355
3990 1354
3991 1356
3992 1356
3993 1353
3994 1356
3995 1353
3996 1355
3997 1354
3998 1354
3999 1354
