0 1357
1 1353
2 1354
3 1357
4 1355
5 1355
6 1355
7 1355
8 1355
9 1354
10 1357
11 1354
12 1356
13 1355
14 1358
15 1353
16 1355
17 1356
18 1357
19 1353
20 1353
21 1357
22 1356
23 1357
24 1356
25 1354
26 1358
27 1354
28 1357
29 1356
30 1355
31 1355
32 1354
33 1354
34 1355
35 1355
36 1357
37 1355
38 1355
39 1355
40 1355
41 1355
42 1355
43 1353
44 1356
45 1355
46 1356
47 1355
48 1355
49 1354
50 1354
51 1354
52 1354
53 1354
54 1356
55 1355
56 1353
57 1354
58 1352
59 1353
60 1353
61 1354
62 1355
63 1355
64 1355
65 1353
66 1354
67 1354
68 1354
69 1350
70 1356
71 1354
72 1355
73 1353
74 1355
75 1354
76 1356
77 1354
78 1354
79 1350
80 1354
81 1357
82 1354
83 1352
84 1354
85 1354
86 1355
87 1356
88 1355
89 1351
90 1355
91 1352
92 1352
93 1351
94 1354
95 1355
96 1355
97 1353
98 1355
99 1355
100 1355
101 1354
102 1353
103 1350
104 1353
105 1355
106 1355
107 1353
108 1356
109 1355
110 1354
111 1355
112 1354
113 1355
114 1354
115 1355
116 1356
117 1355
118 1354
119 1352
120 1356
121 1353
122 1354
123 1352
124 1357
125 1353
126 1354
127 1354
128 1353
129 1352
130 1355
131 1354
132 1353
133 1351
134 1355
135 1354
136 1354
137 1355
138 1355
139 1354
140 1354
141 1354
142 1356
143 1353
144 1353
145 1352
146 1354
147 1356
148 1354
149 1351
150 1354
151 1356
152 1354
153 1351
154 1354
155 1356
156 1351
157 1355
158 1354
159 1350
160 1353
161 1355
162 1355
163 1352
164 1355
165 1352
166 1356
167 1355
168 1355
169 1356
170 1356
171 1356
172 1354
173 1354
174 1354
175 1352
176 1355
177 1351
178 1354
179 1354
180 1355
181 1357
182 1356
183 1352
184 1355
185 1356
186 1353
187 1351
188 1356
189 1354
190 1356
191 1351
192 1356
193 1356
194 1355
195 1353
196 1356
197 1357
198 1356
199 1355
200 1355
201 1354
202 1352
203 1356
204 1355
205 1356
206 1353
207 1354
208 1354
209 1354
210 1355
211 1356
212 1352
213 1355
214 1352
215 1355
216 1355
217 1354
218 1354
219 1355
220 1354
221 1354
222 1355
223 1351
224 1352
225 1354
226 1356
227 1355
228 1354
229 1355
230 1356
231 1355
232 1353
233 1352
234 1355
235 1357
236 1354
237 1355
238 1354
239 1354
240 1352
241 1355
242 1356
243 1357
244 1356
245 1354
246 1354
247 1354
248 1351
249 1355
250 1352
251 1354
252 1354
253 1355
254 1356
255 1357
256 1355
257 1356
258 1353
259 1355
260 1354
261 1355
262 1354
263 1355
264 1355
265 1356
266 1356
267 1355
268 1358
269 1357
270 1355
271 1356
272 1353
273 1357
274 1353
275 1354
276 1352
277 1354
278 1355
279 1356
280 1352
281 1354
282 1357
283 1354
284 1356
285 1357
286 1356
287 1355
288 1354
289 1355
290 1353
291 1354
292 1354
293 1356
294 1354
295 1354
296 1354
297 1355
298 1353
299 1355
300 1355
301 1355
302 1354
303 1356
304 1354
305 1353
306 1354
307 1357
308 1357
309 1356
310 1356
311 1355
312 1355
313 1355
314 1355
315 1352
316 1357
317 1355
318 1357
319 1356
320 1355
321 1354
322 1355
323 1356
324 1353
325 1357
326 1358
327 1357
328 1353
329 1353
330 1353
331 1357
332 1353
333 1354
334 1355
335 1354
336 1353
337 1353
338 1356
339 1358
340 1355
341 1356
342 1354
343 1354
344 1355
345 1354
346 1354
347 1356
348 1356
349 1356
350 1355
351 1357
352 1356
353 1357
354 1357
355 1356
356 1358
357 1353
358 1356
359 1353
360 1357
361 1356
362 1356
363 1353
364 1357
365 1355
366 1355
367 1353
368 1355
369 1355
370 1354
371 1354
372 1353
373 1355
374 1355
375 1355
376 1352
377 1354
378 1354
379 1357
380 1357
381 1357
382 1355
383 1356
384 1355
385 1355
386 1353
387 1357
388 1357
389 1355
390 1356
391 1354
392 1354
393 1354
394 1356
395 1355
396 1354
397 1352
398 1356
399 1357
400 1354
401 1356
402 1353
403 1353
404 1354
405 1356
406 1354
407 1356
408 1354
409 1354
410 1357
411 1358
412 1354
413 1354
414 1354
415 1353
416 1358
417 1353
418 1356
419 1354
420 1355
421 1354
422 1353
423 1355
424 1354
425 1358
426 1355
427 1354
428 1353
429 1357
430 1358
431 1356
432 1355
433 1353
434 1355
435 1357
436 1354
437 1355
438 1353
439 1357
440 1355
441 1356
442 1355
443 1356
444 1354
445 1354
446 1355
447 1356
448 1356
449 1355
450 1355
451 1355
452 1354
453 1355
454 1354
455 1354
456 1353
457 1355
458 1353
459 1355
460 1355
461 1353
462 1355
463 1355
464 1353
465 1357
466 1354
467 1355
468 1353
469 1354
470 1354
471 1355
472 1354
473 1354
474 1353
475 1353
476 1357
477 1356
478 1354
479 1354
480 1354
481 1356
482 1356
483 1354
484 1354
485 1357
486 1354
487 1354
488 1355
489 1357
490 1355
491 1353
492 1353
493 1353
494 1354
495 1357
496 1355
497 1354
498 1354
499 1358
500 1354
501 1355
502 1354
503 1356
504 1350
505 1354
506 1351
507 1357
508 1355
509 1354
510 1356
511 1356
512 1354
513 1357
514 1354
515 1354
516 1355
517 1355
518 1355
519 1352
520 1352
521 1353
522 1353
523 1352
524 1351
525 1353
526 1352
527 1354
528 1355
529 1356
530 1356
531 1355
532 1358
533 1358
534 1361
535 1369
536 1376
537 1387
538 1405
539 1429
540 1458
541 1488
542 1522
543 1558
544 1597
545 1633
546 1672
547 1701
548 1731
549 1752
550 1778
551 1801
552 1820
553 1830
554 1842
555 1846
556 1851
557 1847
558 1845
559 1835
560 1825
561 1809
562 1794
563 1779
564 1762
565 1746
566 1733
567 1716
568 1702
569 1684
570 1668
571 1651
572 1635
573 1618
574 1608
575 1594
576 1583
577 1570
578 1559
579 1549
580 1535
581 1526
582 1515
583 1506
584 1495
585 1487
586 1480
587 1470
588 1466
589 1459
590 1452
591 1447
592 1445
593 1438
594 1429
595 1426
596 1418
597 1416
598 1408
599 1406
600 1402
601 1401
602 1395
603 1391
604 1389
605 1386
606 1383
607 1384
608 1380
609 1378
610 1375
611 1376
612 1371
613 1374
614 1367
615 1368
616 1370
617 1374
618 1369
619 1363
620 1362
621 1363
622 1364
623 1364
624 1363
625 1358
626 1360
627 1360
628 1363
629 1361
630 1362
631 1357
632 1359
633 1360
634 1357
635 1355
636 1358
637 1361
638 1363
639 1358
640 1359
641 1357
642 1361
643 1361
644 1358
645 1358
646 1357
647 1357
648 1356
649 1354
650 1356
651 1357
652 1357
653 1357
654 1362
655 1356
656 1357
657 1357
658 1355
659 1356
660 1359
661 1354
662 1356
663 1357
664 1355
665 1354
666 1357
667 1355
668 1356
669 1355
670 1358
671 1356
672 1356
673 1355
674 1357
675 1353
676 1359
677 1356
678 1356
679 1355
680 1354
681 1352
682 1354
683 1353
684 1356
685 1357
686 1356
687 1355
688 1358
689 1354
690 1356
691 1353
692 1355
693 1358
694 1356
695 1355
696 1356
697 1354
698 1354
699 1354
700 1356
701 1356
702 1355
703 1355
704 1354
705 1355
706 1355
707 1354
708 1356
709 1353
710 1355
711 1354
712 1354
713 1353
714 1356
715 1357
716 1358
717 1357
718 1354
719 1354
720 1357
721 1357
722 1355
723 1353
724 1355
725 1354
726 1356
727 1355
728 1354
729 1355
730 1356
731 1354
732 1355
733 1357
734 1356
735 1354
736 1355
737 1351
738 1355
739 1354
740 1356
741 1354
742 1353
743 1353
744 1356
745 1353
746 1355
747 1356
748 1355
749 1357
750 1354
751 1354
752 1356
753 1357
754 1355
755 1357
756 1355
757 1356
758 1357
759 1356
760 1352
761 1353
762 1355
763 1357
764 1353
765 1354
766 1355
767 1357
768 1355
769 1352
770 1357
771 1354
772 1356
773 1355
774 1354
775 1355
776 1355
777 1355
778 1355
779 1354
780 1356
781 1357
782 1355
783 1354
784 1355
785 1356
786 1356
787 1356
788 1352
789 1353
790 1355
791 1354
792 1354
793 1352
794 1351
795 1353
796 1358
797 1361
798 1355
799 1353
800 1353
801 1356
802 1355
803 1353
804 1353
805 1355
806 1356
807 1355
808 1355
809 1354
810 1356
811 1358
812 1355
813 1354
814 1355
815 1356
816 1356
817 1359
818 1355
819 1350
820 1354
821 1355
822 1356
823 1356
824 1353
825 1352
826 1355
827 1354
828 1354
829 1353
830 1354
831 1357
832 1355
833 1352
834 1351
835 1354
836 1357
837 1354
838 1354
839 1354
840 1353
841 1356
842 1354
843 1355
844 1357
845 1354
846 1353
847 1356
848 1356
849 1355
850 1355
851 1354
852 1355
853 1355
854 1354
855 1353
856 1353
857 1353
858 1354
859 1352
860 1352
861 1354
862 1356
863 1355
864 1353
865 1354
866 1355
867 1356
868 1354
869 1355
870 1357
871 1357
872 1357
873 1350
874 1352
875 1353
876 1354
877 1353
878 1355
879 1354
880 1355
881 1355
882 1354
883 1354
884 1354
885 1353
886 1353
887 1352
888 1355
889 1354
890 1355
891 1354
892 1354
893 1354
894 1354
895 1353
896 1353
897 1355
898 1353
899 1352
900 1353
901 1356
902 1355
903 1353
904 1355
905 1354
906 1353
907 1355
908 1355
909 1354
910 1355
911 1351
912 1352
913 1352
914 1355
915 1353
916 1352
917 1354
918 1353
919 1351
920 1350
921 1352
922 1352
923 1353
924 1351
925 1355
926 1352
927 1354
928 1354
929 1352
930 1354
931 1354
932 1356
933 1354
934 1354
935 1353
936 1353
937 1354
938 1353
939 1353
940 1355
941 1355
942 1353
943 1354
944 1356
945 1355
946 1357
947 1354
948 1353
949 1350
950 1354
951 1353
952 1353
953 1356
954 1353
955 1353
956 1354
957 1351
958 1353
959 1352
960 1353
961 1354
962 1356
963 1356
964 1356
965 1356
966 1355
967 1354
968 1354
969 1352
970 1353
971 1357
972 1352
973 1353
974 1352
975 1352
976 1356
977 1358
978 1359
979 1352
980 1352
981 1355
982 1357
983 1354
984 1354
985 1354
986 1352
987 1354
988 1354
989 1354
990 1355
991 1354
992 1355
993 1355
994 1355
995 1352
996 1355
997 1357
998 1355
999 1351
1000 1351
1001 1352
1002 1354
1003 1354
1004 1355
1005 1353
1006 1351
1007 1355
1008 1354
1009 1355
1010 1355
1011 1357
1012 1353
1013 1349
1014 1350
1015 1356
1016 1355
1017 1353
1018 1356
1019 1357
1020 1354
1021 1353
1022 1356
1023 1354
1024 1355
1025 1354
1026 1353
1027 1354
1028 1355
1029 1356
1030 1354
1031 1356
1032 1356
1033 1354
1034 1356
1035 1357
1036 1356
1037 1355
1038 1355
1039 1353
1040 1355
1041 1352
1042 1352
1043 1357
1044 1355
1045 1353
1046 1354
1047 1355
1048 1353
1049 1355
1050 1354
1051 1353
1052 1354
1053 1356
1054 1356
1055 1356
1056 1354
1057 1354
1058 1356
1059 1355
1060 1356
1061 1355
1062 1355
1063 1355
1064 1352
1065 1354
1066 1354
1067 1355
1068 1356
1069 1352
1070 1356
1071 1355
1072 1356
1073 1354
1074 1357
1075 1357
1076 1357
1077 1354
1078 1355
1079 1352
1080 1354
1081 1354
1082 1354
1083 1353
1084 1354
1085 1355
1086 1355
1087 1357
1088 1353
1089 1355
1090 1353
1091 1355
1092 1356
1093 1355
1094 1356
1095 1356
1096 1355
1097 1354
1098 1354
1099 1356
1100 1356
1101 1354
1102 1354
1103 1353
1104 1353
1105 1353
1106 1355
1107 1352
1108 1351
1109 1354
1110 1354
1111 1353
1112 1353
1113 1352
1114 1354
1115 1354
1116 1356
1117 1358
1118 1354
1119 1354
1120 1356
1121 1354
1122 1355
1123 1356
1124 1355
1125 1353
1126 1355
1127 1355
1128 1355
1129 1354
1130 1354
1131 1353
1132 1356
1133 1355
1134 1351
1135 1354
1136 1353
1137 1353
1138 1356
1139 1354
1140 1355
1141 1356
1142 1354
1143 1355
1144 1354
1145 1351
1146 1353
1147 1353
1148 1351
1149 1352
1150 1354
1151 1357
1152 1354
1153 1351
1154 1350
1155 1349
1156 1359
1157 1360
1158 1354
1159 1349
1160 1355
1161 1354
1162 1356
1163 1353
1164 1352
1165 1354
1166 1354
1167 1353
1168 1356
1169 1355
1170 1355
1171 1356
1172 1353
1173 1353
1174 1355
1175 1354
1176 1356
1177 1355
1178 1358
1179 1354
1180 1354
1181 1355
1182 1358
1183 1355
1184 1354
1185 1356
1186 1354
1187 1353
1188 1356
1189 1350
1190 1357
1191 1356
1192 1356
1193 1355
1194 1356
1195 1354
1196 1358
1197 1355
1198 1353
1199 1355
1200 1354
1201 1354
1202 1356
1203 1357
1204 1358
1205 1353
1206 1354
1207 1356
1208 1356
1209 1355
1210 1357
1211 1357
1212 1355
1213 1355
1214 1355
1215 1353
1216 1356
1217 1356
1218 1355
1219 1352
1220 1351
1221 1350
1222 1356
1223 1355
1224 1354
1225 1353
1226 1355
1227 1355
1228 1353
1229 1354
1230 1355
1231 1352
1232 1354
1233 1355
1234 1353
1235 1357
1236 1358
1237 1353
1238 1353
1239 1352
1240 1356
1241 1355
1242 1356
1243 1356
1244 1353
1245 1353
1246 1357
1247 1357
1248 1354
1249 1353
1250 1353
1251 1355
1252 1355
1253 1352
1254 1351
1255 1352
1256 1354
1257 1358
1258 1353
1259 1353
1260 1354
1261 1356
1262 1356
1263 1353
1264 1354
1265 1354
1266 1357
1267 1357
1268 1355
1269 1352
1270 1352
1271 1354
1272 1356
1273 1353
1274 1354
1275 1355
1276 1354
1277 1354
1278 1354
1279 1355
1280 1352
1281 1353
1282 1353
1283 1353
1284 1354
1285 1355
1286 1353
1287 1352
1288 1354
1289 1357
1290 1352
1291 1353
1292 1355
1293 1357
1294 1352
1295 1355
1296 1354
1297 1353
1298 1356
1299 1355
1300 1355
1301 1355
1302 1353
1303 1353
1304 1353
1305 1352
1306 1354
1307 1355
1308 1355
1309 1356
1310 1354
1311 1355
1312 1356
1313 1352
1314 1355
1315 1357
1316 1355
1317 1353
1318 1353
1319 1353
1320 1352
1321 1355
1322 1356
1323 1352
1324 1353
1325 1354
1326 1354
1327 1355
1328 1354
1329 1353
1330 1354
1331 1356
1332 1353
1333 1356
1334 1353
1335 1352
1336 1356
1337 1357
1338 1356
1339 1353
1340 1354
1341 1357
1342 1356
1343 1354
1344 1354
1345 1354
1346 1353
1347 1354
1348 1349
1349 1355
1350 1353
1351 1355
1352 1355
1353 1355
1354 1354
1355 1354
1356 1353
1357 1356
1358 1357
1359 1358
1360 1354
1361 1355
1362 1353
1363 1357
1364 1353
1365 1354
1366 1353
1367 1354
1368 1353
1369 1354
1370 1354
1371 1357
1372 1354
1373 1352
1374 1355
1375 1355
1376 1357
1377 1356
1378 1354
1379 1354
1380 1354
1381 1353
1382 1354
1383 1355
1384 1353
1385 1353
1386 1355
1387 1354
1388 1357
1389 1356
1390 1356
1391 1355
1392 1354
1393 1356
1394 1356
1395 1355
1396 1356
1397 1355
1398 1355
1399 1355
1400 1357
1401 1355
1402 1356
1403 1355
1404 1356
1405 1353
1406 1351
1407 1356
1408 1356
1409 1357
1410 1356
1411 1354
1412 1354
1413 1357
1414 1353
1415 1357
1416 1354
1417 1356
1418 1356
1419 1356
1420 1353
1421 1356
1422 1355
1423 1355
1424 1355
1425 1354
1426 1356
1427 1356
1428 1355
1429 1353
1430 1353
1431 1356
1432 1356
1433 1353
1434 1353
1435 1354
1436 1356
1437 1356
1438 1355
1439 1354
1440 1354
1441 1355
1442 1354
1443 1353
1444 1356
1445 1356
1446 1356
1447 1356
1448 1355
1449 1356
1450 1355
1451 1357
1452 1355
1453 1352
1454 1355
1455 1353
1456 1353
1457 1355
1458 1356
1459 1354
1460 1356
1461 1355
1462 1356
1463 1357
1464 1355
1465 1355
1466 1355
1467 1355
1468 1354
1469 1355
1470 1359
1471 1360
1472 1356
1473 1357
1474 1356
1475 1356
1476 1355
1477 1355
1478 1357
1479 1354
1480 1358
1481 1358
1482 1356
1483 1355
1484 1354
1485 1354
1486 1354
1487 1354
1488 1356
1489 1355
1490 1356
1491 1355
1492 1353
1493 1355
1494 1355
1495 1355
1496 1356
1497 1355
1498 1357
1499 1356
1500 1354
1501 1353
1502 1355
1503 1354
1504 1352
1505 1355
1506 1354
1507 1357
1508 1352
1509 1354
1510 1353
1511 1355
1512 1354
1513 1352
1514 1354
1515 1353
1516 1357
1517 1359
1518 1355
1519 1353
1520 1354
1521 1355
1522 1356
1523 1355
1524 1354
1525 1351
1526 1353
1527 1353
1528 1353
1529 1355
1530 1355
1531 1355
1532 1357
1533 1353
1534 1357
1535 1354
1536 1353
1537 1354
1538 1354
1539 1357
1540 1351
1541 1353
1542 1357
1543 1357
1544 1355
1545 1350
1546 1356
1547 1355
1548 1354
1549 1354
1550 1357
1551 1356
1552 1356
1553 1354
1554 1353
1555 1356
1556 1355
1557 1354
1558 1354
1559 1358
1560 1354
1561 1355
1562 1357
1563 1356
1564 1354
1565 1352
1566 1354
1567 1355
1568 1354
1569 1353
1570 1356
1571 1356
1572 1354
1573 1356
1574 1354
1575 1356
1576 1354
1577 1356
1578 1354
1579 1353
1580 1353
1581 1357
1582 1354
1583 1355
1584 1353
1585 1357
1586 1354
1587 1357
1588 1355
1589 1358
1590 1355
1591 1355
1592 1353
1593 1357
1594 1354
1595 1354
1596 1356
1597 1357
1598 1355
1599 1354
1600 1354
1601 1356
1602 1358
1603 1354
1604 1354
1605 1357
1606 1358
1607 1358
1608 1356
1609 1355
1610 1358
1611 1353
1612 1355
1613 1358
1614 1356
1615 1357
1616 1356
1617 1353
1618 1353
1619 1355
1620 1356
1621 1358
1622 1356
1623 1355
1624 1354
1625 1354
1626 1352
1627 1354
1628 1353
1629 1356
1630 1354
1631 1355
1632 1355
1633 1358
1634 1354
1635 1355
1636 1355
1637 1357
1638 1355
1639 1354
1640 1352
1641 1355
1642 1354
1643 1353
1644 1354
1645 1356
1646 1355
1647 1353
1648 1356
1649 1357
1650 1353
1651 1356
1652 1356
1653 1354
1654 1354
1655 1356
1656 1354
1657 1355
1658 1356
1659 1352
1660 1355
1661 1357
1662 1354
1663 1356
1664 1355
1665 1356
1666 1354
1667 1353
1668 1356
1669 1353
1670 1356
1671 1354
1672 1355
1673 1355
1674 1358
1675 1356
1676 1356
1677 1356
1678 1351
1679 1355
1680 1356
1681 1354
1682 1356
1683 1358
1684 1360
1685 1355
1686 1354
1687 1356
1688 1356
1689 1354
1690 1355
1691 1351
1692 1354
1693 1357
1694 1355
1695 1354
1696 1355
1697 1358
1698 1356
1699 1355
1700 1353
1701 1357
1702 1357
1703 1354
1704 1355
1705 1357
1706 1357
1707 1356
1708 1353
1709 1355
1710 1355
1711 1356
1712 1353
1713 1353
1714 1355
1715 1355
1716 1354
1717 1354
1718 1358
1719 1355
1720 1352
1721 1354
1722 1356
1723 1356
1724 1355
1725 1354
1726 1355
1727 1357
1728 1354
1729 1353
1730 1355
1731 1358
1732 1356
1733 1356
1734 1357
1735 1357
1736 1355
1737 1355
1738 1356
1739 1356
1740 1352
1741 1357
1742 1357
1743 1353
1744 1353
1745 1354
1746 1356
1747 1354
1748 1355
1749 1356
1750 1357
1751 1355
1752 1355
1753 1354
1754 1354
1755 1354
1756 1355
1757 1356
1758 1355
1759 1352
1760 1355
1761 1357
1762 1356
1763 1355
1764 1354
1765 1357
1766 1356
1767 1354
1768 1354
1769 1355
1770 1355
1771 1356
1772 1357
1773 1353
1774 1353
1775 1354
1776 1354
1777 1354
1778 1354
1779 1355
1780 1357
1781 1355
1782 1354
1783 1357
1784 1353
1785 1354
1786 1353
1787 1354
1788 1355
1789 1354
1790 1356
1791 1357
1792 1354
1793 1356
1794 1355
1795 1355
1796 1356
1797 1357
1798 1353
1799 1356
1800 1356
1801 1355
1802 1353
1803 1356
1804 1355
1805 1357
1806 1356
1807 1354
1808 1353
1809 1354
1810 1357
1811 1356
1812 1356
1813 1356
1814 1356
1815 1354
1816 1354
1817 1355
1818 1355
1819 1357
1820 1355
1821 1356
1822 1356
1823 1352
1824 1356
1825 1352
1826 1355
1827 1354
1828 1354
1829 1353
1830 1356
1831 1353
1832 1355
1833 1352
1834 1354
1835 1354
1836 1354
1837 1356
1838 1351
1839 1353
1840 1355
1841 1353
1842 1354
1843 1355
1844 1355
1845 1352
1846 1355
1847 1355
1848 1358
1849 1353
1850 1355
1851 1354
1852 1358
1853 1353
1854 1356
1855 1356
1856 1358
1857 1352
1858 1355
1859 1354
1860 1355
1861 1355
1862 1354
1863 1354
1864 1356
1865 1351
1866 1356
1867 1355
1868 1354
1869 1356
1870 1355
1871 1355
1872 1356
1873 1355
1874 1356
1875 1354
1876 1356
1877 1357
1878 1357
1879 1352
1880 1352
1881 1357
1882 1357
1883 1355
1884 1354
1885 1354
1886 1356
1887 1356
1888 1355
1889 1355
1890 1355
1891 1357
1892 1355
1893 1354
1894 1351
1895 1355
1896 1355
1897 1353
1898 1355
1899 1355
1900 1353
1901 1353
1902 1356
1903 1359
1904 1355
1905 1354
1906 1354
1907 1356
1908 1354
1909 1353
1910 1355
1911 1357
1912 1355
1913 1353
1914 1355
1915 1352
1916 1355
1917 1356
1918 1355
1919 1357
1920 1354
1921 1355
1922 1356
1923 1355
1924 1355
1925 1352
1926 1355
1927 1355
1928 1355
1929 1356
1930 1353
1931 1355
1932 1353
1933 1353
1934 1355
1935 1355
1936 1355
1937 1355
1938 1355
1939 1357
1940 1357
1941 1355
1942 1353
1943 1355
1944 1356
1945 1355
1946 1354
1947 1359
1948 1355
1949 1355
1950 1356
1951 1357
1952 1355
1953 1355
1954 1357
1955 1356
1956 1357
1957 1356
1958 1355
1959 1355
1960 1352
1961 1355
1962 1355
1963 1355
1964 1355
1965 1355
1966 1355
1967 1355
1968 1354
1969 1356
1970 1356
1971 1352
1972 1354
1973 1353
1974 1355
1975 1353
1976 1356
1977 1356
1978 1356
1979 1354
1980 1355
1981 1356
1982 1355
1983 1354
1984 1355
1985 1352
1986 1353
1987 1351
1988 1353
1989 1354
1990 1355
1991 1353
1992 1355
1993 1355
1994 1355
1995 1355
1996 1356
1997 1354
1998 1352
1999 1355
2000 1355
2001 1355
2002 1354
2003 1353
2004 1356
2005 1355
2006 1355
2007 1357
2008 1354
2009 1355
2010 1355
2011 1353
2012 1354
2013 1355
2014 1355
2015 1352
2016 1351
2017 1353
2018 1354
2019 1352
2020 1352
2021 1355
2022 1353
2023 1355
2024 1356
2025 1356
2026 1353
2027 1355
2028 1352
2029 1353
2030 1355
2031 1352
2032 1356
2033 1354
2034 1356
2035 1356
2036 1353
2037 1356
2038 1356
2039 1354
2040 1354
2041 1354
2042 1355
2043 1354
2044 1355
2045 1355
2046 1353
2047 1355
2048 1353
2049 1354
2050 1354
2051 1353
2052 1353
2053 1354
2054 1353
2055 1353
2056 1353
2057 1356
2058 1357
2059 1354
2060 1356
2061 1356
2062 1355
2063 1354
2064 1355
2065 1356
2066 1357
2067 1353
2068 1355
2069 1356
2070 1356
2071 1355
2072 1352
2073 1356
2074 1353
2075 1355
2076 1354
2077 1355
2078 1352
2079 1354
2080 1354
2081 1353
2082 1354
2083 1354
2084 1352
2085 1352
2086 1356
2087 1355
2088 1354
2089 1354
2090 1355
2091 1357
2092 1356
2093 1352
2094 1355
2095 1356
2096 1356
2097 1352
2098 1355
2099 1354
2100 1355
2101 1353
2102 1353
2103 1350
2104 1356
2105 1354
2106 1354
2107 1351
2108 1354
2109 1354
2110 1355
2111 1354
2112 1353
2113 1353
2114 1354
2115 1354
2116 1352
2117 1356
2118 1354
2119 1354
2120 1351
2121 1353
2122 1352
2123 1354
2124 1355
2125 1355
2126 1356
2127 1357
2128 1355
2129 1356
2130 1357
2131 1355
2132 1354
2133 1355
2134 1355
2135 1355
2136 1354
2137 1355
2138 1355
2139 1354
2140 1354
2141 1354
2142 1354
2143 1354
2144 1354
2145 1355
2146 1354
2147 1354
2148 1355
2149 1356
2150 1355
2151 1355
2152 1350
2153 1357
2154 1357
2155 1356
2156 1356
2157 1353
2158 1354
2159 1355
2160 1353
2161 1354
2162 1355
2163 1356
2164 1356
2165 1354
2166 1358
2167 1357
2168 1356
2169 1353
2170 1354
2171 1353
2172 1355
2173 1353
2174 1356
2175 1353
2176 1354
2177 1354
2178 1355
2179 1356
2180 1356
2181 1355
2182 1356
2183 1358
2184 1354
2185 1358
2186 1356
2187 1354
2188 1356
2189 1357
2190 1358
2191 1357
2192 1354
2193 1354
2194 1356
2195 1356
2196 1354
2197 1353
2198 1353
2199 1357
2200 1356
2201 1357
2202 1354
2203 1353
2204 1353
2205 1356
2206 1356
2207 1357
2208 1356
2209 1355
2210 1355
2211 1356
2212 1355
2213 1355
2214 1356
2215 1355
2216 1356
2217 1353
2218 1354
2219 1357
2220 1355
2221 1354
2222 1355
2223 1354
2224 1353
2225 1351
2226 1356
2227 1358
2228 1356
2229 1357
2230 1356
2231 1357
2232 1356
2233 1353
2234 1354
2235 1355
2236 1353
2237 1355
2238 1355
2239 1354
2240 1356
2241 1359
2242 1357
2243 1358
2244 1357
2245 1352
2246 1354
2247 1355
2248 1356
2249 1355
2250 1355
2251 1352
2252 1355
2253 1355
2254 1354
2255 1354
2256 1353
2257 1356
2258 1355
2259 1354
2260 1353
2261 1356
2262 1356
2263 1354
2264 1355
2265 1356
2266 1354
2267 1357
2268 1356
2269 1353
2270 1356
2271 1355
2272 1354
2273 1353
2274 1354
2275 1356
2276 1355
2277 1356
2278 1355
2279 1353
2280 1353
2281 1356
2282 1355
2283 1355
2284 1355
2285 1356
2286 1353
2287 1352
2288 1353
2289 1353
2290 1353
2291 1356
2292 1353
2293 1352
2294 1353
2295 1353
2296 1351
2297 1354
2298 1353
2299 1354
2300 1351
2301 1355
2302 1350
2303 1355
2304 1354
2305 1358
2306 1351
2307 1357
2308 1355
2309 1355
2310 1356
2311 1355
2312 1353
2313 1356
2314 1352
2315 1356
2316 1356
2317 1354
2318 1354
2319 1355
2320 1356
2321 1356
2322 1354
2323 1356
2324 1354
2325 1356
2326 1355
2327 1353
2328 1354
2329 1355
2330 1352
2331 1352
2332 1354
2333 1356
2334 1355
2335 1356
2336 1354
2337 1353
2338 1355
2339 1355
2340 1355
2341 1356
2342 1354
2343 1356
2344 1354
2345 1354
2346 1353
2347 1355
2348 1353
2349 1354
2350 1354
2351 1358
2352 1354
2353 1357
2354 1355
2355 1355
2356 1355
2357 1356
2358 1354
2359 1356
2360 1354
2361 1357
2362 1355
2363 1358
2364 1356
2365 1356
2366 1356
2367 1355
2368 1355
2369 1356
2370 1356
2371 1356
2372 1356
2373 1354
2374 1356
2375 1357
2376 1354
2377 1354
2378 1353
2379 1355
2380 1354
2381 1356
2382 1354
2383 1354
2384 1355
2385 1355
2386 1354
2387 1356
2388 1355
2389 1355
2390 1355
2391 1356
2392 1355
2393 1355
2394 1356
2395 1352
2396 1353
2397 1356
2398 1356
2399 1355
2400 1356
2401 1354
2402 1355
2403 1354
2404 1356
2405 1359
2406 1355
2407 1352
2408 1357
2409 1354
2410 1355
2411 1355
2412 1356
2413 1355
2414 1355
2415 1356
2416 1356
2417 1358
2418 1356
2419 1355
2420 1354
2421 1353
2422 1356
2423 1355
2424 1351
2425 1354
2426 1354
2427 1356
2428 1356
2429 1354
2430 1353
2431 1354
2432 1356
2433 1357
2434 1355
2435 1357
2436 1357
2437 1356
2438 1355
2439 1354
2440 1353
2441 1357
2442 1354
2443 1354
2444 1354
2445 1355
2446 1355
2447 1357
2448 1353
2449 1354
2450 1360
2451 1355
2452 1355
2453 1355
2454 1356
2455 1356
2456 1355
2457 1353
2458 1354
2459 1353
2460 1353
2461 1355
2462 1355
2463 1356
2464 1352
2465 1353
2466 1356
2467 1356
2468 1359
2469 1355
2470 1354
2471 1356
2472 1356
2473 1358
2474 1353
2475 1359
2476 1354
2477 1356
2478 1356
2479 1354
2480 1354
2481 1355
2482 1354
2483 1354
2484 1356
2485 1354
2486 1355
2487 1355
2488 1355
2489 1354
2490 1357
2491 1355
2492 1356
2493 1356
2494 1356
2495 1353
2496 1355
2497 1355
2498 1353
2499 1356
2500 1357
2501 1357
2502 1356
2503 1354
2504 1355
2505 1355
2506 1353
2507 1354
2508 1352
2509 1355
2510 1355
2511 1357
2512 1356
2513 1352
2514 1355
2515 1355
2516 1356
2517 1353
2518 1356
2519 1353
2520 1355
2521 1356
2522 1353
2523 1353
2524 1354
2525 1355
2526 1354
2527 1356
2528 1355
2529 1353
2530 1353
2531 1356
2532 1355
2533 1353
2534 1355
2535 1353
2536 1354
2537 1354
2538 1354
2539 1354
2540 1353
2541 1355
2542 1354
2543 1353
2544 1352
2545 1353
2546 1355
2547 1353
2548 1354
2549 1357
2550 1356
2551 1355
2552 1356
2553 1356
2554 1355
2555 1355
2556 1354
2557 1356
2558 1355
2559 1353
2560 1358
2561 1355
2562 1356
2563 1355
2564 1357
2565 1355
2566 1357
2567 1356
2568 1355
2569 1354
2570 1354
2571 1354
2572 1356
2573 1353
2574 1354
2575 1354
2576 1354
2577 1355
2578 1355
2579 1354
2580 1353
2581 1353
2582 1354
2583 1355
2584 1355
2585 1353
2586 1355
2587 1355
2588 1357
2589 1355
2590 1356
2591 1356
2592 1356
2593 1357
2594 1355
2595 1355
2596 1355
2597 1356
2598 1357
2599 1353
2600 1354
2601 1357
2602 1352
2603 1354
2604 1352
2605 1355
2606 1356
2607 1354
2608 1357
2609 1356
2610 1355
2611 1356
2612 1356
2613 1355
2614 1356
2615 1357
2616 1354
2617 1353
2618 1357
2619 1355
2620 1354
2621 1355
2622 1354
2623 1353
2624 1355
2625 1356
2626 1356
2627 1357
2628 1353
2629 1351
2630 1353
2631 1354
2632 1353
2633 1354
2634 1353
2635 1354
2636 1355
2637 1355
2638 1351
2639 1352
2640 1354
2641 1356
2642 1356
2643 1355
2644 1354
2645 1356
2646 1355
2647 1353
2648 1353
2649 1354
2650 1351
2651 1355
2652 1355
2653 1354
2654 1354
2655 1353
2656 1354
2657 1356
2658 1354
2659 1356
2660 1355
2661 1356
2662 1356
2663 1354
2664 1354
2665 1354
2666 1355
2667 1355
2668 1354
2669 1352
2670 1355
2671 1357
2672 1356
2673 1357
2674 1355
2675 1356
2676 1355
2677 1356
2678 1354
2679 1352
2680 1353
2681 1352
2682 1355
2683 1354
2684 1354
2685 1356
2686 1354
2687 1354
2688 1354
2689 1354
2690 1353
2691 1354
2692 1354
2693 1355
2694 1356
2695 1354
2696 1356
2697 1356
2698 1353
2699 1356
2700 1355
2701 1354
2702 1354
2703 1355
2704 1356
2705 1355
2706 1355
2707 1355
2708 1354
2709 1355
2710 1352
2711 1353
2712 1353
2713 1355
2714 1356
2715 1354
2716 1353
2717 1356
2718 1354
2719 1353
2720 1353
2721 1352
2722 1356
2723 1355
2724 1354
2725 1353
2726 1352
2727 1355
2728 1354
2729 1354
2730 1355
2731 1353
2732 1355
2733 1357
2734 1353
2735 1355
2736 1354
2737 1355
2738 1354
2739 1356
2740 1354
2741 1354
2742 1354
2743 1355
2744 1353
2745 1355
2746 1354
2747 1356
2748 1355
2749 1353
2750 1353
2751 1355
2752 1356
2753 1355
2754 1356
2755 1355
2756 1353
2757 1355
2758 1353
2759 1356
2760 1354
2761 1355
2762 1355
2763 1355
2764 1352
2765 1357
2766 1355
2767 1357
2768 1354
2769 1354
2770 1357
2771 1356
2772 1357
2773 1356
2774 1353
2775 1356
2776 1358
2777 1357
2778 1354
2779 1354
2780 1355
2781 1356
2782 1355
2783 1356
2784 1354
2785 1354
2786 1355
2787 1354
2788 1354
2789 1355
2790 1354
2791 1354
2792 1354
2793 1353
2794 1355
2795 1357
2796 1356
2797 1353
2798 1355
2799 1353
2800 1352
2801 1355
2802 1355
2803 1354
2804 1353
2805 1354
2806 1353
2807 1351
2808 1353
2809 1352
2810 1354
2811 1352
2812 1352
2813 1355
2814 1353
2815 1354
2816 1355
2817 1354
2818 1354
2819 1349
2820 1354
2821 1356
2822 1355
2823 1355
2824 1354
2825 1356
2826 1353
2827 1353
2828 1355
2829 1355
2830 1354
2831 1356
2832 1353
2833 1357
2834 1352
2835 1355
2836 1355
2837 1356
2838 1352
2839 1353
2840 1355
2841 1353
2842 1352
2843 1354
2844 1354
2845 1355
2846 1354
2847 1353
2848 1353
2849 1357
2850 1354
2851 1355
2852 1351
2853 1355
2854 1354
2855 1353
2856 1353
2857 1355
2858 1353
2859 1355
2860 1354
2861 1355
2862 1355
2863 1355
2864 1355
2865 1355
2866 1354
2867 1356
2868 1352
2869 1352
2870 1350
2871 1352
2872 1355
2873 1355
2874 1355
2875 1355
2876 1353
2877 1354
2878 1355
2879 1357
2880 1353
2881 1356
2882 1353
2883 1357
2884 1355
2885 1355
2886 1356
2887 1354
2888 1356
2889 1350
2890 1352
2891 1355
2892 1353
2893 1357
2894 1353
2895 1355
2896 1353
2897 1353
2898 1355
2899 1355
2900 1354
2901 1356
2902 1352
2903 1354
2904 1356
2905 1357
2906 1354
2907 1356
2908 1354
2909 1358
2910 1355
2911 1355
2912 1352
2913 1353
2914 1355
2915 1355
2916 1355
2917 1357
2918 1353
2919 1354
2920 1358
2921 1355
2922 1354
2923 1353
2924 1354
2925 1355
2926 1354
2927 1354
2928 1353
2929 1356
2930 1357
2931 1356
2932 1355
2933 1356
2934 1356
2935 1355
2936 1353
2937 1354
2938 1351
2939 1353
2940 1354
2941 1357
2942 1353
2943 1354
2944 1354
2945 1353
2946 1352
2947 1353
2948 1355
2949 1353
2950 1354
2951 1354
2952 1354
2953 1354
2954 1355
2955 1356
2956 1355
2957 1356
2958 1354
2959 1352
2960 1356
2961 1354
2962 1356
2963 1356
2964 1351
2965 1353
2966 1354
2967 1356
2968 1354
2969 1352
2970 1354
2971 1355
2972 1355
2973 1356
2974 1355
2975 1357
2976 1355
2977 1354
2978 1352
2979 1355
2980 1356
2981 1354
2982 1357
2983 1355
2984 1355
2985 1353
2986 1355
2987 1358
2988 1353
2989 1353
2990 1356
2991 1353
2992 1352
2993 1354
2994 1357
2995 1355
2996 1355
2997 1353
2998 1353
2999 1353
3000 1354
3001 1354
3002 1354
3003 1351
3004 1353
3005 1355
3006 1357
3007 1357
3008 1354
3009 1354
3010 1358
3011 1357
3012 1353
3013 1352
3014 1354
3015 1354
3016 1354
3017 1352
3018 1352
3019 1353
3020 1352
3021 1356
3022 1354
3023 1355
3024 1354
3025 1355
3026 1356
3027 1355
3028 1355
3029 1355
3030 1353
3031 1355
3032 1355
3033 1355
3034 1356
3035 1357
3036 1355
3037 1354
3038 1352
3039 1354
3040 1356
3041 1354
3042 1353
3043 1354
3044 1355
3045 1355
3046 1358
3047 1354
3048 1353
3049 1355
3050 1354
3051 1353
3052 1354
3053 1353
3054 1356
3055 1355
3056 1355
3057 1355
3058 1353
3059 1355
3060 1354
3061 1354
3062 1351
3063 1356
3064 1356
3065 1354
3066 1357
3067 1354
3068 1354
3069 1354
3070 1357
3071 1357
3072 1353
3073 1354
3074 1355
3075 1357
3076 1357
3077 1355
3078 1354
3079 1352
3080 1355
3081 1356
3082 1356
3083 1355
3084 1355
3085 1355
3086 1355
3087 1357
3088 1353
3089 1354
3090 1356
3091 1357
3092 1355
3093 1355
3094 1354
3095 1356
3096 1356
3097 1355
3098 1356
3099 1356
3100 1356
3101 1357
3102 1359
3103 1355
3104 1355
3105 1355
3106 1353
3107 1358
3108 1356
3109 1356
3110 1355
3111 1355
3112 1355
3113 1356
3114 1352
3115 1354
3116 1356
3117 1355
3118 1353
3119 1355
3120 1354
3121 1353
3122 1355
3123 1356
3124 1355
3125 1356
3126 1355
3127 1355
3128 1355
3129 1357
3130 1357
3131 1357
3132 1357
3133 1356
3134 1355
3135 1357
3136 1356
3137 1354
3138 1354
3139 1353
3140 1355
3141 1355
3142 1358
3143 1356
3144 1356
3145 1354
3146 1353
3147 1356
3148 1357
3149 1352
3150 1356
3151 1354
3152 1354
3153 1354
3154 1352
3155 1354
3156 1355
3157 1356
3158 1356
3159 1355
3160 1355
3161 1357
3162 1356
3163 1358
3164 1356
3165 1354
3166 1355
3167 1357
3168 1355
3169 1352
3170 1352
3171 1354
3172 1355
3173 1355
3174 1354
3175 1355
3176 1357
3177 1356
3178 1358
3179 1355
3180 1355
3181 1355
3182 1354
3183 1357
3184 1355
3185 1354
3186 1356
3187 1356
3188 1356
3189 1356
3190 1356
3191 1355
3192 1356
3193 1357
3194 1355
3195 1357
3196 1357
3197 1356
3198 1354
3199 1355
3200 1354
3201 1355
3202 1352
3203 1354
3204 1352
3205 1354
3206 1354
3207 1355
3208 1353
3209 1355
3210 1353
3211 1357
3212 1357
3213 1353
3214 1357
3215 1355
3216 1355
3217 1354
3218 1354
3219 1357
3220 1355
3221 1356
3222 1355
3223 1354
3224 1351
3225 1353
3226 1355
3227 1356
3228 1355
3229 1357
3230 1359
3231 1360
3232 1355
3233 1357
3234 1351
3235 1357
3236 1357
3237 1356
3238 1355
3239 1356
3240 1353
3241 1354
3242 1355
3243 1357
3244 1355
3245 1351
3246 1353
3247 1355
3248 1356
3249 1357
3250 1355
3251 1356
3252 1355
3253 1352
3254 1354
3255 1355
3256 1356
3257 1357
3258 1355
3259 1353
3260 1352
3261 1356
3262 1354
3263 1353
3264 1352
3265 1355
3266 1355
3267 1354
3268 1353
3269 1355
3270 1354
3271 1353
3272 1354
3273 1356
3274 1354
3275 1358
3276 1357
3277 1353
3278 1352
3279 1355
3280 1354
3281 1354
3282 1354
3283 1354
3284 1354
3285 1352
3286 1354
3287 1353
3288 1356
3289 1354
3290 1354
3291 1353
3292 1356
3293 1355
3294 1355
3295 1353
3296 1354
3297 1355
3298 1354
3299 1356
3300 1353
3301 1353
3302 1354
3303 1354
3304 1356
3305 1351
3306 1354
3307 1355
3308 1354
3309 1353
3310 1354
3311 1353
3312 1356
3313 1357
3314 1354
3315 1353
3316 1356
3317 1357
3318 1354
3319 1356
3320 1354
3321 1355
3322 1351
3323 1354
3324 1351
3325 1355
3326 1354
3327 1353
3328 1351
3329 1355
3330 1356
3331 1355
3332 1356
3333 1354
3334 1354
3335 1354
3336 1354
3337 1355
3338 1353
3339 1358
3340 1356
3341 1356
3342 1355
3343 1353
3344 1352
3345 1355
3346 1356
3347 1357
3348 1354
3349 1357
3350 1355
3351 1355
3352 1355
3353 1356
3354 1353
3355 1357
3356 1354
3357 1356
3358 1355
3359 1353
3360 1354
3361 1357
3362 1356
3363 1353
3364 1351
3365 1355
3366 1355
3367 1355
3368 1353
3369 1355
3370 1355
3371 1353
3372 1355
3373 1355
3374 1355
3375 1356
3376 1353
3377 1357
3378 1355
3379 1356
3380 1357
3381 1356
3382 1355
3383 1355
3384 1354
3385 1354
3386 1352
3387 1354
3388 1353
3389 1356
3390 1353
3391 1353
3392 1354
3393 1352
3394 1353
3395 1354
3396 1355
3397 1355
3398 1354
3399 1354
3400 1354
3401 1358
3402 1353
3403 1355
3404 1353
3405 1352
3406 1354
3407 1352
3408 1354
3409 1354
3410 1354
3411 1352
3412 1353
3413 1352
3414 1354
3415 1356
3416 1355
3417 1355
3418 1354
3419 1356
3420 1353
3421 1351
3422 1355
3423 1353
3424 1353
3425 1353
3426 1352
3427 1352
3428 1354
3429 1353
3430 1351
3431 1357
3432 1355
3433 1355
3434 1355
3435 1357
3436 1350
3437 1355
3438 1353
3439 1352
3440 1353
3441 1354
3442 1355
3443 1354
3444 1354
3445 1353
3446 1354
3447 1356
3448 1354
3449 1351
3450 1353
3451 1355
3452 1354
3453 1354
3454 1354
3455 1353
3456 1352
3457 1357
3458 1356
3459 1355
3460 1355
3461 1354
3462 1354
3463 1353
3464 1354
3465 1355
3466 1355
3467 1354
3468 1356
3469 1356
3470 1356
3471 1355
3472 1354
3473 1355
3474 1354
3475 1356
3476 1356
3477 1355
3478 1358
3479 1353
3480 1354
3481 1355
3482 1355
3483 1353
3484 1354
3485 1354
3486 1354
3487 1355
3488 1356
3489 1356
3490 1354
3491 1354
3492 1352
3493 1355
3494 1352
3495 1355
3496 1355
3497 1357
3498 1357
3499 1357
3500 1356
3501 1355
3502 1356
3503 1354
3504 1355
3505 1356
3506 1354
3507 1357
3508 1356
3509 1353
3510 1353
3511 1356
3512 1356
3513 1356
3514 1355
3515 1356
3516 1354
3517 1354
3518 1352
3519 1354
3520 1353
3521 1351
3522 1356
3523 1354
3524 1353
3525 1355
3526 1355
3527 1358
3528 1356
3529 1356
3530 1356
3531 1356
3532 1354
3533 1356
3534 1353
3535 1356
3536 1352
3537 1356
3538 1355
3539 1355
3540 1354
3541 1352
3542 1356
3543 1353
3544 1352
3545 1356
3546 1355
3547 1355
3548 1354
3549 1351
3550 1355
3551 1356
3552 1353
3553 1353
3554 1352
3555 1355
3556 1353
3557 1356
3558 1356
3559 1353
3560 1353
3561 1355
3562 1354
3563 1356
3564 1356
3565 1354
3566 1354
3567 1354
3568 1354
3569 1353
3570 1353
3571 1354
3572 1351
3573 1353
3574 1353
3575 1357
3576 1356
3577 1355
3578 1352
3579 1351
3580 1354
3581 1353
3582 1356
3583 1353
3584 1355
3585 1356
3586 1354
3587 1354
3588 1355
3589 1350
3590 1352
3591 1353
3592 1353
3593 1354
3594 1353
3595 1353
3596 1354
3597 1355
3598 1349
3599 1353
3600 1352
3601 1352
3602 1352
3603 1352
3604 1352
3605 1353
3606 1354
3607 1357
3608 1354
3609 1355
3610 1353
3611 1353
3612 1353
3613 1352
3614 1353
3615 1352
3616 1354
3617 1354
3618 1355
3619 1354
3620 1357
3621 1355
3622 1353
3623 1357
3624 1356
3625 1356
3626 1354
3627 1353
3628 1355
3629 1356
3630 1358
3631 1353
3632 1356
3633 1355
3634 1352
3635 1356
3636 1355
3637 1354
3638 1358
3639 1356
3640 1354
3641 1352
3642 1353
3643 1355
3644 1355
3645 1354
3646 1352
3647 1354
3648 1356
3649 1354
3650 1353
3651 1354
3652 1356
3653 1354
3654 1356
3655 1353
3656 1351
3657 1352
3658 1353
3659 1355
3660 1356
3661 1354
3662 1354
3663 1352
3664 1352
3665 1352
3666 1355
3667 1355
3668 1356
3669 1350
3670 1351
3671 1355
3672 1354
3673 1354
3674 1353
3675 1354
3676 1353
3677 1354
3678 1353
3679 1352
3680 1352
3681 1351
3682 1354
3683 1355
3684 1353
3685 1356
3686 1355
3687 1354
3688 1353
3689 1354
3690 1353
3691 1354
3692 1352
3693 1351
3694 1352
3695 1354
3696 1353
3697 1355
3698 1353
3699 1354
3700 1356
3701 1355
3702 1353
3703 1351
3704 1354
3705 1353
3706 1352
3707 1352
3708 1353
3709 1356
3710 1356
3711 1356
3712 1354
3713 1355
3714 1353
3715 1353
3716 1351
3717 1355
3718 1354
3719 1357
3720 1353
3721 1356
3722 1354
3723 1354
3724 1353
3725 1354
3726 1352
3727 1352
3728 1351
3729 1355
3730 1355
3731 1354
3732 1353
3733 1353
3734 1356
3735 1355
3736 1354
3737 1354
3738 1355
3739 1354
3740 1353
3741 1351
3742 1352
3743 1355
3744 1354
3745 1356
3746 1354
3747 1356
3748 1354
3749 1355
3750 1354
3751 1354
3752 1353
3753 1356
3754 1354
3755 1357
3756 1353
3757 1352
3758 1351
3759 1355
3760 1354
3761 1353
3762 1354
3763 1353
3764 1354
3765 1354
3766 1354
3767 1354
3768 1354
3769 1356
3770 1354
3771 1353
3772 1353
3773 1355
3774 1354
3775 1355
3776 1353
3777 1355
3778 1355
3779 1356
3780 1354
3781 1355
3782 1354
3783 1353
3784 1355
3785 1352
3786 1354
3787 1354
3788 1355
3789 1353
3790 1350
3791 1354
3792 1353
3793 1353
3794 1352
3795 1350
3796 1354
3797 1354
3798 1355
3799 1356
3800 1355
3801 1355
3802 1356
3803 1354
3804 1356
3805 1357
3806 1357
3807 1355
3808 1355
3809 1356
3810 1355
3811 1358
3812 1354
3813 1356
3814 1356
3815 1358
3816 1356
3817 1355
3818 1353
3819 1354
3820 1356
3821 1354
3822 1354
3823 1353
3824 1358
3825 1356
3826 1356
3827 1357
3828 1355
3829 1357
3830 1353
3831 1354
3832 1355
3833 1354
3834 1353
3835 1353
3836 1355
3837 1355
3838 1355
3839 1355
3840 1354
3841 1355
3842 1355
3843 1355
3844 1357
3845 1355
3846 1356
3847 1355
3848 1357
3849 1357
3850 1354
3851 1355
3852 1353
3853 1355
3854 1351
3855 1356
3856 1353
3857 1353
3858 1352
3859 1356
3860 1353
3861 1358
3862 1358
3863 1355
3864 1354
3865 1357
3866 1354
3867 1355
3868 1354
3869 1356
3870 1354
3871 1357
3872 1354
3873 1355
3874 1354
3875 1360
3876 1354
3877 1357
3878 1356
3879 1356
3880 1353
3881 1353
3882 1352
3883 1353
3884 1353
3885 1355
3886 1356
3887 1356
3888 1353
3889 1353
3890 1354
3891 1353
3892 1355
3893 1357
3894 1355
3895 1356
3896 1356
3897 1351
3898 1354
3899 1355
3900 1354
3901 1356
3902 1355
3903 1352
3904 1355
3905 1355
3906 1354
3907 1357
3908 1354
3909 1354
3910 1355
3911 1355
3912 1353
3913 1356
3914 1353
3915 1358
3916 1355
3917 1358
3918 1355
3919 1355
3920 1355
3921 1355
3922 1352
3923 1353
3924 1354
3925 1357
3926 1354
3927 1355
3928 1352
3929 1354
3930 1354
3931 1354
3932 1356
3933 1355
3934 1350
3935 1356
3936 1355
3937 1354
3938 1354
3939 1355
3940 1355
3941 1355
3942 1354
3943 1355
3944 1352
3945 1355
3946 1353
3947 1353
3948 1353
3949 1357
3950 1355
3951 1356
3952 1354
3953 1355
3954 1354
3955 1356
3956 1356
3957 1352
3958 1353
3959 1354
3960 1355
3961 1355
3962 1354
3963 1355
3964 1354
3965 1355
3966 1352
3967 1354
3968 1355
3969 1356
3970 1356
3971 1355
3972 1353
3973 1355
3974 1354
3975 1356
3976 1354
3977 1355
3978 1353
3979 1352
3980 1353
3981 1358
3982 1354
3983 1353
3984 1352
3985 1358
3986 1353
3987 1354
3988 1354
3989 1353
3990 1357
3991 1355
3992 1354
3993 1354
3994 1355
3995 1357
3996 1355
3997 1354
3998 1352
3999 1352
