0 1353
1 1357
2 1354
3 1357
4 1355
5 1356
6 1359
7 1358
8 1358
9 1356
10 1355
11 1353
12 1356
13 1357
14 1356
15 1355
16 1358
17 1354
18 1358
19 1357
20 1358
21 1359
22 1356
23 1357
24 1357
25 1355
26 1358
27 1356
28 1358
29 1357
30 1356
31 1355
32 1354
33 1357
34 1357
35 1356
36 1357
37 1356
38 1356
39 1356
40 1356
41 1358
42 1359
43 1357
44 1357
45 1357
46 1359
47 1359
48 1357
49 1357
50 1358
51 1354
52 1355
53 1355
54 1358
55 1357
56 1356
57 1356
58 1354
59 1357
60 1356
61 1356
62 1356
63 1357
64 1359
65 1358
66 1358
67 1357
68 1357
69 1357
70 1359
71 1357
72 1358
73 1357
74 1356
75 1358
76 1357
77 1353
78 1356
79 1358
80 1356
81 1355
82 1357
83 1357
84 1358
85 1358
86 1357
87 1356
88 1357
89 1358
90 1355
91 1356
92 1357
93 1357
94 1356
95 1356
96 1357
97 1355
98 1355
99 1356
100 1355
101 1357
102 1355
103 1357
104 1356
105 1356
106 1358
107 1357
108 1358
109 1356
110 1358
111 1357
112 1359
113 1358
114 1356
115 1357
116 1358
117 1360
118 1358
119 1355
120 1361
121 1357
122 1356
123 1356
124 1358
125 1357
126 1360
127 1357
128 1358
129 1356
130 1357
131 1356
132 1358
133 1355
134 1355
135 1355
136 1360
137 1360
138 1358
139 1356
140 1356
141 1359
142 1358
143 1356
144 1357
145 1357
146 1358
147 1358
148 1357
149 1355
150 1357
151 1357
152 1357
153 1357
154 1356
155 1357
156 1357
157 1356
158 1358
159 1356
160 1354
161 1357
162 1357
163 1358
164 1359
165 1357
166 1357
167 1358
168 1358
169 1357
170 1359
171 1357
172 1359
173 1355
174 1356
175 1357
176 1358
177 1358
178 1357
179 1359
180 1355
181 1357
182 1355
183 1357
184 1356
185 1357
186 1356
187 1357
188 1356
189 1357
190 1359
191 1359
192 1357
193 1357
194 1355
195 1359
196 1356
197 1357
198 1358
199 1358
200 1358
201 1359
202 1357
203 1358
204 1358
205 1357
206 1357
207 1358
208 1359
209 1357
210 1356
211 1356
212 1356
213 1358
214 1356
215 1357
216 1358
217 1355
218 1357
219 1356
220 1356
221 1356
222 1356
223 1356
224 1357
225 1357
226 1357
227 1358
228 1357
229 1358
230 1357
231 1354
232 1356
233 1357
234 1360
235 1359
236 1357
237 1357
238 1357
239 1356
240 1357
241 1357
242 1356
243 1357
244 1356
245 1356
246 1356
247 1356
248 1357
249 1358
250 1358
251 1357
252 1354
253 1359
254 1356
255 1357
256 1359
257 1357
258 1355
259 1356
260 1355
261 1357
262 1356
263 1357
264 1356
265 1358
266 1358
267 1358
268 1356
269 1355
270 1357
271 1361
272 1358
273 1357
274 1357
275 1360
276 1355
277 1357
278 1357
279 1358
280 1357
281 1359
282 1356
283 1356
284 1356
285 1358
286 1356
287 1358
288 1358
289 1360
290 1356
291 1359
292 1356
293 1357
294 1359
295 1357
296 1356
297 1359
298 1355
299 1359
300 1358
301 1356
302 1359
303 1359
304 1356
305 1357
306 1354
307 1359
308 1354
309 1356
310 1355
311 1358
312 1356
313 1358
314 1354
315 1356
316 1355
317 1359
318 1358
319 1356
320 1356
321 1355
322 1357
323 1354
324 1355
325 1358
326 1358
327 1357
328 1357
329 1359
330 1358
331 1357
332 1357
333 1357
334 1354
335 1355
336 1356
337 1357
338 1355
339 1358
340 1357
341 1357
342 1354
343 1357
344 1356
345 1361
346 1357
347 1357
348 1358
349 1357
350 1357
351 1357
352 1356
353 1356
354 1355
355 1357
356 1355
357 1358
358 1356
359 1357
360 1355
361 1357
362 1355
363 1357
364 1355
365 1357
366 1356
367 1359
368 1357
369 1355
370 1357
371 1358
372 1356
373 1356
374 1354
375 1357
376 1357
377 1359
378 1355
379 1355
380 1355
381 1353
382 1356
383 1355
384 1357
385 1357
386 1356
387 1357
388 1357
389 1358
390 1357
391 1355
392 1355
393 1355
394 1357
395 1357
396 1354
397 1354
398 1355
399 1357
400 1354
401 1357
402 1353
403 1355
404 1356
405 1357
406 1357
407 1357
408 1354
409 1356
410 1356
411 1355
412 1356
413 1356
414 1356
415 1357
416 1354
417 1358
418 1357
419 1357
420 1357
421 1357
422 1357
423 1354
424 1358
425 1357
426 1358
427 1358
428 1356
429 1357
430 1356
431 1356
432 1354
433 1358
434 1356
435 1356
436 1356
437 1357
438 1353
439 1357
440 1355
441 1357
442 1355
443 1357
444 1356
445 1357
446 1356
447 1357
448 1357
449 1355
450 1354
451 1357
452 1357
453 1356
454 1356
455 1357
456 1357
457 1358
458 1358
459 1358
460 1357
461 1357
462 1358
463 1357
464 1357
465 1357
466 1359
467 1359
468 1356
469 1355
470 1356
471 1355
472 1356
473 1355
474 1356
475 1356
476 1358
477 1358
478 1358
479 1357
480 1356
481 1356
482 1355
483 1354
484 1356
485 1356
486 1357
487 1356
488 1355
489 1350
490 1355
491 1357
492 1356
493 1356
494 1351
495 1355
496 1356
497 1357
498 1359
499 1355
500 1357
501 1357
502 1356
503 1356
504 1358
505 1357
506 1357
507 1357
508 1359
509 1357
510 1362
511 1357
512 1354
513 1359
514 1360
515 1356
516 1357
517 1357
518 1357
519 1357
520 1355
521 1355
522 1355
523 1356
524 1351
525 1353
526 1356
527 1356
528 1355
529 1356
530 1357
531 1357
532 1359
533 1360
534 1362
535 1369
536 1374
537 1390
538 1405
539 1433
540 1470
541 1513
542 1567
543 1623
544 1682
545 1752
546 1820
547 1887
548 1948
549 2008
550 2056
551 2102
552 2144
553 2173
554 2200
555 2222
556 2235
557 2244
558 2252
559 2253
560 2245
561 2234
562 2221
563 2201
564 2179
565 2155
566 2130
567 2097
568 2068
569 2036
570 2005
571 1974
572 1941
573 1914
574 1883
575 1854
576 1828
577 1800
578 1772
579 1745
580 1722
581 1699
582 1678
583 1657
584 1643
585 1624
586 1609
587 1593
588 1580
589 1568
590 1554
591 1542
592 1526
593 1516
594 1505
595 1496
596 1482
597 1474
598 1466
599 1458
600 1451
601 1446
602 1439
603 1435
604 1427
605 1427
606 1419
607 1414
608 1408
609 1406
610 1399
611 1401
612 1399
613 1394
614 1388
615 1389
616 1385
617 1384
618 1383
619 1380
620 1379
621 1377
622 1375
623 1378
624 1374
625 1375
626 1374
627 1372
628 1370
629 1370
630 1369
631 1371
632 1369
633 1369
634 1366
635 1367
636 1367
637 1366
638 1363
639 1366
640 1363
641 1365
642 1363
643 1361
644 1360
645 1365
646 1362
647 1364
648 1362
649 1362
650 1362
651 1360
652 1363
653 1360
654 1358
655 1358
656 1361
657 1358
658 1359
659 1361
660 1360
661 1361
662 1360
663 1360
664 1358
665 1358
666 1358
667 1360
668 1360
669 1362
670 1361
671 1357
672 1356
673 1360
674 1357
675 1356
676 1358
677 1360
678 1357
679 1357
680 1356
681 1358
682 1359
683 1358
684 1358
685 1361
686 1357
687 1360
688 1356
689 1361
690 1357
691 1359
692 1357
693 1359
694 1357
695 1357
696 1358
697 1360
698 1357
699 1356
700 1358
701 1355
702 1356
703 1356
704 1355
705 1358
706 1356
707 1359
708 1357
709 1357
710 1359
711 1357
712 1358
713 1358
714 1356
715 1356
716 1359
717 1359
718 1359
719 1357
720 1358
721 1357
722 1358
723 1359
724 1356
725 1359
726 1360
727 1357
728 1355
729 1354
730 1357
731 1356
732 1358
733 1358
734 1356
735 1357
736 1356
737 1357
738 1356
739 1357
740 1356
741 1358
742 1355
743 1356
744 1355
745 1357
746 1356
747 1356
748 1356
749 1359
750 1357
751 1358
752 1356
753 1354
754 1356
755 1356
756 1353
757 1357
758 1355
759 1359
760 1359
761 1354
762 1356
763 1355
764 1355
765 1356
766 1355
767 1355
768 1357
769 1357
770 1356
771 1356
772 1358
773 1357
774 1354
775 1357
776 1355
777 1357
778 1356
779 1356
780 1356
781 1356
782 1357
783 1357
784 1355
785 1356
786 1358
787 1357
788 1357
789 1358
790 1357
791 1358
792 1355
793 1357
794 1355
795 1358
796 1353
797 1356
798 1357
799 1358
800 1358
801 1359
802 1358
803 1357
804 1355
805 1355
806 1360
807 1357
808 1356
809 1355
810 1356
811 1358
812 1358
813 1357
814 1355
815 1356
816 1355
817 1354
818 1356
819 1355
820 1356
821 1357
822 1358
823 1354
824 1356
825 1357
826 1356
827 1354
828 1356
829 1355
830 1356
831 1357
832 1356
833 1354
834 1354
835 1354
836 1357
837 1355
838 1357
839 1358
840 1356
841 1357
842 1357
843 1359
844 1355
845 1355
846 1356
847 1355
848 1357
849 1355
850 1356
851 1355
852 1354
853 1354
854 1354
855 1355
856 1356
857 1357
858 1352
859 1353
860 1356
861 1359
862 1357
863 1357
864 1355
865 1356
866 1356
867 1357
868 1357
869 1356
870 1358
871 1357
872 1356
873 1355
874 1357
875 1356
876 1357
877 1357
878 1356
879 1356
880 1353
881 1356
882 1356
883 1357
884 1352
885 1356
886 1357
887 1357
888 1355
889 1357
890 1355
891 1357
892 1356
893 1357
894 1353
895 1355
896 1356
897 1355
898 1356
899 1357
900 1355
901 1357
902 1356
903 1358
904 1357
905 1358
906 1357
907 1358
908 1358
909 1357
910 1355
911 1358
912 1354
913 1355
914 1354
915 1357
916 1358
917 1358
918 1357
919 1357
920 1355
921 1357
922 1356
923 1357
924 1357
925 1356
926 1357
927 1355
928 1355
929 1355
930 1356
931 1360
932 1360
933 1357
934 1357
935 1355
936 1357
937 1357
938 1356
939 1357
940 1357
941 1357
942 1357
943 1357
944 1357
945 1356
946 1355
947 1356
948 1357
949 1358
950 1355
951 1354
952 1356
953 1355
954 1357
955 1355
956 1356
957 1357
958 1357
959 1357
960 1359
961 1359
962 1355
963 1356
964 1356
965 1355
966 1356
967 1357
968 1357
969 1356
970 1355
971 1354
972 1354
973 1353
974 1357
975 1359
976 1356
977 1355
978 1355
979 1357
980 1357
981 1355
982 1356
983 1355
984 1357
985 1355
986 1355
987 1359
988 1356
989 1356
990 1356
991 1357
992 1356
993 1355
994 1361
995 1359
996 1358
997 1356
998 1358
999 1357
1000 1356
1001 1357
1002 1356
1003 1353
1004 1357
1005 1356
1006 1357
1007 1358
1008 1356
1009 1358
1010 1359
1011 1357
1012 1356
1013 1358
1014 1359
1015 1358
1016 1359
1017 1356
1018 1355
1019 1357
1020 1356
1021 1359
1022 1358
1023 1358
1024 1360
1025 1357
1026 1359
1027 1359
1028 1359
1029 1356
1030 1359
1031 1357
1032 1355
1033 1357
1034 1359
1035 1356
1036 1356
1037 1355
1038 1354
1039 1354
1040 1358
1041 1357
1042 1354
1043 1358
1044 1356
1045 1356
1046 1356
1047 1357
1048 1354
1049 1356
1050 1358
1051 1355
1052 1357
1053 1356
1054 1359
1055 1355
1056 1356
1057 1354
1058 1355
1059 1353
1060 1352
1061 1357
1062 1356
1063 1356
1064 1358
1065 1356
1066 1354
1067 1358
1068 1356
1069 1353
1070 1358
1071 1355
1072 1355
1073 1354
1074 1355
1075 1356
1076 1358
1077 1355
1078 1353
1079 1356
1080 1355
1081 1357
1082 1353
1083 1359
1084 1354
1085 1357
1086 1357
1087 1357
1088 1357
1089 1356
1090 1357
1091 1356
1092 1354
1093 1356
1094 1356
1095 1355
1096 1356
1097 1357
1098 1359
1099 1357
1100 1353
1101 1356
1102 1357
1103 1355
1104 1354
1105 1354
1106 1355
1107 1356
1108 1356
1109 1353
1110 1355
1111 1357
1112 1355
1113 1356
1114 1358
1115 1356
1116 1355
1117 1357
1118 1357
1119 1357
1120 1355
1121 1354
1122 1355
1123 1355
1124 1358
1125 1355
1126 1356
1127 1356
1128 1355
1129 1353
1130 1356
1131 1354
1132 1355
1133 1357
1134 1356
1135 1358
1136 1353
1137 1355
1138 1355
1139 1357
1140 1355
1141 1354
1142 1353
1143 1354
1144 1353
1145 1355
1146 1355
1147 1356
1148 1358
1149 1353
1150 1355
1151 1356
1152 1358
1153 1358
1154 1353
1155 1357
1156 1355
1157 1357
1158 1354
1159 1354
1160 1356
1161 1356
1162 1355
1163 1355
1164 1355
1165 1356
1166 1356
1167 1355
1168 1355
1169 1357
1170 1355
1171 1355
1172 1354
1173 1355
1174 1355
1175 1357
1176 1355
1177 1357
1178 1357
1179 1356
1180 1355
1181 1357
1182 1356
1183 1356
1184 1356
1185 1356
1186 1356
1187 1357
1188 1355
1189 1355
1190 1353
1191 1356
1192 1353
1193 1353
1194 1353
1195 1355
1196 1356
1197 1358
1198 1356
1199 1356
1200 1355
1201 1356
1202 1356
1203 1355
1204 1357
1205 1356
1206 1360
1207 1357
1208 1356
1209 1361
1210 1357
1211 1355
1212 1355
1213 1356
1214 1354
1215 1357
1216 1355
1217 1356
1218 1356
1219 1357
1220 1357
1221 1356
1222 1354
1223 1357
1224 1357
1225 1359
1226 1358
1227 1355
1228 1356
1229 1358
1230 1355
1231 1357
1232 1356
1233 1356
1234 1357
1235 1358
1236 1355
1237 1356
1238 1356
1239 1356
1240 1357
1241 1356
1242 1355
1243 1357
1244 1359
1245 1356
1246 1356
1247 1357
1248 1357
1249 1357
1250 1358
1251 1356
1252 1356
1253 1356
1254 1356
1255 1357
1256 1358
1257 1358
1258 1357
1259 1356
1260 1356
1261 1358
1262 1354
1263 1357
1264 1355
1265 1358
1266 1358
1267 1355
1268 1357
1269 1357
1270 1358
1271 1357
1272 1359
1273 1358
1274 1356
1275 1357
1276 1354
1277 1355
1278 1356
1279 1356
1280 1356
1281 1354
1282 1356
1283 1356
1284 1359
1285 1356
1286 1357
1287 1358
1288 1355
1289 1357
1290 1356
1291 1359
1292 1358
1293 1357
1294 1357
1295 1358
1296 1358
1297 1359
1298 1358
1299 1359
1300 1358
1301 1357
1302 1358
1303 1357
1304 1356
1305 1357
1306 1358
1307 1357
1308 1358
1309 1357
1310 1355
1311 1356
1312 1358
1313 1355
1314 1356
1315 1356
1316 1355
1317 1357
1318 1356
1319 1359
1320 1358
1321 1355
1322 1357
1323 1357
1324 1356
1325 1358
1326 1357
1327 1356
1328 1358
1329 1355
1330 1356
1331 1356
1332 1357
1333 1360
1334 1358
1335 1355
1336 1356
1337 1355
1338 1358
1339 1356
1340 1354
1341 1356
1342 1358
1343 1358
1344 1357
1345 1357
1346 1357
1347 1356
1348 1359
1349 1357
1350 1356
1351 1359
1352 1356
1353 1357
1354 1358
1355 1358
1356 1358
1357 1356
1358 1359
1359 1357
1360 1355
1361 1356
1362 1355
1363 1355
1364 1356
1365 1357
1366 1357
1367 1354
1368 1357
1369 1358
1370 1357
1371 1354
1372 1357
1373 1354
1374 1352
1375 1356
1376 1358
1377 1358
1378 1356
1379 1357
1380 1356
1381 1356
1382 1356
1383 1356
1384 1357
1385 1356
1386 1360
1387 1357
1388 1356
1389 1356
1390 1356
1391 1356
1392 1356
1393 1355
1394 1358
1395 1359
1396 1357
1397 1358
1398 1357
1399 1354
1400 1355
1401 1354
1402 1357
1403 1356
1404 1354
1405 1353
1406 1354
1407 1357
1408 1356
1409 1355
1410 1354
1411 1355
1412 1355
1413 1354
1414 1356
1415 1358
1416 1356
1417 1357
1418 1356
1419 1355
1420 1355
1421 1357
1422 1356
1423 1357
1424 1356
1425 1356
1426 1357
1427 1354
1428 1355
1429 1356
1430 1356
1431 1353
1432 1356
1433 1358
1434 1354
1435 1356
1436 1355
1437 1357
1438 1354
1439 1357
1440 1355
1441 1355
1442 1354
1443 1355
1444 1354
1445 1356
1446 1357
1447 1357
1448 1355
1449 1356
1450 1356
1451 1356
1452 1356
1453 1357
1454 1357
1455 1358
1456 1358
1457 1357
1458 1358
1459 1356
1460 1357
1461 1357
1462 1355
1463 1357
1464 1356
1465 1357
1466 1356
1467 1357
1468 1356
1469 1358
1470 1357
1471 1356
1472 1353
1473 1354
1474 1356
1475 1357
1476 1356
1477 1357
1478 1358
1479 1356
1480 1359
1481 1359
1482 1360
1483 1359
1484 1354
1485 1356
1486 1358
1487 1357
1488 1358
1489 1357
1490 1355
1491 1356
1492 1358
1493 1354
1494 1356
1495 1357
1496 1354
1497 1357
1498 1354
1499 1356
1500 1355
1501 1356
1502 1354
1503 1355
1504 1355
1505 1356
1506 1354
1507 1353
1508 1355
1509 1356
1510 1356
1511 1357
1512 1358
1513 1357
1514 1357
1515 1358
1516 1356
1517 1356
1518 1357
1519 1357
1520 1357
1521 1357
1522 1356
1523 1357
1524 1354
1525 1356
1526 1357
1527 1358
1528 1354
1529 1356
1530 1354
1531 1355
1532 1353
1533 1356
1534 1357
1535 1356
1536 1356
1537 1356
1538 1355
1539 1355
1540 1353
1541 1360
1542 1356
1543 1357
1544 1360
1545 1356
1546 1356
1547 1357
1548 1354
1549 1358
1550 1359
1551 1357
1552 1356
1553 1357
1554 1358
1555 1356
1556 1354
1557 1355
1558 1355
1559 1357
1560 1358
1561 1357
1562 1355
1563 1356
1564 1355
1565 1357
1566 1353
1567 1355
1568 1356
1569 1358
1570 1358
1571 1356
1572 1355
1573 1354
1574 1355
1575 1359
1576 1356
1577 1360
1578 1359
1579 1357
1580 1357
1581 1355
1582 1356
1583 1359
1584 1355
1585 1356
1586 1359
1587 1356
1588 1355
1589 1355
1590 1354
1591 1355
1592 1356
1593 1357
1594 1352
1595 1355
1596 1355
1597 1355
1598 1355
1599 1358
1600 1358
1601 1356
1602 1357
1603 1355
1604 1357
1605 1360
1606 1356
1607 1357
1608 1356
1609 1356
1610 1354
1611 1356
1612 1355
1613 1356
1614 1352
1615 1357
1616 1357
1617 1359
1618 1355
1619 1356
1620 1353
1621 1357
1622 1354
1623 1355
1624 1356
1625 1355
1626 1356
1627 1355
1628 1355
1629 1356
1630 1355
1631 1356
1632 1357
1633 1358
1634 1355
1635 1358
1636 1357
1637 1359
1638 1355
1639 1357
1640 1358
1641 1357
1642 1356
1643 1356
1644 1360
1645 1361
1646 1357
1647 1357
1648 1354
1649 1355
1650 1355
1651 1357
1652 1354
1653 1354
1654 1356
1655 1357
1656 1355
1657 1356
1658 1356
1659 1356
1660 1357
1661 1357
1662 1356
1663 1358
1664 1358
1665 1356
1666 1357
1667 1356
1668 1357
1669 1357
1670 1356
1671 1359
1672 1354
1673 1357
1674 1356
1675 1357
1676 1356
1677 1357
1678 1356
1679 1355
1680 1355
1681 1357
1682 1356
1683 1358
1684 1354
1685 1357
1686 1356
1687 1357
1688 1356
1689 1354
1690 1356
1691 1361
1692 1356
1693 1361
1694 1357
1695 1359
1696 1358
1697 1357
1698 1356
1699 1360
1700 1358
1701 1357
1702 1358
1703 1356
1704 1357
1705 1355
1706 1356
1707 1357
1708 1357
1709 1357
1710 1357
1711 1357
1712 1358
1713 1357
1714 1356
1715 1353
1716 1356
1717 1357
1718 1356
1719 1358
1720 1355
1721 1357
1722 1354
1723 1357
1724 1357
1725 1357
1726 1356
1727 1356
1728 1356
1729 1355
1730 1359
1731 1355
1732 1358
1733 1358
1734 1358
1735 1356
1736 1357
1737 1358
1738 1356
1739 1357
1740 1355
1741 1357
1742 1357
1743 1357
1744 1357
1745 1355
1746 1354
1747 1355
1748 1357
1749 1358
1750 1356
1751 1359
1752 1358
1753 1357
1754 1356
1755 1359
1756 1356
1757 1357
1758 1356
1759 1356
1760 1355
1761 1357
1762 1357
1763 1355
1764 1354
1765 1355
1766 1356
1767 1359
1768 1356
1769 1356
1770 1356
1771 1358
1772 1357
1773 1359
1774 1357
1775 1355
1776 1356
1777 1356
1778 1354
1779 1353
1780 1357
1781 1358
1782 1355
1783 1358
1784 1356
1785 1357
1786 1356
1787 1358
1788 1358
1789 1357
1790 1357
1791 1356
1792 1357
1793 1355
1794 1355
1795 1357
1796 1357
1797 1356
1798 1356
1799 1359
1800 1357
1801 1357
1802 1355
1803 1356
1804 1353
1805 1354
1806 1356
1807 1355
1808 1357
1809 1356
1810 1356
1811 1352
1812 1357
1813 1356
1814 1355
1815 1355
1816 1356
1817 1357
1818 1356
1819 1357
1820 1357
1821 1357
1822 1354
1823 1357
1824 1356
1825 1356
1826 1357
1827 1358
1828 1357
1829 1359
1830 1355
1831 1356
1832 1355
1833 1358
1834 1356
1835 1357
1836 1356
1837 1356
1838 1355
1839 1357
1840 1356
1841 1360
1842 1358
1843 1360
1844 1357
1845 1357
1846 1358
1847 1356
1848 1356
1849 1354
1850 1360
1851 1358
1852 1356
1853 1356
1854 1356
1855 1353
1856 1356
1857 1356
1858 1357
1859 1356
1860 1355
1861 1357
1862 1356
1863 1355
1864 1358
1865 1357
1866 1356
1867 1357
1868 1357
1869 1355
1870 1356
1871 1356
1872 1359
1873 1357
1874 1357
1875 1354
1876 1359
1877 1355
1878 1355
1879 1355
1880 1358
1881 1358
1882 1358
1883 1356
1884 1355
1885 1357
1886 1361
1887 1359
1888 1360
1889 1356
1890 1357
1891 1357
1892 1356
1893 1358
1894 1358
1895 1356
1896 1356
1897 1359
1898 1356
1899 1357
1900 1356
1901 1358
1902 1356
1903 1357
1904 1358
1905 1356
1906 1356
1907 1361
1908 1357
1909 1360
1910 1356
1911 1356
1912 1356
1913 1355
1914 1355
1915 1356
1916 1357
1917 1355
1918 1355
1919 1355
1920 1356
1921 1357
1922 1360
1923 1356
1924 1357
1925 1359
1926 1354
1927 1356
1928 1357
1929 1357
1930 1358
1931 1359
1932 1358
1933 1357
1934 1357
1935 1357
1936 1359
1937 1358
1938 1356
1939 1358
1940 1356
1941 1356
1942 1358
1943 1356
1944 1357
1945 1357
1946 1358
1947 1357
1948 1358
1949 1356
1950 1355
1951 1356
1952 1357
1953 1359
1954 1359
1955 1357
1956 1355
1957 1357
1958 1354
1959 1355
1960 1356
1961 1356
1962 1356
1963 1354
1964 1359
1965 1361
1966 1356
1967 1357
1968 1356
1969 1357
1970 1356
1971 1357
1972 1358
1973 1359
1974 1358
1975 1359
1976 1358
1977 1357
1978 1359
1979 1356
1980 1356
1981 1355
1982 1356
1983 1357
1984 1356
1985 1355
1986 1356
1987 1358
1988 1356
1989 1356
1990 1355
1991 1357
1992 1359
1993 1355
1994 1354
1995 1356
1996 1356
1997 1357
1998 1358
1999 1358
2000 1361
2001 1357
2002 1356
2003 1354
2004 1357
2005 1357
2006 1356
2007 1359
2008 1357
2009 1358
2010 1357
2011 1353
2012 1355
2013 1354
2014 1352
2015 1355
2016 1354
2017 1358
2018 1358
2019 1357
2020 1355
2021 1354
2022 1355
2023 1356
2024 1353
2025 1356
2026 1358
2027 1361
2028 1359
2029 1352
2030 1354
2031 1353
2032 1357
2033 1356
2034 1355
2035 1356
2036 1355
2037 1357
2038 1355
2039 1357
2040 1354
2041 1355
2042 1356
2043 1355
2044 1354
2045 1357
2046 1355
2047 1357
2048 1359
2049 1358
2050 1355
2051 1357
2052 1356
2053 1359
2054 1357
2055 1357
2056 1355
2057 1356
2058 1355
2059 1354
2060 1357
2061 1357
2062 1354
2063 1357
2064 1359
2065 1363
2066 1358
2067 1359
2068 1357
2069 1360
2070 1356
2071 1356
2072 1356
2073 1357
2074 1357
2075 1356
2076 1356
2077 1356
2078 1356
2079 1358
2080 1356
2081 1357
2082 1357
2083 1357
2084 1358
2085 1358
2086 1356
2087 1356
2088 1355
2089 1356
2090 1357
2091 1355
2092 1356
2093 1356
2094 1356
2095 1357
2096 1356
2097 1356
2098 1354
2099 1357
2100 1355
2101 1358
2102 1357
2103 1357
2104 1356
2105 1356
2106 1356
2107 1357
2108 1356
2109 1357
2110 1356
2111 1356
2112 1354
2113 1354
2114 1356
2115 1356
2116 1355
2117 1358
2118 1358
2119 1356
2120 1356
2121 1357
2122 1357
2123 1356
2124 1357
2125 1358
2126 1356
2127 1356
2128 1356
2129 1354
2130 1358
2131 1354
2132 1359
2133 1354
2134 1355
2135 1358
2136 1355
2137 1357
2138 1356
2139 1353
2140 1357
2141 1356
2142 1356
2143 1352
2144 1357
2145 1357
2146 1359
2147 1355
2148 1357
2149 1359
2150 1357
2151 1358
2152 1358
2153 1354
2154 1356
2155 1356
2156 1356
2157 1356
2158 1355
2159 1358
2160 1357
2161 1357
2162 1358
2163 1357
2164 1355
2165 1356
2166 1355
2167 1356
2168 1357
2169 1356
2170 1357
2171 1357
2172 1357
2173 1357
2174 1357
2175 1356
2176 1356
2177 1354
2178 1354
2179 1355
2180 1357
2181 1358
2182 1355
2183 1356
2184 1358
2185 1357
2186 1355
2187 1357
2188 1355
2189 1357
2190 1356
2191 1355
2192 1357
2193 1354
2194 1355
2195 1357
2196 1356
2197 1358
2198 1357
2199 1357
2200 1358
2201 1355
2202 1357
2203 1356
2204 1352
2205 1357
2206 1360
2207 1358
2208 1357
2209 1351
2210 1356
2211 1359
2212 1357
2213 1353
2214 1356
2215 1357
2216 1356
2217 1357
2218 1356
2219 1358
2220 1356
2221 1357
2222 1357
2223 1356
2224 1358
2225 1355
2226 1357
2227 1357
2228 1356
2229 1352
2230 1353
2231 1356
2232 1357
2233 1353
2234 1355
2235 1353
2236 1356
2237 1354
2238 1359
2239 1357
2240 1359
2241 1353
2242 1357
2243 1354
2244 1353
2245 1360
2246 1358
2247 1356
2248 1360
2249 1357
2250 1356
2251 1357
2252 1356
2253 1357
2254 1356
2255 1355
2256 1357
2257 1358
2258 1359
2259 1356
2260 1356
2261 1356
2262 1358
2263 1356
2264 1359
2265 1357
2266 1358
2267 1356
2268 1355
2269 1356
2270 1356
2271 1356
2272 1359
2273 1358
2274 1357
2275 1358
2276 1355
2277 1357
2278 1358
2279 1356
2280 1356
2281 1357
2282 1355
2283 1356
2284 1356
2285 1357
2286 1356
2287 1357
2288 1358
2289 1354
2290 1356
2291 1356
2292 1356
2293 1353
2294 1355
2295 1357
2296 1356
2297 1355
2298 1354
2299 1356
2300 1357
2301 1357
2302 1356
2303 1355
2304 1358
2305 1354
2306 1358
2307 1356
2308 1356
2309 1357
2310 1356
2311 1357
2312 1356
2313 1357
2314 1358
2315 1359
2316 1359
2317 1360
2318 1357
2319 1356
2320 1359
2321 1357
2322 1356
2323 1357
2324 1359
2325 1360
2326 1357
2327 1358
2328 1357
2329 1359
2330 1356
2331 1356
2332 1358
2333 1357
2334 1358
2335 1359
2336 1359
2337 1355
2338 1353
2339 1357
2340 1356
2341 1357
2342 1356
2343 1356
2344 1359
2345 1357
2346 1356
2347 1356
2348 1356
2349 1357
2350 1357
2351 1357
2352 1355
2353 1355
2354 1357
2355 1355
2356 1355
2357 1355
2358 1356
2359 1357
2360 1358
2361 1357
2362 1357
2363 1357
2364 1355
2365 1355
2366 1356
2367 1356
2368 1356
2369 1356
2370 1356
2371 1355
2372 1356
2373 1357
2374 1355
2375 1356
2376 1355
2377 1357
2378 1356
2379 1358
2380 1356
2381 1356
2382 1355
2383 1354
2384 1348
2385 1352
2386 1359
2387 1358
2388 1357
2389 1353
2390 1351
2391 1358
2392 1357
2393 1356
2394 1354
2395 1357
2396 1357
2397 1356
2398 1356
2399 1357
2400 1356
2401 1356
2402 1356
2403 1356
2404 1355
2405 1353
2406 1356
2407 1357
2408 1356
2409 1350
2410 1354
2411 1354
2412 1359
2413 1354
2414 1355
2415 1358
2416 1356
2417 1357
2418 1356
2419 1352
2420 1355
2421 1355
2422 1357
2423 1355
2424 1357
2425 1358
2426 1357
2427 1358
2428 1359
2429 1360
2430 1359
2431 1357
2432 1359
2433 1357
2434 1359
2435 1355
2436 1356
2437 1356
2438 1356
2439 1357
2440 1359
2441 1357
2442 1356
2443 1357
2444 1355
2445 1354
2446 1357
2447 1355
2448 1356
2449 1353
2450 1355
2451 1356
2452 1356
2453 1353
2454 1359
2455 1357
2456 1357
2457 1355
2458 1358
2459 1357
2460 1359
2461 1359
2462 1357
2463 1355
2464 1356
2465 1357
2466 1356
2467 1357
2468 1359
2469 1357
2470 1359
2471 1356
2472 1353
2473 1353
2474 1356
2475 1357
2476 1356
2477 1355
2478 1356
2479 1356
2480 1356
2481 1358
2482 1356
2483 1357
2484 1359
2485 1357
2486 1357
2487 1358
2488 1357
2489 1357
2490 1358
2491 1360
2492 1356
2493 1357
2494 1358
2495 1357
2496 1355
2497 1357
2498 1355
2499 1357
2500 1355
2501 1355
2502 1356
2503 1359
2504 1357
2505 1355
2506 1356
2507 1357
2508 1357
2509 1356
2510 1355
2511 1356
2512 1356
2513 1354
2514 1353
2515 1356
2516 1357
2517 1356
2518 1358
2519 1357
2520 1358
2521 1357
2522 1356
2523 1354
2524 1355
2525 1357
2526 1358
2527 1356
2528 1356
2529 1354
2530 1358
2531 1357
2532 1358
2533 1357
2534 1354
2535 1358
2536 1357
2537 1357
2538 1356
2539 1356
2540 1358
2541 1356
2542 1358
2543 1358
2544 1355
2545 1358
2546 1358
2547 1358
2548 1356
2549 1357
2550 1356
2551 1355
2552 1357
2553 1354
2554 1357
2555 1357
2556 1355
2557 1356
2558 1355
2559 1355
2560 1355
2561 1354
2562 1355
2563 1354
2564 1353
2565 1356
2566 1357
2567 1360
2568 1355
2569 1356
2570 1356
2571 1357
2572 1360
2573 1356
2574 1355
2575 1354
2576 1357
2577 1357
2578 1356
2579 1356
2580 1358
2581 1358
2582 1358
2583 1355
2584 1356
2585 1358
2586 1357
2587 1362
2588 1356
2589 1358
2590 1355
2591 1358
2592 1359
2593 1356
2594 1355
2595 1357
2596 1357
2597 1355
2598 1356
2599 1354
2600 1356
2601 1355
2602 1353
2603 1353
2604 1354
2605 1357
2606 1355
2607 1355
2608 1357
2609 1357
2610 1354
2611 1358
2612 1357
2613 1357
2614 1358
2615 1357
2616 1355
2617 1357
2618 1359
2619 1357
2620 1356
2621 1358
2622 1357
2623 1357
2624 1356
2625 1355
2626 1357
2627 1357
2628 1355
2629 1356
2630 1354
2631 1355
2632 1356
2633 1357
2634 1357
2635 1358
2636 1356
2637 1358
2638 1356
2639 1357
2640 1356
2641 1356
2642 1354
2643 1354
2644 1355
2645 1356
2646 1358
2647 1357
2648 1357
2649 1357
2650 1356
2651 1356
2652 1358
2653 1355
2654 1353
2655 1355
2656 1356
2657 1355
2658 1356
2659 1358
2660 1356
2661 1357
2662 1356
2663 1357
2664 1357
2665 1355
2666 1356
2667 1358
2668 1356
2669 1356
2670 1356
2671 1358
2672 1356
2673 1357
2674 1357
2675 1356
2676 1355
2677 1357
2678 1356
2679 1355
2680 1356
2681 1357
2682 1357
2683 1356
2684 1357
2685 1361
2686 1357
2687 1357
2688 1356
2689 1357
2690 1355
2691 1355
2692 1355
2693 1357
2694 1353
2695 1354
2696 1355
2697 1357
2698 1356
2699 1355
2700 1356
2701 1355
2702 1355
2703 1355
2704 1356
2705 1359
2706 1357
2707 1357
2708 1356
2709 1358
2710 1355
2711 1357
2712 1357
2713 1358
2714 1359
2715 1356
2716 1356
2717 1355
2718 1355
2719 1353
2720 1355
2721 1357
2722 1356
2723 1357
2724 1356
2725 1356
2726 1354
2727 1358
2728 1354
2729 1356
2730 1356
2731 1357
2732 1357
2733 1357
2734 1359
2735 1356
2736 1356
2737 1357
2738 1356
2739 1355
2740 1359
2741 1358
2742 1359
2743 1355
2744 1355
2745 1356
2746 1360
2747 1359
2748 1356
2749 1354
2750 1356
2751 1359
2752 1359
2753 1357
2754 1353
2755 1357
2756 1357
2757 1356
2758 1356
2759 1358
2760 1358
2761 1358
2762 1359
2763 1357
2764 1356
2765 1356
2766 1355
2767 1357
2768 1361
2769 1355
2770 1355
2771 1353
2772 1358
2773 1356
2774 1356
2775 1356
2776 1358
2777 1357
2778 1356
2779 1355
2780 1354
2781 1357
2782 1356
2783 1356
2784 1356
2785 1355
2786 1358
2787 1357
2788 1356
2789 1357
2790 1357
2791 1359
2792 1358
2793 1358
2794 1355
2795 1357
2796 1354
2797 1356
2798 1356
2799 1356
2800 1356
2801 1356
2802 1356
2803 1359
2804 1358
2805 1359
2806 1359
2807 1357
2808 1356
2809 1357
2810 1355
2811 1356
2812 1358
2813 1355
2814 1357
2815 1356
2816 1357
2817 1357
2818 1357
2819 1357
2820 1356
2821 1359
2822 1356
2823 1355
2824 1357
2825 1355
2826 1360
2827 1356
2828 1357
2829 1356
2830 1357
2831 1355
2832 1354
2833 1355
2834 1356
2835 1356
2836 1356
2837 1356
2838 1355
2839 1357
2840 1355
2841 1357
2842 1357
2843 1356
2844 1356
2845 1359
2846 1356
2847 1357
2848 1357
2849 1354
2850 1355
2851 1357
2852 1356
2853 1355
2854 1355
2855 1353
2856 1355
2857 1353
2858 1357
2859 1357
2860 1357
2861 1356
2862 1358
2863 1358
2864 1357
2865 1356
2866 1357
2867 1356
2868 1355
2869 1354
2870 1355
2871 1356
2872 1356
2873 1355
2874 1356
2875 1355
2876 1356
2877 1358
2878 1357
2879 1356
2880 1356
2881 1358
2882 1357
2883 1356
2884 1357
2885 1357
2886 1358
2887 1358
2888 1357
2889 1354
2890 1355
2891 1354
2892 1355
2893 1358
2894 1354
2895 1355
2896 1357
2897 1355
2898 1355
2899 1355
2900 1356
2901 1355
2902 1355
2903 1353
2904 1354
2905 1356
2906 1354
2907 1354
2908 1357
2909 1356
2910 1356
2911 1356
2912 1355
2913 1355
2914 1355
2915 1357
2916 1359
2917 1359
2918 1356
2919 1353
2920 1355
2921 1356
2922 1356
2923 1356
2924 1355
2925 1359
2926 1360
2927 1358
2928 1356
2929 1358
2930 1353
2931 1357
2932 1356
2933 1355
2934 1355
2935 1357
2936 1357
2937 1356
2938 1357
2939 1356
2940 1356
2941 1357
2942 1356
2943 1357
2944 1356
2945 1358
2946 1354
2947 1359
2948 1360
2949 1356
2950 1354
2951 1357
2952 1356
2953 1357
2954 1352
2955 1354
2956 1356
2957 1359
2958 1354
2959 1356
2960 1355
2961 1357
2962 1354
2963 1355
2964 1353
2965 1357
2966 1356
2967 1359
2968 1355
2969 1357
2970 1354
2971 1356
2972 1356
2973 1355
2974 1357
2975 1355
2976 1354
2977 1357
2978 1353
2979 1356
2980 1356
2981 1358
2982 1356
2983 1359
2984 1358
2985 1359
2986 1357
2987 1357
2988 1356
2989 1359
2990 1356
2991 1357
2992 1356
2993 1356
2994 1355
2995 1356
2996 1354
2997 1355
2998 1355
2999 1355
3000 1355
3001 1357
3002 1355
3003 1356
3004 1354
3005 1357
3006 1356
3007 1356
3008 1355
3009 1354
3010 1356
3011 1359
3012 1356
3013 1356
3014 1357
3015 1357
3016 1358
3017 1358
3018 1355
3019 1358
3020 1355
3021 1357
3022 1355
3023 1356
3024 1356
3025 1355
3026 1356
3027 1353
3028 1356
3029 1357
3030 1354
3031 1358
3032 1356
3033 1358
3034 1358
3035 1356
3036 1355
3037 1355
3038 1356
3039 1356
3040 1360
3041 1357
3042 1357
3043 1357
3044 1357
3045 1355
3046 1356
3047 1357
3048 1359
3049 1358
3050 1359
3051 1355
3052 1355
3053 1358
3054 1354
3055 1355
3056 1358
3057 1357
3058 1356
3059 1357
3060 1354
3061 1353
3062 1355
3063 1357
3064 1355
3065 1356
3066 1356
3067 1356
3068 1356
3069 1357
3070 1353
3071 1357
3072 1356
3073 1355
3074 1357
3075 1357
3076 1356
3077 1358
3078 1355
3079 1358
3080 1356
3081 1359
3082 1353
3083 1359
3084 1353
3085 1356
3086 1358
3087 1358
3088 1357
3089 1355
3090 1357
3091 1357
3092 1355
3093 1355
3094 1351
3095 1355
3096 1354
3097 1359
3098 1354
3099 1355
3100 1355
3101 1357
3102 1355
3103 1357
3104 1355
3105 1354
3106 1358
3107 1361
3108 1359
3109 1356
3110 1354
3111 1358
3112 1356
3113 1356
3114 1356
3115 1356
3116 1356
3117 1356
3118 1355
3119 1355
3120 1354
3121 1357
3122 1356
3123 1356
3124 1356
3125 1353
3126 1356
3127 1358
3128 1358
3129 1354
3130 1353
3131 1357
3132 1358
3133 1358
3134 1355
3135 1357
3136 1357
3137 1360
3138 1355
3139 1357
3140 1356
3141 1355
3142 1356
3143 1354
3144 1352
3145 1355
3146 1355
3147 1356
3148 1356
3149 1359
3150 1358
3151 1357
3152 1358
3153 1357
3154 1356
3155 1355
3156 1357
3157 1356
3158 1357
3159 1354
3160 1359
3161 1356
3162 1356
3163 1355
3164 1358
3165 1355
3166 1355
3167 1355
3168 1357
3169 1357
3170 1356
3171 1354
3172 1357
3173 1356
3174 1359
3175 1357
3176 1356
3177 1352
3178 1354
3179 1355
3180 1353
3181 1355
3182 1357
3183 1356
3184 1356
3185 1357
3186 1355
3187 1356
3188 1355
3189 1357
3190 1357
3191 1356
3192 1354
3193 1357
3194 1356
3195 1356
3196 1359
3197 1356
3198 1356
3199 1357
3200 1357
3201 1354
3202 1358
3203 1357
3204 1357
3205 1356
3206 1356
3207 1357
3208 1356
3209 1356
3210 1354
3211 1357
3212 1354
3213 1356
3214 1356
3215 1354
3216 1355
3217 1358
3218 1354
3219 1357
3220 1355
3221 1358
3222 1356
3223 1356
3224 1358
3225 1357
3226 1354
3227 1355
3228 1355
3229 1354
3230 1354
3231 1358
3232 1354
3233 1357
3234 1355
3235 1357
3236 1357
3237 1353
3238 1356
3239 1359
3240 1357
3241 1356
3242 1356
3243 1354
3244 1354
3245 1357
3246 1357
3247 1356
3248 1355
3249 1355
3250 1357
3251 1357
3252 1356
3253 1357
3254 1357
3255 1357
3256 1357
3257 1357
3258 1355
3259 1355
3260 1355
3261 1357
3262 1359
3263 1354
3264 1352
3265 1356
3266 1356
3267 1358
3268 1356
3269 1354
3270 1358
3271 1357
3272 1357
3273 1356
3274 1356
3275 1358
3276 1356
3277 1355
3278 1355
3279 1356
3280 1355
3281 1356
3282 1358
3283 1357
3284 1355
3285 1356
3286 1360
3287 1358
3288 1357
3289 1356
3290 1355
3291 1356
3292 1358
3293 1358
3294 1356
3295 1355
3296 1358
3297 1356
3298 1354
3299 1354
3300 1356
3301 1354
3302 1357
3303 1355
3304 1355
3305 1355
3306 1354
3307 1353
3308 1357
3309 1354
3310 1352
3311 1356
3312 1356
3313 1357
3314 1357
3315 1356
3316 1358
3317 1356
3318 1358
3319 1357
3320 1355
3321 1354
3322 1354
3323 1355
3324 1353
3325 1357
3326 1358
3327 1357
3328 1358
3329 1354
3330 1354
3331 1355
3332 1356
3333 1356
3334 1356
3335 1354
3336 1356
3337 1355
3338 1357
3339 1353
3340 1356
3341 1356
3342 1356
3343 1355
3344 1354
3345 1356
3346 1358
3347 1353
3348 1355
3349 1357
3350 1358
3351 1357
3352 1356
3353 1355
3354 1356
3355 1357
3356 1358
3357 1355
3358 1357
3359 1357
3360 1356
3361 1355
3362 1357
3363 1357
3364 1358
3365 1356
3366 1358
3367 1356
3368 1358
3369 1357
3370 1358
3371 1355
3372 1356
3373 1357
3374 1356
3375 1352
3376 1357
3377 1356
3378 1357
3379 1356
3380 1356
3381 1357
3382 1355
3383 1358
3384 1358
3385 1356
3386 1357
3387 1359
3388 1355
3389 1357
3390 1355
3391 1358
3392 1354
3393 1355
3394 1356
3395 1359
3396 1355
3397 1355
3398 1356
3399 1356
3400 1355
3401 1355
3402 1356
3403 1354
3404 1355
3405 1357
3406 1357
3407 1358
3408 1356
3409 1357
3410 1355
3411 1357
3412 1356
3413 1356
3414 1358
3415 1353
3416 1356
3417 1357
3418 1355
3419 1357
3420 1355
3421 1355
3422 1355
3423 1359
3424 1358
3425 1355
3426 1355
3427 1355
3428 1358
3429 1355
3430 1356
3431 1357
3432 1356
3433 1357
3434 1358
3435 1355
3436 1357
3437 1354
3438 1357
3439 1356
3440 1355
3441 1357
3442 1356
3443 1355
3444 1356
3445 1358
3446 1357
3447 1355
3448 1356
3449 1355
3450 1357
3451 1357
3452 1357
3453 1356
3454 1358
3455 1357
3456 1358
3457 1358
3458 1358
3459 1356
3460 1353
3461 1355
3462 1356
3463 1357
3464 1356
3465 1355
3466 1356
3467 1355
3468 1356
3469 1355
3470 1358
3471 1358
3472 1358
3473 1357
3474 1356
3475 1357
3476 1358
3477 1357
3478 1361
3479 1357
3480 1356
3481 1358
3482 1356
3483 1356
3484 1356
3485 1357
3486 1358
3487 1356
3488 1355
3489 1356
3490 1354
3491 1357
3492 1357
3493 1356
3494 1355
3495 1354
3496 1356
3497 1359
3498 1355
3499 1355
3500 1360
3501 1359
3502 1359
3503 1359
3504 1358
3505 1356
3506 1359
3507 1357
3508 1360
3509 1360
3510 1358
3511 1355
3512 1356
3513 1361
3514 1356
3515 1355
3516 1356
3517 1358
3518 1356
3519 1357
3520 1356
3521 1356
3522 1355
3523 1355
3524 1358
3525 1357
3526 1359
3527 1356
3528 1358
3529 1356
3530 1356
3531 1354
3532 1357
3533 1358
3534 1357
3535 1356
3536 1357
3537 1354
3538 1358
3539 1356
3540 1358
3541 1355
3542 1356
3543 1357
3544 1357
3545 1357
3546 1356
3547 1354
3548 1357
3549 1355
3550 1357
3551 1352
3552 1356
3553 1354
3554 1357
3555 1357
3556 1356
3557 1356
3558 1358
3559 1359
3560 1357
3561 1358
3562 1356
3563 1358
3564 1359
3565 1355
3566 1358
3567 1357
3568 1357
3569 1357
3570 1360
3571 1357
3572 1358
3573 1357
3574 1359
3575 1357
3576 1357
3577 1357
3578 1356
3579 1354
3580 1356
3581 1358
3582 1354
3583 1357
3584 1357
3585 1356
3586 1357
3587 1357
3588 1357
3589 1355
3590 1356
3591 1356
3592 1357
3593 1357
3594 1355
3595 1356
3596 1356
3597 1358
3598 1354
3599 1356
3600 1355
3601 1355
3602 1358
3603 1355
3604 1358
3605 1356
3606 1358
3607 1356
3608 1359
3609 1359
3610 1357
3611 1356
3612 1357
3613 1357
3614 1357
3615 1357
3616 1360
3617 1357
3618 1357
3619 1355
3620 1356
3621 1356
3622 1356
3623 1356
3624 1356
3625 1357
3626 1355
3627 1354
3628 1358
3629 1359
3630 1358
3631 1357
3632 1358
3633 1356
3634 1356
3635 1356
3636 1355
3637 1356
3638 1356
3639 1356
3640 1357
3641 1358
3642 1356
3643 1352
3644 1354
3645 1353
3646 1354
3647 1355
3648 1355
3649 1356
3650 1357
3651 1358
3652 1357
3653 1354
3654 1359
3655 1357
3656 1357
3657 1353
3658 1356
3659 1357
3660 1360
3661 1359
3662 1357
3663 1356
3664 1358
3665 1356
3666 1357
3667 1354
3668 1358
3669 1356
3670 1355
3671 1354
3672 1354
3673 1351
3674 1353
3675 1355
3676 1358
3677 1355
3678 1357
3679 1354
3680 1355
3681 1356
3682 1358
3683 1357
3684 1360
3685 1357
3686 1357
3687 1359
3688 1358
3689 1355
3690 1355
3691 1355
3692 1354
3693 1355
3694 1357
3695 1360
3696 1356
3697 1356
3698 1359
3699 1358
3700 1357
3701 1358
3702 1354
3703 1356
3704 1356
3705 1357
3706 1357
3707 1353
3708 1356
3709 1358
3710 1358
3711 1355
3712 1356
3713 1355
3714 1357
3715 1354
3716 1356
3717 1356
3718 1356
3719 1356
3720 1358
3721 1359
3722 1356
3723 1356
3724 1356
3725 1357
3726 1355
3727 1355
3728 1355
3729 1353
3730 1354
3731 1353
3732 1355
3733 1357
3734 1354
3735 1357
3736 1356
3737 1357
3738 1357
3739 1355
3740 1357
3741 1356
3742 1356
3743 1354
3744 1356
3745 1357
3746 1356
3747 1356
3748 1356
3749 1354
3750 1357
3751 1358
3752 1356
3753 1357
3754 1358
3755 1357
3756 1358
3757 1355
3758 1357
3759 1358
3760 1355
3761 1358
3762 1354
3763 1353
3764 1356
3765 1354
3766 1356
3767 1355
3768 1357
3769 1353
3770 1356
3771 1355
3772 1356
3773 1357
3774 1357
3775 1359
3776 1358
3777 1360
3778 1358
3779 1359
3780 1355
3781 1358
3782 1357
3783 1357
3784 1357
3785 1358
3786 1357
3787 1356
3788 1358
3789 1355
3790 1357
3791 1357
3792 1356
3793 1357
3794 1355
3795 1357
3796 1356
3797 1357
3798 1357
3799 1357
3800 1356
3801 1356
3802 1357
3803 1357
3804 1354
3805 1357
3806 1356
3807 1358
3808 1354
3809 1355
3810 1356
3811 1357
3812 1355
3813 1357
3814 1358
3815 1356
3816 1360
3817 1357
3818 1356
3819 1355
3820 1356
3821 1354
3822 1357
3823 1358
3824 1357
3825 1355
3826 1357
3827 1356
3828 1356
3829 1357
3830 1355
3831 1354
3832 1357
3833 1354
3834 1356
3835 1356
3836 1358
3837 1357
3838 1357
3839 1357
3840 1358
3841 1356
3842 1358
3843 1353
3844 1358
3845 1354
3846 1356
3847 1356
3848 1355
3849 1356
3850 1357
3851 1355
3852 1357
3853 1354
3854 1356
3855 1357
3856 1358
3857 1357
3858 1356
3859 1355
3860 1357
3861 1353
3862 1356
3863 1356
3864 1355
3865 1353
3866 1359
3867 1358
3868 1358
3869 1356
3870 1354
3871 1357
3872 1356
3873 1356
3874 1355
3875 1356
3876 1355
3877 1359
3878 1355
3879 1357
3880 1357
3881 1355
3882 1356
3883 1354
3884 1356
3885 1355
3886 1353
3887 1356
3888 1352
3889 1354
3890 1355
3891 1356
3892 1356
3893 1355
3894 1357
3895 1357
3896 1357
3897 1354
3898 1356
3899 1358
3900 1359
3901 1361
3902 1355
3903 1358
3904 1357
3905 1359
3906 1357
3907 1357
3908 1358
3909 1357
3910 1359
3911 1355
3912 1356
3913 1357
3914 1359
3915 1357
3916 1356
3917 1357
3918 1356
3919 1354
3920 1356
3921 1358
3922 1357
3923 1353
3924 1357
3925 1357
3926 1357
3927 1355
3928 1355
3929 1353
3930 1357
3931 1357
3932 1356
3933 1354
3934 1356
3935 1357
3936 1354
3937 1353
3938 1353
3939 1357
3940 1355
3941 1357
3942 1355
3943 1356
3944 1354
3945 1356
3946 1357
3947 1356
3948 1356
3949 1356
3950 1357
3951 1357
3952 1356
3953 1357
3954 1354
3955 1355
3956 1356
3957 1354
3958 1356
3959 1354
3960 1357
3961 1357
3962 1360
3963 1354
3964 1354
3965 1355
3966 1356
3967 1355
3968 1355
3969 1355
3970 1356
3971 1357
3972 1355
3973 1352
3974 1356
3975 1356
3976 1356
3977 1353
3978 1356
3979 1359
3980 1360
3981 1356
3982 1355
3983 1355
3984 1358
3985 1356
3986 1357
3987 1355
3988 1356
3989 1356
3990 1357
3991 1354
3992 1355
3993 1352
3994 1355
3995 1356
3996 1356
3997 1357
3998 1357
3999 1357
