0 1356
1 1356
2 1353
3 1356
4 1355
5 1356
6 1354
7 1357
8 1357
9 1359
10 1356
11 1356
12 1357
13 1356
14 1353
15 1356
16 1356
17 1356
18 1355
19 1356
20 1356
21 1358
22 1357
23 1355
24 1357
25 1354
26 1354
27 1357
28 1357
29 1357
30 1356
31 1356
32 1357
33 1357
34 1357
35 1352
36 1354
37 1355
38 1356
39 1356
40 1355
41 1354
42 1355
43 1355
44 1354
45 1355
46 1353
47 1355
48 1354
49 1354
50 1355
51 1356
52 1354
53 1356
54 1353
55 1354
56 1353
57 1355
58 1354
59 1354
60 1355
61 1354
62 1355
63 1354
64 1356
65 1356
66 1355
67 1355
68 1354
69 1356
70 1355
71 1355
72 1355
73 1353
74 1354
75 1353
76 1353
77 1356
78 1355
79 1353
80 1354
81 1354
82 1354
83 1354
84 1355
85 1359
86 1355
87 1354
88 1355
89 1354
90 1357
91 1355
92 1355
93 1354
94 1357
95 1355
96 1357
97 1353
98 1354
99 1354
100 1355
101 1356
102 1356
103 1355
104 1353
105 1357
106 1353
107 1358
108 1355
109 1356
110 1356
111 1355
112 1357
113 1355
114 1351
115 1356
116 1353
117 1353
118 1357
119 1354
120 1355
121 1356
122 1354
123 1355
124 1358
125 1357
126 1356
127 1353
128 1356
129 1356
130 1356
131 1356
132 1356
133 1356
134 1355
135 1356
136 1354
137 1354
138 1357
139 1356
140 1356
141 1354
142 1353
143 1354
144 1355
145 1358
146 1355
147 1355
148 1355
149 1354
150 1355
151 1356
152 1358
153 1356
154 1356
155 1357
156 1354
157 1356
158 1356
159 1355
160 1355
161 1357
162 1356
163 1356
164 1355
165 1354
166 1358
167 1356
168 1355
169 1353
170 1354
171 1354
172 1353
173 1354
174 1355
175 1355
176 1354
177 1356
178 1353
179 1355
180 1355
181 1355
182 1355
183 1354
184 1357
185 1353
186 1359
187 1356
188 1357
189 1355
190 1357
191 1355
192 1355
193 1355
194 1355
195 1353
196 1356
197 1356
198 1356
199 1357
200 1358
201 1358
202 1355
203 1354
204 1356
205 1353
206 1355
207 1357
208 1354
209 1354
210 1354
211 1353
212 1357
213 1355
214 1353
215 1354
216 1357
217 1357
218 1357
219 1356
220 1357
221 1356
222 1357
223 1357
224 1357
225 1356
226 1357
227 1357
228 1357
229 1356
230 1355
231 1356
232 1352
233 1357
234 1355
235 1353
236 1357
237 1353
238 1357
239 1355
240 1358
241 1353
242 1357
243 1354
244 1354
245 1356
246 1355
247 1356
248 1355
249 1355
250 1358
251 1355
252 1355
253 1356
254 1356
255 1357
256 1357
257 1355
258 1355
259 1352
260 1350
261 1355
262 1362
263 1357
264 1351
265 1352
266 1356
267 1356
268 1358
269 1353
270 1353
271 1355
272 1356
273 1356
274 1355
275 1358
276 1358
277 1356
278 1355
279 1358
280 1356
281 1354
282 1357
283 1355
284 1355
285 1353
286 1353
287 1357
288 1358
289 1356
290 1355
291 1355
292 1356
293 1356
294 1356
295 1356
296 1356
297 1353
298 1354
299 1355
300 1357
301 1352
302 1356
303 1355
304 1358
305 1355
306 1356
307 1358
308 1360
309 1358
310 1354
311 1355
312 1360
313 1356
314 1354
315 1355
316 1353
317 1359
318 1357
319 1355
320 1356
321 1356
322 1356
323 1355
324 1354
325 1355
326 1355
327 1354
328 1353
329 1355
330 1356
331 1356
332 1356
333 1353
334 1355
335 1356
336 1357
337 1354
338 1357
339 1354
340 1355
341 1357
342 1359
343 1356
344 1358
345 1355
346 1355
347 1354
348 1357
349 1355
350 1356
351 1355
352 1355
353 1356
354 1358
355 1355
356 1355
357 1352
358 1356
359 1357
360 1356
361 1356
362 1357
363 1355
364 1357
365 1352
366 1356
367 1358
368 1357
369 1356
370 1355
371 1354
372 1356
373 1355
374 1357
375 1357
376 1358
377 1355
378 1355
379 1355
380 1359
381 1352
382 1355
383 1355
384 1354
385 1353
386 1357
387 1354
388 1354
389 1352
390 1356
391 1356
392 1355
393 1356
394 1355
395 1352
396 1357
397 1353
398 1356
399 1356
400 1357
401 1356
402 1357
403 1355
404 1357
405 1354
406 1355
407 1356
408 1355
409 1356
410 1357
411 1355
412 1356
413 1353
414 1354
415 1357
416 1357
417 1355
418 1355
419 1353
420 1355
421 1355
422 1356
423 1355
424 1355
425 1353
426 1355
427 1356
428 1356
429 1357
430 1355
431 1354
432 1356
433 1356
434 1356
435 1358
436 1357
437 1352
438 1354
439 1353
440 1359
441 1359
442 1357
443 1352
444 1354
445 1353
446 1357
447 1355
448 1354
449 1354
450 1355
451 1356
452 1353
453 1355
454 1353
455 1354
456 1355
457 1352
458 1355
459 1354
460 1355
461 1356
462 1360
463 1357
464 1352
465 1354
466 1356
467 1356
468 1357
469 1354
470 1355
471 1352
472 1353
473 1353
474 1357
475 1354
476 1354
477 1355
478 1357
479 1355
480 1357
481 1354
482 1355
483 1355
484 1357
485 1356
486 1357
487 1356
488 1356
489 1353
490 1354
491 1354
492 1358
493 1355
494 1357
495 1357
496 1357
497 1356
498 1355
499 1354
500 1357
501 1354
502 1357
503 1352
504 1356
505 1356
506 1353
507 1354
508 1357
509 1355
510 1355
511 1355
512 1354
513 1351
514 1356
515 1356
516 1355
517 1353
518 1355
519 1356
520 1357
521 1356
522 1353
523 1357
524 1354
525 1353
526 1357
527 1356
528 1356
529 1355
530 1355
531 1354
532 1357
533 1357
534 1360
535 1363
536 1366
537 1377
538 1389
539 1405
540 1444
541 1489
542 1546
543 1619
544 1703
545 1795
546 1892
547 1989
548 2083
549 2173
550 2261
551 2335
552 2394
553 2450
554 2493
555 2531
556 2567
557 2590
558 2598
559 2606
560 2604
561 2597
562 2583
563 2562
564 2533
565 2503
566 2462
567 2426
568 2385
569 2345
570 2296
571 2252
572 2203
573 2160
574 2114
575 2078
576 2035
577 1999
578 1958
579 1921
580 1887
581 1852
582 1819
583 1790
584 1758
585 1736
586 1709
587 1682
588 1665
589 1642
590 1627
591 1611
592 1590
593 1574
594 1561
595 1543
596 1529
597 1517
598 1506
599 1496
600 1485
601 1477
602 1469
603 1460
604 1457
605 1452
606 1443
607 1439
608 1431
609 1424
610 1422
611 1414
612 1411
613 1404
614 1400
615 1394
616 1397
617 1393
618 1391
619 1384
620 1386
621 1385
622 1385
623 1382
624 1375
625 1374
626 1375
627 1373
628 1370
629 1369
630 1370
631 1368
632 1366
633 1366
634 1368
635 1365
636 1368
637 1364
638 1364
639 1364
640 1361
641 1363
642 1363
643 1365
644 1357
645 1358
646 1361
647 1363
648 1359
649 1357
650 1357
651 1361
652 1356
653 1358
654 1357
655 1356
656 1355
657 1356
658 1356
659 1357
660 1358
661 1359
662 1356
663 1357
664 1355
665 1356
666 1355
667 1358
668 1357
669 1356
670 1353
671 1358
672 1359
673 1356
674 1354
675 1355
676 1357
677 1359
678 1357
679 1359
680 1355
681 1358
682 1357
683 1358
684 1356
685 1356
686 1357
687 1354
688 1358
689 1355
690 1357
691 1355
692 1356
693 1354
694 1353
695 1354
696 1353
697 1356
698 1354
699 1355
700 1356
701 1356
702 1354
703 1355
704 1358
705 1356
706 1355
707 1357
708 1358
709 1357
710 1356
711 1356
712 1356
713 1357
714 1354
715 1356
716 1354
717 1357
718 1357
719 1357
720 1354
721 1356
722 1356
723 1358
724 1357
725 1356
726 1358
727 1355
728 1357
729 1356
730 1354
731 1358
732 1356
733 1356
734 1356
735 1356
736 1356
737 1355
738 1357
739 1356
740 1356
741 1356
742 1359
743 1355
744 1357
745 1356
746 1356
747 1352
748 1355
749 1354
750 1355
751 1355
752 1355
753 1354
754 1356
755 1353
756 1356
757 1357
758 1356
759 1356
760 1353
761 1356
762 1357
763 1355
764 1356
765 1356
766 1357
767 1360
768 1358
769 1354
770 1357
771 1357
772 1354
773 1356
774 1355
775 1356
776 1357
777 1356
778 1354
779 1354
780 1354
781 1356
782 1352
783 1356
784 1354
785 1356
786 1355
787 1357
788 1355
789 1355
790 1356
791 1355
792 1354
793 1356
794 1356
795 1355
796 1355
797 1354
798 1352
799 1353
800 1355
801 1357
802 1361
803 1354
804 1352
805 1356
806 1358
807 1357
808 1355
809 1351
810 1356
811 1358
812 1357
813 1355
814 1352
815 1354
816 1356
817 1356
818 1356
819 1356
820 1355
821 1354
822 1356
823 1357
824 1356
825 1352
826 1353
827 1356
828 1356
829 1354
830 1357
831 1356
832 1358
833 1357
834 1357
835 1355
836 1359
837 1360
838 1356
839 1354
840 1358
841 1357
842 1357
843 1357
844 1356
845 1354
846 1355
847 1357
848 1357
849 1355
850 1354
851 1355
852 1357
853 1355
854 1356
855 1356
856 1355
857 1354
858 1356
859 1357
860 1358
861 1358
862 1356
863 1354
864 1357
865 1356
866 1355
867 1359
868 1356
869 1356
870 1355
871 1355
872 1355
873 1356
874 1356
875 1355
876 1357
877 1358
878 1355
879 1354
880 1357
881 1356
882 1355
883 1356
884 1354
885 1356
886 1358
887 1355
888 1356
889 1355
890 1357
891 1357
892 1355
893 1357
894 1356
895 1357
896 1355
897 1355
898 1352
899 1356
900 1357
901 1354
902 1352
903 1356
904 1357
905 1357
906 1356
907 1355
908 1352
909 1355
910 1354
911 1356
912 1355
913 1355
914 1356
915 1355
916 1355
917 1357
918 1356
919 1358
920 1357
921 1356
922 1353
923 1356
924 1355
925 1354
926 1355
927 1357
928 1356
929 1355
930 1353
931 1355
932 1352
933 1356
934 1359
935 1355
936 1356
937 1356
938 1358
939 1356
940 1357
941 1357
942 1356
943 1355
944 1354
945 1355
946 1356
947 1355
948 1356
949 1353
950 1356
951 1354
952 1355
953 1355
954 1356
955 1356
956 1358
957 1357
958 1356
959 1354
960 1355
961 1355
962 1356
963 1354
964 1357
965 1355
966 1353
967 1354
968 1355
969 1354
970 1356
971 1354
972 1354
973 1354
974 1357
975 1357
976 1356
977 1356
978 1355
979 1354
980 1356
981 1356
982 1358
983 1355
984 1357
985 1354
986 1357
987 1353
988 1354
989 1353
990 1357
991 1356
992 1355
993 1354
994 1357
995 1356
996 1357
997 1358
998 1356
999 1352
1000 1357
1001 1351
1002 1357
1003 1359
1004 1357
1005 1353
1006 1357
1007 1357
1008 1357
1009 1354
1010 1355
1011 1356
1012 1357
1013 1354
1014 1356
1015 1355
1016 1354
1017 1356
1018 1353
1019 1357
1020 1357
1021 1356
1022 1356
1023 1354
1024 1354
1025 1356
1026 1352
1027 1355
1028 1357
1029 1352
1030 1354
1031 1356
1032 1358
1033 1355
1034 1356
1035 1355
1036 1355
1037 1354
1038 1355
1039 1356
1040 1354
1041 1354
1042 1355
1043 1355
1044 1356
1045 1355
1046 1357
1047 1354
1048 1356
1049 1357
1050 1356
1051 1357
1052 1357
1053 1355
1054 1356
1055 1353
1056 1356
1057 1354
1058 1356
1059 1355
1060 1355
1061 1357
1062 1357
1063 1355
1064 1357
1065 1356
1066 1357
1067 1356
1068 1357
1069 1356
1070 1357
1071 1355
1072 1356
1073 1356
1074 1354
1075 1355
1076 1354
1077 1356
1078 1355
1079 1356
1080 1355
1081 1356
1082 1354
1083 1358
1084 1352
1085 1354
1086 1355
1087 1356
1088 1355
1089 1353
1090 1354
1091 1354
1092 1354
1093 1354
1094 1353
1095 1356
1096 1356
1097 1355
1098 1357
1099 1354
1100 1358
1101 1358
1102 1358
1103 1356
1104 1356
1105 1355
1106 1355
1107 1358
1108 1357
1109 1356
1110 1354
1111 1353
1112 1355
1113 1354
1114 1355
1115 1356
1116 1355
1117 1356
1118 1357
1119 1356
1120 1355
1121 1354
1122 1352
1123 1356
1124 1359
1125 1357
1126 1357
1127 1355
1128 1355
1129 1355
1130 1359
1131 1354
1132 1356
1133 1355
1134 1356
1135 1356
1136 1355
1137 1356
1138 1356
1139 1351
1140 1354
1141 1355
1142 1359
1143 1357
1144 1355
1145 1355
1146 1355
1147 1356
1148 1357
1149 1355
1150 1357
1151 1356
1152 1354
1153 1353
1154 1355
1155 1354
1156 1359
1157 1354
1158 1358
1159 1355
1160 1356
1161 1357
1162 1358
1163 1354
1164 1357
1165 1356
1166 1359
1167 1353
1168 1355
1169 1354
1170 1354
1171 1353
1172 1354
1173 1353
1174 1356
1175 1352
1176 1356
1177 1355
1178 1357
1179 1356
1180 1356
1181 1354
1182 1356
1183 1358
1184 1358
1185 1354
1186 1356
1187 1355
1188 1357
1189 1355
1190 1354
1191 1356
1192 1356
1193 1356
1194 1357
1195 1358
1196 1358
1197 1356
1198 1357
1199 1354
1200 1355
1201 1356
1202 1358
1203 1356
1204 1355
1205 1353
1206 1354
1207 1357
1208 1355
1209 1354
1210 1355
1211 1352
1212 1357
1213 1354
1214 1356
1215 1356
1216 1357
1217 1354
1218 1359
1219 1358
1220 1357
1221 1356
1222 1356
1223 1356
1224 1354
1225 1357
1226 1354
1227 1354
1228 1355
1229 1356
1230 1357
1231 1354
1232 1356
1233 1355
1234 1355
1235 1356
1236 1355
1237 1355
1238 1355
1239 1353
1240 1352
1241 1356
1242 1354
1243 1355
1244 1357
1245 1354
1246 1356
1247 1357
1248 1356
1249 1354
1250 1355
1251 1357
1252 1357
1253 1356
1254 1355
1255 1354
1256 1353
1257 1352
1258 1356
1259 1355
1260 1356
1261 1357
1262 1355
1263 1356
1264 1356
1265 1356
1266 1356
1267 1356
1268 1358
1269 1356
1270 1355
1271 1357
1272 1355
1273 1356
1274 1355
1275 1356
1276 1353
1277 1357
1278 1357
1279 1356
1280 1354
1281 1352
1282 1353
1283 1356
1284 1355
1285 1356
1286 1355
1287 1356
1288 1354
1289 1356
1290 1354
1291 1354
1292 1358
1293 1353
1294 1358
1295 1354
1296 1359
1297 1355
1298 1358
1299 1357
1300 1354
1301 1358
1302 1355
1303 1353
1304 1354
1305 1354
1306 1355
1307 1356
1308 1357
1309 1355
1310 1354
1311 1354
1312 1356
1313 1354
1314 1355
1315 1355
1316 1354
1317 1357
1318 1357
1319 1357
1320 1358
1321 1355
1322 1353
1323 1355
1324 1358
1325 1355
1326 1355
1327 1356
1328 1355
1329 1356
1330 1357
1331 1355
1332 1356
1333 1354
1334 1353
1335 1355
1336 1356
1337 1354
1338 1354
1339 1352
1340 1355
1341 1356
1342 1358
1343 1357
1344 1356
1345 1353
1346 1355
1347 1359
1348 1356
1349 1354
1350 1356
1351 1355
1352 1357
1353 1354
1354 1358
1355 1355
1356 1359
1357 1356
1358 1357
1359 1356
1360 1355
1361 1355
1362 1357
1363 1354
1364 1355
1365 1353
1366 1357
1367 1357
1368 1358
1369 1354
1370 1356
1371 1355
1372 1358
1373 1357
1374 1356
1375 1357
1376 1357
1377 1356
1378 1357
1379 1354
1380 1354
1381 1356
1382 1354
1383 1356
1384 1355
1385 1355
1386 1354
1387 1358
1388 1359
1389 1356
1390 1357
1391 1353
1392 1357
1393 1356
1394 1357
1395 1355
1396 1357
1397 1356
1398 1355
1399 1357
1400 1356
1401 1355
1402 1358
1403 1356
1404 1356
1405 1353
1406 1356
1407 1356
1408 1356
1409 1357
1410 1357
1411 1356
1412 1353
1413 1356
1414 1356
1415 1357
1416 1356
1417 1355
1418 1355
1419 1355
1420 1357
1421 1356
1422 1354
1423 1355
1424 1355
1425 1353
1426 1353
1427 1356
1428 1356
1429 1356
1430 1356
1431 1357
1432 1357
1433 1354
1434 1358
1435 1355
1436 1357
1437 1356
1438 1357
1439 1356
1440 1358
1441 1356
1442 1359
1443 1357
1444 1357
1445 1355
1446 1358
1447 1357
1448 1357
1449 1356
1450 1358
1451 1357
1452 1358
1453 1357
1454 1353
1455 1355
1456 1357
1457 1355
1458 1355
1459 1354
1460 1357
1461 1356
1462 1356
1463 1356
1464 1356
1465 1355
1466 1357
1467 1357
1468 1357
1469 1357
1470 1354
1471 1357
1472 1355
1473 1354
1474 1357
1475 1354
1476 1357
1477 1354
1478 1357
1479 1351
1480 1357
1481 1356
1482 1356
1483 1354
1484 1356
1485 1353
1486 1357
1487 1357
1488 1358
1489 1354
1490 1358
1491 1356
1492 1357
1493 1357
1494 1354
1495 1357
1496 1356
1497 1356
1498 1357
1499 1354
1500 1356
1501 1355
1502 1355
1503 1356
1504 1356
1505 1358
1506 1357
1507 1355
1508 1356
1509 1356
1510 1355
1511 1355
1512 1355
1513 1353
1514 1354
1515 1354
1516 1356
1517 1353
1518 1355
1519 1353
1520 1352
1521 1356
1522 1360
1523 1358
1524 1353
1525 1358
1526 1357
1527 1359
1528 1357
1529 1356
1530 1356
1531 1354
1532 1356
1533 1354
1534 1356
1535 1354
1536 1354
1537 1356
1538 1357
1539 1355
1540 1355
1541 1354
1542 1358
1543 1356
1544 1354
1545 1352
1546 1352
1547 1356
1548 1356
1549 1353
1550 1356
1551 1355
1552 1355
1553 1354
1554 1355
1555 1354
1556 1355
1557 1356
1558 1354
1559 1355
1560 1357
1561 1355
1562 1358
1563 1355
1564 1357
1565 1354
1566 1354
1567 1354
1568 1354
1569 1354
1570 1354
1571 1355
1572 1356
1573 1355
1574 1353
1575 1352
1576 1357
1577 1356
1578 1356
1579 1354
1580 1356
1581 1356
1582 1356
1583 1356
1584 1357
1585 1357
1586 1356
1587 1356
1588 1356
1589 1353
1590 1355
1591 1354
1592 1355
1593 1353
1594 1352
1595 1354
1596 1355
1597 1354
1598 1357
1599 1356
1600 1354
1601 1355
1602 1356
1603 1354
1604 1356
1605 1354
1606 1355
1607 1356
1608 1355
1609 1355
1610 1354
1611 1355
1612 1354
1613 1352
1614 1354
1615 1357
1616 1356
1617 1356
1618 1355
1619 1355
1620 1358
1621 1352
1622 1354
1623 1354
1624 1355
1625 1356
1626 1356
1627 1353
1628 1354
1629 1356
1630 1355
1631 1355
1632 1354
1633 1355
1634 1353
1635 1353
1636 1358
1637 1355
1638 1355
1639 1355
1640 1356
1641 1356
1642 1358
1643 1352
1644 1353
1645 1353
1646 1356
1647 1354
1648 1355
1649 1356
1650 1355
1651 1356
1652 1355
1653 1354
1654 1357
1655 1358
1656 1355
1657 1355
1658 1355
1659 1355
1660 1357
1661 1355
1662 1353
1663 1356
1664 1355
1665 1353
1666 1355
1667 1352
1668 1353
1669 1356
1670 1356
1671 1356
1672 1356
1673 1354
1674 1354
1675 1355
1676 1353
1677 1355
1678 1355
1679 1355
1680 1353
1681 1355
1682 1356
1683 1353
1684 1354
1685 1356
1686 1353
1687 1356
1688 1353
1689 1354
1690 1357
1691 1355
1692 1352
1693 1355
1694 1354
1695 1356
1696 1354
1697 1353
1698 1354
1699 1356
1700 1353
1701 1356
1702 1352
1703 1354
1704 1352
1705 1357
1706 1356
1707 1356
1708 1355
1709 1353
1710 1357
1711 1356
1712 1355
1713 1356
1714 1355
1715 1352
1716 1357
1717 1354
1718 1353
1719 1356
1720 1357
1721 1356
1722 1356
1723 1355
1724 1355
1725 1355
1726 1353
1727 1355
1728 1355
1729 1353
1730 1353
1731 1355
1732 1356
1733 1355
1734 1354
1735 1354
1736 1357
1737 1356
1738 1356
1739 1355
1740 1355
1741 1356
1742 1354
1743 1354
1744 1355
1745 1357
1746 1359
1747 1355
1748 1356
1749 1356
1750 1355
1751 1355
1752 1353
1753 1356
1754 1355
1755 1354
1756 1354
1757 1355
1758 1355
1759 1356
1760 1354
1761 1356
1762 1357
1763 1355
1764 1357
1765 1356
1766 1353
1767 1354
1768 1354
1769 1355
1770 1353
1771 1352
1772 1358
1773 1356
1774 1357
1775 1353
1776 1356
1777 1357
1778 1356
1779 1356
1780 1353
1781 1355
1782 1355
1783 1356
1784 1355
1785 1355
1786 1356
1787 1356
1788 1353
1789 1354
1790 1353
1791 1356
1792 1356
1793 1356
1794 1356
1795 1356
1796 1353
1797 1354
1798 1352
1799 1356
1800 1357
1801 1358
1802 1357
1803 1356
1804 1356
1805 1353
1806 1355
1807 1355
1808 1356
1809 1356
1810 1356
1811 1354
1812 1357
1813 1356
1814 1358
1815 1356
1816 1354
1817 1355
1818 1352
1819 1352
1820 1356
1821 1358
1822 1355
1823 1356
1824 1356
1825 1354
1826 1354
1827 1356
1828 1355
1829 1354
1830 1355
1831 1355
1832 1357
1833 1355
1834 1356
1835 1355
1836 1355
1837 1357
1838 1354
1839 1356
1840 1355
1841 1355
1842 1352
1843 1355
1844 1358
1845 1356
1846 1359
1847 1354
1848 1355
1849 1356
1850 1355
1851 1353
1852 1355
1853 1354
1854 1355
1855 1354
1856 1356
1857 1355
1858 1355
1859 1356
1860 1356
1861 1355
1862 1358
1863 1355
1864 1359
1865 1357
1866 1358
1867 1358
1868 1355
1869 1354
1870 1357
1871 1358
1872 1359
1873 1355
1874 1356
1875 1353
1876 1354
1877 1354
1878 1354
1879 1355
1880 1356
1881 1357
1882 1358
1883 1354
1884 1353
1885 1354
1886 1358
1887 1356
1888 1356
1889 1353
1890 1357
1891 1354
1892 1357
1893 1356
1894 1357
1895 1357
1896 1356
1897 1358
1898 1355
1899 1354
1900 1355
1901 1357
1902 1354
1903 1356
1904 1356
1905 1356
1906 1357
1907 1357
1908 1355
1909 1354
1910 1356
1911 1356
1912 1357
1913 1357
1914 1355
1915 1356
1916 1355
1917 1353
1918 1356
1919 1356
1920 1357
1921 1354
1922 1354
1923 1352
1924 1356
1925 1354
1926 1354
1927 1354
1928 1357
1929 1355
1930 1353
1931 1352
1932 1354
1933 1353
1934 1356
1935 1355
1936 1354
1937 1356
1938 1353
1939 1355
1940 1355
1941 1356
1942 1354
1943 1354
1944 1355
1945 1354
1946 1355
1947 1356
1948 1354
1949 1356
1950 1354
1951 1356
1952 1356
1953 1353
1954 1355
1955 1358
1956 1355
1957 1354
1958 1355
1959 1353
1960 1354
1961 1354
1962 1357
1963 1357
1964 1357
1965 1354
1966 1355
1967 1356
1968 1355
1969 1355
1970 1356
1971 1354
1972 1356
1973 1356
1974 1357
1975 1358
1976 1356
1977 1360
1978 1357
1979 1353
1980 1353
1981 1356
1982 1356
1983 1356
1984 1354
1985 1353
1986 1357
1987 1356
1988 1356
1989 1353
1990 1356
1991 1355
1992 1355
1993 1356
1994 1356
1995 1355
1996 1356
1997 1355
1998 1354
1999 1356
2000 1357
2001 1355
2002 1354
2003 1355
2004 1356
2005 1355
2006 1355
2007 1354
2008 1355
2009 1356
2010 1357
2011 1353
2012 1356
2013 1358
2014 1356
2015 1356
2016 1355
2017 1357
2018 1355
2019 1356
2020 1355
2021 1354
2022 1358
2023 1354
2024 1356
2025 1354
2026 1355
2027 1355
2028 1356
2029 1354
2030 1355
2031 1355
2032 1355
2033 1350
2034 1350
2035 1354
2036 1357
2037 1357
2038 1357
2039 1354
2040 1356
2041 1356
2042 1356
2043 1355
2044 1359
2045 1355
2046 1355
2047 1355
2048 1356
2049 1355
2050 1355
2051 1357
2052 1357
2053 1356
2054 1355
2055 1355
2056 1354
2057 1355
2058 1357
2059 1356
2060 1356
2061 1353
2062 1357
2063 1356
2064 1354
2065 1353
2066 1355
2067 1353
2068 1356
2069 1353
2070 1357
2071 1356
2072 1357
2073 1356
2074 1356
2075 1355
2076 1357
2077 1357
2078 1356
2079 1357
2080 1357
2081 1356
2082 1354
2083 1354
2084 1354
2085 1355
2086 1356
2087 1355
2088 1356
2089 1354
2090 1356
2091 1356
2092 1354
2093 1354
2094 1356
2095 1354
2096 1356
2097 1355
2098 1351
2099 1354
2100 1355
2101 1353
2102 1356
2103 1354
2104 1354
2105 1354
2106 1358
2107 1353
2108 1357
2109 1354
2110 1356
2111 1359
2112 1356
2113 1355
2114 1354
2115 1351
2116 1356
2117 1356
2118 1357
2119 1353
2120 1354
2121 1357
2122 1353
2123 1355
2124 1355
2125 1353
2126 1354
2127 1356
2128 1357
2129 1351
2130 1357
2131 1356
2132 1353
2133 1354
2134 1357
2135 1353
2136 1353
2137 1355
2138 1355
2139 1353
2140 1354
2141 1354
2142 1358
2143 1356
2144 1355
2145 1354
2146 1355
2147 1354
2148 1354
2149 1354
2150 1355
2151 1353
2152 1358
2153 1353
2154 1356
2155 1356
2156 1358
2157 1356
2158 1355
2159 1353
2160 1356
2161 1356
2162 1355
2163 1355
2164 1357
2165 1356
2166 1353
2167 1354
2168 1355
2169 1355
2170 1352
2171 1357
2172 1353
2173 1354
2174 1356
2175 1357
2176 1353
2177 1355
2178 1354
2179 1356
2180 1355
2181 1356
2182 1358
2183 1352
2184 1355
2185 1353
2186 1354
2187 1355
2188 1356
2189 1354
2190 1355
2191 1353
2192 1354
2193 1353
2194 1352
2195 1353
2196 1356
2197 1356
2198 1356
2199 1354
2200 1356
2201 1356
2202 1353
2203 1355
2204 1356
2205 1356
2206 1355
2207 1352
2208 1355
2209 1353
2210 1353
2211 1354
2212 1356
2213 1354
2214 1355
2215 1354
2216 1356
2217 1355
2218 1354
2219 1352
2220 1352
2221 1355
2222 1356
2223 1356
2224 1354
2225 1353
2226 1354
2227 1357
2228 1358
2229 1356
2230 1357
2231 1357
2232 1356
2233 1355
2234 1356
2235 1354
2236 1353
2237 1354
2238 1354
2239 1356
2240 1351
2241 1355
2242 1355
2243 1355
2244 1355
2245 1354
2246 1353
2247 1359
2248 1351
2249 1355
2250 1354
2251 1355
2252 1357
2253 1356
2254 1355
2255 1353
2256 1356
2257 1354
2258 1354
2259 1356
2260 1353
2261 1356
2262 1352
2263 1354
2264 1356
2265 1355
2266 1357
2267 1355
2268 1355
2269 1353
2270 1353
2271 1356
2272 1357
2273 1353
2274 1354
2275 1357
2276 1354
2277 1354
2278 1355
2279 1354
2280 1355
2281 1353
2282 1353
2283 1354
2284 1353
2285 1353
2286 1357
2287 1353
2288 1354
2289 1354
2290 1354
2291 1355
2292 1356
2293 1355
2294 1355
2295 1355
2296 1357
2297 1354
2298 1355
2299 1356
2300 1355
2301 1356
2302 1356
2303 1353
2304 1356
2305 1355
2306 1355
2307 1353
2308 1354
2309 1356
2310 1357
2311 1356
2312 1359
2313 1358
2314 1355
2315 1357
2316 1357
2317 1357
2318 1356
2319 1356
2320 1355
2321 1356
2322 1357
2323 1355
2324 1354
2325 1355
2326 1357
2327 1357
2328 1357
2329 1354
2330 1357
2331 1355
2332 1357
2333 1356
2334 1354
2335 1354
2336 1353
2337 1356
2338 1356
2339 1356
2340 1357
2341 1353
2342 1353
2343 1357
2344 1357
2345 1357
2346 1357
2347 1356
2348 1354
2349 1355
2350 1354
2351 1354
2352 1355
2353 1357
2354 1355
2355 1355
2356 1357
2357 1354
2358 1356
2359 1358
2360 1357
2361 1356
2362 1358
2363 1356
2364 1354
2365 1353
2366 1356
2367 1357
2368 1355
2369 1356
2370 1356
2371 1355
2372 1357
2373 1354
2374 1357
2375 1355
2376 1356
2377 1354
2378 1356
2379 1358
2380 1357
2381 1354
2382 1357
2383 1355
2384 1356
2385 1354
2386 1354
2387 1358
2388 1356
2389 1354
2390 1353
2391 1356
2392 1356
2393 1354
2394 1355
2395 1355
2396 1356
2397 1354
2398 1352
2399 1354
2400 1356
2401 1356
2402 1354
2403 1356
2404 1357
2405 1355
2406 1354
2407 1356
2408 1355
2409 1354
2410 1357
2411 1355
2412 1356
2413 1356
2414 1355
2415 1356
2416 1357
2417 1357
2418 1357
2419 1353
2420 1354
2421 1357
2422 1356
2423 1355
2424 1357
2425 1356
2426 1355
2427 1356
2428 1355
2429 1354
2430 1355
2431 1354
2432 1353
2433 1356
2434 1353
2435 1357
2436 1356
2437 1356
2438 1352
2439 1351
2440 1353
2441 1359
2442 1354
2443 1358
2444 1356
2445 1356
2446 1354
2447 1356
2448 1356
2449 1352
2450 1355
2451 1356
2452 1354
2453 1356
2454 1355
2455 1355
2456 1354
2457 1358
2458 1355
2459 1355
2460 1357
2461 1357
2462 1355
2463 1355
2464 1357
2465 1353
2466 1355
2467 1355
2468 1355
2469 1355
2470 1354
2471 1355
2472 1356
2473 1355
2474 1356
2475 1358
2476 1354
2477 1355
2478 1353
2479 1357
2480 1358
2481 1356
2482 1355
2483 1356
2484 1357
2485 1358
2486 1355
2487 1356
2488 1357
2489 1356
2490 1353
2491 1353
2492 1350
2493 1354
2494 1354
2495 1356
2496 1354
2497 1356
2498 1355
2499 1355
2500 1354
2501 1353
2502 1355
2503 1356
2504 1356
2505 1356
2506 1356
2507 1359
2508 1356
2509 1356
2510 1356
2511 1356
2512 1355
2513 1355
2514 1354
2515 1356
2516 1354
2517 1355
2518 1355
2519 1354
2520 1357
2521 1358
2522 1356
2523 1354
2524 1353
2525 1355
2526 1354
2527 1354
2528 1355
2529 1354
2530 1352
2531 1357
2532 1357
2533 1356
2534 1354
2535 1356
2536 1355
2537 1355
2538 1357
2539 1354
2540 1356
2541 1356
2542 1355
2543 1356
2544 1351
2545 1357
2546 1356
2547 1357
2548 1357
2549 1355
2550 1356
2551 1353
2552 1355
2553 1354
2554 1354
2555 1354
2556 1358
2557 1357
2558 1357
2559 1354
2560 1353
2561 1357
2562 1356
2563 1354
2564 1354
2565 1355
2566 1357
2567 1355
2568 1355
2569 1355
2570 1357
2571 1357
2572 1357
2573 1354
2574 1356
2575 1356
2576 1356
2577 1355
2578 1353
2579 1354
2580 1354
2581 1355
2582 1355
2583 1354
2584 1354
2585 1356
2586 1356
2587 1358
2588 1356
2589 1358
2590 1356
2591 1355
2592 1354
2593 1355
2594 1357
2595 1357
2596 1356
2597 1357
2598 1353
2599 1356
2600 1357
2601 1356
2602 1355
2603 1356
2604 1353
2605 1358
2606 1355
2607 1355
2608 1353
2609 1354
2610 1357
2611 1356
2612 1354
2613 1355
2614 1356
2615 1356
2616 1357
2617 1354
2618 1356
2619 1354
2620 1358
2621 1357
2622 1356
2623 1356
2624 1356
2625 1355
2626 1355
2627 1356
2628 1355
2629 1356
2630 1357
2631 1356
2632 1358
2633 1356
2634 1356
2635 1358
2636 1355
2637 1356
2638 1354
2639 1357
2640 1356
2641 1356
2642 1359
2643 1356
2644 1355
2645 1354
2646 1354
2647 1355
2648 1355
2649 1356
2650 1355
2651 1356
2652 1355
2653 1355
2654 1358
2655 1353
2656 1356
2657 1357
2658 1356
2659 1358
2660 1358
2661 1356
2662 1358
2663 1356
2664 1356
2665 1357
2666 1356
2667 1356
2668 1353
2669 1353
2670 1355
2671 1356
2672 1356
2673 1356
2674 1354
2675 1352
2676 1355
2677 1357
2678 1356
2679 1356
2680 1355
2681 1354
2682 1355
2683 1354
2684 1357
2685 1356
2686 1358
2687 1357
2688 1353
2689 1356
2690 1355
2691 1357
2692 1358
2693 1354
2694 1356
2695 1355
2696 1357
2697 1354
2698 1356
2699 1355
2700 1354
2701 1356
2702 1356
2703 1356
2704 1355
2705 1354
2706 1356
2707 1354
2708 1358
2709 1355
2710 1357
2711 1355
2712 1357
2713 1355
2714 1355
2715 1355
2716 1357
2717 1353
2718 1356
2719 1356
2720 1357
2721 1355
2722 1356
2723 1355
2724 1352
2725 1355
2726 1355
2727 1354
2728 1355
2729 1355
2730 1354
2731 1355
2732 1357
2733 1353
2734 1356
2735 1354
2736 1356
2737 1355
2738 1356
2739 1354
2740 1357
2741 1356
2742 1358
2743 1356
2744 1355
2745 1358
2746 1357
2747 1355
2748 1358
2749 1356
2750 1357
2751 1357
2752 1357
2753 1359
2754 1356
2755 1356
2756 1356
2757 1356
2758 1356
2759 1357
2760 1355
2761 1357
2762 1355
2763 1356
2764 1356
2765 1356
2766 1355
2767 1354
2768 1354
2769 1357
2770 1354
2771 1355
2772 1354
2773 1351
2774 1356
2775 1355
2776 1354
2777 1354
2778 1356
2779 1356
2780 1356
2781 1356
2782 1357
2783 1358
2784 1353
2785 1355
2786 1357
2787 1359
2788 1355
2789 1353
2790 1357
2791 1356
2792 1356
2793 1356
2794 1355
2795 1358
2796 1355
2797 1355
2798 1354
2799 1355
2800 1353
2801 1355
2802 1358
2803 1353
2804 1355
2805 1351
2806 1355
2807 1355
2808 1356
2809 1353
2810 1355
2811 1355
2812 1355
2813 1352
2814 1354
2815 1356
2816 1355
2817 1352
2818 1353
2819 1356
2820 1357
2821 1358
2822 1355
2823 1353
2824 1356
2825 1355
2826 1357
2827 1353
2828 1357
2829 1355
2830 1356
2831 1355
2832 1357
2833 1356
2834 1355
2835 1354
2836 1355
2837 1356
2838 1357
2839 1357
2840 1356
2841 1352
2842 1356
2843 1354
2844 1356
2845 1357
2846 1355
2847 1356
2848 1356
2849 1355
2850 1354
2851 1353
2852 1354
2853 1354
2854 1354
2855 1354
2856 1357
2857 1352
2858 1355
2859 1354
2860 1353
2861 1356
2862 1356
2863 1355
2864 1356
2865 1355
2866 1355
2867 1356
2868 1355
2869 1355
2870 1354
2871 1356
2872 1358
2873 1355
2874 1357
2875 1356
2876 1357
2877 1356
2878 1358
2879 1356
2880 1356
2881 1353
2882 1355
2883 1356
2884 1354
2885 1354
2886 1353
2887 1354
2888 1354
2889 1356
2890 1353
2891 1355
2892 1355
2893 1353
2894 1358
2895 1355
2896 1355
2897 1353
2898 1355
2899 1354
2900 1356
2901 1355
2902 1355
2903 1354
2904 1355
2905 1356
2906 1355
2907 1358
2908 1356
2909 1356
2910 1357
2911 1357
2912 1358
2913 1357
2914 1356
2915 1352
2916 1356
2917 1354
2918 1355
2919 1356
2920 1355
2921 1355
2922 1356
2923 1355
2924 1355
2925 1356
2926 1357
2927 1356
2928 1356
2929 1353
2930 1356
2931 1356
2932 1356
2933 1354
2934 1357
2935 1355
2936 1355
2937 1355
2938 1353
2939 1354
2940 1354
2941 1354
2942 1355
2943 1354
2944 1354
2945 1356
2946 1355
2947 1355
2948 1357
2949 1354
2950 1357
2951 1355
2952 1355
2953 1355
2954 1354
2955 1356
2956 1354
2957 1354
2958 1356
2959 1356
2960 1357
2961 1358
2962 1355
2963 1356
2964 1357
2965 1358
2966 1358
2967 1356
2968 1356
2969 1355
2970 1358
2971 1357
2972 1356
2973 1357
2974 1355
2975 1356
2976 1357
2977 1354
2978 1357
2979 1353
2980 1353
2981 1357
2982 1354
2983 1356
2984 1355
2985 1351
2986 1356
2987 1356
2988 1354
2989 1355
2990 1356
2991 1354
2992 1353
2993 1356
2994 1359
2995 1357
2996 1357
2997 1354
2998 1354
2999 1356
3000 1356
3001 1360
3002 1355
3003 1357
3004 1352
3005 1354
3006 1356
3007 1359
3008 1355
3009 1356
3010 1357
3011 1355
3012 1355
3013 1353
3014 1356
3015 1356
3016 1358
3017 1357
3018 1358
3019 1359
3020 1357
3021 1355
3022 1354
3023 1358
3024 1358
3025 1355
3026 1356
3027 1358
3028 1354
3029 1353
3030 1353
3031 1355
3032 1355
3033 1356
3034 1355
3035 1354
3036 1354
3037 1354
3038 1355
3039 1356
3040 1357
3041 1357
3042 1356
3043 1355
3044 1355
3045 1355
3046 1357
3047 1356
3048 1356
3049 1355
3050 1356
3051 1356
3052 1356
3053 1358
3054 1355
3055 1358
3056 1355
3057 1355
3058 1354
3059 1354
3060 1355
3061 1357
3062 1357
3063 1356
3064 1355
3065 1355
3066 1357
3067 1356
3068 1357
3069 1355
3070 1357
3071 1355
3072 1357
3073 1353
3074 1355
3075 1353
3076 1357
3077 1357
3078 1357
3079 1356
3080 1355
3081 1354
3082 1357
3083 1357
3084 1357
3085 1354
3086 1356
3087 1358
3088 1357
3089 1356
3090 1357
3091 1357
3092 1357
3093 1356
3094 1356
3095 1353
3096 1355
3097 1356
3098 1356
3099 1356
3100 1354
3101 1354
3102 1352
3103 1359
3104 1357
3105 1355
3106 1355
3107 1354
3108 1356
3109 1355
3110 1357
3111 1357
3112 1355
3113 1353
3114 1354
3115 1354
3116 1355
3117 1354
3118 1356
3119 1356
3120 1358
3121 1355
3122 1357
3123 1356
3124 1357
3125 1355
3126 1356
3127 1356
3128 1356
3129 1355
3130 1357
3131 1355
3132 1356
3133 1354
3134 1356
3135 1357
3136 1355
3137 1357
3138 1357
3139 1358
3140 1356
3141 1357
3142 1355
3143 1356
3144 1356
3145 1354
3146 1356
3147 1354
3148 1355
3149 1356
3150 1356
3151 1357
3152 1356
3153 1358
3154 1356
3155 1356
3156 1354
3157 1355
3158 1355
3159 1356
3160 1358
3161 1356
3162 1357
3163 1356
3164 1357
3165 1356
3166 1356
3167 1355
3168 1355
3169 1356
3170 1356
3171 1356
3172 1355
3173 1356
3174 1356
3175 1354
3176 1356
3177 1355
3178 1354
3179 1355
3180 1357
3181 1355
3182 1356
3183 1359
3184 1356
3185 1356
3186 1355
3187 1356
3188 1357
3189 1354
3190 1356
3191 1354
3192 1356
3193 1355
3194 1354
3195 1356
3196 1353
3197 1355
3198 1357
3199 1357
3200 1354
3201 1355
3202 1357
3203 1356
3204 1356
3205 1358
3206 1356
3207 1355
3208 1354
3209 1356
3210 1356
3211 1356
3212 1358
3213 1355
3214 1356
3215 1358
3216 1358
3217 1355
3218 1353
3219 1354
3220 1356
3221 1356
3222 1355
3223 1356
3224 1355
3225 1356
3226 1353
3227 1356
3228 1357
3229 1354
3230 1356
3231 1356
3232 1354
3233 1357
3234 1357
3235 1357
3236 1356
3237 1355
3238 1357
3239 1353
3240 1355
3241 1355
3242 1353
3243 1356
3244 1357
3245 1355
3246 1355
3247 1356
3248 1358
3249 1356
3250 1356
3251 1356
3252 1352
3253 1354
3254 1356
3255 1353
3256 1357
3257 1356
3258 1353
3259 1354
3260 1355
3261 1357
3262 1355
3263 1355
3264 1356
3265 1354
3266 1352
3267 1355
3268 1357
3269 1356
3270 1357
3271 1356
3272 1357
3273 1356
3274 1357
3275 1355
3276 1355
3277 1353
3278 1357
3279 1355
3280 1355
3281 1354
3282 1355
3283 1355
3284 1356
3285 1356
3286 1356
3287 1355
3288 1357
3289 1354
3290 1355
3291 1355
3292 1358
3293 1356
3294 1359
3295 1354
3296 1357
3297 1353
3298 1357
3299 1357
3300 1356
3301 1355
3302 1357
3303 1356
3304 1355
3305 1356
3306 1357
3307 1356
3308 1353
3309 1356
3310 1357
3311 1356
3312 1354
3313 1353
3314 1356
3315 1356
3316 1355
3317 1354
3318 1354
3319 1358
3320 1357
3321 1356
3322 1357
3323 1354
3324 1358
3325 1358
3326 1358
3327 1356
3328 1358
3329 1356
3330 1357
3331 1355
3332 1355
3333 1355
3334 1355
3335 1354
3336 1354
3337 1354
3338 1356
3339 1355
3340 1357
3341 1356
3342 1356
3343 1355
3344 1355
3345 1354
3346 1356
3347 1356
3348 1351
3349 1355
3350 1356
3351 1356
3352 1357
3353 1352
3354 1353
3355 1358
3356 1353
3357 1355
3358 1357
3359 1357
3360 1355
3361 1354
3362 1357
3363 1356
3364 1355
3365 1356
3366 1357
3367 1356
3368 1357
3369 1354
3370 1356
3371 1354
3372 1354
3373 1356
3374 1357
3375 1356
3376 1354
3377 1355
3378 1353
3379 1356
3380 1356
3381 1355
3382 1356
3383 1358
3384 1354
3385 1356
3386 1356
3387 1356
3388 1354
3389 1354
3390 1355
3391 1358
3392 1357
3393 1359
3394 1357
3395 1356
3396 1354
3397 1356
3398 1354
3399 1354
3400 1356
3401 1357
3402 1357
3403 1354
3404 1354
3405 1355
3406 1358
3407 1355
3408 1356
3409 1355
3410 1355
3411 1355
3412 1355
3413 1356
3414 1356
3415 1355
3416 1355
3417 1354
3418 1355
3419 1354
3420 1357
3421 1356
3422 1357
3423 1357
3424 1355
3425 1357
3426 1355
3427 1356
3428 1354
3429 1355
3430 1354
3431 1356
3432 1355
3433 1356
3434 1356
3435 1356
3436 1355
3437 1355
3438 1358
3439 1354
3440 1356
3441 1355
3442 1357
3443 1356
3444 1357
3445 1355
3446 1353
3447 1356
3448 1354
3449 1355
3450 1355
3451 1356
3452 1355
3453 1354
3454 1357
3455 1357
3456 1356
3457 1352
3458 1354
3459 1356
3460 1356
3461 1358
3462 1355
3463 1355
3464 1354
3465 1358
3466 1356
3467 1355
3468 1356
3469 1355
3470 1354
3471 1354
3472 1355
3473 1355
3474 1355
3475 1354
3476 1355
3477 1355
3478 1359
3479 1354
3480 1356
3481 1357
3482 1356
3483 1355
3484 1357
3485 1355
3486 1355
3487 1355
3488 1354
3489 1355
3490 1354
3491 1356
3492 1356
3493 1353
3494 1356
3495 1357
3496 1355
3497 1354
3498 1353
3499 1354
3500 1355
3501 1353
3502 1357
3503 1356
3504 1356
3505 1355
3506 1356
3507 1353
3508 1357
3509 1354
3510 1355
3511 1354
3512 1354
3513 1357
3514 1355
3515 1356
3516 1357
3517 1358
3518 1356
3519 1358
3520 1357
3521 1354
3522 1357
3523 1356
3524 1354
3525 1354
3526 1355
3527 1354
3528 1355
3529 1351
3530 1354
3531 1356
3532 1357
3533 1356
3534 1355
3535 1355
3536 1357
3537 1353
3538 1353
3539 1352
3540 1355
3541 1355
3542 1355
3543 1355
3544 1357
3545 1355
3546 1357
3547 1356
3548 1356
3549 1356
3550 1359
3551 1355
3552 1354
3553 1354
3554 1354
3555 1353
3556 1354
3557 1351
3558 1354
3559 1354
3560 1358
3561 1354
3562 1355
3563 1353
3564 1353
3565 1353
3566 1356
3567 1353
3568 1353
3569 1353
3570 1354
3571 1354
3572 1358
3573 1357
3574 1358
3575 1356
3576 1357
3577 1355
3578 1357
3579 1356
3580 1356
3581 1357
3582 1356
3583 1356
3584 1358
3585 1355
3586 1357
3587 1354
3588 1354
3589 1357
3590 1357
3591 1358
3592 1357
3593 1357
3594 1355
3595 1355
3596 1356
3597 1355
3598 1354
3599 1353
3600 1356
3601 1354
3602 1358
3603 1357
3604 1358
3605 1356
3606 1357
3607 1356
3608 1355
3609 1355
3610 1355
3611 1355
3612 1355
3613 1355
3614 1354
3615 1358
3616 1355
3617 1355
3618 1354
3619 1352
3620 1352
3621 1356
3622 1356
3623 1356
3624 1355
3625 1356
3626 1353
3627 1355
3628 1354
3629 1354
3630 1357
3631 1356
3632 1356
3633 1358
3634 1354
3635 1355
3636 1355
3637 1355
3638 1355
3639 1350
3640 1359
3641 1357
3642 1356
3643 1353
3644 1353
3645 1355
3646 1357
3647 1356
3648 1354
3649 1355
3650 1357
3651 1356
3652 1354
3653 1353
3654 1355
3655 1355
3656 1356
3657 1353
3658 1354
3659 1354
3660 1357
3661 1356
3662 1357
3663 1354
3664 1357
3665 1355
3666 1355
3667 1356
3668 1356
3669 1356
3670 1355
3671 1355
3672 1358
3673 1361
3674 1356
3675 1355
3676 1352
3677 1355
3678 1357
3679 1355
3680 1356
3681 1355
3682 1358
3683 1355
3684 1355
3685 1356
3686 1356
3687 1355
3688 1357
3689 1353
3690 1355
3691 1354
3692 1356
3693 1354
3694 1356
3695 1354
3696 1356
3697 1355
3698 1358
3699 1355
3700 1357
3701 1354
3702 1357
3703 1355
3704 1355
3705 1354
3706 1355
3707 1354
3708 1355
3709 1354
3710 1354
3711 1355
3712 1356
3713 1354
3714 1357
3715 1353
3716 1357
3717 1355
3718 1356
3719 1357
3720 1359
3721 1356
3722 1357
3723 1353
3724 1357
3725 1354
3726 1358
3727 1356
3728 1357
3729 1356
3730 1357
3731 1357
3732 1356
3733 1356
3734 1357
3735 1354
3736 1356
3737 1355
3738 1357
3739 1353
3740 1357
3741 1356
3742 1357
3743 1355
3744 1356
3745 1356
3746 1354
3747 1355
3748 1355
3749 1355
3750 1357
3751 1356
3752 1356
3753 1356
3754 1357
3755 1356
3756 1356
3757 1356
3758 1355
3759 1355
3760 1355
3761 1353
3762 1355
3763 1355
3764 1355
3765 1353
3766 1353
3767 1356
3768 1357
3769 1356
3770 1354
3771 1356
3772 1356
3773 1355
3774 1354
3775 1354
3776 1356
3777 1353
3778 1356
3779 1354
3780 1355
3781 1355
3782 1358
3783 1355
3784 1354
3785 1356
3786 1356
3787 1355
3788 1359
3789 1354
3790 1356
3791 1358
3792 1356
3793 1354
3794 1355
3795 1358
3796 1358
3797 1355
3798 1357
3799 1353
3800 1356
3801 1355
3802 1355
3803 1356
3804 1356
3805 1354
3806 1355
3807 1356
3808 1355
3809 1353
3810 1357
3811 1356
3812 1357
3813 1356
3814 1357
3815 1357
3816 1356
3817 1356
3818 1356
3819 1357
3820 1356
3821 1354
3822 1356
3823 1354
3824 1357
3825 1357
3826 1355
3827 1356
3828 1357
3829 1355
3830 1355
3831 1354
3832 1352
3833 1353
3834 1355
3835 1354
3836 1356
3837 1354
3838 1355
3839 1357
3840 1359
3841 1355
3842 1357
3843 1356
3844 1357
3845 1359
3846 1356
3847 1355
3848 1357
3849 1355
3850 1358
3851 1357
3852 1358
3853 1356
3854 1357
3855 1359
3856 1359
3857 1355
3858 1357
3859 1356
3860 1357
3861 1355
3862 1355
3863 1355
3864 1357
3865 1354
3866 1356
3867 1354
3868 1353
3869 1354
3870 1356
3871 1356
3872 1357
3873 1353
3874 1354
3875 1356
3876 1357
3877 1354
3878 1354
3879 1355
3880 1357
3881 1357
3882 1352
3883 1356
3884 1355
3885 1359
3886 1356
3887 1356
3888 1358
3889 1355
3890 1356
3891 1357
3892 1352
3893 1353
3894 1354
3895 1355
3896 1357
3897 1355
3898 1353
3899 1356
3900 1353
3901 1353
3902 1354
3903 1353
3904 1352
3905 1357
3906 1357
3907 1356
3908 1353
3909 1356
3910 1358
3911 1355
3912 1358
3913 1355
3914 1357
3915 1356
3916 1355
3917 1356
3918 1354
3919 1357
3920 1357
3921 1353
3922 1356
3923 1355
3924 1356
3925 1356
3926 1355
3927 1353
3928 1353
3929 1353
3930 1355
3931 1357
3932 1358
3933 1355
3934 1353
3935 1356
3936 1353
3937 1358
3938 1356
3939 1356
3940 1355
3941 1354
3942 1352
3943 1355
3944 1355
3945 1355
3946 1356
3947 1358
3948 1356
3949 1354
3950 1355
3951 1356
3952 1352
3953 1354
3954 1355
3955 1356
3956 1357
3957 1355
3958 1356
3959 1355
3960 1352
3961 1357
3962 1354
3963 1354
3964 1355
3965 1355
3966 1357
3967 1357
3968 1356
3969 1354
3970 1357
3971 1354
3972 1355
3973 1356
3974 1356
3975 1356
3976 1359
3977 1355
3978 1352
3979 1356
3980 1357
3981 1357
3982 1356
3983 1356
3984 1352
3985 1356
3986 1358
3987 1354
3988 1355
3989 1353
3990 1354
3991 1355
3992 1354
3993 1354
3994 1357
3995 1356
3996 1356
3997 1356
3998 1353
3999 1357
