0 1355
1 1355
2 1357
3 1357
4 1357
5 1356
6 1355
7 1356
8 1356
9 1356
10 1356
11 1356
12 1357
13 1357
14 1357
15 1359
16 1356
17 1358
18 1357
19 1357
20 1356
21 1356
22 1357
23 1357
24 1355
25 1354
26 1356
27 1356
28 1356
29 1357
30 1355
31 1355
32 1354
33 1355
34 1355
35 1356
36 1354
37 1356
38 1356
39 1355
40 1356
41 1356
42 1354
43 1355
44 1355
45 1356
46 1356
47 1357
48 1354
49 1357
50 1355
51 1356
52 1357
53 1358
54 1354
55 1356
56 1356
57 1352
58 1354
59 1358
60 1357
61 1356
62 1355
63 1353
64 1354
65 1357
66 1356
67 1355
68 1357
69 1354
70 1357
71 1354
72 1356
73 1355
74 1356
75 1355
76 1355
77 1356
78 1354
79 1358
80 1356
81 1356
82 1355
83 1356
84 1357
85 1357
86 1356
87 1358
88 1356
89 1354
90 1358
91 1356
92 1353
93 1357
94 1354
95 1358
96 1357
97 1357
98 1356
99 1355
100 1355
101 1355
102 1357
103 1359
104 1357
105 1357
106 1357
107 1356
108 1357
109 1355
110 1357
111 1357
112 1359
113 1358
114 1355
115 1355
116 1356
117 1356
118 1358
119 1357
120 1356
121 1358
122 1357
123 1356
124 1357
125 1356
126 1354
127 1356
128 1357
129 1353
130 1355
131 1353
132 1357
133 1356
134 1355
135 1355
136 1355
137 1356
138 1356
139 1356
140 1357
141 1357
142 1357
143 1357
144 1357
145 1357
146 1356
147 1356
148 1357
149 1355
150 1355
151 1355
152 1354
153 1355
154 1356
155 1355
156 1355
157 1354
158 1356
159 1357
160 1354
161 1355
162 1355
163 1358
164 1357
165 1357
166 1355
167 1356
168 1357
169 1357
170 1355
171 1356
172 1354
173 1356
174 1356
175 1357
176 1358
177 1358
178 1357
179 1356
180 1357
181 1356
182 1356
183 1355
184 1354
185 1356
186 1357
187 1354
188 1355
189 1357
190 1355
191 1355
192 1353
193 1358
194 1357
195 1358
196 1355
197 1358
198 1359
199 1357
200 1357
201 1357
202 1354
203 1357
204 1354
205 1353
206 1357
207 1355
208 1355
209 1357
210 1355
211 1357
212 1355
213 1356
214 1353
215 1355
216 1355
217 1356
218 1355
219 1356
220 1353
221 1354
222 1357
223 1356
224 1353
225 1356
226 1357
227 1355
228 1355
229 1356
230 1357
231 1356
232 1356
233 1357
234 1357
235 1357
236 1357
237 1357
238 1354
239 1354
240 1354
241 1355
242 1357
243 1354
244 1359
245 1358
246 1357
247 1356
248 1355
249 1354
250 1352
251 1355
252 1357
253 1355
254 1356
255 1357
256 1357
257 1357
258 1356
259 1359
260 1358
261 1356
262 1355
263 1357
264 1355
265 1358
266 1355
267 1356
268 1357
269 1356
270 1356
271 1359
272 1354
273 1356
274 1357
275 1354
276 1357
277 1355
278 1356
279 1356
280 1354
281 1356
282 1353
283 1353
284 1355
285 1355
286 1354
287 1358
288 1357
289 1355
290 1353
291 1356
292 1357
293 1356
294 1359
295 1357
296 1357
297 1355
298 1357
299 1355
300 1356
301 1355
302 1355
303 1356
304 1357
305 1355
306 1353
307 1357
308 1354
309 1358
310 1354
311 1356
312 1358
313 1354
314 1355
315 1355
316 1357
317 1355
318 1357
319 1357
320 1357
321 1357
322 1355
323 1356
324 1355
325 1354
326 1353
327 1355
328 1357
329 1355
330 1357
331 1355
332 1359
333 1356
334 1356
335 1357
336 1357
337 1358
338 1355
339 1354
340 1356
341 1356
342 1356
343 1353
344 1356
345 1356
346 1358
347 1356
348 1357
349 1355
350 1357
351 1355
352 1357
353 1356
354 1356
355 1356
356 1355
357 1356
358 1357
359 1355
360 1353
361 1354
362 1355
363 1355
364 1354
365 1356
366 1355
367 1354
368 1353
369 1354
370 1356
371 1355
372 1356
373 1356
374 1356
375 1354
376 1353
377 1354
378 1357
379 1356
380 1356
381 1354
382 1356
383 1356
384 1356
385 1358
386 1358
387 1354
388 1355
389 1354
390 1356
391 1353
392 1353
393 1353
394 1355
395 1355
396 1356
397 1356
398 1355
399 1354
400 1356
401 1354
402 1356
403 1356
404 1358
405 1355
406 1354
407 1355
408 1357
409 1356
410 1356
411 1357
412 1356
413 1356
414 1354
415 1356
416 1356
417 1355
418 1354
419 1355
420 1356
421 1357
422 1355
423 1358
424 1356
425 1356
426 1354
427 1358
428 1356
429 1355
430 1356
431 1355
432 1357
433 1356
434 1355
435 1354
436 1357
437 1357
438 1356
439 1355
440 1354
441 1356
442 1356
443 1359
444 1355
445 1356
446 1356
447 1356
448 1354
449 1357
450 1360
451 1357
452 1357
453 1357
454 1355
455 1355
456 1355
457 1357
458 1354
459 1354
460 1351
461 1356
462 1360
463 1358
464 1357
465 1353
466 1355
467 1357
468 1359
469 1354
470 1355
471 1355
472 1357
473 1356
474 1357
475 1355
476 1357
477 1358
478 1358
479 1357
480 1358
481 1358
482 1356
483 1359
484 1357
485 1355
486 1354
487 1358
488 1360
489 1358
490 1353
491 1353
492 1354
493 1356
494 1354
495 1358
496 1357
497 1356
498 1354
499 1355
500 1359
501 1359
502 1360
503 1359
504 1365
505 1368
506 1370
507 1375
508 1379
509 1387
510 1396
511 1403
512 1413
513 1418
514 1426
515 1434
516 1437
517 1443
518 1446
519 1449
520 1452
521 1453
522 1453
523 1453
524 1454
525 1454
526 1453
527 1455
528 1449
529 1445
530 1445
531 1444
532 1438
533 1436
534 1428
535 1425
536 1425
537 1422
538 1417
539 1414
540 1411
541 1407
542 1406
543 1402
544 1401
545 1397
546 1395
547 1390
548 1390
549 1388
550 1385
551 1382
552 1380
553 1376
554 1376
555 1376
556 1376
557 1372
558 1374
559 1371
560 1373
561 1371
562 1370
563 1368
564 1369
565 1371
566 1367
567 1368
568 1367
569 1363
570 1366
571 1366
572 1364
573 1362
574 1362
575 1362
576 1363
577 1359
578 1359
579 1358
580 1362
581 1362
582 1361
583 1359
584 1357
585 1359
586 1360
587 1361
588 1360
589 1358
590 1361
591 1358
592 1356
593 1360
594 1355
595 1355
596 1358
597 1357
598 1358
599 1357
600 1357
601 1357
602 1355
603 1358
604 1353
605 1355
606 1357
607 1356
608 1356
609 1355
610 1356
611 1358
612 1356
613 1355
614 1355
615 1357
616 1356
617 1356
618 1355
619 1357
620 1357
621 1357
622 1357
623 1356
624 1357
625 1355
626 1357
627 1356
628 1357
629 1355
630 1356
631 1357
632 1358
633 1357
634 1355
635 1355
636 1354
637 1356
638 1355
639 1352
640 1355
641 1357
642 1362
643 1357
644 1355
645 1355
646 1358
647 1357
648 1356
649 1357
650 1356
651 1354
652 1356
653 1352
654 1354
655 1356
656 1359
657 1359
658 1356
659 1357
660 1353
661 1357
662 1362
663 1359
664 1358
665 1355
666 1356
667 1357
668 1358
669 1358
670 1354
671 1357
672 1356
673 1356
674 1357
675 1357
676 1357
677 1355
678 1357
679 1355
680 1354
681 1359
682 1358
683 1353
684 1357
685 1356
686 1356
687 1356
688 1361
689 1358
690 1357
691 1356
692 1359
693 1356
694 1357
695 1356
696 1357
697 1355
698 1354
699 1356
700 1357
701 1354
702 1356
703 1356
704 1354
705 1357
706 1356
707 1356
708 1357
709 1354
710 1357
711 1357
712 1359
713 1356
714 1357
715 1356
716 1355
717 1356
718 1355
719 1356
720 1357
721 1357
722 1358
723 1358
724 1358
725 1358
726 1355
727 1358
728 1355
729 1358
730 1354
731 1357
732 1356
733 1356
734 1354
735 1355
736 1356
737 1358
738 1354
739 1354
740 1355
741 1354
742 1356
743 1358
744 1354
745 1356
746 1357
747 1356
748 1357
749 1357
750 1359
751 1355
752 1356
753 1355
754 1355
755 1355
756 1357
757 1356
758 1357
759 1356
760 1358
761 1356
762 1356
763 1355
764 1354
765 1356
766 1357
767 1357
768 1355
769 1359
770 1354
771 1356
772 1358
773 1357
774 1356
775 1354
776 1355
777 1356
778 1356
779 1356
780 1357
781 1357
782 1357
783 1356
784 1355
785 1355
786 1355
787 1356
788 1356
789 1353
790 1356
791 1354
792 1355
793 1353
794 1355
795 1354
796 1355
797 1358
798 1358
799 1356
800 1354
801 1354
802 1355
803 1355
804 1357
805 1356
806 1357
807 1359
808 1355
809 1357
810 1357
811 1357
812 1357
813 1356
814 1357
815 1356
816 1357
817 1356
818 1358
819 1356
820 1352
821 1353
822 1359
823 1358
824 1356
825 1355
826 1352
827 1354
828 1357
829 1353
830 1354
831 1355
832 1355
833 1354
834 1355
835 1358
836 1357
837 1357
838 1354
839 1356
840 1354
841 1355
842 1353
843 1358
844 1359
845 1354
846 1356
847 1358
848 1360
849 1360
850 1357
851 1354
852 1358
853 1355
854 1357
855 1356
856 1357
857 1356
858 1358
859 1352
860 1356
861 1355
862 1356
863 1357
864 1357
865 1354
866 1354
867 1356
868 1355
869 1353
870 1354
871 1356
872 1357
873 1357
874 1354
875 1354
876 1356
877 1354
878 1357
879 1354
880 1354
881 1355
882 1357
883 1356
884 1356
885 1356
886 1357
887 1353
888 1356
889 1355
890 1357
891 1355
892 1356
893 1356
894 1357
895 1358
896 1357
897 1357
898 1357
899 1356
900 1356
901 1359
902 1358
903 1356
904 1355
905 1356
906 1357
907 1356
908 1356
909 1353
910 1353
911 1360
912 1357
913 1354
914 1357
915 1357
916 1355
917 1357
918 1355
919 1355
920 1354
921 1356
922 1357
923 1355
924 1358
925 1355
926 1354
927 1354
928 1356
929 1355
930 1353
931 1352
932 1353
933 1356
934 1358
935 1356
936 1356
937 1357
938 1357
939 1357
940 1356
941 1353
942 1353
943 1355
944 1357
945 1356
946 1356
947 1358
948 1356
949 1354
950 1355
951 1355
952 1358
953 1358
954 1355
955 1357
956 1356
957 1359
958 1356
959 1354
960 1354
961 1354
962 1357
963 1356
964 1354
965 1355
966 1355
967 1356
968 1354
969 1357
970 1354
971 1354
972 1353
973 1355
974 1356
975 1356
976 1355
977 1355
978 1354
979 1357
980 1357
981 1358
982 1356
983 1357
984 1357
985 1356
986 1358
987 1356
988 1357
989 1355
990 1356
991 1354
992 1357
993 1357
994 1358
995 1356
996 1356
997 1356
998 1354
999 1354
1000 1350
1001 1356
1002 1358
1003 1356
1004 1353
1005 1352
1006 1353
1007 1356
1008 1356
1009 1353
1010 1352
1011 1354
1012 1356
1013 1353
1014 1355
1015 1354
1016 1354
1017 1356
1018 1356
1019 1357
1020 1354
1021 1356
1022 1355
1023 1362
1024 1357
1025 1354
1026 1353
1027 1356
1028 1357
1029 1356
1030 1356
1031 1355
1032 1358
1033 1357
1034 1351
1035 1353
1036 1357
1037 1356
1038 1355
1039 1355
1040 1355
1041 1358
1042 1355
1043 1355
1044 1356
1045 1356
1046 1354
1047 1354
1048 1358
1049 1355
1050 1355
1051 1357
1052 1356
1053 1356
1054 1356
1055 1355
1056 1358
1057 1356
1058 1353
1059 1354
1060 1357
1061 1355
1062 1357
1063 1353
1064 1353
1065 1355
1066 1355
1067 1355
1068 1356
1069 1356
1070 1357
1071 1355
1072 1358
1073 1358
1074 1356
1075 1356
1076 1356
1077 1355
1078 1357
1079 1357
1080 1357
1081 1356
1082 1356
1083 1358
1084 1356
1085 1354
1086 1355
1087 1356
1088 1357
1089 1357
1090 1357
1091 1356
1092 1358
1093 1356
1094 1357
1095 1356
1096 1354
1097 1356
1098 1357
1099 1354
1100 1356
1101 1356
1102 1355
1103 1356
1104 1357
1105 1357
1106 1353
1107 1356
1108 1355
1109 1355
1110 1355
1111 1354
1112 1357
1113 1356
1114 1357
1115 1356
1116 1357
1117 1357
1118 1359
1119 1356
1120 1356
1121 1356
1122 1354
1123 1360
1124 1354
1125 1356
1126 1355
1127 1356
1128 1358
1129 1356
1130 1354
1131 1356
1132 1355
1133 1354
1134 1352
1135 1356
1136 1353
1137 1356
1138 1356
1139 1356
1140 1355
1141 1356
1142 1354
1143 1356
1144 1355
1145 1356
1146 1355
1147 1358
1148 1358
1149 1357
1150 1355
1151 1355
1152 1355
1153 1353
1154 1356
1155 1356
1156 1356
1157 1359
1158 1357
1159 1354
1160 1355
1161 1356
1162 1354
1163 1355
1164 1355
1165 1355
1166 1353
1167 1356
1168 1356
1169 1356
1170 1356
1171 1355
1172 1355
1173 1355
1174 1355
1175 1357
1176 1354
1177 1358
1178 1353
1179 1357
1180 1356
1181 1358
1182 1360
1183 1360
1184 1355
1185 1354
1186 1355
1187 1357
1188 1357
1189 1354
1190 1357
1191 1355
1192 1355
1193 1356
1194 1352
1195 1353
1196 1355
1197 1355
1198 1353
1199 1357
1200 1355
1201 1354
1202 1352
1203 1356
1204 1359
1205 1355
1206 1353
1207 1356
1208 1359
1209 1357
1210 1355
1211 1354
1212 1354
1213 1354
1214 1354
1215 1356
1216 1356
1217 1358
1218 1353
1219 1356
1220 1355
1221 1354
1222 1358
1223 1357
1224 1354
1225 1356
1226 1357
1227 1355
1228 1355
1229 1355
1230 1352
1231 1353
1232 1353
1233 1354
1234 1354
1235 1356
1236 1355
1237 1356
1238 1356
1239 1356
1240 1356
1241 1357
1242 1357
1243 1357
1244 1353
1245 1356
1246 1354
1247 1358
1248 1356
1249 1358
1250 1353
1251 1354
1252 1355
1253 1356
1254 1355
1255 1355
1256 1354
1257 1357
1258 1355
1259 1355
1260 1354
1261 1356
1262 1357
1263 1356
1264 1355
1265 1357
1266 1355
1267 1357
1268 1356
1269 1356
1270 1356
1271 1356
1272 1354
1273 1356
1274 1356
1275 1354
1276 1355
1277 1356
1278 1355
1279 1356
1280 1351
1281 1355
1282 1353
1283 1356
1284 1356
1285 1358
1286 1355
1287 1357
1288 1356
1289 1352
1290 1356
1291 1356
1292 1353
1293 1358
1294 1355
1295 1355
1296 1355
1297 1357
1298 1355
1299 1356
1300 1354
1301 1356
1302 1354
1303 1358
1304 1355
1305 1357
1306 1352
1307 1355
1308 1354
1309 1354
1310 1353
1311 1355
1312 1356
1313 1355
1314 1353
1315 1356
1316 1355
1317 1354
1318 1353
1319 1358
1320 1356
1321 1358
1322 1355
1323 1357
1324 1356
1325 1358
1326 1355
1327 1355
1328 1355
1329 1357
1330 1355
1331 1358
1332 1353
1333 1355
1334 1354
1335 1354
1336 1357
1337 1356
1338 1352
1339 1356
1340 1355
1341 1356
1342 1355
1343 1357
1344 1357
1345 1355
1346 1357
1347 1356
1348 1355
1349 1356
1350 1357
1351 1356
1352 1356
1353 1358
1354 1354
1355 1355
1356 1355
1357 1355
1358 1354
1359 1355
1360 1352
1361 1356
1362 1357
1363 1358
1364 1355
1365 1355
1366 1355
1367 1359
1368 1357
1369 1356
1370 1355
1371 1359
1372 1355
1373 1356
1374 1358
1375 1356
1376 1355
1377 1354
1378 1353
1379 1355
1380 1356
1381 1357
1382 1356
1383 1358
1384 1358
1385 1354
1386 1354
1387 1355
1388 1359
1389 1355
1390 1355
1391 1353
1392 1358
1393 1357
1394 1357
1395 1356
1396 1357
1397 1357
1398 1353
1399 1354
1400 1355
1401 1357
1402 1354
1403 1355
1404 1355
1405 1356
1406 1352
1407 1354
1408 1356
1409 1355
1410 1356
1411 1356
1412 1356
1413 1355
1414 1354
1415 1356
1416 1356
1417 1356
1418 1355
1419 1358
1420 1357
1421 1355
1422 1357
1423 1358
1424 1353
1425 1356
1426 1357
1427 1356
1428 1354
1429 1356
1430 1354
1431 1356
1432 1357
1433 1358
1434 1355
1435 1357
1436 1355
1437 1354
1438 1355
1439 1354
1440 1355
1441 1357
1442 1355
1443 1354
1444 1356
1445 1355
1446 1354
1447 1356
1448 1357
1449 1355
1450 1353
1451 1356
1452 1356
1453 1354
1454 1355
1455 1356
1456 1356
1457 1357
1458 1358
1459 1357
1460 1355
1461 1354
1462 1353
1463 1359
1464 1355
1465 1357
1466 1354
1467 1354
1468 1354
1469 1354
1470 1355
1471 1356
1472 1352
1473 1355
1474 1357
1475 1357
1476 1355
1477 1357
1478 1352
1479 1354
1480 1355
1481 1357
1482 1356
1483 1358
1484 1356
1485 1359
1486 1356
1487 1356
1488 1355
1489 1354
1490 1356
1491 1356
1492 1355
1493 1355
1494 1353
1495 1356
1496 1356
1497 1355
1498 1357
1499 1353
1500 1357
1501 1354
1502 1354
1503 1356
1504 1357
1505 1356
1506 1354
1507 1356
1508 1355
1509 1357
1510 1356
1511 1354
1512 1357
1513 1356
1514 1354
1515 1357
1516 1356
1517 1358
1518 1356
1519 1356
1520 1356
1521 1356
1522 1355
1523 1356
1524 1355
1525 1356
1526 1357
1527 1358
1528 1357
1529 1359
1530 1354
1531 1352
1532 1354
1533 1356
1534 1355
1535 1354
1536 1354
1537 1355
1538 1355
1539 1356
1540 1356
1541 1358
1542 1361
1543 1359
1544 1355
1545 1353
1546 1355
1547 1356
1548 1359
1549 1353
1550 1355
1551 1355
1552 1355
1553 1356
1554 1353
1555 1356
1556 1357
1557 1355
1558 1356
1559 1353
1560 1354
1561 1353
1562 1358
1563 1359
1564 1358
1565 1354
1566 1356
1567 1356
1568 1355
1569 1358
1570 1355
1571 1359
1572 1357
1573 1358
1574 1356
1575 1357
1576 1357
1577 1356
1578 1355
1579 1357
1580 1356
1581 1358
1582 1356
1583 1357
1584 1358
1585 1356
1586 1354
1587 1353
1588 1358
1589 1356
1590 1353
1591 1355
1592 1355
1593 1355
1594 1356
1595 1354
1596 1356
1597 1359
1598 1355
1599 1356
1600 1357
1601 1357
1602 1356
1603 1356
1604 1354
1605 1355
1606 1355
1607 1356
1608 1354
1609 1357
1610 1352
1611 1355
1612 1354
1613 1357
1614 1355
1615 1356
1616 1357
1617 1356
1618 1355
1619 1357
1620 1357
1621 1356
1622 1353
1623 1357
1624 1355
1625 1354
1626 1356
1627 1355
1628 1353
1629 1357
1630 1357
1631 1358
1632 1355
1633 1355
1634 1357
1635 1355
1636 1356
1637 1355
1638 1357
1639 1357
1640 1357
1641 1358
1642 1357
1643 1353
1644 1353
1645 1354
1646 1356
1647 1357
1648 1357
1649 1357
1650 1353
1651 1355
1652 1355
1653 1356
1654 1356
1655 1356
1656 1354
1657 1356
1658 1358
1659 1353
1660 1355
1661 1356
1662 1355
1663 1357
1664 1357
1665 1359
1666 1356
1667 1359
1668 1355
1669 1355
1670 1356
1671 1353
1672 1355
1673 1356
1674 1354
1675 1356
1676 1357
1677 1355
1678 1357
1679 1357
1680 1355
1681 1356
1682 1353
1683 1356
1684 1354
1685 1357
1686 1356
1687 1358
1688 1357
1689 1356
1690 1355
1691 1356
1692 1356
1693 1356
1694 1355
1695 1356
1696 1354
1697 1356
1698 1354
1699 1357
1700 1357
1701 1357
1702 1356
1703 1356
1704 1356
1705 1355
1706 1355
1707 1359
1708 1355
1709 1358
1710 1353
1711 1354
1712 1354
1713 1354
1714 1354
1715 1354
1716 1353
1717 1355
1718 1357
1719 1357
1720 1353
1721 1355
1722 1359
1723 1360
1724 1357
1725 1354
1726 1357
1727 1359
1728 1359
1729 1355
1730 1353
1731 1358
1732 1356
1733 1357
1734 1355
1735 1354
1736 1356
1737 1358
1738 1356
1739 1357
1740 1355
1741 1359
1742 1356
1743 1356
1744 1360
1745 1356
1746 1355
1747 1355
1748 1356
1749 1358
1750 1353
1751 1356
1752 1357
1753 1357
1754 1356
1755 1359
1756 1355
1757 1356
1758 1354
1759 1356
1760 1354
1761 1356
1762 1357
1763 1356
1764 1354
1765 1354
1766 1351
1767 1353
1768 1359
1769 1357
1770 1355
1771 1355
1772 1357
1773 1356
1774 1354
1775 1355
1776 1356
1777 1354
1778 1356
1779 1356
1780 1357
1781 1356
1782 1357
1783 1353
1784 1354
1785 1354
1786 1357
1787 1355
1788 1358
1789 1356
1790 1357
1791 1356
1792 1354
1793 1359
1794 1357
1795 1358
1796 1357
1797 1357
1798 1356
1799 1356
1800 1354
1801 1356
1802 1356
1803 1357
1804 1355
1805 1357
1806 1357
1807 1355
1808 1356
1809 1357
1810 1354
1811 1356
1812 1353
1813 1356
1814 1354
1815 1355
1816 1357
1817 1356
1818 1358
1819 1357
1820 1357
1821 1357
1822 1357
1823 1357
1824 1356
1825 1359
1826 1353
1827 1356
1828 1353
1829 1356
1830 1355
1831 1357
1832 1354
1833 1356
1834 1353
1835 1358
1836 1354
1837 1358
1838 1357
1839 1357
1840 1353
1841 1355
1842 1353
1843 1355
1844 1355
1845 1358
1846 1356
1847 1357
1848 1354
1849 1355
1850 1355
1851 1355
1852 1355
1853 1357
1854 1356
1855 1358
1856 1355
1857 1357
1858 1357
1859 1356
1860 1353
1861 1356
1862 1355
1863 1356
1864 1354
1865 1354
1866 1356
1867 1356
1868 1355
1869 1356
1870 1354
1871 1356
1872 1357
1873 1355
1874 1356
1875 1358
1876 1359
1877 1356
1878 1355
1879 1357
1880 1355
1881 1356
1882 1356
1883 1357
1884 1356
1885 1354
1886 1356
1887 1356
1888 1356
1889 1358
1890 1355
1891 1355
1892 1356
1893 1356
1894 1354
1895 1357
1896 1354
1897 1355
1898 1352
1899 1354
1900 1355
1901 1354
1902 1357
1903 1357
1904 1357
1905 1355
1906 1352
1907 1355
1908 1355
1909 1356
1910 1355
1911 1359
1912 1357
1913 1356
1914 1357
1915 1355
1916 1351
1917 1354
1918 1356
1919 1355
1920 1354
1921 1354
1922 1357
1923 1357
1924 1357
1925 1356
1926 1353
1927 1357
1928 1358
1929 1356
1930 1355
1931 1357
1932 1355
1933 1356
1934 1357
1935 1358
1936 1353
1937 1357
1938 1357
1939 1357
1940 1354
1941 1356
1942 1359
1943 1357
1944 1358
1945 1358
1946 1357
1947 1356
1948 1355
1949 1356
1950 1353
1951 1355
1952 1356
1953 1353
1954 1354
1955 1353
1956 1356
1957 1356
1958 1357
1959 1356
1960 1355
1961 1355
1962 1357
1963 1355
1964 1354
1965 1352
1966 1356
1967 1354
1968 1356
1969 1355
1970 1356
1971 1356
1972 1357
1973 1357
1974 1355
1975 1358
1976 1352
1977 1356
1978 1354
1979 1356
1980 1355
1981 1354
1982 1356
1983 1355
1984 1355
1985 1358
1986 1354
1987 1356
1988 1354
1989 1355
1990 1357
1991 1357
1992 1354
1993 1355
1994 1356
1995 1356
1996 1357
1997 1356
1998 1354
1999 1356
2000 1357
2001 1356
2002 1358
2003 1355
2004 1354
2005 1358
2006 1357
2007 1355
2008 1354
2009 1355
2010 1353
2011 1358
2012 1357
2013 1358
2014 1354
2015 1355
2016 1353
2017 1354
2018 1352
2019 1354
2020 1356
2021 1357
2022 1356
2023 1354
2024 1357
2025 1354
2026 1359
2027 1356
2028 1357
2029 1355
2030 1354
2031 1356
2032 1358
2033 1358
2034 1358
2035 1357
2036 1356
2037 1358
2038 1357
2039 1356
2040 1354
2041 1355
2042 1355
2043 1357
2044 1356
2045 1356
2046 1354
2047 1356
2048 1355
2049 1353
2050 1351
2051 1353
2052 1355
2053 1355
2054 1357
2055 1355
2056 1357
2057 1355
2058 1354
2059 1353
2060 1354
2061 1356
2062 1356
2063 1356
2064 1354
2065 1356
2066 1353
2067 1356
2068 1357
2069 1356
2070 1353
2071 1355
2072 1357
2073 1354
2074 1355
2075 1356
2076 1356
2077 1356
2078 1356
2079 1355
2080 1354
2081 1353
2082 1357
2083 1354
2084 1357
2085 1354
2086 1359
2087 1356
2088 1355
2089 1355
2090 1356
2091 1356
2092 1355
2093 1354
2094 1358
2095 1356
2096 1359
2097 1357
2098 1356
2099 1356
2100 1356
2101 1354
2102 1355
2103 1356
2104 1357
2105 1357
2106 1356
2107 1357
2108 1357
2109 1356
2110 1355
2111 1357
2112 1356
2113 1354
2114 1355
2115 1356
2116 1357
2117 1358
2118 1357
2119 1353
2120 1356
2121 1355
2122 1358
2123 1357
2124 1354
2125 1354
2126 1355
2127 1359
2128 1360
2129 1357
2130 1356
2131 1355
2132 1356
2133 1355
2134 1357
2135 1357
2136 1357
2137 1354
2138 1355
2139 1356
2140 1356
2141 1357
2142 1355
2143 1356
2144 1358
2145 1356
2146 1357
2147 1352
2148 1353
2149 1355
2150 1356
2151 1355
2152 1356
2153 1355
2154 1356
2155 1356
2156 1354
2157 1355
2158 1355
2159 1357
2160 1355
2161 1355
2162 1355
2163 1356
2164 1355
2165 1352
2166 1355
2167 1356
2168 1355
2169 1355
2170 1358
2171 1354
2172 1355
2173 1357
2174 1358
2175 1358
2176 1358
2177 1356
2178 1354
2179 1356
2180 1359
2181 1359
2182 1354
2183 1355
2184 1356
2185 1356
2186 1357
2187 1358
2188 1357
2189 1358
2190 1356
2191 1356
2192 1354
2193 1358
2194 1358
2195 1357
2196 1357
2197 1357
2198 1356
2199 1357
2200 1357
2201 1356
2202 1354
2203 1356
2204 1355
2205 1358
2206 1357
2207 1357
2208 1355
2209 1355
2210 1353
2211 1355
2212 1356
2213 1355
2214 1358
2215 1358
2216 1358
2217 1355
2218 1357
2219 1357
2220 1357
2221 1359
2222 1358
2223 1358
2224 1357
2225 1358
2226 1355
2227 1358
2228 1355
2229 1357
2230 1359
2231 1357
2232 1357
2233 1357
2234 1359
2235 1356
2236 1357
2237 1356
2238 1357
2239 1356
2240 1357
2241 1357
2242 1356
2243 1356
2244 1355
2245 1358
2246 1357
2247 1357
2248 1354
2249 1357
2250 1355
2251 1355
2252 1356
2253 1357
2254 1357
2255 1356
2256 1356
2257 1359
2258 1357
2259 1357
2260 1353
2261 1356
2262 1358
2263 1355
2264 1357
2265 1356
2266 1360
2267 1354
2268 1356
2269 1355
2270 1356
2271 1357
2272 1357
2273 1355
2274 1356
2275 1357
2276 1357
2277 1355
2278 1356
2279 1358
2280 1358
2281 1359
2282 1358
2283 1358
2284 1359
2285 1356
2286 1357
2287 1355
2288 1355
2289 1356
2290 1357
2291 1356
2292 1357
2293 1355
2294 1357
2295 1357
2296 1357
2297 1355
2298 1355
2299 1361
2300 1353
2301 1358
2302 1357
2303 1357
2304 1357
2305 1357
2306 1357
2307 1357
2308 1356
2309 1355
2310 1355
2311 1356
2312 1356
2313 1358
2314 1355
2315 1359
2316 1356
2317 1358
2318 1357
2319 1354
2320 1358
2321 1356
2322 1359
2323 1352
2324 1360
2325 1356
2326 1358
2327 1355
2328 1357
2329 1356
2330 1358
2331 1356
2332 1357
2333 1356
2334 1354
2335 1358
2336 1357
2337 1355
2338 1354
2339 1356
2340 1358
2341 1356
2342 1357
2343 1358
2344 1357
2345 1358
2346 1357
2347 1355
2348 1355
2349 1355
2350 1357
2351 1356
2352 1354
2353 1356
2354 1356
2355 1356
2356 1356
2357 1357
2358 1356
2359 1356
2360 1357
2361 1357
2362 1356
2363 1355
2364 1354
2365 1356
2366 1360
2367 1357
2368 1356
2369 1357
2370 1357
2371 1358
2372 1358
2373 1356
2374 1355
2375 1357
2376 1353
2377 1356
2378 1357
2379 1356
2380 1357
2381 1357
2382 1355
2383 1356
2384 1355
2385 1354
2386 1354
2387 1356
2388 1356
2389 1354
2390 1357
2391 1358
2392 1356
2393 1359
2394 1357
2395 1357
2396 1357
2397 1357
2398 1356
2399 1357
2400 1357
2401 1356
2402 1357
2403 1358
2404 1360
2405 1358
2406 1359
2407 1356
2408 1355
2409 1354
2410 1355
2411 1353
2412 1355
2413 1356
2414 1353
2415 1353
2416 1356
2417 1356
2418 1354
2419 1353
2420 1355
2421 1354
2422 1357
2423 1354
2424 1357
2425 1356
2426 1358
2427 1356
2428 1354
2429 1355
2430 1356
2431 1359
2432 1359
2433 1359
2434 1355
2435 1357
2436 1357
2437 1358
2438 1358
2439 1356
2440 1354
2441 1357
2442 1356
2443 1356
2444 1355
2445 1355
2446 1356
2447 1355
2448 1357
2449 1356
2450 1355
2451 1357
2452 1357
2453 1356
2454 1354
2455 1356
2456 1356
2457 1357
2458 1356
2459 1357
2460 1354
2461 1358
2462 1355
2463 1357
2464 1357
2465 1356
2466 1355
2467 1357
2468 1356
2469 1356
2470 1353
2471 1355
2472 1354
2473 1353
2474 1354
2475 1353
2476 1353
2477 1353
2478 1355
2479 1355
2480 1355
2481 1356
2482 1355
2483 1358
2484 1354
2485 1356
2486 1354
2487 1357
2488 1357
2489 1356
2490 1355
2491 1354
2492 1358
2493 1357
2494 1356
2495 1356
2496 1357
2497 1355
2498 1358
2499 1357
2500 1357
2501 1360
2502 1356
2503 1357
2504 1356
2505 1354
2506 1356
2507 1356
2508 1355
2509 1354
2510 1358
2511 1356
2512 1355
2513 1355
2514 1356
2515 1356
2516 1357
2517 1361
2518 1359
2519 1357
2520 1355
2521 1358
2522 1355
2523 1355
2524 1357
2525 1356
2526 1358
2527 1356
2528 1359
2529 1358
2530 1354
2531 1354
2532 1355
2533 1355
2534 1355
2535 1351
2536 1354
2537 1357
2538 1356
2539 1354
2540 1357
2541 1356
2542 1353
2543 1354
2544 1357
2545 1355
2546 1357
2547 1354
2548 1357
2549 1356
2550 1354
2551 1358
2552 1357
2553 1358
2554 1357
2555 1358
2556 1357
2557 1356
2558 1357
2559 1355
2560 1356
2561 1356
2562 1357
2563 1356
2564 1358
2565 1355
2566 1357
2567 1356
2568 1357
2569 1357
2570 1357
2571 1355
2572 1354
2573 1355
2574 1355
2575 1356
2576 1355
2577 1356
2578 1356
2579 1356
2580 1356
2581 1356
2582 1355
2583 1357
2584 1356
2585 1358
2586 1356
2587 1357
2588 1357
2589 1355
2590 1356
2591 1356
2592 1360
2593 1355
2594 1356
2595 1355
2596 1356
2597 1357
2598 1356
2599 1356
2600 1356
2601 1356
2602 1356
2603 1357
2604 1355
2605 1356
2606 1354
2607 1356
2608 1355
2609 1356
2610 1356
2611 1353
2612 1357
2613 1355
2614 1359
2615 1359
2616 1357
2617 1356
2618 1356
2619 1357
2620 1356
2621 1356
2622 1357
2623 1358
2624 1356
2625 1353
2626 1354
2627 1354
2628 1356
2629 1356
2630 1354
2631 1354
2632 1353
2633 1356
2634 1352
2635 1356
2636 1355
2637 1355
2638 1358
2639 1357
2640 1356
2641 1355
2642 1355
2643 1356
2644 1356
2645 1356
2646 1355
2647 1356
2648 1357
2649 1354
2650 1353
2651 1356
2652 1357
2653 1356
2654 1357
2655 1356
2656 1355
2657 1357
2658 1358
2659 1354
2660 1356
2661 1356
2662 1356
2663 1355
2664 1357
2665 1354
2666 1355
2667 1354
2668 1357
2669 1353
2670 1357
2671 1357
2672 1357
2673 1356
2674 1357
2675 1356
2676 1356
2677 1356
2678 1358
2679 1357
2680 1359
2681 1359
2682 1359
2683 1356
2684 1355
2685 1355
2686 1354
2687 1355
2688 1357
2689 1355
2690 1354
2691 1359
2692 1355
2693 1356
2694 1357
2695 1358
2696 1361
2697 1361
2698 1360
2699 1357
2700 1357
2701 1356
2702 1354
2703 1356
2704 1357
2705 1356
2706 1355
2707 1356
2708 1358
2709 1357
2710 1355
2711 1355
2712 1357
2713 1357
2714 1357
2715 1356
2716 1355
2717 1357
2718 1357
2719 1357
2720 1355
2721 1356
2722 1353
2723 1355
2724 1355
2725 1355
2726 1353
2727 1355
2728 1355
2729 1354
2730 1355
2731 1355
2732 1357
2733 1354
2734 1355
2735 1352
2736 1357
2737 1358
2738 1357
2739 1353
2740 1357
2741 1355
2742 1352
2743 1355
2744 1356
2745 1356
2746 1355
2747 1357
2748 1354
2749 1355
2750 1356
2751 1356
2752 1358
2753 1357
2754 1355
2755 1354
2756 1354
2757 1353
2758 1355
2759 1353
2760 1360
2761 1356
2762 1355
2763 1358
2764 1357
2765 1355
2766 1357
2767 1357
2768 1355
2769 1356
2770 1355
2771 1353
2772 1358
2773 1356
2774 1356
2775 1354
2776 1355
2777 1356
2778 1356
2779 1357
2780 1354
2781 1356
2782 1353
2783 1357
2784 1356
2785 1356
2786 1356
2787 1354
2788 1353
2789 1355
2790 1354
2791 1355
2792 1355
2793 1355
2794 1357
2795 1357
2796 1354
2797 1356
2798 1356
2799 1355
2800 1356
2801 1356
2802 1357
2803 1359
2804 1354
2805 1355
2806 1355
2807 1356
2808 1354
2809 1356
2810 1355
2811 1356
2812 1355
2813 1356
2814 1356
2815 1357
2816 1354
2817 1354
2818 1356
2819 1355
2820 1357
2821 1355
2822 1357
2823 1354
2824 1357
2825 1355
2826 1356
2827 1354
2828 1351
2829 1355
2830 1355
2831 1356
2832 1356
2833 1354
2834 1354
2835 1357
2836 1355
2837 1358
2838 1358
2839 1355
2840 1355
2841 1356
2842 1354
2843 1357
2844 1354
2845 1357
2846 1356
2847 1357
2848 1353
2849 1355
2850 1355
2851 1356
2852 1355
2853 1354
2854 1357
2855 1355
2856 1358
2857 1357
2858 1355
2859 1356
2860 1356
2861 1357
2862 1357
2863 1357
2864 1357
2865 1358
2866 1355
2867 1355
2868 1355
2869 1357
2870 1357
2871 1358
2872 1353
2873 1355
2874 1357
2875 1356
2876 1357
2877 1355
2878 1358
2879 1356
2880 1357
2881 1358
2882 1352
2883 1358
2884 1355
2885 1359
2886 1357
2887 1356
2888 1357
2889 1357
2890 1354
2891 1358
2892 1356
2893 1357
2894 1355
2895 1357
2896 1356
2897 1356
2898 1357
2899 1355
2900 1354
2901 1358
2902 1354
2903 1356
2904 1357
2905 1356
2906 1356
2907 1356
2908 1355
2909 1355
2910 1357
2911 1353
2912 1355
2913 1357
2914 1354
2915 1354
2916 1352
2917 1356
2918 1357
2919 1354
2920 1357
2921 1356
2922 1356
2923 1354
2924 1357
2925 1355
2926 1358
2927 1358
2928 1357
2929 1357
2930 1357
2931 1356
2932 1357
2933 1355
2934 1356
2935 1356
2936 1356
2937 1354
2938 1354
2939 1353
2940 1355
2941 1356
2942 1356
2943 1356
2944 1355
2945 1356
2946 1357
2947 1357
2948 1357
2949 1356
2950 1357
2951 1356
2952 1357
2953 1356
2954 1357
2955 1357
2956 1352
2957 1356
2958 1357
2959 1354
2960 1352
2961 1355
2962 1355
2963 1356
2964 1357
2965 1356
2966 1355
2967 1356
2968 1355
2969 1354
2970 1353
2971 1356
2972 1358
2973 1357
2974 1353
2975 1354
2976 1352
2977 1356
2978 1354
2979 1358
2980 1354
2981 1356
2982 1356
2983 1357
2984 1357
2985 1356
2986 1359
2987 1357
2988 1357
2989 1355
2990 1353
2991 1356
2992 1356
2993 1357
2994 1357
2995 1358
2996 1357
2997 1357
2998 1355
2999 1357
3000 1356
3001 1355
3002 1358
3003 1355
3004 1356
3005 1357
3006 1355
3007 1355
3008 1355
3009 1356
3010 1354
3011 1355
3012 1358
3013 1357
3014 1355
3015 1355
3016 1355
3017 1356
3018 1356
3019 1356
3020 1356
3021 1356
3022 1354
3023 1355
3024 1354
3025 1355
3026 1355
3027 1355
3028 1355
3029 1352
3030 1355
3031 1355
3032 1354
3033 1355
3034 1355
3035 1354
3036 1355
3037 1353
3038 1357
3039 1357
3040 1356
3041 1356
3042 1357
3043 1355
3044 1355
3045 1355
3046 1356
3047 1356
3048 1356
3049 1356
3050 1355
3051 1357
3052 1356
3053 1357
3054 1356
3055 1357
3056 1357
3057 1360
3058 1356
3059 1356
3060 1357
3061 1356
3062 1357
3063 1357
3064 1356
3065 1355
3066 1354
3067 1356
3068 1356
3069 1355
3070 1355
3071 1352
3072 1356
3073 1355
3074 1355
3075 1356
3076 1357
3077 1357
3078 1356
3079 1355
3080 1358
3081 1357
3082 1358
3083 1355
3084 1353
3085 1356
3086 1357
3087 1355
3088 1355
3089 1355
3090 1354
3091 1354
3092 1354
3093 1355
3094 1355
3095 1356
3096 1355
3097 1357
3098 1356
3099 1357
3100 1357
3101 1355
3102 1352
3103 1356
3104 1357
3105 1356
3106 1357
3107 1359
3108 1359
3109 1356
3110 1356
3111 1356
3112 1355
3113 1355
3114 1353
3115 1356
3116 1355
3117 1357
3118 1355
3119 1358
3120 1356
3121 1357
3122 1355
3123 1357
3124 1355
3125 1356
3126 1356
3127 1356
3128 1355
3129 1352
3130 1357
3131 1357
3132 1360
3133 1360
3134 1354
3135 1358
3136 1356
3137 1357
3138 1354
3139 1356
3140 1358
3141 1358
3142 1357
3143 1356
3144 1355
3145 1355
3146 1354
3147 1357
3148 1354
3149 1355
3150 1358
3151 1356
3152 1355
3153 1358
3154 1354
3155 1359
3156 1355
3157 1356
3158 1353
3159 1354
3160 1357
3161 1356
3162 1353
3163 1359
3164 1357
3165 1357
3166 1359
3167 1356
3168 1357
3169 1355
3170 1353
3171 1354
3172 1355
3173 1356
3174 1357
3175 1357
3176 1355
3177 1354
3178 1353
3179 1356
3180 1356
3181 1356
3182 1355
3183 1354
3184 1355
3185 1355
3186 1353
3187 1354
3188 1357
3189 1356
3190 1359
3191 1357
3192 1358
3193 1355
3194 1356
3195 1354
3196 1355
3197 1356
3198 1356
3199 1357
3200 1353
3201 1357
3202 1357
3203 1355
3204 1357
3205 1353
3206 1358
3207 1355
3208 1357
3209 1354
3210 1354
3211 1355
3212 1356
3213 1358
3214 1353
3215 1356
3216 1357
3217 1357
3218 1356
3219 1355
3220 1356
3221 1353
3222 1355
3223 1356
3224 1356
3225 1358
3226 1353
3227 1354
3228 1353
3229 1355
3230 1355
3231 1356
3232 1356
3233 1357
3234 1355
3235 1355
3236 1355
3237 1355
3238 1355
3239 1356
3240 1356
3241 1356
3242 1357
3243 1354
3244 1354
3245 1355
3246 1356
3247 1356
3248 1356
3249 1355
3250 1354
3251 1357
3252 1355
3253 1357
3254 1357
3255 1357
3256 1354
3257 1357
3258 1356
3259 1355
3260 1357
3261 1358
3262 1357
3263 1355
3264 1354
3265 1355
3266 1356
3267 1357
3268 1355
3269 1355
3270 1353
3271 1355
3272 1357
3273 1357
3274 1358
3275 1355
3276 1356
3277 1356
3278 1355
3279 1355
3280 1355
3281 1353
3282 1353
3283 1357
3284 1358
3285 1357
3286 1355
3287 1358
3288 1357
3289 1356
3290 1357
3291 1355
3292 1357
3293 1356
3294 1359
3295 1356
3296 1355
3297 1358
3298 1357
3299 1355
3300 1357
3301 1356
3302 1356
3303 1356
3304 1355
3305 1355
3306 1358
3307 1355
3308 1358
3309 1356
3310 1356
3311 1355
3312 1355
3313 1356
3314 1359
3315 1356
3316 1355
3317 1356
3318 1356
3319 1356
3320 1354
3321 1356
3322 1357
3323 1357
3324 1358
3325 1357
3326 1359
3327 1357
3328 1356
3329 1357
3330 1358
3331 1360
3332 1355
3333 1353
3334 1354
3335 1357
3336 1357
3337 1358
3338 1356
3339 1356
3340 1358
3341 1357
3342 1358
3343 1357
3344 1357
3345 1357
3346 1354
3347 1358
3348 1356
3349 1356
3350 1357
3351 1355
3352 1358
3353 1355
3354 1356
3355 1356
3356 1356
3357 1357
3358 1355
3359 1355
3360 1356
3361 1355
3362 1356
3363 1356
3364 1354
3365 1356
3366 1356
3367 1356
3368 1357
3369 1356
3370 1354
3371 1355
3372 1357
3373 1356
3374 1356
3375 1354
3376 1356
3377 1356
3378 1358
3379 1357
3380 1358
3381 1358
3382 1358
3383 1356
3384 1356
3385 1355
3386 1357
3387 1356
3388 1356
3389 1359
3390 1358
3391 1359
3392 1357
3393 1358
3394 1355
3395 1355
3396 1355
3397 1357
3398 1356
3399 1357
3400 1357
3401 1358
3402 1355
3403 1357
3404 1355
3405 1356
3406 1353
3407 1356
3408 1357
3409 1356
3410 1358
3411 1355
3412 1356
3413 1359
3414 1355
3415 1355
3416 1355
3417 1356
3418 1357
3419 1359
3420 1353
3421 1358
3422 1355
3423 1356
3424 1357
3425 1355
3426 1356
3427 1356
3428 1355
3429 1354
3430 1356
3431 1357
3432 1356
3433 1354
3434 1354
3435 1357
3436 1358
3437 1357
3438 1356
3439 1357
3440 1357
3441 1356
3442 1355
3443 1357
3444 1357
3445 1356
3446 1355
3447 1358
3448 1354
3449 1355
3450 1357
3451 1355
3452 1353
3453 1353
3454 1355
3455 1353
3456 1357
3457 1353
3458 1355
3459 1357
3460 1355
3461 1355
3462 1358
3463 1358
3464 1356
3465 1356
3466 1359
3467 1358
3468 1356
3469 1354
3470 1356
3471 1356
3472 1355
3473 1354
3474 1358
3475 1355
3476 1357
3477 1354
3478 1356
3479 1354
3480 1357
3481 1356
3482 1355
3483 1353
3484 1354
3485 1357
3486 1354
3487 1355
3488 1355
3489 1356
3490 1358
3491 1356
3492 1357
3493 1359
3494 1357
3495 1354
3496 1354
3497 1354
3498 1358
3499 1355
3500 1357
3501 1355
3502 1355
3503 1355
3504 1358
3505 1356
3506 1357
3507 1355
3508 1357
3509 1353
3510 1357
3511 1354
3512 1361
3513 1354
3514 1356
3515 1352
3516 1354
3517 1355
3518 1354
3519 1354
3520 1354
3521 1354
3522 1353
3523 1354
3524 1356
3525 1357
3526 1357
3527 1355
3528 1357
3529 1355
3530 1357
3531 1356
3532 1356
3533 1356
3534 1354
3535 1356
3536 1355
3537 1354
3538 1358
3539 1355
3540 1357
3541 1354
3542 1357
3543 1356
3544 1357
3545 1353
3546 1356
3547 1353
3548 1355
3549 1356
3550 1358
3551 1355
3552 1356
3553 1356
3554 1354
3555 1352
3556 1354
3557 1356
3558 1355
3559 1356
3560 1354
3561 1355
3562 1356
3563 1355
3564 1356
3565 1357
3566 1357
3567 1355
3568 1354
3569 1356
3570 1357
3571 1356
3572 1356
3573 1355
3574 1357
3575 1353
3576 1355
3577 1354
3578 1355
3579 1353
3580 1357
3581 1358
3582 1354
3583 1353
3584 1353
3585 1354
3586 1356
3587 1355
3588 1356
3589 1356
3590 1357
3591 1359
3592 1357
3593 1358
3594 1357
3595 1356
3596 1357
3597 1356
3598 1359
3599 1354
3600 1355
3601 1352
3602 1357
3603 1356
3604 1354
3605 1356
3606 1356
3607 1355
3608 1354
3609 1354
3610 1353
3611 1355
3612 1356
3613 1353
3614 1356
3615 1357
3616 1356
3617 1356
3618 1355
3619 1355
3620 1355
3621 1354
3622 1357
3623 1357
3624 1355
3625 1356
3626 1356
3627 1355
3628 1357
3629 1354
3630 1356
3631 1356
3632 1356
3633 1354
3634 1357
3635 1355
3636 1354
3637 1356
3638 1354
3639 1356
3640 1356
3641 1355
3642 1353
3643 1353
3644 1353
3645 1353
3646 1356
3647 1355
3648 1355
3649 1354
3650 1353
3651 1353
3652 1355
3653 1358
3654 1353
3655 1354
3656 1354
3657 1354
3658 1352
3659 1355
3660 1355
3661 1356
3662 1355
3663 1355
3664 1354
3665 1356
3666 1354
3667 1357
3668 1353
3669 1358
3670 1358
3671 1356
3672 1355
3673 1355
3674 1356
3675 1356
3676 1357
3677 1358
3678 1357
3679 1357
3680 1358
3681 1357
3682 1358
3683 1357
3684 1356
3685 1357
3686 1356
3687 1359
3688 1357
3689 1354
3690 1357
3691 1356
3692 1356
3693 1356
3694 1354
3695 1357
3696 1357
3697 1357
3698 1353
3699 1357
3700 1354
3701 1356
3702 1352
3703 1353
3704 1353
3705 1358
3706 1357
3707 1356
3708 1359
3709 1357
3710 1356
3711 1358
3712 1357
3713 1355
3714 1354
3715 1354
3716 1353
3717 1355
3718 1354
3719 1353
3720 1358
3721 1356
3722 1356
3723 1356
3724 1356
3725 1355
3726 1354
3727 1357
3728 1355
3729 1355
3730 1356
3731 1357
3732 1355
3733 1356
3734 1355
3735 1356
3736 1356
3737 1353
3738 1355
3739 1354
3740 1357
3741 1355
3742 1357
3743 1356
3744 1354
3745 1355
3746 1355
3747 1356
3748 1358
3749 1357
3750 1356
3751 1356
3752 1357
3753 1355
3754 1355
3755 1355
3756 1352
3757 1355
3758 1353
3759 1353
3760 1357
3761 1357
3762 1355
3763 1356
3764 1357
3765 1355
3766 1355
3767 1356
3768 1357
3769 1353
3770 1356
3771 1357
3772 1357
3773 1352
3774 1353
3775 1355
3776 1357
3777 1358
3778 1358
3779 1358
3780 1354
3781 1356
3782 1354
3783 1356
3784 1355
3785 1356
3786 1353
3787 1357
3788 1355
3789 1354
3790 1358
3791 1357
3792 1357
3793 1358
3794 1355
3795 1355
3796 1357
3797 1355
3798 1354
3799 1354
3800 1356
3801 1357
3802 1357
3803 1357
3804 1356
3805 1359
3806 1358
3807 1356
3808 1357
3809 1354
3810 1354
3811 1356
3812 1357
3813 1357
3814 1356
3815 1357
3816 1357
3817 1359
3818 1358
3819 1357
3820 1358
3821 1354
3822 1356
3823 1358
3824 1354
3825 1355
3826 1353
3827 1355
3828 1356
3829 1355
3830 1357
3831 1359
3832 1355
3833 1356
3834 1354
3835 1358
3836 1355
3837 1356
3838 1358
3839 1356
3840 1357
3841 1355
3842 1352
3843 1355
3844 1353
3845 1356
3846 1357
3847 1355
3848 1357
3849 1357
3850 1354
3851 1356
3852 1356
3853 1355
3854 1353
3855 1356
3856 1353
3857 1356
3858 1355
3859 1359
3860 1358
3861 1356
3862 1357
3863 1356
3864 1353
3865 1356
3866 1357
3867 1356
3868 1355
3869 1357
3870 1356
3871 1357
3872 1353
3873 1358
3874 1356
3875 1356
3876 1357
3877 1353
3878 1354
3879 1355
3880 1355
3881 1359
3882 1356
3883 1357
3884 1350
3885 1356
3886 1356
3887 1357
3888 1354
3889 1359
3890 1357
3891 1358
3892 1357
3893 1357
3894 1355
3895 1356
3896 1358
3897 1359
3898 1360
3899 1359
3900 1356
3901 1360
3902 1357
3903 1358
3904 1355
3905 1359
3906 1356
3907 1355
3908 1353
3909 1355
3910 1355
3911 1355
3912 1357
3913 1356
3914 1353
3915 1357
3916 1355
3917 1356
3918 1354
3919 1356
3920 1357
3921 1355
3922 1353
3923 1355
3924 1356
3925 1355
3926 1354
3927 1356
3928 1357
3929 1354
3930 1360
3931 1357
3932 1355
3933 1357
3934 1357
3935 1356
3936 1355
3937 1356
3938 1356
3939 1358
3940 1353
3941 1356
3942 1355
3943 1356
3944 1353
3945 1355
3946 1354
3947 1358
3948 1355
3949 1359
3950 1358
3951 1359
3952 1357
3953 1354
3954 1355
3955 1358
3956 1358
3957 1356
3958 1355
3959 1357
3960 1357
3961 1356
3962 1357
3963 1358
3964 1358
3965 1357
3966 1356
3967 1359
3968 1354
3969 1357
3970 1356
3971 1355
3972 1354
3973 1357
3974 1357
3975 1361
3976 1356
3977 1355
3978 1354
3979 1355
3980 1354
3981 1354
3982 1355
3983 1357
3984 1355
3985 1358
3986 1355
3987 1357
3988 1356
3989 1355
3990 1356
3991 1356
3992 1353
3993 1354
3994 1356
3995 1354
3996 1357
3997 1356
3998 1357
3999 1354
