0 1355
1 1356
2 1357
3 1354
4 1355
5 1353
6 1356
7 1354
8 1356
9 1353
10 1354
11 1355
12 1358
13 1357
14 1352
15 1353
16 1353
17 1354
18 1355
19 1353
20 1358
21 1355
22 1355
23 1353
24 1355
25 1354
26 1354
27 1355
28 1355
29 1357
30 1355
31 1355
32 1357
33 1355
34 1355
35 1357
36 1355
37 1356
38 1354
39 1354
40 1358
41 1355
42 1354
43 1355
44 1353
45 1355
46 1355
47 1352
48 1358
49 1355
50 1353
51 1353
52 1354
53 1353
54 1355
55 1357
56 1355
57 1354
58 1352
59 1354
60 1354
61 1353
62 1355
63 1354
64 1354
65 1356
66 1357
67 1355
68 1355
69 1355
70 1357
71 1355
72 1356
73 1355
74 1353
75 1351
76 1354
77 1356
78 1357
79 1357
80 1356
81 1355
82 1356
83 1350
84 1356
85 1352
86 1353
87 1353
88 1353
89 1350
90 1355
91 1352
92 1360
93 1357
94 1353
95 1353
96 1356
97 1355
98 1356
99 1355
100 1353
101 1356
102 1356
103 1354
104 1355
105 1352
106 1355
107 1357
108 1358
109 1353
110 1355
111 1351
112 1352
113 1357
114 1357
115 1353
116 1351
117 1356
118 1357
119 1356
120 1353
121 1355
122 1357
123 1355
124 1357
125 1357
126 1355
127 1353
128 1354
129 1353
130 1351
131 1357
132 1357
133 1355
134 1355
135 1354
136 1357
137 1357
138 1355
139 1352
140 1355
141 1355
142 1357
143 1356
144 1356
145 1356
146 1357
147 1356
148 1354
149 1356
150 1355
151 1357
152 1354
153 1354
154 1355
155 1355
156 1356
157 1356
158 1354
159 1356
160 1354
161 1357
162 1351
163 1356
164 1356
165 1356
166 1352
167 1353
168 1354
169 1353
170 1355
171 1354
172 1357
173 1355
174 1352
175 1351
176 1354
177 1354
178 1355
179 1354
180 1355
181 1354
182 1355
183 1357
184 1353
185 1355
186 1355
187 1356
188 1354
189 1355
190 1358
191 1356
192 1355
193 1355
194 1358
195 1355
196 1355
197 1356
198 1356
199 1356
200 1356
201 1356
202 1353
203 1354
204 1356
205 1356
206 1356
207 1351
208 1356
209 1355
210 1355
211 1356
212 1353
213 1358
214 1356
215 1356
216 1354
217 1356
218 1357
219 1356
220 1355
221 1355
222 1357
223 1355
224 1357
225 1355
226 1356
227 1355
228 1355
229 1354
230 1352
231 1356
232 1356
233 1357
234 1357
235 1355
236 1356
237 1354
238 1357
239 1354
240 1354
241 1355
242 1356
243 1355
244 1351
245 1355
246 1354
247 1355
248 1356
249 1354
250 1354
251 1357
252 1355
253 1355
254 1353
255 1351
256 1357
257 1354
258 1354
259 1354
260 1355
261 1355
262 1360
263 1353
264 1355
265 1353
266 1353
267 1352
268 1354
269 1354
270 1351
271 1351
272 1358
273 1356
274 1353
275 1350
276 1355
277 1356
278 1355
279 1353
280 1354
281 1353
282 1355
283 1354
284 1352
285 1352
286 1356
287 1355
288 1356
289 1353
290 1355
291 1354
292 1353
293 1355
294 1358
295 1356
296 1352
297 1353
298 1359
299 1357
300 1354
301 1355
302 1358
303 1356
304 1357
305 1350
306 1356
307 1353
308 1357
309 1353
310 1356
311 1356
312 1359
313 1354
314 1354
315 1353
316 1353
317 1355
318 1355
319 1354
320 1356
321 1356
322 1355
323 1355
324 1355
325 1355
326 1354
327 1354
328 1354
329 1354
330 1357
331 1353
332 1358
333 1354
334 1356
335 1354
336 1353
337 1353
338 1357
339 1356
340 1354
341 1355
342 1355
343 1356
344 1355
345 1353
346 1353
347 1356
348 1354
349 1354
350 1355
351 1353
352 1352
353 1356
354 1354
355 1355
356 1357
357 1353
358 1354
359 1353
360 1351
361 1353
362 1352
363 1356
364 1355
365 1353
366 1357
367 1354
368 1354
369 1355
370 1355
371 1355
372 1355
373 1354
374 1356
375 1356
376 1357
377 1352
378 1356
379 1354
380 1354
381 1356
382 1354
383 1355
384 1355
385 1357
386 1357
387 1355
388 1353
389 1353
390 1356
391 1354
392 1354
393 1355
394 1355
395 1355
396 1356
397 1355
398 1353
399 1356
400 1355
401 1358
402 1355
403 1357
404 1357
405 1358
406 1356
407 1358
408 1353
409 1356
410 1355
411 1354
412 1354
413 1354
414 1354
415 1355
416 1354
417 1357
418 1354
419 1356
420 1356
421 1354
422 1354
423 1353
424 1354
425 1354
426 1353
427 1355
428 1354
429 1353
430 1354
431 1353
432 1356
433 1354
434 1356
435 1355
436 1357
437 1353
438 1355
439 1356
440 1358
441 1354
442 1358
443 1356
444 1355
445 1353
446 1357
447 1354
448 1355
449 1355
450 1354
451 1356
452 1355
453 1357
454 1353
455 1353
456 1354
457 1357
458 1356
459 1355
460 1358
461 1358
462 1356
463 1355
464 1356
465 1355
466 1354
467 1356
468 1355
469 1356
470 1356
471 1357
472 1354
473 1358
474 1358
475 1358
476 1354
477 1354
478 1355
479 1357
480 1354
481 1355
482 1355
483 1352
484 1352
485 1354
486 1356
487 1357
488 1355
489 1354
490 1357
491 1356
492 1354
493 1357
494 1355
495 1356
496 1356
497 1355
498 1355
499 1357
500 1357
501 1357
502 1355
503 1358
504 1355
505 1356
506 1354
507 1356
508 1353
509 1355
510 1357
511 1358
512 1354
513 1357
514 1355
515 1354
516 1354
517 1356
518 1355
519 1355
520 1351
521 1355
522 1357
523 1354
524 1355
525 1357
526 1355
527 1357
528 1354
529 1356
530 1356
531 1356
532 1355
533 1357
534 1357
535 1358
536 1359
537 1362
538 1363
539 1364
540 1371
541 1379
542 1389
543 1405
544 1419
545 1436
546 1453
547 1467
548 1482
549 1501
550 1517
551 1532
552 1546
553 1556
554 1566
555 1578
556 1582
557 1590
558 1594
559 1596
560 1596
561 1594
562 1592
563 1587
564 1578
565 1577
566 1568
567 1565
568 1554
569 1546
570 1537
571 1528
572 1523
573 1513
574 1507
575 1499
576 1492
577 1481
578 1477
579 1468
580 1460
581 1453
582 1446
583 1445
584 1437
585 1430
586 1429
587 1424
588 1420
589 1413
590 1410
591 1406
592 1404
593 1403
594 1399
595 1394
596 1393
597 1389
598 1385
599 1381
600 1379
601 1377
602 1377
603 1377
604 1376
605 1375
606 1374
607 1372
608 1371
609 1369
610 1366
611 1366
612 1366
613 1366
614 1366
615 1366
616 1363
617 1362
618 1365
619 1365
620 1365
621 1363
622 1364
623 1361
624 1365
625 1362
626 1360
627 1361
628 1358
629 1357
630 1361
631 1361
632 1358
633 1358
634 1356
635 1356
636 1358
637 1354
638 1355
639 1356
640 1356
641 1356
642 1356
643 1355
644 1357
645 1359
646 1357
647 1357
648 1357
649 1357
650 1354
651 1356
652 1355
653 1355
654 1359
655 1354
656 1357
657 1355
658 1359
659 1358
660 1357
661 1356
662 1357
663 1356
664 1355
665 1355
666 1353
667 1355
668 1357
669 1354
670 1357
671 1356
672 1356
673 1355
674 1358
675 1359
676 1357
677 1355
678 1355
679 1355
680 1355
681 1356
682 1357
683 1356
684 1359
685 1357
686 1357
687 1356
688 1353
689 1356
690 1357
691 1355
692 1353
693 1353
694 1354
695 1355
696 1355
697 1352
698 1355
699 1355
700 1355
701 1353
702 1356
703 1356
704 1356
705 1355
706 1357
707 1356
708 1356
709 1355
710 1353
711 1355
712 1357
713 1354
714 1357
715 1355
716 1355
717 1355
718 1355
719 1354
720 1354
721 1358
722 1356
723 1354
724 1353
725 1355
726 1357
727 1357
728 1352
729 1354
730 1356
731 1357
732 1357
733 1351
734 1355
735 1358
736 1358
737 1356
738 1355
739 1356
740 1354
741 1353
742 1352
743 1353
744 1357
745 1356
746 1355
747 1356
748 1357
749 1352
750 1355
751 1356
752 1354
753 1355
754 1355
755 1353
756 1354
757 1355
758 1357
759 1355
760 1355
761 1357
762 1356
763 1356
764 1350
765 1354
766 1355
767 1354
768 1357
769 1356
770 1351
771 1354
772 1354
773 1353
774 1356
775 1356
776 1356
777 1357
778 1356
779 1353
780 1353
781 1355
782 1353
783 1356
784 1356
785 1356
786 1355
787 1353
788 1354
789 1356
790 1353
791 1356
792 1355
793 1355
794 1356
795 1353
796 1357
797 1353
798 1355
799 1356
800 1356
801 1357
802 1356
803 1354
804 1355
805 1354
806 1356
807 1354
808 1359
809 1353
810 1356
811 1354
812 1357
813 1356
814 1357
815 1358
816 1357
817 1356
818 1353
819 1356
820 1356
821 1355
822 1353
823 1356
824 1353
825 1355
826 1354
827 1356
828 1357
829 1354
830 1355
831 1355
832 1354
833 1356
834 1357
835 1354
836 1355
837 1355
838 1354
839 1355
840 1356
841 1356
842 1355
843 1356
844 1355
845 1354
846 1355
847 1354
848 1355
849 1349
850 1352
851 1357
852 1355
853 1356
854 1355
855 1356
856 1357
857 1358
858 1354
859 1356
860 1356
861 1358
862 1357
863 1356
864 1356
865 1355
866 1356
867 1355
868 1356
869 1356
870 1355
871 1358
872 1355
873 1355
874 1354
875 1358
876 1355
877 1356
878 1354
879 1357
880 1356
881 1355
882 1357
883 1356
884 1355
885 1356
886 1354
887 1358
888 1357
889 1357
890 1356
891 1356
892 1353
893 1355
894 1355
895 1357
896 1356
897 1356
898 1354
899 1357
900 1355
901 1355
902 1354
903 1354
904 1354
905 1357
906 1352
907 1356
908 1354
909 1355
910 1357
911 1354
912 1355
913 1353
914 1353
915 1355
916 1355
917 1355
918 1357
919 1354
920 1357
921 1355
922 1357
923 1355
924 1355
925 1356
926 1355
927 1353
928 1355
929 1355
930 1357
931 1356
932 1356
933 1358
934 1356
935 1355
936 1353
937 1353
938 1353
939 1355
940 1354
941 1356
942 1351
943 1353
944 1356
945 1357
946 1355
947 1356
948 1354
949 1357
950 1356
951 1354
952 1357
953 1357
954 1357
955 1357
956 1356
957 1356
958 1356
959 1356
960 1352
961 1356
962 1353
963 1355
964 1353
965 1355
966 1354
967 1357
968 1354
969 1355
970 1354
971 1355
972 1358
973 1356
974 1356
975 1356
976 1356
977 1357
978 1353
979 1355
980 1357
981 1357
982 1357
983 1355
984 1355
985 1358
986 1358
987 1355
988 1355
989 1353
990 1356
991 1358
992 1355
993 1356
994 1354
995 1354
996 1356
997 1352
998 1354
999 1355
1000 1353
1001 1354
1002 1357
1003 1356
1004 1358
1005 1353
1006 1353
1007 1356
1008 1355
1009 1355
1010 1354
1011 1356
1012 1354
1013 1356
1014 1357
1015 1356
1016 1357
1017 1355
1018 1357
1019 1354
1020 1353
1021 1354
1022 1355
1023 1354
1024 1354
1025 1356
1026 1356
1027 1359
1028 1355
1029 1355
1030 1354
1031 1355
1032 1353
1033 1354
1034 1353
1035 1355
1036 1356
1037 1355
1038 1352
1039 1353
1040 1357
1041 1358
1042 1354
1043 1353
1044 1351
1045 1355
1046 1353
1047 1356
1048 1356
1049 1354
1050 1355
1051 1355
1052 1353
1053 1355
1054 1356
1055 1356
1056 1355
1057 1355
1058 1353
1059 1356
1060 1357
1061 1356
1062 1355
1063 1354
1064 1353
1065 1354
1066 1354
1067 1353
1068 1351
1069 1350
1070 1353
1071 1355
1072 1354
1073 1356
1074 1356
1075 1354
1076 1356
1077 1354
1078 1355
1079 1355
1080 1356
1081 1358
1082 1355
1083 1354
1084 1355
1085 1355
1086 1353
1087 1355
1088 1354
1089 1355
1090 1353
1091 1355
1092 1353
1093 1356
1094 1355
1095 1356
1096 1355
1097 1356
1098 1354
1099 1354
1100 1353
1101 1356
1102 1356
1103 1358
1104 1355
1105 1356
1106 1356
1107 1355
1108 1354
1109 1354
1110 1357
1111 1356
1112 1354
1113 1354
1114 1353
1115 1356
1116 1355
1117 1353
1118 1354
1119 1353
1120 1354
1121 1354
1122 1356
1123 1355
1124 1354
1125 1354
1126 1352
1127 1354
1128 1356
1129 1357
1130 1352
1131 1356
1132 1352
1133 1356
1134 1353
1135 1356
1136 1353
1137 1355
1138 1353
1139 1354
1140 1354
1141 1356
1142 1353
1143 1354
1144 1353
1145 1356
1146 1355
1147 1356
1148 1355
1149 1356
1150 1353
1151 1355
1152 1353
1153 1356
1154 1354
1155 1358
1156 1355
1157 1355
1158 1354
1159 1355
1160 1354
1161 1355
1162 1355
1163 1357
1164 1353
1165 1354
1166 1357
1167 1354
1168 1355
1169 1353
1170 1353
1171 1355
1172 1354
1173 1357
1174 1353
1175 1354
1176 1353
1177 1356
1178 1352
1179 1355
1180 1355
1181 1354
1182 1356
1183 1353
1184 1353
1185 1356
1186 1354
1187 1358
1188 1354
1189 1355
1190 1355
1191 1356
1192 1352
1193 1352
1194 1354
1195 1352
1196 1355
1197 1354
1198 1354
1199 1353
1200 1356
1201 1355
1202 1355
1203 1355
1204 1352
1205 1352
1206 1355
1207 1355
1208 1354
1209 1356
1210 1352
1211 1357
1212 1357
1213 1356
1214 1357
1215 1356
1216 1353
1217 1353
1218 1356
1219 1354
1220 1354
1221 1353
1222 1356
1223 1354
1224 1354
1225 1354
1226 1354
1227 1355
1228 1353
1229 1352
1230 1355
1231 1356
1232 1354
1233 1355
1234 1353
1235 1355
1236 1352
1237 1358
1238 1356
1239 1353
1240 1356
1241 1354
1242 1356
1243 1353
1244 1352
1245 1354
1246 1353
1247 1356
1248 1357
1249 1356
1250 1356
1251 1357
1252 1356
1253 1355
1254 1352
1255 1354
1256 1355
1257 1356
1258 1358
1259 1356
1260 1359
1261 1353
1262 1355
1263 1356
1264 1353
1265 1351
1266 1354
1267 1355
1268 1354
1269 1353
1270 1353
1271 1357
1272 1355
1273 1352
1274 1355
1275 1355
1276 1356
1277 1355
1278 1355
1279 1355
1280 1355
1281 1354
1282 1355
1283 1354
1284 1359
1285 1353
1286 1355
1287 1353
1288 1355
1289 1357
1290 1355
1291 1356
1292 1356
1293 1360
1294 1355
1295 1358
1296 1354
1297 1356
1298 1354
1299 1353
1300 1356
1301 1355
1302 1355
1303 1356
1304 1356
1305 1358
1306 1356
1307 1354
1308 1351
1309 1357
1310 1356
1311 1354
1312 1354
1313 1356
1314 1354
1315 1357
1316 1354
1317 1356
1318 1356
1319 1356
1320 1355
1321 1355
1322 1355
1323 1356
1324 1356
1325 1355
1326 1354
1327 1356
1328 1355
1329 1355
1330 1352
1331 1355
1332 1356
1333 1353
1334 1353
1335 1354
1336 1354
1337 1354
1338 1355
1339 1353
1340 1355
1341 1354
1342 1354
1343 1354
1344 1353
1345 1355
1346 1353
1347 1356
1348 1355
1349 1354
1350 1355
1351 1356
1352 1356
1353 1355
1354 1355
1355 1355
1356 1356
1357 1356
1358 1355
1359 1355
1360 1352
1361 1355
1362 1358
1363 1356
1364 1357
1365 1356
1366 1355
1367 1355
1368 1354
1369 1355
1370 1358
1371 1358
1372 1355
1373 1354
1374 1355
1375 1356
1376 1351
1377 1356
1378 1353
1379 1356
1380 1355
1381 1357
1382 1356
1383 1359
1384 1356
1385 1355
1386 1355
1387 1355
1388 1355
1389 1356
1390 1356
1391 1354
1392 1357
1393 1354
1394 1355
1395 1357
1396 1356
1397 1356
1398 1355
1399 1353
1400 1352
1401 1355
1402 1356
1403 1355
1404 1355
1405 1355
1406 1354
1407 1356
1408 1355
1409 1353
1410 1357
1411 1356
1412 1355
1413 1356
1414 1355
1415 1355
1416 1357
1417 1356
1418 1357
1419 1356
1420 1354
1421 1354
1422 1355
1423 1355
1424 1356
1425 1356
1426 1356
1427 1356
1428 1351
1429 1354
1430 1356
1431 1357
1432 1355
1433 1355
1434 1355
1435 1356
1436 1357
1437 1354
1438 1356
1439 1355
1440 1357
1441 1355
1442 1357
1443 1357
1444 1356
1445 1357
1446 1358
1447 1352
1448 1357
1449 1358
1450 1353
1451 1356
1452 1355
1453 1357
1454 1353
1455 1354
1456 1350
1457 1353
1458 1357
1459 1357
1460 1354
1461 1356
1462 1356
1463 1354
1464 1357
1465 1357
1466 1355
1467 1354
1468 1355
1469 1356
1470 1355
1471 1355
1472 1352
1473 1353
1474 1358
1475 1357
1476 1356
1477 1355
1478 1356
1479 1356
1480 1353
1481 1356
1482 1353
1483 1357
1484 1357
1485 1357
1486 1355
1487 1355
1488 1356
1489 1356
1490 1357
1491 1357
1492 1354
1493 1355
1494 1353
1495 1356
1496 1357
1497 1356
1498 1353
1499 1357
1500 1355
1501 1356
1502 1354
1503 1355
1504 1355
1505 1356
1506 1352
1507 1356
1508 1355
1509 1358
1510 1355
1511 1354
1512 1356
1513 1353
1514 1354
1515 1355
1516 1353
1517 1354
1518 1354
1519 1355
1520 1353
1521 1354
1522 1357
1523 1358
1524 1356
1525 1356
1526 1354
1527 1355
1528 1353
1529 1354
1530 1353
1531 1356
1532 1357
1533 1356
1534 1357
1535 1353
1536 1353
1537 1356
1538 1354
1539 1355
1540 1356
1541 1356
1542 1356
1543 1356
1544 1354
1545 1359
1546 1354
1547 1355
1548 1353
1549 1354
1550 1354
1551 1358
1552 1356
1553 1354
1554 1356
1555 1356
1556 1355
1557 1357
1558 1356
1559 1354
1560 1354
1561 1356
1562 1357
1563 1355
1564 1356
1565 1357
1566 1355
1567 1356
1568 1354
1569 1358
1570 1356
1571 1355
1572 1354
1573 1357
1574 1354
1575 1356
1576 1354
1577 1356
1578 1356
1579 1352
1580 1357
1581 1356
1582 1355
1583 1354
1584 1355
1585 1355
1586 1354
1587 1354
1588 1353
1589 1355
1590 1357
1591 1358
1592 1357
1593 1356
1594 1354
1595 1356
1596 1356
1597 1357
1598 1353
1599 1355
1600 1355
1601 1357
1602 1357
1603 1355
1604 1353
1605 1355
1606 1356
1607 1356
1608 1354
1609 1359
1610 1359
1611 1359
1612 1356
1613 1354
1614 1354
1615 1355
1616 1358
1617 1357
1618 1354
1619 1355
1620 1357
1621 1354
1622 1356
1623 1358
1624 1354
1625 1355
1626 1356
1627 1357
1628 1356
1629 1358
1630 1357
1631 1354
1632 1357
1633 1355
1634 1352
1635 1354
1636 1356
1637 1356
1638 1354
1639 1357
1640 1356
1641 1359
1642 1354
1643 1353
1644 1354
1645 1356
1646 1356
1647 1353
1648 1355
1649 1355
1650 1352
1651 1355
1652 1357
1653 1357
1654 1355
1655 1358
1656 1359
1657 1354
1658 1357
1659 1358
1660 1355
1661 1356
1662 1356
1663 1356
1664 1356
1665 1356
1666 1356
1667 1354
1668 1355
1669 1354
1670 1355
1671 1354
1672 1357
1673 1356
1674 1352
1675 1357
1676 1356
1677 1357
1678 1354
1679 1355
1680 1354
1681 1358
1682 1356
1683 1355
1684 1356
1685 1356
1686 1354
1687 1355
1688 1356
1689 1357
1690 1354
1691 1356
1692 1353
1693 1355
1694 1353
1695 1357
1696 1354
1697 1355
1698 1355
1699 1356
1700 1356
1701 1356
1702 1354
1703 1353
1704 1353
1705 1354
1706 1352
1707 1354
1708 1356
1709 1357
1710 1353
1711 1355
1712 1357
1713 1356
1714 1355
1715 1357
1716 1355
1717 1356
1718 1356
1719 1356
1720 1355
1721 1356
1722 1357
1723 1355
1724 1354
1725 1358
1726 1355
1727 1356
1728 1352
1729 1356
1730 1355
1731 1356
1732 1355
1733 1357
1734 1352
1735 1355
1736 1356
1737 1355
1738 1355
1739 1355
1740 1352
1741 1356
1742 1354
1743 1355
1744 1355
1745 1356
1746 1355
1747 1357
1748 1357
1749 1354
1750 1352
1751 1356
1752 1353
1753 1355
1754 1352
1755 1357
1756 1356
1757 1356
1758 1352
1759 1354
1760 1356
1761 1357
1762 1355
1763 1359
1764 1356
1765 1357
1766 1355
1767 1356
1768 1356
1769 1355
1770 1356
1771 1356
1772 1357
1773 1353
1774 1355
1775 1356
1776 1357
1777 1355
1778 1354
1779 1356
1780 1353
1781 1355
1782 1353
1783 1357
1784 1353
1785 1353
1786 1352
1787 1358
1788 1354
1789 1352
1790 1352
1791 1354
1792 1354
1793 1353
1794 1354
1795 1354
1796 1354
1797 1356
1798 1353
1799 1354
1800 1356
1801 1359
1802 1355
1803 1355
1804 1355
1805 1356
1806 1357
1807 1357
1808 1355
1809 1355
1810 1355
1811 1355
1812 1355
1813 1355
1814 1355
1815 1355
1816 1354
1817 1356
1818 1358
1819 1355
1820 1353
1821 1356
1822 1354
1823 1356
1824 1355
1825 1355
1826 1354
1827 1356
1828 1354
1829 1356
1830 1355
1831 1357
1832 1357
1833 1355
1834 1353
1835 1357
1836 1356
1837 1355
1838 1355
1839 1355
1840 1353
1841 1355
1842 1357
1843 1356
1844 1356
1845 1358
1846 1357
1847 1357
1848 1356
1849 1355
1850 1357
1851 1356
1852 1355
1853 1357
1854 1355
1855 1356
1856 1355
1857 1356
1858 1354
1859 1356
1860 1355
1861 1356
1862 1356
1863 1356
1864 1352
1865 1356
1866 1355
1867 1358
1868 1355
1869 1353
1870 1354
1871 1356
1872 1354
1873 1356
1874 1352
1875 1356
1876 1356
1877 1358
1878 1353
1879 1360
1880 1354
1881 1353
1882 1352
1883 1354
1884 1353
1885 1355
1886 1357
1887 1353
1888 1354
1889 1354
1890 1355
1891 1354
1892 1354
1893 1355
1894 1355
1895 1357
1896 1355
1897 1358
1898 1355
1899 1356
1900 1355
1901 1356
1902 1352
1903 1355
1904 1354
1905 1357
1906 1357
1907 1357
1908 1357
1909 1356
1910 1353
1911 1356
1912 1355
1913 1355
1914 1354
1915 1357
1916 1356
1917 1355
1918 1351
1919 1353
1920 1354
1921 1357
1922 1354
1923 1354
1924 1352
1925 1353
1926 1355
1927 1357
1928 1353
1929 1356
1930 1354
1931 1356
1932 1354
1933 1355
1934 1355
1935 1353
1936 1354
1937 1355
1938 1355
1939 1357
1940 1356
1941 1357
1942 1353
1943 1354
1944 1354
1945 1356
1946 1357
1947 1356
1948 1354
1949 1356
1950 1357
1951 1357
1952 1352
1953 1356
1954 1353
1955 1355
1956 1351
1957 1355
1958 1354
1959 1355
1960 1357
1961 1355
1962 1356
1963 1354
1964 1355
1965 1357
1966 1355
1967 1355
1968 1353
1969 1355
1970 1355
1971 1354
1972 1355
1973 1354
1974 1355
1975 1354
1976 1357
1977 1356
1978 1353
1979 1354
1980 1353
1981 1356
1982 1355
1983 1355
1984 1353
1985 1355
1986 1355
1987 1354
1988 1355
1989 1354
1990 1354
1991 1356
1992 1355
1993 1353
1994 1357
1995 1354
1996 1357
1997 1356
1998 1354
1999 1357
2000 1357
2001 1356
2002 1355
2003 1355
2004 1356
2005 1357
2006 1355
2007 1355
2008 1353
2009 1355
2010 1352
2011 1353
2012 1353
2013 1356
2014 1357
2015 1355
2016 1352
2017 1355
2018 1355
2019 1356
2020 1355
2021 1357
2022 1354
2023 1357
2024 1355
2025 1355
2026 1357
2027 1356
2028 1350
2029 1357
2030 1357
2031 1356
2032 1355
2033 1356
2034 1350
2035 1353
2036 1356
2037 1356
2038 1355
2039 1354
2040 1357
2041 1355
2042 1356
2043 1355
2044 1354
2045 1357
2046 1356
2047 1353
2048 1353
2049 1354
2050 1355
2051 1354
2052 1354
2053 1355
2054 1355
2055 1354
2056 1355
2057 1354
2058 1354
2059 1356
2060 1355
2061 1355
2062 1354
2063 1356
2064 1352
2065 1356
2066 1358
2067 1356
2068 1356
2069 1355
2070 1358
2071 1355
2072 1356
2073 1354
2074 1355
2075 1357
2076 1357
2077 1357
2078 1356
2079 1356
2080 1354
2081 1354
2082 1356
2083 1356
2084 1356
2085 1354
2086 1354
2087 1354
2088 1356
2089 1357
2090 1357
2091 1356
2092 1353
2093 1354
2094 1356
2095 1355
2096 1354
2097 1355
2098 1355
2099 1355
2100 1353
2101 1354
2102 1351
2103 1356
2104 1357
2105 1353
2106 1357
2107 1354
2108 1352
2109 1353
2110 1357
2111 1358
2112 1356
2113 1356
2114 1354
2115 1355
2116 1356
2117 1358
2118 1355
2119 1356
2120 1354
2121 1354
2122 1354
2123 1357
2124 1354
2125 1355
2126 1353
2127 1356
2128 1357
2129 1355
2130 1355
2131 1357
2132 1355
2133 1356
2134 1351
2135 1353
2136 1356
2137 1354
2138 1355
2139 1354
2140 1356
2141 1356
2142 1354
2143 1353
2144 1353
2145 1356
2146 1353
2147 1354
2148 1354
2149 1353
2150 1354
2151 1355
2152 1355
2153 1355
2154 1355
2155 1354
2156 1354
2157 1354
2158 1352
2159 1354
2160 1351
2161 1357
2162 1359
2163 1357
2164 1354
2165 1354
2166 1356
2167 1358
2168 1357
2169 1356
2170 1352
2171 1355
2172 1357
2173 1355
2174 1356
2175 1357
2176 1356
2177 1357
2178 1356
2179 1354
2180 1356
2181 1354
2182 1357
2183 1358
2184 1357
2185 1354
2186 1352
2187 1356
2188 1361
2189 1356
2190 1352
2191 1355
2192 1353
2193 1352
2194 1356
2195 1357
2196 1356
2197 1355
2198 1353
2199 1352
2200 1355
2201 1354
2202 1356
2203 1356
2204 1357
2205 1354
2206 1354
2207 1356
2208 1357
2209 1355
2210 1353
2211 1355
2212 1354
2213 1355
2214 1356
2215 1355
2216 1354
2217 1354
2218 1355
2219 1354
2220 1357
2221 1356
2222 1356
2223 1356
2224 1353
2225 1353
2226 1353
2227 1354
2228 1354
2229 1353
2230 1353
2231 1351
2232 1355
2233 1356
2234 1355
2235 1355
2236 1355
2237 1355
2238 1354
2239 1355
2240 1357
2241 1357
2242 1356
2243 1355
2244 1357
2245 1353
2246 1353
2247 1352
2248 1354
2249 1354
2250 1355
2251 1356
2252 1354
2253 1357
2254 1354
2255 1356
2256 1356
2257 1355
2258 1358
2259 1357
2260 1355
2261 1359
2262 1355
2263 1356
2264 1356
2265 1356
2266 1352
2267 1358
2268 1356
2269 1356
2270 1358
2271 1358
2272 1357
2273 1355
2274 1354
2275 1357
2276 1357
2277 1356
2278 1353
2279 1354
2280 1354
2281 1355
2282 1357
2283 1357
2284 1355
2285 1356
2286 1356
2287 1359
2288 1356
2289 1355
2290 1355
2291 1356
2292 1358
2293 1358
2294 1357
2295 1356
2296 1354
2297 1356
2298 1356
2299 1358
2300 1355
2301 1356
2302 1356
2303 1356
2304 1354
2305 1354
2306 1354
2307 1356
2308 1355
2309 1356
2310 1353
2311 1356
2312 1357
2313 1355
2314 1355
2315 1355
2316 1357
2317 1356
2318 1358
2319 1358
2320 1354
2321 1356
2322 1356
2323 1354
2324 1354
2325 1354
2326 1356
2327 1357
2328 1357
2329 1356
2330 1355
2331 1355
2332 1355
2333 1357
2334 1356
2335 1359
2336 1355
2337 1358
2338 1353
2339 1353
2340 1354
2341 1358
2342 1360
2343 1357
2344 1350
2345 1355
2346 1354
2347 1357
2348 1354
2349 1353
2350 1354
2351 1356
2352 1357
2353 1356
2354 1353
2355 1356
2356 1357
2357 1357
2358 1354
2359 1354
2360 1354
2361 1353
2362 1362
2363 1356
2364 1350
2365 1354
2366 1356
2367 1360
2368 1355
2369 1354
2370 1354
2371 1356
2372 1357
2373 1354
2374 1353
2375 1354
2376 1355
2377 1355
2378 1354
2379 1355
2380 1354
2381 1355
2382 1351
2383 1355
2384 1357
2385 1353
2386 1355
2387 1354
2388 1356
2389 1359
2390 1354
2391 1356
2392 1352
2393 1354
2394 1355
2395 1356
2396 1356
2397 1356
2398 1359
2399 1353
2400 1356
2401 1356
2402 1355
2403 1356
2404 1354
2405 1354
2406 1355
2407 1355
2408 1356
2409 1354
2410 1355
2411 1356
2412 1353
2413 1355
2414 1354
2415 1353
2416 1355
2417 1356
2418 1355
2419 1355
2420 1355
2421 1355
2422 1357
2423 1351
2424 1358
2425 1356
2426 1356
2427 1354
2428 1355
2429 1354
2430 1351
2431 1353
2432 1353
2433 1353
2434 1354
2435 1353
2436 1353
2437 1355
2438 1351
2439 1354
2440 1352
2441 1353
2442 1356
2443 1356
2444 1355
2445 1356
2446 1356
2447 1355
2448 1353
2449 1355
2450 1354
2451 1354
2452 1356
2453 1355
2454 1353
2455 1354
2456 1357
2457 1354
2458 1355
2459 1354
2460 1355
2461 1354
2462 1355
2463 1358
2464 1354
2465 1354
2466 1355
2467 1355
2468 1357
2469 1355
2470 1356
2471 1357
2472 1356
2473 1357
2474 1353
2475 1354
2476 1354
2477 1355
2478 1356
2479 1353
2480 1353
2481 1354
2482 1356
2483 1355
2484 1356
2485 1353
2486 1357
2487 1352
2488 1357
2489 1356
2490 1355
2491 1355
2492 1356
2493 1356
2494 1352
2495 1356
2496 1356
2497 1358
2498 1351
2499 1356
2500 1353
2501 1354
2502 1355
2503 1357
2504 1354
2505 1357
2506 1352
2507 1356
2508 1355
2509 1356
2510 1353
2511 1356
2512 1357
2513 1355
2514 1355
2515 1354
2516 1352
2517 1355
2518 1354
2519 1352
2520 1350
2521 1355
2522 1358
2523 1358
2524 1357
2525 1352
2526 1357
2527 1359
2528 1356
2529 1352
2530 1353
2531 1356
2532 1356
2533 1355
2534 1352
2535 1356
2536 1357
2537 1356
2538 1355
2539 1356
2540 1351
2541 1358
2542 1356
2543 1360
2544 1355
2545 1355
2546 1353
2547 1355
2548 1357
2549 1354
2550 1353
2551 1355
2552 1354
2553 1353
2554 1354
2555 1355
2556 1353
2557 1356
2558 1354
2559 1356
2560 1355
2561 1356
2562 1355
2563 1355
2564 1357
2565 1358
2566 1355
2567 1357
2568 1355
2569 1353
2570 1355
2571 1358
2572 1356
2573 1356
2574 1355
2575 1355
2576 1354
2577 1356
2578 1354
2579 1356
2580 1353
2581 1356
2582 1353
2583 1356
2584 1353
2585 1358
2586 1352
2587 1356
2588 1351
2589 1357
2590 1355
2591 1353
2592 1356
2593 1356
2594 1353
2595 1355
2596 1351
2597 1356
2598 1355
2599 1355
2600 1356
2601 1352
2602 1356
2603 1355
2604 1355
2605 1358
2606 1355
2607 1358
2608 1353
2609 1355
2610 1354
2611 1357
2612 1356
2613 1355
2614 1353
2615 1356
2616 1357
2617 1353
2618 1352
2619 1354
2620 1354
2621 1354
2622 1355
2623 1356
2624 1354
2625 1358
2626 1357
2627 1356
2628 1355
2629 1356
2630 1354
2631 1356
2632 1354
2633 1355
2634 1354
2635 1360
2636 1356
2637 1354
2638 1352
2639 1356
2640 1356
2641 1357
2642 1353
2643 1356
2644 1357
2645 1354
2646 1353
2647 1354
2648 1356
2649 1355
2650 1356
2651 1355
2652 1357
2653 1356
2654 1355
2655 1356
2656 1355
2657 1356
2658 1355
2659 1355
2660 1355
2661 1356
2662 1359
2663 1354
2664 1354
2665 1355
2666 1357
2667 1358
2668 1353
2669 1356
2670 1355
2671 1355
2672 1356
2673 1353
2674 1355
2675 1356
2676 1355
2677 1355
2678 1353
2679 1356
2680 1355
2681 1356
2682 1351
2683 1352
2684 1355
2685 1354
2686 1354
2687 1353
2688 1355
2689 1357
2690 1355
2691 1355
2692 1356
2693 1356
2694 1354
2695 1356
2696 1354
2697 1357
2698 1354
2699 1356
2700 1350
2701 1356
2702 1363
2703 1356
2704 1354
2705 1354
2706 1354
2707 1357
2708 1356
2709 1352
2710 1355
2711 1354
2712 1352
2713 1353
2714 1353
2715 1354
2716 1357
2717 1355
2718 1354
2719 1356
2720 1357
2721 1354
2722 1358
2723 1356
2724 1354
2725 1355
2726 1354
2727 1358
2728 1357
2729 1356
2730 1357
2731 1359
2732 1356
2733 1358
2734 1355
2735 1354
2736 1356
2737 1356
2738 1354
2739 1353
2740 1353
2741 1356
2742 1354
2743 1352
2744 1356
2745 1355
2746 1357
2747 1355
2748 1358
2749 1355
2750 1354
2751 1356
2752 1355
2753 1354
2754 1353
2755 1355
2756 1357
2757 1357
2758 1358
2759 1356
2760 1356
2761 1355
2762 1358
2763 1357
2764 1354
2765 1355
2766 1356
2767 1356
2768 1355
2769 1353
2770 1358
2771 1358
2772 1356
2773 1356
2774 1354
2775 1355
2776 1357
2777 1353
2778 1354
2779 1354
2780 1352
2781 1356
2782 1356
2783 1355
2784 1355
2785 1356
2786 1355
2787 1357
2788 1351
2789 1356
2790 1357
2791 1356
2792 1356
2793 1355
2794 1352
2795 1352
2796 1353
2797 1354
2798 1355
2799 1356
2800 1355
2801 1356
2802 1356
2803 1357
2804 1356
2805 1355
2806 1353
2807 1356
2808 1354
2809 1355
2810 1353
2811 1354
2812 1355
2813 1356
2814 1355
2815 1356
2816 1355
2817 1356
2818 1351
2819 1353
2820 1356
2821 1355
2822 1354
2823 1355
2824 1355
2825 1356
2826 1351
2827 1358
2828 1354
2829 1353
2830 1353
2831 1357
2832 1356
2833 1355
2834 1355
2835 1354
2836 1354
2837 1356
2838 1353
2839 1355
2840 1356
2841 1354
2842 1355
2843 1355
2844 1353
2845 1355
2846 1357
2847 1359
2848 1355
2849 1353
2850 1355
2851 1355
2852 1356
2853 1355
2854 1352
2855 1355
2856 1355
2857 1354
2858 1357
2859 1354
2860 1355
2861 1357
2862 1356
2863 1357
2864 1353
2865 1355
2866 1355
2867 1355
2868 1354
2869 1355
2870 1354
2871 1355
2872 1356
2873 1355
2874 1356
2875 1355
2876 1357
2877 1355
2878 1353
2879 1355
2880 1352
2881 1356
2882 1361
2883 1354
2884 1352
2885 1353
2886 1357
2887 1355
2888 1357
2889 1355
2890 1356
2891 1356
2892 1354
2893 1354
2894 1353
2895 1354
2896 1354
2897 1354
2898 1357
2899 1354
2900 1358
2901 1356
2902 1355
2903 1358
2904 1359
2905 1355
2906 1355
2907 1354
2908 1357
2909 1357
2910 1353
2911 1352
2912 1354
2913 1355
2914 1355
2915 1354
2916 1355
2917 1354
2918 1355
2919 1354
2920 1355
2921 1353
2922 1356
2923 1355
2924 1357
2925 1356
2926 1353
2927 1354
2928 1352
2929 1354
2930 1351
2931 1351
2932 1351
2933 1353
2934 1354
2935 1354
2936 1356
2937 1356
2938 1354
2939 1354
2940 1355
2941 1356
2942 1356
2943 1354
2944 1355
2945 1357
2946 1355
2947 1358
2948 1356
2949 1356
2950 1356
2951 1355
2952 1355
2953 1356
2954 1353
2955 1356
2956 1355
2957 1357
2958 1356
2959 1354
2960 1353
2961 1353
2962 1355
2963 1356
2964 1356
2965 1359
2966 1356
2967 1355
2968 1355
2969 1354
2970 1357
2971 1354
2972 1354
2973 1354
2974 1356
2975 1358
2976 1356
2977 1354
2978 1354
2979 1355
2980 1355
2981 1356
2982 1357
2983 1357
2984 1355
2985 1353
2986 1352
2987 1352
2988 1353
2989 1353
2990 1354
2991 1352
2992 1353
2993 1354
2994 1357
2995 1357
2996 1353
2997 1357
2998 1356
2999 1355
3000 1350
3001 1352
3002 1357
3003 1356
3004 1355
3005 1356
3006 1354
3007 1353
3008 1353
3009 1355
3010 1356
3011 1352
3012 1353
3013 1353
3014 1352
3015 1353
3016 1350
3017 1357
3018 1353
3019 1356
3020 1354
3021 1357
3022 1355
3023 1354
3024 1353
3025 1356
3026 1354
3027 1355
3028 1355
3029 1356
3030 1354
3031 1355
3032 1354
3033 1356
3034 1354
3035 1357
3036 1356
3037 1357
3038 1354
3039 1357
3040 1355
3041 1355
3042 1356
3043 1353
3044 1354
3045 1357
3046 1355
3047 1355
3048 1351
3049 1356
3050 1355
3051 1356
3052 1357
3053 1356
3054 1353
3055 1354
3056 1355
3057 1355
3058 1354
3059 1354
3060 1353
3061 1356
3062 1357
3063 1358
3064 1352
3065 1354
3066 1354
3067 1353
3068 1358
3069 1349
3070 1351
3071 1355
3072 1356
3073 1356
3074 1354
3075 1356
3076 1354
3077 1356
3078 1355
3079 1353
3080 1354
3081 1352
3082 1354
3083 1356
3084 1358
3085 1355
3086 1353
3087 1353
3088 1356
3089 1352
3090 1355
3091 1356
3092 1356
3093 1354
3094 1352
3095 1355
3096 1353
3097 1357
3098 1353
3099 1355
3100 1355
3101 1358
3102 1355
3103 1354
3104 1358
3105 1354
3106 1352
3107 1356
3108 1355
3109 1354
3110 1353
3111 1355
3112 1355
3113 1354
3114 1353
3115 1354
3116 1355
3117 1356
3118 1356
3119 1357
3120 1360
3121 1358
3122 1357
3123 1357
3124 1356
3125 1357
3126 1354
3127 1357
3128 1355
3129 1355
3130 1355
3131 1356
3132 1357
3133 1354
3134 1355
3135 1355
3136 1357
3137 1355
3138 1356
3139 1356
3140 1356
3141 1357
3142 1352
3143 1354
3144 1354
3145 1355
3146 1354
3147 1356
3148 1357
3149 1355
3150 1356
3151 1354
3152 1354
3153 1356
3154 1356
3155 1356
3156 1357
3157 1356
3158 1355
3159 1356
3160 1354
3161 1354
3162 1355
3163 1356
3164 1356
3165 1355
3166 1356
3167 1354
3168 1353
3169 1356
3170 1356
3171 1354
3172 1356
3173 1354
3174 1356
3175 1356
3176 1357
3177 1356
3178 1358
3179 1354
3180 1353
3181 1354
3182 1355
3183 1355
3184 1354
3185 1356
3186 1357
3187 1355
3188 1357
3189 1356
3190 1357
3191 1360
3192 1355
3193 1354
3194 1354
3195 1352
3196 1356
3197 1355
3198 1354
3199 1355
3200 1353
3201 1357
3202 1354
3203 1355
3204 1352
3205 1357
3206 1354
3207 1356
3208 1355
3209 1356
3210 1354
3211 1354
3212 1354
3213 1354
3214 1355
3215 1356
3216 1356
3217 1354
3218 1355
3219 1354
3220 1357
3221 1357
3222 1356
3223 1354
3224 1356
3225 1356
3226 1353
3227 1355
3228 1355
3229 1355
3230 1353
3231 1356
3232 1356
3233 1355
3234 1354
3235 1356
3236 1356
3237 1355
3238 1352
3239 1353
3240 1353
3241 1356
3242 1359
3243 1357
3244 1355
3245 1354
3246 1355
3247 1355
3248 1354
3249 1353
3250 1354
3251 1357
3252 1355
3253 1354
3254 1356
3255 1356
3256 1355
3257 1355
3258 1352
3259 1355
3260 1355
3261 1353
3262 1356
3263 1359
3264 1356
3265 1356
3266 1352
3267 1358
3268 1357
3269 1355
3270 1355
3271 1354
3272 1354
3273 1356
3274 1357
3275 1354
3276 1356
3277 1354
3278 1353
3279 1353
3280 1353
3281 1356
3282 1357
3283 1355
3284 1357
3285 1356
3286 1355
3287 1356
3288 1356
3289 1354
3290 1354
3291 1353
3292 1356
3293 1353
3294 1353
3295 1355
3296 1357
3297 1355
3298 1353
3299 1355
3300 1358
3301 1359
3302 1353
3303 1355
3304 1355
3305 1355
3306 1356
3307 1352
3308 1354
3309 1355
3310 1355
3311 1354
3312 1356
3313 1354
3314 1355
3315 1356
3316 1356
3317 1356
3318 1355
3319 1353
3320 1353
3321 1352
3322 1352
3323 1354
3324 1355
3325 1356
3326 1354
3327 1356
3328 1354
3329 1354
3330 1355
3331 1357
3332 1351
3333 1354
3334 1355
3335 1358
3336 1356
3337 1355
3338 1355
3339 1356
3340 1355
3341 1356
3342 1358
3343 1358
3344 1356
3345 1356
3346 1355
3347 1357
3348 1352
3349 1355
3350 1356
3351 1355
3352 1357
3353 1353
3354 1355
3355 1354
3356 1353
3357 1355
3358 1355
3359 1356
3360 1353
3361 1358
3362 1356
3363 1356
3364 1357
3365 1357
3366 1355
3367 1358
3368 1354
3369 1357
3370 1357
3371 1356
3372 1356
3373 1353
3374 1355
3375 1356
3376 1356
3377 1357
3378 1355
3379 1354
3380 1355
3381 1353
3382 1355
3383 1352
3384 1357
3385 1355
3386 1357
3387 1355
3388 1353
3389 1355
3390 1355
3391 1354
3392 1354
3393 1354
3394 1357
3395 1356
3396 1354
3397 1355
3398 1356
3399 1354
3400 1355
3401 1354
3402 1355
3403 1355
3404 1352
3405 1357
3406 1355
3407 1354
3408 1357
3409 1355
3410 1355
3411 1352
3412 1354
3413 1356
3414 1353
3415 1355
3416 1354
3417 1355
3418 1354
3419 1355
3420 1354
3421 1360
3422 1358
3423 1356
3424 1357
3425 1353
3426 1356
3427 1357
3428 1357
3429 1355
3430 1358
3431 1354
3432 1355
3433 1356
3434 1355
3435 1353
3436 1355
3437 1355
3438 1354
3439 1356
3440 1357
3441 1355
3442 1355
3443 1358
3444 1356
3445 1353
3446 1349
3447 1352
3448 1356
3449 1352
3450 1354
3451 1353
3452 1357
3453 1356
3454 1355
3455 1354
3456 1358
3457 1357
3458 1356
3459 1356
3460 1355
3461 1355
3462 1357
3463 1358
3464 1356
3465 1355
3466 1352
3467 1355
3468 1356
3469 1352
3470 1352
3471 1352
3472 1356
3473 1356
3474 1355
3475 1354
3476 1356
3477 1356
3478 1357
3479 1355
3480 1357
3481 1356
3482 1356
3483 1356
3484 1354
3485 1355
3486 1357
3487 1357
3488 1355
3489 1354
3490 1355
3491 1355
3492 1356
3493 1354
3494 1352
3495 1358
3496 1356
3497 1353
3498 1354
3499 1356
3500 1358
3501 1357
3502 1354
3503 1356
3504 1355
3505 1356
3506 1356
3507 1353
3508 1356
3509 1355
3510 1354
3511 1352
3512 1355
3513 1357
3514 1357
3515 1356
3516 1357
3517 1354
3518 1358
3519 1357
3520 1353
3521 1355
3522 1357
3523 1355
3524 1355
3525 1354
3526 1355
3527 1354
3528 1356
3529 1355
3530 1354
3531 1355
3532 1357
3533 1357
3534 1356
3535 1355
3536 1355
3537 1356
3538 1355
3539 1357
3540 1357
3541 1356
3542 1357
3543 1353
3544 1356
3545 1358
3546 1357
3547 1354
3548 1357
3549 1357
3550 1357
3551 1357
3552 1356
3553 1355
3554 1354
3555 1353
3556 1355
3557 1355
3558 1357
3559 1353
3560 1352
3561 1355
3562 1357
3563 1354
3564 1355
3565 1355
3566 1357
3567 1355
3568 1357
3569 1354
3570 1357
3571 1356
3572 1358
3573 1355
3574 1357
3575 1355
3576 1355
3577 1354
3578 1353
3579 1355
3580 1355
3581 1355
3582 1356
3583 1354
3584 1355
3585 1355
3586 1356
3587 1356
3588 1355
3589 1353
3590 1356
3591 1356
3592 1357
3593 1356
3594 1357
3595 1356
3596 1357
3597 1355
3598 1357
3599 1352
3600 1355
3601 1355
3602 1356
3603 1354
3604 1353
3605 1354
3606 1357
3607 1355
3608 1354
3609 1354
3610 1356
3611 1354
3612 1357
3613 1355
3614 1355
3615 1356
3616 1357
3617 1353
3618 1355
3619 1353
3620 1355
3621 1354
3622 1352
3623 1355
3624 1355
3625 1355
3626 1356
3627 1355
3628 1357
3629 1356
3630 1357
3631 1356
3632 1353
3633 1354
3634 1355
3635 1354
3636 1357
3637 1355
3638 1356
3639 1354
3640 1354
3641 1356
3642 1353
3643 1355
3644 1353
3645 1355
3646 1354
3647 1358
3648 1357
3649 1358
3650 1356
3651 1353
3652 1355
3653 1355
3654 1353
3655 1355
3656 1354
3657 1357
3658 1354
3659 1354
3660 1355
3661 1355
3662 1355
3663 1354
3664 1355
3665 1352
3666 1352
3667 1356
3668 1355
3669 1355
3670 1353
3671 1353
3672 1356
3673 1354
3674 1353
3675 1353
3676 1355
3677 1355
3678 1352
3679 1353
3680 1354
3681 1354
3682 1355
3683 1353
3684 1357
3685 1353
3686 1354
3687 1353
3688 1355
3689 1356
3690 1355
3691 1355
3692 1356
3693 1357
3694 1354
3695 1356
3696 1357
3697 1357
3698 1356
3699 1354
3700 1356
3701 1357
3702 1356
3703 1354
3704 1356
3705 1358
3706 1356
3707 1356
3708 1357
3709 1354
3710 1354
3711 1354
3712 1355
3713 1356
3714 1356
3715 1355
3716 1356
3717 1357
3718 1354
3719 1355
3720 1354
3721 1355
3722 1356
3723 1356
3724 1356
3725 1355
3726 1351
3727 1355
3728 1353
3729 1354
3730 1355
3731 1355
3732 1358
3733 1355
3734 1354
3735 1355
3736 1353
3737 1354
3738 1355
3739 1355
3740 1355
3741 1355
3742 1353
3743 1355
3744 1355
3745 1355
3746 1352
3747 1355
3748 1353
3749 1356
3750 1354
3751 1352
3752 1355
3753 1354
3754 1355
3755 1357
3756 1357
3757 1357
3758 1355
3759 1355
3760 1352
3761 1355
3762 1355
3763 1356
3764 1356
3765 1355
3766 1355
3767 1355
3768 1352
3769 1353
3770 1354
3771 1356
3772 1355
3773 1354
3774 1356
3775 1354
3776 1355
3777 1355
3778 1355
3779 1353
3780 1357
3781 1355
3782 1357
3783 1354
3784 1354
3785 1354
3786 1354
3787 1357
3788 1355
3789 1355
3790 1357
3791 1352
3792 1355
3793 1353
3794 1352
3795 1352
3796 1356
3797 1355
3798 1356
3799 1356
3800 1356
3801 1356
3802 1355
3803 1355
3804 1357
3805 1355
3806 1353
3807 1356
3808 1354
3809 1356
3810 1356
3811 1352
3812 1356
3813 1354
3814 1352
3815 1352
3816 1353
3817 1356
3818 1357
3819 1355
3820 1355
3821 1356
3822 1354
3823 1353
3824 1355
3825 1353
3826 1359
3827 1357
3828 1354
3829 1355
3830 1356
3831 1354
3832 1353
3833 1354
3834 1352
3835 1354
3836 1357
3837 1356
3838 1354
3839 1356
3840 1353
3841 1355
3842 1353
3843 1355
3844 1353
3845 1352
3846 1354
3847 1356
3848 1355
3849 1354
3850 1352
3851 1355
3852 1357
3853 1354
3854 1353
3855 1357
3856 1356
3857 1354
3858 1354
3859 1355
3860 1357
3861 1353
3862 1352
3863 1356
3864 1353
3865 1355
3866 1354
3867 1353
3868 1353
3869 1353
3870 1356
3871 1357
3872 1353
3873 1354
3874 1356
3875 1356
3876 1354
3877 1355
3878 1351
3879 1354
3880 1356
3881 1353
3882 1355
3883 1352
3884 1355
3885 1356
3886 1355
3887 1358
3888 1352
3889 1353
3890 1355
3891 1356
3892 1355
3893 1354
3894 1356
3895 1355
3896 1356
3897 1357
3898 1352
3899 1354
3900 1354
3901 1356
3902 1356
3903 1353
3904 1355
3905 1354
3906 1353
3907 1351
3908 1353
3909 1356
3910 1355
3911 1356
3912 1357
3913 1356
3914 1355
3915 1354
3916 1356
3917 1357
3918 1357
3919 1355
3920 1356
3921 1358
3922 1354
3923 1354
3924 1352
3925 1355
3926 1354
3927 1355
3928 1355
3929 1354
3930 1355
3931 1356
3932 1354
3933 1352
3934 1356
3935 1353
3936 1355
3937 1356
3938 1354
3939 1356
3940 1354
3941 1355
3942 1352
3943 1356
3944 1355
3945 1354
3946 1353
3947 1358
3948 1353
3949 1354
3950 1357
3951 1356
3952 1355
3953 1355
3954 1356
3955 1353
3956 1356
3957 1357
3958 1353
3959 1354
3960 1351
3961 1356
3962 1359
3963 1356
3964 1355
3965 1354
3966 1357
3967 1357
3968 1355
3969 1355
3970 1354
3971 1354
3972 1358
3973 1355
3974 1351
3975 1354
3976 1355
3977 1357
3978 1353
3979 1353
3980 1355
3981 1356
3982 1355
3983 1355
3984 1353
3985 1355
3986 1359
3987 1355
3988 1357
3989 1352
3990 1353
3991 1355
3992 1356
3993 1352
3994 1354
3995 1355
3996 1353
3997 1354
3998 1357
3999 1354
