0 1354
1 1357
2 1355
3 1352
4 1353
5 1355
6 1354
7 1356
8 1355
9 1351
10 1352
11 1356
12 1355
13 1350
14 1354
15 1354
16 1354
17 1352
18 1351
19 1354
20 1355
21 1354
22 1353
23 1353
24 1355
25 1354
26 1356
27 1357
28 1353
29 1357
30 1353
31 1355
32 1351
33 1357
34 1354
35 1354
36 1354
37 1355
38 1354
39 1354
40 1351
41 1353
42 1350
43 1354
44 1356
45 1354
46 1351
47 1352
48 1354
49 1354
50 1353
51 1355
52 1352
53 1354
54 1353
55 1356
56 1354
57 1355
58 1352
59 1354
60 1352
61 1350
62 1350
63 1353
64 1353
65 1353
66 1353
67 1354
68 1354
69 1352
70 1351
71 1353
72 1352
73 1353
74 1354
75 1357
76 1355
77 1356
78 1353
79 1352
80 1353
81 1353
82 1350
83 1352
84 1352
85 1357
86 1352
87 1352
88 1352
89 1353
90 1352
91 1354
92 1352
93 1354
94 1354
95 1355
96 1353
97 1355
98 1353
99 1352
100 1354
101 1355
102 1353
103 1356
104 1357
105 1354
106 1353
107 1355
108 1355
109 1356
110 1354
111 1355
112 1357
113 1355
114 1354
115 1354
116 1354
117 1354
118 1353
119 1352
120 1355
121 1354
122 1352
123 1353
124 1351
125 1356
126 1353
127 1353
128 1353
129 1354
130 1353
131 1354
132 1352
133 1356
134 1355
135 1357
136 1354
137 1354
138 1353
139 1354
140 1354
141 1354
142 1352
143 1352
144 1352
145 1355
146 1354
147 1356
148 1353
149 1353
150 1355
151 1353
152 1353
153 1354
154 1350
155 1353
156 1352
157 1353
158 1349
159 1353
160 1354
161 1354
162 1350
163 1352
164 1352
165 1356
166 1354
167 1354
168 1352
169 1354
170 1351
171 1357
172 1354
173 1351
174 1354
175 1356
176 1354
177 1354
178 1353
179 1355
180 1353
181 1351
182 1351
183 1353
184 1351
185 1353
186 1355
187 1354
188 1355
189 1356
190 1352
191 1353
192 1353
193 1353
194 1354
195 1356
196 1353
197 1354
198 1352
199 1352
200 1352
201 1350
202 1353
203 1351
204 1353
205 1353
206 1353
207 1353
208 1353
209 1356
210 1352
211 1353
212 1353
213 1355
214 1352
215 1354
216 1350
217 1354
218 1355
219 1352
220 1353
221 1352
222 1353
223 1353
224 1353
225 1355
226 1352
227 1356
228 1353
229 1355
230 1355
231 1354
232 1351
233 1351
234 1356
235 1358
236 1356
237 1357
238 1353
239 1353
240 1353
241 1352
242 1355
243 1353
244 1351
245 1353
246 1352
247 1356
248 1352
249 1354
250 1352
251 1353
252 1353
253 1354
254 1352
255 1353
256 1354
257 1353
258 1355
259 1352
260 1351
261 1352
262 1352
263 1352
264 1355
265 1357
266 1356
267 1353
268 1353
269 1354
270 1355
271 1354
272 1356
273 1353
274 1351
275 1352
276 1354
277 1355
278 1353
279 1353
280 1353
281 1355
282 1353
283 1352
284 1353
285 1352
286 1352
287 1357
288 1356
289 1351
290 1353
291 1355
292 1356
293 1354
294 1353
295 1353
296 1356
297 1356
298 1351
299 1357
300 1353
301 1352
302 1351
303 1355
304 1351
305 1352
306 1351
307 1352
308 1352
309 1353
310 1353
311 1352
312 1351
313 1352
314 1353
315 1350
316 1353
317 1353
318 1352
319 1355
320 1356
321 1356
322 1354
323 1354
324 1357
325 1351
326 1353
327 1356
328 1354
329 1353
330 1352
331 1353
332 1355
333 1354
334 1356
335 1354
336 1355
337 1353
338 1353
339 1351
340 1353
341 1354
342 1354
343 1352
344 1350
345 1352
346 1351
347 1352
348 1356
349 1357
350 1354
351 1353
352 1353
353 1352
354 1354
355 1355
356 1352
357 1353
358 1353
359 1353
360 1355
361 1353
362 1351
363 1352
364 1351
365 1354
366 1353
367 1354
368 1354
369 1352
370 1351
371 1352
372 1353
373 1354
374 1353
375 1354
376 1355
377 1351
378 1353
379 1355
380 1355
381 1355
382 1353
383 1357
384 1357
385 1355
386 1356
387 1353
388 1353
389 1358
390 1356
391 1354
392 1351
393 1350
394 1356
395 1356
396 1356
397 1355
398 1354
399 1355
400 1357
401 1354
402 1354
403 1352
404 1354
405 1350
406 1353
407 1355
408 1356
409 1355
410 1354
411 1354
412 1353
413 1353
414 1353
415 1354
416 1354
417 1354
418 1353
419 1354
420 1355
421 1357
422 1351
423 1351
424 1353
425 1355
426 1356
427 1356
428 1351
429 1354
430 1355
431 1356
432 1354
433 1354
434 1351
435 1350
436 1354
437 1355
438 1353
439 1354
440 1355
441 1355
442 1355
443 1356
444 1354
445 1355
446 1353
447 1352
448 1354
449 1353
450 1356
451 1354
452 1354
453 1353
454 1355
455 1357
456 1353
457 1354
458 1352
459 1353
460 1355
461 1356
462 1352
463 1351
464 1355
465 1353
466 1352
467 1355
468 1353
469 1354
470 1356
471 1356
472 1355
473 1355
474 1351
475 1356
476 1355
477 1354
478 1353
479 1350
480 1353
481 1354
482 1353
483 1353
484 1353
485 1354
486 1353
487 1353
488 1354
489 1352
490 1353
491 1352
492 1353
493 1353
494 1354
495 1353
496 1353
497 1353
498 1353
499 1353
500 1353
501 1352
502 1355
503 1355
504 1355
505 1354
506 1352
507 1354
508 1353
509 1354
510 1356
511 1357
512 1353
513 1355
514 1354
515 1354
516 1353
517 1354
518 1353
519 1354
520 1353
521 1353
522 1354
523 1351
524 1352
525 1354
526 1355
527 1354
528 1351
529 1351
530 1354
531 1355
532 1357
533 1354
534 1357
535 1358
536 1365
537 1369
538 1381
539 1393
540 1412
541 1429
542 1453
543 1477
544 1504
545 1533
546 1557
547 1584
548 1612
549 1634
550 1654
551 1669
552 1680
553 1690
554 1703
555 1709
556 1712
557 1715
558 1716
559 1711
560 1708
561 1703
562 1696
563 1677
564 1667
565 1655
566 1643
567 1627
568 1612
569 1600
570 1591
571 1575
572 1566
573 1552
574 1544
575 1533
576 1518
577 1509
578 1502
579 1492
580 1484
581 1469
582 1459
583 1455
584 1450
585 1440
586 1436
587 1430
588 1427
589 1425
590 1419
591 1416
592 1411
593 1409
594 1406
595 1404
596 1404
597 1400
598 1398
599 1396
600 1394
601 1389
602 1386
603 1384
604 1383
605 1380
606 1380
607 1378
608 1376
609 1375
610 1375
611 1372
612 1372
613 1367
614 1368
615 1369
616 1364
617 1362
618 1364
619 1365
620 1364
621 1363
622 1363
623 1363
624 1362
625 1360
626 1361
627 1361
628 1361
629 1362
630 1357
631 1362
632 1359
633 1360
634 1359
635 1359
636 1356
637 1362
638 1359
639 1357
640 1358
641 1358
642 1356
643 1355
644 1356
645 1357
646 1355
647 1353
648 1357
649 1356
650 1355
651 1354
652 1354
653 1354
654 1355
655 1354
656 1350
657 1353
658 1354
659 1355
660 1354
661 1356
662 1354
663 1355
664 1357
665 1354
666 1355
667 1356
668 1355
669 1356
670 1354
671 1356
672 1355
673 1354
674 1352
675 1355
676 1355
677 1357
678 1355
679 1355
680 1356
681 1354
682 1356
683 1355
684 1355
685 1357
686 1357
687 1357
688 1359
689 1359
690 1357
691 1357
692 1355
693 1355
694 1356
695 1356
696 1358
697 1353
698 1355
699 1357
700 1356
701 1353
702 1353
703 1356
704 1353
705 1355
706 1352
707 1354
708 1352
709 1356
710 1354
711 1355
712 1354
713 1349
714 1355
715 1357
716 1356
717 1356
718 1357
719 1355
720 1355
721 1354
722 1353
723 1353
724 1352
725 1354
726 1353
727 1352
728 1353
729 1354
730 1356
731 1357
732 1355
733 1353
734 1352
735 1354
736 1354
737 1353
738 1351
739 1351
740 1354
741 1354
742 1354
743 1356
744 1356
745 1357
746 1354
747 1352
748 1352
749 1354
750 1353
751 1357
752 1352
753 1352
754 1351
755 1353
756 1354
757 1352
758 1356
759 1353
760 1355
761 1355
762 1354
763 1356
764 1353
765 1353
766 1353
767 1355
768 1355
769 1355
770 1354
771 1352
772 1353
773 1354
774 1354
775 1353
776 1353
777 1354
778 1355
779 1357
780 1353
781 1351
782 1351
783 1355
784 1356
785 1356
786 1355
787 1357
788 1352
789 1353
790 1352
791 1354
792 1357
793 1353
794 1353
795 1355
796 1357
797 1353
798 1355
799 1354
800 1350
801 1352
802 1354
803 1356
804 1355
805 1355
806 1353
807 1352
808 1355
809 1354
810 1353
811 1356
812 1356
813 1355
814 1353
815 1355
816 1354
817 1352
818 1356
819 1357
820 1351
821 1354
822 1355
823 1355
824 1355
825 1353
826 1353
827 1354
828 1352
829 1354
830 1356
831 1354
832 1352
833 1351
834 1354
835 1358
836 1354
837 1354
838 1353
839 1353
840 1353
841 1356
842 1351
843 1351
844 1353
845 1355
846 1356
847 1355
848 1356
849 1355
850 1354
851 1355
852 1353
853 1351
854 1355
855 1353
856 1354
857 1353
858 1355
859 1351
860 1354
861 1353
862 1354
863 1355
864 1354
865 1355
866 1356
867 1354
868 1355
869 1357
870 1353
871 1355
872 1354
873 1354
874 1351
875 1352
876 1356
877 1355
878 1352
879 1354
880 1355
881 1357
882 1354
883 1353
884 1354
885 1354
886 1356
887 1356
888 1350
889 1352
890 1354
891 1355
892 1355
893 1356
894 1351
895 1354
896 1355
897 1355
898 1356
899 1352
900 1355
901 1355
902 1353
903 1352
904 1352
905 1358
906 1358
907 1354
908 1352
909 1353
910 1357
911 1357
912 1354
913 1352
914 1355
915 1352
916 1353
917 1353
918 1354
919 1352
920 1353
921 1352
922 1353
923 1354
924 1356
925 1353
926 1354
927 1356
928 1354
929 1354
930 1354
931 1354
932 1356
933 1352
934 1356
935 1353
936 1355
937 1353
938 1352
939 1354
940 1354
941 1354
942 1354
943 1356
944 1355
945 1354
946 1355
947 1350
948 1354
949 1355
950 1352
951 1355
952 1354
953 1353
954 1355
955 1353
956 1349
957 1354
958 1354
959 1353
960 1353
961 1352
962 1352
963 1347
964 1353
965 1357
966 1354
967 1352
968 1353
969 1354
970 1352
971 1354
972 1351
973 1353
974 1354
975 1354
976 1354
977 1354
978 1355
979 1355
980 1353
981 1352
982 1351
983 1351
984 1354
985 1352
986 1354
987 1353
988 1356
989 1354
990 1354
991 1356
992 1354
993 1352
994 1356
995 1357
996 1354
997 1355
998 1356
999 1354
1000 1356
1001 1353
1002 1353
1003 1351
1004 1353
1005 1355
1006 1354
1007 1354
1008 1353
1009 1352
1010 1354
1011 1353
1012 1354
1013 1353
1014 1353
1015 1353
1016 1353
1017 1354
1018 1354
1019 1353
1020 1352
1021 1354
1022 1354
1023 1353
1024 1355
1025 1357
1026 1356
1027 1352
1028 1354
1029 1354
1030 1354
1031 1357
1032 1353
1033 1356
1034 1353
1035 1353
1036 1354
1037 1354
1038 1354
1039 1351
1040 1355
1041 1354
1042 1354
1043 1355
1044 1354
1045 1353
1046 1354
1047 1352
1048 1353
1049 1357
1050 1355
1051 1355
1052 1353
1053 1354
1054 1353
1055 1351
1056 1351
1057 1354
1058 1355
1059 1353
1060 1355
1061 1357
1062 1352
1063 1354
1064 1355
1065 1354
1066 1354
1067 1354
1068 1355
1069 1353
1070 1351
1071 1354
1072 1353
1073 1357
1074 1354
1075 1351
1076 1351
1077 1354
1078 1353
1079 1354
1080 1353
1081 1356
1082 1355
1083 1354
1084 1353
1085 1355
1086 1355
1087 1355
1088 1350
1089 1352
1090 1355
1091 1355
1092 1353
1093 1352
1094 1353
1095 1355
1096 1354
1097 1354
1098 1354
1099 1353
1100 1354
1101 1357
1102 1354
1103 1355
1104 1352
1105 1353
1106 1354
1107 1355
1108 1354
1109 1355
1110 1353
1111 1355
1112 1353
1113 1355
1114 1351
1115 1356
1116 1352
1117 1352
1118 1351
1119 1353
1120 1353
1121 1354
1122 1354
1123 1353
1124 1352
1125 1355
1126 1353
1127 1352
1128 1353
1129 1354
1130 1355
1131 1352
1132 1355
1133 1353
1134 1351
1135 1352
1136 1354
1137 1354
1138 1353
1139 1354
1140 1352
1141 1353
1142 1356
1143 1354
1144 1356
1145 1353
1146 1355
1147 1353
1148 1353
1149 1354
1150 1354
1151 1354
1152 1352
1153 1353
1154 1353
1155 1356
1156 1353
1157 1352
1158 1353
1159 1355
1160 1353
1161 1354
1162 1353
1163 1352
1164 1353
1165 1356
1166 1353
1167 1354
1168 1355
1169 1353
1170 1350
1171 1356
1172 1356
1173 1353
1174 1354
1175 1354
1176 1354
1177 1353
1178 1353
1179 1352
1180 1351
1181 1356
1182 1355
1183 1356
1184 1356
1185 1354
1186 1354
1187 1352
1188 1355
1189 1355
1190 1356
1191 1352
1192 1353
1193 1355
1194 1354
1195 1353
1196 1356
1197 1352
1198 1355
1199 1355
1200 1355
1201 1353
1202 1353
1203 1354
1204 1354
1205 1352
1206 1355
1207 1354
1208 1353
1209 1353
1210 1352
1211 1356
1212 1353
1213 1353
1214 1354
1215 1351
1216 1350
1217 1353
1218 1354
1219 1357
1220 1356
1221 1357
1222 1356
1223 1355
1224 1357
1225 1353
1226 1355
1227 1353
1228 1351
1229 1354
1230 1354
1231 1354
1232 1355
1233 1353
1234 1354
1235 1354
1236 1352
1237 1354
1238 1356
1239 1356
1240 1354
1241 1355
1242 1356
1243 1356
1244 1352
1245 1354
1246 1354
1247 1353
1248 1354
1249 1353
1250 1354
1251 1353
1252 1356
1253 1352
1254 1353
1255 1355
1256 1352
1257 1353
1258 1352
1259 1355
1260 1354
1261 1353
1262 1353
1263 1354
1264 1355
1265 1353
1266 1354
1267 1353
1268 1354
1269 1354
1270 1353
1271 1355
1272 1354
1273 1350
1274 1353
1275 1354
1276 1354
1277 1355
1278 1353
1279 1352
1280 1353
1281 1353
1282 1352
1283 1350
1284 1354
1285 1354
1286 1352
1287 1353
1288 1355
1289 1354
1290 1352
1291 1354
1292 1352
1293 1354
1294 1351
1295 1353
1296 1353
1297 1355
1298 1354
1299 1352
1300 1354
1301 1356
1302 1352
1303 1350
1304 1352
1305 1355
1306 1354
1307 1354
1308 1353
1309 1354
1310 1355
1311 1357
1312 1355
1313 1353
1314 1354
1315 1354
1316 1355
1317 1355
1318 1353
1319 1353
1320 1356
1321 1353
1322 1352
1323 1355
1324 1354
1325 1355
1326 1355
1327 1355
1328 1356
1329 1354
1330 1354
1331 1353
1332 1355
1333 1354
1334 1356
1335 1354
1336 1354
1337 1354
1338 1352
1339 1353
1340 1352
1341 1355
1342 1356
1343 1355
1344 1353
1345 1357
1346 1356
1347 1353
1348 1356
1349 1352
1350 1355
1351 1352
1352 1353
1353 1353
1354 1352
1355 1354
1356 1356
1357 1354
1358 1354
1359 1355
1360 1352
1361 1353
1362 1353
1363 1354
1364 1355
1365 1355
1366 1353
1367 1353
1368 1352
1369 1352
1370 1355
1371 1352
1372 1352
1373 1352
1374 1355
1375 1354
1376 1355
1377 1354
1378 1352
1379 1353
1380 1353
1381 1353
1382 1352
1383 1355
1384 1353
1385 1354
1386 1353
1387 1354
1388 1353
1389 1354
1390 1357
1391 1354
1392 1355
1393 1353
1394 1352
1395 1355
1396 1356
1397 1355
1398 1354
1399 1354
1400 1354
1401 1357
1402 1352
1403 1351
1404 1355
1405 1355
1406 1354
1407 1351
1408 1353
1409 1349
1410 1355
1411 1354
1412 1355
1413 1354
1414 1354
1415 1351
1416 1353
1417 1351
1418 1356
1419 1355
1420 1354
1421 1356
1422 1356
1423 1354
1424 1355
1425 1353
1426 1353
1427 1353
1428 1357
1429 1353
1430 1352
1431 1352
1432 1355
1433 1350
1434 1355
1435 1354
1436 1354
1437 1353
1438 1354
1439 1352
1440 1352
1441 1349
1442 1353
1443 1351
1444 1355
1445 1355
1446 1354
1447 1352
1448 1353
1449 1353
1450 1356
1451 1355
1452 1351
1453 1352
1454 1355
1455 1354
1456 1353
1457 1353
1458 1352
1459 1353
1460 1353
1461 1353
1462 1354
1463 1352
1464 1354
1465 1354
1466 1354
1467 1354
1468 1354
1469 1356
1470 1355
1471 1354
1472 1352
1473 1352
1474 1352
1475 1355
1476 1354
1477 1352
1478 1351
1479 1351
1480 1351
1481 1355
1482 1354
1483 1357
1484 1354
1485 1353
1486 1352
1487 1350
1488 1353
1489 1353
1490 1353
1491 1354
1492 1351
1493 1352
1494 1353
1495 1356
1496 1355
1497 1352
1498 1351
1499 1354
1500 1352
1501 1351
1502 1350
1503 1352
1504 1354
1505 1356
1506 1353
1507 1353
1508 1354
1509 1355
1510 1355
1511 1354
1512 1350
1513 1355
1514 1354
1515 1351
1516 1353
1517 1353
1518 1355
1519 1351
1520 1353
1521 1354
1522 1353
1523 1354
1524 1352
1525 1353
1526 1352
1527 1355
1528 1355
1529 1353
1530 1353
1531 1353
1532 1352
1533 1353
1534 1351
1535 1355
1536 1353
1537 1352
1538 1354
1539 1354
1540 1353
1541 1352
1542 1353
1543 1354
1544 1356
1545 1354
1546 1354
1547 1353
1548 1353
1549 1354
1550 1356
1551 1352
1552 1355
1553 1357
1554 1352
1555 1354
1556 1354
1557 1354
1558 1351
1559 1353
1560 1351
1561 1352
1562 1352
1563 1350
1564 1352
1565 1357
1566 1354
1567 1354
1568 1354
1569 1356
1570 1353
1571 1355
1572 1353
1573 1353
1574 1354
1575 1351
1576 1353
1577 1356
1578 1356
1579 1354
1580 1355
1581 1357
1582 1355
1583 1352
1584 1354
1585 1354
1586 1352
1587 1351
1588 1356
1589 1355
1590 1352
1591 1352
1592 1352
1593 1351
1594 1355
1595 1356
1596 1353
1597 1353
1598 1353
1599 1352
1600 1353
1601 1355
1602 1354
1603 1353
1604 1353
1605 1354
1606 1354
1607 1353
1608 1354
1609 1353
1610 1354
1611 1356
1612 1353
1613 1352
1614 1353
1615 1353
1616 1355
1617 1352
1618 1353
1619 1354
1620 1354
1621 1352
1622 1353
1623 1351
1624 1354
1625 1355
1626 1354
1627 1353
1628 1354
1629 1353
1630 1350
1631 1354
1632 1354
1633 1351
1634 1353
1635 1354
1636 1353
1637 1354
1638 1354
1639 1353
1640 1354
1641 1353
1642 1355
1643 1356
1644 1356
1645 1354
1646 1356
1647 1351
1648 1354
1649 1354
1650 1353
1651 1354
1652 1353
1653 1355
1654 1354
1655 1354
1656 1354
1657 1352
1658 1355
1659 1353
1660 1353
1661 1357
1662 1352
1663 1351
1664 1358
1665 1357
1666 1355
1667 1354
1668 1354
1669 1353
1670 1354
1671 1355
1672 1353
1673 1357
1674 1356
1675 1355
1676 1353
1677 1352
1678 1352
1679 1357
1680 1355
1681 1357
1682 1354
1683 1355
1684 1354
1685 1354
1686 1354
1687 1352
1688 1354
1689 1354
1690 1353
1691 1353
1692 1353
1693 1351
1694 1356
1695 1356
1696 1355
1697 1355
1698 1356
1699 1355
1700 1356
1701 1353
1702 1352
1703 1353
1704 1354
1705 1353
1706 1354
1707 1356
1708 1355
1709 1354
1710 1352
1711 1355
1712 1354
1713 1352
1714 1356
1715 1352
1716 1352
1717 1354
1718 1353
1719 1354
1720 1353
1721 1355
1722 1350
1723 1354
1724 1351
1725 1358
1726 1356
1727 1354
1728 1353
1729 1352
1730 1356
1731 1358
1732 1353
1733 1354
1734 1354
1735 1356
1736 1355
1737 1354
1738 1354
1739 1354
1740 1356
1741 1354
1742 1355
1743 1354
1744 1354
1745 1351
1746 1353
1747 1354
1748 1356
1749 1352
1750 1356
1751 1355
1752 1356
1753 1355
1754 1355
1755 1353
1756 1355
1757 1354
1758 1356
1759 1352
1760 1353
1761 1356
1762 1354
1763 1353
1764 1352
1765 1353
1766 1353
1767 1356
1768 1357
1769 1354
1770 1356
1771 1355
1772 1355
1773 1352
1774 1353
1775 1353
1776 1354
1777 1352
1778 1351
1779 1352
1780 1353
1781 1353
1782 1353
1783 1353
1784 1355
1785 1353
1786 1353
1787 1353
1788 1356
1789 1355
1790 1355
1791 1354
1792 1352
1793 1353
1794 1352
1795 1354
1796 1354
1797 1352
1798 1354
1799 1354
1800 1356
1801 1353
1802 1354
1803 1353
1804 1355
1805 1355
1806 1353
1807 1351
1808 1355
1809 1354
1810 1355
1811 1351
1812 1355
1813 1355
1814 1353
1815 1355
1816 1351
1817 1354
1818 1356
1819 1355
1820 1356
1821 1352
1822 1354
1823 1355
1824 1353
1825 1353
1826 1356
1827 1354
1828 1354
1829 1351
1830 1356
1831 1355
1832 1353
1833 1352
1834 1355
1835 1352
1836 1354
1837 1353
1838 1353
1839 1355
1840 1352
1841 1353
1842 1351
1843 1351
1844 1356
1845 1353
1846 1351
1847 1357
1848 1355
1849 1355
1850 1355
1851 1355
1852 1354
1853 1353
1854 1355
1855 1355
1856 1356
1857 1350
1858 1355
1859 1355
1860 1356
1861 1352
1862 1352
1863 1352
1864 1355
1865 1351
1866 1350
1867 1355
1868 1356
1869 1353
1870 1352
1871 1354
1872 1354
1873 1352
1874 1354
1875 1352
1876 1352
1877 1352
1878 1355
1879 1353
1880 1353
1881 1352
1882 1352
1883 1355
1884 1351
1885 1355
1886 1353
1887 1354
1888 1354
1889 1352
1890 1353
1891 1352
1892 1352
1893 1352
1894 1352
1895 1351
1896 1352
1897 1354
1898 1350
1899 1351
1900 1352
1901 1352
1902 1353
1903 1351
1904 1355
1905 1352
1906 1353
1907 1352
1908 1354
1909 1355
1910 1355
1911 1354
1912 1352
1913 1353
1914 1354
1915 1353
1916 1352
1917 1352
1918 1354
1919 1351
1920 1353
1921 1355
1922 1353
1923 1352
1924 1351
1925 1353
1926 1354
1927 1354
1928 1351
1929 1352
1930 1354
1931 1353
1932 1353
1933 1353
1934 1353
1935 1353
1936 1354
1937 1352
1938 1354
1939 1353
1940 1354
1941 1353
1942 1353
1943 1351
1944 1353
1945 1355
1946 1353
1947 1353
1948 1353
1949 1352
1950 1352
1951 1354
1952 1355
1953 1353
1954 1352
1955 1352
1956 1354
1957 1356
1958 1352
1959 1354
1960 1353
1961 1353
1962 1352
1963 1355
1964 1354
1965 1353
1966 1355
1967 1355
1968 1355
1969 1355
1970 1355
1971 1356
1972 1353
1973 1354
1974 1356
1975 1356
1976 1351
1977 1353
1978 1351
1979 1355
1980 1352
1981 1354
1982 1354
1983 1354
1984 1351
1985 1355
1986 1352
1987 1353
1988 1354
1989 1350
1990 1354
1991 1351
1992 1354
1993 1354
1994 1354
1995 1352
1996 1353
1997 1353
1998 1355
1999 1354
2000 1354
2001 1354
2002 1354
2003 1354
2004 1355
2005 1355
2006 1355
2007 1355
2008 1356
2009 1352
2010 1353
2011 1355
2012 1354
2013 1354
2014 1353
2015 1353
2016 1353
2017 1354
2018 1353
2019 1353
2020 1352
2021 1355
2022 1352
2023 1353
2024 1353
2025 1354
2026 1353
2027 1354
2028 1353
2029 1354
2030 1353
2031 1357
2032 1355
2033 1356
2034 1354
2035 1356
2036 1353
2037 1355
2038 1354
2039 1353
2040 1354
2041 1354
2042 1353
2043 1354
2044 1355
2045 1357
2046 1354
2047 1352
2048 1352
2049 1353
2050 1352
2051 1355
2052 1354
2053 1353
2054 1352
2055 1352
2056 1356
2057 1351
2058 1354
2059 1356
2060 1354
2061 1357
2062 1355
2063 1352
2064 1358
2065 1356
2066 1357
2067 1354
2068 1354
2069 1353
2070 1353
2071 1353
2072 1355
2073 1351
2074 1350
2075 1356
2076 1353
2077 1354
2078 1354
2079 1355
2080 1353
2081 1354
2082 1354
2083 1355
2084 1352
2085 1355
2086 1353
2087 1356
2088 1352
2089 1357
2090 1354
2091 1355
2092 1351
2093 1356
2094 1356
2095 1355
2096 1354
2097 1358
2098 1354
2099 1355
2100 1353
2101 1356
2102 1355
2103 1353
2104 1355
2105 1357
2106 1353
2107 1353
2108 1354
2109 1354
2110 1356
2111 1356
2112 1354
2113 1357
2114 1353
2115 1353
2116 1351
2117 1355
2118 1355
2119 1356
2120 1353
2121 1353
2122 1351
2123 1353
2124 1354
2125 1355
2126 1353
2127 1355
2128 1354
2129 1352
2130 1352
2131 1353
2132 1353
2133 1354
2134 1356
2135 1357
2136 1352
2137 1354
2138 1355
2139 1354
2140 1355
2141 1355
2142 1354
2143 1355
2144 1354
2145 1353
2146 1355
2147 1353
2148 1355
2149 1354
2150 1354
2151 1354
2152 1354
2153 1352
2154 1352
2155 1354
2156 1352
2157 1353
2158 1356
2159 1352
2160 1353
2161 1352
2162 1352
2163 1354
2164 1356
2165 1358
2166 1350
2167 1351
2168 1352
2169 1355
2170 1355
2171 1353
2172 1354
2173 1353
2174 1354
2175 1351
2176 1350
2177 1354
2178 1357
2179 1354
2180 1355
2181 1355
2182 1352
2183 1355
2184 1355
2185 1355
2186 1354
2187 1357
2188 1357
2189 1353
2190 1350
2191 1352
2192 1355
2193 1351
2194 1354
2195 1355
2196 1354
2197 1351
2198 1354
2199 1354
2200 1352
2201 1354
2202 1352
2203 1352
2204 1353
2205 1353
2206 1352
2207 1352
2208 1355
2209 1354
2210 1353
2211 1351
2212 1355
2213 1355
2214 1354
2215 1355
2216 1354
2217 1354
2218 1354
2219 1352
2220 1354
2221 1355
2222 1355
2223 1355
2224 1354
2225 1352
2226 1350
2227 1350
2228 1355
2229 1355
2230 1355
2231 1351
2232 1353
2233 1351
2234 1353
2235 1354
2236 1355
2237 1353
2238 1352
2239 1354
2240 1356
2241 1354
2242 1354
2243 1354
2244 1354
2245 1354
2246 1354
2247 1354
2248 1356
2249 1353
2250 1355
2251 1357
2252 1355
2253 1353
2254 1354
2255 1352
2256 1354
2257 1353
2258 1352
2259 1355
2260 1355
2261 1351
2262 1353
2263 1349
2264 1354
2265 1356
2266 1355
2267 1354
2268 1352
2269 1353
2270 1356
2271 1355
2272 1353
2273 1354
2274 1352
2275 1355
2276 1354
2277 1353
2278 1352
2279 1355
2280 1355
2281 1352
2282 1353
2283 1353
2284 1352
2285 1352
2286 1353
2287 1354
2288 1355
2289 1352
2290 1350
2291 1353
2292 1352
2293 1352
2294 1353
2295 1355
2296 1354
2297 1352
2298 1354
2299 1354
2300 1354
2301 1354
2302 1355
2303 1355
2304 1357
2305 1354
2306 1351
2307 1352
2308 1353
2309 1353
2310 1355
2311 1354
2312 1353
2313 1355
2314 1353
2315 1354
2316 1355
2317 1353
2318 1352
2319 1356
2320 1355
2321 1355
2322 1352
2323 1350
2324 1352
2325 1355
2326 1356
2327 1352
2328 1354
2329 1352
2330 1352
2331 1354
2332 1352
2333 1354
2334 1352
2335 1351
2336 1352
2337 1353
2338 1353
2339 1355
2340 1352
2341 1355
2342 1352
2343 1353
2344 1352
2345 1352
2346 1352
2347 1354
2348 1355
2349 1353
2350 1351
2351 1352
2352 1353
2353 1353
2354 1354
2355 1357
2356 1355
2357 1357
2358 1354
2359 1354
2360 1354
2361 1355
2362 1353
2363 1355
2364 1351
2365 1356
2366 1353
2367 1355
2368 1353
2369 1352
2370 1354
2371 1355
2372 1355
2373 1356
2374 1353
2375 1357
2376 1352
2377 1354
2378 1352
2379 1355
2380 1352
2381 1354
2382 1355
2383 1355
2384 1352
2385 1351
2386 1353
2387 1356
2388 1352
2389 1352
2390 1352
2391 1355
2392 1353
2393 1351
2394 1350
2395 1354
2396 1355
2397 1355
2398 1354
2399 1354
2400 1352
2401 1356
2402 1353
2403 1357
2404 1352
2405 1353
2406 1354
2407 1356
2408 1353
2409 1355
2410 1356
2411 1358
2412 1354
2413 1353
2414 1356
2415 1353
2416 1353
2417 1353
2418 1354
2419 1356
2420 1353
2421 1353
2422 1353
2423 1351
2424 1353
2425 1356
2426 1355
2427 1354
2428 1354
2429 1358
2430 1353
2431 1353
2432 1354
2433 1353
2434 1353
2435 1353
2436 1353
2437 1353
2438 1353
2439 1356
2440 1354
2441 1356
2442 1352
2443 1354
2444 1354
2445 1351
2446 1354
2447 1355
2448 1353
2449 1356
2450 1352
2451 1353
2452 1353
2453 1353
2454 1354
2455 1355
2456 1356
2457 1351
2458 1355
2459 1354
2460 1352
2461 1354
2462 1351
2463 1354
2464 1353
2465 1353
2466 1353
2467 1353
2468 1353
2469 1357
2470 1354
2471 1356
2472 1352
2473 1351
2474 1349
2475 1352
2476 1352
2477 1353
2478 1352
2479 1353
2480 1352
2481 1353
2482 1350
2483 1353
2484 1354
2485 1355
2486 1354
2487 1352
2488 1355
2489 1355
2490 1355
2491 1352
2492 1355
2493 1355
2494 1353
2495 1356
2496 1354
2497 1352
2498 1353
2499 1356
2500 1353
2501 1352
2502 1352
2503 1352
2504 1351
2505 1353
2506 1356
2507 1352
2508 1352
2509 1353
2510 1350
2511 1354
2512 1352
2513 1351
2514 1352
2515 1353
2516 1355
2517 1357
2518 1354
2519 1355
2520 1353
2521 1355
2522 1352
2523 1354
2524 1353
2525 1350
2526 1355
2527 1353
2528 1352
2529 1351
2530 1352
2531 1355
2532 1354
2533 1354
2534 1355
2535 1354
2536 1353
2537 1352
2538 1352
2539 1351
2540 1350
2541 1354
2542 1351
2543 1352
2544 1355
2545 1358
2546 1355
2547 1353
2548 1352
2549 1352
2550 1352
2551 1354
2552 1354
2553 1352
2554 1354
2555 1352
2556 1355
2557 1352
2558 1351
2559 1352
2560 1358
2561 1355
2562 1354
2563 1354
2564 1352
2565 1356
2566 1354
2567 1353
2568 1353
2569 1355
2570 1351
2571 1354
2572 1355
2573 1355
2574 1352
2575 1354
2576 1351
2577 1350
2578 1352
2579 1355
2580 1355
2581 1354
2582 1351
2583 1352
2584 1354
2585 1353
2586 1355
2587 1354
2588 1354
2589 1353
2590 1355
2591 1353
2592 1352
2593 1354
2594 1353
2595 1354
2596 1355
2597 1351
2598 1353
2599 1353
2600 1352
2601 1351
2602 1353
2603 1355
2604 1353
2605 1350
2606 1354
2607 1354
2608 1350
2609 1353
2610 1354
2611 1355
2612 1352
2613 1355
2614 1354
2615 1357
2616 1355
2617 1355
2618 1351
2619 1355
2620 1354
2621 1358
2622 1354
2623 1355
2624 1353
2625 1353
2626 1350
2627 1353
2628 1353
2629 1353
2630 1356
2631 1354
2632 1352
2633 1355
2634 1352
2635 1355
2636 1354
2637 1352
2638 1351
2639 1352
2640 1356
2641 1356
2642 1354
2643 1350
2644 1355
2645 1356
2646 1356
2647 1353
2648 1357
2649 1353
2650 1357
2651 1353
2652 1354
2653 1352
2654 1355
2655 1352
2656 1356
2657 1350
2658 1352
2659 1353
2660 1355
2661 1351
2662 1356
2663 1351
2664 1354
2665 1356
2666 1354
2667 1354
2668 1352
2669 1353
2670 1354
2671 1354
2672 1353
2673 1353
2674 1352
2675 1357
2676 1354
2677 1354
2678 1355
2679 1354
2680 1350
2681 1354
2682 1355
2683 1351
2684 1352
2685 1352
2686 1356
2687 1352
2688 1353
2689 1355
2690 1354
2691 1353
2692 1354
2693 1353
2694 1353
2695 1353
2696 1352
2697 1352
2698 1355
2699 1352
2700 1352
2701 1355
2702 1354
2703 1351
2704 1354
2705 1354
2706 1356
2707 1355
2708 1356
2709 1353
2710 1353
2711 1354
2712 1354
2713 1351
2714 1353
2715 1350
2716 1352
2717 1355
2718 1354
2719 1356
2720 1354
2721 1353
2722 1353
2723 1355
2724 1355
2725 1354
2726 1356
2727 1354
2728 1353
2729 1353
2730 1354
2731 1354
2732 1350
2733 1353
2734 1353
2735 1357
2736 1356
2737 1357
2738 1355
2739 1353
2740 1354
2741 1355
2742 1354
2743 1355
2744 1353
2745 1353
2746 1356
2747 1353
2748 1353
2749 1354
2750 1354
2751 1353
2752 1353
2753 1355
2754 1353
2755 1354
2756 1351
2757 1353
2758 1356
2759 1352
2760 1354
2761 1352
2762 1352
2763 1356
2764 1357
2765 1352
2766 1354
2767 1355
2768 1354
2769 1354
2770 1355
2771 1353
2772 1354
2773 1353
2774 1353
2775 1354
2776 1352
2777 1354
2778 1353
2779 1354
2780 1353
2781 1354
2782 1349
2783 1355
2784 1352
2785 1352
2786 1354
2787 1353
2788 1352
2789 1354
2790 1355
2791 1355
2792 1354
2793 1355
2794 1353
2795 1353
2796 1354
2797 1357
2798 1354
2799 1354
2800 1356
2801 1356
2802 1352
2803 1354
2804 1354
2805 1356
2806 1356
2807 1354
2808 1356
2809 1356
2810 1355
2811 1355
2812 1353
2813 1353
2814 1355
2815 1355
2816 1353
2817 1355
2818 1353
2819 1354
2820 1353
2821 1353
2822 1354
2823 1353
2824 1355
2825 1356
2826 1354
2827 1354
2828 1354
2829 1352
2830 1354
2831 1354
2832 1354
2833 1351
2834 1356
2835 1358
2836 1355
2837 1353
2838 1352
2839 1354
2840 1355
2841 1354
2842 1350
2843 1353
2844 1354
2845 1352
2846 1353
2847 1354
2848 1353
2849 1354
2850 1350
2851 1352
2852 1350
2853 1355
2854 1354
2855 1355
2856 1354
2857 1352
2858 1353
2859 1356
2860 1356
2861 1352
2862 1352
2863 1353
2864 1353
2865 1357
2866 1356
2867 1353
2868 1352
2869 1355
2870 1354
2871 1355
2872 1353
2873 1349
2874 1352
2875 1353
2876 1355
2877 1354
2878 1354
2879 1353
2880 1352
2881 1355
2882 1354
2883 1353
2884 1354
2885 1354
2886 1353
2887 1355
2888 1352
2889 1353
2890 1353
2891 1352
2892 1355
2893 1352
2894 1355
2895 1354
2896 1354
2897 1353
2898 1353
2899 1353
2900 1351
2901 1351
2902 1353
2903 1353
2904 1354
2905 1350
2906 1352
2907 1352
2908 1354
2909 1352
2910 1355
2911 1352
2912 1353
2913 1353
2914 1353
2915 1355
2916 1354
2917 1353
2918 1354
2919 1352
2920 1353
2921 1354
2922 1356
2923 1353
2924 1354
2925 1356
2926 1355
2927 1355
2928 1352
2929 1351
2930 1355
2931 1352
2932 1353
2933 1354
2934 1352
2935 1351
2936 1353
2937 1351
2938 1353
2939 1355
2940 1356
2941 1353
2942 1357
2943 1355
2944 1355
2945 1352
2946 1355
2947 1353
2948 1354
2949 1353
2950 1357
2951 1355
2952 1355
2953 1354
2954 1354
2955 1353
2956 1356
2957 1356
2958 1355
2959 1353
2960 1354
2961 1355
2962 1353
2963 1351
2964 1350
2965 1352
2966 1354
2967 1351
2968 1352
2969 1354
2970 1352
2971 1353
2972 1355
2973 1350
2974 1351
2975 1353
2976 1354
2977 1356
2978 1356
2979 1356
2980 1355
2981 1353
2982 1351
2983 1354
2984 1352
2985 1351
2986 1353
2987 1355
2988 1352
2989 1354
2990 1355
2991 1353
2992 1353
2993 1353
2994 1350
2995 1355
2996 1353
2997 1352
2998 1354
2999 1355
3000 1356
3001 1353
3002 1355
3003 1353
3004 1352
3005 1352
3006 1354
3007 1354
3008 1356
3009 1353
3010 1355
3011 1354
3012 1357
3013 1356
3014 1355
3015 1354
3016 1354
3017 1354
3018 1355
3019 1354
3020 1356
3021 1352
3022 1352
3023 1352
3024 1355
3025 1353
3026 1356
3027 1353
3028 1355
3029 1353
3030 1355
3031 1353
3032 1351
3033 1354
3034 1353
3035 1353
3036 1354
3037 1351
3038 1354
3039 1354
3040 1356
3041 1354
3042 1356
3043 1352
3044 1353
3045 1354
3046 1355
3047 1352
3048 1354
3049 1351
3050 1355
3051 1352
3052 1352
3053 1354
3054 1355
3055 1353
3056 1355
3057 1357
3058 1355
3059 1352
3060 1354
3061 1351
3062 1355
3063 1354
3064 1353
3065 1353
3066 1352
3067 1355
3068 1356
3069 1356
3070 1353
3071 1354
3072 1352
3073 1351
3074 1354
3075 1352
3076 1355
3077 1355
3078 1354
3079 1353
3080 1354
3081 1356
3082 1356
3083 1354
3084 1355
3085 1356
3086 1354
3087 1355
3088 1353
3089 1354
3090 1354
3091 1356
3092 1355
3093 1357
3094 1353
3095 1354
3096 1356
3097 1353
3098 1355
3099 1355
3100 1356
3101 1354
3102 1355
3103 1354
3104 1353
3105 1353
3106 1355
3107 1353
3108 1354
3109 1351
3110 1355
3111 1354
3112 1353
3113 1353
3114 1353
3115 1355
3116 1356
3117 1354
3118 1352
3119 1351
3120 1351
3121 1353
3122 1355
3123 1355
3124 1350
3125 1351
3126 1356
3127 1355
3128 1354
3129 1354
3130 1353
3131 1355
3132 1355
3133 1353
3134 1354
3135 1353
3136 1356
3137 1355
3138 1355
3139 1357
3140 1356
3141 1353
3142 1354
3143 1356
3144 1354
3145 1356
3146 1356
3147 1356
3148 1352
3149 1354
3150 1354
3151 1352
3152 1356
3153 1352
3154 1352
3155 1352
3156 1353
3157 1355
3158 1352
3159 1353
3160 1354
3161 1354
3162 1354
3163 1356
3164 1351
3165 1354
3166 1352
3167 1354
3168 1354
3169 1353
3170 1352
3171 1356
3172 1356
3173 1355
3174 1354
3175 1355
3176 1353
3177 1351
3178 1352
3179 1356
3180 1354
3181 1356
3182 1352
3183 1352
3184 1354
3185 1357
3186 1353
3187 1354
3188 1352
3189 1353
3190 1355
3191 1355
3192 1355
3193 1353
3194 1353
3195 1355
3196 1353
3197 1354
3198 1351
3199 1356
3200 1354
3201 1357
3202 1355
3203 1354
3204 1355
3205 1355
3206 1353
3207 1355
3208 1352
3209 1354
3210 1352
3211 1354
3212 1350
3213 1353
3214 1351
3215 1357
3216 1352
3217 1354
3218 1354
3219 1355
3220 1353
3221 1355
3222 1354
3223 1356
3224 1356
3225 1355
3226 1356
3227 1353
3228 1351
3229 1355
3230 1353
3231 1356
3232 1354
3233 1355
3234 1356
3235 1355
3236 1352
3237 1354
3238 1351
3239 1354
3240 1354
3241 1354
3242 1355
3243 1355
3244 1353
3245 1356
3246 1353
3247 1358
3248 1356
3249 1356
3250 1354
3251 1355
3252 1353
3253 1352
3254 1354
3255 1353
3256 1357
3257 1356
3258 1354
3259 1353
3260 1355
3261 1352
3262 1353
3263 1354
3264 1355
3265 1357
3266 1354
3267 1352
3268 1354
3269 1352
3270 1352
3271 1353
3272 1354
3273 1354
3274 1353
3275 1356
3276 1352
3277 1354
3278 1356
3279 1354
3280 1356
3281 1354
3282 1351
3283 1352
3284 1351
3285 1351
3286 1353
3287 1353
3288 1354
3289 1352
3290 1352
3291 1354
3292 1353
3293 1353
3294 1355
3295 1354
3296 1351
3297 1350
3298 1353
3299 1351
3300 1351
3301 1354
3302 1353
3303 1349
3304 1352
3305 1354
3306 1355
3307 1355
3308 1354
3309 1354
3310 1354
3311 1355
3312 1354
3313 1352
3314 1353
3315 1355
3316 1355
3317 1353
3318 1356
3319 1353
3320 1351
3321 1350
3322 1352
3323 1355
3324 1355
3325 1351
3326 1353
3327 1351
3328 1354
3329 1354
3330 1355
3331 1355
3332 1356
3333 1352
3334 1351
3335 1353
3336 1352
3337 1354
3338 1354
3339 1355
3340 1355
3341 1354
3342 1356
3343 1358
3344 1355
3345 1355
3346 1355
3347 1354
3348 1356
3349 1355
3350 1355
3351 1353
3352 1352
3353 1353
3354 1355
3355 1354
3356 1353
3357 1354
3358 1355
3359 1353
3360 1354
3361 1351
3362 1353
3363 1355
3364 1352
3365 1355
3366 1355
3367 1353
3368 1352
3369 1354
3370 1354
3371 1357
3372 1353
3373 1355
3374 1356
3375 1357
3376 1355
3377 1355
3378 1354
3379 1353
3380 1353
3381 1354
3382 1357
3383 1353
3384 1354
3385 1355
3386 1351
3387 1355
3388 1357
3389 1357
3390 1356
3391 1355
3392 1355
3393 1353
3394 1354
3395 1355
3396 1355
3397 1350
3398 1354
3399 1355
3400 1354
3401 1353
3402 1353
3403 1352
3404 1356
3405 1357
3406 1355
3407 1355
3408 1356
3409 1354
3410 1354
3411 1354
3412 1353
3413 1355
3414 1355
3415 1353
3416 1352
3417 1352
3418 1353
3419 1353
3420 1352
3421 1356
3422 1354
3423 1355
3424 1353
3425 1353
3426 1354
3427 1355
3428 1356
3429 1351
3430 1354
3431 1354
3432 1354
3433 1352
3434 1356
3435 1357
3436 1352
3437 1356
3438 1353
3439 1354
3440 1356
3441 1357
3442 1354
3443 1352
3444 1354
3445 1352
3446 1353
3447 1354
3448 1355
3449 1355
3450 1356
3451 1354
3452 1354
3453 1352
3454 1352
3455 1355
3456 1353
3457 1352
3458 1354
3459 1352
3460 1354
3461 1353
3462 1355
3463 1354
3464 1357
3465 1355
3466 1356
3467 1354
3468 1356
3469 1353
3470 1354
3471 1350
3472 1352
3473 1355
3474 1352
3475 1350
3476 1354
3477 1356
3478 1353
3479 1352
3480 1353
3481 1355
3482 1354
3483 1355
3484 1355
3485 1355
3486 1355
3487 1356
3488 1354
3489 1357
3490 1353
3491 1355
3492 1353
3493 1353
3494 1355
3495 1355
3496 1355
3497 1356
3498 1354
3499 1353
3500 1353
3501 1354
3502 1355
3503 1355
3504 1357
3505 1355
3506 1356
3507 1353
3508 1352
3509 1352
3510 1352
3511 1353
3512 1353
3513 1355
3514 1356
3515 1352
3516 1354
3517 1354
3518 1356
3519 1354
3520 1353
3521 1355
3522 1357
3523 1355
3524 1353
3525 1356
3526 1355
3527 1354
3528 1355
3529 1356
3530 1353
3531 1354
3532 1355
3533 1355
3534 1354
3535 1357
3536 1355
3537 1355
3538 1357
3539 1358
3540 1354
3541 1353
3542 1355
3543 1350
3544 1353
3545 1354
3546 1355
3547 1356
3548 1354
3549 1354
3550 1354
3551 1351
3552 1354
3553 1351
3554 1356
3555 1351
3556 1356
3557 1357
3558 1357
3559 1354
3560 1354
3561 1352
3562 1352
3563 1351
3564 1352
3565 1357
3566 1354
3567 1354
3568 1354
3569 1354
3570 1357
3571 1355
3572 1354
3573 1357
3574 1357
3575 1353
3576 1356
3577 1353
3578 1356
3579 1355
3580 1356
3581 1354
3582 1356
3583 1355
3584 1355
3585 1354
3586 1355
3587 1352
3588 1356
3589 1354
3590 1352
3591 1353
3592 1355
3593 1350
3594 1354
3595 1359
3596 1355
3597 1354
3598 1353
3599 1352
3600 1352
3601 1354
3602 1353
3603 1352
3604 1354
3605 1354
3606 1354
3607 1354
3608 1353
3609 1350
3610 1353
3611 1354
3612 1357
3613 1353
3614 1355
3615 1354
3616 1354
3617 1355
3618 1353
3619 1353
3620 1354
3621 1356
3622 1355
3623 1353
3624 1355
3625 1357
3626 1352
3627 1353
3628 1356
3629 1354
3630 1352
3631 1351
3632 1353
3633 1352
3634 1356
3635 1352
3636 1353
3637 1352
3638 1354
3639 1353
3640 1350
3641 1355
3642 1353
3643 1353
3644 1353
3645 1353
3646 1351
3647 1354
3648 1354
3649 1354
3650 1354
3651 1354
3652 1354
3653 1352
3654 1355
3655 1352
3656 1355
3657 1354
3658 1354
3659 1354
3660 1355
3661 1354
3662 1356
3663 1354
3664 1355
3665 1352
3666 1355
3667 1354
3668 1354
3669 1351
3670 1354
3671 1355
3672 1354
3673 1354
3674 1358
3675 1354
3676 1356
3677 1353
3678 1354
3679 1355
3680 1356
3681 1353
3682 1355
3683 1353
3684 1357
3685 1355
3686 1353
3687 1349
3688 1352
3689 1352
3690 1352
3691 1353
3692 1354
3693 1353
3694 1356
3695 1354
3696 1356
3697 1357
3698 1357
3699 1354
3700 1355
3701 1355
3702 1355
3703 1354
3704 1356
3705 1353
3706 1352
3707 1357
3708 1357
3709 1356
3710 1352
3711 1356
3712 1357
3713 1354
3714 1356
3715 1354
3716 1354
3717 1352
3718 1354
3719 1354
3720 1351
3721 1351
3722 1355
3723 1356
3724 1353
3725 1353
3726 1355
3727 1353
3728 1355
3729 1354
3730 1353
3731 1354
3732 1355
3733 1354
3734 1355
3735 1353
3736 1353
3737 1352
3738 1352
3739 1355
3740 1357
3741 1354
3742 1356
3743 1355
3744 1355
3745 1353
3746 1356
3747 1356
3748 1355
3749 1356
3750 1358
3751 1355
3752 1356
3753 1351
3754 1355
3755 1357
3756 1353
3757 1354
3758 1355
3759 1353
3760 1355
3761 1352
3762 1354
3763 1355
3764 1353
3765 1354
3766 1356
3767 1352
3768 1353
3769 1351
3770 1354
3771 1353
3772 1353
3773 1355
3774 1355
3775 1354
3776 1354
3777 1355
3778 1353
3779 1352
3780 1356
3781 1353
3782 1354
3783 1351
3784 1354
3785 1355
3786 1354
3787 1353
3788 1355
3789 1353
3790 1355
3791 1351
3792 1352
3793 1354
3794 1355
3795 1352
3796 1354
3797 1355
3798 1356
3799 1354
3800 1356
3801 1354
3802 1355
3803 1355
3804 1357
3805 1355
3806 1357
3807 1355
3808 1355
3809 1352
3810 1355
3811 1352
3812 1354
3813 1351
3814 1354
3815 1356
3816 1353
3817 1353
3818 1353
3819 1354
3820 1353
3821 1353
3822 1354
3823 1351
3824 1355
3825 1354
3826 1354
3827 1352
3828 1355
3829 1353
3830 1354
3831 1356
3832 1354
3833 1354
3834 1353
3835 1353
3836 1354
3837 1354
3838 1358
3839 1356
3840 1356
3841 1355
3842 1355
3843 1355
3844 1356
3845 1357
3846 1355
3847 1351
3848 1353
3849 1356
3850 1353
3851 1353
3852 1352
3853 1355
3854 1355
3855 1354
3856 1354
3857 1351
3858 1354
3859 1351
3860 1354
3861 1355
3862 1352
3863 1356
3864 1355
3865 1352
3866 1353
3867 1352
3868 1355
3869 1356
3870 1351
3871 1352
3872 1355
3873 1352
3874 1356
3875 1357
3876 1356
3877 1357
3878 1355
3879 1355
3880 1355
3881 1357
3882 1355
3883 1350
3884 1353
3885 1353
3886 1354
3887 1357
3888 1355
3889 1354
3890 1354
3891 1356
3892 1355
3893 1353
3894 1354
3895 1352
3896 1352
3897 1354
3898 1355
3899 1357
3900 1353
3901 1353
3902 1354
3903 1356
3904 1355
3905 1351
3906 1354
3907 1357
3908 1357
3909 1350
3910 1354
3911 1355
3912 1355
3913 1350
3914 1352
3915 1354
3916 1354
3917 1353
3918 1353
3919 1353
3920 1353
3921 1353
3922 1354
3923 1353
3924 1354
3925 1354
3926 1356
3927 1357
3928 1356
3929 1355
3930 1353
3931 1354
3932 1351
3933 1353
3934 1353
3935 1355
3936 1353
3937 1354
3938 1352
3939 1352
3940 1356
3941 1353
3942 1352
3943 1350
3944 1353
3945 1356
3946 1353
3947 1351
3948 1353
3949 1356
3950 1355
3951 1354
3952 1354
3953 1353
3954 1352
3955 1351
3956 1352
3957 1355
3958 1354
3959 1353
3960 1355
3961 1355
3962 1352
3963 1353
3964 1353
3965 1354
3966 1352
3967 1352
3968 1353
3969 1353
3970 1352
3971 1354
3972 1351
3973 1353
3974 1353
3975 1356
3976 1351
3977 1353
3978 1354
3979 1355
3980 1355
3981 1355
3982 1355
3983 1355
3984 1355
3985 1356
3986 1357
3987 1354
3988 1356
3989 1353
3990 1356
3991 1355
3992 1355
3993 1352
3994 1350
3995 1355
3996 1356
3997 1354
3998 1354
3999 1352
