0 1358
1 1357
2 1358
3 1355
4 1356
5 1356
6 1359
7 1357
8 1354
9 1357
10 1356
11 1355
12 1354
13 1357
14 1357
15 1358
16 1358
17 1355
18 1359
19 1358
20 1355
21 1355
22 1357
23 1358
24 1357
25 1354
26 1356
27 1360
28 1355
29 1355
30 1354
31 1354
32 1357
33 1357
34 1355
35 1353
36 1356
37 1357
38 1357
39 1358
40 1356
41 1357
42 1358
43 1356
44 1356
45 1354
46 1355
47 1356
48 1356
49 1357
50 1355
51 1357
52 1356
53 1359
54 1355
55 1357
56 1355
57 1356
58 1356
59 1356
60 1353
61 1359
62 1357
63 1353
64 1357
65 1355
66 1357
67 1354
68 1355
69 1356
70 1356
71 1357
72 1356
73 1359
74 1357
75 1356
76 1355
77 1357
78 1357
79 1357
80 1357
81 1357
82 1357
83 1357
84 1357
85 1359
86 1357
87 1355
88 1358
89 1355
90 1357
91 1355
92 1356
93 1354
94 1354
95 1354
96 1356
97 1356
98 1356
99 1358
100 1356
101 1355
102 1353
103 1354
104 1358
105 1357
106 1356
107 1356
108 1359
109 1357
110 1359
111 1357
112 1356
113 1358
114 1355
115 1359
116 1358
117 1357
118 1359
119 1357
120 1357
121 1356
122 1355
123 1355
124 1357
125 1356
126 1355
127 1356
128 1355
129 1354
130 1353
131 1357
132 1356
133 1357
134 1358
135 1357
136 1356
137 1355
138 1356
139 1356
140 1355
141 1357
142 1356
143 1353
144 1358
145 1358
146 1359
147 1358
148 1357
149 1356
150 1356
151 1354
152 1357
153 1354
154 1358
155 1355
156 1353
157 1357
158 1355
159 1356
160 1355
161 1357
162 1357
163 1356
164 1357
165 1356
166 1357
167 1355
168 1354
169 1354
170 1355
171 1358
172 1358
173 1355
174 1357
175 1358
176 1358
177 1358
178 1356
179 1359
180 1356
181 1355
182 1355
183 1356
184 1355
185 1357
186 1357
187 1354
188 1355
189 1355
190 1355
191 1354
192 1353
193 1356
194 1356
195 1356
196 1356
197 1355
198 1354
199 1358
200 1355
201 1357
202 1354
203 1356
204 1355
205 1358
206 1358
207 1355
208 1356
209 1357
210 1355
211 1355
212 1356
213 1355
214 1355
215 1354
216 1354
217 1354
218 1354
219 1356
220 1356
221 1354
222 1356
223 1355
224 1358
225 1356
226 1356
227 1356
228 1358
229 1358
230 1355
231 1356
232 1355
233 1358
234 1357
235 1356
236 1356
237 1358
238 1359
239 1357
240 1357
241 1358
242 1356
243 1356
244 1356
245 1355
246 1358
247 1355
248 1354
249 1354
250 1356
251 1357
252 1353
253 1355
254 1355
255 1354
256 1357
257 1356
258 1355
259 1357
260 1357
261 1357
262 1357
263 1355
264 1356
265 1354
266 1356
267 1355
268 1360
269 1357
270 1358
271 1353
272 1357
273 1353
274 1353
275 1355
276 1359
277 1357
278 1356
279 1353
280 1353
281 1357
282 1356
283 1357
284 1355
285 1356
286 1358
287 1357
288 1356
289 1356
290 1355
291 1358
292 1357
293 1356
294 1357
295 1357
296 1354
297 1355
298 1357
299 1357
300 1358
301 1354
302 1356
303 1354
304 1356
305 1357
306 1356
307 1354
308 1356
309 1355
310 1356
311 1358
312 1357
313 1358
314 1355
315 1359
316 1356
317 1358
318 1360
319 1357
320 1356
321 1356
322 1355
323 1357
324 1356
325 1357
326 1355
327 1357
328 1357
329 1354
330 1359
331 1357
332 1356
333 1357
334 1355
335 1357
336 1358
337 1357
338 1357
339 1356
340 1356
341 1356
342 1356
343 1357
344 1355
345 1354
346 1358
347 1357
348 1357
349 1354
350 1356
351 1359
352 1358
353 1358
354 1359
355 1361
356 1358
357 1357
358 1356
359 1355
360 1355
361 1358
362 1355
363 1355
364 1357
365 1361
366 1359
367 1354
368 1358
369 1358
370 1356
371 1354
372 1356
373 1359
374 1358
375 1357
376 1356
377 1356
378 1354
379 1358
380 1355
381 1358
382 1358
383 1357
384 1354
385 1356
386 1356
387 1357
388 1357
389 1358
390 1355
391 1357
392 1356
393 1357
394 1356
395 1358
396 1356
397 1357
398 1359
399 1358
400 1359
401 1357
402 1356
403 1357
404 1355
405 1356
406 1355
407 1355
408 1355
409 1357
410 1357
411 1359
412 1356
413 1355
414 1355
415 1357
416 1352
417 1356
418 1356
419 1355
420 1356
421 1356
422 1358
423 1357
424 1357
425 1355
426 1356
427 1357
428 1357
429 1356
430 1353
431 1357
432 1358
433 1357
434 1355
435 1355
436 1356
437 1358
438 1359
439 1356
440 1355
441 1357
442 1357
443 1355
444 1356
445 1354
446 1356
447 1358
448 1355
449 1356
450 1355
451 1355
452 1358
453 1356
454 1357
455 1355
456 1356
457 1358
458 1360
459 1358
460 1357
461 1357
462 1356
463 1355
464 1355
465 1356
466 1358
467 1358
468 1356
469 1356
470 1357
471 1358
472 1356
473 1356
474 1356
475 1358
476 1358
477 1358
478 1356
479 1357
480 1356
481 1355
482 1357
483 1356
484 1358
485 1358
486 1355
487 1356
488 1356
489 1356
490 1357
491 1355
492 1356
493 1355
494 1354
495 1360
496 1359
497 1358
498 1357
499 1358
500 1354
501 1354
502 1356
503 1355
504 1355
505 1355
506 1357
507 1360
508 1361
509 1359
510 1358
511 1353
512 1360
513 1358
514 1356
515 1355
516 1356
517 1357
518 1355
519 1360
520 1360
521 1357
522 1355
523 1356
524 1358
525 1359
526 1359
527 1357
528 1356
529 1357
530 1357
531 1357
532 1357
533 1358
534 1358
535 1361
536 1366
537 1372
538 1380
539 1395
540 1412
541 1444
542 1483
543 1526
544 1582
545 1644
546 1709
547 1773
548 1840
549 1903
550 1966
551 2017
552 2060
553 2098
554 2135
555 2163
556 2187
557 2199
558 2208
559 2209
560 2214
561 2207
562 2206
563 2187
564 2170
565 2147
566 2121
567 2089
568 2061
569 2035
570 2011
571 1982
572 1955
573 1922
574 1895
575 1867
576 1846
577 1817
578 1788
579 1759
580 1735
581 1708
582 1683
583 1661
584 1641
585 1627
586 1614
587 1599
588 1587
589 1576
590 1565
591 1546
592 1533
593 1521
594 1511
595 1497
596 1491
597 1481
598 1471
599 1464
600 1461
601 1453
602 1448
603 1440
604 1433
605 1429
606 1423
607 1419
608 1414
609 1408
610 1408
611 1404
612 1402
613 1397
614 1394
615 1393
616 1391
617 1390
618 1388
619 1384
620 1385
621 1382
622 1381
623 1379
624 1380
625 1376
626 1376
627 1376
628 1373
629 1370
630 1371
631 1370
632 1371
633 1367
634 1367
635 1367
636 1369
637 1365
638 1364
639 1364
640 1364
641 1362
642 1362
643 1360
644 1362
645 1363
646 1363
647 1363
648 1362
649 1361
650 1360
651 1363
652 1361
653 1359
654 1359
655 1360
656 1362
657 1362
658 1362
659 1361
660 1360
661 1361
662 1357
663 1359
664 1357
665 1357
666 1357
667 1358
668 1360
669 1359
670 1358
671 1357
672 1358
673 1359
674 1359
675 1356
676 1358
677 1358
678 1357
679 1357
680 1357
681 1357
682 1356
683 1357
684 1358
685 1359
686 1358
687 1359
688 1359
689 1357
690 1358
691 1360
692 1359
693 1358
694 1358
695 1355
696 1356
697 1356
698 1358
699 1357
700 1356
701 1357
702 1357
703 1357
704 1358
705 1356
706 1356
707 1356
708 1359
709 1354
710 1356
711 1357
712 1356
713 1357
714 1356
715 1357
716 1357
717 1359
718 1361
719 1359
720 1358
721 1360
722 1358
723 1357
724 1357
725 1358
726 1357
727 1357
728 1358
729 1357
730 1358
731 1358
732 1360
733 1357
734 1356
735 1360
736 1357
737 1357
738 1360
739 1357
740 1357
741 1357
742 1359
743 1357
744 1358
745 1359
746 1361
747 1357
748 1359
749 1359
750 1357
751 1358
752 1358
753 1358
754 1359
755 1355
756 1357
757 1354
758 1355
759 1356
760 1357
761 1356
762 1361
763 1356
764 1356
765 1357
766 1355
767 1358
768 1356
769 1356
770 1355
771 1356
772 1354
773 1355
774 1357
775 1360
776 1358
777 1354
778 1355
779 1354
780 1355
781 1358
782 1357
783 1357
784 1355
785 1357
786 1358
787 1360
788 1358
789 1356
790 1358
791 1357
792 1354
793 1357
794 1357
795 1356
796 1357
797 1357
798 1356
799 1357
800 1358
801 1357
802 1357
803 1357
804 1354
805 1358
806 1360
807 1358
808 1356
809 1358
810 1358
811 1358
812 1361
813 1358
814 1358
815 1357
816 1358
817 1358
818 1360
819 1358
820 1358
821 1357
822 1359
823 1358
824 1357
825 1358
826 1358
827 1355
828 1358
829 1357
830 1357
831 1357
832 1358
833 1357
834 1357
835 1357
836 1355
837 1357
838 1352
839 1357
840 1358
841 1357
842 1357
843 1353
844 1356
845 1361
846 1358
847 1357
848 1357
849 1357
850 1361
851 1358
852 1356
853 1357
854 1357
855 1356
856 1356
857 1357
858 1358
859 1356
860 1356
861 1357
862 1358
863 1358
864 1357
865 1357
866 1358
867 1359
868 1357
869 1358
870 1357
871 1357
872 1357
873 1355
874 1356
875 1358
876 1360
877 1359
878 1356
879 1355
880 1357
881 1357
882 1356
883 1358
884 1357
885 1358
886 1357
887 1358
888 1358
889 1358
890 1354
891 1356
892 1357
893 1357
894 1356
895 1357
896 1357
897 1358
898 1354
899 1356
900 1357
901 1357
902 1356
903 1356
904 1356
905 1358
906 1358
907 1358
908 1360
909 1357
910 1355
911 1354
912 1358
913 1358
914 1356
915 1359
916 1358
917 1358
918 1357
919 1357
920 1356
921 1357
922 1354
923 1357
924 1356
925 1357
926 1356
927 1357
928 1356
929 1356
930 1358
931 1359
932 1357
933 1354
934 1356
935 1359
936 1360
937 1358
938 1358
939 1357
940 1359
941 1357
942 1356
943 1357
944 1358
945 1359
946 1356
947 1357
948 1360
949 1357
950 1357
951 1357
952 1358
953 1357
954 1356
955 1357
956 1356
957 1356
958 1355
959 1356
960 1357
961 1357
962 1357
963 1357
964 1354
965 1358
966 1356
967 1359
968 1360
969 1359
970 1358
971 1359
972 1358
973 1358
974 1356
975 1359
976 1359
977 1360
978 1356
979 1358
980 1360
981 1358
982 1356
983 1359
984 1358
985 1357
986 1357
987 1359
988 1358
989 1361
990 1358
991 1359
992 1359
993 1362
994 1358
995 1357
996 1356
997 1359
998 1358
999 1357
1000 1357
1001 1357
1002 1356
1003 1357
1004 1356
1005 1358
1006 1357
1007 1355
1008 1356
1009 1358
1010 1359
1011 1356
1012 1356
1013 1356
1014 1355
1015 1357
1016 1356
1017 1357
1018 1356
1019 1356
1020 1355
1021 1357
1022 1355
1023 1356
1024 1357
1025 1358
1026 1357
1027 1357
1028 1356
1029 1359
1030 1360
1031 1357
1032 1359
1033 1357
1034 1357
1035 1358
1036 1358
1037 1358
1038 1359
1039 1357
1040 1359
1041 1356
1042 1358
1043 1357
1044 1358
1045 1353
1046 1355
1047 1350
1048 1354
1049 1356
1050 1356
1051 1357
1052 1359
1053 1357
1054 1355
1055 1356
1056 1357
1057 1357
1058 1359
1059 1357
1060 1356
1061 1358
1062 1356
1063 1357
1064 1356
1065 1357
1066 1358
1067 1356
1068 1357
1069 1356
1070 1355
1071 1355
1072 1356
1073 1357
1074 1358
1075 1355
1076 1356
1077 1355
1078 1356
1079 1357
1080 1354
1081 1357
1082 1357
1083 1356
1084 1358
1085 1356
1086 1358
1087 1357
1088 1356
1089 1356
1090 1355
1091 1356
1092 1357
1093 1360
1094 1357
1095 1358
1096 1356
1097 1354
1098 1356
1099 1356
1100 1356
1101 1357
1102 1356
1103 1356
1104 1355
1105 1357
1106 1357
1107 1357
1108 1356
1109 1356
1110 1357
1111 1356
1112 1357
1113 1357
1114 1357
1115 1357
1116 1358
1117 1358
1118 1355
1119 1357
1120 1359
1121 1357
1122 1358
1123 1357
1124 1356
1125 1359
1126 1359
1127 1359
1128 1356
1129 1357
1130 1356
1131 1356
1132 1356
1133 1355
1134 1356
1135 1357
1136 1356
1137 1354
1138 1355
1139 1354
1140 1357
1141 1358
1142 1360
1143 1357
1144 1358
1145 1357
1146 1358
1147 1357
1148 1356
1149 1358
1150 1358
1151 1358
1152 1358
1153 1356
1154 1356
1155 1361
1156 1359
1157 1357
1158 1356
1159 1357
1160 1356
1161 1357
1162 1355
1163 1353
1164 1354
1165 1357
1166 1357
1167 1356
1168 1355
1169 1356
1170 1355
1171 1357
1172 1359
1173 1359
1174 1357
1175 1355
1176 1357
1177 1357
1178 1356
1179 1356
1180 1359
1181 1355
1182 1357
1183 1356
1184 1357
1185 1357
1186 1358
1187 1357
1188 1356
1189 1357
1190 1356
1191 1353
1192 1356
1193 1355
1194 1356
1195 1356
1196 1357
1197 1354
1198 1355
1199 1355
1200 1354
1201 1354
1202 1357
1203 1358
1204 1356
1205 1357
1206 1357
1207 1357
1208 1357
1209 1354
1210 1355
1211 1357
1212 1356
1213 1357
1214 1358
1215 1356
1216 1354
1217 1356
1218 1355
1219 1355
1220 1355
1221 1357
1222 1358
1223 1356
1224 1357
1225 1358
1226 1356
1227 1356
1228 1354
1229 1357
1230 1357
1231 1360
1232 1360
1233 1357
1234 1357
1235 1354
1236 1357
1237 1355
1238 1353
1239 1357
1240 1357
1241 1357
1242 1359
1243 1358
1244 1357
1245 1357
1246 1356
1247 1357
1248 1357
1249 1356
1250 1357
1251 1358
1252 1355
1253 1356
1254 1354
1255 1357
1256 1357
1257 1354
1258 1356
1259 1356
1260 1352
1261 1354
1262 1356
1263 1355
1264 1358
1265 1356
1266 1356
1267 1357
1268 1357
1269 1358
1270 1359
1271 1357
1272 1359
1273 1357
1274 1356
1275 1355
1276 1358
1277 1355
1278 1358
1279 1355
1280 1355
1281 1353
1282 1355
1283 1352
1284 1353
1285 1354
1286 1359
1287 1355
1288 1356
1289 1357
1290 1358
1291 1357
1292 1354
1293 1354
1294 1356
1295 1354
1296 1355
1297 1355
1298 1355
1299 1357
1300 1356
1301 1357
1302 1356
1303 1355
1304 1357
1305 1357
1306 1359
1307 1359
1308 1358
1309 1356
1310 1356
1311 1357
1312 1358
1313 1354
1314 1356
1315 1360
1316 1358
1317 1358
1318 1358
1319 1355
1320 1354
1321 1355
1322 1353
1323 1354
1324 1357
1325 1354
1326 1357
1327 1357
1328 1359
1329 1357
1330 1358
1331 1357
1332 1358
1333 1359
1334 1354
1335 1354
1336 1357
1337 1357
1338 1358
1339 1357
1340 1358
1341 1358
1342 1356
1343 1357
1344 1356
1345 1357
1346 1355
1347 1354
1348 1357
1349 1356
1350 1357
1351 1355
1352 1355
1353 1356
1354 1356
1355 1354
1356 1357
1357 1356
1358 1356
1359 1355
1360 1358
1361 1357
1362 1359
1363 1358
1364 1361
1365 1356
1366 1358
1367 1356
1368 1358
1369 1357
1370 1358
1371 1357
1372 1358
1373 1357
1374 1357
1375 1358
1376 1357
1377 1357
1378 1358
1379 1355
1380 1356
1381 1358
1382 1356
1383 1357
1384 1356
1385 1357
1386 1358
1387 1356
1388 1357
1389 1357
1390 1356
1391 1354
1392 1358
1393 1356
1394 1357
1395 1358
1396 1356
1397 1355
1398 1357
1399 1357
1400 1357
1401 1356
1402 1354
1403 1356
1404 1358
1405 1358
1406 1355
1407 1356
1408 1355
1409 1355
1410 1356
1411 1357
1412 1356
1413 1353
1414 1354
1415 1357
1416 1357
1417 1358
1418 1358
1419 1357
1420 1356
1421 1356
1422 1357
1423 1355
1424 1357
1425 1356
1426 1356
1427 1354
1428 1356
1429 1356
1430 1356
1431 1355
1432 1357
1433 1359
1434 1356
1435 1356
1436 1357
1437 1356
1438 1356
1439 1357
1440 1354
1441 1356
1442 1356
1443 1354
1444 1355
1445 1357
1446 1354
1447 1355
1448 1357
1449 1360
1450 1357
1451 1357
1452 1355
1453 1357
1454 1357
1455 1357
1456 1355
1457 1357
1458 1356
1459 1357
1460 1359
1461 1358
1462 1356
1463 1355
1464 1355
1465 1356
1466 1356
1467 1356
1468 1358
1469 1357
1470 1356
1471 1357
1472 1356
1473 1355
1474 1356
1475 1357
1476 1358
1477 1354
1478 1353
1479 1357
1480 1354
1481 1357
1482 1356
1483 1356
1484 1356
1485 1358
1486 1356
1487 1359
1488 1357
1489 1358
1490 1357
1491 1357
1492 1355
1493 1358
1494 1353
1495 1359
1496 1357
1497 1358
1498 1356
1499 1355
1500 1356
1501 1358
1502 1353
1503 1355
1504 1355
1505 1357
1506 1360
1507 1356
1508 1359
1509 1358
1510 1358
1511 1358
1512 1358
1513 1358
1514 1357
1515 1357
1516 1357
1517 1357
1518 1356
1519 1356
1520 1358
1521 1357
1522 1357
1523 1358
1524 1355
1525 1359
1526 1355
1527 1355
1528 1356
1529 1357
1530 1355
1531 1357
1532 1356
1533 1355
1534 1357
1535 1359
1536 1356
1537 1356
1538 1357
1539 1359
1540 1356
1541 1358
1542 1358
1543 1355
1544 1356
1545 1356
1546 1355
1547 1357
1548 1358
1549 1354
1550 1357
1551 1355
1552 1357
1553 1360
1554 1357
1555 1358
1556 1356
1557 1357
1558 1355
1559 1353
1560 1356
1561 1355
1562 1356
1563 1356
1564 1358
1565 1356
1566 1356
1567 1358
1568 1357
1569 1358
1570 1354
1571 1359
1572 1358
1573 1355
1574 1356
1575 1358
1576 1358
1577 1361
1578 1358
1579 1358
1580 1357
1581 1356
1582 1354
1583 1355
1584 1355
1585 1357
1586 1358
1587 1358
1588 1357
1589 1358
1590 1355
1591 1357
1592 1357
1593 1357
1594 1356
1595 1356
1596 1358
1597 1358
1598 1357
1599 1358
1600 1356
1601 1356
1602 1357
1603 1354
1604 1356
1605 1359
1606 1363
1607 1357
1608 1357
1609 1357
1610 1356
1611 1360
1612 1358
1613 1357
1614 1358
1615 1357
1616 1356
1617 1357
1618 1357
1619 1355
1620 1356
1621 1357
1622 1356
1623 1358
1624 1356
1625 1358
1626 1357
1627 1357
1628 1358
1629 1356
1630 1357
1631 1354
1632 1358
1633 1356
1634 1358
1635 1361
1636 1361
1637 1359
1638 1359
1639 1358
1640 1359
1641 1357
1642 1360
1643 1358
1644 1358
1645 1356
1646 1356
1647 1356
1648 1356
1649 1358
1650 1357
1651 1356
1652 1357
1653 1357
1654 1357
1655 1357
1656 1356
1657 1357
1658 1357
1659 1356
1660 1356
1661 1355
1662 1355
1663 1356
1664 1358
1665 1357
1666 1358
1667 1355
1668 1358
1669 1357
1670 1357
1671 1359
1672 1357
1673 1358
1674 1358
1675 1356
1676 1355
1677 1355
1678 1356
1679 1359
1680 1356
1681 1358
1682 1357
1683 1359
1684 1357
1685 1356
1686 1357
1687 1356
1688 1356
1689 1355
1690 1358
1691 1357
1692 1356
1693 1355
1694 1356
1695 1357
1696 1362
1697 1357
1698 1356
1699 1357
1700 1357
1701 1354
1702 1357
1703 1355
1704 1355
1705 1357
1706 1356
1707 1355
1708 1355
1709 1357
1710 1359
1711 1358
1712 1356
1713 1356
1714 1355
1715 1356
1716 1357
1717 1357
1718 1354
1719 1357
1720 1355
1721 1355
1722 1354
1723 1356
1724 1356
1725 1359
1726 1357
1727 1357
1728 1358
1729 1361
1730 1359
1731 1360
1732 1355
1733 1360
1734 1355
1735 1356
1736 1356
1737 1357
1738 1360
1739 1357
1740 1357
1741 1359
1742 1358
1743 1355
1744 1358
1745 1356
1746 1358
1747 1358
1748 1360
1749 1354
1750 1355
1751 1355
1752 1358
1753 1355
1754 1358
1755 1358
1756 1358
1757 1358
1758 1357
1759 1358
1760 1356
1761 1358
1762 1359
1763 1361
1764 1356
1765 1357
1766 1357
1767 1356
1768 1356
1769 1358
1770 1357
1771 1358
1772 1357
1773 1360
1774 1356
1775 1358
1776 1355
1777 1360
1778 1357
1779 1356
1780 1358
1781 1358
1782 1358
1783 1357
1784 1354
1785 1356
1786 1355
1787 1357
1788 1359
1789 1356
1790 1356
1791 1357
1792 1357
1793 1355
1794 1356
1795 1361
1796 1359
1797 1357
1798 1355
1799 1359
1800 1356
1801 1356
1802 1355
1803 1358
1804 1357
1805 1356
1806 1357
1807 1356
1808 1356
1809 1357
1810 1357
1811 1358
1812 1357
1813 1357
1814 1357
1815 1357
1816 1360
1817 1360
1818 1359
1819 1357
1820 1356
1821 1355
1822 1356
1823 1357
1824 1356
1825 1361
1826 1355
1827 1357
1828 1356
1829 1357
1830 1358
1831 1357
1832 1359
1833 1360
1834 1357
1835 1357
1836 1354
1837 1357
1838 1356
1839 1357
1840 1354
1841 1358
1842 1356
1843 1356
1844 1356
1845 1355
1846 1354
1847 1357
1848 1356
1849 1358
1850 1357
1851 1357
1852 1357
1853 1354
1854 1357
1855 1363
1856 1359
1857 1358
1858 1357
1859 1357
1860 1360
1861 1359
1862 1357
1863 1357
1864 1357
1865 1360
1866 1358
1867 1360
1868 1358
1869 1358
1870 1358
1871 1362
1872 1357
1873 1356
1874 1359
1875 1359
1876 1357
1877 1358
1878 1356
1879 1357
1880 1357
1881 1358
1882 1356
1883 1356
1884 1357
1885 1359
1886 1359
1887 1355
1888 1356
1889 1357
1890 1354
1891 1355
1892 1355
1893 1356
1894 1356
1895 1357
1896 1356
1897 1354
1898 1356
1899 1361
1900 1360
1901 1359
1902 1355
1903 1359
1904 1356
1905 1358
1906 1358
1907 1361
1908 1357
1909 1358
1910 1354
1911 1355
1912 1359
1913 1357
1914 1355
1915 1358
1916 1355
1917 1356
1918 1358
1919 1357
1920 1359
1921 1358
1922 1355
1923 1359
1924 1357
1925 1360
1926 1358
1927 1358
1928 1358
1929 1358
1930 1355
1931 1359
1932 1356
1933 1358
1934 1357
1935 1356
1936 1355
1937 1356
1938 1359
1939 1357
1940 1356
1941 1357
1942 1356
1943 1356
1944 1358
1945 1357
1946 1357
1947 1358
1948 1358
1949 1357
1950 1357
1951 1358
1952 1356
1953 1357
1954 1357
1955 1357
1956 1358
1957 1357
1958 1358
1959 1359
1960 1359
1961 1359
1962 1357
1963 1359
1964 1356
1965 1359
1966 1359
1967 1357
1968 1355
1969 1357
1970 1357
1971 1358
1972 1357
1973 1356
1974 1357
1975 1357
1976 1358
1977 1358
1978 1357
1979 1359
1980 1357
1981 1357
1982 1357
1983 1356
1984 1355
1985 1356
1986 1358
1987 1358
1988 1355
1989 1357
1990 1360
1991 1357
1992 1355
1993 1358
1994 1354
1995 1357
1996 1357
1997 1357
1998 1357
1999 1356
2000 1359
2001 1361
2002 1362
2003 1355
2004 1357
2005 1359
2006 1357
2007 1357
2008 1357
2009 1360
2010 1357
2011 1356
2012 1356
2013 1355
2014 1357
2015 1356
2016 1359
2017 1356
2018 1357
2019 1359
2020 1355
2021 1357
2022 1355
2023 1359
2024 1356
2025 1355
2026 1356
2027 1357
2028 1356
2029 1360
2030 1356
2031 1359
2032 1358
2033 1357
2034 1356
2035 1359
2036 1359
2037 1357
2038 1357
2039 1359
2040 1358
2041 1360
2042 1358
2043 1357
2044 1354
2045 1359
2046 1358
2047 1357
2048 1356
2049 1358
2050 1356
2051 1358
2052 1356
2053 1359
2054 1358
2055 1359
2056 1358
2057 1358
2058 1358
2059 1360
2060 1358
2061 1359
2062 1357
2063 1355
2064 1357
2065 1359
2066 1359
2067 1360
2068 1358
2069 1359
2070 1358
2071 1356
2072 1357
2073 1358
2074 1356
2075 1361
2076 1360
2077 1359
2078 1356
2079 1358
2080 1356
2081 1359
2082 1355
2083 1356
2084 1353
2085 1359
2086 1357
2087 1358
2088 1354
2089 1356
2090 1358
2091 1360
2092 1358
2093 1358
2094 1357
2095 1357
2096 1357
2097 1358
2098 1356
2099 1358
2100 1356
2101 1359
2102 1358
2103 1360
2104 1354
2105 1365
2106 1358
2107 1357
2108 1357
2109 1357
2110 1358
2111 1359
2112 1359
2113 1357
2114 1354
2115 1356
2116 1356
2117 1355
2118 1359
2119 1359
2120 1357
2121 1358
2122 1355
2123 1357
2124 1358
2125 1360
2126 1359
2127 1359
2128 1358
2129 1357
2130 1358
2131 1357
2132 1355
2133 1357
2134 1356
2135 1355
2136 1357
2137 1358
2138 1359
2139 1357
2140 1355
2141 1357
2142 1358
2143 1355
2144 1356
2145 1356
2146 1356
2147 1356
2148 1357
2149 1358
2150 1359
2151 1357
2152 1357
2153 1357
2154 1357
2155 1360
2156 1357
2157 1357
2158 1356
2159 1358
2160 1357
2161 1358
2162 1358
2163 1359
2164 1357
2165 1359
2166 1356
2167 1356
2168 1357
2169 1354
2170 1357
2171 1358
2172 1355
2173 1355
2174 1354
2175 1358
2176 1359
2177 1360
2178 1356
2179 1357
2180 1356
2181 1359
2182 1358
2183 1357
2184 1357
2185 1357
2186 1356
2187 1357
2188 1358
2189 1357
2190 1360
2191 1357
2192 1357
2193 1355
2194 1355
2195 1358
2196 1357
2197 1357
2198 1361
2199 1357
2200 1355
2201 1357
2202 1355
2203 1353
2204 1354
2205 1357
2206 1358
2207 1357
2208 1357
2209 1356
2210 1356
2211 1359
2212 1356
2213 1357
2214 1358
2215 1360
2216 1357
2217 1357
2218 1359
2219 1357
2220 1355
2221 1358
2222 1356
2223 1357
2224 1358
2225 1356
2226 1356
2227 1357
2228 1357
2229 1356
2230 1357
2231 1357
2232 1358
2233 1359
2234 1356
2235 1356
2236 1356
2237 1354
2238 1355
2239 1357
2240 1356
2241 1357
2242 1356
2243 1355
2244 1359
2245 1359
2246 1357
2247 1355
2248 1355
2249 1358
2250 1360
2251 1357
2252 1356
2253 1355
2254 1355
2255 1353
2256 1356
2257 1355
2258 1357
2259 1356
2260 1355
2261 1356
2262 1353
2263 1352
2264 1354
2265 1359
2266 1357
2267 1357
2268 1358
2269 1355
2270 1355
2271 1357
2272 1356
2273 1356
2274 1356
2275 1356
2276 1357
2277 1357
2278 1358
2279 1358
2280 1357
2281 1358
2282 1357
2283 1356
2284 1357
2285 1355
2286 1356
2287 1354
2288 1355
2289 1356
2290 1357
2291 1355
2292 1357
2293 1354
2294 1356
2295 1360
2296 1358
2297 1358
2298 1356
2299 1359
2300 1356
2301 1355
2302 1355
2303 1355
2304 1355
2305 1354
2306 1356
2307 1356
2308 1357
2309 1357
2310 1358
2311 1357
2312 1358
2313 1357
2314 1356
2315 1357
2316 1355
2317 1355
2318 1356
2319 1357
2320 1356
2321 1356
2322 1358
2323 1355
2324 1356
2325 1354
2326 1356
2327 1356
2328 1357
2329 1356
2330 1357
2331 1358
2332 1359
2333 1358
2334 1356
2335 1354
2336 1358
2337 1357
2338 1358
2339 1357
2340 1358
2341 1354
2342 1355
2343 1356
2344 1357
2345 1358
2346 1354
2347 1357
2348 1356
2349 1355
2350 1356
2351 1352
2352 1355
2353 1356
2354 1355
2355 1356
2356 1356
2357 1356
2358 1358
2359 1355
2360 1356
2361 1356
2362 1355
2363 1355
2364 1356
2365 1360
2366 1357
2367 1355
2368 1356
2369 1355
2370 1357
2371 1358
2372 1356
2373 1356
2374 1355
2375 1355
2376 1356
2377 1360
2378 1357
2379 1358
2380 1356
2381 1356
2382 1357
2383 1357
2384 1355
2385 1355
2386 1356
2387 1356
2388 1356
2389 1356
2390 1356
2391 1353
2392 1356
2393 1358
2394 1355
2395 1360
2396 1360
2397 1356
2398 1357
2399 1356
2400 1357
2401 1357
2402 1358
2403 1359
2404 1356
2405 1356
2406 1356
2407 1358
2408 1358
2409 1357
2410 1357
2411 1355
2412 1359
2413 1356
2414 1355
2415 1356
2416 1356
2417 1355
2418 1355
2419 1354
2420 1356
2421 1357
2422 1353
2423 1357
2424 1355
2425 1358
2426 1360
2427 1355
2428 1355
2429 1355
2430 1357
2431 1358
2432 1357
2433 1357
2434 1358
2435 1358
2436 1358
2437 1358
2438 1358
2439 1358
2440 1359
2441 1360
2442 1359
2443 1358
2444 1356
2445 1357
2446 1356
2447 1357
2448 1356
2449 1357
2450 1354
2451 1356
2452 1358
2453 1356
2454 1356
2455 1360
2456 1360
2457 1358
2458 1357
2459 1356
2460 1355
2461 1357
2462 1357
2463 1358
2464 1357
2465 1358
2466 1356
2467 1357
2468 1356
2469 1359
2470 1358
2471 1359
2472 1360
2473 1356
2474 1357
2475 1357
2476 1356
2477 1359
2478 1358
2479 1357
2480 1356
2481 1357
2482 1356
2483 1358
2484 1356
2485 1357
2486 1356
2487 1355
2488 1355
2489 1356
2490 1357
2491 1357
2492 1359
2493 1357
2494 1355
2495 1356
2496 1355
2497 1356
2498 1357
2499 1356
2500 1354
2501 1356
2502 1354
2503 1355
2504 1354
2505 1355
2506 1357
2507 1359
2508 1360
2509 1357
2510 1355
2511 1354
2512 1354
2513 1359
2514 1356
2515 1357
2516 1359
2517 1358
2518 1357
2519 1357
2520 1356
2521 1358
2522 1355
2523 1353
2524 1357
2525 1356
2526 1356
2527 1357
2528 1355
2529 1358
2530 1357
2531 1357
2532 1357
2533 1356
2534 1353
2535 1354
2536 1357
2537 1358
2538 1355
2539 1355
2540 1355
2541 1358
2542 1354
2543 1357
2544 1358
2545 1355
2546 1357
2547 1358
2548 1358
2549 1357
2550 1356
2551 1358
2552 1356
2553 1356
2554 1356
2555 1359
2556 1358
2557 1356
2558 1356
2559 1357
2560 1358
2561 1357
2562 1356
2563 1357
2564 1359
2565 1357
2566 1357
2567 1354
2568 1356
2569 1354
2570 1355
2571 1357
2572 1356
2573 1357
2574 1357
2575 1357
2576 1358
2577 1357
2578 1357
2579 1357
2580 1359
2581 1357
2582 1358
2583 1357
2584 1356
2585 1359
2586 1357
2587 1356
2588 1357
2589 1355
2590 1358
2591 1357
2592 1356
2593 1355
2594 1358
2595 1357
2596 1355
2597 1355
2598 1356
2599 1358
2600 1359
2601 1358
2602 1356
2603 1355
2604 1358
2605 1356
2606 1358
2607 1356
2608 1355
2609 1355
2610 1356
2611 1358
2612 1357
2613 1357
2614 1357
2615 1357
2616 1358
2617 1355
2618 1357
2619 1355
2620 1358
2621 1359
2622 1357
2623 1357
2624 1358
2625 1355
2626 1357
2627 1358
2628 1358
2629 1357
2630 1357
2631 1356
2632 1357
2633 1356
2634 1357
2635 1356
2636 1356
2637 1359
2638 1356
2639 1357
2640 1356
2641 1357
2642 1356
2643 1357
2644 1357
2645 1358
2646 1358
2647 1357
2648 1358
2649 1357
2650 1355
2651 1355
2652 1356
2653 1356
2654 1355
2655 1353
2656 1357
2657 1356
2658 1357
2659 1357
2660 1355
2661 1357
2662 1356
2663 1357
2664 1356
2665 1356
2666 1357
2667 1357
2668 1357
2669 1357
2670 1356
2671 1355
2672 1359
2673 1358
2674 1356
2675 1356
2676 1357
2677 1356
2678 1356
2679 1358
2680 1357
2681 1355
2682 1356
2683 1357
2684 1356
2685 1357
2686 1357
2687 1359
2688 1356
2689 1357
2690 1358
2691 1357
2692 1356
2693 1353
2694 1358
2695 1355
2696 1358
2697 1355
2698 1358
2699 1357
2700 1356
2701 1357
2702 1355
2703 1356
2704 1356
2705 1358
2706 1356
2707 1354
2708 1356
2709 1356
2710 1356
2711 1358
2712 1356
2713 1356
2714 1355
2715 1358
2716 1356
2717 1355
2718 1356
2719 1357
2720 1355
2721 1357
2722 1357
2723 1357
2724 1356
2725 1357
2726 1358
2727 1355
2728 1355
2729 1357
2730 1356
2731 1357
2732 1357
2733 1359
2734 1356
2735 1357
2736 1355
2737 1356
2738 1356
2739 1357
2740 1355
2741 1357
2742 1357
2743 1357
2744 1356
2745 1357
2746 1358
2747 1359
2748 1356
2749 1358
2750 1356
2751 1357
2752 1357
2753 1355
2754 1355
2755 1355
2756 1355
2757 1357
2758 1356
2759 1354
2760 1358
2761 1356
2762 1359
2763 1358
2764 1359
2765 1357
2766 1357
2767 1358
2768 1358
2769 1358
2770 1358
2771 1357
2772 1359
2773 1356
2774 1354
2775 1360
2776 1357
2777 1355
2778 1355
2779 1357
2780 1357
2781 1353
2782 1355
2783 1355
2784 1356
2785 1355
2786 1356
2787 1358
2788 1357
2789 1357
2790 1359
2791 1359
2792 1356
2793 1353
2794 1355
2795 1357
2796 1356
2797 1355
2798 1357
2799 1355
2800 1356
2801 1357
2802 1356
2803 1357
2804 1357
2805 1356
2806 1359
2807 1357
2808 1357
2809 1356
2810 1359
2811 1355
2812 1360
2813 1357
2814 1356
2815 1358
2816 1356
2817 1355
2818 1355
2819 1356
2820 1356
2821 1357
2822 1359
2823 1355
2824 1356
2825 1357
2826 1355
2827 1357
2828 1355
2829 1356
2830 1355
2831 1356
2832 1359
2833 1357
2834 1354
2835 1357
2836 1359
2837 1356
2838 1355
2839 1355
2840 1353
2841 1354
2842 1355
2843 1357
2844 1356
2845 1356
2846 1355
2847 1359
2848 1358
2849 1357
2850 1356
2851 1358
2852 1358
2853 1357
2854 1354
2855 1356
2856 1358
2857 1358
2858 1359
2859 1354
2860 1359
2861 1357
2862 1358
2863 1357
2864 1356
2865 1357
2866 1359
2867 1356
2868 1357
2869 1357
2870 1356
2871 1354
2872 1358
2873 1355
2874 1356
2875 1355
2876 1356
2877 1356
2878 1355
2879 1355
2880 1355
2881 1358
2882 1355
2883 1358
2884 1356
2885 1355
2886 1355
2887 1356
2888 1359
2889 1357
2890 1356
2891 1354
2892 1359
2893 1358
2894 1355
2895 1355
2896 1356
2897 1357
2898 1356
2899 1356
2900 1357
2901 1358
2902 1356
2903 1355
2904 1357
2905 1357
2906 1357
2907 1357
2908 1353
2909 1354
2910 1356
2911 1358
2912 1355
2913 1356
2914 1356
2915 1356
2916 1354
2917 1358
2918 1358
2919 1358
2920 1356
2921 1359
2922 1358
2923 1358
2924 1356
2925 1357
2926 1356
2927 1358
2928 1356
2929 1354
2930 1356
2931 1358
2932 1356
2933 1356
2934 1354
2935 1356
2936 1357
2937 1356
2938 1356
2939 1356
2940 1356
2941 1360
2942 1356
2943 1356
2944 1355
2945 1358
2946 1355
2947 1358
2948 1355
2949 1357
2950 1359
2951 1358
2952 1357
2953 1360
2954 1355
2955 1358
2956 1357
2957 1357
2958 1355
2959 1356
2960 1356
2961 1358
2962 1358
2963 1357
2964 1356
2965 1358
2966 1359
2967 1356
2968 1356
2969 1355
2970 1358
2971 1356
2972 1356
2973 1355
2974 1354
2975 1357
2976 1357
2977 1357
2978 1359
2979 1359
2980 1359
2981 1355
2982 1356
2983 1355
2984 1358
2985 1357
2986 1356
2987 1356
2988 1356
2989 1356
2990 1358
2991 1357
2992 1356
2993 1356
2994 1354
2995 1356
2996 1358
2997 1355
2998 1356
2999 1356
3000 1359
3001 1354
3002 1355
3003 1359
3004 1355
3005 1353
3006 1356
3007 1355
3008 1356
3009 1355
3010 1357
3011 1357
3012 1360
3013 1355
3014 1356
3015 1356
3016 1355
3017 1355
3018 1355
3019 1354
3020 1355
3021 1355
3022 1356
3023 1354
3024 1356
3025 1356
3026 1357
3027 1353
3028 1356
3029 1355
3030 1355
3031 1355
3032 1355
3033 1356
3034 1356
3035 1354
3036 1359
3037 1359
3038 1354
3039 1355
3040 1356
3041 1353
3042 1355
3043 1357
3044 1356
3045 1356
3046 1355
3047 1357
3048 1356
3049 1356
3050 1357
3051 1354
3052 1353
3053 1355
3054 1356
3055 1357
3056 1357
3057 1354
3058 1355
3059 1358
3060 1356
3061 1357
3062 1357
3063 1356
3064 1356
3065 1358
3066 1355
3067 1356
3068 1359
3069 1353
3070 1358
3071 1355
3072 1357
3073 1357
3074 1358
3075 1356
3076 1359
3077 1356
3078 1358
3079 1354
3080 1356
3081 1353
3082 1355
3083 1357
3084 1358
3085 1357
3086 1357
3087 1357
3088 1358
3089 1354
3090 1355
3091 1355
3092 1356
3093 1356
3094 1354
3095 1357
3096 1358
3097 1356
3098 1357
3099 1357
3100 1358
3101 1354
3102 1356
3103 1356
3104 1358
3105 1357
3106 1357
3107 1354
3108 1357
3109 1357
3110 1357
3111 1355
3112 1354
3113 1356
3114 1358
3115 1357
3116 1355
3117 1355
3118 1354
3119 1354
3120 1354
3121 1357
3122 1355
3123 1353
3124 1353
3125 1352
3126 1358
3127 1357
3128 1356
3129 1357
3130 1356
3131 1357
3132 1356
3133 1355
3134 1356
3135 1355
3136 1356
3137 1356
3138 1356
3139 1358
3140 1357
3141 1358
3142 1359
3143 1357
3144 1354
3145 1357
3146 1356
3147 1357
3148 1357
3149 1356
3150 1355
3151 1355
3152 1355
3153 1357
3154 1357
3155 1359
3156 1357
3157 1358
3158 1360
3159 1357
3160 1354
3161 1357
3162 1356
3163 1357
3164 1359
3165 1357
3166 1356
3167 1356
3168 1355
3169 1358
3170 1355
3171 1357
3172 1356
3173 1355
3174 1355
3175 1355
3176 1357
3177 1355
3178 1357
3179 1357
3180 1355
3181 1355
3182 1354
3183 1354
3184 1356
3185 1358
3186 1356
3187 1357
3188 1356
3189 1359
3190 1355
3191 1356
3192 1358
3193 1357
3194 1355
3195 1357
3196 1357
3197 1357
3198 1360
3199 1358
3200 1356
3201 1358
3202 1355
3203 1359
3204 1357
3205 1356
3206 1355
3207 1357
3208 1356
3209 1356
3210 1356
3211 1358
3212 1356
3213 1357
3214 1356
3215 1357
3216 1357
3217 1357
3218 1357
3219 1357
3220 1356
3221 1358
3222 1354
3223 1356
3224 1356
3225 1357
3226 1358
3227 1358
3228 1357
3229 1357
3230 1357
3231 1358
3232 1356
3233 1356
3234 1356
3235 1357
3236 1357
3237 1358
3238 1358
3239 1355
3240 1358
3241 1358
3242 1355
3243 1355
3244 1352
3245 1358
3246 1356
3247 1356
3248 1355
3249 1355
3250 1354
3251 1356
3252 1353
3253 1355
3254 1354
3255 1355
3256 1355
3257 1354
3258 1354
3259 1357
3260 1354
3261 1358
3262 1359
3263 1358
3264 1355
3265 1357
3266 1354
3267 1354
3268 1354
3269 1355
3270 1355
3271 1355
3272 1355
3273 1358
3274 1355
3275 1358
3276 1354
3277 1361
3278 1357
3279 1356
3280 1355
3281 1355
3282 1356
3283 1357
3284 1357
3285 1357
3286 1358
3287 1358
3288 1356
3289 1357
3290 1355
3291 1357
3292 1359
3293 1356
3294 1354
3295 1355
3296 1354
3297 1355
3298 1355
3299 1359
3300 1357
3301 1357
3302 1354
3303 1358
3304 1355
3305 1358
3306 1356
3307 1360
3308 1356
3309 1356
3310 1353
3311 1357
3312 1355
3313 1354
3314 1354
3315 1357
3316 1357
3317 1358
3318 1356
3319 1357
3320 1358
3321 1357
3322 1356
3323 1356
3324 1355
3325 1358
3326 1355
3327 1358
3328 1356
3329 1356
3330 1354
3331 1357
3332 1355
3333 1358
3334 1355
3335 1358
3336 1355
3337 1357
3338 1356
3339 1355
3340 1353
3341 1355
3342 1355
3343 1353
3344 1356
3345 1357
3346 1357
3347 1357
3348 1357
3349 1356
3350 1357
3351 1360
3352 1356
3353 1355
3354 1353
3355 1352
3356 1356
3357 1355
3358 1356
3359 1354
3360 1355
3361 1356
3362 1355
3363 1356
3364 1357
3365 1355
3366 1354
3367 1357
3368 1356
3369 1357
3370 1355
3371 1356
3372 1353
3373 1354
3374 1352
3375 1358
3376 1355
3377 1357
3378 1357
3379 1355
3380 1356
3381 1354
3382 1353
3383 1354
3384 1356
3385 1355
3386 1353
3387 1356
3388 1356
3389 1357
3390 1356
3391 1356
3392 1356
3393 1356
3394 1355
3395 1354
3396 1358
3397 1357
3398 1357
3399 1353
3400 1355
3401 1355
3402 1354
3403 1357
3404 1355
3405 1359
3406 1358
3407 1357
3408 1358
3409 1357
3410 1356
3411 1357
3412 1356
3413 1357
3414 1357
3415 1355
3416 1356
3417 1355
3418 1356
3419 1356
3420 1356
3421 1356
3422 1354
3423 1357
3424 1357
3425 1354
3426 1356
3427 1355
3428 1355
3429 1355
3430 1353
3431 1353
3432 1353
3433 1357
3434 1357
3435 1359
3436 1358
3437 1357
3438 1354
3439 1355
3440 1357
3441 1355
3442 1357
3443 1353
3444 1356
3445 1355
3446 1356
3447 1356
3448 1354
3449 1355
3450 1359
3451 1356
3452 1356
3453 1356
3454 1356
3455 1354
3456 1353
3457 1355
3458 1356
3459 1358
3460 1355
3461 1357
3462 1356
3463 1357
3464 1358
3465 1354
3466 1358
3467 1356
3468 1356
3469 1356
3470 1355
3471 1356
3472 1357
3473 1358
3474 1356
3475 1357
3476 1355
3477 1357
3478 1354
3479 1357
3480 1354
3481 1356
3482 1355
3483 1355
3484 1356
3485 1356
3486 1353
3487 1357
3488 1360
3489 1357
3490 1356
3491 1356
3492 1357
3493 1358
3494 1355
3495 1357
3496 1353
3497 1355
3498 1357
3499 1353
3500 1356
3501 1357
3502 1358
3503 1356
3504 1355
3505 1356
3506 1357
3507 1357
3508 1357
3509 1357
3510 1358
3511 1355
3512 1352
3513 1353
3514 1356
3515 1354
3516 1356
3517 1355
3518 1356
3519 1356
3520 1357
3521 1356
3522 1356
3523 1356
3524 1358
3525 1357
3526 1357
3527 1356
3528 1357
3529 1356
3530 1355
3531 1352
3532 1355
3533 1357
3534 1356
3535 1359
3536 1360
3537 1357
3538 1356
3539 1356
3540 1356
3541 1354
3542 1356
3543 1357
3544 1357
3545 1356
3546 1357
3547 1353
3548 1356
3549 1354
3550 1357
3551 1355
3552 1355
3553 1355
3554 1356
3555 1357
3556 1357
3557 1357
3558 1356
3559 1355
3560 1355
3561 1354
3562 1358
3563 1357
3564 1355
3565 1355
3566 1357
3567 1359
3568 1357
3569 1357
3570 1356
3571 1356
3572 1355
3573 1352
3574 1355
3575 1357
3576 1356
3577 1355
3578 1356
3579 1357
3580 1357
3581 1357
3582 1354
3583 1355
3584 1356
3585 1357
3586 1355
3587 1359
3588 1357
3589 1356
3590 1357
3591 1356
3592 1355
3593 1358
3594 1355
3595 1355
3596 1360
3597 1356
3598 1356
3599 1359
3600 1358
3601 1357
3602 1357
3603 1360
3604 1355
3605 1356
3606 1355
3607 1357
3608 1356
3609 1356
3610 1354
3611 1357
3612 1354
3613 1355
3614 1356
3615 1354
3616 1353
3617 1357
3618 1357
3619 1356
3620 1356
3621 1357
3622 1357
3623 1356
3624 1355
3625 1357
3626 1357
3627 1356
3628 1356
3629 1355
3630 1355
3631 1356
3632 1356
3633 1356
3634 1355
3635 1355
3636 1354
3637 1358
3638 1356
3639 1357
3640 1356
3641 1356
3642 1360
3643 1356
3644 1356
3645 1354
3646 1356
3647 1357
3648 1355
3649 1358
3650 1358
3651 1355
3652 1355
3653 1355
3654 1359
3655 1356
3656 1357
3657 1355
3658 1356
3659 1358
3660 1357
3661 1356
3662 1355
3663 1355
3664 1357
3665 1355
3666 1355
3667 1356
3668 1357
3669 1354
3670 1356
3671 1356
3672 1354
3673 1355
3674 1357
3675 1357
3676 1352
3677 1358
3678 1356
3679 1357
3680 1355
3681 1355
3682 1356
3683 1358
3684 1356
3685 1359
3686 1356
3687 1357
3688 1357
3689 1355
3690 1356
3691 1356
3692 1355
3693 1353
3694 1351
3695 1356
3696 1354
3697 1355
3698 1356
3699 1356
3700 1357
3701 1358
3702 1356
3703 1355
3704 1358
3705 1358
3706 1358
3707 1356
3708 1356
3709 1356
3710 1358
3711 1356
3712 1357
3713 1354
3714 1355
3715 1356
3716 1355
3717 1356
3718 1356
3719 1358
3720 1359
3721 1352
3722 1355
3723 1356
3724 1355
3725 1358
3726 1358
3727 1355
3728 1355
3729 1355
3730 1355
3731 1355
3732 1354
3733 1356
3734 1356
3735 1357
3736 1356
3737 1356
3738 1355
3739 1357
3740 1357
3741 1358
3742 1358
3743 1358
3744 1356
3745 1357
3746 1357
3747 1357
3748 1358
3749 1353
3750 1355
3751 1358
3752 1355
3753 1358
3754 1354
3755 1359
3756 1358
3757 1355
3758 1357
3759 1357
3760 1359
3761 1354
3762 1355
3763 1356
3764 1359
3765 1358
3766 1356
3767 1354
3768 1357
3769 1354
3770 1357
3771 1355
3772 1356
3773 1360
3774 1357
3775 1356
3776 1358
3777 1353
3778 1355
3779 1357
3780 1358
3781 1356
3782 1356
3783 1357
3784 1357
3785 1357
3786 1354
3787 1355
3788 1356
3789 1356
3790 1356
3791 1357
3792 1356
3793 1356
3794 1356
3795 1357
3796 1356
3797 1358
3798 1356
3799 1356
3800 1356
3801 1357
3802 1359
3803 1354
3804 1356
3805 1356
3806 1355
3807 1354
3808 1355
3809 1358
3810 1357
3811 1355
3812 1356
3813 1355
3814 1354
3815 1358
3816 1357
3817 1356
3818 1356
3819 1355
3820 1357
3821 1354
3822 1354
3823 1355
3824 1357
3825 1355
3826 1356
3827 1354
3828 1356
3829 1356
3830 1359
3831 1358
3832 1354
3833 1357
3834 1359
3835 1355
3836 1352
3837 1355
3838 1357
3839 1357
3840 1357
3841 1353
3842 1355
3843 1356
3844 1356
3845 1355
3846 1358
3847 1355
3848 1356
3849 1355
3850 1355
3851 1353
3852 1355
3853 1357
3854 1353
3855 1354
3856 1355
3857 1357
3858 1357
3859 1356
3860 1356
3861 1356
3862 1356
3863 1358
3864 1357
3865 1356
3866 1356
3867 1358
3868 1357
3869 1355
3870 1354
3871 1354
3872 1357
3873 1357
3874 1357
3875 1356
3876 1355
3877 1354
3878 1354
3879 1355
3880 1355
3881 1355
3882 1354
3883 1353
3884 1353
3885 1354
3886 1355
3887 1358
3888 1356
3889 1352
3890 1357
3891 1357
3892 1356
3893 1357
3894 1355
3895 1355
3896 1356
3897 1355
3898 1357
3899 1357
3900 1358
3901 1356
3902 1355
3903 1356
3904 1353
3905 1355
3906 1355
3907 1356
3908 1356
3909 1356
3910 1355
3911 1357
3912 1353
3913 1355
3914 1355
3915 1358
3916 1357
3917 1358
3918 1356
3919 1356
3920 1355
3921 1356
3922 1357
3923 1356
3924 1357
3925 1357
3926 1357
3927 1357
3928 1357
3929 1356
3930 1354
3931 1355
3932 1356
3933 1357
3934 1358
3935 1356
3936 1356
3937 1354
3938 1356
3939 1356
3940 1356
3941 1356
3942 1354
3943 1352
3944 1354
3945 1358
3946 1356
3947 1358
3948 1357
3949 1356
3950 1358
3951 1354
3952 1356
3953 1355
3954 1356
3955 1356
3956 1355
3957 1358
3958 1359
3959 1360
3960 1357
3961 1354
3962 1356
3963 1358
3964 1359
3965 1358
3966 1358
3967 1357
3968 1354
3969 1354
3970 1356
3971 1355
3972 1354
3973 1352
3974 1356
3975 1359
3976 1355
3977 1357
3978 1357
3979 1355
3980 1359
3981 1355
3982 1355
3983 1355
3984 1356
3985 1353
3986 1355
3987 1356
3988 1358
3989 1357
3990 1357
3991 1358
3992 1356
3993 1357
3994 1354
3995 1358
3996 1357
3997 1357
3998 1356
3999 1355
