0 1355
1 1360
2 1357
3 1357
4 1357
5 1357
6 1357
7 1357
8 1358
9 1355
10 1358
11 1356
12 1356
13 1357
14 1359
15 1356
16 1357
17 1355
18 1356
19 1357
20 1356
21 1357
22 1355
23 1355
24 1357
25 1356
26 1356
27 1356
28 1358
29 1357
30 1356
31 1355
32 1356
33 1356
34 1357
35 1357
36 1356
37 1356
38 1354
39 1355
40 1356
41 1358
42 1357
43 1356
44 1360
45 1358
46 1355
47 1356
48 1356
49 1355
50 1356
51 1356
52 1356
53 1356
54 1354
55 1358
56 1356
57 1357
58 1356
59 1357
60 1355
61 1357
62 1356
63 1355
64 1358
65 1357
66 1356
67 1355
68 1355
69 1356
70 1357
71 1356
72 1358
73 1357
74 1355
75 1355
76 1355
77 1355
78 1356
79 1356
80 1358
81 1355
82 1358
83 1357
84 1359
85 1360
86 1357
87 1356
88 1357
89 1355
90 1355
91 1357
92 1356
93 1352
94 1356
95 1358
96 1356
97 1355
98 1357
99 1357
100 1356
101 1357
102 1355
103 1357
104 1355
105 1357
106 1354
107 1355
108 1357
109 1354
110 1356
111 1356
112 1354
113 1354
114 1355
115 1356
116 1355
117 1356
118 1356
119 1356
120 1355
121 1353
122 1357
123 1357
124 1357
125 1358
126 1357
127 1358
128 1359
129 1356
130 1359
131 1358
132 1359
133 1358
134 1356
135 1359
136 1358
137 1357
138 1354
139 1353
140 1357
141 1356
142 1357
143 1356
144 1354
145 1353
146 1358
147 1357
148 1357
149 1355
150 1358
151 1356
152 1358
153 1355
154 1359
155 1354
156 1358
157 1357
158 1359
159 1357
160 1356
161 1353
162 1358
163 1355
164 1357
165 1355
166 1355
167 1357
168 1355
169 1355
170 1356
171 1356
172 1355
173 1355
174 1355
175 1354
176 1361
177 1357
178 1357
179 1359
180 1358
181 1356
182 1355
183 1359
184 1358
185 1356
186 1359
187 1355
188 1358
189 1358
190 1356
191 1359
192 1357
193 1357
194 1357
195 1357
196 1354
197 1355
198 1356
199 1355
200 1357
201 1360
202 1358
203 1356
204 1357
205 1356
206 1357
207 1355
208 1354
209 1353
210 1355
211 1358
212 1355
213 1356
214 1359
215 1357
216 1360
217 1357
218 1356
219 1355
220 1356
221 1357
222 1357
223 1357
224 1356
225 1355
226 1358
227 1357
228 1357
229 1355
230 1358
231 1357
232 1358
233 1353
234 1355
235 1355
236 1355
237 1357
238 1357
239 1355
240 1356
241 1355
242 1355
243 1355
244 1356
245 1355
246 1357
247 1358
248 1358
249 1355
250 1354
251 1358
252 1358
253 1357
254 1358
255 1356
256 1359
257 1360
258 1358
259 1357
260 1354
261 1357
262 1356
263 1354
264 1354
265 1357
266 1357
267 1357
268 1358
269 1354
270 1357
271 1358
272 1359
273 1357
274 1358
275 1355
276 1356
277 1356
278 1359
279 1356
280 1357
281 1355
282 1355
283 1356
284 1360
285 1357
286 1355
287 1356
288 1357
289 1353
290 1358
291 1354
292 1357
293 1355
294 1357
295 1353
296 1356
297 1356
298 1357
299 1356
300 1354
301 1356
302 1356
303 1353
304 1358
305 1355
306 1356
307 1357
308 1357
309 1356
310 1357
311 1356
312 1358
313 1356
314 1355
315 1355
316 1357
317 1359
318 1357
319 1358
320 1355
321 1355
322 1357
323 1356
324 1357
325 1357
326 1355
327 1353
328 1355
329 1356
330 1355
331 1356
332 1356
333 1357
334 1356
335 1356
336 1357
337 1359
338 1357
339 1356
340 1357
341 1358
342 1358
343 1355
344 1359
345 1356
346 1358
347 1358
348 1358
349 1357
350 1358
351 1358
352 1357
353 1357
354 1357
355 1360
356 1356
357 1356
358 1358
359 1356
360 1357
361 1354
362 1357
363 1355
364 1358
365 1358
366 1358
367 1357
368 1358
369 1355
370 1359
371 1357
372 1360
373 1358
374 1360
375 1358
376 1361
377 1359
378 1358
379 1356
380 1358
381 1357
382 1357
383 1354
384 1356
385 1356
386 1356
387 1357
388 1358
389 1354
390 1356
391 1357
392 1356
393 1355
394 1358
395 1357
396 1356
397 1355
398 1357
399 1357
400 1359
401 1354
402 1358
403 1357
404 1355
405 1357
406 1357
407 1357
408 1357
409 1355
410 1359
411 1356
412 1359
413 1358
414 1356
415 1357
416 1353
417 1357
418 1356
419 1357
420 1356
421 1358
422 1358
423 1356
424 1356
425 1356
426 1356
427 1359
428 1357
429 1360
430 1357
431 1357
432 1357
433 1356
434 1357
435 1355
436 1358
437 1356
438 1357
439 1356
440 1356
441 1357
442 1357
443 1356
444 1356
445 1357
446 1357
447 1357
448 1356
449 1358
450 1355
451 1354
452 1356
453 1355
454 1355
455 1358
456 1356
457 1358
458 1356
459 1356
460 1356
461 1355
462 1356
463 1355
464 1357
465 1357
466 1356
467 1357
468 1358
469 1357
470 1355
471 1356
472 1357
473 1355
474 1355
475 1356
476 1356
477 1357
478 1357
479 1357
480 1355
481 1357
482 1357
483 1354
484 1356
485 1356
486 1356
487 1357
488 1357
489 1357
490 1359
491 1358
492 1356
493 1358
494 1356
495 1356
496 1355
497 1357
498 1356
499 1356
500 1356
501 1356
502 1355
503 1354
504 1354
505 1353
506 1357
507 1356
508 1358
509 1356
510 1358
511 1356
512 1355
513 1355
514 1354
515 1359
516 1358
517 1358
518 1356
519 1356
520 1355
521 1355
522 1356
523 1357
524 1355
525 1356
526 1357
527 1360
528 1358
529 1355
530 1355
531 1356
532 1357
533 1357
534 1358
535 1360
536 1361
537 1361
538 1369
539 1373
540 1384
541 1399
542 1420
543 1446
544 1476
545 1511
546 1552
547 1593
548 1632
549 1671
550 1714
551 1749
552 1782
553 1809
554 1831
555 1848
556 1858
557 1863
558 1869
559 1875
560 1879
561 1876
562 1874
563 1867
564 1857
565 1847
566 1833
567 1817
568 1797
569 1776
570 1757
571 1737
572 1718
573 1697
574 1679
575 1659
576 1640
577 1623
578 1608
579 1591
580 1579
581 1566
582 1555
583 1544
584 1532
585 1523
586 1516
587 1504
588 1497
589 1485
590 1479
591 1463
592 1460
593 1449
594 1444
595 1438
596 1435
597 1429
598 1427
599 1423
600 1418
601 1412
602 1412
603 1407
604 1401
605 1399
606 1396
607 1394
608 1391
609 1389
610 1387
611 1384
612 1381
613 1381
614 1377
615 1377
616 1377
617 1372
618 1373
619 1373
620 1370
621 1367
622 1370
623 1366
624 1365
625 1369
626 1369
627 1366
628 1363
629 1366
630 1364
631 1362
632 1366
633 1362
634 1362
635 1361
636 1363
637 1359
638 1361
639 1361
640 1360
641 1361
642 1359
643 1360
644 1360
645 1360
646 1359
647 1361
648 1359
649 1360
650 1361
651 1358
652 1359
653 1358
654 1358
655 1358
656 1360
657 1358
658 1360
659 1357
660 1359
661 1359
662 1358
663 1359
664 1359
665 1359
666 1359
667 1354
668 1358
669 1358
670 1357
671 1357
672 1358
673 1360
674 1359
675 1359
676 1356
677 1357
678 1361
679 1358
680 1360
681 1358
682 1360
683 1357
684 1358
685 1359
686 1357
687 1357
688 1356
689 1358
690 1357
691 1357
692 1357
693 1357
694 1356
695 1354
696 1357
697 1358
698 1357
699 1357
700 1357
701 1359
702 1359
703 1359
704 1358
705 1356
706 1359
707 1357
708 1360
709 1357
710 1357
711 1357
712 1356
713 1354
714 1356
715 1360
716 1358
717 1358
718 1357
719 1357
720 1359
721 1359
722 1356
723 1355
724 1356
725 1357
726 1360
727 1358
728 1357
729 1356
730 1356
731 1355
732 1359
733 1357
734 1357
735 1356
736 1358
737 1359
738 1357
739 1357
740 1357
741 1354
742 1359
743 1353
744 1357
745 1353
746 1357
747 1357
748 1354
749 1356
750 1358
751 1357
752 1357
753 1357
754 1356
755 1357
756 1355
757 1357
758 1355
759 1358
760 1358
761 1356
762 1354
763 1357
764 1357
765 1356
766 1355
767 1357
768 1357
769 1360
770 1356
771 1355
772 1357
773 1356
774 1355
775 1355
776 1356
777 1359
778 1356
779 1354
780 1355
781 1354
782 1356
783 1357
784 1357
785 1355
786 1357
787 1356
788 1353
789 1354
790 1355
791 1356
792 1355
793 1355
794 1358
795 1357
796 1357
797 1355
798 1356
799 1357
800 1358
801 1357
802 1358
803 1358
804 1353
805 1357
806 1358
807 1358
808 1357
809 1355
810 1357
811 1356
812 1357
813 1356
814 1355
815 1356
816 1356
817 1356
818 1356
819 1357
820 1360
821 1355
822 1356
823 1357
824 1357
825 1358
826 1358
827 1357
828 1356
829 1357
830 1356
831 1356
832 1356
833 1359
834 1357
835 1356
836 1357
837 1356
838 1355
839 1356
840 1357
841 1356
842 1356
843 1355
844 1357
845 1354
846 1356
847 1354
848 1355
849 1355
850 1357
851 1358
852 1356
853 1356
854 1354
855 1352
856 1355
857 1358
858 1360
859 1354
860 1353
861 1355
862 1357
863 1358
864 1354
865 1356
866 1357
867 1357
868 1355
869 1354
870 1356
871 1356
872 1357
873 1358
874 1356
875 1355
876 1355
877 1355
878 1358
879 1358
880 1354
881 1354
882 1356
883 1357
884 1357
885 1356
886 1359
887 1360
888 1354
889 1357
890 1355
891 1353
892 1355
893 1356
894 1354
895 1359
896 1356
897 1357
898 1356
899 1357
900 1355
901 1356
902 1357
903 1357
904 1358
905 1355
906 1356
907 1356
908 1358
909 1355
910 1356
911 1354
912 1357
913 1353
914 1355
915 1354
916 1357
917 1355
918 1356
919 1357
920 1356
921 1356
922 1356
923 1355
924 1356
925 1356
926 1358
927 1358
928 1358
929 1355
930 1356
931 1356
932 1357
933 1354
934 1356
935 1356
936 1354
937 1354
938 1356
939 1357
940 1356
941 1356
942 1357
943 1357
944 1356
945 1356
946 1357
947 1354
948 1356
949 1356
950 1357
951 1356
952 1356
953 1357
954 1356
955 1356
956 1358
957 1356
958 1357
959 1356
960 1356
961 1352
962 1356
963 1356
964 1356
965 1356
966 1357
967 1356
968 1359
969 1357
970 1359
971 1357
972 1356
973 1357
974 1356
975 1359
976 1357
977 1356
978 1356
979 1357
980 1358
981 1361
982 1358
983 1358
984 1356
985 1356
986 1358
987 1357
988 1357
989 1356
990 1357
991 1357
992 1356
993 1356
994 1355
995 1357
996 1358
997 1359
998 1358
999 1357
1000 1358
1001 1356
1002 1359
1003 1357
1004 1355
1005 1357
1006 1357
1007 1357
1008 1357
1009 1354
1010 1358
1011 1355
1012 1357
1013 1361
1014 1355
1015 1355
1016 1357
1017 1356
1018 1358
1019 1355
1020 1356
1021 1356
1022 1355
1023 1354
1024 1358
1025 1352
1026 1358
1027 1358
1028 1357
1029 1356
1030 1357
1031 1356
1032 1358
1033 1358
1034 1355
1035 1357
1036 1361
1037 1361
1038 1357
1039 1355
1040 1356
1041 1360
1042 1357
1043 1358
1044 1356
1045 1354
1046 1357
1047 1357
1048 1355
1049 1357
1050 1359
1051 1361
1052 1357
1053 1355
1054 1359
1055 1355
1056 1358
1057 1359
1058 1358
1059 1354
1060 1355
1061 1356
1062 1359
1063 1357
1064 1356
1065 1358
1066 1357
1067 1358
1068 1359
1069 1356
1070 1357
1071 1357
1072 1357
1073 1356
1074 1358
1075 1357
1076 1358
1077 1357
1078 1362
1079 1361
1080 1357
1081 1355
1082 1358
1083 1357
1084 1360
1085 1357
1086 1356
1087 1358
1088 1361
1089 1358
1090 1356
1091 1360
1092 1361
1093 1354
1094 1357
1095 1357
1096 1357
1097 1357
1098 1358
1099 1359
1100 1356
1101 1359
1102 1357
1103 1357
1104 1359
1105 1360
1106 1359
1107 1359
1108 1357
1109 1358
1110 1357
1111 1354
1112 1356
1113 1356
1114 1357
1115 1355
1116 1357
1117 1357
1118 1359
1119 1354
1120 1357
1121 1356
1122 1356
1123 1355
1124 1355
1125 1356
1126 1356
1127 1358
1128 1358
1129 1356
1130 1357
1131 1356
1132 1357
1133 1357
1134 1357
1135 1360
1136 1356
1137 1358
1138 1356
1139 1357
1140 1356
1141 1357
1142 1358
1143 1355
1144 1358
1145 1358
1146 1357
1147 1359
1148 1356
1149 1357
1150 1357
1151 1354
1152 1354
1153 1354
1154 1357
1155 1358
1156 1356
1157 1357
1158 1357
1159 1359
1160 1358
1161 1358
1162 1359
1163 1357
1164 1359
1165 1357
1166 1357
1167 1358
1168 1361
1169 1359
1170 1357
1171 1356
1172 1356
1173 1358
1174 1359
1175 1356
1176 1355
1177 1357
1178 1360
1179 1357
1180 1358
1181 1358
1182 1358
1183 1357
1184 1356
1185 1354
1186 1355
1187 1356
1188 1357
1189 1357
1190 1358
1191 1358
1192 1359
1193 1355
1194 1357
1195 1360
1196 1359
1197 1357
1198 1356
1199 1357
1200 1359
1201 1357
1202 1357
1203 1358
1204 1356
1205 1358
1206 1357
1207 1356
1208 1356
1209 1357
1210 1356
1211 1358
1212 1359
1213 1357
1214 1354
1215 1353
1216 1359
1217 1362
1218 1360
1219 1357
1220 1356
1221 1358
1222 1360
1223 1358
1224 1353
1225 1355
1226 1357
1227 1358
1228 1354
1229 1357
1230 1358
1231 1360
1232 1356
1233 1358
1234 1356
1235 1353
1236 1356
1237 1359
1238 1359
1239 1356
1240 1353
1241 1355
1242 1359
1243 1355
1244 1355
1245 1354
1246 1355
1247 1359
1248 1356
1249 1355
1250 1356
1251 1358
1252 1359
1253 1356
1254 1356
1255 1357
1256 1360
1257 1359
1258 1357
1259 1358
1260 1355
1261 1356
1262 1359
1263 1357
1264 1358
1265 1356
1266 1356
1267 1359
1268 1358
1269 1356
1270 1356
1271 1356
1272 1358
1273 1355
1274 1356
1275 1357
1276 1356
1277 1358
1278 1356
1279 1355
1280 1359
1281 1359
1282 1356
1283 1357
1284 1356
1285 1359
1286 1358
1287 1357
1288 1358
1289 1357
1290 1356
1291 1355
1292 1356
1293 1361
1294 1358
1295 1358
1296 1358
1297 1354
1298 1356
1299 1357
1300 1359
1301 1359
1302 1360
1303 1357
1304 1357
1305 1356
1306 1357
1307 1357
1308 1358
1309 1359
1310 1357
1311 1356
1312 1356
1313 1357
1314 1358
1315 1356
1316 1359
1317 1357
1318 1357
1319 1357
1320 1358
1321 1355
1322 1358
1323 1360
1324 1357
1325 1358
1326 1357
1327 1357
1328 1356
1329 1359
1330 1356
1331 1355
1332 1359
1333 1357
1334 1358
1335 1357
1336 1359
1337 1358
1338 1357
1339 1357
1340 1357
1341 1357
1342 1356
1343 1357
1344 1357
1345 1358
1346 1357
1347 1357
1348 1358
1349 1356
1350 1358
1351 1357
1352 1355
1353 1356
1354 1356
1355 1356
1356 1357
1357 1354
1358 1355
1359 1358
1360 1356
1361 1356
1362 1354
1363 1356
1364 1356
1365 1357
1366 1357
1367 1358
1368 1355
1369 1356
1370 1356
1371 1356
1372 1358
1373 1355
1374 1355
1375 1357
1376 1359
1377 1358
1378 1359
1379 1357
1380 1357
1381 1355
1382 1354
1383 1354
1384 1357
1385 1354
1386 1357
1387 1357
1388 1354
1389 1355
1390 1356
1391 1356
1392 1355
1393 1358
1394 1354
1395 1354
1396 1360
1397 1362
1398 1361
1399 1357
1400 1355
1401 1357
1402 1359
1403 1358
1404 1353
1405 1358
1406 1359
1407 1359
1408 1357
1409 1356
1410 1359
1411 1358
1412 1356
1413 1358
1414 1357
1415 1357
1416 1355
1417 1358
1418 1359
1419 1358
1420 1356
1421 1356
1422 1358
1423 1357
1424 1355
1425 1355
1426 1358
1427 1359
1428 1356
1429 1357
1430 1357
1431 1355
1432 1357
1433 1355
1434 1356
1435 1358
1436 1359
1437 1357
1438 1358
1439 1360
1440 1358
1441 1356
1442 1358
1443 1357
1444 1354
1445 1357
1446 1356
1447 1359
1448 1356
1449 1355
1450 1354
1451 1356
1452 1359
1453 1357
1454 1354
1455 1357
1456 1356
1457 1356
1458 1357
1459 1355
1460 1356
1461 1356
1462 1355
1463 1359
1464 1355
1465 1357
1466 1356
1467 1357
1468 1358
1469 1357
1470 1356
1471 1355
1472 1356
1473 1358
1474 1356
1475 1356
1476 1357
1477 1357
1478 1357
1479 1356
1480 1356
1481 1355
1482 1353
1483 1355
1484 1357
1485 1357
1486 1355
1487 1354
1488 1356
1489 1360
1490 1358
1491 1355
1492 1357
1493 1354
1494 1354
1495 1357
1496 1357
1497 1358
1498 1359
1499 1357
1500 1359
1501 1357
1502 1357
1503 1355
1504 1356
1505 1355
1506 1359
1507 1357
1508 1359
1509 1356
1510 1354
1511 1353
1512 1357
1513 1355
1514 1358
1515 1355
1516 1356
1517 1355
1518 1358
1519 1358
1520 1357
1521 1357
1522 1357
1523 1357
1524 1357
1525 1358
1526 1360
1527 1358
1528 1358
1529 1357
1530 1358
1531 1357
1532 1359
1533 1356
1534 1357
1535 1358
1536 1356
1537 1357
1538 1356
1539 1357
1540 1357
1541 1358
1542 1356
1543 1356
1544 1356
1545 1354
1546 1357
1547 1357
1548 1358
1549 1356
1550 1357
1551 1357
1552 1357
1553 1355
1554 1358
1555 1354
1556 1356
1557 1356
1558 1358
1559 1358
1560 1356
1561 1354
1562 1357
1563 1358
1564 1359
1565 1361
1566 1359
1567 1360
1568 1356
1569 1357
1570 1356
1571 1357
1572 1359
1573 1353
1574 1356
1575 1352
1576 1358
1577 1358
1578 1354
1579 1354
1580 1358
1581 1359
1582 1359
1583 1358
1584 1358
1585 1357
1586 1357
1587 1356
1588 1355
1589 1357
1590 1357
1591 1355
1592 1355
1593 1357
1594 1358
1595 1358
1596 1357
1597 1356
1598 1359
1599 1362
1600 1355
1601 1353
1602 1355
1603 1358
1604 1358
1605 1354
1606 1354
1607 1355
1608 1358
1609 1357
1610 1357
1611 1358
1612 1356
1613 1355
1614 1355
1615 1359
1616 1358
1617 1358
1618 1356
1619 1357
1620 1355
1621 1358
1622 1358
1623 1355
1624 1358
1625 1356
1626 1356
1627 1356
1628 1356
1629 1354
1630 1355
1631 1354
1632 1356
1633 1356
1634 1356
1635 1355
1636 1354
1637 1355
1638 1354
1639 1357
1640 1355
1641 1358
1642 1356
1643 1359
1644 1358
1645 1358
1646 1357
1647 1358
1648 1358
1649 1357
1650 1358
1651 1358
1652 1357
1653 1357
1654 1358
1655 1357
1656 1356
1657 1357
1658 1357
1659 1356
1660 1355
1661 1357
1662 1359
1663 1359
1664 1357
1665 1356
1666 1359
1667 1358
1668 1356
1669 1357
1670 1358
1671 1359
1672 1357
1673 1357
1674 1358
1675 1356
1676 1358
1677 1357
1678 1359
1679 1357
1680 1357
1681 1358
1682 1355
1683 1358
1684 1358
1685 1361
1686 1358
1687 1358
1688 1355
1689 1359
1690 1356
1691 1355
1692 1356
1693 1358
1694 1357
1695 1355
1696 1356
1697 1352
1698 1352
1699 1354
1700 1355
1701 1356
1702 1355
1703 1356
1704 1356
1705 1355
1706 1356
1707 1357
1708 1357
1709 1356
1710 1356
1711 1358
1712 1359
1713 1355
1714 1356
1715 1354
1716 1357
1717 1357
1718 1359
1719 1356
1720 1356
1721 1357
1722 1356
1723 1356
1724 1358
1725 1358
1726 1357
1727 1357
1728 1359
1729 1357
1730 1359
1731 1356
1732 1355
1733 1356
1734 1357
1735 1357
1736 1357
1737 1357
1738 1356
1739 1358
1740 1358
1741 1356
1742 1356
1743 1358
1744 1358
1745 1358
1746 1357
1747 1357
1748 1358
1749 1357
1750 1356
1751 1356
1752 1357
1753 1357
1754 1355
1755 1354
1756 1359
1757 1359
1758 1356
1759 1354
1760 1356
1761 1358
1762 1357
1763 1356
1764 1353
1765 1356
1766 1356
1767 1357
1768 1355
1769 1354
1770 1356
1771 1359
1772 1358
1773 1357
1774 1357
1775 1358
1776 1358
1777 1358
1778 1359
1779 1358
1780 1357
1781 1356
1782 1358
1783 1357
1784 1361
1785 1357
1786 1358
1787 1357
1788 1357
1789 1356
1790 1361
1791 1357
1792 1355
1793 1356
1794 1357
1795 1357
1796 1358
1797 1357
1798 1356
1799 1357
1800 1356
1801 1359
1802 1358
1803 1355
1804 1360
1805 1357
1806 1359
1807 1359
1808 1356
1809 1357
1810 1357
1811 1358
1812 1356
1813 1357
1814 1359
1815 1359
1816 1360
1817 1357
1818 1353
1819 1356
1820 1356
1821 1357
1822 1357
1823 1357
1824 1355
1825 1356
1826 1357
1827 1357
1828 1354
1829 1355
1830 1354
1831 1356
1832 1359
1833 1355
1834 1356
1835 1358
1836 1357
1837 1359
1838 1354
1839 1356
1840 1356
1841 1358
1842 1359
1843 1357
1844 1356
1845 1358
1846 1356
1847 1356
1848 1355
1849 1357
1850 1354
1851 1358
1852 1354
1853 1356
1854 1357
1855 1356
1856 1356
1857 1357
1858 1357
1859 1357
1860 1356
1861 1358
1862 1356
1863 1357
1864 1358
1865 1356
1866 1354
1867 1358
1868 1358
1869 1358
1870 1358
1871 1356
1872 1355
1873 1355
1874 1355
1875 1357
1876 1357
1877 1358
1878 1358
1879 1359
1880 1358
1881 1356
1882 1357
1883 1355
1884 1356
1885 1356
1886 1356
1887 1354
1888 1355
1889 1355
1890 1357
1891 1357
1892 1355
1893 1357
1894 1359
1895 1357
1896 1358
1897 1358
1898 1358
1899 1355
1900 1357
1901 1357
1902 1358
1903 1355
1904 1356
1905 1353
1906 1357
1907 1357
1908 1360
1909 1356
1910 1357
1911 1356
1912 1359
1913 1355
1914 1356
1915 1356
1916 1361
1917 1356
1918 1356
1919 1356
1920 1358
1921 1356
1922 1357
1923 1353
1924 1357
1925 1355
1926 1356
1927 1354
1928 1356
1929 1354
1930 1356
1931 1355
1932 1358
1933 1357
1934 1359
1935 1354
1936 1356
1937 1361
1938 1358
1939 1356
1940 1356
1941 1355
1942 1361
1943 1355
1944 1353
1945 1352
1946 1353
1947 1357
1948 1356
1949 1355
1950 1354
1951 1355
1952 1357
1953 1357
1954 1356
1955 1352
1956 1356
1957 1356
1958 1359
1959 1356
1960 1353
1961 1354
1962 1356
1963 1358
1964 1356
1965 1355
1966 1357
1967 1358
1968 1354
1969 1354
1970 1356
1971 1355
1972 1353
1973 1356
1974 1356
1975 1353
1976 1355
1977 1355
1978 1356
1979 1356
1980 1356
1981 1353
1982 1356
1983 1357
1984 1356
1985 1357
1986 1356
1987 1356
1988 1358
1989 1355
1990 1358
1991 1356
1992 1358
1993 1355
1994 1356
1995 1355
1996 1356
1997 1358
1998 1358
1999 1357
2000 1356
2001 1355
2002 1357
2003 1356
2004 1356
2005 1355
2006 1356
2007 1358
2008 1356
2009 1358
2010 1355
2011 1356
2012 1357
2013 1355
2014 1358
2015 1357
2016 1354
2017 1353
2018 1357
2019 1357
2020 1355
2021 1357
2022 1358
2023 1355
2024 1356
2025 1357
2026 1357
2027 1357
2028 1358
2029 1353
2030 1355
2031 1358
2032 1356
2033 1359
2034 1354
2035 1357
2036 1358
2037 1357
2038 1356
2039 1355
2040 1356
2041 1353
2042 1357
2043 1358
2044 1358
2045 1357
2046 1359
2047 1357
2048 1356
2049 1358
2050 1359
2051 1358
2052 1362
2053 1355
2054 1356
2055 1356
2056 1359
2057 1358
2058 1356
2059 1355
2060 1358
2061 1357
2062 1355
2063 1357
2064 1356
2065 1357
2066 1357
2067 1356
2068 1356
2069 1357
2070 1356
2071 1354
2072 1354
2073 1355
2074 1355
2075 1355
2076 1356
2077 1356
2078 1356
2079 1357
2080 1358
2081 1355
2082 1358
2083 1357
2084 1359
2085 1356
2086 1357
2087 1355
2088 1356
2089 1355
2090 1356
2091 1356
2092 1357
2093 1356
2094 1357
2095 1355
2096 1357
2097 1356
2098 1356
2099 1358
2100 1356
2101 1357
2102 1355
2103 1354
2104 1358
2105 1357
2106 1356
2107 1354
2108 1356
2109 1357
2110 1359
2111 1357
2112 1360
2113 1356
2114 1355
2115 1352
2116 1356
2117 1360
2118 1357
2119 1355
2120 1356
2121 1356
2122 1358
2123 1357
2124 1356
2125 1354
2126 1357
2127 1358
2128 1356
2129 1356
2130 1355
2131 1356
2132 1359
2133 1360
2134 1357
2135 1357
2136 1356
2137 1356
2138 1358
2139 1359
2140 1355
2141 1355
2142 1357
2143 1357
2144 1356
2145 1354
2146 1357
2147 1358
2148 1356
2149 1356
2150 1355
2151 1357
2152 1356
2153 1356
2154 1355
2155 1351
2156 1356
2157 1356
2158 1355
2159 1353
2160 1355
2161 1358
2162 1357
2163 1359
2164 1357
2165 1355
2166 1357
2167 1355
2168 1356
2169 1355
2170 1357
2171 1357
2172 1355
2173 1356
2174 1358
2175 1359
2176 1356
2177 1356
2178 1358
2179 1357
2180 1358
2181 1357
2182 1357
2183 1355
2184 1356
2185 1356
2186 1356
2187 1356
2188 1355
2189 1355
2190 1355
2191 1356
2192 1358
2193 1354
2194 1356
2195 1354
2196 1356
2197 1355
2198 1357
2199 1354
2200 1356
2201 1356
2202 1356
2203 1356
2204 1355
2205 1355
2206 1357
2207 1357
2208 1357
2209 1356
2210 1359
2211 1358
2212 1359
2213 1355
2214 1355
2215 1356
2216 1357
2217 1357
2218 1356
2219 1356
2220 1356
2221 1358
2222 1358
2223 1360
2224 1356
2225 1355
2226 1355
2227 1357
2228 1357
2229 1353
2230 1357
2231 1361
2232 1356
2233 1358
2234 1357
2235 1356
2236 1355
2237 1359
2238 1357
2239 1357
2240 1354
2241 1357
2242 1356
2243 1356
2244 1356
2245 1354
2246 1357
2247 1356
2248 1357
2249 1357
2250 1356
2251 1355
2252 1357
2253 1357
2254 1358
2255 1355
2256 1357
2257 1357
2258 1359
2259 1356
2260 1354
2261 1356
2262 1357
2263 1354
2264 1353
2265 1356
2266 1359
2267 1357
2268 1357
2269 1357
2270 1358
2271 1360
2272 1358
2273 1357
2274 1357
2275 1358
2276 1358
2277 1358
2278 1356
2279 1358
2280 1355
2281 1358
2282 1358
2283 1358
2284 1359
2285 1358
2286 1354
2287 1357
2288 1354
2289 1355
2290 1357
2291 1355
2292 1359
2293 1356
2294 1356
2295 1354
2296 1357
2297 1356
2298 1357
2299 1356
2300 1356
2301 1355
2302 1356
2303 1357
2304 1355
2305 1356
2306 1356
2307 1359
2308 1355
2309 1358
2310 1354
2311 1357
2312 1356
2313 1357
2314 1357
2315 1358
2316 1358
2317 1357
2318 1357
2319 1357
2320 1357
2321 1357
2322 1356
2323 1356
2324 1356
2325 1358
2326 1357
2327 1359
2328 1358
2329 1357
2330 1358
2331 1357
2332 1358
2333 1357
2334 1357
2335 1357
2336 1356
2337 1359
2338 1355
2339 1354
2340 1359
2341 1359
2342 1356
2343 1357
2344 1356
2345 1357
2346 1359
2347 1359
2348 1356
2349 1357
2350 1360
2351 1358
2352 1358
2353 1357
2354 1357
2355 1357
2356 1358
2357 1357
2358 1358
2359 1359
2360 1356
2361 1356
2362 1356
2363 1355
2364 1359
2365 1357
2366 1356
2367 1357
2368 1359
2369 1359
2370 1357
2371 1357
2372 1357
2373 1356
2374 1356
2375 1357
2376 1356
2377 1357
2378 1358
2379 1357
2380 1359
2381 1360
2382 1356
2383 1356
2384 1358
2385 1358
2386 1359
2387 1357
2388 1356
2389 1359
2390 1356
2391 1357
2392 1356
2393 1356
2394 1358
2395 1358
2396 1357
2397 1357
2398 1354
2399 1355
2400 1357
2401 1355
2402 1355
2403 1355
2404 1355
2405 1355
2406 1355
2407 1356
2408 1355
2409 1359
2410 1358
2411 1356
2412 1355
2413 1355
2414 1359
2415 1357
2416 1356
2417 1357
2418 1357
2419 1360
2420 1356
2421 1357
2422 1357
2423 1357
2424 1359
2425 1355
2426 1356
2427 1355
2428 1355
2429 1357
2430 1355
2431 1356
2432 1357
2433 1355
2434 1354
2435 1354
2436 1356
2437 1356
2438 1356
2439 1357
2440 1356
2441 1355
2442 1355
2443 1358
2444 1356
2445 1358
2446 1358
2447 1355
2448 1356
2449 1356
2450 1358
2451 1359
2452 1358
2453 1360
2454 1359
2455 1359
2456 1358
2457 1357
2458 1354
2459 1359
2460 1356
2461 1359
2462 1356
2463 1358
2464 1357
2465 1359
2466 1356
2467 1357
2468 1356
2469 1357
2470 1359
2471 1357
2472 1355
2473 1357
2474 1354
2475 1357
2476 1357
2477 1361
2478 1359
2479 1360
2480 1360
2481 1357
2482 1354
2483 1359
2484 1357
2485 1359
2486 1358
2487 1359
2488 1357
2489 1357
2490 1357
2491 1357
2492 1355
2493 1357
2494 1357
2495 1357
2496 1356
2497 1356
2498 1356
2499 1356
2500 1356
2501 1357
2502 1356
2503 1357
2504 1357
2505 1357
2506 1357
2507 1358
2508 1354
2509 1356
2510 1358
2511 1359
2512 1359
2513 1356
2514 1357
2515 1356
2516 1356
2517 1357
2518 1356
2519 1359
2520 1357
2521 1357
2522 1354
2523 1357
2524 1356
2525 1359
2526 1357
2527 1358
2528 1356
2529 1357
2530 1359
2531 1358
2532 1356
2533 1359
2534 1356
2535 1356
2536 1358
2537 1357
2538 1355
2539 1357
2540 1355
2541 1359
2542 1358
2543 1357
2544 1355
2545 1355
2546 1359
2547 1358
2548 1356
2549 1357
2550 1357
2551 1357
2552 1357
2553 1356
2554 1356
2555 1355
2556 1357
2557 1358
2558 1357
2559 1358
2560 1356
2561 1355
2562 1354
2563 1356
2564 1354
2565 1355
2566 1355
2567 1357
2568 1355
2569 1357
2570 1361
2571 1360
2572 1358
2573 1357
2574 1358
2575 1360
2576 1359
2577 1356
2578 1356
2579 1353
2580 1353
2581 1355
2582 1356
2583 1357
2584 1357
2585 1359
2586 1357
2587 1356
2588 1354
2589 1357
2590 1355
2591 1356
2592 1357
2593 1357
2594 1357
2595 1355
2596 1356
2597 1356
2598 1357
2599 1357
2600 1356
2601 1358
2602 1358
2603 1358
2604 1360
2605 1358
2606 1358
2607 1358
2608 1358
2609 1357
2610 1357
2611 1356
2612 1354
2613 1357
2614 1357
2615 1358
2616 1356
2617 1355
2618 1357
2619 1357
2620 1356
2621 1358
2622 1356
2623 1357
2624 1356
2625 1356
2626 1357
2627 1356
2628 1360
2629 1357
2630 1358
2631 1353
2632 1357
2633 1357
2634 1356
2635 1358
2636 1356
2637 1359
2638 1358
2639 1357
2640 1356
2641 1356
2642 1359
2643 1355
2644 1357
2645 1356
2646 1356
2647 1355
2648 1355
2649 1352
2650 1357
2651 1357
2652 1359
2653 1359
2654 1353
2655 1356
2656 1355
2657 1358
2658 1356
2659 1355
2660 1357
2661 1357
2662 1357
2663 1355
2664 1357
2665 1357
2666 1357
2667 1358
2668 1358
2669 1357
2670 1355
2671 1358
2672 1354
2673 1357
2674 1356
2675 1359
2676 1356
2677 1358
2678 1356
2679 1354
2680 1356
2681 1355
2682 1358
2683 1357
2684 1357
2685 1358
2686 1356
2687 1357
2688 1359
2689 1357
2690 1357
2691 1358
2692 1358
2693 1356
2694 1358
2695 1356
2696 1358
2697 1359
2698 1356
2699 1358
2700 1359
2701 1357
2702 1357
2703 1356
2704 1358
2705 1357
2706 1357
2707 1358
2708 1358
2709 1357
2710 1355
2711 1357
2712 1358
2713 1358
2714 1357
2715 1359
2716 1356
2717 1358
2718 1358
2719 1358
2720 1359
2721 1357
2722 1356
2723 1358
2724 1356
2725 1358
2726 1356
2727 1360
2728 1359
2729 1360
2730 1356
2731 1358
2732 1356
2733 1356
2734 1357
2735 1357
2736 1358
2737 1358
2738 1356
2739 1357
2740 1356
2741 1358
2742 1357
2743 1355
2744 1356
2745 1357
2746 1355
2747 1353
2748 1353
2749 1358
2750 1359
2751 1358
2752 1356
2753 1356
2754 1362
2755 1357
2756 1354
2757 1354
2758 1358
2759 1355
2760 1355
2761 1355
2762 1354
2763 1356
2764 1354
2765 1354
2766 1358
2767 1358
2768 1359
2769 1355
2770 1356
2771 1356
2772 1358
2773 1353
2774 1357
2775 1357
2776 1357
2777 1357
2778 1355
2779 1352
2780 1356
2781 1357
2782 1356
2783 1357
2784 1357
2785 1357
2786 1355
2787 1354
2788 1356
2789 1357
2790 1357
2791 1356
2792 1356
2793 1359
2794 1360
2795 1355
2796 1356
2797 1356
2798 1355
2799 1357
2800 1354
2801 1354
2802 1355
2803 1353
2804 1358
2805 1359
2806 1356
2807 1357
2808 1357
2809 1358
2810 1356
2811 1355
2812 1356
2813 1354
2814 1359
2815 1357
2816 1357
2817 1355
2818 1358
2819 1356
2820 1357
2821 1354
2822 1356
2823 1359
2824 1354
2825 1355
2826 1357
2827 1358
2828 1354
2829 1353
2830 1355
2831 1357
2832 1354
2833 1357
2834 1355
2835 1355
2836 1356
2837 1359
2838 1357
2839 1355
2840 1355
2841 1359
2842 1359
2843 1357
2844 1357
2845 1358
2846 1357
2847 1358
2848 1357
2849 1356
2850 1357
2851 1356
2852 1358
2853 1357
2854 1357
2855 1356
2856 1357
2857 1355
2858 1358
2859 1357
2860 1356
2861 1355
2862 1355
2863 1358
2864 1355
2865 1358
2866 1356
2867 1356
2868 1357
2869 1357
2870 1358
2871 1358
2872 1358
2873 1356
2874 1356
2875 1357
2876 1356
2877 1357
2878 1356
2879 1356
2880 1357
2881 1356
2882 1359
2883 1357
2884 1358
2885 1356
2886 1356
2887 1355
2888 1357
2889 1357
2890 1357
2891 1353
2892 1358
2893 1357
2894 1355
2895 1356
2896 1356
2897 1360
2898 1356
2899 1356
2900 1355
2901 1356
2902 1357
2903 1357
2904 1357
2905 1355
2906 1356
2907 1359
2908 1353
2909 1356
2910 1355
2911 1356
2912 1356
2913 1355
2914 1353
2915 1355
2916 1358
2917 1357
2918 1356
2919 1355
2920 1356
2921 1358
2922 1356
2923 1356
2924 1355
2925 1356
2926 1356
2927 1355
2928 1356
2929 1352
2930 1356
2931 1357
2932 1356
2933 1357
2934 1358
2935 1356
2936 1358
2937 1357
2938 1355
2939 1355
2940 1356
2941 1357
2942 1359
2943 1358
2944 1357
2945 1358
2946 1358
2947 1356
2948 1357
2949 1356
2950 1355
2951 1357
2952 1355
2953 1355
2954 1356
2955 1357
2956 1355
2957 1356
2958 1355
2959 1356
2960 1358
2961 1355
2962 1357
2963 1357
2964 1356
2965 1357
2966 1359
2967 1358
2968 1357
2969 1357
2970 1358
2971 1357
2972 1356
2973 1357
2974 1356
2975 1356
2976 1356
2977 1357
2978 1359
2979 1358
2980 1357
2981 1356
2982 1357
2983 1356
2984 1358
2985 1357
2986 1356
2987 1356
2988 1356
2989 1356
2990 1354
2991 1358
2992 1358
2993 1357
2994 1358
2995 1360
2996 1356
2997 1354
2998 1356
2999 1357
3000 1356
3001 1357
3002 1356
3003 1357
3004 1358
3005 1358
3006 1356
3007 1358
3008 1356
3009 1356
3010 1355
3011 1355
3012 1357
3013 1357
3014 1358
3015 1358
3016 1357
3017 1356
3018 1357
3019 1357
3020 1356
3021 1355
3022 1358
3023 1357
3024 1358
3025 1360
3026 1358
3027 1355
3028 1361
3029 1358
3030 1359
3031 1358
3032 1356
3033 1359
3034 1356
3035 1358
3036 1358
3037 1358
3038 1356
3039 1360
3040 1357
3041 1358
3042 1360
3043 1356
3044 1356
3045 1357
3046 1357
3047 1357
3048 1358
3049 1357
3050 1357
3051 1358
3052 1357
3053 1355
3054 1357
3055 1357
3056 1357
3057 1355
3058 1359
3059 1355
3060 1358
3061 1358
3062 1359
3063 1357
3064 1357
3065 1357
3066 1357
3067 1354
3068 1356
3069 1357
3070 1356
3071 1355
3072 1357
3073 1357
3074 1356
3075 1355
3076 1357
3077 1358
3078 1356
3079 1357
3080 1357
3081 1358
3082 1357
3083 1353
3084 1358
3085 1357
3086 1356
3087 1358
3088 1357
3089 1356
3090 1358
3091 1359
3092 1359
3093 1356
3094 1359
3095 1356
3096 1354
3097 1356
3098 1356
3099 1358
3100 1359
3101 1359
3102 1357
3103 1357
3104 1356
3105 1356
3106 1357
3107 1357
3108 1356
3109 1358
3110 1358
3111 1356
3112 1358
3113 1358
3114 1356
3115 1358
3116 1356
3117 1358
3118 1357
3119 1358
3120 1357
3121 1356
3122 1358
3123 1355
3124 1357
3125 1357
3126 1360
3127 1358
3128 1356
3129 1357
3130 1354
3131 1358
3132 1356
3133 1355
3134 1354
3135 1356
3136 1356
3137 1357
3138 1356
3139 1360
3140 1358
3141 1356
3142 1357
3143 1356
3144 1359
3145 1357
3146 1356
3147 1357
3148 1355
3149 1357
3150 1357
3151 1359
3152 1358
3153 1357
3154 1354
3155 1358
3156 1356
3157 1358
3158 1358
3159 1355
3160 1356
3161 1355
3162 1355
3163 1354
3164 1355
3165 1359
3166 1358
3167 1355
3168 1356
3169 1354
3170 1358
3171 1357
3172 1358
3173 1355
3174 1353
3175 1355
3176 1356
3177 1356
3178 1356
3179 1354
3180 1356
3181 1357
3182 1356
3183 1358
3184 1358
3185 1357
3186 1356
3187 1357
3188 1354
3189 1357
3190 1354
3191 1357
3192 1356
3193 1357
3194 1354
3195 1358
3196 1357
3197 1358
3198 1358
3199 1357
3200 1357
3201 1356
3202 1355
3203 1358
3204 1356
3205 1359
3206 1358
3207 1357
3208 1356
3209 1357
3210 1358
3211 1357
3212 1358
3213 1357
3214 1358
3215 1358
3216 1353
3217 1356
3218 1358
3219 1357
3220 1356
3221 1356
3222 1356
3223 1356
3224 1354
3225 1358
3226 1353
3227 1359
3228 1354
3229 1355
3230 1356
3231 1357
3232 1354
3233 1355
3234 1357
3235 1357
3236 1357
3237 1355
3238 1355
3239 1353
3240 1356
3241 1357
3242 1356
3243 1357
3244 1358
3245 1356
3246 1355
3247 1357
3248 1357
3249 1355
3250 1356
3251 1356
3252 1358
3253 1357
3254 1358
3255 1357
3256 1357
3257 1356
3258 1355
3259 1353
3260 1355
3261 1357
3262 1355
3263 1357
3264 1356
3265 1356
3266 1358
3267 1360
3268 1359
3269 1356
3270 1358
3271 1358
3272 1358
3273 1357
3274 1357
3275 1359
3276 1356
3277 1354
3278 1358
3279 1358
3280 1356
3281 1354
3282 1356
3283 1357
3284 1358
3285 1356
3286 1355
3287 1355
3288 1353
3289 1354
3290 1357
3291 1355
3292 1357
3293 1357
3294 1355
3295 1355
3296 1355
3297 1357
3298 1358
3299 1357
3300 1359
3301 1359
3302 1359
3303 1357
3304 1358
3305 1358
3306 1359
3307 1357
3308 1359
3309 1357
3310 1359
3311 1357
3312 1357
3313 1357
3314 1357
3315 1358
3316 1355
3317 1357
3318 1356
3319 1357
3320 1356
3321 1356
3322 1354
3323 1355
3324 1357
3325 1356
3326 1357
3327 1358
3328 1356
3329 1359
3330 1357
3331 1357
3332 1357
3333 1359
3334 1357
3335 1359
3336 1358
3337 1357
3338 1358
3339 1357
3340 1358
3341 1357
3342 1357
3343 1353
3344 1356
3345 1355
3346 1354
3347 1357
3348 1356
3349 1359
3350 1357
3351 1354
3352 1358
3353 1357
3354 1356
3355 1356
3356 1356
3357 1356
3358 1356
3359 1358
3360 1357
3361 1357
3362 1357
3363 1358
3364 1356
3365 1357
3366 1357
3367 1357
3368 1356
3369 1356
3370 1355
3371 1356
3372 1358
3373 1358
3374 1356
3375 1355
3376 1356
3377 1356
3378 1355
3379 1355
3380 1356
3381 1355
3382 1357
3383 1357
3384 1355
3385 1358
3386 1355
3387 1358
3388 1357
3389 1358
3390 1355
3391 1357
3392 1358
3393 1359
3394 1358
3395 1357
3396 1357
3397 1358
3398 1358
3399 1359
3400 1357
3401 1357
3402 1355
3403 1355
3404 1355
3405 1355
3406 1355
3407 1359
3408 1355
3409 1356
3410 1356
3411 1356
3412 1358
3413 1358
3414 1359
3415 1357
3416 1356
3417 1354
3418 1353
3419 1354
3420 1356
3421 1356
3422 1355
3423 1360
3424 1358
3425 1359
3426 1358
3427 1359
3428 1357
3429 1358
3430 1356
3431 1356
3432 1357
3433 1357
3434 1358
3435 1357
3436 1358
3437 1356
3438 1356
3439 1358
3440 1358
3441 1357
3442 1356
3443 1357
3444 1356
3445 1356
3446 1355
3447 1357
3448 1355
3449 1357
3450 1357
3451 1359
3452 1358
3453 1356
3454 1357
3455 1358
3456 1358
3457 1357
3458 1356
3459 1356
3460 1355
3461 1357
3462 1357
3463 1358
3464 1358
3465 1357
3466 1356
3467 1356
3468 1355
3469 1357
3470 1357
3471 1357
3472 1358
3473 1357
3474 1356
3475 1354
3476 1356
3477 1355
3478 1357
3479 1356
3480 1356
3481 1357
3482 1354
3483 1357
3484 1358
3485 1357
3486 1357
3487 1360
3488 1356
3489 1358
3490 1359
3491 1359
3492 1355
3493 1358
3494 1356
3495 1357
3496 1354
3497 1358
3498 1357
3499 1357
3500 1357
3501 1358
3502 1360
3503 1357
3504 1357
3505 1354
3506 1355
3507 1358
3508 1356
3509 1358
3510 1354
3511 1357
3512 1357
3513 1360
3514 1357
3515 1357
3516 1358
3517 1358
3518 1357
3519 1362
3520 1356
3521 1357
3522 1357
3523 1357
3524 1356
3525 1358
3526 1356
3527 1357
3528 1356
3529 1355
3530 1357
3531 1357
3532 1359
3533 1358
3534 1355
3535 1358
3536 1357
3537 1357
3538 1357
3539 1357
3540 1357
3541 1357
3542 1358
3543 1357
3544 1356
3545 1358
3546 1356
3547 1357
3548 1355
3549 1357
3550 1356
3551 1356
3552 1357
3553 1360
3554 1357
3555 1354
3556 1356
3557 1355
3558 1356
3559 1354
3560 1356
3561 1355
3562 1353
3563 1354
3564 1354
3565 1353
3566 1356
3567 1356
3568 1357
3569 1357
3570 1356
3571 1357
3572 1358
3573 1356
3574 1355
3575 1360
3576 1358
3577 1358
3578 1357
3579 1353
3580 1360
3581 1356
3582 1354
3583 1356
3584 1358
3585 1358
3586 1356
3587 1356
3588 1355
3589 1356
3590 1356
3591 1358
3592 1356
3593 1358
3594 1354
3595 1356
3596 1357
3597 1358
3598 1359
3599 1356
3600 1358
3601 1358
3602 1358
3603 1360
3604 1356
3605 1357
3606 1356
3607 1354
3608 1354
3609 1356
3610 1357
3611 1359
3612 1356
3613 1355
3614 1358
3615 1356
3616 1357
3617 1356
3618 1358
3619 1357
3620 1354
3621 1355
3622 1355
3623 1353
3624 1354
3625 1356
3626 1357
3627 1357
3628 1355
3629 1356
3630 1358
3631 1357
3632 1355
3633 1357
3634 1358
3635 1356
3636 1356
3637 1357
3638 1357
3639 1357
3640 1358
3641 1356
3642 1357
3643 1356
3644 1358
3645 1357
3646 1358
3647 1357
3648 1356
3649 1354
3650 1355
3651 1357
3652 1359
3653 1358
3654 1355
3655 1357
3656 1353
3657 1356
3658 1356
3659 1356
3660 1356
3661 1356
3662 1358
3663 1355
3664 1358
3665 1357
3666 1360
3667 1357
3668 1356
3669 1356
3670 1358
3671 1357
3672 1357
3673 1356
3674 1358
3675 1356
3676 1357
3677 1357
3678 1354
3679 1356
3680 1355
3681 1357
3682 1356
3683 1357
3684 1354
3685 1356
3686 1356
3687 1357
3688 1357
3689 1357
3690 1358
3691 1357
3692 1359
3693 1354
3694 1360
3695 1358
3696 1356
3697 1357
3698 1357
3699 1357
3700 1357
3701 1357
3702 1357
3703 1355
3704 1359
3705 1357
3706 1358
3707 1359
3708 1356
3709 1356
3710 1355
3711 1357
3712 1355
3713 1356
3714 1356
3715 1357
3716 1354
3717 1358
3718 1358
3719 1357
3720 1357
3721 1356
3722 1359
3723 1357
3724 1355
3725 1355
3726 1354
3727 1357
3728 1360
3729 1355
3730 1358
3731 1357
3732 1357
3733 1356
3734 1357
3735 1352
3736 1356
3737 1354
3738 1356
3739 1355
3740 1355
3741 1353
3742 1358
3743 1359
3744 1358
3745 1357
3746 1357
3747 1360
3748 1356
3749 1357
3750 1358
3751 1355
3752 1357
3753 1357
3754 1359
3755 1357
3756 1358
3757 1357
3758 1359
3759 1357
3760 1359
3761 1356
3762 1357
3763 1354
3764 1355
3765 1357
3766 1357
3767 1355
3768 1358
3769 1357
3770 1357
3771 1357
3772 1357
3773 1357
3774 1356
3775 1356
3776 1356
3777 1357
3778 1357
3779 1356
3780 1355
3781 1357
3782 1357
3783 1356
3784 1357
3785 1357
3786 1356
3787 1354
3788 1355
3789 1357
3790 1357
3791 1358
3792 1354
3793 1356
3794 1360
3795 1360
3796 1358
3797 1356
3798 1356
3799 1356
3800 1355
3801 1352
3802 1356
3803 1356
3804 1356
3805 1357
3806 1356
3807 1355
3808 1358
3809 1357
3810 1357
3811 1356
3812 1358
3813 1352
3814 1357
3815 1355
3816 1354
3817 1354
3818 1355
3819 1353
3820 1356
3821 1355
3822 1356
3823 1356
3824 1356
3825 1355
3826 1354
3827 1355
3828 1356
3829 1355
3830 1357
3831 1357
3832 1357
3833 1355
3834 1360
3835 1354
3836 1358
3837 1356
3838 1357
3839 1355
3840 1356
3841 1355
3842 1356
3843 1355
3844 1356
3845 1354
3846 1358
3847 1354
3848 1356
3849 1354
3850 1359
3851 1355
3852 1358
3853 1354
3854 1357
3855 1356
3856 1359
3857 1357
3858 1356
3859 1356
3860 1356
3861 1355
3862 1356
3863 1354
3864 1356
3865 1354
3866 1354
3867 1355
3868 1357
3869 1356
3870 1356
3871 1357
3872 1356
3873 1356
3874 1355
3875 1357
3876 1358
3877 1358
3878 1357
3879 1358
3880 1356
3881 1355
3882 1362
3883 1356
3884 1357
3885 1358
3886 1358
3887 1357
3888 1355
3889 1357
3890 1357
3891 1357
3892 1356
3893 1357
3894 1357
3895 1357
3896 1358
3897 1355
3898 1358
3899 1358
3900 1356
3901 1356
3902 1358
3903 1355
3904 1359
3905 1357
3906 1358
3907 1356
3908 1357
3909 1359
3910 1357
3911 1359
3912 1358
3913 1355
3914 1357
3915 1360
3916 1357
3917 1360
3918 1357
3919 1360
3920 1358
3921 1357
3922 1358
3923 1359
3924 1357
3925 1357
3926 1357
3927 1355
3928 1357
3929 1356
3930 1355
3931 1354
3932 1356
3933 1354
3934 1357
3935 1357
3936 1359
3937 1359
3938 1358
3939 1357
3940 1356
3941 1357
3942 1356
3943 1355
3944 1354
3945 1357
3946 1354
3947 1357
3948 1358
3949 1357
3950 1356
3951 1355
3952 1358
3953 1356
3954 1354
3955 1354
3956 1356
3957 1357
3958 1357
3959 1356
3960 1356
3961 1360
3962 1355
3963 1356
3964 1357
3965 1356
3966 1356
3967 1357
3968 1355
3969 1357
3970 1354
3971 1356
3972 1356
3973 1359
3974 1355
3975 1357
3976 1355
3977 1355
3978 1356
3979 1358
3980 1356
3981 1357
3982 1356
3983 1356
3984 1356
3985 1357
3986 1357
3987 1357
3988 1358
3989 1356
3990 1357
3991 1357
3992 1358
3993 1356
3994 1354
3995 1353
3996 1356
3997 1357
3998 1356
3999 1357
