0 1356
1 1356
2 1356
3 1355
4 1355
5 1357
6 1355
7 1356
8 1356
9 1357
10 1352
11 1356
12 1354
13 1357
14 1355
15 1357
16 1355
17 1358
18 1354
19 1357
20 1355
21 1358
22 1354
23 1354
24 1356
25 1356
26 1356
27 1357
28 1354
29 1354
30 1356
31 1354
32 1353
33 1357
34 1356
35 1356
36 1354
37 1356
38 1357
39 1354
40 1357
41 1356
42 1357
43 1358
44 1356
45 1354
46 1354
47 1355
48 1355
49 1355
50 1356
51 1357
52 1355
53 1357
54 1356
55 1357
56 1356
57 1358
58 1355
59 1357
60 1353
61 1356
62 1355
63 1353
64 1356
65 1355
66 1355
67 1354
68 1355
69 1356
70 1354
71 1353
72 1356
73 1355
74 1356
75 1356
76 1359
77 1355
78 1356
79 1355
80 1359
81 1357
82 1357
83 1356
84 1356
85 1357
86 1356
87 1355
88 1356
89 1353
90 1353
91 1354
92 1353
93 1354
94 1355
95 1356
96 1357
97 1353
98 1354
99 1354
100 1356
101 1355
102 1355
103 1352
104 1352
105 1356
106 1352
107 1354
108 1358
109 1355
110 1357
111 1352
112 1355
113 1353
114 1351
115 1354
116 1355
117 1354
118 1355
119 1354
120 1355
121 1353
122 1357
123 1355
124 1356
125 1356
126 1355
127 1356
128 1355
129 1354
130 1355
131 1355
132 1356
133 1355
134 1356
135 1354
136 1356
137 1355
138 1355
139 1355
140 1356
141 1355
142 1357
143 1355
144 1355
145 1355
146 1357
147 1355
148 1355
149 1355
150 1357
151 1354
152 1355
153 1356
154 1354
155 1357
156 1355
157 1355
158 1352
159 1355
160 1357
161 1357
162 1355
163 1356
164 1354
165 1357
166 1357
167 1356
168 1353
169 1356
170 1355
171 1356
172 1357
173 1356
174 1355
175 1357
176 1354
177 1360
178 1353
179 1355
180 1353
181 1355
182 1354
183 1354
184 1352
185 1355
186 1356
187 1355
188 1352
189 1356
190 1357
191 1357
192 1353
193 1355
194 1354
195 1357
196 1357
197 1357
198 1357
199 1355
200 1356
201 1356
202 1354
203 1357
204 1355
205 1356
206 1353
207 1355
208 1354
209 1356
210 1358
211 1356
212 1354
213 1352
214 1356
215 1357
216 1354
217 1353
218 1352
219 1354
220 1356
221 1355
222 1355
223 1357
224 1354
225 1355
226 1355
227 1356
228 1355
229 1356
230 1356
231 1354
232 1358
233 1357
234 1355
235 1358
236 1355
237 1356
238 1352
239 1356
240 1358
241 1355
242 1355
243 1357
244 1357
245 1357
246 1356
247 1356
248 1353
249 1359
250 1354
251 1356
252 1356
253 1355
254 1355
255 1353
256 1357
257 1356
258 1354
259 1355
260 1355
261 1355
262 1356
263 1356
264 1351
265 1356
266 1356
267 1357
268 1351
269 1356
270 1356
271 1356
272 1354
273 1356
274 1355
275 1357
276 1355
277 1356
278 1356
279 1355
280 1354
281 1355
282 1356
283 1355
284 1357
285 1355
286 1357
287 1355
288 1357
289 1356
290 1355
291 1355
292 1357
293 1360
294 1357
295 1354
296 1354
297 1357
298 1355
299 1357
300 1353
301 1355
302 1354
303 1357
304 1354
305 1360
306 1355
307 1356
308 1355
309 1355
310 1359
311 1355
312 1357
313 1355
314 1355
315 1355
316 1355
317 1355
318 1354
319 1357
320 1360
321 1358
322 1357
323 1352
324 1355
325 1358
326 1354
327 1354
328 1355
329 1356
330 1356
331 1356
332 1352
333 1354
334 1355
335 1355
336 1354
337 1354
338 1354
339 1355
340 1356
341 1355
342 1351
343 1356
344 1356
345 1355
346 1353
347 1356
348 1354
349 1356
350 1356
351 1355
352 1357
353 1356
354 1355
355 1357
356 1355
357 1357
358 1356
359 1355
360 1356
361 1355
362 1357
363 1357
364 1354
365 1353
366 1353
367 1356
368 1353
369 1355
370 1356
371 1355
372 1356
373 1354
374 1354
375 1354
376 1355
377 1355
378 1354
379 1356
380 1355
381 1356
382 1358
383 1357
384 1356
385 1356
386 1354
387 1355
388 1356
389 1354
390 1355
391 1355
392 1356
393 1354
394 1356
395 1356
396 1356
397 1355
398 1354
399 1357
400 1358
401 1356
402 1355
403 1355
404 1355
405 1356
406 1355
407 1356
408 1353
409 1355
410 1354
411 1356
412 1355
413 1358
414 1355
415 1355
416 1355
417 1356
418 1357
419 1357
420 1353
421 1356
422 1355
423 1355
424 1354
425 1355
426 1354
427 1357
428 1354
429 1357
430 1356
431 1357
432 1355
433 1355
434 1353
435 1355
436 1355
437 1358
438 1356
439 1354
440 1355
441 1357
442 1354
443 1356
444 1353
445 1357
446 1357
447 1357
448 1355
449 1356
450 1355
451 1358
452 1357
453 1357
454 1354
455 1358
456 1353
457 1356
458 1354
459 1355
460 1353
461 1358
462 1355
463 1356
464 1356
465 1356
466 1355
467 1355
468 1355
469 1355
470 1353
471 1357
472 1355
473 1356
474 1354
475 1357
476 1356
477 1357
478 1355
479 1353
480 1355
481 1357
482 1355
483 1356
484 1353
485 1353
486 1356
487 1356
488 1356
489 1357
490 1356
491 1357
492 1354
493 1354
494 1355
495 1354
496 1353
497 1354
498 1358
499 1354
500 1355
501 1354
502 1356
503 1356
504 1355
505 1357
506 1356
507 1356
508 1352
509 1354
510 1355
511 1355
512 1355
513 1355
514 1356
515 1355
516 1352
517 1355
518 1353
519 1353
520 1355
521 1357
522 1357
523 1355
524 1357
525 1356
526 1355
527 1354
528 1352
529 1357
530 1357
531 1360
532 1356
533 1358
534 1362
535 1363
536 1365
537 1373
538 1381
539 1399
540 1424
541 1457
542 1494
543 1540
544 1597
545 1659
546 1724
547 1792
548 1860
549 1922
550 1980
551 2038
552 2090
553 2135
554 2173
555 2210
556 2231
557 2248
558 2254
559 2267
560 2266
561 2268
562 2253
563 2240
564 2222
565 2202
566 2180
567 2160
568 2129
569 2101
570 2066
571 2036
572 2002
573 1970
574 1938
575 1909
576 1884
577 1862
578 1836
579 1810
580 1784
581 1759
582 1733
583 1708
584 1680
585 1656
586 1635
587 1615
588 1600
589 1586
590 1570
591 1555
592 1541
593 1530
594 1517
595 1510
596 1500
597 1491
598 1478
599 1473
600 1463
601 1458
602 1452
603 1441
604 1438
605 1434
606 1427
607 1420
608 1417
609 1412
610 1409
611 1403
612 1401
613 1395
614 1393
615 1389
616 1385
617 1385
618 1380
619 1382
620 1381
621 1379
622 1378
623 1376
624 1374
625 1370
626 1371
627 1367
628 1370
629 1364
630 1366
631 1366
632 1362
633 1365
634 1366
635 1362
636 1362
637 1361
638 1362
639 1366
640 1362
641 1362
642 1359
643 1360
644 1360
645 1359
646 1358
647 1359
648 1358
649 1357
650 1361
651 1360
652 1360
653 1357
654 1357
655 1358
656 1358
657 1357
658 1358
659 1356
660 1360
661 1361
662 1357
663 1357
664 1355
665 1358
666 1358
667 1358
668 1355
669 1359
670 1357
671 1356
672 1356
673 1356
674 1356
675 1356
676 1353
677 1357
678 1355
679 1358
680 1357
681 1356
682 1353
683 1356
684 1356
685 1357
686 1357
687 1357
688 1355
689 1358
690 1357
691 1356
692 1355
693 1356
694 1355
695 1353
696 1353
697 1356
698 1357
699 1358
700 1355
701 1355
702 1356
703 1355
704 1357
705 1356
706 1354
707 1356
708 1357
709 1357
710 1355
711 1355
712 1357
713 1357
714 1356
715 1354
716 1354
717 1353
718 1356
719 1358
720 1359
721 1358
722 1358
723 1358
724 1357
725 1357
726 1358
727 1356
728 1355
729 1353
730 1356
731 1356
732 1358
733 1354
734 1353
735 1356
736 1357
737 1358
738 1356
739 1356
740 1358
741 1358
742 1357
743 1356
744 1357
745 1357
746 1357
747 1356
748 1355
749 1357
750 1359
751 1360
752 1356
753 1357
754 1357
755 1356
756 1353
757 1354
758 1354
759 1356
760 1357
761 1357
762 1357
763 1356
764 1356
765 1356
766 1352
767 1355
768 1356
769 1356
770 1357
771 1355
772 1355
773 1355
774 1355
775 1356
776 1357
777 1355
778 1353
779 1359
780 1361
781 1356
782 1357
783 1354
784 1353
785 1355
786 1355
787 1355
788 1357
789 1354
790 1357
791 1356
792 1357
793 1356
794 1353
795 1358
796 1357
797 1356
798 1354
799 1355
800 1355
801 1356
802 1355
803 1356
804 1354
805 1356
806 1355
807 1356
808 1354
809 1358
810 1357
811 1358
812 1354
813 1356
814 1357
815 1356
816 1355
817 1356
818 1355
819 1355
820 1354
821 1356
822 1355
823 1357
824 1355
825 1356
826 1356
827 1356
828 1357
829 1355
830 1354
831 1351
832 1356
833 1353
834 1356
835 1353
836 1357
837 1356
838 1355
839 1355
840 1358
841 1356
842 1355
843 1357
844 1357
845 1358
846 1357
847 1357
848 1356
849 1354
850 1355
851 1355
852 1357
853 1356
854 1354
855 1358
856 1354
857 1355
858 1350
859 1352
860 1355
861 1353
862 1354
863 1352
864 1357
865 1358
866 1357
867 1355
868 1357
869 1355
870 1355
871 1353
872 1356
873 1355
874 1357
875 1356
876 1357
877 1356
878 1357
879 1353
880 1353
881 1355
882 1357
883 1355
884 1355
885 1353
886 1356
887 1355
888 1355
889 1353
890 1355
891 1354
892 1355
893 1356
894 1357
895 1357
896 1358
897 1356
898 1356
899 1354
900 1354
901 1356
902 1353
903 1357
904 1355
905 1356
906 1354
907 1356
908 1353
909 1353
910 1358
911 1354
912 1357
913 1356
914 1355
915 1353
916 1357
917 1357
918 1354
919 1356
920 1355
921 1354
922 1354
923 1355
924 1358
925 1355
926 1354
927 1356
928 1356
929 1358
930 1356
931 1357
932 1353
933 1354
934 1358
935 1356
936 1357
937 1357
938 1354
939 1358
940 1355
941 1354
942 1353
943 1356
944 1354
945 1357
946 1356
947 1355
948 1356
949 1357
950 1356
951 1355
952 1355
953 1354
954 1356
955 1356
956 1358
957 1357
958 1354
959 1354
960 1355
961 1355
962 1354
963 1353
964 1357
965 1354
966 1357
967 1358
968 1351
969 1357
970 1354
971 1356
972 1353
973 1355
974 1353
975 1353
976 1353
977 1353
978 1353
979 1352
980 1353
981 1354
982 1352
983 1356
984 1358
985 1356
986 1353
987 1353
988 1355
989 1354
990 1356
991 1355
992 1355
993 1355
994 1358
995 1357
996 1356
997 1355
998 1356
999 1358
1000 1357
1001 1358
1002 1352
1003 1355
1004 1356
1005 1357
1006 1356
1007 1355
1008 1353
1009 1355
1010 1354
1011 1356
1012 1357
1013 1355
1014 1353
1015 1356
1016 1356
1017 1356
1018 1354
1019 1355
1020 1353
1021 1352
1022 1356
1023 1353
1024 1353
1025 1354
1026 1356
1027 1355
1028 1353
1029 1356
1030 1358
1031 1359
1032 1354
1033 1355
1034 1353
1035 1356
1036 1357
1037 1355
1038 1356
1039 1355
1040 1355
1041 1356
1042 1357
1043 1356
1044 1355
1045 1357
1046 1357
1047 1354
1048 1355
1049 1355
1050 1353
1051 1353
1052 1355
1053 1356
1054 1357
1055 1356
1056 1352
1057 1355
1058 1357
1059 1354
1060 1357
1061 1357
1062 1357
1063 1356
1064 1353
1065 1355
1066 1355
1067 1353
1068 1353
1069 1351
1070 1356
1071 1356
1072 1354
1073 1354
1074 1355
1075 1354
1076 1354
1077 1356
1078 1355
1079 1355
1080 1357
1081 1356
1082 1357
1083 1358
1084 1359
1085 1356
1086 1358
1087 1357
1088 1355
1089 1355
1090 1356
1091 1354
1092 1355
1093 1356
1094 1358
1095 1356
1096 1354
1097 1352
1098 1354
1099 1353
1100 1356
1101 1356
1102 1355
1103 1350
1104 1351
1105 1352
1106 1356
1107 1353
1108 1355
1109 1354
1110 1355
1111 1356
1112 1355
1113 1355
1114 1357
1115 1357
1116 1356
1117 1357
1118 1357
1119 1356
1120 1355
1121 1357
1122 1360
1123 1355
1124 1357
1125 1356
1126 1354
1127 1352
1128 1352
1129 1354
1130 1356
1131 1354
1132 1356
1133 1356
1134 1353
1135 1354
1136 1357
1137 1353
1138 1356
1139 1352
1140 1354
1141 1356
1142 1357
1143 1356
1144 1355
1145 1358
1146 1356
1147 1356
1148 1354
1149 1356
1150 1358
1151 1354
1152 1356
1153 1355
1154 1355
1155 1355
1156 1357
1157 1356
1158 1352
1159 1357
1160 1357
1161 1356
1162 1353
1163 1356
1164 1355
1165 1355
1166 1357
1167 1354
1168 1354
1169 1354
1170 1353
1171 1356
1172 1355
1173 1358
1174 1353
1175 1357
1176 1358
1177 1355
1178 1356
1179 1357
1180 1356
1181 1355
1182 1356
1183 1355
1184 1353
1185 1354
1186 1355
1187 1353
1188 1351
1189 1355
1190 1357
1191 1356
1192 1354
1193 1356
1194 1355
1195 1355
1196 1355
1197 1352
1198 1354
1199 1354
1200 1354
1201 1357
1202 1357
1203 1356
1204 1351
1205 1356
1206 1357
1207 1355
1208 1352
1209 1353
1210 1353
1211 1358
1212 1354
1213 1356
1214 1353
1215 1355
1216 1357
1217 1352
1218 1351
1219 1356
1220 1357
1221 1355
1222 1354
1223 1354
1224 1355
1225 1354
1226 1355
1227 1355
1228 1358
1229 1355
1230 1352
1231 1354
1232 1355
1233 1354
1234 1354
1235 1356
1236 1357
1237 1356
1238 1355
1239 1354
1240 1354
1241 1353
1242 1357
1243 1355
1244 1355
1245 1353
1246 1355
1247 1353
1248 1354
1249 1353
1250 1356
1251 1355
1252 1355
1253 1354
1254 1355
1255 1356
1256 1357
1257 1354
1258 1355
1259 1351
1260 1356
1261 1355
1262 1355
1263 1356
1264 1356
1265 1356
1266 1358
1267 1356
1268 1356
1269 1354
1270 1356
1271 1354
1272 1356
1273 1357
1274 1357
1275 1353
1276 1356
1277 1359
1278 1356
1279 1357
1280 1356
1281 1355
1282 1355
1283 1353
1284 1355
1285 1356
1286 1356
1287 1354
1288 1353
1289 1357
1290 1360
1291 1358
1292 1355
1293 1356
1294 1353
1295 1354
1296 1355
1297 1357
1298 1356
1299 1358
1300 1355
1301 1356
1302 1355
1303 1357
1304 1353
1305 1357
1306 1357
1307 1355
1308 1354
1309 1356
1310 1356
1311 1356
1312 1357
1313 1356
1314 1357
1315 1355
1316 1358
1317 1357
1318 1354
1319 1355
1320 1356
1321 1355
1322 1356
1323 1358
1324 1357
1325 1355
1326 1354
1327 1357
1328 1354
1329 1355
1330 1356
1331 1356
1332 1356
1333 1357
1334 1357
1335 1356
1336 1358
1337 1355
1338 1357
1339 1356
1340 1355
1341 1355
1342 1357
1343 1354
1344 1353
1345 1356
1346 1354
1347 1356
1348 1355
1349 1358
1350 1355
1351 1356
1352 1355
1353 1353
1354 1355
1355 1355
1356 1355
1357 1354
1358 1358
1359 1354
1360 1354
1361 1354
1362 1355
1363 1354
1364 1355
1365 1356
1366 1354
1367 1355
1368 1353
1369 1354
1370 1355
1371 1356
1372 1356
1373 1356
1374 1357
1375 1357
1376 1356
1377 1357
1378 1351
1379 1356
1380 1358
1381 1356
1382 1354
1383 1355
1384 1356
1385 1355
1386 1357
1387 1356
1388 1355
1389 1355
1390 1353
1391 1356
1392 1354
1393 1356
1394 1355
1395 1356
1396 1357
1397 1356
1398 1355
1399 1357
1400 1357
1401 1355
1402 1355
1403 1356
1404 1353
1405 1355
1406 1355
1407 1354
1408 1353
1409 1356
1410 1353
1411 1356
1412 1355
1413 1355
1414 1356
1415 1351
1416 1355
1417 1356
1418 1355
1419 1358
1420 1355
1421 1357
1422 1353
1423 1358
1424 1356
1425 1358
1426 1353
1427 1355
1428 1355
1429 1357
1430 1358
1431 1357
1432 1355
1433 1354
1434 1353
1435 1355
1436 1354
1437 1355
1438 1355
1439 1354
1440 1356
1441 1356
1442 1357
1443 1355
1444 1354
1445 1353
1446 1356
1447 1358
1448 1355
1449 1355
1450 1354
1451 1354
1452 1354
1453 1356
1454 1354
1455 1356
1456 1355
1457 1355
1458 1355
1459 1356
1460 1356
1461 1357
1462 1356
1463 1356
1464 1356
1465 1355
1466 1357
1467 1354
1468 1355
1469 1356
1470 1355
1471 1356
1472 1355
1473 1356
1474 1354
1475 1354
1476 1355
1477 1356
1478 1353
1479 1357
1480 1359
1481 1358
1482 1360
1483 1356
1484 1357
1485 1356
1486 1357
1487 1356
1488 1355
1489 1352
1490 1356
1491 1353
1492 1357
1493 1355
1494 1356
1495 1356
1496 1356
1497 1356
1498 1354
1499 1356
1500 1356
1501 1355
1502 1352
1503 1355
1504 1357
1505 1355
1506 1358
1507 1356
1508 1354
1509 1354
1510 1357
1511 1357
1512 1357
1513 1357
1514 1358
1515 1354
1516 1356
1517 1356
1518 1356
1519 1355
1520 1356
1521 1357
1522 1353
1523 1354
1524 1353
1525 1355
1526 1358
1527 1357
1528 1355
1529 1356
1530 1354
1531 1361
1532 1356
1533 1353
1534 1354
1535 1357
1536 1356
1537 1356
1538 1354
1539 1355
1540 1355
1541 1356
1542 1355
1543 1356
1544 1353
1545 1356
1546 1356
1547 1355
1548 1351
1549 1356
1550 1356
1551 1356
1552 1356
1553 1355
1554 1352
1555 1358
1556 1356
1557 1354
1558 1355
1559 1355
1560 1355
1561 1356
1562 1352
1563 1354
1564 1355
1565 1357
1566 1357
1567 1356
1568 1355
1569 1357
1570 1356
1571 1354
1572 1353
1573 1358
1574 1358
1575 1356
1576 1356
1577 1357
1578 1358
1579 1355
1580 1356
1581 1355
1582 1356
1583 1354
1584 1356
1585 1357
1586 1358
1587 1356
1588 1357
1589 1355
1590 1355
1591 1356
1592 1357
1593 1352
1594 1355
1595 1354
1596 1357
1597 1354
1598 1356
1599 1355
1600 1357
1601 1354
1602 1355
1603 1356
1604 1357
1605 1356
1606 1355
1607 1358
1608 1355
1609 1356
1610 1357
1611 1357
1612 1354
1613 1353
1614 1354
1615 1354
1616 1353
1617 1355
1618 1357
1619 1358
1620 1356
1621 1356
1622 1357
1623 1356
1624 1356
1625 1355
1626 1354
1627 1357
1628 1357
1629 1358
1630 1354
1631 1357
1632 1355
1633 1356
1634 1353
1635 1354
1636 1356
1637 1358
1638 1357
1639 1355
1640 1355
1641 1356
1642 1357
1643 1356
1644 1355
1645 1355
1646 1354
1647 1356
1648 1355
1649 1353
1650 1356
1651 1354
1652 1357
1653 1356
1654 1357
1655 1356
1656 1357
1657 1355
1658 1356
1659 1356
1660 1358
1661 1356
1662 1355
1663 1356
1664 1357
1665 1358
1666 1355
1667 1356
1668 1353
1669 1357
1670 1359
1671 1359
1672 1354
1673 1355
1674 1354
1675 1357
1676 1357
1677 1355
1678 1354
1679 1353
1680 1354
1681 1355
1682 1354
1683 1357
1684 1353
1685 1356
1686 1356
1687 1356
1688 1355
1689 1355
1690 1356
1691 1358
1692 1355
1693 1354
1694 1355
1695 1359
1696 1356
1697 1356
1698 1355
1699 1357
1700 1357
1701 1356
1702 1355
1703 1357
1704 1357
1705 1357
1706 1355
1707 1356
1708 1357
1709 1354
1710 1356
1711 1355
1712 1357
1713 1356
1714 1356
1715 1355
1716 1354
1717 1354
1718 1355
1719 1355
1720 1358
1721 1354
1722 1355
1723 1356
1724 1354
1725 1356
1726 1352
1727 1354
1728 1354
1729 1355
1730 1354
1731 1356
1732 1358
1733 1356
1734 1357
1735 1355
1736 1354
1737 1356
1738 1356
1739 1353
1740 1354
1741 1356
1742 1356
1743 1353
1744 1354
1745 1355
1746 1356
1747 1354
1748 1355
1749 1356
1750 1356
1751 1356
1752 1355
1753 1353
1754 1353
1755 1355
1756 1357
1757 1355
1758 1358
1759 1358
1760 1359
1761 1356
1762 1353
1763 1353
1764 1357
1765 1355
1766 1353
1767 1355
1768 1355
1769 1355
1770 1355
1771 1354
1772 1355
1773 1354
1774 1355
1775 1352
1776 1356
1777 1353
1778 1355
1779 1354
1780 1356
1781 1353
1782 1357
1783 1355
1784 1356
1785 1353
1786 1355
1787 1356
1788 1357
1789 1356
1790 1357
1791 1355
1792 1355
1793 1353
1794 1355
1795 1355
1796 1356
1797 1354
1798 1357
1799 1355
1800 1356
1801 1358
1802 1354
1803 1355
1804 1358
1805 1353
1806 1358
1807 1356
1808 1358
1809 1354
1810 1354
1811 1353
1812 1356
1813 1356
1814 1355
1815 1354
1816 1355
1817 1356
1818 1355
1819 1356
1820 1357
1821 1355
1822 1355
1823 1351
1824 1353
1825 1356
1826 1355
1827 1356
1828 1356
1829 1351
1830 1355
1831 1355
1832 1357
1833 1356
1834 1358
1835 1354
1836 1356
1837 1355
1838 1357
1839 1353
1840 1356
1841 1356
1842 1356
1843 1355
1844 1354
1845 1356
1846 1356
1847 1354
1848 1356
1849 1355
1850 1358
1851 1356
1852 1355
1853 1356
1854 1357
1855 1357
1856 1359
1857 1353
1858 1355
1859 1353
1860 1356
1861 1356
1862 1356
1863 1356
1864 1357
1865 1356
1866 1356
1867 1353
1868 1353
1869 1357
1870 1357
1871 1356
1872 1357
1873 1353
1874 1356
1875 1357
1876 1359
1877 1355
1878 1359
1879 1359
1880 1356
1881 1357
1882 1353
1883 1357
1884 1358
1885 1357
1886 1357
1887 1357
1888 1356
1889 1353
1890 1357
1891 1358
1892 1357
1893 1352
1894 1354
1895 1354
1896 1354
1897 1356
1898 1356
1899 1356
1900 1357
1901 1356
1902 1356
1903 1354
1904 1354
1905 1358
1906 1357
1907 1356
1908 1355
1909 1358
1910 1358
1911 1356
1912 1357
1913 1358
1914 1356
1915 1357
1916 1357
1917 1357
1918 1358
1919 1356
1920 1360
1921 1356
1922 1352
1923 1356
1924 1356
1925 1355
1926 1357
1927 1357
1928 1357
1929 1355
1930 1357
1931 1355
1932 1357
1933 1353
1934 1357
1935 1355
1936 1357
1937 1357
1938 1357
1939 1357
1940 1358
1941 1356
1942 1356
1943 1355
1944 1357
1945 1356
1946 1356
1947 1353
1948 1356
1949 1358
1950 1357
1951 1355
1952 1354
1953 1353
1954 1357
1955 1352
1956 1356
1957 1353
1958 1356
1959 1354
1960 1355
1961 1352
1962 1354
1963 1355
1964 1354
1965 1356
1966 1354
1967 1355
1968 1355
1969 1355
1970 1356
1971 1356
1972 1354
1973 1356
1974 1355
1975 1356
1976 1356
1977 1356
1978 1356
1979 1354
1980 1360
1981 1355
1982 1355
1983 1356
1984 1355
1985 1353
1986 1355
1987 1354
1988 1355
1989 1354
1990 1358
1991 1352
1992 1356
1993 1355
1994 1356
1995 1353
1996 1356
1997 1354
1998 1355
1999 1355
2000 1356
2001 1356
2002 1356
2003 1354
2004 1355
2005 1354
2006 1355
2007 1357
2008 1357
2009 1355
2010 1358
2011 1353
2012 1356
2013 1354
2014 1353
2015 1353
2016 1355
2017 1356
2018 1357
2019 1353
2020 1355
2021 1354
2022 1357
2023 1355
2024 1356
2025 1356
2026 1355
2027 1353
2028 1358
2029 1356
2030 1356
2031 1354
2032 1355
2033 1355
2034 1354
2035 1353
2036 1356
2037 1353
2038 1352
2039 1355
2040 1357
2041 1355
2042 1353
2043 1354
2044 1357
2045 1355
2046 1358
2047 1353
2048 1354
2049 1355
2050 1357
2051 1355
2052 1353
2053 1351
2054 1356
2055 1356
2056 1354
2057 1353
2058 1355
2059 1353
2060 1355
2061 1354
2062 1355
2063 1355
2064 1355
2065 1356
2066 1358
2067 1358
2068 1354
2069 1357
2070 1356
2071 1357
2072 1356
2073 1356
2074 1357
2075 1356
2076 1353
2077 1353
2078 1358
2079 1356
2080 1357
2081 1355
2082 1354
2083 1355
2084 1355
2085 1353
2086 1352
2087 1354
2088 1355
2089 1353
2090 1356
2091 1353
2092 1354
2093 1354
2094 1353
2095 1359
2096 1356
2097 1356
2098 1356
2099 1354
2100 1355
2101 1353
2102 1355
2103 1356
2104 1354
2105 1357
2106 1356
2107 1354
2108 1354
2109 1353
2110 1354
2111 1356
2112 1356
2113 1357
2114 1355
2115 1352
2116 1353
2117 1353
2118 1354
2119 1356
2120 1355
2121 1355
2122 1354
2123 1354
2124 1359
2125 1356
2126 1355
2127 1355
2128 1356
2129 1356
2130 1356
2131 1356
2132 1357
2133 1351
2134 1355
2135 1354
2136 1356
2137 1353
2138 1352
2139 1356
2140 1356
2141 1356
2142 1355
2143 1352
2144 1355
2145 1354
2146 1354
2147 1351
2148 1356
2149 1353
2150 1354
2151 1356
2152 1354
2153 1357
2154 1354
2155 1355
2156 1353
2157 1355
2158 1356
2159 1356
2160 1356
2161 1356
2162 1355
2163 1356
2164 1357
2165 1358
2166 1355
2167 1356
2168 1355
2169 1355
2170 1357
2171 1353
2172 1353
2173 1356
2174 1356
2175 1352
2176 1353
2177 1355
2178 1353
2179 1355
2180 1355
2181 1358
2182 1354
2183 1355
2184 1356
2185 1355
2186 1355
2187 1355
2188 1356
2189 1356
2190 1355
2191 1357
2192 1356
2193 1354
2194 1356
2195 1355
2196 1355
2197 1354
2198 1355
2199 1353
2200 1355
2201 1354
2202 1356
2203 1354
2204 1352
2205 1353
2206 1354
2207 1354
2208 1357
2209 1356
2210 1357
2211 1355
2212 1356
2213 1358
2214 1358
2215 1358
2216 1356
2217 1356
2218 1357
2219 1356
2220 1355
2221 1355
2222 1355
2223 1356
2224 1359
2225 1356
2226 1359
2227 1353
2228 1355
2229 1356
2230 1356
2231 1355
2232 1352
2233 1355
2234 1351
2235 1356
2236 1354
2237 1355
2238 1351
2239 1358
2240 1359
2241 1357
2242 1355
2243 1354
2244 1356
2245 1356
2246 1357
2247 1358
2248 1357
2249 1356
2250 1357
2251 1355
2252 1354
2253 1356
2254 1356
2255 1356
2256 1358
2257 1356
2258 1356
2259 1358
2260 1356
2261 1355
2262 1355
2263 1356
2264 1355
2265 1356
2266 1357
2267 1355
2268 1354
2269 1356
2270 1357
2271 1358
2272 1353
2273 1357
2274 1353
2275 1357
2276 1356
2277 1357
2278 1357
2279 1357
2280 1356
2281 1356
2282 1357
2283 1356
2284 1355
2285 1358
2286 1357
2287 1357
2288 1356
2289 1356
2290 1358
2291 1355
2292 1356
2293 1356
2294 1355
2295 1353
2296 1356
2297 1355
2298 1352
2299 1355
2300 1356
2301 1355
2302 1356
2303 1356
2304 1356
2305 1356
2306 1357
2307 1356
2308 1358
2309 1356
2310 1356
2311 1357
2312 1353
2313 1358
2314 1358
2315 1356
2316 1357
2317 1356
2318 1355
2319 1356
2320 1357
2321 1355
2322 1354
2323 1356
2324 1355
2325 1357
2326 1356
2327 1355
2328 1353
2329 1355
2330 1357
2331 1353
2332 1355
2333 1353
2334 1352
2335 1354
2336 1355
2337 1356
2338 1355
2339 1355
2340 1355
2341 1356
2342 1356
2343 1358
2344 1357
2345 1356
2346 1354
2347 1356
2348 1355
2349 1355
2350 1355
2351 1355
2352 1354
2353 1355
2354 1356
2355 1354
2356 1357
2357 1354
2358 1352
2359 1356
2360 1357
2361 1357
2362 1355
2363 1355
2364 1355
2365 1354
2366 1356
2367 1353
2368 1354
2369 1354
2370 1356
2371 1355
2372 1356
2373 1357
2374 1358
2375 1358
2376 1357
2377 1357
2378 1356
2379 1355
2380 1356
2381 1355
2382 1358
2383 1355
2384 1355
2385 1354
2386 1355
2387 1353
2388 1355
2389 1353
2390 1354
2391 1358
2392 1355
2393 1355
2394 1355
2395 1357
2396 1351
2397 1354
2398 1355
2399 1358
2400 1356
2401 1354
2402 1353
2403 1356
2404 1357
2405 1358
2406 1354
2407 1352
2408 1351
2409 1358
2410 1355
2411 1356
2412 1355
2413 1356
2414 1355
2415 1354
2416 1355
2417 1356
2418 1354
2419 1354
2420 1357
2421 1354
2422 1356
2423 1355
2424 1355
2425 1356
2426 1355
2427 1356
2428 1355
2429 1353
2430 1359
2431 1359
2432 1357
2433 1355
2434 1353
2435 1356
2436 1356
2437 1353
2438 1358
2439 1357
2440 1355
2441 1356
2442 1353
2443 1357
2444 1355
2445 1357
2446 1359
2447 1357
2448 1358
2449 1356
2450 1355
2451 1355
2452 1355
2453 1357
2454 1355
2455 1355
2456 1357
2457 1358
2458 1356
2459 1354
2460 1355
2461 1355
2462 1356
2463 1358
2464 1356
2465 1355
2466 1358
2467 1356
2468 1356
2469 1356
2470 1357
2471 1359
2472 1357
2473 1356
2474 1355
2475 1355
2476 1353
2477 1356
2478 1356
2479 1355
2480 1357
2481 1356
2482 1356
2483 1357
2484 1356
2485 1357
2486 1358
2487 1354
2488 1352
2489 1355
2490 1357
2491 1360
2492 1357
2493 1355
2494 1355
2495 1355
2496 1355
2497 1355
2498 1355
2499 1356
2500 1353
2501 1355
2502 1357
2503 1357
2504 1356
2505 1356
2506 1357
2507 1355
2508 1355
2509 1357
2510 1357
2511 1356
2512 1359
2513 1357
2514 1353
2515 1355
2516 1356
2517 1354
2518 1355
2519 1358
2520 1359
2521 1358
2522 1354
2523 1355
2524 1358
2525 1356
2526 1356
2527 1357
2528 1356
2529 1354
2530 1357
2531 1354
2532 1357
2533 1355
2534 1356
2535 1355
2536 1356
2537 1356
2538 1353
2539 1356
2540 1356
2541 1358
2542 1356
2543 1355
2544 1356
2545 1357
2546 1354
2547 1353
2548 1355
2549 1355
2550 1358
2551 1358
2552 1355
2553 1358
2554 1355
2555 1357
2556 1357
2557 1357
2558 1355
2559 1353
2560 1356
2561 1358
2562 1354
2563 1355
2564 1353
2565 1354
2566 1353
2567 1356
2568 1356
2569 1355
2570 1355
2571 1357
2572 1357
2573 1357
2574 1358
2575 1357
2576 1355
2577 1357
2578 1358
2579 1358
2580 1356
2581 1357
2582 1360
2583 1355
2584 1357
2585 1356
2586 1355
2587 1357
2588 1355
2589 1355
2590 1356
2591 1357
2592 1357
2593 1357
2594 1358
2595 1356
2596 1354
2597 1354
2598 1355
2599 1355
2600 1357
2601 1357
2602 1353
2603 1354
2604 1352
2605 1356
2606 1357
2607 1355
2608 1356
2609 1354
2610 1357
2611 1357
2612 1359
2613 1356
2614 1355
2615 1354
2616 1351
2617 1353
2618 1354
2619 1355
2620 1357
2621 1357
2622 1359
2623 1356
2624 1358
2625 1356
2626 1357
2627 1356
2628 1354
2629 1356
2630 1358
2631 1358
2632 1357
2633 1354
2634 1357
2635 1356
2636 1360
2637 1357
2638 1359
2639 1356
2640 1354
2641 1354
2642 1356
2643 1356
2644 1356
2645 1355
2646 1355
2647 1354
2648 1355
2649 1354
2650 1359
2651 1356
2652 1357
2653 1355
2654 1354
2655 1353
2656 1353
2657 1357
2658 1356
2659 1354
2660 1354
2661 1353
2662 1352
2663 1352
2664 1354
2665 1356
2666 1358
2667 1355
2668 1354
2669 1356
2670 1356
2671 1356
2672 1356
2673 1357
2674 1356
2675 1356
2676 1355
2677 1355
2678 1354
2679 1355
2680 1357
2681 1356
2682 1352
2683 1356
2684 1355
2685 1358
2686 1356
2687 1356
2688 1357
2689 1357
2690 1356
2691 1354
2692 1354
2693 1353
2694 1356
2695 1355
2696 1353
2697 1357
2698 1358
2699 1356
2700 1356
2701 1357
2702 1355
2703 1356
2704 1353
2705 1354
2706 1354
2707 1354
2708 1353
2709 1356
2710 1358
2711 1356
2712 1357
2713 1355
2714 1356
2715 1356
2716 1354
2717 1353
2718 1356
2719 1355
2720 1354
2721 1354
2722 1354
2723 1355
2724 1356
2725 1354
2726 1354
2727 1356
2728 1357
2729 1357
2730 1356
2731 1354
2732 1359
2733 1357
2734 1357
2735 1357
2736 1355
2737 1355
2738 1352
2739 1353
2740 1358
2741 1356
2742 1355
2743 1358
2744 1356
2745 1357
2746 1355
2747 1356
2748 1358
2749 1357
2750 1352
2751 1355
2752 1354
2753 1353
2754 1356
2755 1356
2756 1355
2757 1354
2758 1355
2759 1353
2760 1353
2761 1354
2762 1353
2763 1354
2764 1355
2765 1356
2766 1353
2767 1358
2768 1355
2769 1357
2770 1355
2771 1356
2772 1357
2773 1356
2774 1355
2775 1357
2776 1357
2777 1356
2778 1355
2779 1356
2780 1355
2781 1356
2782 1354
2783 1357
2784 1356
2785 1356
2786 1355
2787 1356
2788 1354
2789 1356
2790 1354
2791 1356
2792 1354
2793 1352
2794 1355
2795 1355
2796 1357
2797 1355
2798 1356
2799 1358
2800 1356
2801 1357
2802 1355
2803 1354
2804 1356
2805 1354
2806 1351
2807 1355
2808 1352
2809 1353
2810 1357
2811 1356
2812 1353
2813 1351
2814 1353
2815 1356
2816 1352
2817 1356
2818 1356
2819 1353
2820 1355
2821 1355
2822 1356
2823 1356
2824 1354
2825 1355
2826 1355
2827 1358
2828 1355
2829 1354
2830 1355
2831 1354
2832 1354
2833 1356
2834 1356
2835 1358
2836 1355
2837 1353
2838 1353
2839 1355
2840 1356
2841 1357
2842 1354
2843 1356
2844 1357
2845 1354
2846 1354
2847 1353
2848 1353
2849 1355
2850 1357
2851 1356
2852 1354
2853 1356
2854 1355
2855 1358
2856 1355
2857 1357
2858 1354
2859 1356
2860 1356
2861 1358
2862 1355
2863 1356
2864 1353
2865 1356
2866 1354
2867 1355
2868 1351
2869 1356
2870 1357
2871 1357
2872 1352
2873 1353
2874 1357
2875 1357
2876 1357
2877 1355
2878 1351
2879 1355
2880 1356
2881 1356
2882 1354
2883 1354
2884 1355
2885 1357
2886 1354
2887 1357
2888 1357
2889 1357
2890 1354
2891 1355
2892 1353
2893 1354
2894 1355
2895 1356
2896 1355
2897 1355
2898 1353
2899 1356
2900 1356
2901 1356
2902 1354
2903 1354
2904 1355
2905 1353
2906 1355
2907 1356
2908 1354
2909 1353
2910 1353
2911 1354
2912 1357
2913 1355
2914 1354
2915 1358
2916 1355
2917 1358
2918 1354
2919 1356
2920 1353
2921 1356
2922 1355
2923 1356
2924 1355
2925 1355
2926 1356
2927 1355
2928 1352
2929 1356
2930 1359
2931 1356
2932 1354
2933 1355
2934 1355
2935 1354
2936 1354
2937 1355
2938 1354
2939 1359
2940 1356
2941 1356
2942 1357
2943 1357
2944 1358
2945 1355
2946 1355
2947 1356
2948 1355
2949 1355
2950 1352
2951 1355
2952 1356
2953 1356
2954 1356
2955 1355
2956 1355
2957 1356
2958 1354
2959 1354
2960 1353
2961 1353
2962 1351
2963 1355
2964 1353
2965 1357
2966 1354
2967 1356
2968 1353
2969 1354
2970 1354
2971 1354
2972 1355
2973 1356
2974 1354
2975 1354
2976 1354
2977 1353
2978 1355
2979 1356
2980 1352
2981 1355
2982 1355
2983 1356
2984 1356
2985 1356
2986 1356
2987 1353
2988 1354
2989 1357
2990 1354
2991 1356
2992 1356
2993 1356
2994 1354
2995 1354
2996 1354
2997 1354
2998 1352
2999 1354
3000 1357
3001 1355
3002 1355
3003 1355
3004 1353
3005 1356
3006 1357
3007 1356
3008 1354
3009 1355
3010 1354
3011 1354
3012 1353
3013 1355
3014 1357
3015 1355
3016 1356
3017 1354
3018 1356
3019 1357
3020 1353
3021 1353
3022 1354
3023 1356
3024 1352
3025 1356
3026 1356
3027 1353
3028 1352
3029 1352
3030 1353
3031 1355
3032 1354
3033 1354
3034 1354
3035 1356
3036 1355
3037 1355
3038 1355
3039 1353
3040 1353
3041 1355
3042 1355
3043 1356
3044 1356
3045 1359
3046 1355
3047 1357
3048 1354
3049 1356
3050 1357
3051 1357
3052 1355
3053 1356
3054 1355
3055 1357
3056 1356
3057 1352
3058 1353
3059 1357
3060 1356
3061 1355
3062 1354
3063 1357
3064 1356
3065 1356
3066 1357
3067 1354
3068 1354
3069 1357
3070 1354
3071 1357
3072 1357
3073 1358
3074 1356
3075 1353
3076 1355
3077 1356
3078 1356
3079 1356
3080 1355
3081 1356
3082 1354
3083 1356
3084 1352
3085 1355
3086 1356
3087 1355
3088 1355
3089 1357
3090 1356
3091 1357
3092 1354
3093 1357
3094 1356
3095 1355
3096 1355
3097 1356
3098 1356
3099 1358
3100 1354
3101 1358
3102 1355
3103 1356
3104 1356
3105 1356
3106 1355
3107 1356
3108 1357
3109 1355
3110 1354
3111 1356
3112 1355
3113 1355
3114 1357
3115 1355
3116 1355
3117 1356
3118 1354
3119 1356
3120 1355
3121 1351
3122 1352
3123 1355
3124 1356
3125 1355
3126 1353
3127 1353
3128 1355
3129 1354
3130 1353
3131 1356
3132 1357
3133 1356
3134 1356
3135 1355
3136 1356
3137 1355
3138 1358
3139 1354
3140 1354
3141 1354
3142 1355
3143 1357
3144 1353
3145 1351
3146 1350
3147 1356
3148 1356
3149 1356
3150 1354
3151 1353
3152 1355
3153 1355
3154 1357
3155 1357
3156 1357
3157 1356
3158 1356
3159 1356
3160 1357
3161 1356
3162 1358
3163 1354
3164 1354
3165 1356
3166 1355
3167 1355
3168 1353
3169 1356
3170 1355
3171 1359
3172 1356
3173 1356
3174 1356
3175 1353
3176 1354
3177 1355
3178 1354
3179 1354
3180 1351
3181 1356
3182 1356
3183 1357
3184 1352
3185 1357
3186 1357
3187 1357
3188 1353
3189 1358
3190 1359
3191 1358
3192 1357
3193 1356
3194 1359
3195 1356
3196 1358
3197 1356
3198 1356
3199 1356
3200 1357
3201 1353
3202 1356
3203 1356
3204 1358
3205 1356
3206 1356
3207 1355
3208 1354
3209 1352
3210 1353
3211 1356
3212 1354
3213 1355
3214 1356
3215 1357
3216 1356
3217 1353
3218 1354
3219 1355
3220 1358
3221 1356
3222 1356
3223 1356
3224 1356
3225 1356
3226 1354
3227 1357
3228 1357
3229 1356
3230 1353
3231 1355
3232 1354
3233 1358
3234 1357
3235 1358
3236 1357
3237 1357
3238 1355
3239 1357
3240 1353
3241 1356
3242 1357
3243 1356
3244 1356
3245 1355
3246 1357
3247 1356
3248 1354
3249 1352
3250 1356
3251 1357
3252 1356
3253 1356
3254 1354
3255 1355
3256 1355
3257 1356
3258 1355
3259 1355
3260 1355
3261 1359
3262 1355
3263 1355
3264 1353
3265 1353
3266 1355
3267 1355
3268 1355
3269 1356
3270 1355
3271 1355
3272 1353
3273 1354
3274 1354
3275 1357
3276 1356
3277 1354
3278 1354
3279 1356
3280 1357
3281 1356
3282 1355
3283 1356
3284 1355
3285 1354
3286 1355
3287 1355
3288 1356
3289 1355
3290 1352
3291 1353
3292 1357
3293 1357
3294 1357
3295 1354
3296 1353
3297 1352
3298 1353
3299 1356
3300 1355
3301 1354
3302 1357
3303 1353
3304 1357
3305 1356
3306 1355
3307 1355
3308 1354
3309 1355
3310 1358
3311 1356
3312 1355
3313 1355
3314 1355
3315 1354
3316 1355
3317 1354
3318 1352
3319 1355
3320 1357
3321 1357
3322 1357
3323 1356
3324 1356
3325 1355
3326 1354
3327 1354
3328 1354
3329 1355
3330 1356
3331 1354
3332 1356
3333 1355
3334 1353
3335 1353
3336 1356
3337 1354
3338 1357
3339 1357
3340 1353
3341 1355
3342 1355
3343 1356
3344 1357
3345 1356
3346 1355
3347 1355
3348 1355
3349 1355
3350 1357
3351 1356
3352 1355
3353 1355
3354 1354
3355 1354
3356 1354
3357 1356
3358 1352
3359 1353
3360 1356
3361 1357
3362 1357
3363 1354
3364 1352
3365 1354
3366 1353
3367 1356
3368 1356
3369 1354
3370 1355
3371 1355
3372 1355
3373 1355
3374 1354
3375 1358
3376 1354
3377 1355
3378 1354
3379 1356
3380 1358
3381 1356
3382 1354
3383 1354
3384 1353
3385 1356
3386 1357
3387 1356
3388 1355
3389 1353
3390 1354
3391 1356
3392 1356
3393 1354
3394 1354
3395 1354
3396 1357
3397 1355
3398 1356
3399 1355
3400 1355
3401 1354
3402 1357
3403 1356
3404 1356
3405 1356
3406 1354
3407 1359
3408 1355
3409 1356
3410 1357
3411 1355
3412 1354
3413 1356
3414 1356
3415 1356
3416 1355
3417 1357
3418 1354
3419 1357
3420 1356
3421 1355
3422 1354
3423 1356
3424 1351
3425 1355
3426 1355
3427 1356
3428 1354
3429 1355
3430 1355
3431 1355
3432 1355
3433 1356
3434 1355
3435 1355
3436 1355
3437 1357
3438 1355
3439 1359
3440 1356
3441 1358
3442 1356
3443 1356
3444 1356
3445 1356
3446 1355
3447 1355
3448 1355
3449 1356
3450 1355
3451 1357
3452 1354
3453 1355
3454 1355
3455 1356
3456 1354
3457 1356
3458 1356
3459 1356
3460 1357
3461 1356
3462 1357
3463 1356
3464 1355
3465 1356
3466 1356
3467 1355
3468 1354
3469 1357
3470 1357
3471 1356
3472 1357
3473 1356
3474 1357
3475 1357
3476 1353
3477 1356
3478 1354
3479 1355
3480 1354
3481 1353
3482 1352
3483 1355
3484 1353
3485 1356
3486 1352
3487 1357
3488 1357
3489 1358
3490 1355
3491 1357
3492 1354
3493 1355
3494 1354
3495 1358
3496 1356
3497 1354
3498 1355
3499 1357
3500 1358
3501 1361
3502 1355
3503 1356
3504 1355
3505 1356
3506 1355
3507 1356
3508 1353
3509 1358
3510 1355
3511 1358
3512 1355
3513 1356
3514 1353
3515 1356
3516 1354
3517 1359
3518 1356
3519 1356
3520 1352
3521 1354
3522 1353
3523 1355
3524 1353
3525 1357
3526 1353
3527 1354
3528 1353
3529 1354
3530 1354
3531 1355
3532 1355
3533 1355
3534 1355
3535 1355
3536 1355
3537 1356
3538 1353
3539 1356
3540 1354
3541 1357
3542 1356
3543 1358
3544 1353
3545 1355
3546 1356
3547 1357
3548 1355
3549 1357
3550 1356
3551 1357
3552 1352
3553 1356
3554 1353
3555 1357
3556 1354
3557 1359
3558 1358
3559 1359
3560 1357
3561 1354
3562 1355
3563 1355
3564 1355
3565 1357
3566 1355
3567 1358
3568 1354
3569 1353
3570 1355
3571 1358
3572 1354
3573 1357
3574 1354
3575 1357
3576 1352
3577 1354
3578 1351
3579 1354
3580 1355
3581 1357
3582 1355
3583 1356
3584 1356
3585 1356
3586 1354
3587 1355
3588 1353
3589 1354
3590 1356
3591 1357
3592 1354
3593 1357
3594 1356
3595 1356
3596 1353
3597 1353
3598 1353
3599 1356
3600 1356
3601 1357
3602 1354
3603 1357
3604 1353
3605 1356
3606 1354
3607 1351
3608 1351
3609 1354
3610 1353
3611 1356
3612 1356
3613 1355
3614 1354
3615 1355
3616 1357
3617 1356
3618 1354
3619 1355
3620 1354
3621 1357
3622 1353
3623 1355
3624 1354
3625 1357
3626 1352
3627 1357
3628 1354
3629 1356
3630 1355
3631 1355
3632 1357
3633 1356
3634 1356
3635 1355
3636 1354
3637 1354
3638 1355
3639 1354
3640 1353
3641 1354
3642 1357
3643 1358
3644 1357
3645 1358
3646 1355
3647 1356
3648 1352
3649 1356
3650 1355
3651 1356
3652 1356
3653 1355
3654 1358
3655 1356
3656 1356
3657 1356
3658 1353
3659 1355
3660 1357
3661 1357
3662 1356
3663 1357
3664 1353
3665 1354
3666 1354
3667 1354
3668 1356
3669 1356
3670 1356
3671 1354
3672 1354
3673 1355
3674 1355
3675 1355
3676 1355
3677 1354
3678 1356
3679 1357
3680 1358
3681 1358
3682 1355
3683 1355
3684 1353
3685 1356
3686 1355
3687 1355
3688 1352
3689 1355
3690 1355
3691 1358
3692 1356
3693 1354
3694 1355
3695 1353
3696 1354
3697 1354
3698 1355
3699 1354
3700 1356
3701 1356
3702 1355
3703 1357
3704 1357
3705 1356
3706 1356
3707 1355
3708 1357
3709 1355
3710 1355
3711 1354
3712 1355
3713 1356
3714 1357
3715 1353
3716 1355
3717 1355
3718 1360
3719 1358
3720 1355
3721 1354
3722 1358
3723 1355
3724 1355
3725 1353
3726 1357
3727 1355
3728 1354
3729 1354
3730 1353
3731 1356
3732 1356
3733 1355
3734 1354
3735 1358
3736 1356
3737 1354
3738 1357
3739 1354
3740 1355
3741 1353
3742 1353
3743 1353
3744 1354
3745 1357
3746 1357
3747 1358
3748 1358
3749 1356
3750 1356
3751 1358
3752 1356
3753 1357
3754 1358
3755 1357
3756 1356
3757 1355
3758 1354
3759 1356
3760 1356
3761 1356
3762 1354
3763 1354
3764 1356
3765 1356
3766 1354
3767 1356
3768 1355
3769 1355
3770 1354
3771 1357
3772 1358
3773 1354
3774 1353
3775 1355
3776 1355
3777 1356
3778 1353
3779 1356
3780 1356
3781 1355
3782 1356
3783 1355
3784 1355
3785 1351
3786 1354
3787 1354
3788 1351
3789 1354
3790 1356
3791 1353
3792 1352
3793 1353
3794 1356
3795 1354
3796 1355
3797 1354
3798 1355
3799 1354
3800 1356
3801 1356
3802 1354
3803 1354
3804 1358
3805 1354
3806 1354
3807 1355
3808 1357
3809 1358
3810 1358
3811 1354
3812 1353
3813 1354
3814 1356
3815 1355
3816 1354
3817 1353
3818 1353
3819 1352
3820 1352
3821 1354
3822 1353
3823 1354
3824 1355
3825 1354
3826 1353
3827 1353
3828 1355
3829 1355
3830 1355
3831 1353
3832 1355
3833 1354
3834 1353
3835 1356
3836 1354
3837 1354
3838 1356
3839 1356
3840 1353
3841 1355
3842 1358
3843 1357
3844 1357
3845 1356
3846 1355
3847 1355
3848 1355
3849 1354
3850 1358
3851 1354
3852 1355
3853 1355
3854 1356
3855 1353
3856 1357
3857 1353
3858 1356
3859 1355
3860 1357
3861 1355
3862 1358
3863 1355
3864 1353
3865 1357
3866 1355
3867 1354
3868 1354
3869 1355
3870 1354
3871 1357
3872 1357
3873 1356
3874 1356
3875 1356
3876 1358
3877 1356
3878 1353
3879 1356
3880 1356
3881 1357
3882 1357
3883 1354
3884 1355
3885 1353
3886 1357
3887 1354
3888 1354
3889 1352
3890 1356
3891 1354
3892 1355
3893 1355
3894 1355
3895 1355
3896 1355
3897 1352
3898 1355
3899 1355
3900 1354
3901 1356
3902 1355
3903 1357
3904 1355
3905 1354
3906 1357
3907 1356
3908 1353
3909 1354
3910 1355
3911 1357
3912 1356
3913 1357
3914 1355
3915 1354
3916 1353
3917 1358
3918 1358
3919 1357
3920 1358
3921 1354
3922 1357
3923 1355
3924 1352
3925 1353
3926 1357
3927 1358
3928 1355
3929 1357
3930 1356
3931 1358
3932 1355
3933 1357
3934 1354
3935 1356
3936 1354
3937 1355
3938 1354
3939 1356
3940 1355
3941 1354
3942 1356
3943 1354
3944 1356
3945 1356
3946 1356
3947 1354
3948 1355
3949 1353
3950 1355
3951 1358
3952 1358
3953 1354
3954 1353
3955 1356
3956 1357
3957 1357
3958 1356
3959 1353
3960 1353
3961 1353
3962 1357
3963 1355
3964 1356
3965 1356
3966 1356
3967 1356
3968 1353
3969 1355
3970 1355
3971 1355
3972 1357
3973 1354
3974 1355
3975 1355
3976 1355
3977 1352
3978 1355
3979 1354
3980 1360
3981 1358
3982 1354
3983 1356
3984 1358
3985 1356
3986 1355
3987 1355
3988 1357
3989 1358
3990 1358
3991 1357
3992 1355
3993 1357
3994 1358
3995 1357
3996 1357
3997 1358
3998 1356
3999 1355
