0 1356
1 1354
2 1355
3 1354
4 1355
5 1357
6 1355
7 1355
8 1355
9 1356
10 1357
11 1356
12 1357
13 1358
14 1356
15 1356
16 1357
17 1357
18 1359
19 1357
20 1358
21 1357
22 1357
23 1357
24 1356
25 1354
26 1356
27 1359
28 1357
29 1357
30 1358
31 1356
32 1356
33 1356
34 1351
35 1355
36 1357
37 1357
38 1357
39 1354
40 1357
41 1356
42 1355
43 1355
44 1355
45 1355
46 1359
47 1357
48 1356
49 1356
50 1355
51 1359
52 1355
53 1356
54 1354
55 1355
56 1356
57 1355
58 1355
59 1354
60 1355
61 1355
62 1356
63 1355
64 1351
65 1356
66 1356
67 1358
68 1355
69 1354
70 1356
71 1359
72 1354
73 1355
74 1355
75 1357
76 1356
77 1359
78 1356
79 1357
80 1354
81 1358
82 1359
83 1355
84 1358
85 1357
86 1354
87 1357
88 1355
89 1357
90 1357
91 1357
92 1354
93 1355
94 1356
95 1356
96 1354
97 1357
98 1355
99 1356
100 1355
101 1357
102 1355
103 1356
104 1356
105 1355
106 1355
107 1355
108 1355
109 1358
110 1356
111 1354
112 1356
113 1355
114 1356
115 1355
116 1356
117 1354
118 1354
119 1357
120 1356
121 1356
122 1354
123 1353
124 1356
125 1357
126 1355
127 1355
128 1353
129 1357
130 1357
131 1353
132 1354
133 1355
134 1356
135 1355
136 1356
137 1356
138 1358
139 1355
140 1356
141 1356
142 1354
143 1358
144 1358
145 1357
146 1355
147 1358
148 1354
149 1358
150 1356
151 1354
152 1355
153 1354
154 1355
155 1353
156 1357
157 1356
158 1354
159 1356
160 1354
161 1353
162 1356
163 1355
164 1356
165 1353
166 1356
167 1353
168 1355
169 1353
170 1355
171 1354
172 1356
173 1356
174 1358
175 1356
176 1355
177 1355
178 1356
179 1357
180 1355
181 1354
182 1355
183 1353
184 1353
185 1355
186 1356
187 1354
188 1354
189 1357
190 1353
191 1355
192 1355
193 1350
194 1355
195 1356
196 1354
197 1353
198 1354
199 1355
200 1358
201 1356
202 1357
203 1355
204 1354
205 1358
206 1356
207 1357
208 1356
209 1355
210 1354
211 1354
212 1356
213 1354
214 1353
215 1355
216 1357
217 1357
218 1357
219 1354
220 1354
221 1357
222 1355
223 1356
224 1355
225 1356
226 1355
227 1356
228 1354
229 1357
230 1355
231 1356
232 1355
233 1354
234 1355
235 1355
236 1356
237 1356
238 1354
239 1355
240 1354
241 1355
242 1353
243 1358
244 1358
245 1357
246 1356
247 1353
248 1357
249 1357
250 1356
251 1356
252 1355
253 1355
254 1354
255 1354
256 1355
257 1359
258 1357
259 1357
260 1357
261 1357
262 1360
263 1357
264 1356
265 1357
266 1355
267 1358
268 1357
269 1359
270 1355
271 1357
272 1354
273 1356
274 1355
275 1355
276 1353
277 1354
278 1355
279 1355
280 1356
281 1354
282 1353
283 1356
284 1355
285 1357
286 1355
287 1357
288 1357
289 1359
290 1357
291 1354
292 1355
293 1357
294 1357
295 1356
296 1356
297 1357
298 1356
299 1356
300 1355
301 1356
302 1356
303 1354
304 1354
305 1357
306 1356
307 1355
308 1356
309 1357
310 1354
311 1356
312 1353
313 1355
314 1357
315 1359
316 1358
317 1355
318 1358
319 1357
320 1357
321 1357
322 1356
323 1357
324 1359
325 1357
326 1356
327 1357
328 1354
329 1356
330 1355
331 1357
332 1355
333 1357
334 1355
335 1356
336 1356
337 1357
338 1356
339 1357
340 1355
341 1352
342 1355
343 1357
344 1356
345 1355
346 1354
347 1354
348 1356
349 1356
350 1356
351 1357
352 1358
353 1357
354 1358
355 1356
356 1356
357 1357
358 1355
359 1356
360 1356
361 1356
362 1355
363 1358
364 1358
365 1357
366 1356
367 1354
368 1354
369 1353
370 1356
371 1356
372 1355
373 1353
374 1358
375 1358
376 1354
377 1356
378 1356
379 1356
380 1357
381 1355
382 1356
383 1355
384 1357
385 1354
386 1357
387 1356
388 1356
389 1358
390 1356
391 1358
392 1356
393 1355
394 1356
395 1357
396 1356
397 1352
398 1355
399 1355
400 1353
401 1355
402 1356
403 1354
404 1355
405 1357
406 1357
407 1357
408 1356
409 1355
410 1353
411 1355
412 1356
413 1357
414 1356
415 1355
416 1356
417 1355
418 1354
419 1357
420 1355
421 1355
422 1355
423 1356
424 1355
425 1357
426 1355
427 1357
428 1355
429 1356
430 1357
431 1356
432 1358
433 1356
434 1355
435 1356
436 1354
437 1356
438 1356
439 1355
440 1357
441 1353
442 1356
443 1355
444 1356
445 1356
446 1357
447 1359
448 1357
449 1355
450 1358
451 1357
452 1354
453 1358
454 1356
455 1354
456 1355
457 1358
458 1356
459 1358
460 1356
461 1356
462 1354
463 1355
464 1357
465 1354
466 1355
467 1355
468 1355
469 1357
470 1355
471 1356
472 1356
473 1356
474 1357
475 1355
476 1356
477 1354
478 1356
479 1358
480 1355
481 1359
482 1355
483 1356
484 1354
485 1358
486 1355
487 1357
488 1355
489 1355
490 1356
491 1357
492 1357
493 1355
494 1355
495 1357
496 1352
497 1355
498 1355
499 1358
500 1356
501 1360
502 1362
503 1366
504 1368
505 1377
506 1384
507 1390
508 1397
509 1408
510 1416
511 1427
512 1436
513 1443
514 1452
515 1456
516 1460
517 1465
518 1468
519 1470
520 1468
521 1468
522 1468
523 1466
524 1466
525 1464
526 1461
527 1460
528 1456
529 1451
530 1449
531 1444
532 1443
533 1440
534 1438
535 1433
536 1426
537 1425
538 1418
539 1417
540 1414
541 1412
542 1407
543 1405
544 1402
545 1400
546 1397
547 1397
548 1393
549 1389
550 1386
551 1388
552 1383
553 1382
554 1379
555 1381
556 1379
557 1377
558 1374
559 1373
560 1373
561 1372
562 1371
563 1372
564 1369
565 1369
566 1368
567 1366
568 1366
569 1365
570 1364
571 1365
572 1364
573 1363
574 1363
575 1361
576 1362
577 1363
578 1359
579 1363
580 1360
581 1358
582 1358
583 1361
584 1361
585 1360
586 1359
587 1357
588 1356
589 1358
590 1357
591 1361
592 1357
593 1357
594 1358
595 1355
596 1359
597 1356
598 1356
599 1355
600 1358
601 1356
602 1355
603 1356
604 1356
605 1357
606 1357
607 1361
608 1355
609 1356
610 1355
611 1356
612 1355
613 1355
614 1356
615 1357
616 1355
617 1357
618 1353
619 1359
620 1356
621 1359
622 1353
623 1356
624 1354
625 1358
626 1354
627 1357
628 1354
629 1357
630 1357
631 1357
632 1357
633 1356
634 1358
635 1357
636 1358
637 1357
638 1357
639 1357
640 1355
641 1357
642 1358
643 1357
644 1357
645 1357
646 1356
647 1359
648 1359
649 1360
650 1353
651 1357
652 1354
653 1355
654 1356
655 1356
656 1356
657 1355
658 1356
659 1356
660 1354
661 1356
662 1353
663 1354
664 1354
665 1356
666 1357
667 1357
668 1356
669 1358
670 1357
671 1357
672 1355
673 1356
674 1355
675 1354
676 1354
677 1355
678 1355
679 1355
680 1354
681 1357
682 1356
683 1354
684 1355
685 1354
686 1355
687 1356
688 1355
689 1355
690 1352
691 1355
692 1357
693 1356
694 1355
695 1357
696 1353
697 1359
698 1354
699 1354
700 1354
701 1353
702 1356
703 1356
704 1356
705 1357
706 1357
707 1356
708 1356
709 1358
710 1356
711 1359
712 1358
713 1355
714 1356
715 1356
716 1354
717 1355
718 1353
719 1357
720 1358
721 1358
722 1358
723 1354
724 1355
725 1358
726 1356
727 1357
728 1357
729 1357
730 1356
731 1357
732 1355
733 1354
734 1356
735 1355
736 1356
737 1358
738 1358
739 1355
740 1354
741 1354
742 1357
743 1355
744 1357
745 1354
746 1357
747 1357
748 1359
749 1358
750 1357
751 1355
752 1355
753 1355
754 1356
755 1354
756 1354
757 1355
758 1356
759 1353
760 1357
761 1355
762 1355
763 1355
764 1356
765 1358
766 1356
767 1355
768 1358
769 1354
770 1355
771 1355
772 1356
773 1356
774 1356
775 1356
776 1356
777 1357
778 1356
779 1356
780 1355
781 1357
782 1358
783 1355
784 1356
785 1357
786 1355
787 1354
788 1356
789 1357
790 1355
791 1356
792 1356
793 1355
794 1356
795 1357
796 1356
797 1355
798 1356
799 1355
800 1356
801 1356
802 1356
803 1356
804 1354
805 1356
806 1356
807 1355
808 1356
809 1358
810 1359
811 1357
812 1356
813 1356
814 1354
815 1356
816 1353
817 1355
818 1355
819 1353
820 1354
821 1353
822 1353
823 1353
824 1352
825 1356
826 1355
827 1356
828 1354
829 1354
830 1355
831 1355
832 1356
833 1359
834 1354
835 1356
836 1354
837 1355
838 1353
839 1355
840 1356
841 1354
842 1355
843 1353
844 1356
845 1353
846 1355
847 1355
848 1355
849 1356
850 1354
851 1353
852 1355
853 1355
854 1354
855 1354
856 1356
857 1357
858 1354
859 1356
860 1355
861 1355
862 1355
863 1353
864 1354
865 1352
866 1353
867 1358
868 1354
869 1355
870 1357
871 1357
872 1355
873 1358
874 1355
875 1353
876 1355
877 1356
878 1355
879 1352
880 1355
881 1355
882 1356
883 1355
884 1355
885 1355
886 1354
887 1356
888 1354
889 1356
890 1355
891 1357
892 1355
893 1355
894 1353
895 1355
896 1356
897 1358
898 1357
899 1358
900 1355
901 1357
902 1356
903 1353
904 1351
905 1355
906 1354
907 1355
908 1355
909 1357
910 1354
911 1355
912 1354
913 1355
914 1353
915 1356
916 1353
917 1354
918 1355
919 1355
920 1357
921 1358
922 1356
923 1355
924 1354
925 1356
926 1356
927 1356
928 1354
929 1355
930 1354
931 1356
932 1355
933 1357
934 1355
935 1357
936 1354
937 1358
938 1355
939 1356
940 1355
941 1352
942 1354
943 1357
944 1356
945 1356
946 1357
947 1355
948 1354
949 1356
950 1354
951 1357
952 1353
953 1357
954 1353
955 1355
956 1353
957 1357
958 1356
959 1357
960 1355
961 1356
962 1356
963 1357
964 1353
965 1358
966 1356
967 1356
968 1355
969 1358
970 1356
971 1356
972 1354
973 1355
974 1355
975 1355
976 1353
977 1355
978 1354
979 1355
980 1355
981 1357
982 1355
983 1356
984 1356
985 1356
986 1355
987 1356
988 1356
989 1356
990 1355
991 1356
992 1356
993 1356
994 1357
995 1355
996 1356
997 1357
998 1356
999 1354
1000 1358
1001 1353
1002 1356
1003 1357
1004 1356
1005 1357
1006 1355
1007 1356
1008 1354
1009 1355
1010 1354
1011 1355
1012 1356
1013 1356
1014 1355
1015 1356
1016 1356
1017 1356
1018 1355
1019 1354
1020 1357
1021 1358
1022 1355
1023 1357
1024 1356
1025 1356
1026 1357
1027 1357
1028 1356
1029 1356
1030 1355
1031 1355
1032 1356
1033 1353
1034 1353
1035 1356
1036 1356
1037 1355
1038 1357
1039 1353
1040 1353
1041 1355
1042 1359
1043 1352
1044 1356
1045 1355
1046 1356
1047 1357
1048 1353
1049 1355
1050 1355
1051 1357
1052 1355
1053 1356
1054 1356
1055 1357
1056 1356
1057 1356
1058 1356
1059 1355
1060 1357
1061 1355
1062 1356
1063 1354
1064 1354
1065 1357
1066 1353
1067 1356
1068 1356
1069 1357
1070 1359
1071 1356
1072 1357
1073 1355
1074 1356
1075 1354
1076 1353
1077 1352
1078 1355
1079 1358
1080 1358
1081 1355
1082 1356
1083 1353
1084 1355
1085 1356
1086 1355
1087 1354
1088 1356
1089 1356
1090 1355
1091 1357
1092 1354
1093 1355
1094 1355
1095 1355
1096 1356
1097 1357
1098 1355
1099 1352
1100 1354
1101 1357
1102 1356
1103 1358
1104 1354
1105 1355
1106 1355
1107 1353
1108 1355
1109 1355
1110 1357
1111 1356
1112 1357
1113 1357
1114 1357
1115 1357
1116 1355
1117 1354
1118 1356
1119 1356
1120 1356
1121 1360
1122 1356
1123 1354
1124 1356
1125 1356
1126 1356
1127 1356
1128 1356
1129 1355
1130 1356
1131 1354
1132 1356
1133 1357
1134 1357
1135 1357
1136 1356
1137 1356
1138 1354
1139 1353
1140 1357
1141 1356
1142 1357
1143 1356
1144 1355
1145 1358
1146 1354
1147 1355
1148 1354
1149 1357
1150 1359
1151 1357
1152 1355
1153 1353
1154 1356
1155 1355
1156 1356
1157 1356
1158 1355
1159 1356
1160 1355
1161 1356
1162 1356
1163 1355
1164 1356
1165 1354
1166 1356
1167 1359
1168 1355
1169 1355
1170 1352
1171 1356
1172 1357
1173 1358
1174 1354
1175 1354
1176 1355
1177 1355
1178 1355
1179 1354
1180 1354
1181 1355
1182 1353
1183 1357
1184 1359
1185 1358
1186 1357
1187 1355
1188 1354
1189 1354
1190 1355
1191 1356
1192 1357
1193 1354
1194 1354
1195 1354
1196 1356
1197 1353
1198 1353
1199 1355
1200 1355
1201 1354
1202 1353
1203 1356
1204 1354
1205 1352
1206 1354
1207 1358
1208 1356
1209 1353
1210 1357
1211 1356
1212 1357
1213 1357
1214 1355
1215 1356
1216 1354
1217 1355
1218 1358
1219 1356
1220 1358
1221 1356
1222 1354
1223 1354
1224 1355
1225 1357
1226 1358
1227 1357
1228 1353
1229 1353
1230 1354
1231 1357
1232 1356
1233 1353
1234 1354
1235 1357
1236 1355
1237 1353
1238 1355
1239 1356
1240 1357
1241 1357
1242 1357
1243 1357
1244 1354
1245 1355
1246 1356
1247 1358
1248 1356
1249 1357
1250 1353
1251 1355
1252 1355
1253 1353
1254 1354
1255 1356
1256 1356
1257 1356
1258 1357
1259 1354
1260 1356
1261 1355
1262 1356
1263 1356
1264 1354
1265 1357
1266 1355
1267 1357
1268 1357
1269 1359
1270 1356
1271 1357
1272 1356
1273 1357
1274 1356
1275 1357
1276 1357
1277 1358
1278 1355
1279 1355
1280 1354
1281 1356
1282 1354
1283 1357
1284 1356
1285 1357
1286 1355
1287 1354
1288 1355
1289 1357
1290 1355
1291 1358
1292 1355
1293 1355
1294 1356
1295 1355
1296 1352
1297 1355
1298 1356
1299 1357
1300 1357
1301 1353
1302 1356
1303 1357
1304 1355
1305 1355
1306 1356
1307 1355
1308 1356
1309 1354
1310 1355
1311 1352
1312 1355
1313 1354
1314 1357
1315 1359
1316 1357
1317 1355
1318 1355
1319 1356
1320 1356
1321 1357
1322 1355
1323 1355
1324 1356
1325 1356
1326 1355
1327 1358
1328 1355
1329 1358
1330 1356
1331 1357
1332 1356
1333 1357
1334 1356
1335 1357
1336 1355
1337 1356
1338 1355
1339 1354
1340 1358
1341 1354
1342 1355
1343 1355
1344 1353
1345 1356
1346 1354
1347 1353
1348 1356
1349 1353
1350 1355
1351 1355
1352 1354
1353 1358
1354 1359
1355 1356
1356 1359
1357 1356
1358 1358
1359 1355
1360 1355
1361 1354
1362 1354
1363 1356
1364 1354
1365 1355
1366 1357
1367 1356
1368 1354
1369 1357
1370 1356
1371 1354
1372 1355
1373 1359
1374 1356
1375 1356
1376 1356
1377 1355
1378 1355
1379 1356
1380 1356
1381 1357
1382 1357
1383 1355
1384 1355
1385 1354
1386 1355
1387 1359
1388 1357
1389 1357
1390 1356
1391 1354
1392 1356
1393 1357
1394 1357
1395 1361
1396 1356
1397 1356
1398 1354
1399 1356
1400 1356
1401 1358
1402 1353
1403 1354
1404 1356
1405 1357
1406 1356
1407 1357
1408 1355
1409 1357
1410 1355
1411 1357
1412 1354
1413 1355
1414 1358
1415 1354
1416 1356
1417 1355
1418 1357
1419 1356
1420 1356
1421 1356
1422 1355
1423 1358
1424 1355
1425 1357
1426 1355
1427 1357
1428 1356
1429 1357
1430 1354
1431 1357
1432 1355
1433 1355
1434 1353
1435 1357
1436 1357
1437 1353
1438 1356
1439 1356
1440 1357
1441 1355
1442 1354
1443 1354
1444 1356
1445 1357
1446 1356
1447 1356
1448 1356
1449 1356
1450 1355
1451 1356
1452 1354
1453 1356
1454 1357
1455 1358
1456 1356
1457 1356
1458 1357
1459 1356
1460 1356
1461 1355
1462 1357
1463 1357
1464 1354
1465 1353
1466 1356
1467 1354
1468 1355
1469 1355
1470 1355
1471 1354
1472 1357
1473 1354
1474 1351
1475 1354
1476 1357
1477 1356
1478 1356
1479 1355
1480 1357
1481 1356
1482 1356
1483 1357
1484 1356
1485 1354
1486 1355
1487 1353
1488 1355
1489 1357
1490 1356
1491 1354
1492 1358
1493 1354
1494 1354
1495 1353
1496 1356
1497 1357
1498 1357
1499 1354
1500 1354
1501 1354
1502 1357
1503 1357
1504 1357
1505 1357
1506 1357
1507 1355
1508 1355
1509 1357
1510 1354
1511 1358
1512 1355
1513 1357
1514 1356
1515 1357
1516 1353
1517 1357
1518 1356
1519 1355
1520 1358
1521 1357
1522 1357
1523 1356
1524 1356
1525 1352
1526 1357
1527 1357
1528 1356
1529 1354
1530 1360
1531 1358
1532 1355
1533 1356
1534 1356
1535 1357
1536 1354
1537 1355
1538 1354
1539 1353
1540 1354
1541 1359
1542 1355
1543 1357
1544 1356
1545 1354
1546 1355
1547 1357
1548 1355
1549 1357
1550 1357
1551 1356
1552 1357
1553 1355
1554 1354
1555 1356
1556 1358
1557 1353
1558 1355
1559 1355
1560 1355
1561 1354
1562 1355
1563 1356
1564 1356
1565 1357
1566 1355
1567 1353
1568 1355
1569 1356
1570 1357
1571 1360
1572 1360
1573 1359
1574 1358
1575 1357
1576 1356
1577 1354
1578 1357
1579 1358
1580 1359
1581 1357
1582 1356
1583 1355
1584 1355
1585 1356
1586 1355
1587 1354
1588 1356
1589 1359
1590 1358
1591 1356
1592 1357
1593 1357
1594 1357
1595 1356
1596 1355
1597 1357
1598 1357
1599 1354
1600 1355
1601 1355
1602 1354
1603 1356
1604 1353
1605 1356
1606 1356
1607 1356
1608 1354
1609 1355
1610 1356
1611 1357
1612 1357
1613 1358
1614 1357
1615 1354
1616 1355
1617 1357
1618 1356
1619 1356
1620 1358
1621 1356
1622 1355
1623 1356
1624 1356
1625 1353
1626 1355
1627 1357
1628 1357
1629 1355
1630 1357
1631 1355
1632 1356
1633 1357
1634 1357
1635 1353
1636 1356
1637 1356
1638 1355
1639 1355
1640 1355
1641 1359
1642 1356
1643 1355
1644 1357
1645 1356
1646 1356
1647 1355
1648 1353
1649 1354
1650 1356
1651 1356
1652 1355
1653 1354
1654 1357
1655 1356
1656 1356
1657 1355
1658 1356
1659 1358
1660 1359
1661 1355
1662 1356
1663 1355
1664 1355
1665 1358
1666 1356
1667 1356
1668 1357
1669 1356
1670 1355
1671 1355
1672 1357
1673 1355
1674 1355
1675 1357
1676 1359
1677 1356
1678 1356
1679 1358
1680 1356
1681 1355
1682 1355
1683 1353
1684 1354
1685 1356
1686 1357
1687 1355
1688 1356
1689 1354
1690 1355
1691 1355
1692 1355
1693 1355
1694 1357
1695 1356
1696 1356
1697 1357
1698 1358
1699 1357
1700 1356
1701 1354
1702 1358
1703 1356
1704 1358
1705 1353
1706 1354
1707 1358
1708 1355
1709 1356
1710 1355
1711 1354
1712 1359
1713 1357
1714 1357
1715 1356
1716 1357
1717 1355
1718 1358
1719 1356
1720 1356
1721 1357
1722 1356
1723 1356
1724 1358
1725 1356
1726 1356
1727 1356
1728 1356
1729 1357
1730 1359
1731 1357
1732 1355
1733 1357
1734 1355
1735 1354
1736 1355
1737 1357
1738 1355
1739 1355
1740 1356
1741 1357
1742 1355
1743 1356
1744 1356
1745 1355
1746 1354
1747 1353
1748 1357
1749 1357
1750 1357
1751 1355
1752 1359
1753 1358
1754 1357
1755 1359
1756 1357
1757 1358
1758 1358
1759 1357
1760 1359
1761 1357
1762 1356
1763 1355
1764 1357
1765 1354
1766 1358
1767 1355
1768 1357
1769 1355
1770 1356
1771 1356
1772 1355
1773 1358
1774 1360
1775 1357
1776 1358
1777 1357
1778 1358
1779 1356
1780 1358
1781 1356
1782 1355
1783 1355
1784 1355
1785 1357
1786 1356
1787 1356
1788 1356
1789 1354
1790 1357
1791 1355
1792 1359
1793 1355
1794 1356
1795 1357
1796 1357
1797 1355
1798 1356
1799 1356
1800 1355
1801 1354
1802 1356
1803 1358
1804 1356
1805 1355
1806 1355
1807 1356
1808 1355
1809 1357
1810 1352
1811 1357
1812 1355
1813 1357
1814 1353
1815 1354
1816 1356
1817 1355
1818 1356
1819 1355
1820 1358
1821 1359
1822 1357
1823 1355
1824 1356
1825 1355
1826 1356
1827 1356
1828 1358
1829 1358
1830 1356
1831 1354
1832 1354
1833 1354
1834 1355
1835 1356
1836 1357
1837 1356
1838 1355
1839 1355
1840 1355
1841 1354
1842 1354
1843 1353
1844 1354
1845 1357
1846 1356
1847 1353
1848 1356
1849 1354
1850 1357
1851 1355
1852 1357
1853 1357
1854 1354
1855 1355
1856 1357
1857 1357
1858 1359
1859 1359
1860 1357
1861 1356
1862 1356
1863 1356
1864 1352
1865 1354
1866 1355
1867 1355
1868 1356
1869 1359
1870 1355
1871 1355
1872 1356
1873 1353
1874 1355
1875 1356
1876 1354
1877 1355
1878 1356
1879 1355
1880 1356
1881 1355
1882 1355
1883 1356
1884 1358
1885 1355
1886 1355
1887 1357
1888 1358
1889 1356
1890 1356
1891 1354
1892 1356
1893 1356
1894 1357
1895 1356
1896 1357
1897 1355
1898 1356
1899 1355
1900 1353
1901 1354
1902 1354
1903 1355
1904 1356
1905 1356
1906 1360
1907 1355
1908 1358
1909 1356
1910 1355
1911 1358
1912 1355
1913 1356
1914 1358
1915 1356
1916 1357
1917 1357
1918 1356
1919 1357
1920 1357
1921 1358
1922 1355
1923 1356
1924 1354
1925 1357
1926 1356
1927 1355
1928 1354
1929 1357
1930 1357
1931 1358
1932 1355
1933 1355
1934 1354
1935 1353
1936 1356
1937 1357
1938 1356
1939 1357
1940 1357
1941 1356
1942 1356
1943 1357
1944 1357
1945 1356
1946 1358
1947 1356
1948 1355
1949 1355
1950 1356
1951 1358
1952 1354
1953 1355
1954 1356
1955 1354
1956 1355
1957 1355
1958 1356
1959 1356
1960 1355
1961 1357
1962 1356
1963 1356
1964 1356
1965 1354
1966 1355
1967 1354
1968 1352
1969 1354
1970 1356
1971 1357
1972 1357
1973 1357
1974 1357
1975 1357
1976 1355
1977 1357
1978 1355
1979 1355
1980 1355
1981 1356
1982 1354
1983 1354
1984 1354
1985 1354
1986 1355
1987 1356
1988 1355
1989 1353
1990 1356
1991 1356
1992 1356
1993 1359
1994 1356
1995 1357
1996 1358
1997 1356
1998 1358
1999 1357
2000 1357
2001 1356
2002 1354
2003 1355
2004 1356
2005 1355
2006 1355
2007 1356
2008 1357
2009 1356
2010 1355
2011 1357
2012 1356
2013 1355
2014 1357
2015 1356
2016 1358
2017 1354
2018 1354
2019 1354
2020 1356
2021 1352
2022 1356
2023 1356
2024 1352
2025 1355
2026 1355
2027 1359
2028 1356
2029 1360
2030 1353
2031 1353
2032 1356
2033 1357
2034 1356
2035 1357
2036 1356
2037 1357
2038 1355
2039 1357
2040 1353
2041 1354
2042 1355
2043 1355
2044 1354
2045 1355
2046 1356
2047 1354
2048 1354
2049 1354
2050 1355
2051 1354
2052 1355
2053 1356
2054 1354
2055 1354
2056 1356
2057 1354
2058 1356
2059 1356
2060 1355
2061 1358
2062 1357
2063 1356
2064 1355
2065 1355
2066 1360
2067 1357
2068 1356
2069 1354
2070 1354
2071 1355
2072 1354
2073 1356
2074 1353
2075 1354
2076 1355
2077 1355
2078 1357
2079 1353
2080 1357
2081 1355
2082 1354
2083 1355
2084 1354
2085 1354
2086 1356
2087 1356
2088 1355
2089 1353
2090 1354
2091 1356
2092 1357
2093 1355
2094 1356
2095 1355
2096 1353
2097 1354
2098 1353
2099 1356
2100 1357
2101 1358
2102 1356
2103 1355
2104 1353
2105 1353
2106 1355
2107 1353
2108 1358
2109 1356
2110 1355
2111 1355
2112 1354
2113 1354
2114 1353
2115 1356
2116 1356
2117 1356
2118 1356
2119 1354
2120 1355
2121 1354
2122 1356
2123 1356
2124 1357
2125 1356
2126 1357
2127 1354
2128 1357
2129 1357
2130 1353
2131 1357
2132 1356
2133 1354
2134 1353
2135 1353
2136 1353
2137 1355
2138 1354
2139 1351
2140 1354
2141 1354
2142 1355
2143 1356
2144 1357
2145 1353
2146 1354
2147 1355
2148 1355
2149 1357
2150 1355
2151 1356
2152 1357
2153 1356
2154 1357
2155 1356
2156 1355
2157 1356
2158 1354
2159 1354
2160 1356
2161 1357
2162 1356
2163 1357
2164 1358
2165 1354
2166 1353
2167 1356
2168 1356
2169 1357
2170 1356
2171 1357
2172 1356
2173 1356
2174 1353
2175 1357
2176 1354
2177 1355
2178 1355
2179 1356
2180 1353
2181 1357
2182 1356
2183 1353
2184 1355
2185 1357
2186 1356
2187 1358
2188 1354
2189 1354
2190 1356
2191 1354
2192 1359
2193 1356
2194 1356
2195 1356
2196 1357
2197 1357
2198 1355
2199 1356
2200 1355
2201 1358
2202 1355
2203 1358
2204 1355
2205 1355
2206 1355
2207 1354
2208 1356
2209 1357
2210 1353
2211 1355
2212 1355
2213 1355
2214 1355
2215 1355
2216 1356
2217 1355
2218 1354
2219 1359
2220 1354
2221 1358
2222 1356
2223 1358
2224 1356
2225 1357
2226 1361
2227 1357
2228 1356
2229 1352
2230 1357
2231 1357
2232 1357
2233 1357
2234 1356
2235 1356
2236 1355
2237 1356
2238 1355
2239 1354
2240 1353
2241 1356
2242 1358
2243 1357
2244 1356
2245 1355
2246 1357
2247 1356
2248 1355
2249 1356
2250 1356
2251 1355
2252 1355
2253 1358
2254 1357
2255 1356
2256 1356
2257 1354
2258 1356
2259 1354
2260 1356
2261 1355
2262 1356
2263 1356
2264 1356
2265 1355
2266 1357
2267 1355
2268 1355
2269 1357
2270 1358
2271 1354
2272 1356
2273 1355
2274 1353
2275 1358
2276 1356
2277 1354
2278 1354
2279 1354
2280 1355
2281 1352
2282 1360
2283 1357
2284 1357
2285 1356
2286 1357
2287 1355
2288 1355
2289 1351
2290 1355
2291 1359
2292 1356
2293 1355
2294 1354
2295 1351
2296 1355
2297 1353
2298 1355
2299 1353
2300 1357
2301 1356
2302 1357
2303 1356
2304 1358
2305 1357
2306 1356
2307 1354
2308 1356
2309 1357
2310 1358
2311 1356
2312 1354
2313 1357
2314 1356
2315 1360
2316 1355
2317 1354
2318 1355
2319 1356
2320 1356
2321 1357
2322 1359
2323 1356
2324 1357
2325 1356
2326 1356
2327 1354
2328 1357
2329 1355
2330 1356
2331 1356
2332 1354
2333 1356
2334 1356
2335 1356
2336 1356
2337 1357
2338 1356
2339 1356
2340 1357
2341 1355
2342 1357
2343 1356
2344 1356
2345 1355
2346 1354
2347 1354
2348 1356
2349 1354
2350 1355
2351 1357
2352 1353
2353 1357
2354 1354
2355 1356
2356 1356
2357 1355
2358 1356
2359 1355
2360 1356
2361 1355
2362 1355
2363 1357
2364 1355
2365 1356
2366 1355
2367 1355
2368 1355
2369 1354
2370 1356
2371 1358
2372 1353
2373 1356
2374 1355
2375 1353
2376 1356
2377 1357
2378 1355
2379 1353
2380 1355
2381 1355
2382 1356
2383 1355
2384 1357
2385 1355
2386 1352
2387 1356
2388 1357
2389 1355
2390 1356
2391 1357
2392 1355
2393 1356
2394 1353
2395 1353
2396 1356
2397 1357
2398 1357
2399 1356
2400 1358
2401 1357
2402 1356
2403 1354
2404 1355
2405 1356
2406 1357
2407 1353
2408 1356
2409 1357
2410 1356
2411 1357
2412 1354
2413 1356
2414 1356
2415 1354
2416 1355
2417 1351
2418 1353
2419 1353
2420 1353
2421 1353
2422 1356
2423 1358
2424 1356
2425 1354
2426 1355
2427 1353
2428 1356
2429 1356
2430 1357
2431 1354
2432 1358
2433 1355
2434 1355
2435 1355
2436 1355
2437 1356
2438 1358
2439 1358
2440 1355
2441 1356
2442 1357
2443 1356
2444 1358
2445 1351
2446 1358
2447 1354
2448 1356
2449 1355
2450 1356
2451 1356
2452 1356
2453 1356
2454 1356
2455 1357
2456 1356
2457 1359
2458 1355
2459 1355
2460 1357
2461 1356
2462 1356
2463 1356
2464 1354
2465 1358
2466 1355
2467 1354
2468 1355
2469 1354
2470 1354
2471 1354
2472 1352
2473 1353
2474 1354
2475 1355
2476 1355
2477 1355
2478 1355
2479 1357
2480 1355
2481 1357
2482 1353
2483 1356
2484 1354
2485 1355
2486 1356
2487 1356
2488 1356
2489 1355
2490 1354
2491 1356
2492 1356
2493 1355
2494 1355
2495 1357
2496 1356
2497 1358
2498 1357
2499 1356
2500 1356
2501 1353
2502 1356
2503 1356
2504 1355
2505 1354
2506 1353
2507 1354
2508 1355
2509 1354
2510 1355
2511 1355
2512 1354
2513 1354
2514 1354
2515 1355
2516 1356
2517 1355
2518 1356
2519 1354
2520 1356
2521 1355
2522 1356
2523 1354
2524 1356
2525 1354
2526 1356
2527 1356
2528 1354
2529 1354
2530 1355
2531 1353
2532 1353
2533 1355
2534 1354
2535 1355
2536 1356
2537 1356
2538 1356
2539 1355
2540 1357
2541 1356
2542 1354
2543 1355
2544 1355
2545 1355
2546 1354
2547 1354
2548 1356
2549 1355
2550 1356
2551 1354
2552 1356
2553 1354
2554 1357
2555 1352
2556 1356
2557 1357
2558 1354
2559 1354
2560 1354
2561 1357
2562 1357
2563 1357
2564 1354
2565 1353
2566 1356
2567 1354
2568 1356
2569 1357
2570 1355
2571 1353
2572 1356
2573 1354
2574 1356
2575 1353
2576 1358
2577 1357
2578 1356
2579 1355
2580 1358
2581 1356
2582 1355
2583 1353
2584 1357
2585 1358
2586 1356
2587 1355
2588 1355
2589 1355
2590 1355
2591 1357
2592 1355
2593 1357
2594 1356
2595 1355
2596 1355
2597 1354
2598 1353
2599 1354
2600 1353
2601 1355
2602 1355
2603 1357
2604 1359
2605 1353
2606 1354
2607 1357
2608 1355
2609 1356
2610 1355
2611 1355
2612 1357
2613 1355
2614 1356
2615 1357
2616 1358
2617 1355
2618 1357
2619 1354
2620 1357
2621 1356
2622 1356
2623 1353
2624 1356
2625 1356
2626 1354
2627 1352
2628 1352
2629 1355
2630 1357
2631 1358
2632 1360
2633 1357
2634 1357
2635 1352
2636 1357
2637 1355
2638 1355
2639 1356
2640 1356
2641 1355
2642 1357
2643 1355
2644 1359
2645 1355
2646 1357
2647 1356
2648 1356
2649 1356
2650 1355
2651 1353
2652 1355
2653 1355
2654 1357
2655 1357
2656 1357
2657 1355
2658 1354
2659 1356
2660 1354
2661 1353
2662 1354
2663 1358
2664 1357
2665 1357
2666 1355
2667 1356
2668 1357
2669 1357
2670 1356
2671 1359
2672 1356
2673 1357
2674 1357
2675 1353
2676 1356
2677 1355
2678 1356
2679 1357
2680 1359
2681 1355
2682 1355
2683 1355
2684 1358
2685 1356
2686 1356
2687 1355
2688 1356
2689 1355
2690 1356
2691 1353
2692 1356
2693 1354
2694 1356
2695 1355
2696 1355
2697 1356
2698 1356
2699 1356
2700 1356
2701 1357
2702 1355
2703 1355
2704 1356
2705 1357
2706 1355
2707 1357
2708 1355
2709 1355
2710 1357
2711 1358
2712 1356
2713 1356
2714 1356
2715 1357
2716 1355
2717 1354
2718 1356
2719 1355
2720 1358
2721 1355
2722 1357
2723 1355
2724 1356
2725 1352
2726 1354
2727 1356
2728 1354
2729 1354
2730 1356
2731 1354
2732 1355
2733 1355
2734 1356
2735 1354
2736 1356
2737 1355
2738 1358
2739 1355
2740 1356
2741 1358
2742 1355
2743 1356
2744 1356
2745 1357
2746 1356
2747 1357
2748 1357
2749 1357
2750 1354
2751 1353
2752 1356
2753 1355
2754 1356
2755 1354
2756 1357
2757 1357
2758 1355
2759 1356
2760 1355
2761 1356
2762 1355
2763 1355
2764 1356
2765 1358
2766 1356
2767 1357
2768 1355
2769 1352
2770 1357
2771 1357
2772 1354
2773 1353
2774 1354
2775 1357
2776 1357
2777 1356
2778 1356
2779 1355
2780 1356
2781 1355
2782 1355
2783 1355
2784 1355
2785 1355
2786 1356
2787 1357
2788 1355
2789 1355
2790 1356
2791 1354
2792 1355
2793 1353
2794 1353
2795 1357
2796 1355
2797 1354
2798 1355
2799 1357
2800 1355
2801 1355
2802 1356
2803 1354
2804 1356
2805 1355
2806 1354
2807 1359
2808 1355
2809 1354
2810 1356
2811 1354
2812 1355
2813 1355
2814 1354
2815 1353
2816 1356
2817 1355
2818 1355
2819 1355
2820 1356
2821 1355
2822 1356
2823 1354
2824 1355
2825 1357
2826 1358
2827 1352
2828 1356
2829 1358
2830 1356
2831 1356
2832 1358
2833 1353
2834 1356
2835 1355
2836 1354
2837 1355
2838 1358
2839 1356
2840 1354
2841 1354
2842 1357
2843 1353
2844 1357
2845 1356
2846 1357
2847 1353
2848 1358
2849 1355
2850 1358
2851 1355
2852 1358
2853 1355
2854 1359
2855 1356
2856 1357
2857 1357
2858 1357
2859 1354
2860 1356
2861 1359
2862 1357
2863 1355
2864 1359
2865 1355
2866 1357
2867 1356
2868 1356
2869 1355
2870 1356
2871 1353
2872 1359
2873 1354
2874 1355
2875 1353
2876 1355
2877 1357
2878 1355
2879 1358
2880 1358
2881 1357
2882 1355
2883 1357
2884 1357
2885 1354
2886 1356
2887 1356
2888 1357
2889 1354
2890 1356
2891 1355
2892 1357
2893 1357
2894 1356
2895 1355
2896 1352
2897 1353
2898 1357
2899 1354
2900 1354
2901 1354
2902 1355
2903 1356
2904 1355
2905 1356
2906 1356
2907 1353
2908 1356
2909 1356
2910 1359
2911 1356
2912 1358
2913 1354
2914 1355
2915 1354
2916 1355
2917 1355
2918 1358
2919 1355
2920 1358
2921 1353
2922 1356
2923 1354
2924 1356
2925 1354
2926 1357
2927 1355
2928 1356
2929 1354
2930 1356
2931 1355
2932 1360
2933 1357
2934 1354
2935 1357
2936 1356
2937 1357
2938 1356
2939 1357
2940 1356
2941 1356
2942 1356
2943 1356
2944 1359
2945 1357
2946 1358
2947 1360
2948 1356
2949 1358
2950 1358
2951 1356
2952 1357
2953 1360
2954 1356
2955 1355
2956 1356
2957 1357
2958 1356
2959 1356
2960 1361
2961 1357
2962 1355
2963 1355
2964 1356
2965 1357
2966 1356
2967 1355
2968 1357
2969 1354
2970 1356
2971 1354
2972 1356
2973 1356
2974 1358
2975 1356
2976 1356
2977 1355
2978 1356
2979 1355
2980 1356
2981 1355
2982 1356
2983 1356
2984 1358
2985 1356
2986 1357
2987 1357
2988 1355
2989 1355
2990 1358
2991 1356
2992 1356
2993 1354
2994 1356
2995 1357
2996 1357
2997 1353
2998 1357
2999 1357
3000 1357
3001 1355
3002 1357
3003 1357
3004 1358
3005 1357
3006 1355
3007 1356
3008 1356
3009 1357
3010 1359
3011 1356
3012 1358
3013 1357
3014 1357
3015 1358
3016 1357
3017 1357
3018 1357
3019 1355
3020 1357
3021 1358
3022 1356
3023 1357
3024 1357
3025 1357
3026 1357
3027 1357
3028 1353
3029 1355
3030 1356
3031 1353
3032 1358
3033 1356
3034 1356
3035 1355
3036 1356
3037 1357
3038 1357
3039 1358
3040 1358
3041 1357
3042 1356
3043 1356
3044 1356
3045 1356
3046 1359
3047 1356
3048 1357
3049 1353
3050 1358
3051 1355
3052 1358
3053 1357
3054 1359
3055 1356
3056 1356
3057 1356
3058 1356
3059 1352
3060 1356
3061 1356
3062 1357
3063 1354
3064 1354
3065 1355
3066 1356
3067 1357
3068 1357
3069 1355
3070 1354
3071 1355
3072 1358
3073 1358
3074 1358
3075 1357
3076 1355
3077 1353
3078 1356
3079 1357
3080 1355
3081 1355
3082 1354
3083 1355
3084 1358
3085 1356
3086 1358
3087 1354
3088 1356
3089 1352
3090 1353
3091 1354
3092 1355
3093 1354
3094 1354
3095 1356
3096 1355
3097 1357
3098 1356
3099 1355
3100 1358
3101 1356
3102 1359
3103 1356
3104 1355
3105 1357
3106 1355
3107 1355
3108 1355
3109 1354
3110 1354
3111 1357
3112 1359
3113 1356
3114 1354
3115 1355
3116 1354
3117 1355
3118 1353
3119 1355
3120 1358
3121 1356
3122 1356
3123 1352
3124 1353
3125 1354
3126 1355
3127 1353
3128 1356
3129 1356
3130 1356
3131 1352
3132 1356
3133 1353
3134 1359
3135 1355
3136 1356
3137 1356
3138 1358
3139 1354
3140 1355
3141 1352
3142 1356
3143 1356
3144 1358
3145 1351
3146 1356
3147 1355
3148 1355
3149 1351
3150 1352
3151 1356
3152 1357
3153 1355
3154 1360
3155 1357
3156 1356
3157 1355
3158 1355
3159 1354
3160 1356
3161 1358
3162 1355
3163 1357
3164 1358
3165 1352
3166 1357
3167 1354
3168 1354
3169 1351
3170 1357
3171 1355
3172 1359
3173 1354
3174 1355
3175 1355
3176 1356
3177 1352
3178 1357
3179 1354
3180 1356
3181 1352
3182 1354
3183 1354
3184 1355
3185 1357
3186 1356
3187 1357
3188 1355
3189 1355
3190 1355
3191 1352
3192 1356
3193 1355
3194 1356
3195 1353
3196 1356
3197 1355
3198 1356
3199 1356
3200 1358
3201 1353
3202 1354
3203 1357
3204 1355
3205 1356
3206 1356
3207 1356
3208 1355
3209 1352
3210 1355
3211 1355
3212 1356
3213 1355
3214 1355
3215 1355
3216 1353
3217 1356
3218 1355
3219 1355
3220 1358
3221 1355
3222 1356
3223 1355
3224 1356
3225 1357
3226 1356
3227 1356
3228 1356
3229 1353
3230 1356
3231 1354
3232 1356
3233 1355
3234 1358
3235 1356
3236 1356
3237 1355
3238 1357
3239 1358
3240 1356
3241 1358
3242 1355
3243 1354
3244 1355
3245 1354
3246 1354
3247 1360
3248 1356
3249 1356
3250 1355
3251 1357
3252 1357
3253 1356
3254 1355
3255 1354
3256 1355
3257 1356
3258 1355
3259 1357
3260 1357
3261 1357
3262 1355
3263 1353
3264 1355
3265 1354
3266 1354
3267 1353
3268 1355
3269 1355
3270 1356
3271 1355
3272 1356
3273 1356
3274 1354
3275 1356
3276 1356
3277 1357
3278 1356
3279 1355
3280 1355
3281 1357
3282 1356
3283 1356
3284 1357
3285 1356
3286 1355
3287 1355
3288 1354
3289 1353
3290 1356
3291 1356
3292 1356
3293 1354
3294 1356
3295 1357
3296 1356
3297 1355
3298 1356
3299 1357
3300 1356
3301 1355
3302 1353
3303 1355
3304 1352
3305 1356
3306 1356
3307 1357
3308 1356
3309 1355
3310 1357
3311 1358
3312 1356
3313 1357
3314 1355
3315 1357
3316 1356
3317 1355
3318 1355
3319 1357
3320 1356
3321 1357
3322 1357
3323 1354
3324 1355
3325 1354
3326 1354
3327 1357
3328 1358
3329 1356
3330 1354
3331 1356
3332 1355
3333 1353
3334 1354
3335 1356
3336 1356
3337 1357
3338 1354
3339 1354
3340 1357
3341 1357
3342 1356
3343 1358
3344 1356
3345 1356
3346 1357
3347 1355
3348 1357
3349 1354
3350 1352
3351 1356
3352 1354
3353 1357
3354 1356
3355 1356
3356 1351
3357 1354
3358 1353
3359 1355
3360 1355
3361 1357
3362 1356
3363 1354
3364 1354
3365 1357
3366 1356
3367 1357
3368 1355
3369 1357
3370 1355
3371 1356
3372 1356
3373 1356
3374 1355
3375 1357
3376 1354
3377 1356
3378 1356
3379 1354
3380 1355
3381 1355
3382 1357
3383 1357
3384 1356
3385 1356
3386 1356
3387 1356
3388 1355
3389 1354
3390 1356
3391 1357
3392 1359
3393 1354
3394 1357
3395 1358
3396 1357
3397 1357
3398 1359
3399 1357
3400 1355
3401 1355
3402 1357
3403 1358
3404 1357
3405 1358
3406 1357
3407 1358
3408 1356
3409 1357
3410 1357
3411 1358
3412 1354
3413 1357
3414 1357
3415 1358
3416 1358
3417 1357
3418 1356
3419 1353
3420 1356
3421 1357
3422 1356
3423 1354
3424 1353
3425 1355
3426 1353
3427 1355
3428 1356
3429 1358
3430 1356
3431 1357
3432 1353
3433 1354
3434 1356
3435 1356
3436 1357
3437 1354
3438 1357
3439 1354
3440 1357
3441 1356
3442 1353
3443 1357
3444 1356
3445 1356
3446 1355
3447 1356
3448 1355
3449 1356
3450 1356
3451 1356
3452 1353
3453 1357
3454 1357
3455 1355
3456 1356
3457 1356
3458 1358
3459 1354
3460 1358
3461 1357
3462 1355
3463 1357
3464 1355
3465 1358
3466 1357
3467 1359
3468 1356
3469 1357
3470 1357
3471 1357
3472 1354
3473 1356
3474 1357
3475 1359
3476 1355
3477 1355
3478 1357
3479 1356
3480 1356
3481 1355
3482 1355
3483 1357
3484 1353
3485 1353
3486 1354
3487 1354
3488 1358
3489 1355
3490 1357
3491 1355
3492 1356
3493 1358
3494 1355
3495 1356
3496 1357
3497 1356
3498 1357
3499 1357
3500 1358
3501 1355
3502 1357
3503 1356
3504 1356
3505 1356
3506 1356
3507 1354
3508 1354
3509 1353
3510 1355
3511 1355
3512 1355
3513 1354
3514 1352
3515 1355
3516 1357
3517 1353
3518 1352
3519 1356
3520 1355
3521 1356
3522 1357
3523 1355
3524 1356
3525 1357
3526 1356
3527 1357
3528 1351
3529 1356
3530 1355
3531 1357
3532 1356
3533 1358
3534 1357
3535 1355
3536 1355
3537 1357
3538 1355
3539 1355
3540 1356
3541 1354
3542 1355
3543 1357
3544 1355
3545 1355
3546 1355
3547 1357
3548 1358
3549 1357
3550 1358
3551 1358
3552 1358
3553 1356
3554 1354
3555 1357
3556 1357
3557 1356
3558 1352
3559 1356
3560 1354
3561 1357
3562 1355
3563 1355
3564 1355
3565 1356
3566 1356
3567 1355
3568 1355
3569 1356
3570 1354
3571 1354
3572 1351
3573 1355
3574 1356
3575 1359
3576 1356
3577 1357
3578 1355
3579 1356
3580 1355
3581 1355
3582 1356
3583 1355
3584 1357
3585 1357
3586 1356
3587 1357
3588 1355
3589 1356
3590 1355
3591 1358
3592 1358
3593 1358
3594 1355
3595 1356
3596 1358
3597 1356
3598 1358
3599 1359
3600 1358
3601 1357
3602 1355
3603 1357
3604 1356
3605 1353
3606 1356
3607 1356
3608 1354
3609 1355
3610 1355
3611 1357
3612 1352
3613 1357
3614 1357
3615 1355
3616 1355
3617 1356
3618 1355
3619 1357
3620 1357
3621 1356
3622 1356
3623 1355
3624 1355
3625 1359
3626 1356
3627 1355
3628 1356
3629 1356
3630 1355
3631 1354
3632 1354
3633 1354
3634 1354
3635 1355
3636 1356
3637 1357
3638 1355
3639 1353
3640 1353
3641 1356
3642 1356
3643 1356
3644 1354
3645 1354
3646 1355
3647 1356
3648 1354
3649 1355
3650 1358
3651 1355
3652 1356
3653 1355
3654 1355
3655 1355
3656 1356
3657 1356
3658 1357
3659 1357
3660 1357
3661 1358
3662 1354
3663 1356
3664 1354
3665 1358
3666 1357
3667 1356
3668 1356
3669 1355
3670 1355
3671 1355
3672 1356
3673 1357
3674 1355
3675 1357
3676 1356
3677 1355
3678 1356
3679 1354
3680 1356
3681 1355
3682 1355
3683 1358
3684 1356
3685 1354
3686 1356
3687 1356
3688 1355
3689 1355
3690 1356
3691 1356
3692 1357
3693 1355
3694 1356
3695 1357
3696 1355
3697 1355
3698 1357
3699 1359
3700 1357
3701 1356
3702 1356
3703 1356
3704 1355
3705 1355
3706 1355
3707 1357
3708 1357
3709 1357
3710 1356
3711 1357
3712 1356
3713 1357
3714 1356
3715 1355
3716 1355
3717 1358
3718 1357
3719 1357
3720 1357
3721 1357
3722 1355
3723 1355
3724 1357
3725 1356
3726 1358
3727 1357
3728 1355
3729 1354
3730 1355
3731 1354
3732 1355
3733 1356
3734 1354
3735 1357
3736 1356
3737 1358
3738 1357
3739 1355
3740 1356
3741 1357
3742 1355
3743 1357
3744 1354
3745 1357
3746 1355
3747 1357
3748 1355
3749 1354
3750 1355
3751 1355
3752 1356
3753 1355
3754 1357
3755 1354
3756 1355
3757 1355
3758 1355
3759 1354
3760 1355
3761 1359
3762 1356
3763 1354
3764 1355
3765 1357
3766 1355
3767 1356
3768 1356
3769 1356
3770 1356
3771 1357
3772 1354
3773 1356
3774 1356
3775 1355
3776 1356
3777 1355
3778 1354
3779 1357
3780 1357
3781 1357
3782 1356
3783 1356
3784 1354
3785 1356
3786 1353
3787 1353
3788 1355
3789 1355
3790 1355
3791 1355
3792 1354
3793 1355
3794 1356
3795 1355
3796 1355
3797 1353
3798 1355
3799 1356
3800 1356
3801 1356
3802 1356
3803 1357
3804 1357
3805 1356
3806 1356
3807 1359
3808 1355
3809 1358
3810 1355
3811 1356
3812 1356
3813 1356
3814 1355
3815 1356
3816 1353
3817 1357
3818 1354
3819 1356
3820 1356
3821 1357
3822 1355
3823 1357
3824 1356
3825 1356
3826 1356
3827 1356
3828 1358
3829 1354
3830 1356
3831 1355
3832 1358
3833 1356
3834 1355
3835 1357
3836 1356
3837 1359
3838 1356
3839 1353
3840 1356
3841 1357
3842 1357
3843 1354
3844 1355
3845 1355
3846 1352
3847 1356
3848 1355
3849 1356
3850 1356
3851 1357
3852 1357
3853 1358
3854 1355
3855 1356
3856 1354
3857 1354
3858 1354
3859 1357
3860 1356
3861 1356
3862 1355
3863 1356
3864 1357
3865 1359
3866 1357
3867 1357
3868 1357
3869 1355
3870 1358
3871 1356
3872 1356
3873 1357
3874 1357
3875 1358
3876 1356
3877 1355
3878 1356
3879 1355
3880 1353
3881 1356
3882 1356
3883 1354
3884 1355
3885 1357
3886 1357
3887 1355
3888 1356
3889 1357
3890 1357
3891 1354
3892 1356
3893 1358
3894 1356
3895 1357
3896 1358
3897 1357
3898 1356
3899 1358
3900 1355
3901 1358
3902 1357
3903 1357
3904 1356
3905 1358
3906 1355
3907 1357
3908 1355
3909 1357
3910 1356
3911 1357
3912 1356
3913 1356
3914 1355
3915 1354
3916 1356
3917 1356
3918 1354
3919 1354
3920 1354
3921 1354
3922 1358
3923 1359
3924 1355
3925 1358
3926 1354
3927 1355
3928 1355
3929 1357
3930 1357
3931 1358
3932 1357
3933 1355
3934 1354
3935 1357
3936 1356
3937 1357
3938 1356
3939 1357
3940 1354
3941 1360
3942 1354
3943 1358
3944 1355
3945 1355
3946 1356
3947 1354
3948 1355
3949 1353
3950 1355
3951 1358
3952 1357
3953 1354
3954 1356
3955 1357
3956 1359
3957 1355
3958 1357
3959 1357
3960 1357
3961 1358
3962 1355
3963 1355
3964 1353
3965 1357
3966 1355
3967 1357
3968 1356
3969 1356
3970 1356
3971 1356
3972 1355
3973 1357
3974 1357
3975 1355
3976 1352
3977 1355
3978 1356
3979 1356
3980 1356
3981 1357
3982 1357
3983 1357
3984 1356
3985 1358
3986 1356
3987 1356
3988 1355
3989 1356
3990 1356
3991 1355
3992 1354
3993 1354
3994 1354
3995 1354
3996 1356
3997 1357
3998 1356
3999 1355
