0 1354
1 1353
2 1356
3 1355
4 1353
5 1355
6 1353
7 1356
8 1353
9 1354
10 1355
11 1352
12 1353
13 1350
14 1353
15 1353
16 1352
17 1349
18 1353
19 1355
20 1353
21 1355
22 1353
23 1355
24 1355
25 1353
26 1355
27 1356
28 1355
29 1351
30 1355
31 1354
32 1353
33 1355
34 1354
35 1355
36 1354
37 1355
38 1356
39 1354
40 1354
41 1355
42 1354
43 1354
44 1355
45 1356
46 1354
47 1355
48 1354
49 1352
50 1355
51 1351
52 1350
53 1353
54 1353
55 1354
56 1354
57 1356
58 1356
59 1351
60 1354
61 1354
62 1356
63 1353
64 1353
65 1353
66 1352
67 1354
68 1352
69 1354
70 1353
71 1355
72 1354
73 1352
74 1349
75 1352
76 1354
77 1354
78 1355
79 1352
80 1355
81 1353
82 1354
83 1356
84 1354
85 1356
86 1354
87 1354
88 1354
89 1356
90 1355
91 1353
92 1355
93 1356
94 1355
95 1354
96 1353
97 1354
98 1355
99 1356
100 1354
101 1356
102 1354
103 1352
104 1355
105 1355
106 1353
107 1352
108 1354
109 1354
110 1355
111 1357
112 1356
113 1356
114 1354
115 1352
116 1356
117 1355
118 1352
119 1351
120 1352
121 1354
122 1357
123 1352
124 1354
125 1354
126 1355
127 1354
128 1353
129 1350
130 1350
131 1353
132 1358
133 1358
134 1354
135 1353
136 1352
137 1355
138 1354
139 1351
140 1349
141 1352
142 1353
143 1351
144 1351
145 1353
146 1356
147 1353
148 1353
149 1353
150 1354
151 1356
152 1355
153 1356
154 1354
155 1351
156 1355
157 1354
158 1353
159 1353
160 1352
161 1354
162 1355
163 1355
164 1355
165 1351
166 1356
167 1353
168 1355
169 1349
170 1353
171 1356
172 1355
173 1354
174 1355
175 1351
176 1353
177 1354
178 1355
179 1352
180 1353
181 1354
182 1354
183 1355
184 1350
185 1350
186 1354
187 1351
188 1354
189 1352
190 1354
191 1356
192 1354
193 1354
194 1353
195 1353
196 1353
197 1353
198 1350
199 1349
200 1354
201 1352
202 1355
203 1353
204 1353
205 1354
206 1355
207 1352
208 1353
209 1352
210 1353
211 1354
212 1353
213 1351
214 1354
215 1354
216 1354
217 1352
218 1352
219 1349
220 1353
221 1354
222 1354
223 1353
224 1352
225 1352
226 1355
227 1353
228 1354
229 1354
230 1353
231 1353
232 1353
233 1352
234 1352
235 1351
236 1352
237 1355
238 1351
239 1352
240 1351
241 1354
242 1352
243 1355
244 1353
245 1354
246 1355
247 1352
248 1351
249 1352
250 1354
251 1354
252 1351
253 1353
254 1353
255 1354
256 1353
257 1353
258 1355
259 1353
260 1353
261 1352
262 1350
263 1353
264 1353
265 1354
266 1354
267 1354
268 1350
269 1352
270 1352
271 1355
272 1353
273 1354
274 1353
275 1354
276 1354
277 1352
278 1355
279 1353
280 1353
281 1354
282 1353
283 1356
284 1355
285 1354
286 1353
287 1351
288 1353
289 1354
290 1352
291 1352
292 1352
293 1353
294 1355
295 1353
296 1352
297 1352
298 1350
299 1352
300 1353
301 1351
302 1355
303 1354
304 1351
305 1351
306 1352
307 1354
308 1354
309 1353
310 1353
311 1356
312 1357
313 1353
314 1351
315 1351
316 1353
317 1354
318 1350
319 1350
320 1353
321 1353
322 1354
323 1353
324 1351
325 1351
326 1354
327 1352
328 1352
329 1354
330 1354
331 1352
332 1349
333 1354
334 1355
335 1350
336 1352
337 1354
338 1356
339 1354
340 1355
341 1351
342 1355
343 1356
344 1353
345 1353
346 1355
347 1354
348 1351
349 1351
350 1354
351 1357
352 1352
353 1353
354 1353
355 1351
356 1351
357 1356
358 1355
359 1355
360 1356
361 1351
362 1353
363 1354
364 1355
365 1355
366 1354
367 1355
368 1353
369 1354
370 1354
371 1351
372 1355
373 1350
374 1353
375 1354
376 1353
377 1352
378 1353
379 1355
380 1353
381 1352
382 1354
383 1351
384 1351
385 1351
386 1353
387 1352
388 1354
389 1351
390 1355
391 1353
392 1352
393 1350
394 1353
395 1351
396 1356
397 1355
398 1353
399 1353
400 1353
401 1354
402 1353
403 1353
404 1354
405 1353
406 1354
407 1353
408 1354
409 1354
410 1351
411 1353
412 1351
413 1356
414 1353
415 1355
416 1352
417 1354
418 1357
419 1354
420 1350
421 1352
422 1351
423 1354
424 1353
425 1353
426 1350
427 1354
428 1356
429 1355
430 1354
431 1354
432 1354
433 1355
434 1353
435 1355
436 1355
437 1354
438 1352
439 1353
440 1352
441 1354
442 1350
443 1352
444 1355
445 1352
446 1352
447 1352
448 1354
449 1352
450 1356
451 1350
452 1352
453 1352
454 1351
455 1351
456 1353
457 1353
458 1356
459 1354
460 1354
461 1351
462 1354
463 1353
464 1352
465 1355
466 1353
467 1356
468 1352
469 1352
470 1353
471 1353
472 1354
473 1354
474 1354
475 1356
476 1350
477 1353
478 1353
479 1350
480 1354
481 1349
482 1352
483 1352
484 1350
485 1353
486 1353
487 1356
488 1352
489 1352
490 1351
491 1356
492 1357
493 1353
494 1353
495 1353
496 1354
497 1354
498 1356
499 1353
500 1353
501 1352
502 1351
503 1354
504 1352
505 1354
506 1354
507 1352
508 1354
509 1354
510 1353
511 1352
512 1351
513 1356
514 1355
515 1352
516 1350
517 1351
518 1356
519 1355
520 1352
521 1355
522 1355
523 1354
524 1354
525 1352
526 1354
527 1354
528 1350
529 1348
530 1354
531 1356
532 1354
533 1355
534 1358
535 1357
536 1364
537 1372
538 1384
539 1399
540 1420
541 1446
542 1475
543 1511
544 1550
545 1589
546 1629
547 1661
548 1694
549 1728
550 1758
551 1787
552 1812
553 1835
554 1848
555 1860
556 1870
557 1878
558 1877
559 1875
560 1866
561 1861
562 1853
563 1842
564 1829
565 1814
566 1797
567 1779
568 1758
569 1743
570 1725
571 1711
572 1693
573 1676
574 1658
575 1640
576 1617
577 1603
578 1586
579 1573
580 1559
581 1548
582 1535
583 1524
584 1515
585 1509
586 1497
587 1491
588 1482
589 1475
590 1468
591 1463
592 1453
593 1450
594 1442
595 1438
596 1429
597 1423
598 1420
599 1412
600 1410
601 1405
602 1400
603 1396
604 1395
605 1393
606 1389
607 1389
608 1386
609 1386
610 1383
611 1380
612 1377
613 1376
614 1375
615 1373
616 1372
617 1370
618 1368
619 1367
620 1367
621 1366
622 1364
623 1363
624 1361
625 1362
626 1361
627 1362
628 1360
629 1360
630 1361
631 1361
632 1362
633 1357
634 1361
635 1357
636 1358
637 1359
638 1359
639 1360
640 1360
641 1358
642 1359
643 1357
644 1359
645 1356
646 1360
647 1358
648 1355
649 1354
650 1356
651 1357
652 1357
653 1357
654 1355
655 1356
656 1358
657 1357
658 1355
659 1355
660 1353
661 1356
662 1355
663 1355
664 1356
665 1354
666 1355
667 1354
668 1356
669 1354
670 1355
671 1354
672 1358
673 1357
674 1353
675 1352
676 1354
677 1356
678 1358
679 1356
680 1356
681 1356
682 1356
683 1353
684 1355
685 1356
686 1357
687 1355
688 1355
689 1354
690 1352
691 1350
692 1355
693 1356
694 1356
695 1350
696 1353
697 1355
698 1358
699 1354
700 1355
701 1357
702 1353
703 1351
704 1354
705 1353
706 1357
707 1355
708 1356
709 1353
710 1353
711 1354
712 1355
713 1354
714 1355
715 1352
716 1354
717 1356
718 1354
719 1355
720 1352
721 1352
722 1355
723 1352
724 1353
725 1355
726 1353
727 1354
728 1356
729 1353
730 1353
731 1353
732 1354
733 1354
734 1355
735 1353
736 1353
737 1355
738 1353
739 1353
740 1354
741 1355
742 1354
743 1355
744 1357
745 1357
746 1353
747 1353
748 1352
749 1354
750 1354
751 1354
752 1352
753 1354
754 1354
755 1353
756 1353
757 1353
758 1355
759 1356
760 1355
761 1352
762 1355
763 1353
764 1351
765 1352
766 1354
767 1355
768 1356
769 1355
770 1355
771 1355
772 1353
773 1352
774 1352
775 1350
776 1356
777 1353
778 1353
779 1356
780 1353
781 1351
782 1351
783 1349
784 1353
785 1354
786 1355
787 1352
788 1352
789 1356
790 1353
791 1355
792 1353
793 1351
794 1356
795 1356
796 1356
797 1356
798 1356
799 1355
800 1352
801 1353
802 1355
803 1355
804 1353
805 1351
806 1355
807 1355
808 1354
809 1353
810 1352
811 1352
812 1354
813 1354
814 1353
815 1352
816 1354
817 1353
818 1352
819 1351
820 1350
821 1353
822 1352
823 1352
824 1352
825 1357
826 1355
827 1354
828 1352
829 1354
830 1353
831 1356
832 1353
833 1353
834 1355
835 1355
836 1355
837 1354
838 1355
839 1357
840 1356
841 1355
842 1356
843 1354
844 1354
845 1356
846 1355
847 1356
848 1355
849 1353
850 1350
851 1354
852 1358
853 1357
854 1354
855 1353
856 1355
857 1356
858 1355
859 1353
860 1352
861 1352
862 1354
863 1353
864 1354
865 1356
866 1353
867 1354
868 1353
869 1352
870 1351
871 1353
872 1350
873 1355
874 1357
875 1350
876 1349
877 1355
878 1357
879 1355
880 1352
881 1354
882 1357
883 1354
884 1355
885 1353
886 1354
887 1354
888 1357
889 1353
890 1356
891 1355
892 1357
893 1353
894 1354
895 1352
896 1352
897 1353
898 1353
899 1352
900 1356
901 1354
902 1352
903 1353
904 1355
905 1355
906 1352
907 1354
908 1355
909 1355
910 1355
911 1354
912 1353
913 1354
914 1352
915 1353
916 1352
917 1355
918 1356
919 1355
920 1353
921 1354
922 1355
923 1354
924 1350
925 1352
926 1354
927 1357
928 1350
929 1351
930 1353
931 1353
932 1355
933 1353
934 1353
935 1352
936 1352
937 1353
938 1356
939 1353
940 1354
941 1355
942 1355
943 1351
944 1353
945 1353
946 1355
947 1353
948 1353
949 1354
950 1356
951 1351
952 1351
953 1355
954 1352
955 1351
956 1354
957 1352
958 1353
959 1353
960 1355
961 1353
962 1350
963 1351
964 1352
965 1354
966 1353
967 1354
968 1353
969 1354
970 1354
971 1353
972 1354
973 1355
974 1355
975 1353
976 1353
977 1353
978 1355
979 1353
980 1353
981 1354
982 1353
983 1353
984 1353
985 1352
986 1353
987 1353
988 1354
989 1353
990 1353
991 1353
992 1355
993 1351
994 1354
995 1352
996 1350
997 1350
998 1353
999 1352
1000 1353
1001 1352
1002 1352
1003 1355
1004 1353
1005 1355
1006 1355
1007 1356
1008 1354
1009 1354
1010 1352
1011 1354
1012 1354
1013 1356
1014 1355
1015 1358
1016 1353
1017 1354
1018 1353
1019 1355
1020 1357
1021 1356
1022 1355
1023 1353
1024 1353
1025 1351
1026 1354
1027 1352
1028 1353
1029 1353
1030 1353
1031 1353
1032 1352
1033 1352
1034 1353
1035 1355
1036 1350
1037 1353
1038 1354
1039 1354
1040 1351
1041 1353
1042 1354
1043 1354
1044 1355
1045 1354
1046 1354
1047 1353
1048 1354
1049 1352
1050 1355
1051 1354
1052 1352
1053 1350
1054 1352
1055 1353
1056 1351
1057 1353
1058 1354
1059 1354
1060 1350
1061 1356
1062 1354
1063 1354
1064 1353
1065 1356
1066 1353
1067 1353
1068 1355
1069 1353
1070 1354
1071 1355
1072 1355
1073 1354
1074 1354
1075 1354
1076 1351
1077 1354
1078 1351
1079 1354
1080 1356
1081 1354
1082 1353
1083 1353
1084 1352
1085 1354
1086 1354
1087 1356
1088 1352
1089 1354
1090 1350
1091 1356
1092 1354
1093 1351
1094 1353
1095 1354
1096 1356
1097 1357
1098 1354
1099 1355
1100 1352
1101 1355
1102 1353
1103 1354
1104 1354
1105 1354
1106 1355
1107 1356
1108 1354
1109 1354
1110 1353
1111 1353
1112 1354
1113 1353
1114 1351
1115 1351
1116 1351
1117 1351
1118 1352
1119 1354
1120 1351
1121 1353
1122 1349
1123 1355
1124 1352
1125 1354
1126 1351
1127 1356
1128 1354
1129 1352
1130 1351
1131 1354
1132 1354
1133 1356
1134 1354
1135 1353
1136 1354
1137 1353
1138 1350
1139 1353
1140 1351
1141 1352
1142 1354
1143 1354
1144 1354
1145 1354
1146 1352
1147 1355
1148 1354
1149 1353
1150 1352
1151 1352
1152 1353
1153 1351
1154 1353
1155 1354
1156 1352
1157 1356
1158 1353
1159 1353
1160 1351
1161 1355
1162 1354
1163 1353
1164 1353
1165 1352
1166 1350
1167 1353
1168 1353
1169 1353
1170 1354
1171 1353
1172 1354
1173 1354
1174 1354
1175 1353
1176 1353
1177 1351
1178 1350
1179 1355
1180 1355
1181 1353
1182 1354
1183 1352
1184 1355
1185 1355
1186 1356
1187 1356
1188 1353
1189 1354
1190 1352
1191 1354
1192 1352
1193 1355
1194 1352
1195 1351
1196 1353
1197 1353
1198 1354
1199 1351
1200 1352
1201 1354
1202 1354
1203 1355
1204 1354
1205 1354
1206 1355
1207 1355
1208 1354
1209 1355
1210 1352
1211 1351
1212 1355
1213 1354
1214 1353
1215 1356
1216 1355
1217 1354
1218 1354
1219 1351
1220 1354
1221 1354
1222 1353
1223 1353
1224 1356
1225 1351
1226 1351
1227 1353
1228 1353
1229 1353
1230 1354
1231 1354
1232 1354
1233 1351
1234 1353
1235 1355
1236 1353
1237 1352
1238 1350
1239 1352
1240 1353
1241 1355
1242 1355
1243 1354
1244 1352
1245 1354
1246 1355
1247 1357
1248 1357
1249 1354
1250 1355
1251 1355
1252 1357
1253 1352
1254 1355
1255 1354
1256 1354
1257 1353
1258 1353
1259 1352
1260 1351
1261 1354
1262 1357
1263 1354
1264 1353
1265 1356
1266 1354
1267 1354
1268 1354
1269 1353
1270 1351
1271 1354
1272 1354
1273 1355
1274 1355
1275 1354
1276 1351
1277 1354
1278 1351
1279 1353
1280 1355
1281 1354
1282 1354
1283 1356
1284 1356
1285 1354
1286 1356
1287 1356
1288 1356
1289 1355
1290 1352
1291 1352
1292 1354
1293 1353
1294 1353
1295 1352
1296 1354
1297 1353
1298 1355
1299 1350
1300 1353
1301 1353
1302 1353
1303 1354
1304 1354
1305 1354
1306 1355
1307 1352
1308 1356
1309 1354
1310 1353
1311 1356
1312 1354
1313 1351
1314 1356
1315 1356
1316 1356
1317 1353
1318 1355
1319 1355
1320 1356
1321 1353
1322 1355
1323 1355
1324 1355
1325 1353
1326 1350
1327 1351
1328 1354
1329 1351
1330 1355
1331 1353
1332 1353
1333 1354
1334 1354
1335 1353
1336 1357
1337 1351
1338 1356
1339 1355
1340 1356
1341 1354
1342 1356
1343 1353
1344 1352
1345 1353
1346 1353
1347 1354
1348 1354
1349 1356
1350 1357
1351 1353
1352 1353
1353 1353
1354 1352
1355 1354
1356 1354
1357 1352
1358 1355
1359 1351
1360 1353
1361 1350
1362 1355
1363 1354
1364 1355
1365 1351
1366 1355
1367 1356
1368 1355
1369 1352
1370 1357
1371 1353
1372 1355
1373 1352
1374 1355
1375 1355
1376 1353
1377 1355
1378 1352
1379 1355
1380 1354
1381 1354
1382 1354
1383 1355
1384 1355
1385 1354
1386 1352
1387 1350
1388 1352
1389 1353
1390 1350
1391 1353
1392 1356
1393 1353
1394 1351
1395 1351
1396 1354
1397 1352
1398 1352
1399 1353
1400 1353
1401 1354
1402 1354
1403 1355
1404 1354
1405 1355
1406 1353
1407 1355
1408 1355
1409 1356
1410 1354
1411 1354
1412 1355
1413 1353
1414 1356
1415 1354
1416 1354
1417 1355
1418 1357
1419 1350
1420 1353
1421 1353
1422 1353
1423 1352
1424 1354
1425 1356
1426 1353
1427 1350
1428 1354
1429 1354
1430 1353
1431 1350
1432 1355
1433 1356
1434 1353
1435 1355
1436 1357
1437 1354
1438 1353
1439 1350
1440 1352
1441 1354
1442 1355
1443 1354
1444 1356
1445 1354
1446 1355
1447 1352
1448 1354
1449 1354
1450 1354
1451 1355
1452 1353
1453 1353
1454 1353
1455 1352
1456 1355
1457 1355
1458 1353
1459 1352
1460 1355
1461 1353
1462 1354
1463 1354
1464 1351
1465 1354
1466 1357
1467 1353
1468 1354
1469 1350
1470 1354
1471 1353
1472 1353
1473 1352
1474 1354
1475 1353
1476 1355
1477 1352
1478 1352
1479 1353
1480 1355
1481 1354
1482 1355
1483 1352
1484 1354
1485 1355
1486 1356
1487 1350
1488 1356
1489 1353
1490 1352
1491 1354
1492 1354
1493 1352
1494 1353
1495 1355
1496 1353
1497 1354
1498 1354
1499 1351
1500 1355
1501 1356
1502 1355
1503 1352
1504 1354
1505 1352
1506 1354
1507 1356
1508 1356
1509 1354
1510 1354
1511 1355
1512 1352
1513 1351
1514 1353
1515 1353
1516 1356
1517 1354
1518 1353
1519 1354
1520 1353
1521 1354
1522 1353
1523 1354
1524 1356
1525 1354
1526 1354
1527 1354
1528 1352
1529 1354
1530 1355
1531 1355
1532 1357
1533 1356
1534 1355
1535 1354
1536 1354
1537 1352
1538 1354
1539 1356
1540 1354
1541 1354
1542 1351
1543 1353
1544 1355
1545 1355
1546 1355
1547 1354
1548 1353
1549 1354
1550 1351
1551 1354
1552 1355
1553 1354
1554 1356
1555 1355
1556 1356
1557 1353
1558 1352
1559 1351
1560 1354
1561 1353
1562 1354
1563 1355
1564 1353
1565 1355
1566 1356
1567 1356
1568 1356
1569 1352
1570 1353
1571 1354
1572 1357
1573 1353
1574 1354
1575 1354
1576 1353
1577 1355
1578 1354
1579 1353
1580 1353
1581 1354
1582 1355
1583 1355
1584 1354
1585 1355
1586 1352
1587 1352
1588 1356
1589 1351
1590 1350
1591 1354
1592 1355
1593 1356
1594 1352
1595 1353
1596 1354
1597 1358
1598 1357
1599 1354
1600 1353
1601 1353
1602 1356
1603 1355
1604 1352
1605 1352
1606 1352
1607 1355
1608 1352
1609 1352
1610 1351
1611 1354
1612 1354
1613 1355
1614 1352
1615 1357
1616 1354
1617 1356
1618 1356
1619 1354
1620 1354
1621 1355
1622 1354
1623 1352
1624 1351
1625 1350
1626 1355
1627 1354
1628 1354
1629 1355
1630 1354
1631 1353
1632 1351
1633 1355
1634 1350
1635 1350
1636 1351
1637 1353
1638 1357
1639 1355
1640 1354
1641 1356
1642 1354
1643 1354
1644 1353
1645 1352
1646 1350
1647 1354
1648 1355
1649 1355
1650 1352
1651 1354
1652 1352
1653 1356
1654 1357
1655 1355
1656 1356
1657 1354
1658 1353
1659 1352
1660 1354
1661 1353
1662 1353
1663 1353
1664 1355
1665 1355
1666 1353
1667 1353
1668 1355
1669 1356
1670 1354
1671 1353
1672 1355
1673 1352
1674 1353
1675 1352
1676 1353
1677 1355
1678 1357
1679 1355
1680 1351
1681 1354
1682 1353
1683 1356
1684 1353
1685 1354
1686 1353
1687 1353
1688 1353
1689 1354
1690 1355
1691 1353
1692 1351
1693 1354
1694 1352
1695 1354
1696 1353
1697 1354
1698 1353
1699 1350
1700 1353
1701 1352
1702 1355
1703 1357
1704 1350
1705 1354
1706 1354
1707 1354
1708 1353
1709 1355
1710 1352
1711 1355
1712 1355
1713 1353
1714 1355
1715 1354
1716 1354
1717 1354
1718 1354
1719 1354
1720 1355
1721 1353
1722 1354
1723 1352
1724 1357
1725 1354
1726 1353
1727 1353
1728 1355
1729 1356
1730 1353
1731 1353
1732 1353
1733 1354
1734 1353
1735 1355
1736 1352
1737 1354
1738 1352
1739 1353
1740 1354
1741 1351
1742 1356
1743 1356
1744 1353
1745 1353
1746 1352
1747 1354
1748 1354
1749 1354
1750 1352
1751 1353
1752 1354
1753 1353
1754 1353
1755 1355
1756 1355
1757 1355
1758 1354
1759 1352
1760 1356
1761 1355
1762 1355
1763 1354
1764 1352
1765 1352
1766 1356
1767 1353
1768 1353
1769 1354
1770 1351
1771 1354
1772 1354
1773 1355
1774 1353
1775 1353
1776 1354
1777 1356
1778 1354
1779 1355
1780 1354
1781 1356
1782 1353
1783 1354
1784 1352
1785 1355
1786 1358
1787 1354
1788 1353
1789 1353
1790 1352
1791 1354
1792 1354
1793 1355
1794 1355
1795 1353
1796 1354
1797 1356
1798 1353
1799 1353
1800 1353
1801 1355
1802 1354
1803 1355
1804 1355
1805 1354
1806 1351
1807 1358
1808 1352
1809 1353
1810 1356
1811 1355
1812 1355
1813 1353
1814 1354
1815 1354
1816 1353
1817 1352
1818 1355
1819 1351
1820 1350
1821 1355
1822 1353
1823 1354
1824 1353
1825 1352
1826 1352
1827 1356
1828 1352
1829 1357
1830 1351
1831 1354
1832 1354
1833 1355
1834 1354
1835 1353
1836 1355
1837 1354
1838 1356
1839 1354
1840 1352
1841 1353
1842 1353
1843 1353
1844 1355
1845 1354
1846 1356
1847 1352
1848 1353
1849 1354
1850 1353
1851 1353
1852 1353
1853 1354
1854 1353
1855 1354
1856 1356
1857 1353
1858 1355
1859 1354
1860 1354
1861 1356
1862 1353
1863 1354
1864 1353
1865 1353
1866 1352
1867 1352
1868 1354
1869 1354
1870 1354
1871 1353
1872 1353
1873 1354
1874 1352
1875 1356
1876 1356
1877 1353
1878 1353
1879 1353
1880 1355
1881 1354
1882 1355
1883 1353
1884 1353
1885 1352
1886 1352
1887 1356
1888 1355
1889 1352
1890 1356
1891 1353
1892 1354
1893 1354
1894 1354
1895 1353
1896 1352
1897 1354
1898 1354
1899 1353
1900 1352
1901 1352
1902 1352
1903 1351
1904 1355
1905 1354
1906 1355
1907 1352
1908 1351
1909 1349
1910 1353
1911 1354
1912 1353
1913 1352
1914 1349
1915 1351
1916 1352
1917 1353
1918 1354
1919 1352
1920 1351
1921 1350
1922 1354
1923 1353
1924 1354
1925 1351
1926 1354
1927 1354
1928 1352
1929 1351
1930 1352
1931 1353
1932 1351
1933 1353
1934 1354
1935 1352
1936 1353
1937 1352
1938 1353
1939 1353
1940 1353
1941 1350
1942 1356
1943 1353
1944 1349
1945 1352
1946 1353
1947 1351
1948 1352
1949 1353
1950 1355
1951 1355
1952 1354
1953 1352
1954 1354
1955 1355
1956 1354
1957 1353
1958 1353
1959 1353
1960 1352
1961 1354
1962 1352
1963 1355
1964 1353
1965 1354
1966 1353
1967 1349
1968 1350
1969 1351
1970 1352
1971 1356
1972 1354
1973 1354
1974 1353
1975 1356
1976 1352
1977 1357
1978 1354
1979 1354
1980 1354
1981 1353
1982 1355
1983 1354
1984 1352
1985 1352
1986 1354
1987 1354
1988 1352
1989 1353
1990 1356
1991 1353
1992 1355
1993 1353
1994 1355
1995 1352
1996 1350
1997 1355
1998 1352
1999 1353
2000 1352
2001 1354
2002 1353
2003 1354
2004 1353
2005 1351
2006 1354
2007 1353
2008 1356
2009 1352
2010 1351
2011 1353
2012 1354
2013 1352
2014 1353
2015 1353
2016 1354
2017 1354
2018 1354
2019 1354
2020 1356
2021 1354
2022 1353
2023 1355
2024 1352
2025 1352
2026 1356
2027 1353
2028 1355
2029 1356
2030 1353
2031 1351
2032 1352
2033 1352
2034 1351
2035 1350
2036 1352
2037 1351
2038 1352
2039 1354
2040 1356
2041 1352
2042 1353
2043 1354
2044 1354
2045 1352
2046 1353
2047 1353
2048 1354
2049 1355
2050 1357
2051 1356
2052 1353
2053 1353
2054 1355
2055 1354
2056 1355
2057 1356
2058 1354
2059 1350
2060 1353
2061 1353
2062 1352
2063 1356
2064 1352
2065 1352
2066 1352
2067 1353
2068 1354
2069 1352
2070 1352
2071 1354
2072 1352
2073 1350
2074 1355
2075 1352
2076 1353
2077 1352
2078 1350
2079 1351
2080 1350
2081 1353
2082 1354
2083 1353
2084 1353
2085 1351
2086 1356
2087 1352
2088 1352
2089 1351
2090 1353
2091 1354
2092 1355
2093 1352
2094 1351
2095 1355
2096 1353
2097 1352
2098 1350
2099 1353
2100 1355
2101 1354
2102 1351
2103 1352
2104 1351
2105 1353
2106 1355
2107 1354
2108 1352
2109 1352
2110 1354
2111 1356
2112 1352
2113 1355
2114 1353
2115 1353
2116 1351
2117 1353
2118 1354
2119 1354
2120 1354
2121 1353
2122 1352
2123 1354
2124 1354
2125 1352
2126 1355
2127 1355
2128 1352
2129 1350
2130 1353
2131 1352
2132 1352
2133 1354
2134 1354
2135 1354
2136 1351
2137 1352
2138 1353
2139 1351
2140 1354
2141 1355
2142 1354
2143 1354
2144 1353
2145 1354
2146 1355
2147 1356
2148 1354
2149 1356
2150 1352
2151 1355
2152 1351
2153 1352
2154 1353
2155 1354
2156 1354
2157 1355
2158 1354
2159 1355
2160 1351
2161 1353
2162 1353
2163 1356
2164 1354
2165 1357
2166 1353
2167 1356
2168 1352
2169 1353
2170 1351
2171 1354
2172 1353
2173 1356
2174 1351
2175 1352
2176 1351
2177 1355
2178 1353
2179 1355
2180 1355
2181 1357
2182 1354
2183 1353
2184 1355
2185 1357
2186 1353
2187 1355
2188 1352
2189 1355
2190 1353
2191 1356
2192 1355
2193 1354
2194 1352
2195 1354
2196 1354
2197 1354
2198 1355
2199 1354
2200 1354
2201 1356
2202 1355
2203 1354
2204 1352
2205 1353
2206 1352
2207 1353
2208 1352
2209 1356
2210 1354
2211 1355
2212 1351
2213 1353
2214 1351
2215 1351
2216 1356
2217 1351
2218 1351
2219 1352
2220 1353
2221 1349
2222 1353
2223 1353
2224 1355
2225 1354
2226 1355
2227 1354
2228 1351
2229 1355
2230 1355
2231 1353
2232 1354
2233 1354
2234 1354
2235 1354
2236 1354
2237 1354
2238 1352
2239 1355
2240 1355
2241 1353
2242 1352
2243 1351
2244 1351
2245 1353
2246 1355
2247 1353
2248 1350
2249 1353
2250 1351
2251 1352
2252 1352
2253 1354
2254 1354
2255 1353
2256 1353
2257 1353
2258 1354
2259 1357
2260 1352
2261 1355
2262 1353
2263 1354
2264 1350
2265 1355
2266 1355
2267 1356
2268 1352
2269 1354
2270 1353
2271 1356
2272 1353
2273 1354
2274 1352
2275 1354
2276 1354
2277 1359
2278 1353
2279 1355
2280 1349
2281 1355
2282 1351
2283 1355
2284 1355
2285 1355
2286 1352
2287 1355
2288 1355
2289 1353
2290 1354
2291 1356
2292 1354
2293 1351
2294 1353
2295 1354
2296 1355
2297 1355
2298 1354
2299 1354
2300 1352
2301 1351
2302 1353
2303 1353
2304 1354
2305 1353
2306 1351
2307 1353
2308 1352
2309 1354
2310 1357
2311 1353
2312 1352
2313 1355
2314 1356
2315 1353
2316 1352
2317 1352
2318 1356
2319 1356
2320 1352
2321 1354
2322 1357
2323 1353
2324 1354
2325 1353
2326 1355
2327 1354
2328 1354
2329 1354
2330 1353
2331 1353
2332 1352
2333 1354
2334 1352
2335 1353
2336 1355
2337 1352
2338 1353
2339 1352
2340 1352
2341 1354
2342 1353
2343 1351
2344 1354
2345 1355
2346 1354
2347 1353
2348 1353
2349 1353
2350 1355
2351 1353
2352 1352
2353 1353
2354 1354
2355 1351
2356 1355
2357 1354
2358 1355
2359 1355
2360 1354
2361 1356
2362 1355
2363 1354
2364 1353
2365 1354
2366 1355
2367 1353
2368 1353
2369 1356
2370 1352
2371 1355
2372 1351
2373 1353
2374 1351
2375 1354
2376 1350
2377 1353
2378 1354
2379 1354
2380 1352
2381 1352
2382 1354
2383 1353
2384 1351
2385 1354
2386 1352
2387 1355
2388 1352
2389 1353
2390 1352
2391 1356
2392 1355
2393 1355
2394 1353
2395 1355
2396 1353
2397 1352
2398 1352
2399 1353
2400 1352
2401 1354
2402 1353
2403 1353
2404 1354
2405 1356
2406 1352
2407 1354
2408 1353
2409 1355
2410 1354
2411 1353
2412 1355
2413 1353
2414 1354
2415 1355
2416 1357
2417 1353
2418 1353
2419 1349
2420 1353
2421 1353
2422 1351
2423 1352
2424 1351
2425 1353
2426 1350
2427 1351
2428 1352
2429 1351
2430 1353
2431 1353
2432 1356
2433 1358
2434 1354
2435 1353
2436 1354
2437 1355
2438 1355
2439 1354
2440 1354
2441 1353
2442 1357
2443 1354
2444 1352
2445 1354
2446 1355
2447 1354
2448 1353
2449 1353
2450 1355
2451 1351
2452 1354
2453 1353
2454 1353
2455 1352
2456 1353
2457 1355
2458 1353
2459 1356
2460 1356
2461 1353
2462 1351
2463 1354
2464 1352
2465 1353
2466 1353
2467 1351
2468 1355
2469 1354
2470 1352
2471 1354
2472 1352
2473 1352
2474 1350
2475 1354
2476 1355
2477 1354
2478 1352
2479 1353
2480 1352
2481 1353
2482 1355
2483 1353
2484 1355
2485 1352
2486 1354
2487 1355
2488 1352
2489 1352
2490 1353
2491 1354
2492 1354
2493 1351
2494 1353
2495 1354
2496 1354
2497 1353
2498 1352
2499 1353
2500 1353
2501 1352
2502 1352
2503 1351
2504 1354
2505 1354
2506 1352
2507 1356
2508 1354
2509 1354
2510 1355
2511 1353
2512 1354
2513 1355
2514 1353
2515 1354
2516 1352
2517 1354
2518 1353
2519 1353
2520 1354
2521 1354
2522 1351
2523 1353
2524 1352
2525 1352
2526 1353
2527 1355
2528 1354
2529 1354
2530 1355
2531 1354
2532 1354
2533 1354
2534 1353
2535 1353
2536 1354
2537 1351
2538 1352
2539 1354
2540 1355
2541 1356
2542 1354
2543 1354
2544 1356
2545 1353
2546 1354
2547 1355
2548 1352
2549 1353
2550 1353
2551 1353
2552 1354
2553 1351
2554 1353
2555 1351
2556 1356
2557 1355
2558 1353
2559 1355
2560 1355
2561 1354
2562 1353
2563 1355
2564 1354
2565 1353
2566 1353
2567 1355
2568 1354
2569 1356
2570 1357
2571 1357
2572 1354
2573 1354
2574 1353
2575 1353
2576 1353
2577 1354
2578 1351
2579 1355
2580 1353
2581 1353
2582 1355
2583 1352
2584 1352
2585 1355
2586 1353
2587 1353
2588 1351
2589 1355
2590 1354
2591 1353
2592 1350
2593 1353
2594 1352
2595 1353
2596 1353
2597 1357
2598 1353
2599 1356
2600 1352
2601 1356
2602 1354
2603 1355
2604 1352
2605 1352
2606 1352
2607 1353
2608 1356
2609 1353
2610 1355
2611 1354
2612 1354
2613 1355
2614 1355
2615 1353
2616 1355
2617 1355
2618 1354
2619 1351
2620 1352
2621 1353
2622 1351
2623 1353
2624 1355
2625 1353
2626 1355
2627 1354
2628 1353
2629 1356
2630 1355
2631 1354
2632 1355
2633 1351
2634 1350
2635 1355
2636 1353
2637 1351
2638 1351
2639 1354
2640 1357
2641 1356
2642 1354
2643 1353
2644 1351
2645 1351
2646 1351
2647 1353
2648 1353
2649 1351
2650 1352
2651 1353
2652 1357
2653 1353
2654 1352
2655 1353
2656 1352
2657 1356
2658 1354
2659 1352
2660 1352
2661 1352
2662 1352
2663 1355
2664 1354
2665 1355
2666 1354
2667 1355
2668 1355
2669 1352
2670 1351
2671 1351
2672 1353
2673 1351
2674 1355
2675 1353
2676 1352
2677 1353
2678 1356
2679 1353
2680 1354
2681 1351
2682 1351
2683 1352
2684 1353
2685 1352
2686 1355
2687 1351
2688 1353
2689 1356
2690 1353
2691 1357
2692 1355
2693 1354
2694 1351
2695 1354
2696 1352
2697 1355
2698 1353
2699 1357
2700 1357
2701 1354
2702 1355
2703 1350
2704 1352
2705 1352
2706 1353
2707 1351
2708 1353
2709 1351
2710 1352
2711 1354
2712 1354
2713 1352
2714 1355
2715 1355
2716 1357
2717 1353
2718 1354
2719 1353
2720 1353
2721 1354
2722 1353
2723 1354
2724 1352
2725 1354
2726 1353
2727 1354
2728 1354
2729 1355
2730 1351
2731 1351
2732 1352
2733 1350
2734 1354
2735 1353
2736 1352
2737 1352
2738 1353
2739 1353
2740 1353
2741 1352
2742 1352
2743 1350
2744 1354
2745 1351
2746 1352
2747 1353
2748 1355
2749 1353
2750 1353
2751 1355
2752 1354
2753 1353
2754 1353
2755 1353
2756 1352
2757 1356
2758 1355
2759 1354
2760 1354
2761 1351
2762 1352
2763 1353
2764 1353
2765 1353
2766 1355
2767 1354
2768 1351
2769 1350
2770 1352
2771 1354
2772 1355
2773 1355
2774 1354
2775 1354
2776 1353
2777 1352
2778 1353
2779 1355
2780 1354
2781 1355
2782 1350
2783 1353
2784 1357
2785 1354
2786 1354
2787 1350
2788 1356
2789 1354
2790 1354
2791 1354
2792 1354
2793 1355
2794 1354
2795 1352
2796 1354
2797 1352
2798 1354
2799 1354
2800 1352
2801 1353
2802 1354
2803 1352
2804 1351
2805 1350
2806 1352
2807 1354
2808 1355
2809 1353
2810 1353
2811 1355
2812 1357
2813 1354
2814 1354
2815 1353
2816 1354
2817 1352
2818 1356
2819 1352
2820 1353
2821 1353
2822 1355
2823 1353
2824 1354
2825 1354
2826 1354
2827 1355
2828 1354
2829 1352
2830 1355
2831 1353
2832 1358
2833 1356
2834 1352
2835 1355
2836 1353
2837 1354
2838 1353
2839 1352
2840 1352
2841 1355
2842 1355
2843 1353
2844 1353
2845 1353
2846 1353
2847 1354
2848 1355
2849 1353
2850 1357
2851 1353
2852 1351
2853 1353
2854 1350
2855 1353
2856 1354
2857 1354
2858 1353
2859 1354
2860 1351
2861 1352
2862 1352
2863 1353
2864 1355
2865 1352
2866 1352
2867 1355
2868 1354
2869 1354
2870 1355
2871 1353
2872 1356
2873 1355
2874 1356
2875 1355
2876 1354
2877 1352
2878 1353
2879 1355
2880 1352
2881 1351
2882 1357
2883 1356
2884 1354
2885 1354
2886 1352
2887 1352
2888 1354
2889 1352
2890 1355
2891 1353
2892 1352
2893 1354
2894 1353
2895 1352
2896 1354
2897 1351
2898 1352
2899 1350
2900 1349
2901 1353
2902 1353
2903 1353
2904 1356
2905 1353
2906 1355
2907 1355
2908 1355
2909 1354
2910 1353
2911 1355
2912 1356
2913 1355
2914 1350
2915 1356
2916 1355
2917 1353
2918 1350
2919 1351
2920 1353
2921 1354
2922 1352
2923 1356
2924 1353
2925 1352
2926 1353
2927 1355
2928 1352
2929 1353
2930 1354
2931 1356
2932 1359
2933 1353
2934 1353
2935 1355
2936 1358
2937 1355
2938 1356
2939 1352
2940 1356
2941 1351
2942 1351
2943 1352
2944 1353
2945 1356
2946 1353
2947 1354
2948 1350
2949 1355
2950 1357
2951 1354
2952 1353
2953 1355
2954 1353
2955 1356
2956 1353
2957 1354
2958 1351
2959 1354
2960 1354
2961 1354
2962 1355
2963 1354
2964 1352
2965 1356
2966 1352
2967 1352
2968 1354
2969 1351
2970 1354
2971 1358
2972 1350
2973 1355
2974 1353
2975 1355
2976 1352
2977 1353
2978 1355
2979 1353
2980 1353
2981 1353
2982 1354
2983 1353
2984 1353
2985 1355
2986 1353
2987 1354
2988 1356
2989 1355
2990 1352
2991 1353
2992 1355
2993 1356
2994 1356
2995 1355
2996 1353
2997 1355
2998 1355
2999 1352
3000 1352
3001 1353
3002 1353
3003 1352
3004 1352
3005 1355
3006 1355
3007 1352
3008 1352
3009 1355
3010 1354
3011 1353
3012 1356
3013 1356
3014 1356
3015 1355
3016 1356
3017 1355
3018 1355
3019 1354
3020 1355
3021 1356
3022 1355
3023 1353
3024 1353
3025 1355
3026 1353
3027 1355
3028 1355
3029 1352
3030 1352
3031 1352
3032 1354
3033 1353
3034 1352
3035 1353
3036 1354
3037 1353
3038 1353
3039 1354
3040 1356
3041 1353
3042 1355
3043 1354
3044 1353
3045 1354
3046 1357
3047 1356
3048 1355
3049 1355
3050 1355
3051 1353
3052 1354
3053 1355
3054 1353
3055 1356
3056 1356
3057 1356
3058 1354
3059 1355
3060 1350
3061 1355
3062 1356
3063 1353
3064 1353
3065 1356
3066 1353
3067 1350
3068 1351
3069 1353
3070 1356
3071 1352
3072 1354
3073 1352
3074 1351
3075 1352
3076 1353
3077 1353
3078 1352
3079 1349
3080 1353
3081 1352
3082 1353
3083 1353
3084 1352
3085 1353
3086 1355
3087 1355
3088 1353
3089 1355
3090 1351
3091 1353
3092 1354
3093 1354
3094 1355
3095 1352
3096 1351
3097 1352
3098 1355
3099 1352
3100 1350
3101 1354
3102 1351
3103 1355
3104 1352
3105 1354
3106 1354
3107 1355
3108 1354
3109 1353
3110 1354
3111 1354
3112 1353
3113 1352
3114 1353
3115 1352
3116 1355
3117 1353
3118 1352
3119 1355
3120 1350
3121 1354
3122 1353
3123 1352
3124 1353
3125 1353
3126 1353
3127 1356
3128 1357
3129 1353
3130 1354
3131 1353
3132 1353
3133 1353
3134 1353
3135 1354
3136 1355
3137 1353
3138 1354
3139 1352
3140 1353
3141 1352
3142 1356
3143 1356
3144 1354
3145 1355
3146 1354
3147 1353
3148 1354
3149 1353
3150 1356
3151 1354
3152 1353
3153 1352
3154 1355
3155 1356
3156 1353
3157 1353
3158 1355
3159 1354
3160 1353
3161 1355
3162 1355
3163 1355
3164 1352
3165 1352
3166 1356
3167 1354
3168 1355
3169 1352
3170 1352
3171 1355
3172 1356
3173 1353
3174 1351
3175 1353
3176 1353
3177 1354
3178 1355
3179 1354
3180 1354
3181 1355
3182 1355
3183 1355
3184 1356
3185 1352
3186 1356
3187 1354
3188 1355
3189 1352
3190 1353
3191 1352
3192 1353
3193 1353
3194 1356
3195 1353
3196 1351
3197 1354
3198 1353
3199 1353
3200 1355
3201 1355
3202 1354
3203 1353
3204 1353
3205 1352
3206 1353
3207 1353
3208 1353
3209 1352
3210 1355
3211 1353
3212 1354
3213 1354
3214 1354
3215 1353
3216 1353
3217 1355
3218 1356
3219 1351
3220 1358
3221 1354
3222 1355
3223 1351
3224 1354
3225 1351
3226 1354
3227 1352
3228 1353
3229 1351
3230 1353
3231 1353
3232 1353
3233 1354
3234 1356
3235 1352
3236 1353
3237 1350
3238 1353
3239 1355
3240 1356
3241 1350
3242 1351
3243 1351
3244 1356
3245 1355
3246 1354
3247 1351
3248 1357
3249 1353
3250 1355
3251 1354
3252 1353
3253 1357
3254 1355
3255 1355
3256 1353
3257 1355
3258 1355
3259 1352
3260 1354
3261 1354
3262 1355
3263 1355
3264 1355
3265 1351
3266 1354
3267 1354
3268 1352
3269 1354
3270 1356
3271 1355
3272 1355
3273 1356
3274 1353
3275 1354
3276 1354
3277 1353
3278 1350
3279 1353
3280 1354
3281 1352
3282 1349
3283 1350
3284 1356
3285 1355
3286 1351
3287 1351
3288 1355
3289 1353
3290 1357
3291 1353
3292 1353
3293 1350
3294 1353
3295 1351
3296 1353
3297 1351
3298 1352
3299 1353
3300 1355
3301 1353
3302 1357
3303 1355
3304 1354
3305 1353
3306 1356
3307 1354
3308 1353
3309 1355
3310 1356
3311 1358
3312 1353
3313 1352
3314 1355
3315 1354
3316 1354
3317 1350
3318 1357
3319 1352
3320 1353
3321 1355
3322 1352
3323 1353
3324 1350
3325 1353
3326 1354
3327 1355
3328 1353
3329 1356
3330 1354
3331 1352
3332 1352
3333 1350
3334 1355
3335 1354
3336 1349
3337 1353
3338 1355
3339 1353
3340 1356
3341 1353
3342 1356
3343 1353
3344 1354
3345 1354
3346 1354
3347 1355
3348 1354
3349 1353
3350 1352
3351 1351
3352 1354
3353 1353
3354 1353
3355 1355
3356 1358
3357 1352
3358 1354
3359 1352
3360 1356
3361 1358
3362 1355
3363 1356
3364 1351
3365 1355
3366 1354
3367 1351
3368 1354
3369 1352
3370 1355
3371 1352
3372 1353
3373 1351
3374 1355
3375 1351
3376 1354
3377 1354
3378 1354
3379 1352
3380 1350
3381 1353
3382 1356
3383 1353
3384 1354
3385 1355
3386 1352
3387 1354
3388 1353
3389 1352
3390 1356
3391 1355
3392 1356
3393 1353
3394 1352
3395 1353
3396 1358
3397 1354
3398 1353
3399 1351
3400 1355
3401 1354
3402 1352
3403 1352
3404 1351
3405 1353
3406 1354
3407 1354
3408 1355
3409 1349
3410 1354
3411 1352
3412 1353
3413 1354
3414 1353
3415 1350
3416 1353
3417 1354
3418 1356
3419 1352
3420 1352
3421 1351
3422 1355
3423 1354
3424 1355
3425 1355
3426 1353
3427 1354
3428 1353
3429 1352
3430 1352
3431 1352
3432 1353
3433 1354
3434 1353
3435 1353
3436 1353
3437 1354
3438 1353
3439 1351
3440 1357
3441 1356
3442 1353
3443 1352
3444 1354
3445 1355
3446 1351
3447 1351
3448 1354
3449 1353
3450 1355
3451 1351
3452 1353
3453 1350
3454 1353
3455 1354
3456 1354
3457 1352
3458 1355
3459 1355
3460 1355
3461 1353
3462 1353
3463 1354
3464 1356
3465 1356
3466 1354
3467 1353
3468 1353
3469 1355
3470 1352
3471 1353
3472 1353
3473 1352
3474 1350
3475 1353
3476 1352
3477 1355
3478 1354
3479 1352
3480 1353
3481 1352
3482 1354
3483 1352
3484 1355
3485 1355
3486 1352
3487 1354
3488 1355
3489 1354
3490 1355
3491 1355
3492 1353
3493 1353
3494 1354
3495 1351
3496 1353
3497 1354
3498 1354
3499 1355
3500 1353
3501 1353
3502 1354
3503 1353
3504 1354
3505 1353
3506 1355
3507 1352
3508 1352
3509 1353
3510 1354
3511 1353
3512 1353
3513 1353
3514 1354
3515 1350
3516 1354
3517 1355
3518 1353
3519 1353
3520 1355
3521 1351
3522 1354
3523 1354
3524 1355
3525 1351
3526 1351
3527 1351
3528 1355
3529 1352
3530 1354
3531 1352
3532 1352
3533 1354
3534 1352
3535 1355
3536 1355
3537 1354
3538 1356
3539 1355
3540 1354
3541 1352
3542 1355
3543 1353
3544 1353
3545 1353
3546 1353
3547 1352
3548 1356
3549 1354
3550 1354
3551 1353
3552 1355
3553 1353
3554 1354
3555 1354
3556 1354
3557 1353
3558 1354
3559 1350
3560 1355
3561 1353
3562 1351
3563 1350
3564 1354
3565 1353
3566 1352
3567 1353
3568 1354
3569 1354
3570 1353
3571 1351
3572 1352
3573 1352
3574 1354
3575 1354
3576 1353
3577 1350
3578 1354
3579 1352
3580 1354
3581 1351
3582 1355
3583 1352
3584 1356
3585 1354
3586 1352
3587 1354
3588 1352
3589 1355
3590 1351
3591 1354
3592 1353
3593 1354
3594 1354
3595 1354
3596 1356
3597 1352
3598 1352
3599 1353
3600 1355
3601 1351
3602 1354
3603 1353
3604 1354
3605 1354
3606 1352
3607 1354
3608 1351
3609 1355
3610 1356
3611 1353
3612 1354
3613 1355
3614 1354
3615 1354
3616 1356
3617 1352
3618 1354
3619 1354
3620 1351
3621 1351
3622 1351
3623 1353
3624 1349
3625 1354
3626 1355
3627 1352
3628 1353
3629 1354
3630 1353
3631 1354
3632 1356
3633 1355
3634 1353
3635 1352
3636 1354
3637 1353
3638 1349
3639 1349
3640 1353
3641 1354
3642 1356
3643 1352
3644 1355
3645 1353
3646 1350
3647 1352
3648 1354
3649 1354
3650 1354
3651 1352
3652 1355
3653 1352
3654 1354
3655 1353
3656 1354
3657 1354
3658 1353
3659 1351
3660 1353
3661 1352
3662 1350
3663 1351
3664 1355
3665 1353
3666 1353
3667 1353
3668 1356
3669 1354
3670 1354
3671 1353
3672 1357
3673 1355
3674 1354
3675 1356
3676 1353
3677 1354
3678 1355
3679 1353
3680 1352
3681 1353
3682 1350
3683 1351
3684 1351
3685 1351
3686 1351
3687 1356
3688 1352
3689 1352
3690 1353
3691 1355
3692 1353
3693 1354
3694 1352
3695 1353
3696 1355
3697 1352
3698 1353
3699 1353
3700 1356
3701 1354
3702 1354
3703 1353
3704 1355
3705 1352
3706 1352
3707 1352
3708 1354
3709 1356
3710 1354
3711 1355
3712 1350
3713 1353
3714 1352
3715 1354
3716 1353
3717 1355
3718 1353
3719 1352
3720 1354
3721 1353
3722 1352
3723 1352
3724 1354
3725 1353
3726 1353
3727 1355
3728 1356
3729 1353
3730 1352
3731 1354
3732 1352
3733 1354
3734 1353
3735 1354
3736 1352
3737 1355
3738 1354
3739 1354
3740 1353
3741 1354
3742 1353
3743 1353
3744 1354
3745 1352
3746 1354
3747 1354
3748 1353
3749 1355
3750 1355
3751 1355
3752 1354
3753 1355
3754 1355
3755 1356
3756 1353
3757 1356
3758 1352
3759 1353
3760 1353
3761 1353
3762 1350
3763 1349
3764 1353
3765 1354
3766 1351
3767 1353
3768 1350
3769 1352
3770 1352
3771 1353
3772 1353
3773 1355
3774 1353
3775 1351
3776 1351
3777 1353
3778 1355
3779 1353
3780 1352
3781 1354
3782 1353
3783 1355
3784 1351
3785 1352
3786 1355
3787 1356
3788 1352
3789 1352
3790 1353
3791 1356
3792 1354
3793 1356
3794 1354
3795 1354
3796 1353
3797 1354
3798 1354
3799 1354
3800 1350
3801 1356
3802 1354
3803 1352
3804 1352
3805 1356
3806 1354
3807 1352
3808 1353
3809 1355
3810 1353
3811 1356
3812 1354
3813 1353
3814 1351
3815 1353
3816 1353
3817 1355
3818 1354
3819 1354
3820 1353
3821 1355
3822 1353
3823 1354
3824 1354
3825 1354
3826 1354
3827 1354
3828 1353
3829 1355
3830 1357
3831 1353
3832 1355
3833 1354
3834 1351
3835 1352
3836 1353
3837 1352
3838 1352
3839 1355
3840 1355
3841 1356
3842 1355
3843 1353
3844 1354
3845 1354
3846 1354
3847 1353
3848 1355
3849 1356
3850 1357
3851 1356
3852 1354
3853 1353
3854 1355
3855 1353
3856 1350
3857 1355
3858 1354
3859 1353
3860 1353
3861 1353
3862 1353
3863 1351
3864 1350
3865 1354
3866 1353
3867 1355
3868 1354
3869 1354
3870 1355
3871 1353
3872 1354
3873 1353
3874 1353
3875 1354
3876 1357
3877 1353
3878 1353
3879 1355
3880 1357
3881 1354
3882 1356
3883 1356
3884 1356
3885 1354
3886 1356
3887 1353
3888 1355
3889 1356
3890 1350
3891 1353
3892 1355
3893 1353
3894 1353
3895 1355
3896 1353
3897 1353
3898 1355
3899 1354
3900 1353
3901 1353
3902 1355
3903 1354
3904 1357
3905 1355
3906 1356
3907 1356
3908 1356
3909 1354
3910 1355
3911 1351
3912 1352
3913 1355
3914 1354
3915 1353
3916 1353
3917 1353
3918 1356
3919 1352
3920 1354
3921 1351
3922 1353
3923 1353
3924 1354
3925 1352
3926 1355
3927 1354
3928 1355
3929 1353
3930 1353
3931 1352
3932 1353
3933 1353
3934 1357
3935 1352
3936 1356
3937 1354
3938 1354
3939 1352
3940 1354
3941 1354
3942 1353
3943 1352
3944 1356
3945 1356
3946 1352
3947 1352
3948 1356
3949 1350
3950 1351
3951 1354
3952 1355
3953 1353
3954 1352
3955 1353
3956 1351
3957 1355
3958 1357
3959 1353
3960 1352
3961 1354
3962 1353
3963 1355
3964 1353
3965 1354
3966 1356
3967 1354
3968 1351
3969 1354
3970 1354
3971 1354
3972 1355
3973 1352
3974 1356
3975 1353
3976 1355
3977 1353
3978 1355
3979 1355
3980 1353
3981 1352
3982 1352
3983 1350
3984 1350
3985 1353
3986 1355
3987 1353
3988 1355
3989 1353
3990 1352
3991 1354
3992 1355
3993 1353
3994 1354
3995 1352
3996 1353
3997 1354
3998 1352
3999 1353
