0 1354
1 1355
2 1358
3 1356
4 1356
5 1356
6 1356
7 1357
8 1355
9 1357
10 1358
11 1357
12 1356
13 1353
14 1357
15 1355
16 1358
17 1355
18 1357
19 1355
20 1355
21 1355
22 1358
23 1358
24 1358
25 1356
26 1357
27 1356
28 1356
29 1354
30 1358
31 1354
32 1358
33 1357
34 1358
35 1355
36 1355
37 1355
38 1355
39 1357
40 1358
41 1355
42 1357
43 1354
44 1356
45 1354
46 1354
47 1356
48 1354
49 1354
50 1358
51 1356
52 1356
53 1357
54 1356
55 1354
56 1355
57 1357
58 1355
59 1357
60 1353
61 1354
62 1353
63 1355
64 1357
65 1355
66 1356
67 1357
68 1355
69 1355
70 1357
71 1357
72 1356
73 1357
74 1357
75 1357
76 1358
77 1354
78 1357
79 1357
80 1356
81 1357
82 1356
83 1355
84 1357
85 1353
86 1355
87 1355
88 1355
89 1355
90 1355
91 1355
92 1358
93 1357
94 1357
95 1357
96 1358
97 1354
98 1358
99 1354
100 1355
101 1354
102 1355
103 1354
104 1356
105 1357
106 1355
107 1356
108 1355
109 1354
110 1357
111 1353
112 1356
113 1355
114 1356
115 1356
116 1356
117 1356
118 1357
119 1354
120 1357
121 1355
122 1356
123 1353
124 1353
125 1353
126 1357
127 1357
128 1356
129 1354
130 1358
131 1356
132 1355
133 1356
134 1355
135 1357
136 1355
137 1354
138 1356
139 1355
140 1355
141 1357
142 1355
143 1354
144 1356
145 1356
146 1356
147 1358
148 1358
149 1357
150 1356
151 1354
152 1357
153 1355
154 1356
155 1355
156 1356
157 1356
158 1356
159 1355
160 1356
161 1355
162 1356
163 1355
164 1357
165 1355
166 1357
167 1356
168 1354
169 1355
170 1354
171 1354
172 1355
173 1355
174 1357
175 1357
176 1356
177 1358
178 1356
179 1354
180 1356
181 1356
182 1355
183 1357
184 1354
185 1353
186 1355
187 1356
188 1358
189 1354
190 1353
191 1354
192 1356
193 1356
194 1356
195 1355
196 1356
197 1351
198 1356
199 1355
200 1357
201 1353
202 1356
203 1356
204 1355
205 1354
206 1353
207 1353
208 1356
209 1356
210 1357
211 1353
212 1355
213 1354
214 1356
215 1357
216 1358
217 1357
218 1357
219 1358
220 1357
221 1356
222 1355
223 1354
224 1354
225 1355
226 1356
227 1353
228 1355
229 1357
230 1356
231 1356
232 1355
233 1354
234 1355
235 1356
236 1355
237 1356
238 1355
239 1357
240 1354
241 1355
242 1356
243 1355
244 1355
245 1357
246 1357
247 1356
248 1356
249 1355
250 1355
251 1355
252 1355
253 1355
254 1357
255 1355
256 1356
257 1359
258 1355
259 1355
260 1355
261 1357
262 1354
263 1355
264 1355
265 1354
266 1357
267 1355
268 1356
269 1355
270 1356
271 1354
272 1359
273 1356
274 1355
275 1355
276 1355
277 1356
278 1353
279 1356
280 1356
281 1357
282 1356
283 1358
284 1356
285 1355
286 1356
287 1356
288 1356
289 1353
290 1355
291 1356
292 1356
293 1354
294 1356
295 1355
296 1355
297 1357
298 1355
299 1355
300 1356
301 1356
302 1354
303 1354
304 1355
305 1357
306 1355
307 1355
308 1355
309 1358
310 1354
311 1357
312 1356
313 1356
314 1353
315 1355
316 1357
317 1354
318 1355
319 1356
320 1356
321 1355
322 1357
323 1356
324 1354
325 1352
326 1355
327 1357
328 1354
329 1353
330 1357
331 1359
332 1356
333 1355
334 1356
335 1357
336 1356
337 1355
338 1355
339 1356
340 1357
341 1355
342 1355
343 1356
344 1353
345 1355
346 1357
347 1355
348 1356
349 1358
350 1356
351 1355
352 1353
353 1357
354 1356
355 1355
356 1355
357 1357
358 1354
359 1356
360 1354
361 1357
362 1356
363 1357
364 1353
365 1357
366 1357
367 1359
368 1356
369 1356
370 1354
371 1355
372 1355
373 1354
374 1358
375 1357
376 1357
377 1356
378 1356
379 1353
380 1355
381 1357
382 1355
383 1354
384 1356
385 1353
386 1356
387 1357
388 1356
389 1357
390 1355
391 1355
392 1356
393 1357
394 1355
395 1356
396 1354
397 1358
398 1355
399 1355
400 1355
401 1357
402 1359
403 1357
404 1355
405 1355
406 1355
407 1354
408 1357
409 1352
410 1358
411 1358
412 1357
413 1356
414 1357
415 1357
416 1357
417 1355
418 1355
419 1359
420 1354
421 1359
422 1356
423 1354
424 1354
425 1357
426 1356
427 1358
428 1355
429 1357
430 1355
431 1357
432 1355
433 1354
434 1357
435 1357
436 1357
437 1357
438 1357
439 1354
440 1353
441 1355
442 1352
443 1357
444 1356
445 1357
446 1357
447 1357
448 1356
449 1356
450 1357
451 1355
452 1355
453 1354
454 1358
455 1355
456 1355
457 1354
458 1356
459 1356
460 1356
461 1355
462 1352
463 1354
464 1354
465 1353
466 1357
467 1360
468 1355
469 1355
470 1355
471 1356
472 1356
473 1355
474 1356
475 1353
476 1354
477 1355
478 1356
479 1355
480 1356
481 1357
482 1355
483 1353
484 1356
485 1357
486 1357
487 1357
488 1357
489 1355
490 1357
491 1357
492 1357
493 1355
494 1356
495 1355
496 1357
497 1355
498 1357
499 1355
500 1356
501 1355
502 1358
503 1355
504 1357
505 1354
506 1352
507 1354
508 1355
509 1353
510 1356
511 1356
512 1357
513 1357
514 1360
515 1358
516 1357
517 1355
518 1354
519 1352
520 1355
521 1353
522 1356
523 1354
524 1356
525 1355
526 1359
527 1357
528 1358
529 1357
530 1355
531 1357
532 1357
533 1354
534 1359
535 1359
536 1362
537 1366
538 1374
539 1387
540 1404
541 1426
542 1458
543 1489
544 1526
545 1565
546 1612
547 1651
548 1698
549 1734
550 1775
551 1813
552 1846
553 1875
554 1898
555 1916
556 1926
557 1933
558 1933
559 1932
560 1925
561 1915
562 1901
563 1891
564 1875
565 1861
566 1843
567 1822
568 1801
569 1781
570 1761
571 1739
572 1725
573 1704
574 1685
575 1666
576 1645
577 1626
578 1613
579 1596
580 1589
581 1577
582 1571
583 1555
584 1545
585 1534
586 1523
587 1513
588 1503
589 1491
590 1484
591 1473
592 1467
593 1462
594 1456
595 1447
596 1443
597 1438
598 1428
599 1427
600 1420
601 1416
602 1414
603 1408
604 1405
605 1402
606 1398
607 1398
608 1395
609 1393
610 1388
611 1388
612 1384
613 1381
614 1379
615 1381
616 1379
617 1378
618 1372
619 1373
620 1372
621 1371
622 1369
623 1367
624 1367
625 1367
626 1370
627 1367
628 1366
629 1366
630 1366
631 1364
632 1364
633 1362
634 1364
635 1361
636 1361
637 1364
638 1360
639 1358
640 1361
641 1360
642 1359
643 1361
644 1361
645 1358
646 1359
647 1360
648 1358
649 1357
650 1360
651 1360
652 1360
653 1358
654 1361
655 1360
656 1359
657 1356
658 1357
659 1354
660 1356
661 1357
662 1357
663 1359
664 1356
665 1357
666 1356
667 1357
668 1357
669 1357
670 1357
671 1357
672 1356
673 1357
674 1354
675 1359
676 1359
677 1358
678 1356
679 1357
680 1355
681 1357
682 1357
683 1359
684 1357
685 1359
686 1356
687 1357
688 1356
689 1355
690 1359
691 1357
692 1354
693 1356
694 1355
695 1359
696 1356
697 1359
698 1354
699 1356
700 1355
701 1357
702 1357
703 1358
704 1358
705 1357
706 1358
707 1357
708 1358
709 1355
710 1357
711 1357
712 1356
713 1357
714 1357
715 1357
716 1356
717 1358
718 1358
719 1359
720 1356
721 1357
722 1355
723 1357
724 1356
725 1358
726 1356
727 1358
728 1358
729 1356
730 1355
731 1358
732 1356
733 1356
734 1360
735 1356
736 1359
737 1357
738 1358
739 1355
740 1356
741 1360
742 1358
743 1357
744 1358
745 1358
746 1359
747 1356
748 1356
749 1357
750 1356
751 1357
752 1356
753 1355
754 1355
755 1357
756 1357
757 1356
758 1358
759 1357
760 1359
761 1357
762 1358
763 1357
764 1355
765 1357
766 1357
767 1357
768 1358
769 1357
770 1356
771 1358
772 1358
773 1356
774 1357
775 1358
776 1355
777 1357
778 1356
779 1356
780 1356
781 1357
782 1352
783 1356
784 1355
785 1356
786 1355
787 1356
788 1358
789 1357
790 1356
791 1353
792 1354
793 1355
794 1355
795 1356
796 1356
797 1355
798 1353
799 1354
800 1358
801 1358
802 1358
803 1354
804 1355
805 1356
806 1356
807 1355
808 1356
809 1354
810 1357
811 1356
812 1356
813 1357
814 1356
815 1357
816 1356
817 1358
818 1357
819 1357
820 1357
821 1351
822 1356
823 1354
824 1355
825 1356
826 1358
827 1357
828 1357
829 1358
830 1356
831 1355
832 1356
833 1356
834 1357
835 1359
836 1358
837 1357
838 1358
839 1354
840 1354
841 1354
842 1355
843 1357
844 1355
845 1356
846 1357
847 1356
848 1359
849 1356
850 1356
851 1357
852 1356
853 1354
854 1357
855 1357
856 1356
857 1357
858 1358
859 1354
860 1358
861 1357
862 1357
863 1357
864 1353
865 1357
866 1356
867 1357
868 1354
869 1357
870 1356
871 1355
872 1358
873 1356
874 1356
875 1356
876 1358
877 1355
878 1357
879 1356
880 1357
881 1354
882 1353
883 1357
884 1357
885 1356
886 1356
887 1355
888 1358
889 1357
890 1358
891 1358
892 1358
893 1357
894 1355
895 1358
896 1355
897 1356
898 1356
899 1357
900 1354
901 1357
902 1355
903 1356
904 1357
905 1358
906 1355
907 1355
908 1354
909 1358
910 1356
911 1358
912 1354
913 1356
914 1356
915 1357
916 1356
917 1356
918 1353
919 1357
920 1354
921 1353
922 1355
923 1357
924 1358
925 1361
926 1356
927 1357
928 1357
929 1357
930 1356
931 1357
932 1355
933 1358
934 1355
935 1356
936 1357
937 1356
938 1355
939 1355
940 1354
941 1357
942 1354
943 1354
944 1353
945 1357
946 1357
947 1358
948 1357
949 1357
950 1356
951 1356
952 1355
953 1357
954 1357
955 1357
956 1356
957 1356
958 1357
959 1358
960 1356
961 1357
962 1357
963 1356
964 1354
965 1356
966 1354
967 1356
968 1356
969 1356
970 1356
971 1354
972 1353
973 1355
974 1356
975 1358
976 1357
977 1358
978 1356
979 1357
980 1358
981 1356
982 1356
983 1358
984 1356
985 1356
986 1356
987 1356
988 1357
989 1358
990 1358
991 1355
992 1355
993 1357
994 1357
995 1357
996 1352
997 1359
998 1356
999 1357
1000 1356
1001 1358
1002 1355
1003 1356
1004 1357
1005 1356
1006 1357
1007 1355
1008 1358
1009 1356
1010 1356
1011 1357
1012 1357
1013 1357
1014 1356
1015 1357
1016 1356
1017 1357
1018 1356
1019 1355
1020 1355
1021 1357
1022 1356
1023 1356
1024 1357
1025 1355
1026 1355
1027 1351
1028 1356
1029 1355
1030 1356
1031 1356
1032 1355
1033 1354
1034 1355
1035 1355
1036 1353
1037 1355
1038 1356
1039 1357
1040 1354
1041 1356
1042 1354
1043 1357
1044 1356
1045 1355
1046 1356
1047 1354
1048 1355
1049 1357
1050 1357
1051 1355
1052 1356
1053 1357
1054 1356
1055 1355
1056 1354
1057 1354
1058 1355
1059 1354
1060 1354
1061 1357
1062 1356
1063 1355
1064 1356
1065 1353
1066 1354
1067 1356
1068 1356
1069 1351
1070 1354
1071 1357
1072 1357
1073 1356
1074 1355
1075 1356
1076 1357
1077 1357
1078 1355
1079 1354
1080 1354
1081 1356
1082 1355
1083 1358
1084 1357
1085 1354
1086 1353
1087 1353
1088 1354
1089 1355
1090 1356
1091 1355
1092 1354
1093 1353
1094 1354
1095 1355
1096 1356
1097 1357
1098 1356
1099 1358
1100 1356
1101 1357
1102 1354
1103 1355
1104 1357
1105 1358
1106 1356
1107 1355
1108 1357
1109 1352
1110 1357
1111 1356
1112 1354
1113 1354
1114 1356
1115 1355
1116 1355
1117 1355
1118 1355
1119 1357
1120 1354
1121 1356
1122 1355
1123 1354
1124 1355
1125 1355
1126 1355
1127 1359
1128 1356
1129 1356
1130 1356
1131 1355
1132 1357
1133 1355
1134 1356
1135 1354
1136 1355
1137 1356
1138 1355
1139 1355
1140 1354
1141 1355
1142 1356
1143 1356
1144 1353
1145 1355
1146 1356
1147 1357
1148 1354
1149 1355
1150 1357
1151 1357
1152 1354
1153 1358
1154 1354
1155 1359
1156 1354
1157 1356
1158 1355
1159 1357
1160 1353
1161 1356
1162 1356
1163 1353
1164 1356
1165 1359
1166 1356
1167 1357
1168 1356
1169 1357
1170 1355
1171 1354
1172 1354
1173 1355
1174 1358
1175 1358
1176 1357
1177 1357
1178 1357
1179 1355
1180 1354
1181 1354
1182 1356
1183 1355
1184 1356
1185 1354
1186 1351
1187 1352
1188 1358
1189 1357
1190 1357
1191 1353
1192 1355
1193 1357
1194 1354
1195 1356
1196 1356
1197 1356
1198 1355
1199 1354
1200 1356
1201 1354
1202 1354
1203 1356
1204 1356
1205 1358
1206 1355
1207 1354
1208 1353
1209 1357
1210 1356
1211 1358
1212 1352
1213 1355
1214 1354
1215 1353
1216 1356
1217 1356
1218 1356
1219 1357
1220 1356
1221 1357
1222 1353
1223 1355
1224 1353
1225 1357
1226 1355
1227 1358
1228 1352
1229 1356
1230 1354
1231 1356
1232 1355
1233 1357
1234 1354
1235 1357
1236 1354
1237 1357
1238 1355
1239 1355
1240 1356
1241 1354
1242 1355
1243 1355
1244 1354
1245 1355
1246 1358
1247 1357
1248 1354
1249 1355
1250 1356
1251 1359
1252 1356
1253 1356
1254 1357
1255 1356
1256 1356
1257 1357
1258 1355
1259 1357
1260 1354
1261 1356
1262 1356
1263 1358
1264 1356
1265 1357
1266 1353
1267 1357
1268 1356
1269 1357
1270 1355
1271 1356
1272 1358
1273 1356
1274 1356
1275 1357
1276 1356
1277 1355
1278 1353
1279 1356
1280 1356
1281 1356
1282 1355
1283 1356
1284 1354
1285 1356
1286 1355
1287 1354
1288 1356
1289 1356
1290 1358
1291 1356
1292 1356
1293 1357
1294 1356
1295 1355
1296 1355
1297 1356
1298 1355
1299 1355
1300 1354
1301 1353
1302 1357
1303 1357
1304 1353
1305 1355
1306 1355
1307 1357
1308 1355
1309 1355
1310 1355
1311 1355
1312 1352
1313 1355
1314 1354
1315 1358
1316 1357
1317 1360
1318 1357
1319 1356
1320 1355
1321 1356
1322 1356
1323 1356
1324 1356
1325 1356
1326 1354
1327 1356
1328 1356
1329 1355
1330 1353
1331 1355
1332 1354
1333 1355
1334 1355
1335 1353
1336 1353
1337 1354
1338 1357
1339 1353
1340 1356
1341 1355
1342 1356
1343 1356
1344 1358
1345 1355
1346 1355
1347 1355
1348 1356
1349 1354
1350 1355
1351 1357
1352 1355
1353 1353
1354 1356
1355 1356
1356 1358
1357 1356
1358 1355
1359 1354
1360 1353
1361 1356
1362 1358
1363 1356
1364 1356
1365 1356
1366 1355
1367 1356
1368 1353
1369 1355
1370 1356
1371 1354
1372 1356
1373 1356
1374 1354
1375 1352
1376 1356
1377 1356
1378 1357
1379 1353
1380 1356
1381 1354
1382 1353
1383 1358
1384 1356
1385 1355
1386 1356
1387 1353
1388 1355
1389 1357
1390 1357
1391 1356
1392 1354
1393 1356
1394 1354
1395 1357
1396 1355
1397 1356
1398 1357
1399 1355
1400 1356
1401 1355
1402 1357
1403 1355
1404 1359
1405 1358
1406 1360
1407 1357
1408 1357
1409 1357
1410 1357
1411 1357
1412 1356
1413 1355
1414 1353
1415 1356
1416 1356
1417 1358
1418 1358
1419 1355
1420 1356
1421 1355
1422 1356
1423 1357
1424 1356
1425 1357
1426 1356
1427 1359
1428 1356
1429 1356
1430 1354
1431 1357
1432 1354
1433 1358
1434 1356
1435 1357
1436 1356
1437 1358
1438 1359
1439 1357
1440 1352
1441 1354
1442 1354
1443 1355
1444 1358
1445 1354
1446 1357
1447 1357
1448 1357
1449 1357
1450 1355
1451 1358
1452 1356
1453 1352
1454 1355
1455 1359
1456 1358
1457 1357
1458 1355
1459 1355
1460 1358
1461 1358
1462 1357
1463 1356
1464 1357
1465 1357
1466 1356
1467 1356
1468 1356
1469 1359
1470 1357
1471 1356
1472 1354
1473 1358
1474 1356
1475 1361
1476 1357
1477 1357
1478 1359
1479 1357
1480 1353
1481 1355
1482 1353
1483 1356
1484 1357
1485 1358
1486 1356
1487 1358
1488 1358
1489 1355
1490 1356
1491 1358
1492 1356
1493 1357
1494 1355
1495 1359
1496 1356
1497 1359
1498 1357
1499 1356
1500 1358
1501 1358
1502 1356
1503 1355
1504 1357
1505 1356
1506 1355
1507 1357
1508 1355
1509 1355
1510 1359
1511 1356
1512 1357
1513 1355
1514 1356
1515 1358
1516 1358
1517 1357
1518 1355
1519 1356
1520 1356
1521 1353
1522 1357
1523 1353
1524 1356
1525 1355
1526 1358
1527 1356
1528 1357
1529 1359
1530 1358
1531 1359
1532 1358
1533 1356
1534 1357
1535 1356
1536 1358
1537 1357
1538 1357
1539 1357
1540 1357
1541 1357
1542 1356
1543 1358
1544 1355
1545 1357
1546 1354
1547 1357
1548 1358
1549 1357
1550 1355
1551 1358
1552 1354
1553 1357
1554 1355
1555 1357
1556 1356
1557 1356
1558 1357
1559 1358
1560 1358
1561 1357
1562 1355
1563 1353
1564 1356
1565 1359
1566 1357
1567 1354
1568 1357
1569 1355
1570 1356
1571 1355
1572 1353
1573 1357
1574 1356
1575 1356
1576 1357
1577 1357
1578 1357
1579 1359
1580 1355
1581 1355
1582 1357
1583 1356
1584 1358
1585 1358
1586 1357
1587 1355
1588 1354
1589 1357
1590 1357
1591 1359
1592 1358
1593 1358
1594 1359
1595 1358
1596 1356
1597 1358
1598 1356
1599 1357
1600 1353
1601 1355
1602 1357
1603 1352
1604 1354
1605 1353
1606 1356
1607 1355
1608 1356
1609 1357
1610 1356
1611 1357
1612 1356
1613 1355
1614 1356
1615 1354
1616 1357
1617 1356
1618 1357
1619 1354
1620 1356
1621 1358
1622 1355
1623 1359
1624 1356
1625 1359
1626 1356
1627 1359
1628 1357
1629 1356
1630 1353
1631 1359
1632 1354
1633 1356
1634 1358
1635 1359
1636 1356
1637 1357
1638 1355
1639 1356
1640 1355
1641 1357
1642 1355
1643 1357
1644 1357
1645 1357
1646 1355
1647 1356
1648 1357
1649 1357
1650 1355
1651 1357
1652 1356
1653 1357
1654 1357
1655 1359
1656 1356
1657 1359
1658 1357
1659 1357
1660 1356
1661 1359
1662 1356
1663 1356
1664 1357
1665 1357
1666 1354
1667 1355
1668 1356
1669 1356
1670 1353
1671 1354
1672 1357
1673 1357
1674 1356
1675 1359
1676 1357
1677 1358
1678 1356
1679 1355
1680 1355
1681 1359
1682 1356
1683 1358
1684 1358
1685 1354
1686 1356
1687 1357
1688 1353
1689 1358
1690 1355
1691 1356
1692 1356
1693 1356
1694 1356
1695 1356
1696 1356
1697 1356
1698 1357
1699 1357
1700 1357
1701 1357
1702 1356
1703 1360
1704 1355
1705 1357
1706 1356
1707 1357
1708 1355
1709 1357
1710 1356
1711 1357
1712 1355
1713 1356
1714 1354
1715 1353
1716 1356
1717 1356
1718 1358
1719 1356
1720 1358
1721 1357
1722 1356
1723 1357
1724 1355
1725 1355
1726 1354
1727 1355
1728 1355
1729 1355
1730 1352
1731 1353
1732 1354
1733 1356
1734 1356
1735 1356
1736 1356
1737 1356
1738 1355
1739 1355
1740 1357
1741 1356
1742 1355
1743 1355
1744 1355
1745 1356
1746 1356
1747 1355
1748 1355
1749 1355
1750 1357
1751 1355
1752 1355
1753 1357
1754 1358
1755 1356
1756 1354
1757 1354
1758 1356
1759 1356
1760 1357
1761 1353
1762 1354
1763 1355
1764 1355
1765 1353
1766 1355
1767 1357
1768 1357
1769 1358
1770 1357
1771 1355
1772 1356
1773 1358
1774 1357
1775 1355
1776 1357
1777 1356
1778 1356
1779 1357
1780 1356
1781 1354
1782 1354
1783 1354
1784 1355
1785 1355
1786 1355
1787 1356
1788 1356
1789 1353
1790 1356
1791 1355
1792 1354
1793 1356
1794 1355
1795 1355
1796 1355
1797 1356
1798 1355
1799 1356
1800 1353
1801 1354
1802 1354
1803 1354
1804 1354
1805 1356
1806 1357
1807 1356
1808 1357
1809 1355
1810 1355
1811 1355
1812 1357
1813 1358
1814 1356
1815 1358
1816 1357
1817 1357
1818 1356
1819 1356
1820 1356
1821 1353
1822 1353
1823 1355
1824 1356
1825 1355
1826 1355
1827 1356
1828 1353
1829 1352
1830 1355
1831 1358
1832 1355
1833 1357
1834 1356
1835 1356
1836 1357
1837 1355
1838 1356
1839 1354
1840 1356
1841 1356
1842 1356
1843 1357
1844 1357
1845 1355
1846 1354
1847 1354
1848 1353
1849 1353
1850 1353
1851 1353
1852 1357
1853 1355
1854 1357
1855 1359
1856 1356
1857 1355
1858 1355
1859 1355
1860 1354
1861 1356
1862 1356
1863 1354
1864 1356
1865 1356
1866 1355
1867 1357
1868 1358
1869 1355
1870 1356
1871 1355
1872 1356
1873 1355
1874 1357
1875 1357
1876 1354
1877 1354
1878 1354
1879 1355
1880 1355
1881 1352
1882 1354
1883 1356
1884 1353
1885 1355
1886 1356
1887 1355
1888 1355
1889 1354
1890 1357
1891 1354
1892 1352
1893 1355
1894 1354
1895 1356
1896 1354
1897 1355
1898 1355
1899 1356
1900 1354
1901 1356
1902 1356
1903 1355
1904 1354
1905 1358
1906 1355
1907 1356
1908 1355
1909 1354
1910 1354
1911 1357
1912 1355
1913 1354
1914 1354
1915 1354
1916 1358
1917 1355
1918 1353
1919 1353
1920 1356
1921 1356
1922 1356
1923 1355
1924 1355
1925 1356
1926 1356
1927 1353
1928 1358
1929 1357
1930 1359
1931 1357
1932 1353
1933 1355
1934 1354
1935 1356
1936 1358
1937 1357
1938 1360
1939 1357
1940 1356
1941 1355
1942 1354
1943 1354
1944 1354
1945 1357
1946 1356
1947 1357
1948 1359
1949 1358
1950 1356
1951 1357
1952 1356
1953 1356
1954 1355
1955 1357
1956 1357
1957 1357
1958 1359
1959 1354
1960 1357
1961 1357
1962 1356
1963 1356
1964 1355
1965 1356
1966 1355
1967 1353
1968 1355
1969 1356
1970 1356
1971 1356
1972 1354
1973 1355
1974 1354
1975 1356
1976 1356
1977 1356
1978 1356
1979 1357
1980 1358
1981 1358
1982 1357
1983 1357
1984 1356
1985 1357
1986 1356
1987 1356
1988 1357
1989 1356
1990 1356
1991 1355
1992 1356
1993 1355
1994 1356
1995 1356
1996 1353
1997 1357
1998 1356
1999 1355
2000 1357
2001 1356
2002 1356
2003 1355
2004 1355
2005 1354
2006 1356
2007 1356
2008 1355
2009 1353
2010 1355
2011 1355
2012 1356
2013 1358
2014 1359
2015 1357
2016 1355
2017 1354
2018 1355
2019 1355
2020 1355
2021 1355
2022 1359
2023 1356
2024 1356
2025 1356
2026 1359
2027 1357
2028 1355
2029 1354
2030 1356
2031 1353
2032 1356
2033 1357
2034 1355
2035 1354
2036 1355
2037 1354
2038 1356
2039 1353
2040 1355
2041 1356
2042 1356
2043 1356
2044 1356
2045 1354
2046 1357
2047 1356
2048 1355
2049 1355
2050 1357
2051 1358
2052 1355
2053 1353
2054 1358
2055 1356
2056 1360
2057 1355
2058 1354
2059 1352
2060 1356
2061 1354
2062 1357
2063 1353
2064 1357
2065 1353
2066 1355
2067 1354
2068 1356
2069 1355
2070 1355
2071 1354
2072 1355
2073 1355
2074 1359
2075 1359
2076 1358
2077 1358
2078 1357
2079 1355
2080 1356
2081 1357
2082 1357
2083 1356
2084 1356
2085 1356
2086 1353
2087 1355
2088 1357
2089 1353
2090 1357
2091 1357
2092 1358
2093 1355
2094 1357
2095 1352
2096 1354
2097 1354
2098 1354
2099 1357
2100 1355
2101 1355
2102 1356
2103 1355
2104 1355
2105 1357
2106 1355
2107 1355
2108 1355
2109 1356
2110 1354
2111 1354
2112 1353
2113 1357
2114 1356
2115 1354
2116 1358
2117 1357
2118 1356
2119 1355
2120 1359
2121 1357
2122 1356
2123 1356
2124 1354
2125 1353
2126 1355
2127 1357
2128 1355
2129 1354
2130 1354
2131 1357
2132 1357
2133 1354
2134 1359
2135 1356
2136 1354
2137 1356
2138 1354
2139 1356
2140 1356
2141 1356
2142 1356
2143 1357
2144 1355
2145 1357
2146 1360
2147 1358
2148 1357
2149 1354
2150 1356
2151 1358
2152 1357
2153 1354
2154 1357
2155 1354
2156 1356
2157 1355
2158 1356
2159 1352
2160 1357
2161 1353
2162 1356
2163 1356
2164 1357
2165 1354
2166 1355
2167 1355
2168 1355
2169 1355
2170 1357
2171 1356
2172 1357
2173 1358
2174 1357
2175 1353
2176 1356
2177 1355
2178 1358
2179 1358
2180 1355
2181 1357
2182 1356
2183 1356
2184 1353
2185 1357
2186 1354
2187 1356
2188 1352
2189 1357
2190 1357
2191 1355
2192 1355
2193 1354
2194 1354
2195 1355
2196 1355
2197 1356
2198 1358
2199 1357
2200 1357
2201 1353
2202 1356
2203 1354
2204 1353
2205 1356
2206 1356
2207 1353
2208 1358
2209 1356
2210 1356
2211 1356
2212 1356
2213 1358
2214 1358
2215 1354
2216 1354
2217 1355
2218 1354
2219 1356
2220 1357
2221 1354
2222 1356
2223 1357
2224 1355
2225 1355
2226 1356
2227 1357
2228 1357
2229 1354
2230 1355
2231 1354
2232 1355
2233 1353
2234 1355
2235 1357
2236 1359
2237 1356
2238 1359
2239 1357
2240 1358
2241 1355
2242 1354
2243 1355
2244 1355
2245 1354
2246 1355
2247 1356
2248 1355
2249 1355
2250 1356
2251 1355
2252 1357
2253 1352
2254 1355
2255 1356
2256 1355
2257 1354
2258 1356
2259 1356
2260 1357
2261 1357
2262 1356
2263 1356
2264 1355
2265 1357
2266 1357
2267 1357
2268 1357
2269 1358
2270 1355
2271 1356
2272 1353
2273 1356
2274 1356
2275 1354
2276 1356
2277 1354
2278 1355
2279 1354
2280 1356
2281 1356
2282 1355
2283 1351
2284 1354
2285 1355
2286 1356
2287 1353
2288 1354
2289 1356
2290 1356
2291 1356
2292 1355
2293 1354
2294 1357
2295 1355
2296 1354
2297 1356
2298 1358
2299 1358
2300 1359
2301 1355
2302 1356
2303 1357
2304 1356
2305 1353
2306 1354
2307 1354
2308 1355
2309 1355
2310 1354
2311 1356
2312 1356
2313 1357
2314 1356
2315 1358
2316 1355
2317 1360
2318 1356
2319 1357
2320 1355
2321 1357
2322 1357
2323 1356
2324 1356
2325 1354
2326 1356
2327 1356
2328 1358
2329 1357
2330 1355
2331 1357
2332 1355
2333 1353
2334 1352
2335 1359
2336 1355
2337 1358
2338 1357
2339 1359
2340 1357
2341 1355
2342 1355
2343 1357
2344 1358
2345 1356
2346 1357
2347 1355
2348 1357
2349 1354
2350 1357
2351 1359
2352 1357
2353 1353
2354 1356
2355 1355
2356 1356
2357 1358
2358 1354
2359 1357
2360 1355
2361 1357
2362 1355
2363 1355
2364 1354
2365 1357
2366 1358
2367 1358
2368 1358
2369 1356
2370 1355
2371 1356
2372 1355
2373 1358
2374 1356
2375 1355
2376 1356
2377 1356
2378 1356
2379 1357
2380 1358
2381 1355
2382 1356
2383 1353
2384 1357
2385 1354
2386 1357
2387 1355
2388 1359
2389 1356
2390 1355
2391 1356
2392 1355
2393 1356
2394 1355
2395 1357
2396 1357
2397 1357
2398 1357
2399 1355
2400 1356
2401 1356
2402 1355
2403 1355
2404 1357
2405 1356
2406 1357
2407 1355
2408 1358
2409 1357
2410 1356
2411 1355
2412 1355
2413 1355
2414 1356
2415 1356
2416 1359
2417 1358
2418 1356
2419 1357
2420 1355
2421 1356
2422 1355
2423 1354
2424 1354
2425 1355
2426 1359
2427 1355
2428 1357
2429 1355
2430 1356
2431 1355
2432 1355
2433 1356
2434 1356
2435 1356
2436 1358
2437 1357
2438 1358
2439 1357
2440 1355
2441 1355
2442 1354
2443 1355
2444 1355
2445 1357
2446 1356
2447 1356
2448 1357
2449 1357
2450 1360
2451 1357
2452 1356
2453 1357
2454 1357
2455 1358
2456 1356
2457 1356
2458 1358
2459 1355
2460 1356
2461 1357
2462 1357
2463 1353
2464 1354
2465 1358
2466 1356
2467 1355
2468 1354
2469 1354
2470 1356
2471 1357
2472 1355
2473 1355
2474 1355
2475 1357
2476 1355
2477 1355
2478 1353
2479 1356
2480 1356
2481 1356
2482 1357
2483 1354
2484 1354
2485 1352
2486 1355
2487 1355
2488 1355
2489 1357
2490 1355
2491 1355
2492 1357
2493 1357
2494 1356
2495 1358
2496 1356
2497 1358
2498 1356
2499 1356
2500 1356
2501 1355
2502 1358
2503 1357
2504 1357
2505 1359
2506 1358
2507 1357
2508 1356
2509 1356
2510 1356
2511 1356
2512 1356
2513 1356
2514 1356
2515 1357
2516 1356
2517 1355
2518 1357
2519 1356
2520 1354
2521 1353
2522 1354
2523 1355
2524 1356
2525 1356
2526 1354
2527 1355
2528 1356
2529 1355
2530 1356
2531 1357
2532 1355
2533 1356
2534 1354
2535 1356
2536 1358
2537 1357
2538 1355
2539 1357
2540 1358
2541 1356
2542 1357
2543 1355
2544 1357
2545 1356
2546 1357
2547 1355
2548 1356
2549 1355
2550 1352
2551 1354
2552 1355
2553 1354
2554 1352
2555 1355
2556 1356
2557 1356
2558 1356
2559 1355
2560 1355
2561 1357
2562 1355
2563 1355
2564 1356
2565 1354
2566 1357
2567 1354
2568 1355
2569 1356
2570 1357
2571 1354
2572 1359
2573 1355
2574 1356
2575 1356
2576 1356
2577 1357
2578 1356
2579 1356
2580 1353
2581 1352
2582 1356
2583 1357
2584 1354
2585 1355
2586 1355
2587 1357
2588 1354
2589 1356
2590 1356
2591 1357
2592 1357
2593 1357
2594 1356
2595 1358
2596 1355
2597 1358
2598 1359
2599 1356
2600 1356
2601 1357
2602 1356
2603 1355
2604 1357
2605 1357
2606 1358
2607 1354
2608 1353
2609 1356
2610 1355
2611 1355
2612 1356
2613 1356
2614 1353
2615 1354
2616 1356
2617 1354
2618 1355
2619 1354
2620 1356
2621 1355
2622 1355
2623 1354
2624 1354
2625 1353
2626 1356
2627 1354
2628 1357
2629 1357
2630 1356
2631 1354
2632 1357
2633 1357
2634 1358
2635 1357
2636 1356
2637 1355
2638 1357
2639 1355
2640 1356
2641 1353
2642 1358
2643 1354
2644 1357
2645 1356
2646 1356
2647 1358
2648 1354
2649 1354
2650 1353
2651 1355
2652 1355
2653 1355
2654 1354
2655 1350
2656 1354
2657 1356
2658 1355
2659 1352
2660 1355
2661 1355
2662 1356
2663 1356
2664 1355
2665 1355
2666 1355
2667 1357
2668 1355
2669 1354
2670 1355
2671 1352
2672 1354
2673 1354
2674 1355
2675 1356
2676 1356
2677 1357
2678 1357
2679 1356
2680 1354
2681 1354
2682 1357
2683 1357
2684 1355
2685 1352
2686 1354
2687 1355
2688 1355
2689 1356
2690 1355
2691 1357
2692 1357
2693 1353
2694 1355
2695 1354
2696 1356
2697 1356
2698 1355
2699 1356
2700 1357
2701 1356
2702 1354
2703 1355
2704 1353
2705 1357
2706 1353
2707 1357
2708 1353
2709 1355
2710 1357
2711 1354
2712 1355
2713 1355
2714 1356
2715 1355
2716 1357
2717 1355
2718 1356
2719 1355
2720 1359
2721 1355
2722 1357
2723 1357
2724 1359
2725 1355
2726 1356
2727 1355
2728 1356
2729 1354
2730 1357
2731 1354
2732 1353
2733 1355
2734 1357
2735 1358
2736 1357
2737 1358
2738 1356
2739 1357
2740 1355
2741 1354
2742 1356
2743 1354
2744 1355
2745 1357
2746 1355
2747 1358
2748 1356
2749 1354
2750 1357
2751 1357
2752 1356
2753 1357
2754 1358
2755 1357
2756 1356
2757 1355
2758 1356
2759 1356
2760 1357
2761 1356
2762 1356
2763 1354
2764 1356
2765 1357
2766 1354
2767 1356
2768 1356
2769 1353
2770 1356
2771 1356
2772 1355
2773 1354
2774 1357
2775 1355
2776 1359
2777 1357
2778 1356
2779 1359
2780 1358
2781 1355
2782 1357
2783 1357
2784 1355
2785 1356
2786 1355
2787 1359
2788 1357
2789 1356
2790 1356
2791 1355
2792 1359
2793 1356
2794 1357
2795 1357
2796 1358
2797 1357
2798 1356
2799 1355
2800 1354
2801 1356
2802 1357
2803 1356
2804 1353
2805 1355
2806 1356
2807 1356
2808 1358
2809 1356
2810 1356
2811 1355
2812 1356
2813 1357
2814 1356
2815 1357
2816 1355
2817 1356
2818 1355
2819 1356
2820 1356
2821 1357
2822 1355
2823 1358
2824 1356
2825 1359
2826 1356
2827 1357
2828 1355
2829 1354
2830 1356
2831 1355
2832 1357
2833 1356
2834 1359
2835 1355
2836 1356
2837 1355
2838 1357
2839 1356
2840 1357
2841 1356
2842 1356
2843 1360
2844 1357
2845 1356
2846 1356
2847 1357
2848 1358
2849 1356
2850 1359
2851 1357
2852 1356
2853 1357
2854 1356
2855 1357
2856 1356
2857 1356
2858 1358
2859 1355
2860 1358
2861 1357
2862 1359
2863 1357
2864 1357
2865 1357
2866 1357
2867 1355
2868 1357
2869 1354
2870 1357
2871 1355
2872 1356
2873 1357
2874 1358
2875 1359
2876 1358
2877 1353
2878 1356
2879 1356
2880 1358
2881 1354
2882 1354
2883 1356
2884 1355
2885 1355
2886 1356
2887 1357
2888 1356
2889 1354
2890 1358
2891 1357
2892 1357
2893 1357
2894 1355
2895 1356
2896 1355
2897 1355
2898 1355
2899 1356
2900 1356
2901 1357
2902 1356
2903 1357
2904 1354
2905 1356
2906 1354
2907 1356
2908 1361
2909 1356
2910 1355
2911 1357
2912 1356
2913 1359
2914 1357
2915 1358
2916 1356
2917 1355
2918 1357
2919 1354
2920 1353
2921 1356
2922 1353
2923 1356
2924 1357
2925 1355
2926 1356
2927 1357
2928 1356
2929 1356
2930 1354
2931 1357
2932 1356
2933 1356
2934 1357
2935 1356
2936 1357
2937 1357
2938 1358
2939 1359
2940 1357
2941 1358
2942 1357
2943 1355
2944 1356
2945 1360
2946 1358
2947 1357
2948 1355
2949 1356
2950 1358
2951 1356
2952 1357
2953 1355
2954 1355
2955 1356
2956 1355
2957 1356
2958 1353
2959 1353
2960 1356
2961 1358
2962 1356
2963 1357
2964 1355
2965 1356
2966 1357
2967 1356
2968 1355
2969 1359
2970 1358
2971 1358
2972 1356
2973 1358
2974 1356
2975 1354
2976 1357
2977 1356
2978 1356
2979 1356
2980 1355
2981 1353
2982 1353
2983 1354
2984 1354
2985 1353
2986 1354
2987 1357
2988 1357
2989 1357
2990 1356
2991 1356
2992 1357
2993 1356
2994 1356
2995 1358
2996 1355
2997 1356
2998 1354
2999 1357
3000 1355
3001 1355
3002 1356
3003 1356
3004 1355
3005 1357
3006 1355
3007 1357
3008 1355
3009 1357
3010 1357
3011 1356
3012 1353
3013 1356
3014 1355
3015 1355
3016 1355
3017 1354
3018 1356
3019 1357
3020 1354
3021 1357
3022 1356
3023 1357
3024 1355
3025 1356
3026 1356
3027 1355
3028 1354
3029 1357
3030 1354
3031 1356
3032 1356
3033 1357
3034 1356
3035 1354
3036 1359
3037 1355
3038 1358
3039 1353
3040 1355
3041 1355
3042 1357
3043 1357
3044 1354
3045 1357
3046 1357
3047 1356
3048 1357
3049 1357
3050 1356
3051 1358
3052 1357
3053 1356
3054 1356
3055 1357
3056 1355
3057 1357
3058 1356
3059 1358
3060 1356
3061 1356
3062 1356
3063 1358
3064 1355
3065 1359
3066 1357
3067 1356
3068 1355
3069 1354
3070 1353
3071 1357
3072 1352
3073 1355
3074 1356
3075 1357
3076 1357
3077 1357
3078 1356
3079 1356
3080 1356
3081 1355
3082 1359
3083 1355
3084 1356
3085 1355
3086 1357
3087 1355
3088 1355
3089 1355
3090 1356
3091 1357
3092 1357
3093 1358
3094 1357
3095 1356
3096 1355
3097 1356
3098 1355
3099 1357
3100 1356
3101 1356
3102 1356
3103 1355
3104 1354
3105 1354
3106 1353
3107 1356
3108 1354
3109 1357
3110 1358
3111 1357
3112 1354
3113 1357
3114 1355
3115 1355
3116 1355
3117 1356
3118 1355
3119 1357
3120 1358
3121 1358
3122 1354
3123 1354
3124 1356
3125 1356
3126 1357
3127 1353
3128 1353
3129 1357
3130 1356
3131 1360
3132 1353
3133 1359
3134 1357
3135 1355
3136 1353
3137 1355
3138 1356
3139 1359
3140 1351
3141 1355
3142 1355
3143 1356
3144 1354
3145 1357
3146 1354
3147 1356
3148 1355
3149 1357
3150 1351
3151 1355
3152 1355
3153 1355
3154 1356
3155 1355
3156 1356
3157 1356
3158 1356
3159 1353
3160 1355
3161 1352
3162 1355
3163 1354
3164 1355
3165 1357
3166 1354
3167 1353
3168 1355
3169 1354
3170 1355
3171 1356
3172 1357
3173 1356
3174 1358
3175 1356
3176 1356
3177 1355
3178 1354
3179 1356
3180 1357
3181 1354
3182 1355
3183 1354
3184 1355
3185 1355
3186 1356
3187 1351
3188 1351
3189 1356
3190 1358
3191 1355
3192 1355
3193 1353
3194 1351
3195 1354
3196 1355
3197 1356
3198 1355
3199 1353
3200 1351
3201 1354
3202 1356
3203 1361
3204 1356
3205 1357
3206 1356
3207 1354
3208 1356
3209 1354
3210 1355
3211 1356
3212 1357
3213 1357
3214 1358
3215 1357
3216 1357
3217 1357
3218 1355
3219 1357
3220 1357
3221 1357
3222 1356
3223 1357
3224 1353
3225 1357
3226 1354
3227 1355
3228 1354
3229 1356
3230 1354
3231 1354
3232 1354
3233 1354
3234 1355
3235 1356
3236 1354
3237 1356
3238 1355
3239 1357
3240 1356
3241 1357
3242 1357
3243 1357
3244 1357
3245 1354
3246 1356
3247 1357
3248 1352
3249 1357
3250 1355
3251 1355
3252 1354
3253 1357
3254 1358
3255 1356
3256 1355
3257 1353
3258 1356
3259 1357
3260 1355
3261 1357
3262 1355
3263 1357
3264 1356
3265 1357
3266 1358
3267 1359
3268 1354
3269 1357
3270 1355
3271 1357
3272 1356
3273 1359
3274 1358
3275 1355
3276 1357
3277 1357
3278 1356
3279 1357
3280 1353
3281 1355
3282 1358
3283 1356
3284 1356
3285 1356
3286 1356
3287 1355
3288 1356
3289 1355
3290 1357
3291 1354
3292 1357
3293 1356
3294 1357
3295 1357
3296 1356
3297 1357
3298 1356
3299 1357
3300 1358
3301 1356
3302 1357
3303 1355
3304 1357
3305 1357
3306 1355
3307 1357
3308 1354
3309 1354
3310 1356
3311 1355
3312 1357
3313 1355
3314 1354
3315 1356
3316 1355
3317 1354
3318 1353
3319 1354
3320 1355
3321 1355
3322 1356
3323 1357
3324 1356
3325 1357
3326 1357
3327 1357
3328 1356
3329 1354
3330 1357
3331 1358
3332 1358
3333 1355
3334 1354
3335 1356
3336 1357
3337 1354
3338 1358
3339 1355
3340 1356
3341 1357
3342 1356
3343 1355
3344 1358
3345 1356
3346 1356
3347 1354
3348 1352
3349 1355
3350 1355
3351 1356
3352 1354
3353 1353
3354 1356
3355 1357
3356 1356
3357 1358
3358 1357
3359 1356
3360 1356
3361 1355
3362 1354
3363 1358
3364 1357
3365 1357
3366 1358
3367 1357
3368 1354
3369 1357
3370 1355
3371 1357
3372 1356
3373 1356
3374 1355
3375 1360
3376 1355
3377 1355
3378 1355
3379 1357
3380 1356
3381 1356
3382 1357
3383 1357
3384 1356
3385 1357
3386 1357
3387 1357
3388 1354
3389 1357
3390 1355
3391 1357
3392 1356
3393 1355
3394 1354
3395 1355
3396 1356
3397 1358
3398 1354
3399 1352
3400 1355
3401 1355
3402 1355
3403 1354
3404 1355
3405 1357
3406 1354
3407 1355
3408 1355
3409 1357
3410 1356
3411 1356
3412 1355
3413 1356
3414 1357
3415 1354
3416 1357
3417 1357
3418 1355
3419 1356
3420 1356
3421 1354
3422 1354
3423 1357
3424 1355
3425 1358
3426 1354
3427 1355
3428 1358
3429 1356
3430 1356
3431 1356
3432 1356
3433 1356
3434 1357
3435 1357
3436 1356
3437 1353
3438 1357
3439 1354
3440 1357
3441 1356
3442 1356
3443 1356
3444 1355
3445 1354
3446 1355
3447 1357
3448 1357
3449 1355
3450 1355
3451 1354
3452 1356
3453 1355
3454 1357
3455 1357
3456 1357
3457 1355
3458 1357
3459 1354
3460 1356
3461 1355
3462 1352
3463 1356
3464 1353
3465 1353
3466 1355
3467 1358
3468 1353
3469 1353
3470 1354
3471 1354
3472 1356
3473 1356
3474 1353
3475 1355
3476 1357
3477 1356
3478 1357
3479 1356
3480 1358
3481 1356
3482 1357
3483 1354
3484 1356
3485 1356
3486 1358
3487 1357
3488 1356
3489 1355
3490 1357
3491 1357
3492 1355
3493 1355
3494 1355
3495 1357
3496 1355
3497 1351
3498 1355
3499 1355
3500 1355
3501 1355
3502 1355
3503 1357
3504 1355
3505 1354
3506 1356
3507 1355
3508 1355
3509 1357
3510 1354
3511 1357
3512 1356
3513 1358
3514 1353
3515 1354
3516 1356
3517 1355
3518 1354
3519 1356
3520 1355
3521 1357
3522 1355
3523 1356
3524 1356
3525 1357
3526 1357
3527 1359
3528 1353
3529 1357
3530 1354
3531 1355
3532 1353
3533 1356
3534 1354
3535 1352
3536 1358
3537 1357
3538 1356
3539 1357
3540 1356
3541 1356
3542 1356
3543 1356
3544 1354
3545 1355
3546 1354
3547 1357
3548 1357
3549 1358
3550 1358
3551 1357
3552 1356
3553 1356
3554 1357
3555 1354
3556 1357
3557 1355
3558 1356
3559 1357
3560 1354
3561 1355
3562 1354
3563 1353
3564 1355
3565 1355
3566 1356
3567 1354
3568 1358
3569 1356
3570 1356
3571 1353
3572 1356
3573 1354
3574 1357
3575 1357
3576 1356
3577 1357
3578 1354
3579 1355
3580 1356
3581 1353
3582 1355
3583 1355
3584 1355
3585 1355
3586 1352
3587 1355
3588 1354
3589 1354
3590 1354
3591 1351
3592 1354
3593 1355
3594 1353
3595 1354
3596 1355
3597 1355
3598 1356
3599 1357
3600 1354
3601 1355
3602 1358
3603 1354
3604 1355
3605 1355
3606 1356
3607 1357
3608 1355
3609 1356
3610 1355
3611 1356
3612 1355
3613 1354
3614 1356
3615 1355
3616 1354
3617 1354
3618 1357
3619 1355
3620 1356
3621 1354
3622 1353
3623 1356
3624 1353
3625 1353
3626 1355
3627 1353
3628 1357
3629 1355
3630 1354
3631 1357
3632 1356
3633 1358
3634 1359
3635 1355
3636 1357
3637 1357
3638 1359
3639 1356
3640 1356
3641 1357
3642 1356
3643 1356
3644 1354
3645 1355
3646 1355
3647 1357
3648 1356
3649 1356
3650 1357
3651 1355
3652 1354
3653 1356
3654 1356
3655 1357
3656 1356
3657 1358
3658 1358
3659 1358
3660 1356
3661 1354
3662 1354
3663 1358
3664 1355
3665 1357
3666 1358
3667 1356
3668 1356
3669 1355
3670 1357
3671 1357
3672 1357
3673 1354
3674 1355
3675 1357
3676 1354
3677 1356
3678 1357
3679 1355
3680 1356
3681 1354
3682 1355
3683 1357
3684 1355
3685 1356
3686 1355
3687 1353
3688 1355
3689 1356
3690 1354
3691 1354
3692 1355
3693 1355
3694 1355
3695 1356
3696 1357
3697 1357
3698 1354
3699 1355
3700 1356
3701 1356
3702 1354
3703 1358
3704 1358
3705 1357
3706 1357
3707 1354
3708 1356
3709 1355
3710 1356
3711 1357
3712 1356
3713 1356
3714 1356
3715 1357
3716 1354
3717 1354
3718 1354
3719 1355
3720 1357
3721 1356
3722 1358
3723 1357
3724 1358
3725 1357
3726 1354
3727 1354
3728 1355
3729 1357
3730 1354
3731 1357
3732 1355
3733 1356
3734 1355
3735 1357
3736 1356
3737 1356
3738 1356
3739 1357
3740 1357
3741 1356
3742 1358
3743 1357
3744 1355
3745 1355
3746 1356
3747 1356
3748 1356
3749 1355
3750 1355
3751 1357
3752 1354
3753 1354
3754 1356
3755 1357
3756 1355
3757 1356
3758 1358
3759 1357
3760 1358
3761 1356
3762 1356
3763 1356
3764 1356
3765 1357
3766 1357
3767 1358
3768 1356
3769 1357
3770 1357
3771 1355
3772 1355
3773 1355
3774 1355
3775 1354
3776 1353
3777 1356
3778 1354
3779 1357
3780 1352
3781 1357
3782 1356
3783 1356
3784 1354
3785 1356
3786 1354
3787 1357
3788 1355
3789 1357
3790 1353
3791 1357
3792 1358
3793 1357
3794 1358
3795 1357
3796 1355
3797 1356
3798 1354
3799 1357
3800 1356
3801 1355
3802 1354
3803 1356
3804 1355
3805 1357
3806 1355
3807 1355
3808 1357
3809 1354
3810 1357
3811 1355
3812 1355
3813 1354
3814 1358
3815 1354
3816 1355
3817 1355
3818 1355
3819 1355
3820 1356
3821 1354
3822 1356
3823 1355
3824 1355
3825 1357
3826 1355
3827 1355
3828 1355
3829 1353
3830 1353
3831 1356
3832 1357
3833 1357
3834 1358
3835 1352
3836 1356
3837 1356
3838 1355
3839 1355
3840 1354
3841 1353
3842 1357
3843 1357
3844 1356
3845 1355
3846 1355
3847 1357
3848 1357
3849 1355
3850 1356
3851 1359
3852 1355
3853 1357
3854 1354
3855 1357
3856 1357
3857 1355
3858 1357
3859 1357
3860 1355
3861 1355
3862 1356
3863 1357
3864 1355
3865 1357
3866 1353
3867 1356
3868 1354
3869 1353
3870 1355
3871 1356
3872 1355
3873 1352
3874 1353
3875 1355
3876 1354
3877 1357
3878 1356
3879 1355
3880 1356
3881 1354
3882 1354
3883 1353
3884 1354
3885 1354
3886 1354
3887 1354
3888 1353
3889 1356
3890 1356
3891 1353
3892 1353
3893 1356
3894 1354
3895 1355
3896 1352
3897 1356
3898 1355
3899 1355
3900 1354
3901 1355
3902 1355
3903 1357
3904 1354
3905 1355
3906 1355
3907 1354
3908 1356
3909 1356
3910 1354
3911 1356
3912 1355
3913 1360
3914 1356
3915 1356
3916 1359
3917 1357
3918 1356
3919 1356
3920 1357
3921 1354
3922 1356
3923 1354
3924 1355
3925 1353
3926 1352
3927 1355
3928 1355
3929 1355
3930 1356
3931 1356
3932 1357
3933 1355
3934 1357
3935 1355
3936 1356
3937 1355
3938 1357
3939 1358
3940 1356
3941 1357
3942 1356
3943 1357
3944 1357
3945 1357
3946 1356
3947 1359
3948 1356
3949 1356
3950 1356
3951 1357
3952 1354
3953 1354
3954 1355
3955 1356
3956 1353
3957 1355
3958 1354
3959 1355
3960 1356
3961 1356
3962 1358
3963 1357
3964 1355
3965 1355
3966 1356
3967 1357
3968 1358
3969 1357
3970 1356
3971 1353
3972 1359
3973 1357
3974 1356
3975 1355
3976 1354
3977 1352
3978 1356
3979 1357
3980 1355
3981 1356
3982 1358
3983 1355
3984 1357
3985 1356
3986 1355
3987 1356
3988 1352
3989 1354
3990 1355
3991 1355
3992 1356
3993 1354
3994 1354
3995 1357
3996 1357
3997 1356
3998 1356
3999 1358
