0 1354
1 1355
2 1355
3 1353
4 1354
5 1354
6 1353
7 1355
8 1353
9 1354
10 1354
11 1353
12 1355
13 1355
14 1356
15 1356
16 1353
17 1355
18 1352
19 1353
20 1357
21 1357
22 1351
23 1352
24 1355
25 1354
26 1354
27 1355
28 1356
29 1351
30 1353
31 1353
32 1354
33 1357
34 1353
35 1354
36 1355
37 1354
38 1356
39 1357
40 1355
41 1355
42 1356
43 1354
44 1353
45 1353
46 1356
47 1352
48 1353
49 1353
50 1356
51 1353
52 1354
53 1350
54 1355
55 1352
56 1356
57 1355
58 1352
59 1353
60 1353
61 1354
62 1351
63 1353
64 1354
65 1353
66 1353
67 1353
68 1354
69 1356
70 1355
71 1353
72 1354
73 1355
74 1357
75 1354
76 1354
77 1354
78 1355
79 1355
80 1354
81 1357
82 1356
83 1354
84 1354
85 1355
86 1356
87 1357
88 1357
89 1355
90 1354
91 1355
92 1352
93 1354
94 1355
95 1353
96 1357
97 1354
98 1355
99 1354
100 1352
101 1355
102 1352
103 1355
104 1354
105 1355
106 1355
107 1356
108 1354
109 1354
110 1356
111 1355
112 1358
113 1351
114 1352
115 1350
116 1354
117 1359
118 1357
119 1355
120 1351
121 1354
122 1355
123 1355
124 1352
125 1349
126 1351
127 1358
128 1351
129 1353
130 1353
131 1353
132 1355
133 1357
134 1356
135 1354
136 1354
137 1355
138 1357
139 1355
140 1351
141 1350
142 1355
143 1356
144 1355
145 1354
146 1354
147 1357
148 1356
149 1355
150 1356
151 1355
152 1354
153 1354
154 1352
155 1357
156 1355
157 1354
158 1352
159 1353
160 1355
161 1354
162 1354
163 1351
164 1354
165 1357
166 1353
167 1358
168 1355
169 1355
170 1355
171 1355
172 1356
173 1356
174 1355
175 1354
176 1354
177 1355
178 1354
179 1353
180 1357
181 1359
182 1355
183 1354
184 1354
185 1353
186 1354
187 1353
188 1351
189 1353
190 1356
191 1353
192 1356
193 1355
194 1355
195 1353
196 1356
197 1353
198 1353
199 1356
200 1354
201 1351
202 1354
203 1354
204 1353
205 1354
206 1354
207 1356
208 1355
209 1355
210 1356
211 1354
212 1355
213 1355
214 1355
215 1356
216 1354
217 1355
218 1354
219 1356
220 1355
221 1353
222 1355
223 1354
224 1352
225 1354
226 1356
227 1355
228 1355
229 1355
230 1355
231 1356
232 1357
233 1355
234 1352
235 1355
236 1355
237 1356
238 1354
239 1352
240 1353
241 1355
242 1353
243 1355
244 1352
245 1356
246 1354
247 1357
248 1356
249 1356
250 1356
251 1356
252 1356
253 1357
254 1355
255 1356
256 1356
257 1356
258 1352
259 1353
260 1353
261 1357
262 1355
263 1354
264 1355
265 1352
266 1354
267 1356
268 1355
269 1353
270 1352
271 1355
272 1356
273 1352
274 1351
275 1353
276 1355
277 1357
278 1356
279 1353
280 1355
281 1354
282 1354
283 1357
284 1355
285 1353
286 1356
287 1353
288 1356
289 1354
290 1352
291 1355
292 1356
293 1353
294 1351
295 1351
296 1358
297 1361
298 1353
299 1351
300 1354
301 1354
302 1353
303 1354
304 1352
305 1354
306 1352
307 1356
308 1353
309 1353
310 1354
311 1357
312 1354
313 1355
314 1353
315 1355
316 1356
317 1358
318 1356
319 1353
320 1354
321 1355
322 1357
323 1355
324 1353
325 1351
326 1355
327 1352
328 1353
329 1355
330 1356
331 1355
332 1354
333 1351
334 1352
335 1354
336 1358
337 1352
338 1355
339 1355
340 1354
341 1352
342 1354
343 1354
344 1354
345 1353
346 1351
347 1352
348 1354
349 1353
350 1355
351 1354
352 1353
353 1355
354 1353
355 1357
356 1355
357 1354
358 1354
359 1352
360 1355
361 1353
362 1354
363 1353
364 1354
365 1355
366 1355
367 1356
368 1355
369 1354
370 1351
371 1353
372 1355
373 1356
374 1354
375 1353
376 1354
377 1355
378 1353
379 1354
380 1354
381 1353
382 1356
383 1352
384 1356
385 1355
386 1354
387 1353
388 1355
389 1353
390 1353
391 1355
392 1355
393 1353
394 1356
395 1356
396 1356
397 1355
398 1354
399 1352
400 1355
401 1354
402 1357
403 1357
404 1355
405 1357
406 1353
407 1351
408 1354
409 1354
410 1356
411 1355
412 1352
413 1354
414 1353
415 1355
416 1354
417 1355
418 1353
419 1353
420 1353
421 1352
422 1355
423 1350
424 1354
425 1354
426 1354
427 1354
428 1353
429 1354
430 1353
431 1354
432 1353
433 1356
434 1356
435 1354
436 1355
437 1353
438 1356
439 1357
440 1354
441 1352
442 1353
443 1358
444 1356
445 1354
446 1353
447 1355
448 1354
449 1355
450 1355
451 1354
452 1355
453 1356
454 1356
455 1357
456 1351
457 1357
458 1356
459 1354
460 1351
461 1353
462 1353
463 1356
464 1354
465 1358
466 1355
467 1358
468 1354
469 1356
470 1354
471 1357
472 1353
473 1357
474 1352
475 1351
476 1354
477 1359
478 1356
479 1357
480 1353
481 1352
482 1355
483 1357
484 1352
485 1352
486 1350
487 1355
488 1354
489 1352
490 1356
491 1356
492 1354
493 1355
494 1353
495 1355
496 1351
497 1356
498 1355
499 1357
500 1352
501 1353
502 1357
503 1359
504 1356
505 1354
506 1355
507 1355
508 1353
509 1354
510 1355
511 1355
512 1354
513 1353
514 1353
515 1355
516 1357
517 1355
518 1354
519 1356
520 1354
521 1354
522 1353
523 1353
524 1352
525 1356
526 1353
527 1354
528 1352
529 1354
530 1352
531 1356
532 1356
533 1357
534 1355
535 1362
536 1363
537 1370
538 1379
539 1393
540 1415
541 1445
542 1484
543 1530
544 1587
545 1647
546 1715
547 1782
548 1852
549 1920
550 1983
551 2038
552 2094
553 2135
554 2173
555 2204
556 2231
557 2239
558 2245
559 2249
560 2250
561 2235
562 2225
563 2204
564 2185
565 2163
566 2137
567 2112
568 2087
569 2056
570 2029
571 1996
572 1972
573 1939
574 1911
575 1883
576 1855
577 1829
578 1803
579 1774
580 1754
581 1730
582 1709
583 1688
584 1668
585 1653
586 1633
587 1618
588 1603
589 1589
590 1572
591 1555
592 1541
593 1531
594 1517
595 1505
596 1497
597 1485
598 1475
599 1467
600 1462
601 1452
602 1445
603 1437
604 1434
605 1426
606 1419
607 1418
608 1413
609 1409
610 1405
611 1404
612 1400
613 1396
614 1395
615 1393
616 1390
617 1391
618 1387
619 1387
620 1382
621 1382
622 1378
623 1377
624 1374
625 1375
626 1373
627 1373
628 1373
629 1371
630 1370
631 1370
632 1367
633 1366
634 1365
635 1366
636 1364
637 1364
638 1361
639 1362
640 1360
641 1361
642 1359
643 1362
644 1362
645 1363
646 1361
647 1361
648 1362
649 1362
650 1360
651 1360
652 1359
653 1358
654 1359
655 1354
656 1358
657 1360
658 1359
659 1357
660 1357
661 1357
662 1359
663 1355
664 1354
665 1354
666 1359
667 1357
668 1354
669 1357
670 1358
671 1359
672 1359
673 1358
674 1354
675 1356
676 1357
677 1359
678 1359
679 1359
680 1354
681 1354
682 1358
683 1357
684 1357
685 1357
686 1356
687 1357
688 1356
689 1359
690 1359
691 1359
692 1357
693 1353
694 1355
695 1357
696 1360
697 1358
698 1355
699 1360
700 1356
701 1357
702 1354
703 1355
704 1355
705 1356
706 1354
707 1354
708 1357
709 1356
710 1354
711 1357
712 1354
713 1356
714 1355
715 1356
716 1355
717 1359
718 1356
719 1355
720 1359
721 1356
722 1357
723 1356
724 1356
725 1355
726 1357
727 1355
728 1354
729 1354
730 1356
731 1356
732 1353
733 1358
734 1354
735 1357
736 1354
737 1355
738 1355
739 1354
740 1355
741 1356
742 1353
743 1356
744 1355
745 1356
746 1356
747 1359
748 1353
749 1357
750 1354
751 1353
752 1354
753 1354
754 1355
755 1354
756 1354
757 1359
758 1353
759 1351
760 1354
761 1356
762 1356
763 1355
764 1356
765 1355
766 1355
767 1353
768 1355
769 1357
770 1354
771 1354
772 1355
773 1358
774 1356
775 1355
776 1356
777 1354
778 1353
779 1356
780 1357
781 1355
782 1357
783 1355
784 1354
785 1354
786 1355
787 1354
788 1354
789 1354
790 1354
791 1357
792 1354
793 1353
794 1356
795 1357
796 1359
797 1354
798 1355
799 1353
800 1356
801 1354
802 1353
803 1356
804 1353
805 1352
806 1354
807 1357
808 1354
809 1352
810 1352
811 1357
812 1353
813 1355
814 1355
815 1354
816 1353
817 1355
818 1355
819 1356
820 1356
821 1354
822 1353
823 1354
824 1355
825 1354
826 1353
827 1354
828 1354
829 1352
830 1354
831 1353
832 1356
833 1357
834 1352
835 1353
836 1357
837 1359
838 1355
839 1354
840 1353
841 1357
842 1356
843 1356
844 1354
845 1356
846 1354
847 1355
848 1355
849 1353
850 1354
851 1356
852 1353
853 1354
854 1355
855 1356
856 1352
857 1351
858 1356
859 1358
860 1353
861 1351
862 1355
863 1356
864 1356
865 1355
866 1355
867 1357
868 1355
869 1353
870 1356
871 1353
872 1355
873 1354
874 1351
875 1355
876 1356
877 1355
878 1355
879 1354
880 1354
881 1355
882 1354
883 1353
884 1355
885 1356
886 1354
887 1355
888 1354
889 1353
890 1353
891 1356
892 1354
893 1355
894 1354
895 1354
896 1356
897 1354
898 1355
899 1355
900 1355
901 1354
902 1355
903 1353
904 1354
905 1354
906 1354
907 1354
908 1353
909 1355
910 1353
911 1354
912 1354
913 1355
914 1354
915 1353
916 1355
917 1357
918 1353
919 1354
920 1353
921 1355
922 1355
923 1357
924 1356
925 1358
926 1354
927 1357
928 1353
929 1358
930 1357
931 1356
932 1354
933 1355
934 1353
935 1355
936 1357
937 1356
938 1356
939 1356
940 1354
941 1356
942 1355
943 1355
944 1354
945 1356
946 1356
947 1355
948 1354
949 1356
950 1353
951 1355
952 1354
953 1352
954 1354
955 1356
956 1355
957 1356
958 1356
959 1355
960 1354
961 1354
962 1356
963 1355
964 1356
965 1352
966 1357
967 1357
968 1355
969 1354
970 1355
971 1357
972 1356
973 1354
974 1355
975 1356
976 1355
977 1354
978 1354
979 1355
980 1355
981 1356
982 1353
983 1356
984 1355
985 1354
986 1353
987 1356
988 1356
989 1356
990 1357
991 1356
992 1356
993 1355
994 1352
995 1358
996 1356
997 1354
998 1354
999 1353
1000 1354
1001 1353
1002 1354
1003 1353
1004 1352
1005 1355
1006 1355
1007 1355
1008 1354
1009 1356
1010 1355
1011 1355
1012 1356
1013 1355
1014 1353
1015 1354
1016 1354
1017 1361
1018 1356
1019 1356
1020 1356
1021 1358
1022 1355
1023 1356
1024 1352
1025 1355
1026 1357
1027 1357
1028 1358
1029 1355
1030 1356
1031 1355
1032 1356
1033 1356
1034 1356
1035 1355
1036 1355
1037 1353
1038 1356
1039 1357
1040 1354
1041 1349
1042 1358
1043 1355
1044 1356
1045 1355
1046 1355
1047 1355
1048 1356
1049 1356
1050 1353
1051 1356
1052 1357
1053 1355
1054 1357
1055 1354
1056 1356
1057 1353
1058 1353
1059 1353
1060 1354
1061 1352
1062 1354
1063 1356
1064 1353
1065 1353
1066 1353
1067 1354
1068 1355
1069 1355
1070 1353
1071 1356
1072 1354
1073 1358
1074 1356
1075 1358
1076 1356
1077 1355
1078 1356
1079 1357
1080 1356
1081 1355
1082 1353
1083 1354
1084 1355
1085 1357
1086 1356
1087 1355
1088 1354
1089 1355
1090 1355
1091 1353
1092 1354
1093 1352
1094 1354
1095 1356
1096 1355
1097 1356
1098 1355
1099 1353
1100 1356
1101 1351
1102 1356
1103 1355
1104 1352
1105 1350
1106 1355
1107 1356
1108 1355
1109 1353
1110 1354
1111 1354
1112 1354
1113 1355
1114 1355
1115 1352
1116 1352
1117 1351
1118 1353
1119 1353
1120 1353
1121 1357
1122 1356
1123 1356
1124 1355
1125 1355
1126 1352
1127 1353
1128 1354
1129 1354
1130 1355
1131 1355
1132 1352
1133 1355
1134 1353
1135 1354
1136 1356
1137 1357
1138 1354
1139 1353
1140 1352
1141 1356
1142 1355
1143 1354
1144 1354
1145 1353
1146 1354
1147 1356
1148 1353
1149 1354
1150 1353
1151 1355
1152 1355
1153 1354
1154 1353
1155 1356
1156 1355
1157 1355
1158 1354
1159 1355
1160 1354
1161 1355
1162 1356
1163 1352
1164 1354
1165 1358
1166 1353
1167 1357
1168 1356
1169 1357
1170 1355
1171 1355
1172 1357
1173 1355
1174 1353
1175 1355
1176 1353
1177 1354
1178 1354
1179 1357
1180 1355
1181 1357
1182 1355
1183 1353
1184 1355
1185 1356
1186 1353
1187 1353
1188 1354
1189 1355
1190 1354
1191 1355
1192 1354
1193 1355
1194 1354
1195 1352
1196 1352
1197 1358
1198 1359
1199 1355
1200 1353
1201 1355
1202 1355
1203 1360
1204 1354
1205 1353
1206 1353
1207 1355
1208 1355
1209 1356
1210 1356
1211 1356
1212 1356
1213 1356
1214 1354
1215 1354
1216 1355
1217 1357
1218 1356
1219 1357
1220 1355
1221 1353
1222 1356
1223 1353
1224 1357
1225 1353
1226 1356
1227 1355
1228 1357
1229 1355
1230 1355
1231 1355
1232 1354
1233 1355
1234 1356
1235 1357
1236 1356
1237 1356
1238 1357
1239 1357
1240 1356
1241 1352
1242 1352
1243 1356
1244 1353
1245 1354
1246 1352
1247 1354
1248 1356
1249 1356
1250 1354
1251 1355
1252 1355
1253 1358
1254 1354
1255 1353
1256 1354
1257 1357
1258 1357
1259 1356
1260 1356
1261 1355
1262 1357
1263 1357
1264 1357
1265 1356
1266 1356
1267 1354
1268 1353
1269 1356
1270 1356
1271 1356
1272 1355
1273 1355
1274 1355
1275 1357
1276 1356
1277 1356
1278 1356
1279 1355
1280 1356
1281 1353
1282 1354
1283 1355
1284 1353
1285 1354
1286 1353
1287 1357
1288 1355
1289 1352
1290 1354
1291 1354
1292 1356
1293 1355
1294 1355
1295 1355
1296 1355
1297 1355
1298 1354
1299 1353
1300 1355
1301 1354
1302 1357
1303 1357
1304 1355
1305 1357
1306 1356
1307 1355
1308 1353
1309 1354
1310 1354
1311 1357
1312 1356
1313 1352
1314 1353
1315 1352
1316 1356
1317 1356
1318 1355
1319 1355
1320 1356
1321 1357
1322 1354
1323 1356
1324 1355
1325 1353
1326 1356
1327 1355
1328 1356
1329 1356
1330 1356
1331 1356
1332 1356
1333 1355
1334 1355
1335 1357
1336 1357
1337 1356
1338 1354
1339 1354
1340 1356
1341 1352
1342 1354
1343 1354
1344 1356
1345 1354
1346 1354
1347 1353
1348 1355
1349 1353
1350 1356
1351 1354
1352 1356
1353 1356
1354 1355
1355 1355
1356 1354
1357 1354
1358 1356
1359 1354
1360 1355
1361 1353
1362 1357
1363 1356
1364 1356
1365 1358
1366 1356
1367 1357
1368 1356
1369 1353
1370 1355
1371 1355
1372 1354
1373 1357
1374 1356
1375 1352
1376 1355
1377 1357
1378 1356
1379 1354
1380 1356
1381 1355
1382 1357
1383 1352
1384 1354
1385 1354
1386 1356
1387 1353
1388 1351
1389 1353
1390 1353
1391 1356
1392 1354
1393 1356
1394 1354
1395 1357
1396 1354
1397 1352
1398 1355
1399 1358
1400 1353
1401 1351
1402 1354
1403 1355
1404 1357
1405 1357
1406 1357
1407 1354
1408 1355
1409 1353
1410 1354
1411 1355
1412 1356
1413 1355
1414 1355
1415 1355
1416 1356
1417 1356
1418 1358
1419 1357
1420 1354
1421 1354
1422 1355
1423 1353
1424 1355
1425 1355
1426 1354
1427 1354
1428 1356
1429 1355
1430 1353
1431 1354
1432 1355
1433 1353
1434 1350
1435 1355
1436 1356
1437 1355
1438 1356
1439 1354
1440 1355
1441 1357
1442 1356
1443 1357
1444 1354
1445 1350
1446 1355
1447 1356
1448 1354
1449 1354
1450 1355
1451 1355
1452 1355
1453 1353
1454 1354
1455 1357
1456 1355
1457 1353
1458 1354
1459 1357
1460 1356
1461 1352
1462 1354
1463 1355
1464 1354
1465 1353
1466 1353
1467 1354
1468 1354
1469 1353
1470 1354
1471 1354
1472 1353
1473 1355
1474 1353
1475 1355
1476 1354
1477 1354
1478 1354
1479 1354
1480 1354
1481 1355
1482 1355
1483 1353
1484 1353
1485 1355
1486 1353
1487 1354
1488 1355
1489 1356
1490 1356
1491 1355
1492 1355
1493 1356
1494 1352
1495 1353
1496 1352
1497 1353
1498 1353
1499 1355
1500 1355
1501 1358
1502 1355
1503 1354
1504 1356
1505 1354
1506 1356
1507 1354
1508 1356
1509 1355
1510 1356
1511 1353
1512 1357
1513 1357
1514 1356
1515 1355
1516 1356
1517 1353
1518 1356
1519 1354
1520 1354
1521 1350
1522 1354
1523 1357
1524 1352
1525 1357
1526 1354
1527 1352
1528 1353
1529 1356
1530 1355
1531 1356
1532 1353
1533 1354
1534 1356
1535 1356
1536 1354
1537 1356
1538 1353
1539 1355
1540 1354
1541 1355
1542 1352
1543 1355
1544 1353
1545 1356
1546 1356
1547 1354
1548 1355
1549 1354
1550 1351
1551 1352
1552 1356
1553 1353
1554 1353
1555 1352
1556 1354
1557 1356
1558 1357
1559 1352
1560 1351
1561 1354
1562 1352
1563 1354
1564 1355
1565 1354
1566 1354
1567 1354
1568 1353
1569 1351
1570 1354
1571 1357
1572 1355
1573 1355
1574 1355
1575 1354
1576 1352
1577 1354
1578 1351
1579 1352
1580 1352
1581 1354
1582 1354
1583 1353
1584 1353
1585 1354
1586 1353
1587 1355
1588 1353
1589 1355
1590 1354
1591 1357
1592 1354
1593 1355
1594 1354
1595 1355
1596 1356
1597 1352
1598 1356
1599 1352
1600 1353
1601 1352
1602 1354
1603 1355
1604 1355
1605 1353
1606 1354
1607 1355
1608 1354
1609 1351
1610 1353
1611 1356
1612 1354
1613 1354
1614 1351
1615 1354
1616 1354
1617 1351
1618 1354
1619 1351
1620 1354
1621 1354
1622 1350
1623 1353
1624 1351
1625 1355
1626 1354
1627 1353
1628 1355
1629 1354
1630 1355
1631 1355
1632 1356
1633 1356
1634 1355
1635 1356
1636 1356
1637 1355
1638 1353
1639 1353
1640 1353
1641 1355
1642 1353
1643 1356
1644 1355
1645 1356
1646 1355
1647 1355
1648 1354
1649 1354
1650 1349
1651 1356
1652 1354
1653 1356
1654 1357
1655 1355
1656 1352
1657 1353
1658 1354
1659 1355
1660 1354
1661 1356
1662 1355
1663 1355
1664 1356
1665 1355
1666 1355
1667 1354
1668 1356
1669 1353
1670 1357
1671 1357
1672 1357
1673 1355
1674 1355
1675 1352
1676 1353
1677 1353
1678 1354
1679 1355
1680 1355
1681 1352
1682 1356
1683 1355
1684 1356
1685 1354
1686 1354
1687 1352
1688 1358
1689 1353
1690 1354
1691 1352
1692 1353
1693 1354
1694 1354
1695 1354
1696 1355
1697 1355
1698 1356
1699 1353
1700 1352
1701 1351
1702 1353
1703 1353
1704 1354
1705 1355
1706 1354
1707 1353
1708 1353
1709 1354
1710 1355
1711 1354
1712 1353
1713 1353
1714 1354
1715 1357
1716 1356
1717 1355
1718 1354
1719 1355
1720 1353
1721 1351
1722 1353
1723 1355
1724 1353
1725 1356
1726 1354
1727 1355
1728 1355
1729 1353
1730 1356
1731 1357
1732 1354
1733 1353
1734 1356
1735 1356
1736 1356
1737 1354
1738 1356
1739 1353
1740 1352
1741 1353
1742 1353
1743 1355
1744 1355
1745 1355
1746 1355
1747 1354
1748 1356
1749 1357
1750 1352
1751 1355
1752 1354
1753 1354
1754 1357
1755 1356
1756 1354
1757 1357
1758 1352
1759 1355
1760 1353
1761 1354
1762 1356
1763 1353
1764 1355
1765 1353
1766 1350
1767 1355
1768 1352
1769 1356
1770 1351
1771 1355
1772 1356
1773 1353
1774 1351
1775 1356
1776 1353
1777 1356
1778 1354
1779 1354
1780 1352
1781 1356
1782 1356
1783 1356
1784 1352
1785 1355
1786 1354
1787 1357
1788 1354
1789 1355
1790 1354
1791 1358
1792 1354
1793 1356
1794 1356
1795 1356
1796 1355
1797 1357
1798 1352
1799 1357
1800 1351
1801 1351
1802 1351
1803 1357
1804 1354
1805 1356
1806 1353
1807 1354
1808 1353
1809 1358
1810 1355
1811 1358
1812 1354
1813 1356
1814 1354
1815 1358
1816 1356
1817 1356
1818 1354
1819 1355
1820 1354
1821 1355
1822 1353
1823 1355
1824 1355
1825 1356
1826 1352
1827 1355
1828 1355
1829 1356
1830 1353
1831 1353
1832 1355
1833 1356
1834 1353
1835 1353
1836 1352
1837 1356
1838 1354
1839 1353
1840 1352
1841 1353
1842 1354
1843 1356
1844 1353
1845 1355
1846 1356
1847 1357
1848 1355
1849 1357
1850 1352
1851 1357
1852 1352
1853 1355
1854 1352
1855 1354
1856 1351
1857 1354
1858 1352
1859 1352
1860 1355
1861 1353
1862 1350
1863 1354
1864 1354
1865 1352
1866 1354
1867 1353
1868 1352
1869 1354
1870 1353
1871 1354
1872 1355
1873 1358
1874 1353
1875 1357
1876 1353
1877 1356
1878 1353
1879 1353
1880 1352
1881 1352
1882 1351
1883 1355
1884 1352
1885 1353
1886 1352
1887 1355
1888 1354
1889 1354
1890 1350
1891 1354
1892 1355
1893 1354
1894 1354
1895 1356
1896 1355
1897 1352
1898 1353
1899 1354
1900 1355
1901 1357
1902 1355
1903 1356
1904 1355
1905 1353
1906 1353
1907 1354
1908 1354
1909 1354
1910 1353
1911 1352
1912 1353
1913 1355
1914 1355
1915 1353
1916 1354
1917 1355
1918 1357
1919 1353
1920 1353
1921 1355
1922 1356
1923 1355
1924 1355
1925 1352
1926 1356
1927 1355
1928 1354
1929 1354
1930 1353
1931 1353
1932 1356
1933 1356
1934 1352
1935 1350
1936 1354
1937 1353
1938 1356
1939 1352
1940 1354
1941 1355
1942 1352
1943 1353
1944 1354
1945 1351
1946 1355
1947 1356
1948 1355
1949 1353
1950 1354
1951 1355
1952 1353
1953 1356
1954 1354
1955 1355
1956 1354
1957 1355
1958 1352
1959 1353
1960 1358
1961 1352
1962 1355
1963 1353
1964 1353
1965 1353
1966 1354
1967 1356
1968 1355
1969 1353
1970 1357
1971 1357
1972 1355
1973 1356
1974 1354
1975 1354
1976 1353
1977 1356
1978 1355
1979 1351
1980 1352
1981 1351
1982 1351
1983 1353
1984 1355
1985 1355
1986 1354
1987 1353
1988 1354
1989 1353
1990 1354
1991 1353
1992 1354
1993 1353
1994 1355
1995 1357
1996 1356
1997 1355
1998 1356
1999 1353
2000 1355
2001 1355
2002 1354
2003 1355
2004 1355
2005 1355
2006 1355
2007 1355
2008 1353
2009 1354
2010 1354
2011 1354
2012 1354
2013 1353
2014 1355
2015 1356
2016 1355
2017 1353
2018 1356
2019 1355
2020 1358
2021 1355
2022 1350
2023 1351
2024 1356
2025 1355
2026 1354
2027 1352
2028 1354
2029 1356
2030 1355
2031 1354
2032 1354
2033 1354
2034 1354
2035 1353
2036 1355
2037 1354
2038 1354
2039 1354
2040 1353
2041 1354
2042 1356
2043 1355
2044 1356
2045 1353
2046 1356
2047 1355
2048 1350
2049 1353
2050 1354
2051 1354
2052 1353
2053 1355
2054 1352
2055 1356
2056 1353
2057 1353
2058 1352
2059 1350
2060 1355
2061 1356
2062 1351
2063 1354
2064 1353
2065 1354
2066 1355
2067 1355
2068 1352
2069 1353
2070 1356
2071 1354
2072 1355
2073 1356
2074 1356
2075 1351
2076 1351
2077 1357
2078 1354
2079 1354
2080 1353
2081 1352
2082 1354
2083 1353
2084 1352
2085 1352
2086 1354
2087 1355
2088 1356
2089 1352
2090 1354
2091 1354
2092 1359
2093 1354
2094 1352
2095 1352
2096 1359
2097 1355
2098 1356
2099 1355
2100 1353
2101 1354
2102 1354
2103 1354
2104 1354
2105 1355
2106 1355
2107 1357
2108 1355
2109 1352
2110 1353
2111 1355
2112 1354
2113 1353
2114 1352
2115 1354
2116 1354
2117 1352
2118 1355
2119 1357
2120 1357
2121 1357
2122 1356
2123 1351
2124 1356
2125 1355
2126 1355
2127 1353
2128 1354
2129 1355
2130 1354
2131 1351
2132 1351
2133 1356
2134 1354
2135 1355
2136 1353
2137 1357
2138 1354
2139 1354
2140 1355
2141 1357
2142 1354
2143 1355
2144 1354
2145 1351
2146 1352
2147 1356
2148 1356
2149 1357
2150 1354
2151 1354
2152 1352
2153 1354
2154 1354
2155 1353
2156 1353
2157 1353
2158 1355
2159 1355
2160 1354
2161 1355
2162 1351
2163 1355
2164 1357
2165 1354
2166 1352
2167 1351
2168 1355
2169 1354
2170 1354
2171 1354
2172 1356
2173 1354
2174 1356
2175 1355
2176 1356
2177 1356
2178 1354
2179 1355
2180 1352
2181 1355
2182 1353
2183 1353
2184 1355
2185 1354
2186 1353
2187 1354
2188 1355
2189 1356
2190 1356
2191 1354
2192 1356
2193 1352
2194 1352
2195 1354
2196 1354
2197 1352
2198 1353
2199 1352
2200 1353
2201 1353
2202 1353
2203 1352
2204 1357
2205 1356
2206 1354
2207 1355
2208 1351
2209 1354
2210 1353
2211 1355
2212 1355
2213 1355
2214 1355
2215 1353
2216 1351
2217 1354
2218 1354
2219 1355
2220 1353
2221 1354
2222 1353
2223 1352
2224 1353
2225 1353
2226 1354
2227 1356
2228 1355
2229 1351
2230 1354
2231 1354
2232 1354
2233 1353
2234 1354
2235 1353
2236 1356
2237 1355
2238 1357
2239 1353
2240 1356
2241 1353
2242 1356
2243 1355
2244 1355
2245 1356
2246 1354
2247 1355
2248 1352
2249 1354
2250 1352
2251 1353
2252 1353
2253 1352
2254 1353
2255 1355
2256 1354
2257 1355
2258 1356
2259 1356
2260 1354
2261 1357
2262 1354
2263 1356
2264 1355
2265 1354
2266 1354
2267 1355
2268 1354
2269 1353
2270 1354
2271 1355
2272 1352
2273 1355
2274 1353
2275 1351
2276 1355
2277 1356
2278 1352
2279 1352
2280 1355
2281 1354
2282 1355
2283 1353
2284 1352
2285 1354
2286 1353
2287 1353
2288 1353
2289 1355
2290 1353
2291 1355
2292 1353
2293 1355
2294 1354
2295 1354
2296 1350
2297 1355
2298 1354
2299 1355
2300 1354
2301 1353
2302 1353
2303 1355
2304 1353
2305 1354
2306 1355
2307 1354
2308 1353
2309 1354
2310 1353
2311 1352
2312 1354
2313 1354
2314 1351
2315 1355
2316 1354
2317 1355
2318 1355
2319 1354
2320 1352
2321 1355
2322 1352
2323 1353
2324 1355
2325 1355
2326 1354
2327 1353
2328 1352
2329 1356
2330 1355
2331 1356
2332 1354
2333 1352
2334 1355
2335 1357
2336 1354
2337 1354
2338 1356
2339 1352
2340 1352
2341 1355
2342 1355
2343 1352
2344 1355
2345 1356
2346 1355
2347 1355
2348 1353
2349 1357
2350 1354
2351 1354
2352 1353
2353 1353
2354 1354
2355 1355
2356 1353
2357 1354
2358 1352
2359 1355
2360 1353
2361 1352
2362 1353
2363 1353
2364 1352
2365 1357
2366 1354
2367 1353
2368 1354
2369 1353
2370 1354
2371 1353
2372 1355
2373 1356
2374 1352
2375 1355
2376 1353
2377 1355
2378 1353
2379 1353
2380 1353
2381 1356
2382 1354
2383 1350
2384 1356
2385 1355
2386 1355
2387 1354
2388 1355
2389 1357
2390 1353
2391 1354
2392 1353
2393 1355
2394 1354
2395 1356
2396 1352
2397 1357
2398 1353
2399 1352
2400 1350
2401 1352
2402 1353
2403 1353
2404 1354
2405 1353
2406 1355
2407 1358
2408 1355
2409 1353
2410 1353
2411 1356
2412 1352
2413 1352
2414 1353
2415 1352
2416 1354
2417 1355
2418 1352
2419 1356
2420 1356
2421 1356
2422 1356
2423 1355
2424 1355
2425 1356
2426 1356
2427 1355
2428 1354
2429 1356
2430 1355
2431 1353
2432 1352
2433 1354
2434 1354
2435 1353
2436 1354
2437 1355
2438 1354
2439 1352
2440 1354
2441 1352
2442 1352
2443 1354
2444 1353
2445 1354
2446 1351
2447 1352
2448 1354
2449 1354
2450 1353
2451 1353
2452 1353
2453 1355
2454 1356
2455 1355
2456 1354
2457 1354
2458 1350
2459 1357
2460 1356
2461 1356
2462 1354
2463 1354
2464 1354
2465 1354
2466 1353
2467 1353
2468 1355
2469 1353
2470 1352
2471 1356
2472 1356
2473 1354
2474 1354
2475 1356
2476 1355
2477 1354
2478 1355
2479 1353
2480 1354
2481 1355
2482 1353
2483 1354
2484 1355
2485 1353
2486 1353
2487 1354
2488 1355
2489 1357
2490 1356
2491 1356
2492 1356
2493 1352
2494 1355
2495 1353
2496 1353
2497 1355
2498 1352
2499 1353
2500 1356
2501 1356
2502 1356
2503 1352
2504 1351
2505 1355
2506 1356
2507 1356
2508 1353
2509 1353
2510 1353
2511 1356
2512 1356
2513 1353
2514 1352
2515 1355
2516 1354
2517 1354
2518 1355
2519 1357
2520 1355
2521 1355
2522 1356
2523 1355
2524 1354
2525 1355
2526 1354
2527 1354
2528 1355
2529 1355
2530 1356
2531 1358
2532 1354
2533 1354
2534 1352
2535 1353
2536 1355
2537 1355
2538 1353
2539 1355
2540 1355
2541 1356
2542 1354
2543 1357
2544 1355
2545 1354
2546 1355
2547 1353
2548 1355
2549 1356
2550 1356
2551 1355
2552 1355
2553 1354
2554 1355
2555 1356
2556 1355
2557 1356
2558 1355
2559 1357
2560 1353
2561 1355
2562 1355
2563 1356
2564 1353
2565 1355
2566 1352
2567 1354
2568 1353
2569 1353
2570 1353
2571 1356
2572 1353
2573 1353
2574 1354
2575 1356
2576 1354
2577 1355
2578 1353
2579 1353
2580 1353
2581 1357
2582 1355
2583 1355
2584 1352
2585 1355
2586 1354
2587 1354
2588 1353
2589 1356
2590 1356
2591 1355
2592 1354
2593 1354
2594 1353
2595 1353
2596 1354
2597 1355
2598 1353
2599 1353
2600 1355
2601 1353
2602 1352
2603 1356
2604 1352
2605 1355
2606 1351
2607 1354
2608 1353
2609 1354
2610 1351
2611 1356
2612 1354
2613 1356
2614 1354
2615 1354
2616 1353
2617 1354
2618 1354
2619 1351
2620 1350
2621 1356
2622 1352
2623 1353
2624 1353
2625 1351
2626 1352
2627 1354
2628 1354
2629 1353
2630 1355
2631 1356
2632 1355
2633 1355
2634 1351
2635 1353
2636 1352
2637 1353
2638 1352
2639 1355
2640 1355
2641 1357
2642 1353
2643 1357
2644 1354
2645 1357
2646 1355
2647 1357
2648 1355
2649 1355
2650 1353
2651 1354
2652 1355
2653 1354
2654 1353
2655 1357
2656 1353
2657 1357
2658 1352
2659 1357
2660 1354
2661 1358
2662 1356
2663 1356
2664 1353
2665 1353
2666 1354
2667 1359
2668 1354
2669 1356
2670 1354
2671 1351
2672 1351
2673 1353
2674 1353
2675 1355
2676 1353
2677 1358
2678 1354
2679 1353
2680 1351
2681 1357
2682 1355
2683 1354
2684 1352
2685 1354
2686 1355
2687 1354
2688 1353
2689 1354
2690 1354
2691 1354
2692 1354
2693 1356
2694 1353
2695 1354
2696 1353
2697 1354
2698 1352
2699 1355
2700 1353
2701 1356
2702 1355
2703 1356
2704 1355
2705 1354
2706 1353
2707 1355
2708 1357
2709 1355
2710 1355
2711 1355
2712 1354
2713 1353
2714 1351
2715 1356
2716 1353
2717 1353
2718 1351
2719 1352
2720 1352
2721 1355
2722 1353
2723 1354
2724 1353
2725 1356
2726 1352
2727 1354
2728 1355
2729 1354
2730 1354
2731 1356
2732 1356
2733 1356
2734 1355
2735 1354
2736 1354
2737 1354
2738 1352
2739 1355
2740 1355
2741 1353
2742 1354
2743 1352
2744 1353
2745 1352
2746 1352
2747 1355
2748 1353
2749 1355
2750 1355
2751 1354
2752 1354
2753 1352
2754 1356
2755 1357
2756 1352
2757 1354
2758 1356
2759 1352
2760 1356
2761 1354
2762 1354
2763 1354
2764 1356
2765 1355
2766 1353
2767 1353
2768 1354
2769 1353
2770 1355
2771 1352
2772 1354
2773 1355
2774 1356
2775 1353
2776 1354
2777 1352
2778 1354
2779 1356
2780 1356
2781 1356
2782 1353
2783 1352
2784 1353
2785 1354
2786 1356
2787 1356
2788 1356
2789 1352
2790 1354
2791 1357
2792 1354
2793 1355
2794 1356
2795 1356
2796 1356
2797 1355
2798 1355
2799 1353
2800 1354
2801 1354
2802 1353
2803 1354
2804 1355
2805 1355
2806 1355
2807 1353
2808 1354
2809 1352
2810 1353
2811 1354
2812 1355
2813 1355
2814 1356
2815 1353
2816 1355
2817 1353
2818 1351
2819 1352
2820 1353
2821 1353
2822 1356
2823 1352
2824 1356
2825 1356
2826 1355
2827 1356
2828 1354
2829 1350
2830 1356
2831 1356
2832 1357
2833 1355
2834 1354
2835 1352
2836 1351
2837 1356
2838 1354
2839 1354
2840 1355
2841 1355
2842 1355
2843 1355
2844 1352
2845 1355
2846 1353
2847 1352
2848 1356
2849 1354
2850 1356
2851 1355
2852 1355
2853 1356
2854 1356
2855 1357
2856 1356
2857 1355
2858 1356
2859 1356
2860 1354
2861 1354
2862 1352
2863 1353
2864 1356
2865 1353
2866 1355
2867 1354
2868 1352
2869 1355
2870 1354
2871 1356
2872 1355
2873 1355
2874 1355
2875 1354
2876 1357
2877 1357
2878 1357
2879 1355
2880 1357
2881 1354
2882 1354
2883 1354
2884 1356
2885 1359
2886 1357
2887 1353
2888 1355
2889 1357
2890 1356
2891 1357
2892 1353
2893 1354
2894 1353
2895 1351
2896 1351
2897 1356
2898 1354
2899 1357
2900 1356
2901 1353
2902 1354
2903 1355
2904 1355
2905 1353
2906 1355
2907 1355
2908 1356
2909 1353
2910 1356
2911 1356
2912 1355
2913 1355
2914 1355
2915 1355
2916 1355
2917 1355
2918 1357
2919 1357
2920 1355
2921 1355
2922 1356
2923 1356
2924 1353
2925 1354
2926 1355
2927 1354
2928 1356
2929 1356
2930 1356
2931 1356
2932 1355
2933 1355
2934 1353
2935 1352
2936 1355
2937 1353
2938 1351
2939 1353
2940 1355
2941 1354
2942 1354
2943 1356
2944 1353
2945 1354
2946 1355
2947 1357
2948 1355
2949 1355
2950 1355
2951 1355
2952 1352
2953 1350
2954 1353
2955 1356
2956 1356
2957 1353
2958 1355
2959 1356
2960 1354
2961 1351
2962 1351
2963 1354
2964 1354
2965 1356
2966 1356
2967 1355
2968 1355
2969 1354
2970 1355
2971 1353
2972 1356
2973 1355
2974 1353
2975 1350
2976 1352
2977 1355
2978 1356
2979 1357
2980 1356
2981 1357
2982 1353
2983 1351
2984 1353
2985 1353
2986 1353
2987 1354
2988 1354
2989 1352
2990 1354
2991 1353
2992 1354
2993 1355
2994 1350
2995 1353
2996 1353
2997 1351
2998 1354
2999 1352
3000 1356
3001 1356
3002 1352
3003 1355
3004 1351
3005 1355
3006 1356
3007 1355
3008 1353
3009 1357
3010 1355
3011 1355
3012 1355
3013 1355
3014 1355
3015 1355
3016 1354
3017 1354
3018 1353
3019 1354
3020 1353
3021 1354
3022 1354
3023 1354
3024 1355
3025 1354
3026 1355
3027 1356
3028 1353
3029 1355
3030 1353
3031 1357
3032 1353
3033 1357
3034 1355
3035 1353
3036 1355
3037 1355
3038 1354
3039 1353
3040 1353
3041 1354
3042 1353
3043 1354
3044 1354
3045 1356
3046 1353
3047 1356
3048 1353
3049 1354
3050 1356
3051 1353
3052 1353
3053 1354
3054 1354
3055 1353
3056 1355
3057 1354
3058 1353
3059 1355
3060 1353
3061 1354
3062 1357
3063 1355
3064 1357
3065 1359
3066 1354
3067 1356
3068 1356
3069 1356
3070 1357
3071 1355
3072 1355
3073 1355
3074 1354
3075 1354
3076 1353
3077 1354
3078 1353
3079 1355
3080 1356
3081 1356
3082 1353
3083 1352
3084 1354
3085 1353
3086 1355
3087 1355
3088 1356
3089 1354
3090 1353
3091 1355
3092 1354
3093 1354
3094 1357
3095 1353
3096 1355
3097 1354
3098 1354
3099 1351
3100 1352
3101 1356
3102 1356
3103 1355
3104 1353
3105 1354
3106 1356
3107 1356
3108 1355
3109 1356
3110 1357
3111 1358
3112 1356
3113 1355
3114 1353
3115 1353
3116 1356
3117 1355
3118 1354
3119 1357
3120 1353
3121 1355
3122 1355
3123 1356
3124 1356
3125 1357
3126 1355
3127 1355
3128 1353
3129 1354
3130 1354
3131 1355
3132 1354
3133 1354
3134 1353
3135 1357
3136 1355
3137 1355
3138 1355
3139 1350
3140 1352
3141 1351
3142 1352
3143 1352
3144 1353
3145 1352
3146 1356
3147 1354
3148 1353
3149 1353
3150 1356
3151 1351
3152 1355
3153 1355
3154 1355
3155 1353
3156 1355
3157 1353
3158 1351
3159 1354
3160 1353
3161 1353
3162 1356
3163 1354
3164 1354
3165 1354
3166 1354
3167 1355
3168 1352
3169 1353
3170 1355
3171 1354
3172 1357
3173 1356
3174 1357
3175 1352
3176 1353
3177 1353
3178 1355
3179 1354
3180 1353
3181 1356
3182 1355
3183 1355
3184 1352
3185 1356
3186 1354
3187 1355
3188 1353
3189 1354
3190 1355
3191 1355
3192 1352
3193 1353
3194 1354
3195 1351
3196 1350
3197 1352
3198 1356
3199 1351
3200 1353
3201 1353
3202 1352
3203 1353
3204 1355
3205 1355
3206 1354
3207 1355
3208 1350
3209 1353
3210 1354
3211 1356
3212 1352
3213 1355
3214 1353
3215 1353
3216 1355
3217 1355
3218 1354
3219 1352
3220 1355
3221 1355
3222 1354
3223 1356
3224 1355
3225 1351
3226 1353
3227 1353
3228 1353
3229 1353
3230 1350
3231 1352
3232 1352
3233 1352
3234 1355
3235 1353
3236 1351
3237 1350
3238 1351
3239 1354
3240 1353
3241 1350
3242 1356
3243 1354
3244 1352
3245 1354
3246 1356
3247 1356
3248 1354
3249 1355
3250 1354
3251 1355
3252 1355
3253 1354
3254 1352
3255 1354
3256 1352
3257 1354
3258 1353
3259 1354
3260 1350
3261 1355
3262 1354
3263 1353
3264 1352
3265 1353
3266 1355
3267 1354
3268 1354
3269 1352
3270 1353
3271 1353
3272 1352
3273 1356
3274 1357
3275 1356
3276 1352
3277 1353
3278 1354
3279 1353
3280 1352
3281 1353
3282 1356
3283 1355
3284 1354
3285 1351
3286 1354
3287 1353
3288 1353
3289 1351
3290 1350
3291 1350
3292 1354
3293 1355
3294 1354
3295 1355
3296 1356
3297 1355
3298 1355
3299 1353
3300 1354
3301 1355
3302 1354
3303 1354
3304 1353
3305 1351
3306 1354
3307 1353
3308 1354
3309 1353
3310 1354
3311 1357
3312 1355
3313 1353
3314 1354
3315 1352
3316 1352
3317 1356
3318 1354
3319 1355
3320 1354
3321 1354
3322 1355
3323 1354
3324 1351
3325 1355
3326 1350
3327 1354
3328 1354
3329 1353
3330 1354
3331 1353
3332 1355
3333 1356
3334 1354
3335 1354
3336 1356
3337 1355
3338 1356
3339 1352
3340 1357
3341 1359
3342 1356
3343 1357
3344 1356
3345 1357
3346 1355
3347 1355
3348 1355
3349 1353
3350 1353
3351 1355
3352 1356
3353 1353
3354 1350
3355 1354
3356 1354
3357 1356
3358 1353
3359 1354
3360 1353
3361 1355
3362 1356
3363 1351
3364 1354
3365 1355
3366 1356
3367 1356
3368 1355
3369 1354
3370 1353
3371 1349
3372 1353
3373 1353
3374 1353
3375 1357
3376 1355
3377 1357
3378 1356
3379 1353
3380 1355
3381 1355
3382 1354
3383 1355
3384 1351
3385 1353
3386 1352
3387 1355
3388 1354
3389 1357
3390 1355
3391 1355
3392 1355
3393 1355
3394 1353
3395 1353
3396 1354
3397 1353
3398 1354
3399 1356
3400 1356
3401 1353
3402 1354
3403 1357
3404 1354
3405 1356
3406 1356
3407 1355
3408 1356
3409 1354
3410 1356
3411 1353
3412 1354
3413 1353
3414 1354
3415 1356
3416 1356
3417 1355
3418 1354
3419 1353
3420 1356
3421 1356
3422 1354
3423 1353
3424 1356
3425 1357
3426 1355
3427 1352
3428 1354
3429 1354
3430 1354
3431 1353
3432 1355
3433 1353
3434 1356
3435 1356
3436 1355
3437 1355
3438 1355
3439 1355
3440 1355
3441 1357
3442 1356
3443 1356
3444 1356
3445 1357
3446 1353
3447 1354
3448 1353
3449 1352
3450 1352
3451 1354
3452 1355
3453 1353
3454 1353
3455 1353
3456 1355
3457 1354
3458 1356
3459 1357
3460 1357
3461 1356
3462 1355
3463 1355
3464 1355
3465 1355
3466 1356
3467 1355
3468 1356
3469 1352
3470 1354
3471 1355
3472 1356
3473 1352
3474 1354
3475 1353
3476 1356
3477 1355
3478 1354
3479 1354
3480 1353
3481 1353
3482 1355
3483 1354
3484 1352
3485 1355
3486 1354
3487 1356
3488 1355
3489 1353
3490 1357
3491 1354
3492 1356
3493 1357
3494 1356
3495 1355
3496 1356
3497 1355
3498 1355
3499 1355
3500 1356
3501 1357
3502 1355
3503 1356
3504 1356
3505 1354
3506 1355
3507 1353
3508 1353
3509 1355
3510 1355
3511 1356
3512 1355
3513 1353
3514 1355
3515 1353
3516 1355
3517 1356
3518 1354
3519 1355
3520 1355
3521 1357
3522 1355
3523 1356
3524 1353
3525 1354
3526 1356
3527 1355
3528 1355
3529 1353
3530 1355
3531 1355
3532 1354
3533 1355
3534 1353
3535 1354
3536 1352
3537 1354
3538 1354
3539 1354
3540 1354
3541 1355
3542 1354
3543 1354
3544 1352
3545 1353
3546 1354
3547 1354
3548 1354
3549 1353
3550 1354
3551 1357
3552 1356
3553 1356
3554 1354
3555 1354
3556 1353
3557 1356
3558 1355
3559 1356
3560 1357
3561 1355
3562 1355
3563 1358
3564 1352
3565 1355
3566 1351
3567 1353
3568 1353
3569 1356
3570 1353
3571 1355
3572 1354
3573 1356
3574 1354
3575 1354
3576 1354
3577 1354
3578 1355
3579 1355
3580 1353
3581 1356
3582 1356
3583 1353
3584 1356
3585 1355
3586 1357
3587 1356
3588 1356
3589 1353
3590 1356
3591 1354
3592 1356
3593 1358
3594 1356
3595 1353
3596 1352
3597 1354
3598 1355
3599 1355
3600 1355
3601 1353
3602 1352
3603 1353
3604 1353
3605 1354
3606 1352
3607 1356
3608 1353
3609 1354
3610 1354
3611 1355
3612 1356
3613 1358
3614 1356
3615 1353
3616 1354
3617 1354
3618 1351
3619 1355
3620 1352
3621 1353
3622 1355
3623 1355
3624 1354
3625 1357
3626 1353
3627 1351
3628 1353
3629 1356
3630 1354
3631 1354
3632 1352
3633 1355
3634 1353
3635 1356
3636 1356
3637 1354
3638 1355
3639 1354
3640 1354
3641 1353
3642 1355
3643 1357
3644 1356
3645 1354
3646 1356
3647 1352
3648 1356
3649 1354
3650 1353
3651 1353
3652 1354
3653 1356
3654 1354
3655 1355
3656 1358
3657 1358
3658 1356
3659 1354
3660 1353
3661 1352
3662 1355
3663 1355
3664 1352
3665 1352
3666 1352
3667 1353
3668 1355
3669 1354
3670 1355
3671 1354
3672 1355
3673 1357
3674 1352
3675 1355
3676 1353
3677 1356
3678 1353
3679 1352
3680 1355
3681 1353
3682 1356
3683 1356
3684 1352
3685 1354
3686 1355
3687 1355
3688 1354
3689 1358
3690 1351
3691 1353
3692 1356
3693 1354
3694 1352
3695 1352
3696 1355
3697 1356
3698 1352
3699 1353
3700 1355
3701 1355
3702 1357
3703 1355
3704 1355
3705 1354
3706 1353
3707 1357
3708 1357
3709 1355
3710 1355
3711 1357
3712 1355
3713 1357
3714 1356
3715 1355
3716 1356
3717 1354
3718 1352
3719 1353
3720 1354
3721 1354
3722 1353
3723 1351
3724 1352
3725 1355
3726 1351
3727 1355
3728 1354
3729 1354
3730 1354
3731 1356
3732 1354
3733 1353
3734 1355
3735 1354
3736 1355
3737 1355
3738 1355
3739 1356
3740 1354
3741 1360
3742 1357
3743 1355
3744 1354
3745 1354
3746 1351
3747 1355
3748 1352
3749 1356
3750 1354
3751 1354
3752 1353
3753 1355
3754 1356
3755 1356
3756 1356
3757 1357
3758 1352
3759 1355
3760 1353
3761 1357
3762 1355
3763 1355
3764 1352
3765 1355
3766 1356
3767 1356
3768 1355
3769 1354
3770 1356
3771 1355
3772 1354
3773 1354
3774 1353
3775 1355
3776 1353
3777 1356
3778 1354
3779 1357
3780 1354
3781 1357
3782 1354
3783 1355
3784 1354
3785 1356
3786 1353
3787 1353
3788 1351
3789 1352
3790 1355
3791 1357
3792 1354
3793 1353
3794 1354
3795 1356
3796 1354
3797 1356
3798 1355
3799 1356
3800 1355
3801 1355
3802 1352
3803 1355
3804 1356
3805 1358
3806 1356
3807 1358
3808 1354
3809 1355
3810 1353
3811 1355
3812 1354
3813 1355
3814 1352
3815 1355
3816 1355
3817 1355
3818 1355
3819 1353
3820 1353
3821 1354
3822 1351
3823 1355
3824 1356
3825 1356
3826 1354
3827 1354
3828 1352
3829 1353
3830 1355
3831 1355
3832 1355
3833 1353
3834 1351
3835 1356
3836 1356
3837 1354
3838 1351
3839 1349
3840 1356
3841 1354
3842 1356
3843 1354
3844 1355
3845 1355
3846 1354
3847 1356
3848 1355
3849 1354
3850 1355
3851 1354
3852 1355
3853 1354
3854 1355
3855 1356
3856 1352
3857 1352
3858 1354
3859 1353
3860 1352
3861 1354
3862 1353
3863 1355
3864 1356
3865 1357
3866 1351
3867 1355
3868 1351
3869 1355
3870 1356
3871 1355
3872 1351
3873 1355
3874 1354
3875 1353
3876 1352
3877 1352
3878 1353
3879 1354
3880 1354
3881 1355
3882 1354
3883 1354
3884 1354
3885 1354
3886 1356
3887 1357
3888 1354
3889 1354
3890 1356
3891 1356
3892 1353
3893 1353
3894 1351
3895 1354
3896 1355
3897 1350
3898 1353
3899 1353
3900 1352
3901 1353
3902 1353
3903 1352
3904 1351
3905 1353
3906 1354
3907 1352
3908 1352
3909 1352
3910 1351
3911 1355
3912 1353
3913 1356
3914 1355
3915 1352
3916 1353
3917 1351
3918 1352
3919 1354
3920 1351
3921 1355
3922 1355
3923 1356
3924 1356
3925 1356
3926 1355
3927 1354
3928 1351
3929 1354
3930 1356
3931 1358
3932 1355
3933 1352
3934 1350
3935 1355
3936 1355
3937 1355
3938 1354
3939 1351
3940 1356
3941 1354
3942 1354
3943 1353
3944 1352
3945 1357
3946 1355
3947 1355
3948 1356
3949 1355
3950 1356
3951 1354
3952 1354
3953 1353
3954 1354
3955 1354
3956 1353
3957 1357
3958 1353
3959 1355
3960 1352
3961 1355
3962 1353
3963 1353
3964 1353
3965 1353
3966 1350
3967 1353
3968 1357
3969 1355
3970 1354
3971 1355
3972 1357
3973 1354
3974 1354
3975 1353
3976 1353
3977 1353
3978 1353
3979 1354
3980 1352
3981 1356
3982 1352
3983 1355
3984 1354
3985 1354
3986 1352
3987 1356
3988 1353
3989 1353
3990 1352
3991 1354
3992 1352
3993 1353
3994 1355
3995 1357
3996 1353
3997 1354
3998 1352
3999 1352
