0 1359
1 1357
2 1356
3 1359
4 1356
5 1358
6 1358
7 1355
8 1359
9 1357
10 1356
11 1355
12 1359
13 1357
14 1358
15 1357
16 1358
17 1358
18 1358
19 1358
20 1357
21 1358
22 1357
23 1353
24 1353
25 1356
26 1362
27 1359
28 1357
29 1354
30 1360
31 1358
32 1359
33 1355
34 1354
35 1353
36 1358
37 1354
38 1356
39 1355
40 1355
41 1358
42 1358
43 1359
44 1357
45 1354
46 1356
47 1356
48 1357
49 1351
50 1353
51 1357
52 1356
53 1356
54 1356
55 1356
56 1357
57 1357
58 1356
59 1359
60 1356
61 1357
62 1356
63 1355
64 1357
65 1357
66 1358
67 1356
68 1356
69 1356
70 1354
71 1355
72 1358
73 1358
74 1358
75 1357
76 1357
77 1358
78 1358
79 1356
80 1356
81 1355
82 1358
83 1357
84 1357
85 1357
86 1357
87 1352
88 1356
89 1359
90 1355
91 1355
92 1355
93 1357
94 1354
95 1355
96 1358
97 1356
98 1358
99 1359
100 1356
101 1357
102 1354
103 1356
104 1356
105 1357
106 1358
107 1357
108 1357
109 1357
110 1356
111 1354
112 1357
113 1356
114 1354
115 1352
116 1356
117 1357
118 1357
119 1356
120 1357
121 1357
122 1358
123 1352
124 1358
125 1357
126 1358
127 1357
128 1358
129 1358
130 1357
131 1357
132 1356
133 1360
134 1357
135 1357
136 1360
137 1356
138 1355
139 1356
140 1358
141 1357
142 1359
143 1357
144 1357
145 1357
146 1357
147 1356
148 1355
149 1355
150 1356
151 1356
152 1357
153 1357
154 1356
155 1358
156 1357
157 1355
158 1358
159 1356
160 1356
161 1357
162 1359
163 1356
164 1356
165 1355
166 1359
167 1359
168 1360
169 1357
170 1357
171 1357
172 1360
173 1358
174 1356
175 1355
176 1357
177 1356
178 1356
179 1354
180 1357
181 1357
182 1358
183 1356
184 1357
185 1358
186 1355
187 1357
188 1358
189 1357
190 1357
191 1358
192 1359
193 1357
194 1358
195 1358
196 1356
197 1357
198 1359
199 1356
200 1358
201 1357
202 1355
203 1354
204 1354
205 1354
206 1359
207 1362
208 1359
209 1355
210 1356
211 1357
212 1359
213 1357
214 1355
215 1357
216 1354
217 1357
218 1357
219 1356
220 1356
221 1357
222 1356
223 1357
224 1354
225 1356
226 1357
227 1360
228 1358
229 1353
230 1352
231 1359
232 1360
233 1357
234 1354
235 1357
236 1357
237 1355
238 1356
239 1353
240 1356
241 1357
242 1358
243 1357
244 1356
245 1357
246 1359
247 1352
248 1357
249 1357
250 1357
251 1355
252 1355
253 1356
254 1354
255 1355
256 1355
257 1357
258 1359
259 1355
260 1358
261 1357
262 1355
263 1356
264 1355
265 1358
266 1358
267 1360
268 1356
269 1353
270 1356
271 1355
272 1355
273 1356
274 1358
275 1357
276 1358
277 1356
278 1357
279 1357
280 1354
281 1356
282 1355
283 1355
284 1358
285 1356
286 1355
287 1357
288 1358
289 1356
290 1355
291 1355
292 1359
293 1360
294 1357
295 1357
296 1355
297 1355
298 1355
299 1356
300 1356
301 1358
302 1356
303 1357
304 1355
305 1357
306 1355
307 1356
308 1355
309 1356
310 1356
311 1356
312 1357
313 1356
314 1356
315 1357
316 1356
317 1357
318 1358
319 1359
320 1356
321 1358
322 1355
323 1357
324 1358
325 1357
326 1356
327 1356
328 1355
329 1357
330 1357
331 1359
332 1361
333 1355
334 1356
335 1356
336 1356
337 1356
338 1355
339 1353
340 1358
341 1357
342 1356
343 1356
344 1355
345 1358
346 1355
347 1356
348 1356
349 1356
350 1355
351 1359
352 1356
353 1359
354 1357
355 1356
356 1356
357 1356
358 1357
359 1358
360 1355
361 1358
362 1358
363 1356
364 1354
365 1356
366 1357
367 1360
368 1357
369 1356
370 1355
371 1357
372 1358
373 1359
374 1356
375 1355
376 1361
377 1359
378 1355
379 1356
380 1358
381 1356
382 1357
383 1356
384 1355
385 1355
386 1356
387 1357
388 1357
389 1357
390 1356
391 1357
392 1359
393 1357
394 1352
395 1357
396 1354
397 1356
398 1358
399 1356
400 1358
401 1358
402 1358
403 1357
404 1358
405 1357
406 1356
407 1360
408 1360
409 1357
410 1353
411 1355
412 1358
413 1356
414 1356
415 1355
416 1355
417 1356
418 1356
419 1356
420 1355
421 1357
422 1355
423 1354
424 1357
425 1358
426 1358
427 1355
428 1355
429 1357
430 1356
431 1353
432 1359
433 1356
434 1358
435 1354
436 1357
437 1356
438 1356
439 1357
440 1357
441 1359
442 1356
443 1356
444 1357
445 1355
446 1359
447 1354
448 1360
449 1357
450 1358
451 1354
452 1357
453 1361
454 1358
455 1355
456 1357
457 1354
458 1359
459 1356
460 1356
461 1357
462 1357
463 1356
464 1355
465 1351
466 1356
467 1357
468 1360
469 1357
470 1358
471 1357
472 1358
473 1357
474 1356
475 1357
476 1356
477 1357
478 1357
479 1357
480 1356
481 1356
482 1357
483 1355
484 1357
485 1356
486 1357
487 1355
488 1355
489 1355
490 1355
491 1356
492 1360
493 1356
494 1356
495 1355
496 1355
497 1355
498 1356
499 1357
500 1361
501 1356
502 1357
503 1356
504 1357
505 1354
506 1357
507 1357
508 1357
509 1355
510 1358
511 1356
512 1356
513 1354
514 1360
515 1358
516 1356
517 1358
518 1356
519 1355
520 1356
521 1356
522 1355
523 1354
524 1356
525 1353
526 1356
527 1356
528 1356
529 1356
530 1358
531 1356
532 1357
533 1356
534 1360
535 1362
536 1365
537 1367
538 1372
539 1379
540 1389
541 1402
542 1413
543 1427
544 1445
545 1456
546 1474
547 1486
548 1498
549 1513
550 1524
551 1534
552 1543
553 1552
554 1557
555 1563
556 1569
557 1568
558 1569
559 1565
560 1570
561 1562
562 1555
563 1549
564 1541
565 1537
566 1537
567 1528
568 1521
569 1509
570 1505
571 1497
572 1492
573 1485
574 1477
575 1471
576 1467
577 1454
578 1451
579 1443
580 1437
581 1431
582 1425
583 1417
584 1412
585 1410
586 1407
587 1406
588 1406
589 1401
590 1396
591 1394
592 1392
593 1391
594 1386
595 1384
596 1383
597 1381
598 1380
599 1375
600 1375
601 1376
602 1376
603 1371
604 1370
605 1372
606 1369
607 1370
608 1370
609 1369
610 1366
611 1370
612 1369
613 1366
614 1369
615 1371
616 1364
617 1366
618 1363
619 1362
620 1362
621 1362
622 1361
623 1364
624 1359
625 1361
626 1360
627 1360
628 1357
629 1358
630 1360
631 1360
632 1358
633 1358
634 1357
635 1358
636 1358
637 1357
638 1358
639 1357
640 1356
641 1358
642 1356
643 1358
644 1357
645 1358
646 1358
647 1359
648 1359
649 1359
650 1357
651 1359
652 1359
653 1359
654 1355
655 1358
656 1357
657 1358
658 1362
659 1359
660 1360
661 1361
662 1361
663 1358
664 1357
665 1361
666 1360
667 1357
668 1358
669 1359
670 1359
671 1359
672 1356
673 1358
674 1358
675 1359
676 1356
677 1357
678 1356
679 1356
680 1356
681 1358
682 1357
683 1357
684 1356
685 1357
686 1357
687 1359
688 1358
689 1356
690 1355
691 1356
692 1356
693 1358
694 1356
695 1358
696 1358
697 1357
698 1357
699 1358
700 1358
701 1357
702 1354
703 1357
704 1354
705 1357
706 1358
707 1359
708 1359
709 1362
710 1362
711 1361
712 1360
713 1358
714 1357
715 1358
716 1359
717 1357
718 1355
719 1357
720 1361
721 1358
722 1358
723 1358
724 1357
725 1357
726 1357
727 1356
728 1358
729 1360
730 1360
731 1358
732 1359
733 1357
734 1356
735 1355
736 1357
737 1357
738 1358
739 1359
740 1359
741 1362
742 1359
743 1354
744 1356
745 1358
746 1363
747 1361
748 1356
749 1357
750 1358
751 1358
752 1357
753 1356
754 1357
755 1357
756 1355
757 1360
758 1356
759 1354
760 1356
761 1357
762 1356
763 1358
764 1355
765 1355
766 1356
767 1357
768 1358
769 1357
770 1356
771 1355
772 1358
773 1360
774 1359
775 1354
776 1355
777 1359
778 1358
779 1357
780 1359
781 1357
782 1356
783 1357
784 1355
785 1357
786 1358
787 1358
788 1357
789 1358
790 1354
791 1358
792 1356
793 1359
794 1360
795 1358
796 1356
797 1358
798 1360
799 1361
800 1358
801 1360
802 1357
803 1356
804 1358
805 1358
806 1357
807 1357
808 1357
809 1359
810 1360
811 1360
812 1359
813 1357
814 1356
815 1356
816 1355
817 1357
818 1355
819 1356
820 1357
821 1357
822 1356
823 1358
824 1356
825 1355
826 1356
827 1357
828 1359
829 1357
830 1357
831 1354
832 1357
833 1357
834 1358
835 1357
836 1355
837 1356
838 1359
839 1360
840 1359
841 1354
842 1359
843 1356
844 1356
845 1352
846 1357
847 1359
848 1356
849 1354
850 1355
851 1356
852 1358
853 1358
854 1357
855 1358
856 1358
857 1357
858 1356
859 1356
860 1357
861 1356
862 1360
863 1356
864 1357
865 1357
866 1358
867 1355
868 1356
869 1359
870 1358
871 1359
872 1359
873 1357
874 1359
875 1360
876 1357
877 1357
878 1356
879 1357
880 1356
881 1357
882 1356
883 1355
884 1355
885 1356
886 1356
887 1355
888 1356
889 1355
890 1355
891 1354
892 1358
893 1357
894 1357
895 1357
896 1358
897 1357
898 1356
899 1358
900 1354
901 1357
902 1356
903 1357
904 1358
905 1357
906 1357
907 1358
908 1355
909 1357
910 1355
911 1356
912 1357
913 1357
914 1358
915 1355
916 1354
917 1355
918 1355
919 1357
920 1356
921 1354
922 1359
923 1356
924 1355
925 1354
926 1357
927 1359
928 1359
929 1355
930 1357
931 1358
932 1360
933 1357
934 1356
935 1357
936 1357
937 1353
938 1356
939 1355
940 1358
941 1356
942 1357
943 1357
944 1356
945 1359
946 1354
947 1358
948 1358
949 1357
950 1357
951 1356
952 1359
953 1357
954 1355
955 1355
956 1358
957 1357
958 1356
959 1356
960 1356
961 1357
962 1356
963 1357
964 1359
965 1355
966 1359
967 1356
968 1353
969 1354
970 1355
971 1358
972 1357
973 1355
974 1353
975 1354
976 1356
977 1356
978 1359
979 1355
980 1356
981 1355
982 1357
983 1359
984 1357
985 1358
986 1354
987 1357
988 1358
989 1356
990 1358
991 1359
992 1358
993 1357
994 1358
995 1357
996 1357
997 1354
998 1358
999 1354
1000 1357
1001 1359
1002 1356
1003 1353
1004 1355
1005 1354
1006 1357
1007 1358
1008 1357
1009 1357
1010 1356
1011 1355
1012 1354
1013 1357
1014 1357
1015 1358
1016 1358
1017 1356
1018 1358
1019 1358
1020 1358
1021 1358
1022 1358
1023 1357
1024 1352
1025 1357
1026 1357
1027 1357
1028 1356
1029 1359
1030 1357
1031 1358
1032 1357
1033 1355
1034 1357
1035 1358
1036 1358
1037 1357
1038 1357
1039 1355
1040 1358
1041 1358
1042 1356
1043 1357
1044 1356
1045 1355
1046 1356
1047 1358
1048 1358
1049 1359
1050 1357
1051 1360
1052 1356
1053 1357
1054 1357
1055 1356
1056 1360
1057 1355
1058 1357
1059 1360
1060 1358
1061 1357
1062 1357
1063 1357
1064 1356
1065 1357
1066 1356
1067 1358
1068 1356
1069 1357
1070 1356
1071 1356
1072 1357
1073 1354
1074 1355
1075 1359
1076 1358
1077 1358
1078 1359
1079 1358
1080 1356
1081 1357
1082 1356
1083 1358
1084 1356
1085 1357
1086 1356
1087 1355
1088 1357
1089 1357
1090 1355
1091 1357
1092 1358
1093 1358
1094 1354
1095 1356
1096 1358
1097 1356
1098 1356
1099 1355
1100 1355
1101 1356
1102 1359
1103 1358
1104 1355
1105 1353
1106 1356
1107 1360
1108 1356
1109 1357
1110 1356
1111 1360
1112 1357
1113 1358
1114 1356
1115 1358
1116 1356
1117 1356
1118 1356
1119 1356
1120 1357
1121 1359
1122 1355
1123 1357
1124 1355
1125 1358
1126 1355
1127 1357
1128 1356
1129 1355
1130 1355
1131 1355
1132 1356
1133 1358
1134 1357
1135 1357
1136 1357
1137 1357
1138 1354
1139 1357
1140 1355
1141 1357
1142 1359
1143 1361
1144 1359
1145 1358
1146 1354
1147 1358
1148 1357
1149 1357
1150 1356
1151 1358
1152 1356
1153 1358
1154 1357
1155 1355
1156 1355
1157 1355
1158 1353
1159 1357
1160 1355
1161 1354
1162 1358
1163 1356
1164 1354
1165 1355
1166 1356
1167 1357
1168 1355
1169 1356
1170 1354
1171 1357
1172 1354
1173 1356
1174 1357
1175 1355
1176 1354
1177 1356
1178 1357
1179 1357
1180 1355
1181 1355
1182 1357
1183 1358
1184 1354
1185 1354
1186 1355
1187 1357
1188 1357
1189 1356
1190 1357
1191 1357
1192 1355
1193 1359
1194 1356
1195 1357
1196 1357
1197 1357
1198 1355
1199 1358
1200 1357
1201 1357
1202 1357
1203 1356
1204 1356
1205 1360
1206 1359
1207 1356
1208 1355
1209 1357
1210 1356
1211 1357
1212 1356
1213 1355
1214 1355
1215 1357
1216 1356
1217 1357
1218 1357
1219 1355
1220 1354
1221 1357
1222 1353
1223 1357
1224 1356
1225 1357
1226 1356
1227 1357
1228 1358
1229 1359
1230 1357
1231 1357
1232 1354
1233 1356
1234 1357
1235 1358
1236 1358
1237 1356
1238 1356
1239 1357
1240 1354
1241 1356
1242 1355
1243 1356
1244 1354
1245 1357
1246 1357
1247 1356
1248 1356
1249 1355
1250 1354
1251 1356
1252 1356
1253 1359
1254 1354
1255 1357
1256 1354
1257 1356
1258 1357
1259 1357
1260 1357
1261 1355
1262 1357
1263 1357
1264 1356
1265 1357
1266 1358
1267 1359
1268 1355
1269 1357
1270 1358
1271 1358
1272 1356
1273 1357
1274 1356
1275 1354
1276 1355
1277 1356
1278 1355
1279 1357
1280 1356
1281 1358
1282 1355
1283 1355
1284 1356
1285 1356
1286 1356
1287 1358
1288 1355
1289 1356
1290 1356
1291 1357
1292 1358
1293 1356
1294 1356
1295 1355
1296 1357
1297 1357
1298 1356
1299 1356
1300 1355
1301 1354
1302 1356
1303 1357
1304 1355
1305 1357
1306 1353
1307 1356
1308 1356
1309 1353
1310 1357
1311 1356
1312 1355
1313 1357
1314 1356
1315 1354
1316 1356
1317 1358
1318 1356
1319 1357
1320 1357
1321 1357
1322 1357
1323 1357
1324 1358
1325 1358
1326 1356
1327 1357
1328 1355
1329 1357
1330 1358
1331 1357
1332 1355
1333 1357
1334 1360
1335 1355
1336 1357
1337 1357
1338 1358
1339 1356
1340 1358
1341 1355
1342 1358
1343 1357
1344 1357
1345 1357
1346 1358
1347 1358
1348 1358
1349 1356
1350 1357
1351 1356
1352 1356
1353 1356
1354 1358
1355 1357
1356 1358
1357 1359
1358 1356
1359 1355
1360 1358
1361 1357
1362 1357
1363 1356
1364 1357
1365 1359
1366 1356
1367 1356
1368 1356
1369 1357
1370 1356
1371 1356
1372 1356
1373 1358
1374 1356
1375 1356
1376 1356
1377 1354
1378 1356
1379 1355
1380 1356
1381 1357
1382 1354
1383 1357
1384 1356
1385 1356
1386 1354
1387 1358
1388 1356
1389 1355
1390 1357
1391 1357
1392 1355
1393 1357
1394 1358
1395 1357
1396 1357
1397 1355
1398 1359
1399 1358
1400 1356
1401 1357
1402 1358
1403 1355
1404 1356
1405 1356
1406 1357
1407 1355
1408 1356
1409 1355
1410 1357
1411 1353
1412 1356
1413 1357
1414 1356
1415 1357
1416 1359
1417 1356
1418 1360
1419 1356
1420 1356
1421 1356
1422 1358
1423 1360
1424 1357
1425 1357
1426 1357
1427 1354
1428 1357
1429 1357
1430 1358
1431 1354
1432 1354
1433 1356
1434 1356
1435 1356
1436 1357
1437 1357
1438 1358
1439 1356
1440 1358
1441 1354
1442 1356
1443 1355
1444 1358
1445 1357
1446 1358
1447 1355
1448 1358
1449 1354
1450 1359
1451 1358
1452 1358
1453 1356
1454 1357
1455 1356
1456 1356
1457 1357
1458 1358
1459 1358
1460 1356
1461 1355
1462 1357
1463 1357
1464 1356
1465 1355
1466 1355
1467 1357
1468 1355
1469 1353
1470 1356
1471 1357
1472 1356
1473 1355
1474 1355
1475 1357
1476 1357
1477 1356
1478 1358
1479 1357
1480 1357
1481 1358
1482 1359
1483 1359
1484 1356
1485 1357
1486 1355
1487 1355
1488 1357
1489 1357
1490 1356
1491 1356
1492 1356
1493 1357
1494 1356
1495 1357
1496 1357
1497 1357
1498 1358
1499 1357
1500 1355
1501 1354
1502 1356
1503 1358
1504 1357
1505 1361
1506 1359
1507 1358
1508 1358
1509 1360
1510 1358
1511 1357
1512 1356
1513 1355
1514 1356
1515 1357
1516 1356
1517 1355
1518 1357
1519 1357
1520 1358
1521 1360
1522 1355
1523 1353
1524 1356
1525 1356
1526 1356
1527 1357
1528 1359
1529 1357
1530 1356
1531 1358
1532 1356
1533 1360
1534 1356
1535 1356
1536 1358
1537 1355
1538 1356
1539 1354
1540 1357
1541 1357
1542 1360
1543 1358
1544 1358
1545 1358
1546 1359
1547 1357
1548 1357
1549 1355
1550 1357
1551 1357
1552 1356
1553 1356
1554 1356
1555 1356
1556 1355
1557 1356
1558 1356
1559 1356
1560 1357
1561 1357
1562 1359
1563 1358
1564 1357
1565 1356
1566 1357
1567 1355
1568 1356
1569 1356
1570 1356
1571 1359
1572 1359
1573 1358
1574 1356
1575 1356
1576 1359
1577 1356
1578 1358
1579 1357
1580 1357
1581 1359
1582 1359
1583 1356
1584 1357
1585 1356
1586 1356
1587 1357
1588 1355
1589 1356
1590 1359
1591 1358
1592 1358
1593 1358
1594 1357
1595 1358
1596 1359
1597 1357
1598 1356
1599 1357
1600 1357
1601 1358
1602 1356
1603 1357
1604 1358
1605 1356
1606 1357
1607 1358
1608 1357
1609 1355
1610 1358
1611 1357
1612 1357
1613 1355
1614 1357
1615 1357
1616 1355
1617 1358
1618 1356
1619 1357
1620 1357
1621 1353
1622 1357
1623 1359
1624 1356
1625 1355
1626 1358
1627 1356
1628 1354
1629 1353
1630 1358
1631 1358
1632 1358
1633 1357
1634 1355
1635 1355
1636 1358
1637 1355
1638 1357
1639 1356
1640 1354
1641 1354
1642 1358
1643 1357
1644 1357
1645 1355
1646 1359
1647 1358
1648 1358
1649 1356
1650 1354
1651 1359
1652 1357
1653 1359
1654 1356
1655 1357
1656 1357
1657 1356
1658 1356
1659 1356
1660 1357
1661 1355
1662 1358
1663 1356
1664 1357
1665 1354
1666 1357
1667 1359
1668 1358
1669 1358
1670 1358
1671 1357
1672 1359
1673 1357
1674 1356
1675 1355
1676 1357
1677 1357
1678 1356
1679 1354
1680 1358
1681 1360
1682 1361
1683 1355
1684 1355
1685 1358
1686 1359
1687 1357
1688 1360
1689 1355
1690 1358
1691 1356
1692 1358
1693 1356
1694 1357
1695 1357
1696 1359
1697 1358
1698 1357
1699 1356
1700 1358
1701 1357
1702 1358
1703 1357
1704 1358
1705 1358
1706 1354
1707 1357
1708 1355
1709 1357
1710 1357
1711 1355
1712 1356
1713 1357
1714 1354
1715 1353
1716 1354
1717 1357
1718 1357
1719 1357
1720 1357
1721 1356
1722 1358
1723 1357
1724 1356
1725 1356
1726 1358
1727 1359
1728 1359
1729 1357
1730 1357
1731 1358
1732 1358
1733 1355
1734 1358
1735 1358
1736 1359
1737 1358
1738 1358
1739 1356
1740 1358
1741 1357
1742 1356
1743 1356
1744 1356
1745 1356
1746 1359
1747 1358
1748 1356
1749 1359
1750 1357
1751 1357
1752 1358
1753 1356
1754 1358
1755 1354
1756 1356
1757 1356
1758 1354
1759 1354
1760 1357
1761 1355
1762 1358
1763 1355
1764 1357
1765 1356
1766 1358
1767 1355
1768 1358
1769 1352
1770 1357
1771 1355
1772 1357
1773 1354
1774 1356
1775 1357
1776 1360
1777 1355
1778 1358
1779 1354
1780 1357
1781 1357
1782 1360
1783 1354
1784 1357
1785 1356
1786 1356
1787 1356
1788 1356
1789 1354
1790 1356
1791 1357
1792 1358
1793 1359
1794 1359
1795 1355
1796 1357
1797 1352
1798 1356
1799 1357
1800 1355
1801 1357
1802 1354
1803 1356
1804 1358
1805 1355
1806 1355
1807 1356
1808 1355
1809 1355
1810 1357
1811 1355
1812 1355
1813 1354
1814 1357
1815 1356
1816 1356
1817 1357
1818 1358
1819 1355
1820 1356
1821 1357
1822 1356
1823 1356
1824 1357
1825 1355
1826 1355
1827 1356
1828 1355
1829 1356
1830 1356
1831 1357
1832 1354
1833 1355
1834 1355
1835 1356
1836 1354
1837 1355
1838 1355
1839 1356
1840 1355
1841 1357
1842 1355
1843 1353
1844 1354
1845 1355
1846 1356
1847 1355
1848 1359
1849 1357
1850 1356
1851 1358
1852 1357
1853 1356
1854 1357
1855 1354
1856 1356
1857 1356
1858 1355
1859 1355
1860 1356
1861 1358
1862 1357
1863 1357
1864 1357
1865 1359
1866 1357
1867 1356
1868 1355
1869 1355
1870 1358
1871 1359
1872 1355
1873 1353
1874 1356
1875 1356
1876 1356
1877 1357
1878 1357
1879 1358
1880 1356
1881 1355
1882 1357
1883 1356
1884 1357
1885 1357
1886 1357
1887 1357
1888 1357
1889 1355
1890 1356
1891 1355
1892 1357
1893 1357
1894 1356
1895 1357
1896 1356
1897 1357
1898 1356
1899 1357
1900 1356
1901 1355
1902 1358
1903 1354
1904 1356
1905 1359
1906 1357
1907 1357
1908 1358
1909 1355
1910 1358
1911 1359
1912 1356
1913 1358
1914 1359
1915 1357
1916 1358
1917 1357
1918 1358
1919 1357
1920 1357
1921 1357
1922 1357
1923 1353
1924 1357
1925 1355
1926 1356
1927 1356
1928 1354
1929 1356
1930 1356
1931 1356
1932 1357
1933 1357
1934 1357
1935 1357
1936 1356
1937 1355
1938 1357
1939 1355
1940 1357
1941 1358
1942 1357
1943 1356
1944 1357
1945 1357
1946 1357
1947 1359
1948 1358
1949 1361
1950 1360
1951 1357
1952 1356
1953 1357
1954 1356
1955 1357
1956 1358
1957 1357
1958 1358
1959 1356
1960 1356
1961 1356
1962 1357
1963 1358
1964 1358
1965 1354
1966 1358
1967 1356
1968 1359
1969 1357
1970 1356
1971 1354
1972 1357
1973 1355
1974 1356
1975 1356
1976 1357
1977 1355
1978 1357
1979 1356
1980 1356
1981 1355
1982 1355
1983 1356
1984 1356
1985 1356
1986 1355
1987 1357
1988 1358
1989 1356
1990 1357
1991 1359
1992 1356
1993 1356
1994 1357
1995 1355
1996 1357
1997 1357
1998 1357
1999 1357
2000 1358
2001 1358
2002 1358
2003 1358
2004 1357
2005 1356
2006 1357
2007 1356
2008 1362
2009 1356
2010 1357
2011 1355
2012 1358
2013 1357
2014 1356
2015 1352
2016 1355
2017 1357
2018 1356
2019 1356
2020 1357
2021 1359
2022 1357
2023 1353
2024 1353
2025 1356
2026 1359
2027 1360
2028 1356
2029 1356
2030 1356
2031 1360
2032 1358
2033 1357
2034 1359
2035 1358
2036 1358
2037 1355
2038 1358
2039 1358
2040 1357
2041 1357
2042 1354
2043 1356
2044 1356
2045 1356
2046 1354
2047 1357
2048 1357
2049 1356
2050 1360
2051 1357
2052 1359
2053 1357
2054 1356
2055 1354
2056 1356
2057 1356
2058 1356
2059 1357
2060 1354
2061 1358
2062 1358
2063 1357
2064 1356
2065 1357
2066 1354
2067 1356
2068 1356
2069 1358
2070 1355
2071 1358
2072 1359
2073 1357
2074 1357
2075 1356
2076 1356
2077 1357
2078 1355
2079 1356
2080 1358
2081 1358
2082 1355
2083 1357
2084 1357
2085 1360
2086 1357
2087 1357
2088 1358
2089 1359
2090 1356
2091 1357
2092 1354
2093 1358
2094 1356
2095 1358
2096 1356
2097 1357
2098 1355
2099 1357
2100 1356
2101 1358
2102 1355
2103 1357
2104 1354
2105 1355
2106 1358
2107 1356
2108 1358
2109 1357
2110 1357
2111 1357
2112 1358
2113 1356
2114 1356
2115 1356
2116 1357
2117 1359
2118 1359
2119 1359
2120 1357
2121 1358
2122 1358
2123 1358
2124 1356
2125 1360
2126 1355
2127 1360
2128 1357
2129 1358
2130 1355
2131 1358
2132 1359
2133 1357
2134 1357
2135 1357
2136 1356
2137 1359
2138 1357
2139 1357
2140 1356
2141 1357
2142 1354
2143 1355
2144 1356
2145 1357
2146 1355
2147 1358
2148 1356
2149 1359
2150 1357
2151 1356
2152 1358
2153 1357
2154 1358
2155 1357
2156 1356
2157 1356
2158 1355
2159 1355
2160 1357
2161 1357
2162 1356
2163 1356
2164 1356
2165 1357
2166 1356
2167 1358
2168 1355
2169 1358
2170 1357
2171 1357
2172 1355
2173 1357
2174 1357
2175 1355
2176 1357
2177 1356
2178 1356
2179 1356
2180 1357
2181 1357
2182 1356
2183 1357
2184 1356
2185 1357
2186 1355
2187 1356
2188 1358
2189 1357
2190 1356
2191 1358
2192 1356
2193 1354
2194 1355
2195 1357
2196 1357
2197 1355
2198 1355
2199 1356
2200 1357
2201 1355
2202 1355
2203 1356
2204 1355
2205 1358
2206 1356
2207 1358
2208 1356
2209 1359
2210 1357
2211 1360
2212 1357
2213 1356
2214 1355
2215 1359
2216 1359
2217 1359
2218 1356
2219 1356
2220 1356
2221 1357
2222 1355
2223 1357
2224 1355
2225 1353
2226 1356
2227 1357
2228 1356
2229 1356
2230 1354
2231 1357
2232 1357
2233 1356
2234 1356
2235 1357
2236 1357
2237 1357
2238 1358
2239 1355
2240 1356
2241 1357
2242 1357
2243 1355
2244 1356
2245 1358
2246 1359
2247 1357
2248 1356
2249 1356
2250 1355
2251 1354
2252 1355
2253 1355
2254 1356
2255 1354
2256 1354
2257 1356
2258 1355
2259 1357
2260 1356
2261 1354
2262 1354
2263 1354
2264 1357
2265 1357
2266 1360
2267 1359
2268 1356
2269 1352
2270 1356
2271 1355
2272 1358
2273 1356
2274 1357
2275 1357
2276 1357
2277 1357
2278 1360
2279 1355
2280 1359
2281 1357
2282 1357
2283 1357
2284 1357
2285 1357
2286 1357
2287 1356
2288 1358
2289 1354
2290 1355
2291 1357
2292 1354
2293 1356
2294 1356
2295 1355
2296 1357
2297 1355
2298 1356
2299 1357
2300 1357
2301 1356
2302 1356
2303 1356
2304 1358
2305 1356
2306 1358
2307 1357
2308 1359
2309 1357
2310 1357
2311 1353
2312 1357
2313 1358
2314 1355
2315 1355
2316 1357
2317 1357
2318 1356
2319 1356
2320 1358
2321 1354
2322 1356
2323 1358
2324 1357
2325 1355
2326 1358
2327 1357
2328 1356
2329 1357
2330 1356
2331 1358
2332 1358
2333 1356
2334 1357
2335 1356
2336 1356
2337 1354
2338 1354
2339 1355
2340 1356
2341 1359
2342 1357
2343 1356
2344 1358
2345 1357
2346 1356
2347 1357
2348 1356
2349 1357
2350 1356
2351 1356
2352 1357
2353 1357
2354 1358
2355 1357
2356 1356
2357 1357
2358 1356
2359 1357
2360 1355
2361 1358
2362 1359
2363 1357
2364 1354
2365 1359
2366 1358
2367 1359
2368 1357
2369 1356
2370 1357
2371 1357
2372 1359
2373 1356
2374 1357
2375 1357
2376 1357
2377 1358
2378 1356
2379 1357
2380 1356
2381 1356
2382 1355
2383 1358
2384 1355
2385 1353
2386 1354
2387 1355
2388 1355
2389 1354
2390 1355
2391 1360
2392 1358
2393 1357
2394 1357
2395 1356
2396 1358
2397 1361
2398 1357
2399 1360
2400 1357
2401 1360
2402 1357
2403 1358
2404 1355
2405 1355
2406 1356
2407 1357
2408 1359
2409 1358
2410 1358
2411 1357
2412 1360
2413 1354
2414 1357
2415 1359
2416 1356
2417 1359
2418 1357
2419 1358
2420 1355
2421 1356
2422 1357
2423 1359
2424 1356
2425 1358
2426 1356
2427 1359
2428 1358
2429 1357
2430 1357
2431 1357
2432 1357
2433 1354
2434 1356
2435 1353
2436 1356
2437 1357
2438 1358
2439 1356
2440 1356
2441 1353
2442 1357
2443 1355
2444 1356
2445 1357
2446 1356
2447 1358
2448 1355
2449 1357
2450 1355
2451 1357
2452 1357
2453 1356
2454 1358
2455 1355
2456 1358
2457 1358
2458 1356
2459 1356
2460 1359
2461 1358
2462 1358
2463 1357
2464 1357
2465 1357
2466 1360
2467 1354
2468 1356
2469 1357
2470 1355
2471 1358
2472 1358
2473 1357
2474 1359
2475 1359
2476 1358
2477 1355
2478 1357
2479 1358
2480 1355
2481 1361
2482 1358
2483 1356
2484 1356
2485 1357
2486 1355
2487 1357
2488 1356
2489 1357
2490 1356
2491 1358
2492 1359
2493 1358
2494 1359
2495 1359
2496 1356
2497 1355
2498 1355
2499 1358
2500 1358
2501 1357
2502 1360
2503 1357
2504 1358
2505 1356
2506 1356
2507 1356
2508 1355
2509 1356
2510 1359
2511 1358
2512 1359
2513 1356
2514 1356
2515 1355
2516 1358
2517 1355
2518 1358
2519 1358
2520 1359
2521 1357
2522 1356
2523 1357
2524 1356
2525 1357
2526 1357
2527 1355
2528 1355
2529 1355
2530 1358
2531 1357
2532 1359
2533 1357
2534 1356
2535 1356
2536 1356
2537 1356
2538 1357
2539 1355
2540 1356
2541 1355
2542 1359
2543 1356
2544 1356
2545 1355
2546 1356
2547 1354
2548 1355
2549 1354
2550 1358
2551 1357
2552 1358
2553 1357
2554 1358
2555 1357
2556 1356
2557 1357
2558 1355
2559 1356
2560 1358
2561 1357
2562 1358
2563 1356
2564 1357
2565 1361
2566 1357
2567 1356
2568 1355
2569 1353
2570 1356
2571 1355
2572 1356
2573 1357
2574 1357
2575 1357
2576 1356
2577 1356
2578 1357
2579 1355
2580 1356
2581 1355
2582 1356
2583 1355
2584 1357
2585 1359
2586 1357
2587 1361
2588 1356
2589 1354
2590 1356
2591 1358
2592 1356
2593 1358
2594 1358
2595 1356
2596 1358
2597 1355
2598 1357
2599 1360
2600 1358
2601 1358
2602 1357
2603 1357
2604 1357
2605 1357
2606 1357
2607 1359
2608 1357
2609 1357
2610 1359
2611 1360
2612 1359
2613 1359
2614 1358
2615 1358
2616 1358
2617 1357
2618 1356
2619 1358
2620 1356
2621 1357
2622 1356
2623 1353
2624 1356
2625 1357
2626 1357
2627 1356
2628 1356
2629 1357
2630 1356
2631 1358
2632 1358
2633 1358
2634 1354
2635 1357
2636 1358
2637 1357
2638 1359
2639 1356
2640 1358
2641 1358
2642 1358
2643 1357
2644 1356
2645 1357
2646 1356
2647 1357
2648 1357
2649 1356
2650 1357
2651 1357
2652 1356
2653 1358
2654 1354
2655 1355
2656 1354
2657 1355
2658 1356
2659 1357
2660 1357
2661 1356
2662 1357
2663 1357
2664 1356
2665 1355
2666 1356
2667 1355
2668 1357
2669 1357
2670 1357
2671 1358
2672 1359
2673 1356
2674 1357
2675 1355
2676 1357
2677 1357
2678 1357
2679 1356
2680 1357
2681 1356
2682 1357
2683 1356
2684 1355
2685 1353
2686 1357
2687 1359
2688 1357
2689 1355
2690 1358
2691 1356
2692 1355
2693 1357
2694 1356
2695 1357
2696 1359
2697 1359
2698 1357
2699 1358
2700 1358
2701 1357
2702 1358
2703 1357
2704 1359
2705 1359
2706 1358
2707 1360
2708 1356
2709 1355
2710 1358
2711 1355
2712 1358
2713 1356
2714 1356
2715 1355
2716 1355
2717 1355
2718 1358
2719 1360
2720 1357
2721 1356
2722 1358
2723 1356
2724 1358
2725 1357
2726 1357
2727 1357
2728 1356
2729 1358
2730 1358
2731 1358
2732 1358
2733 1357
2734 1356
2735 1358
2736 1358
2737 1359
2738 1356
2739 1355
2740 1358
2741 1357
2742 1358
2743 1359
2744 1358
2745 1358
2746 1354
2747 1357
2748 1355
2749 1354
2750 1355
2751 1356
2752 1357
2753 1357
2754 1357
2755 1357
2756 1357
2757 1359
2758 1358
2759 1355
2760 1358
2761 1358
2762 1356
2763 1359
2764 1356
2765 1356
2766 1357
2767 1353
2768 1358
2769 1358
2770 1359
2771 1358
2772 1357
2773 1356
2774 1355
2775 1357
2776 1357
2777 1357
2778 1359
2779 1358
2780 1356
2781 1355
2782 1356
2783 1358
2784 1356
2785 1356
2786 1356
2787 1357
2788 1355
2789 1356
2790 1357
2791 1358
2792 1356
2793 1357
2794 1355
2795 1356
2796 1358
2797 1355
2798 1354
2799 1356
2800 1353
2801 1357
2802 1356
2803 1355
2804 1355
2805 1354
2806 1358
2807 1357
2808 1358
2809 1357
2810 1357
2811 1358
2812 1355
2813 1355
2814 1357
2815 1359
2816 1356
2817 1353
2818 1356
2819 1355
2820 1356
2821 1359
2822 1356
2823 1357
2824 1356
2825 1355
2826 1356
2827 1355
2828 1357
2829 1356
2830 1357
2831 1358
2832 1358
2833 1353
2834 1354
2835 1355
2836 1357
2837 1357
2838 1358
2839 1357
2840 1356
2841 1358
2842 1361
2843 1357
2844 1355
2845 1358
2846 1358
2847 1359
2848 1356
2849 1357
2850 1353
2851 1358
2852 1356
2853 1356
2854 1357
2855 1362
2856 1357
2857 1356
2858 1357
2859 1359
2860 1358
2861 1361
2862 1356
2863 1357
2864 1357
2865 1357
2866 1356
2867 1357
2868 1357
2869 1359
2870 1359
2871 1355
2872 1354
2873 1358
2874 1357
2875 1358
2876 1355
2877 1358
2878 1357
2879 1358
2880 1358
2881 1355
2882 1356
2883 1357
2884 1358
2885 1359
2886 1360
2887 1360
2888 1358
2889 1357
2890 1356
2891 1356
2892 1356
2893 1355
2894 1356
2895 1358
2896 1356
2897 1356
2898 1357
2899 1355
2900 1358
2901 1358
2902 1357
2903 1356
2904 1356
2905 1354
2906 1359
2907 1357
2908 1354
2909 1357
2910 1356
2911 1356
2912 1357
2913 1358
2914 1357
2915 1357
2916 1357
2917 1357
2918 1356
2919 1359
2920 1357
2921 1357
2922 1359
2923 1358
2924 1357
2925 1359
2926 1354
2927 1358
2928 1354
2929 1357
2930 1356
2931 1355
2932 1356
2933 1357
2934 1356
2935 1357
2936 1354
2937 1355
2938 1354
2939 1356
2940 1356
2941 1359
2942 1356
2943 1357
2944 1356
2945 1357
2946 1358
2947 1355
2948 1355
2949 1356
2950 1357
2951 1357
2952 1356
2953 1358
2954 1356
2955 1355
2956 1357
2957 1357
2958 1358
2959 1358
2960 1358
2961 1358
2962 1358
2963 1357
2964 1356
2965 1357
2966 1355
2967 1359
2968 1357
2969 1358
2970 1358
2971 1356
2972 1356
2973 1357
2974 1359
2975 1358
2976 1356
2977 1357
2978 1357
2979 1357
2980 1360
2981 1356
2982 1356
2983 1356
2984 1357
2985 1356
2986 1356
2987 1356
2988 1357
2989 1357
2990 1356
2991 1357
2992 1359
2993 1357
2994 1358
2995 1357
2996 1356
2997 1356
2998 1354
2999 1356
3000 1355
3001 1358
3002 1358
3003 1358
3004 1356
3005 1357
3006 1356
3007 1361
3008 1358
3009 1355
3010 1357
3011 1358
3012 1356
3013 1358
3014 1357
3015 1357
3016 1356
3017 1357
3018 1355
3019 1354
3020 1356
3021 1358
3022 1357
3023 1356
3024 1356
3025 1358
3026 1356
3027 1359
3028 1356
3029 1358
3030 1355
3031 1357
3032 1354
3033 1357
3034 1357
3035 1359
3036 1354
3037 1358
3038 1354
3039 1357
3040 1356
3041 1360
3042 1356
3043 1357
3044 1357
3045 1357
3046 1359
3047 1357
3048 1357
3049 1357
3050 1356
3051 1356
3052 1358
3053 1358
3054 1356
3055 1357
3056 1356
3057 1354
3058 1355
3059 1357
3060 1356
3061 1356
3062 1359
3063 1357
3064 1359
3065 1359
3066 1357
3067 1358
3068 1356
3069 1356
3070 1355
3071 1356
3072 1356
3073 1360
3074 1357
3075 1357
3076 1357
3077 1358
3078 1354
3079 1358
3080 1357
3081 1357
3082 1356
3083 1356
3084 1356
3085 1357
3086 1357
3087 1357
3088 1356
3089 1358
3090 1358
3091 1355
3092 1356
3093 1357
3094 1357
3095 1357
3096 1358
3097 1355
3098 1356
3099 1359
3100 1356
3101 1358
3102 1354
3103 1355
3104 1358
3105 1357
3106 1356
3107 1360
3108 1357
3109 1358
3110 1357
3111 1357
3112 1356
3113 1357
3114 1355
3115 1357
3116 1357
3117 1358
3118 1357
3119 1358
3120 1356
3121 1356
3122 1356
3123 1357
3124 1354
3125 1356
3126 1357
3127 1358
3128 1358
3129 1358
3130 1354
3131 1355
3132 1356
3133 1355
3134 1357
3135 1356
3136 1357
3137 1360
3138 1357
3139 1357
3140 1354
3141 1357
3142 1357
3143 1357
3144 1356
3145 1358
3146 1356
3147 1357
3148 1358
3149 1355
3150 1355
3151 1355
3152 1357
3153 1356
3154 1355
3155 1354
3156 1355
3157 1357
3158 1355
3159 1355
3160 1356
3161 1359
3162 1358
3163 1357
3164 1356
3165 1359
3166 1358
3167 1357
3168 1357
3169 1357
3170 1356
3171 1357
3172 1356
3173 1357
3174 1354
3175 1359
3176 1357
3177 1357
3178 1354
3179 1356
3180 1358
3181 1361
3182 1355
3183 1355
3184 1357
3185 1354
3186 1357
3187 1354
3188 1354
3189 1356
3190 1357
3191 1356
3192 1357
3193 1358
3194 1356
3195 1357
3196 1354
3197 1357
3198 1359
3199 1353
3200 1356
3201 1356
3202 1358
3203 1352
3204 1355
3205 1358
3206 1356
3207 1356
3208 1356
3209 1356
3210 1355
3211 1355
3212 1355
3213 1357
3214 1357
3215 1357
3216 1356
3217 1358
3218 1358
3219 1357
3220 1358
3221 1359
3222 1358
3223 1357
3224 1354
3225 1358
3226 1356
3227 1356
3228 1359
3229 1356
3230 1359
3231 1357
3232 1358
3233 1358
3234 1357
3235 1356
3236 1356
3237 1357
3238 1360
3239 1356
3240 1356
3241 1356
3242 1357
3243 1356
3244 1356
3245 1359
3246 1356
3247 1357
3248 1356
3249 1357
3250 1354
3251 1354
3252 1355
3253 1354
3254 1356
3255 1358
3256 1355
3257 1360
3258 1359
3259 1357
3260 1356
3261 1356
3262 1356
3263 1355
3264 1358
3265 1354
3266 1357
3267 1353
3268 1354
3269 1355
3270 1357
3271 1356
3272 1356
3273 1356
3274 1358
3275 1356
3276 1355
3277 1357
3278 1356
3279 1356
3280 1355
3281 1356
3282 1361
3283 1357
3284 1357
3285 1358
3286 1356
3287 1355
3288 1356
3289 1353
3290 1356
3291 1356
3292 1360
3293 1358
3294 1356
3295 1358
3296 1357
3297 1357
3298 1356
3299 1357
3300 1355
3301 1355
3302 1353
3303 1354
3304 1356
3305 1355
3306 1357
3307 1360
3308 1358
3309 1359
3310 1357
3311 1359
3312 1356
3313 1357
3314 1357
3315 1358
3316 1357
3317 1357
3318 1356
3319 1358
3320 1357
3321 1357
3322 1356
3323 1357
3324 1356
3325 1357
3326 1356
3327 1358
3328 1355
3329 1355
3330 1355
3331 1358
3332 1356
3333 1357
3334 1356
3335 1357
3336 1358
3337 1357
3338 1357
3339 1355
3340 1360
3341 1357
3342 1357
3343 1356
3344 1358
3345 1357
3346 1358
3347 1358
3348 1358
3349 1356
3350 1356
3351 1357
3352 1357
3353 1354
3354 1358
3355 1357
3356 1356
3357 1357
3358 1356
3359 1354
3360 1356
3361 1356
3362 1356
3363 1358
3364 1357
3365 1354
3366 1355
3367 1358
3368 1356
3369 1356
3370 1356
3371 1359
3372 1356
3373 1358
3374 1355
3375 1357
3376 1357
3377 1357
3378 1355
3379 1356
3380 1358
3381 1358
3382 1357
3383 1357
3384 1356
3385 1357
3386 1356
3387 1357
3388 1356
3389 1357
3390 1355
3391 1357
3392 1356
3393 1356
3394 1355
3395 1354
3396 1357
3397 1359
3398 1358
3399 1359
3400 1358
3401 1355
3402 1356
3403 1357
3404 1356
3405 1353
3406 1357
3407 1357
3408 1355
3409 1356
3410 1357
3411 1358
3412 1357
3413 1357
3414 1356
3415 1357
3416 1358
3417 1353
3418 1358
3419 1354
3420 1356
3421 1358
3422 1357
3423 1358
3424 1356
3425 1355
3426 1358
3427 1357
3428 1356
3429 1356
3430 1358
3431 1360
3432 1359
3433 1361
3434 1357
3435 1356
3436 1359
3437 1357
3438 1358
3439 1356
3440 1357
3441 1359
3442 1358
3443 1358
3444 1357
3445 1355
3446 1358
3447 1357
3448 1355
3449 1357
3450 1358
3451 1357
3452 1358
3453 1353
3454 1356
3455 1360
3456 1358
3457 1355
3458 1356
3459 1357
3460 1357
3461 1357
3462 1356
3463 1357
3464 1356
3465 1357
3466 1357
3467 1357
3468 1357
3469 1356
3470 1357
3471 1357
3472 1356
3473 1355
3474 1358
3475 1356
3476 1354
3477 1353
3478 1354
3479 1355
3480 1357
3481 1354
3482 1362
3483 1358
3484 1357
3485 1355
3486 1358
3487 1356
3488 1358
3489 1357
3490 1359
3491 1358
3492 1358
3493 1356
3494 1358
3495 1358
3496 1360
3497 1359
3498 1355
3499 1358
3500 1358
3501 1359
3502 1358
3503 1357
3504 1355
3505 1357
3506 1358
3507 1357
3508 1358
3509 1357
3510 1356
3511 1357
3512 1358
3513 1357
3514 1358
3515 1357
3516 1359
3517 1355
3518 1357
3519 1357
3520 1359
3521 1359
3522 1358
3523 1358
3524 1356
3525 1357
3526 1358
3527 1358
3528 1356
3529 1358
3530 1358
3531 1361
3532 1361
3533 1356
3534 1356
3535 1359
3536 1358
3537 1357
3538 1357
3539 1357
3540 1358
3541 1355
3542 1355
3543 1356
3544 1356
3545 1355
3546 1356
3547 1355
3548 1358
3549 1358
3550 1356
3551 1357
3552 1356
3553 1357
3554 1357
3555 1357
3556 1358
3557 1356
3558 1357
3559 1356
3560 1358
3561 1356
3562 1356
3563 1355
3564 1358
3565 1359
3566 1357
3567 1355
3568 1358
3569 1354
3570 1358
3571 1357
3572 1355
3573 1357
3574 1357
3575 1357
3576 1359
3577 1356
3578 1358
3579 1355
3580 1357
3581 1356
3582 1360
3583 1355
3584 1356
3585 1356
3586 1357
3587 1358
3588 1358
3589 1359
3590 1359
3591 1357
3592 1356
3593 1356
3594 1356
3595 1356
3596 1359
3597 1357
3598 1358
3599 1357
3600 1356
3601 1356
3602 1355
3603 1355
3604 1357
3605 1357
3606 1360
3607 1359
3608 1356
3609 1355
3610 1352
3611 1358
3612 1357
3613 1352
3614 1356
3615 1358
3616 1356
3617 1357
3618 1355
3619 1354
3620 1358
3621 1357
3622 1357
3623 1358
3624 1358
3625 1358
3626 1358
3627 1357
3628 1356
3629 1358
3630 1362
3631 1357
3632 1359
3633 1358
3634 1356
3635 1356
3636 1357
3637 1355
3638 1355
3639 1354
3640 1357
3641 1356
3642 1358
3643 1357
3644 1358
3645 1356
3646 1359
3647 1357
3648 1356
3649 1357
3650 1358
3651 1358
3652 1358
3653 1357
3654 1358
3655 1359
3656 1358
3657 1358
3658 1356
3659 1357
3660 1356
3661 1358
3662 1358
3663 1356
3664 1357
3665 1355
3666 1356
3667 1356
3668 1356
3669 1355
3670 1359
3671 1357
3672 1359
3673 1357
3674 1358
3675 1355
3676 1359
3677 1360
3678 1358
3679 1357
3680 1356
3681 1360
3682 1359
3683 1358
3684 1356
3685 1357
3686 1357
3687 1358
3688 1354
3689 1355
3690 1356
3691 1355
3692 1358
3693 1356
3694 1355
3695 1357
3696 1357
3697 1358
3698 1356
3699 1356
3700 1356
3701 1355
3702 1358
3703 1358
3704 1357
3705 1357
3706 1355
3707 1356
3708 1358
3709 1357
3710 1356
3711 1355
3712 1357
3713 1359
3714 1359
3715 1357
3716 1355
3717 1356
3718 1356
3719 1357
3720 1357
3721 1357
3722 1358
3723 1358
3724 1356
3725 1355
3726 1356
3727 1356
3728 1358
3729 1358
3730 1359
3731 1356
3732 1355
3733 1357
3734 1356
3735 1360
3736 1359
3737 1359
3738 1357
3739 1359
3740 1358
3741 1356
3742 1355
3743 1358
3744 1359
3745 1357
3746 1357
3747 1359
3748 1360
3749 1355
3750 1358
3751 1357
3752 1355
3753 1359
3754 1357
3755 1356
3756 1355
3757 1356
3758 1355
3759 1357
3760 1356
3761 1357
3762 1358
3763 1357
3764 1356
3765 1356
3766 1356
3767 1359
3768 1358
3769 1357
3770 1358
3771 1359
3772 1358
3773 1361
3774 1357
3775 1359
3776 1358
3777 1359
3778 1360
3779 1357
3780 1358
3781 1356
3782 1356
3783 1357
3784 1357
3785 1359
3786 1358
3787 1356
3788 1356
3789 1357
3790 1357
3791 1357
3792 1357
3793 1357
3794 1356
3795 1356
3796 1357
3797 1355
3798 1359
3799 1356
3800 1357
3801 1359
3802 1356
3803 1358
3804 1359
3805 1356
3806 1357
3807 1357
3808 1358
3809 1359
3810 1357
3811 1357
3812 1357
3813 1359
3814 1358
3815 1357
3816 1359
3817 1355
3818 1359
3819 1357
3820 1358
3821 1358
3822 1356
3823 1357
3824 1356
3825 1357
3826 1357
3827 1357
3828 1357
3829 1357
3830 1359
3831 1359
3832 1358
3833 1360
3834 1356
3835 1357
3836 1358
3837 1358
3838 1357
3839 1355
3840 1355
3841 1358
3842 1359
3843 1359
3844 1356
3845 1357
3846 1356
3847 1356
3848 1356
3849 1358
3850 1358
3851 1356
3852 1356
3853 1356
3854 1357
3855 1360
3856 1356
3857 1359
3858 1357
3859 1359
3860 1356
3861 1357
3862 1356
3863 1358
3864 1355
3865 1357
3866 1356
3867 1356
3868 1353
3869 1356
3870 1358
3871 1358
3872 1359
3873 1357
3874 1355
3875 1357
3876 1356
3877 1357
3878 1356
3879 1357
3880 1356
3881 1356
3882 1355
3883 1356
3884 1355
3885 1358
3886 1354
3887 1356
3888 1357
3889 1355
3890 1356
3891 1358
3892 1360
3893 1358
3894 1358
3895 1356
3896 1356
3897 1356
3898 1356
3899 1358
3900 1355
3901 1358
3902 1356
3903 1358
3904 1358
3905 1358
3906 1356
3907 1357
3908 1356
3909 1358
3910 1355
3911 1356
3912 1356
3913 1356
3914 1355
3915 1355
3916 1355
3917 1357
3918 1357
3919 1356
3920 1356
3921 1358
3922 1359
3923 1356
3924 1355
3925 1356
3926 1354
3927 1356
3928 1355
3929 1355
3930 1357
3931 1357
3932 1356
3933 1358
3934 1355
3935 1358
3936 1356
3937 1358
3938 1356
3939 1358
3940 1357
3941 1356
3942 1356
3943 1356
3944 1355
3945 1360
3946 1355
3947 1357
3948 1355
3949 1357
3950 1354
3951 1359
3952 1356
3953 1358
3954 1357
3955 1358
3956 1354
3957 1357
3958 1357
3959 1357
3960 1359
3961 1360
3962 1357
3963 1354
3964 1357
3965 1356
3966 1358
3967 1356
3968 1357
3969 1358
3970 1358
3971 1359
3972 1357
3973 1357
3974 1355
3975 1356
3976 1358
3977 1358
3978 1358
3979 1356
3980 1356
3981 1358
3982 1357
3983 1357
3984 1356
3985 1357
3986 1355
3987 1358
3988 1358
3989 1358
3990 1356
3991 1355
3992 1357
3993 1358
3994 1358
3995 1356
3996 1357
3997 1356
3998 1354
3999 1357
