0 1353
1 1356
2 1357
3 1356
4 1356
5 1356
6 1356
7 1355
8 1355
9 1355
10 1357
11 1353
12 1353
13 1357
14 1355
15 1352
16 1350
17 1353
18 1356
19 1355
20 1351
21 1353
22 1352
23 1352
24 1352
25 1352
26 1352
27 1354
28 1351
29 1352
30 1353
31 1354
32 1356
33 1355
34 1357
35 1350
36 1354
37 1355
38 1355
39 1355
40 1352
41 1352
42 1354
43 1358
44 1352
45 1355
46 1356
47 1354
48 1352
49 1354
50 1353
51 1355
52 1355
53 1357
54 1353
55 1354
56 1354
57 1352
58 1354
59 1355
60 1353
61 1354
62 1356
63 1354
64 1352
65 1352
66 1354
67 1356
68 1354
69 1355
70 1352
71 1355
72 1356
73 1355
74 1353
75 1356
76 1351
77 1353
78 1352
79 1353
80 1353
81 1354
82 1352
83 1356
84 1353
85 1353
86 1355
87 1354
88 1352
89 1352
90 1355
91 1354
92 1351
93 1356
94 1353
95 1356
96 1354
97 1352
98 1353
99 1354
100 1355
101 1356
102 1354
103 1356
104 1357
105 1354
106 1355
107 1354
108 1354
109 1352
110 1355
111 1354
112 1353
113 1354
114 1352
115 1353
116 1354
117 1353
118 1353
119 1355
120 1352
121 1357
122 1353
123 1356
124 1354
125 1353
126 1354
127 1355
128 1356
129 1355
130 1353
131 1355
132 1354
133 1356
134 1353
135 1353
136 1354
137 1356
138 1352
139 1355
140 1353
141 1354
142 1353
143 1354
144 1353
145 1355
146 1354
147 1357
148 1355
149 1355
150 1356
151 1356
152 1353
153 1355
154 1354
155 1356
156 1357
157 1354
158 1354
159 1352
160 1352
161 1354
162 1357
163 1355
164 1355
165 1352
166 1355
167 1355
168 1355
169 1352
170 1350
171 1355
172 1358
173 1354
174 1353
175 1353
176 1357
177 1354
178 1356
179 1353
180 1350
181 1353
182 1356
183 1355
184 1354
185 1353
186 1355
187 1354
188 1354
189 1357
190 1356
191 1354
192 1356
193 1355
194 1355
195 1352
196 1355
197 1353
198 1356
199 1355
200 1353
201 1356
202 1357
203 1354
204 1353
205 1355
206 1356
207 1352
208 1354
209 1353
210 1354
211 1355
212 1357
213 1356
214 1356
215 1355
216 1355
217 1356
218 1353
219 1352
220 1352
221 1352
222 1354
223 1356
224 1353
225 1358
226 1357
227 1355
228 1354
229 1354
230 1357
231 1355
232 1354
233 1355
234 1353
235 1356
236 1354
237 1355
238 1355
239 1355
240 1353
241 1353
242 1353
243 1355
244 1356
245 1356
246 1355
247 1354
248 1352
249 1353
250 1353
251 1356
252 1354
253 1355
254 1355
255 1355
256 1356
257 1356
258 1356
259 1352
260 1353
261 1355
262 1355
263 1352
264 1354
265 1354
266 1355
267 1354
268 1352
269 1354
270 1355
271 1353
272 1357
273 1356
274 1354
275 1357
276 1356
277 1356
278 1357
279 1355
280 1356
281 1356
282 1354
283 1355
284 1354
285 1358
286 1357
287 1355
288 1356
289 1355
290 1356
291 1356
292 1356
293 1355
294 1354
295 1356
296 1357
297 1352
298 1354
299 1354
300 1354
301 1354
302 1354
303 1352
304 1357
305 1353
306 1353
307 1355
308 1356
309 1356
310 1357
311 1354
312 1353
313 1354
314 1356
315 1355
316 1352
317 1355
318 1354
319 1355
320 1353
321 1354
322 1354
323 1353
324 1353
325 1352
326 1352
327 1353
328 1352
329 1356
330 1354
331 1354
332 1353
333 1355
334 1351
335 1355
336 1355
337 1355
338 1353
339 1353
340 1354
341 1358
342 1355
343 1356
344 1353
345 1353
346 1355
347 1358
348 1357
349 1353
350 1353
351 1354
352 1361
353 1357
354 1352
355 1354
356 1354
357 1355
358 1354
359 1354
360 1353
361 1352
362 1353
363 1354
364 1357
365 1353
366 1352
367 1352
368 1355
369 1356
370 1354
371 1354
372 1353
373 1360
374 1356
375 1352
376 1351
377 1355
378 1356
379 1354
380 1350
381 1353
382 1357
383 1352
384 1354
385 1355
386 1353
387 1354
388 1351
389 1352
390 1352
391 1354
392 1356
393 1354
394 1356
395 1353
396 1356
397 1355
398 1354
399 1350
400 1352
401 1352
402 1355
403 1355
404 1355
405 1353
406 1355
407 1354
408 1354
409 1353
410 1357
411 1354
412 1358
413 1355
414 1355
415 1350
416 1353
417 1353
418 1353
419 1354
420 1354
421 1354
422 1356
423 1355
424 1356
425 1355
426 1356
427 1355
428 1355
429 1356
430 1354
431 1355
432 1353
433 1354
434 1353
435 1356
436 1354
437 1354
438 1354
439 1355
440 1352
441 1353
442 1354
443 1354
444 1350
445 1354
446 1353
447 1356
448 1354
449 1354
450 1354
451 1352
452 1352
453 1354
454 1354
455 1355
456 1356
457 1354
458 1353
459 1353
460 1354
461 1354
462 1355
463 1355
464 1353
465 1350
466 1355
467 1353
468 1355
469 1354
470 1353
471 1351
472 1355
473 1355
474 1357
475 1356
476 1355
477 1355
478 1352
479 1354
480 1354
481 1354
482 1354
483 1355
484 1352
485 1355
486 1357
487 1353
488 1351
489 1352
490 1355
491 1354
492 1353
493 1354
494 1353
495 1354
496 1356
497 1356
498 1355
499 1353
500 1353
501 1353
502 1354
503 1354
504 1354
505 1355
506 1352
507 1353
508 1354
509 1355
510 1353
511 1350
512 1353
513 1353
514 1353
515 1352
516 1355
517 1354
518 1354
519 1356
520 1355
521 1352
522 1357
523 1355
524 1350
525 1350
526 1354
527 1356
528 1353
529 1353
530 1355
531 1356
532 1359
533 1358
534 1354
535 1359
536 1365
537 1371
538 1382
539 1390
540 1410
541 1427
542 1450
543 1473
544 1497
545 1521
546 1546
547 1569
548 1588
549 1604
550 1621
551 1640
552 1651
553 1657
554 1665
555 1668
556 1677
557 1681
558 1684
559 1682
560 1680
561 1671
562 1667
563 1654
564 1646
565 1638
566 1630
567 1617
568 1604
569 1592
570 1577
571 1565
572 1553
573 1541
574 1533
575 1525
576 1515
577 1508
578 1503
579 1493
580 1482
581 1476
582 1464
583 1460
584 1450
585 1445
586 1438
587 1437
588 1429
589 1420
590 1418
591 1413
592 1416
593 1409
594 1405
595 1398
596 1398
597 1393
598 1394
599 1388
600 1388
601 1384
602 1384
603 1378
604 1381
605 1375
606 1374
607 1372
608 1373
609 1370
610 1373
611 1371
612 1372
613 1365
614 1365
615 1366
616 1365
617 1363
618 1363
619 1361
620 1363
621 1358
622 1364
623 1358
624 1360
625 1359
626 1359
627 1362
628 1361
629 1358
630 1358
631 1357
632 1359
633 1356
634 1356
635 1358
636 1355
637 1358
638 1357
639 1360
640 1357
641 1360
642 1357
643 1359
644 1358
645 1358
646 1355
647 1357
648 1355
649 1357
650 1353
651 1353
652 1357
653 1355
654 1355
655 1357
656 1356
657 1353
658 1358
659 1354
660 1353
661 1352
662 1355
663 1354
664 1354
665 1354
666 1354
667 1354
668 1353
669 1355
670 1353
671 1354
672 1353
673 1355
674 1355
675 1354
676 1353
677 1356
678 1357
679 1352
680 1353
681 1352
682 1354
683 1354
684 1354
685 1356
686 1357
687 1354
688 1352
689 1351
690 1356
691 1357
692 1354
693 1352
694 1352
695 1354
696 1353
697 1351
698 1355
699 1355
700 1353
701 1352
702 1354
703 1354
704 1358
705 1355
706 1355
707 1354
708 1356
709 1354
710 1355
711 1357
712 1355
713 1356
714 1355
715 1353
716 1354
717 1355
718 1355
719 1352
720 1355
721 1355
722 1355
723 1353
724 1353
725 1355
726 1357
727 1355
728 1354
729 1354
730 1355
731 1353
732 1355
733 1354
734 1354
735 1355
736 1357
737 1356
738 1355
739 1355
740 1354
741 1355
742 1353
743 1355
744 1355
745 1354
746 1356
747 1354
748 1354
749 1355
750 1354
751 1354
752 1355
753 1350
754 1354
755 1358
756 1355
757 1353
758 1357
759 1356
760 1357
761 1356
762 1356
763 1357
764 1357
765 1356
766 1353
767 1352
768 1357
769 1354
770 1354
771 1355
772 1353
773 1354
774 1354
775 1354
776 1357
777 1354
778 1355
779 1350
780 1353
781 1355
782 1355
783 1352
784 1353
785 1353
786 1355
787 1353
788 1355
789 1351
790 1354
791 1353
792 1354
793 1355
794 1356
795 1352
796 1357
797 1353
798 1356
799 1353
800 1356
801 1353
802 1353
803 1357
804 1358
805 1354
806 1355
807 1353
808 1355
809 1354
810 1356
811 1353
812 1355
813 1351
814 1353
815 1355
816 1355
817 1356
818 1356
819 1354
820 1354
821 1354
822 1356
823 1353
824 1354
825 1355
826 1356
827 1357
828 1355
829 1353
830 1358
831 1352
832 1354
833 1354
834 1356
835 1354
836 1353
837 1353
838 1354
839 1354
840 1356
841 1356
842 1356
843 1352
844 1354
845 1353
846 1354
847 1356
848 1356
849 1355
850 1353
851 1356
852 1355
853 1355
854 1352
855 1353
856 1355
857 1353
858 1355
859 1354
860 1353
861 1356
862 1352
863 1353
864 1351
865 1350
866 1354
867 1353
868 1353
869 1355
870 1353
871 1353
872 1356
873 1354
874 1352
875 1352
876 1352
877 1354
878 1355
879 1351
880 1354
881 1351
882 1352
883 1352
884 1354
885 1354
886 1353
887 1351
888 1355
889 1356
890 1354
891 1353
892 1355
893 1353
894 1355
895 1355
896 1356
897 1353
898 1355
899 1353
900 1356
901 1352
902 1353
903 1351
904 1354
905 1353
906 1354
907 1352
908 1354
909 1352
910 1354
911 1353
912 1354
913 1354
914 1354
915 1353
916 1357
917 1354
918 1353
919 1352
920 1353
921 1353
922 1356
923 1352
924 1353
925 1353
926 1354
927 1355
928 1354
929 1353
930 1354
931 1354
932 1354
933 1353
934 1356
935 1355
936 1355
937 1354
938 1355
939 1354
940 1354
941 1351
942 1356
943 1355
944 1355
945 1353
946 1355
947 1352
948 1353
949 1354
950 1357
951 1354
952 1355
953 1354
954 1355
955 1354
956 1354
957 1352
958 1351
959 1354
960 1353
961 1354
962 1353
963 1356
964 1355
965 1352
966 1351
967 1352
968 1352
969 1350
970 1354
971 1354
972 1354
973 1353
974 1355
975 1351
976 1352
977 1353
978 1353
979 1353
980 1353
981 1352
982 1353
983 1352
984 1354
985 1353
986 1355
987 1353
988 1356
989 1353
990 1352
991 1351
992 1356
993 1355
994 1353
995 1351
996 1353
997 1353
998 1354
999 1353
1000 1353
1001 1351
1002 1354
1003 1350
1004 1353
1005 1352
1006 1356
1007 1354
1008 1354
1009 1351
1010 1355
1011 1354
1012 1354
1013 1352
1014 1354
1015 1356
1016 1353
1017 1354
1018 1353
1019 1354
1020 1352
1021 1354
1022 1356
1023 1352
1024 1352
1025 1352
1026 1353
1027 1353
1028 1357
1029 1350
1030 1354
1031 1351
1032 1352
1033 1353
1034 1353
1035 1350
1036 1353
1037 1352
1038 1356
1039 1352
1040 1353
1041 1355
1042 1357
1043 1354
1044 1353
1045 1353
1046 1355
1047 1353
1048 1356
1049 1355
1050 1355
1051 1353
1052 1353
1053 1354
1054 1355
1055 1353
1056 1355
1057 1354
1058 1354
1059 1354
1060 1353
1061 1355
1062 1355
1063 1354
1064 1354
1065 1352
1066 1354
1067 1354
1068 1354
1069 1351
1070 1354
1071 1354
1072 1355
1073 1353
1074 1356
1075 1353
1076 1355
1077 1357
1078 1356
1079 1352
1080 1355
1081 1354
1082 1357
1083 1353
1084 1356
1085 1352
1086 1356
1087 1355
1088 1356
1089 1353
1090 1357
1091 1352
1092 1355
1093 1354
1094 1353
1095 1354
1096 1355
1097 1354
1098 1355
1099 1353
1100 1351
1101 1354
1102 1355
1103 1353
1104 1356
1105 1352
1106 1355
1107 1355
1108 1355
1109 1353
1110 1354
1111 1356
1112 1353
1113 1353
1114 1353
1115 1354
1116 1354
1117 1351
1118 1356
1119 1352
1120 1354
1121 1353
1122 1353
1123 1355
1124 1354
1125 1353
1126 1352
1127 1353
1128 1353
1129 1351
1130 1354
1131 1354
1132 1353
1133 1352
1134 1355
1135 1351
1136 1352
1137 1356
1138 1352
1139 1354
1140 1355
1141 1353
1142 1355
1143 1353
1144 1354
1145 1352
1146 1352
1147 1355
1148 1351
1149 1352
1150 1352
1151 1355
1152 1355
1153 1355
1154 1355
1155 1353
1156 1353
1157 1352
1158 1355
1159 1356
1160 1355
1161 1353
1162 1354
1163 1357
1164 1355
1165 1354
1166 1354
1167 1355
1168 1353
1169 1353
1170 1355
1171 1354
1172 1352
1173 1353
1174 1353
1175 1353
1176 1353
1177 1352
1178 1355
1179 1355
1180 1355
1181 1354
1182 1354
1183 1353
1184 1354
1185 1352
1186 1353
1187 1355
1188 1355
1189 1354
1190 1352
1191 1350
1192 1354
1193 1353
1194 1354
1195 1354
1196 1354
1197 1352
1198 1354
1199 1354
1200 1351
1201 1351
1202 1353
1203 1352
1204 1356
1205 1355
1206 1354
1207 1354
1208 1355
1209 1353
1210 1354
1211 1353
1212 1354
1213 1354
1214 1349
1215 1351
1216 1351
1217 1353
1218 1355
1219 1355
1220 1355
1221 1351
1222 1354
1223 1353
1224 1354
1225 1354
1226 1353
1227 1353
1228 1353
1229 1352
1230 1352
1231 1355
1232 1353
1233 1352
1234 1352
1235 1354
1236 1353
1237 1355
1238 1351
1239 1351
1240 1350
1241 1351
1242 1352
1243 1350
1244 1353
1245 1354
1246 1354
1247 1355
1248 1354
1249 1351
1250 1353
1251 1353
1252 1353
1253 1353
1254 1355
1255 1356
1256 1355
1257 1354
1258 1352
1259 1351
1260 1351
1261 1356
1262 1352
1263 1351
1264 1353
1265 1349
1266 1353
1267 1351
1268 1352
1269 1352
1270 1351
1271 1353
1272 1355
1273 1352
1274 1352
1275 1349
1276 1357
1277 1356
1278 1355
1279 1353
1280 1357
1281 1351
1282 1355
1283 1354
1284 1355
1285 1354
1286 1354
1287 1349
1288 1354
1289 1352
1290 1352
1291 1352
1292 1353
1293 1350
1294 1351
1295 1352
1296 1355
1297 1352
1298 1352
1299 1352
1300 1353
1301 1352
1302 1356
1303 1351
1304 1352
1305 1353
1306 1353
1307 1353
1308 1354
1309 1355
1310 1355
1311 1352
1312 1356
1313 1353
1314 1355
1315 1353
1316 1354
1317 1353
1318 1354
1319 1352
1320 1355
1321 1351
1322 1356
1323 1353
1324 1353
1325 1352
1326 1352
1327 1351
1328 1352
1329 1351
1330 1355
1331 1354
1332 1355
1333 1351
1334 1353
1335 1356
1336 1355
1337 1353
1338 1355
1339 1352
1340 1349
1341 1351
1342 1355
1343 1353
1344 1358
1345 1352
1346 1355
1347 1353
1348 1353
1349 1354
1350 1353
1351 1352
1352 1353
1353 1354
1354 1356
1355 1353
1356 1354
1357 1354
1358 1355
1359 1355
1360 1356
1361 1355
1362 1357
1363 1353
1364 1353
1365 1353
1366 1352
1367 1353
1368 1352
1369 1354
1370 1353
1371 1355
1372 1354
1373 1352
1374 1353
1375 1354
1376 1355
1377 1357
1378 1358
1379 1356
1380 1353
1381 1356
1382 1356
1383 1354
1384 1352
1385 1351
1386 1352
1387 1352
1388 1354
1389 1354
1390 1355
1391 1352
1392 1353
1393 1351
1394 1353
1395 1353
1396 1353
1397 1354
1398 1353
1399 1354
1400 1354
1401 1352
1402 1351
1403 1353
1404 1353
1405 1353
1406 1352
1407 1354
1408 1355
1409 1354
1410 1355
1411 1355
1412 1353
1413 1356
1414 1355
1415 1355
1416 1352
1417 1355
1418 1353
1419 1355
1420 1356
1421 1353
1422 1355
1423 1353
1424 1355
1425 1352
1426 1355
1427 1353
1428 1355
1429 1354
1430 1355
1431 1353
1432 1357
1433 1355
1434 1354
1435 1352
1436 1353
1437 1353
1438 1355
1439 1352
1440 1353
1441 1354
1442 1356
1443 1354
1444 1352
1445 1356
1446 1355
1447 1354
1448 1354
1449 1354
1450 1354
1451 1354
1452 1350
1453 1353
1454 1354
1455 1353
1456 1355
1457 1355
1458 1353
1459 1352
1460 1356
1461 1353
1462 1354
1463 1352
1464 1353
1465 1354
1466 1352
1467 1354
1468 1355
1469 1353
1470 1356
1471 1355
1472 1353
1473 1353
1474 1353
1475 1354
1476 1356
1477 1353
1478 1357
1479 1355
1480 1352
1481 1355
1482 1353
1483 1354
1484 1354
1485 1353
1486 1354
1487 1353
1488 1350
1489 1352
1490 1353
1491 1356
1492 1356
1493 1353
1494 1350
1495 1352
1496 1353
1497 1357
1498 1353
1499 1353
1500 1354
1501 1355
1502 1354
1503 1353
1504 1354
1505 1354
1506 1355
1507 1353
1508 1356
1509 1353
1510 1352
1511 1354
1512 1355
1513 1356
1514 1354
1515 1355
1516 1357
1517 1352
1518 1349
1519 1349
1520 1350
1521 1352
1522 1350
1523 1354
1524 1353
1525 1356
1526 1356
1527 1356
1528 1353
1529 1356
1530 1356
1531 1355
1532 1354
1533 1355
1534 1356
1535 1356
1536 1353
1537 1352
1538 1355
1539 1356
1540 1354
1541 1354
1542 1353
1543 1357
1544 1354
1545 1353
1546 1351
1547 1352
1548 1352
1549 1356
1550 1354
1551 1354
1552 1354
1553 1354
1554 1353
1555 1355
1556 1355
1557 1356
1558 1355
1559 1355
1560 1351
1561 1355
1562 1357
1563 1353
1564 1354
1565 1354
1566 1356
1567 1356
1568 1354
1569 1353
1570 1355
1571 1355
1572 1354
1573 1354
1574 1356
1575 1354
1576 1354
1577 1355
1578 1357
1579 1354
1580 1354
1581 1354
1582 1353
1583 1354
1584 1357
1585 1353
1586 1351
1587 1353
1588 1355
1589 1355
1590 1354
1591 1356
1592 1353
1593 1354
1594 1353
1595 1355
1596 1355
1597 1352
1598 1349
1599 1351
1600 1354
1601 1354
1602 1357
1603 1352
1604 1353
1605 1352
1606 1355
1607 1355
1608 1354
1609 1354
1610 1352
1611 1353
1612 1354
1613 1355
1614 1353
1615 1353
1616 1355
1617 1354
1618 1352
1619 1354
1620 1354
1621 1355
1622 1355
1623 1355
1624 1355
1625 1356
1626 1353
1627 1355
1628 1350
1629 1354
1630 1352
1631 1354
1632 1350
1633 1352
1634 1353
1635 1353
1636 1355
1637 1354
1638 1350
1639 1353
1640 1352
1641 1354
1642 1354
1643 1353
1644 1355
1645 1353
1646 1353
1647 1353
1648 1353
1649 1354
1650 1351
1651 1354
1652 1355
1653 1355
1654 1354
1655 1355
1656 1352
1657 1355
1658 1353
1659 1353
1660 1354
1661 1353
1662 1355
1663 1352
1664 1353
1665 1351
1666 1353
1667 1354
1668 1353
1669 1354
1670 1353
1671 1354
1672 1350
1673 1353
1674 1355
1675 1354
1676 1355
1677 1356
1678 1352
1679 1355
1680 1356
1681 1354
1682 1353
1683 1355
1684 1355
1685 1356
1686 1353
1687 1354
1688 1353
1689 1353
1690 1353
1691 1353
1692 1355
1693 1355
1694 1353
1695 1355
1696 1353
1697 1353
1698 1350
1699 1353
1700 1353
1701 1354
1702 1354
1703 1355
1704 1354
1705 1355
1706 1354
1707 1354
1708 1355
1709 1353
1710 1353
1711 1357
1712 1355
1713 1355
1714 1355
1715 1356
1716 1353
1717 1355
1718 1352
1719 1354
1720 1353
1721 1355
1722 1354
1723 1353
1724 1354
1725 1354
1726 1353
1727 1355
1728 1354
1729 1352
1730 1355
1731 1354
1732 1357
1733 1353
1734 1353
1735 1352
1736 1352
1737 1355
1738 1353
1739 1353
1740 1356
1741 1353
1742 1355
1743 1355
1744 1355
1745 1355
1746 1356
1747 1354
1748 1357
1749 1355
1750 1357
1751 1355
1752 1353
1753 1354
1754 1352
1755 1354
1756 1356
1757 1354
1758 1355
1759 1354
1760 1351
1761 1354
1762 1353
1763 1352
1764 1352
1765 1349
1766 1354
1767 1353
1768 1353
1769 1354
1770 1352
1771 1351
1772 1357
1773 1353
1774 1352
1775 1354
1776 1353
1777 1354
1778 1356
1779 1355
1780 1352
1781 1353
1782 1352
1783 1352
1784 1353
1785 1353
1786 1356
1787 1353
1788 1353
1789 1354
1790 1353
1791 1351
1792 1354
1793 1354
1794 1352
1795 1354
1796 1353
1797 1355
1798 1352
1799 1352
1800 1353
1801 1355
1802 1355
1803 1355
1804 1354
1805 1354
1806 1354
1807 1354
1808 1354
1809 1353
1810 1355
1811 1353
1812 1352
1813 1354
1814 1352
1815 1352
1816 1351
1817 1349
1818 1354
1819 1352
1820 1353
1821 1352
1822 1355
1823 1353
1824 1353
1825 1354
1826 1355
1827 1352
1828 1353
1829 1354
1830 1352
1831 1353
1832 1354
1833 1354
1834 1354
1835 1353
1836 1354
1837 1356
1838 1355
1839 1353
1840 1354
1841 1353
1842 1353
1843 1353
1844 1355
1845 1352
1846 1356
1847 1354
1848 1350
1849 1354
1850 1352
1851 1352
1852 1353
1853 1353
1854 1353
1855 1351
1856 1354
1857 1353
1858 1353
1859 1352
1860 1354
1861 1352
1862 1353
1863 1355
1864 1353
1865 1352
1866 1352
1867 1355
1868 1353
1869 1352
1870 1357
1871 1352
1872 1354
1873 1353
1874 1354
1875 1354
1876 1356
1877 1353
1878 1352
1879 1354
1880 1354
1881 1353
1882 1356
1883 1351
1884 1355
1885 1354
1886 1356
1887 1353
1888 1350
1889 1355
1890 1355
1891 1353
1892 1355
1893 1351
1894 1352
1895 1355
1896 1355
1897 1355
1898 1355
1899 1352
1900 1354
1901 1354
1902 1354
1903 1355
1904 1356
1905 1357
1906 1357
1907 1355
1908 1357
1909 1353
1910 1353
1911 1353
1912 1352
1913 1351
1914 1351
1915 1354
1916 1353
1917 1354
1918 1352
1919 1354
1920 1354
1921 1354
1922 1354
1923 1353
1924 1351
1925 1353
1926 1352
1927 1353
1928 1353
1929 1353
1930 1352
1931 1355
1932 1355
1933 1352
1934 1353
1935 1353
1936 1354
1937 1353
1938 1353
1939 1354
1940 1356
1941 1351
1942 1353
1943 1356
1944 1355
1945 1354
1946 1355
1947 1353
1948 1356
1949 1354
1950 1356
1951 1351
1952 1353
1953 1352
1954 1353
1955 1352
1956 1353
1957 1351
1958 1353
1959 1355
1960 1357
1961 1354
1962 1352
1963 1355
1964 1351
1965 1352
1966 1353
1967 1355
1968 1355
1969 1354
1970 1355
1971 1353
1972 1353
1973 1355
1974 1354
1975 1352
1976 1354
1977 1355
1978 1352
1979 1352
1980 1353
1981 1355
1982 1354
1983 1354
1984 1354
1985 1354
1986 1354
1987 1353
1988 1355
1989 1354
1990 1352
1991 1355
1992 1357
1993 1355
1994 1354
1995 1352
1996 1352
1997 1354
1998 1356
1999 1352
2000 1355
2001 1355
2002 1352
2003 1352
2004 1352
2005 1351
2006 1353
2007 1356
2008 1355
2009 1354
2010 1355
2011 1353
2012 1355
2013 1356
2014 1354
2015 1356
2016 1355
2017 1353
2018 1355
2019 1354
2020 1354
2021 1353
2022 1356
2023 1354
2024 1353
2025 1354
2026 1353
2027 1355
2028 1354
2029 1352
2030 1355
2031 1354
2032 1356
2033 1354
2034 1353
2035 1354
2036 1354
2037 1356
2038 1355
2039 1353
2040 1355
2041 1351
2042 1356
2043 1353
2044 1352
2045 1353
2046 1355
2047 1355
2048 1354
2049 1353
2050 1350
2051 1355
2052 1357
2053 1355
2054 1353
2055 1355
2056 1355
2057 1356
2058 1354
2059 1355
2060 1355
2061 1355
2062 1353
2063 1356
2064 1356
2065 1354
2066 1353
2067 1354
2068 1354
2069 1354
2070 1356
2071 1354
2072 1356
2073 1354
2074 1355
2075 1353
2076 1353
2077 1355
2078 1355
2079 1356
2080 1356
2081 1356
2082 1356
2083 1355
2084 1353
2085 1353
2086 1351
2087 1352
2088 1354
2089 1353
2090 1355
2091 1355
2092 1353
2093 1353
2094 1357
2095 1353
2096 1355
2097 1354
2098 1356
2099 1356
2100 1352
2101 1353
2102 1353
2103 1353
2104 1353
2105 1354
2106 1354
2107 1353
2108 1354
2109 1354
2110 1354
2111 1354
2112 1355
2113 1356
2114 1355
2115 1353
2116 1352
2117 1357
2118 1353
2119 1355
2120 1354
2121 1354
2122 1356
2123 1352
2124 1354
2125 1354
2126 1352
2127 1353
2128 1354
2129 1354
2130 1355
2131 1354
2132 1356
2133 1354
2134 1356
2135 1356
2136 1353
2137 1355
2138 1355
2139 1355
2140 1354
2141 1353
2142 1357
2143 1354
2144 1352
2145 1356
2146 1353
2147 1353
2148 1352
2149 1352
2150 1355
2151 1355
2152 1353
2153 1352
2154 1355
2155 1356
2156 1356
2157 1355
2158 1353
2159 1351
2160 1355
2161 1352
2162 1355
2163 1355
2164 1354
2165 1352
2166 1356
2167 1352
2168 1355
2169 1357
2170 1353
2171 1356
2172 1356
2173 1351
2174 1352
2175 1354
2176 1354
2177 1352
2178 1357
2179 1357
2180 1356
2181 1355
2182 1354
2183 1354
2184 1353
2185 1355
2186 1353
2187 1352
2188 1353
2189 1356
2190 1355
2191 1356
2192 1353
2193 1352
2194 1353
2195 1355
2196 1353
2197 1353
2198 1353
2199 1355
2200 1354
2201 1356
2202 1354
2203 1356
2204 1354
2205 1356
2206 1351
2207 1353
2208 1355
2209 1353
2210 1355
2211 1352
2212 1353
2213 1354
2214 1353
2215 1353
2216 1354
2217 1353
2218 1353
2219 1352
2220 1351
2221 1353
2222 1354
2223 1353
2224 1353
2225 1354
2226 1356
2227 1352
2228 1352
2229 1353
2230 1354
2231 1354
2232 1355
2233 1355
2234 1354
2235 1353
2236 1352
2237 1353
2238 1356
2239 1352
2240 1353
2241 1352
2242 1352
2243 1357
2244 1353
2245 1356
2246 1354
2247 1356
2248 1354
2249 1354
2250 1356
2251 1356
2252 1355
2253 1353
2254 1355
2255 1352
2256 1353
2257 1356
2258 1352
2259 1353
2260 1356
2261 1354
2262 1354
2263 1353
2264 1352
2265 1353
2266 1353
2267 1353
2268 1353
2269 1355
2270 1356
2271 1354
2272 1355
2273 1352
2274 1353
2275 1356
2276 1354
2277 1353
2278 1351
2279 1352
2280 1350
2281 1355
2282 1355
2283 1353
2284 1355
2285 1353
2286 1352
2287 1353
2288 1355
2289 1352
2290 1356
2291 1353
2292 1353
2293 1353
2294 1353
2295 1352
2296 1353
2297 1355
2298 1353
2299 1353
2300 1354
2301 1352
2302 1353
2303 1353
2304 1352
2305 1353
2306 1355
2307 1355
2308 1354
2309 1352
2310 1356
2311 1353
2312 1355
2313 1354
2314 1357
2315 1353
2316 1352
2317 1351
2318 1356
2319 1354
2320 1353
2321 1354
2322 1354
2323 1352
2324 1357
2325 1356
2326 1354
2327 1353
2328 1355
2329 1354
2330 1353
2331 1355
2332 1354
2333 1355
2334 1354
2335 1352
2336 1356
2337 1354
2338 1357
2339 1352
2340 1356
2341 1353
2342 1357
2343 1356
2344 1356
2345 1355
2346 1355
2347 1353
2348 1354
2349 1354
2350 1357
2351 1354
2352 1357
2353 1356
2354 1355
2355 1355
2356 1354
2357 1354
2358 1354
2359 1354
2360 1354
2361 1353
2362 1354
2363 1354
2364 1351
2365 1355
2366 1352
2367 1354
2368 1356
2369 1354
2370 1354
2371 1351
2372 1353
2373 1355
2374 1354
2375 1353
2376 1352
2377 1355
2378 1355
2379 1353
2380 1352
2381 1354
2382 1357
2383 1355
2384 1354
2385 1354
2386 1355
2387 1355
2388 1354
2389 1352
2390 1357
2391 1355
2392 1355
2393 1356
2394 1354
2395 1354
2396 1356
2397 1352
2398 1354
2399 1353
2400 1354
2401 1351
2402 1351
2403 1354
2404 1354
2405 1351
2406 1353
2407 1354
2408 1355
2409 1353
2410 1355
2411 1354
2412 1354
2413 1350
2414 1352
2415 1351
2416 1353
2417 1351
2418 1352
2419 1353
2420 1354
2421 1355
2422 1357
2423 1354
2424 1354
2425 1353
2426 1353
2427 1353
2428 1352
2429 1350
2430 1351
2431 1349
2432 1352
2433 1351
2434 1353
2435 1354
2436 1352
2437 1353
2438 1354
2439 1351
2440 1355
2441 1354
2442 1354
2443 1356
2444 1354
2445 1353
2446 1353
2447 1352
2448 1354
2449 1355
2450 1357
2451 1353
2452 1353
2453 1352
2454 1356
2455 1354
2456 1354
2457 1355
2458 1353
2459 1353
2460 1356
2461 1352
2462 1354
2463 1356
2464 1353
2465 1355
2466 1354
2467 1353
2468 1353
2469 1355
2470 1352
2471 1351
2472 1354
2473 1351
2474 1353
2475 1355
2476 1355
2477 1352
2478 1353
2479 1354
2480 1355
2481 1353
2482 1354
2483 1352
2484 1356
2485 1355
2486 1356
2487 1356
2488 1354
2489 1355
2490 1356
2491 1355
2492 1350
2493 1353
2494 1354
2495 1354
2496 1354
2497 1353
2498 1354
2499 1354
2500 1352
2501 1352
2502 1351
2503 1354
2504 1350
2505 1353
2506 1357
2507 1353
2508 1353
2509 1352
2510 1356
2511 1353
2512 1354
2513 1355
2514 1354
2515 1354
2516 1355
2517 1352
2518 1355
2519 1354
2520 1356
2521 1356
2522 1354
2523 1353
2524 1352
2525 1355
2526 1355
2527 1352
2528 1355
2529 1352
2530 1356
2531 1355
2532 1355
2533 1353
2534 1351
2535 1351
2536 1352
2537 1355
2538 1352
2539 1354
2540 1354
2541 1353
2542 1351
2543 1351
2544 1353
2545 1354
2546 1352
2547 1351
2548 1353
2549 1353
2550 1352
2551 1353
2552 1352
2553 1351
2554 1352
2555 1352
2556 1357
2557 1355
2558 1357
2559 1352
2560 1354
2561 1350
2562 1357
2563 1353
2564 1355
2565 1353
2566 1354
2567 1351
2568 1356
2569 1352
2570 1352
2571 1353
2572 1353
2573 1354
2574 1351
2575 1351
2576 1354
2577 1352
2578 1354
2579 1351
2580 1354
2581 1357
2582 1353
2583 1354
2584 1353
2585 1352
2586 1354
2587 1353
2588 1351
2589 1350
2590 1355
2591 1353
2592 1355
2593 1353
2594 1355
2595 1356
2596 1355
2597 1356
2598 1355
2599 1354
2600 1352
2601 1354
2602 1356
2603 1352
2604 1353
2605 1352
2606 1356
2607 1356
2608 1355
2609 1352
2610 1354
2611 1355
2612 1355
2613 1353
2614 1354
2615 1351
2616 1350
2617 1353
2618 1353
2619 1355
2620 1352
2621 1352
2622 1354
2623 1354
2624 1351
2625 1353
2626 1354
2627 1353
2628 1353
2629 1353
2630 1355
2631 1355
2632 1354
2633 1352
2634 1354
2635 1357
2636 1354
2637 1351
2638 1354
2639 1353
2640 1354
2641 1354
2642 1355
2643 1356
2644 1354
2645 1354
2646 1356
2647 1356
2648 1354
2649 1352
2650 1357
2651 1353
2652 1353
2653 1353
2654 1353
2655 1353
2656 1354
2657 1355
2658 1355
2659 1352
2660 1355
2661 1354
2662 1356
2663 1353
2664 1351
2665 1356
2666 1354
2667 1355
2668 1355
2669 1355
2670 1351
2671 1354
2672 1353
2673 1353
2674 1353
2675 1355
2676 1355
2677 1353
2678 1355
2679 1351
2680 1354
2681 1355
2682 1355
2683 1354
2684 1353
2685 1351
2686 1352
2687 1351
2688 1353
2689 1355
2690 1355
2691 1356
2692 1354
2693 1357
2694 1356
2695 1355
2696 1354
2697 1355
2698 1355
2699 1356
2700 1356
2701 1356
2702 1356
2703 1354
2704 1353
2705 1353
2706 1352
2707 1354
2708 1357
2709 1355
2710 1355
2711 1351
2712 1352
2713 1354
2714 1352
2715 1356
2716 1353
2717 1356
2718 1355
2719 1356
2720 1357
2721 1354
2722 1353
2723 1355
2724 1355
2725 1354
2726 1350
2727 1353
2728 1356
2729 1357
2730 1354
2731 1352
2732 1353
2733 1356
2734 1356
2735 1353
2736 1352
2737 1355
2738 1355
2739 1356
2740 1358
2741 1356
2742 1355
2743 1354
2744 1355
2745 1356
2746 1353
2747 1357
2748 1356
2749 1355
2750 1351
2751 1355
2752 1354
2753 1353
2754 1354
2755 1357
2756 1357
2757 1358
2758 1354
2759 1355
2760 1353
2761 1357
2762 1354
2763 1355
2764 1355
2765 1353
2766 1351
2767 1353
2768 1354
2769 1355
2770 1354
2771 1354
2772 1355
2773 1355
2774 1354
2775 1353
2776 1352
2777 1354
2778 1355
2779 1354
2780 1356
2781 1354
2782 1354
2783 1351
2784 1353
2785 1356
2786 1354
2787 1352
2788 1355
2789 1354
2790 1354
2791 1355
2792 1352
2793 1354
2794 1354
2795 1355
2796 1354
2797 1354
2798 1353
2799 1356
2800 1354
2801 1353
2802 1353
2803 1353
2804 1353
2805 1353
2806 1355
2807 1356
2808 1349
2809 1355
2810 1353
2811 1354
2812 1354
2813 1355
2814 1354
2815 1355
2816 1353
2817 1355
2818 1358
2819 1355
2820 1355
2821 1354
2822 1356
2823 1353
2824 1356
2825 1354
2826 1355
2827 1352
2828 1356
2829 1353
2830 1354
2831 1356
2832 1352
2833 1353
2834 1352
2835 1356
2836 1353
2837 1356
2838 1356
2839 1355
2840 1352
2841 1353
2842 1352
2843 1353
2844 1355
2845 1353
2846 1355
2847 1353
2848 1356
2849 1353
2850 1354
2851 1354
2852 1354
2853 1353
2854 1353
2855 1353
2856 1355
2857 1355
2858 1353
2859 1349
2860 1355
2861 1354
2862 1355
2863 1350
2864 1349
2865 1354
2866 1353
2867 1354
2868 1353
2869 1352
2870 1354
2871 1356
2872 1356
2873 1351
2874 1353
2875 1355
2876 1356
2877 1354
2878 1356
2879 1355
2880 1354
2881 1355
2882 1355
2883 1352
2884 1349
2885 1353
2886 1356
2887 1354
2888 1355
2889 1355
2890 1353
2891 1351
2892 1353
2893 1354
2894 1353
2895 1350
2896 1351
2897 1355
2898 1353
2899 1354
2900 1353
2901 1352
2902 1353
2903 1354
2904 1352
2905 1355
2906 1352
2907 1356
2908 1355
2909 1358
2910 1353
2911 1356
2912 1353
2913 1355
2914 1352
2915 1358
2916 1354
2917 1356
2918 1355
2919 1351
2920 1355
2921 1355
2922 1353
2923 1352
2924 1352
2925 1354
2926 1354
2927 1356
2928 1353
2929 1353
2930 1354
2931 1354
2932 1354
2933 1355
2934 1354
2935 1352
2936 1354
2937 1354
2938 1356
2939 1354
2940 1355
2941 1355
2942 1353
2943 1355
2944 1356
2945 1353
2946 1353
2947 1356
2948 1355
2949 1354
2950 1356
2951 1358
2952 1355
2953 1353
2954 1354
2955 1354
2956 1356
2957 1354
2958 1353
2959 1353
2960 1353
2961 1353
2962 1356
2963 1353
2964 1353
2965 1354
2966 1354
2967 1354
2968 1353
2969 1352
2970 1353
2971 1356
2972 1357
2973 1354
2974 1352
2975 1356
2976 1353
2977 1355
2978 1354
2979 1353
2980 1353
2981 1356
2982 1353
2983 1354
2984 1350
2985 1352
2986 1354
2987 1354
2988 1352
2989 1356
2990 1352
2991 1356
2992 1351
2993 1354
2994 1351
2995 1355
2996 1354
2997 1354
2998 1355
2999 1356
3000 1351
3001 1355
3002 1354
3003 1354
3004 1356
3005 1355
3006 1354
3007 1355
3008 1356
3009 1356
3010 1354
3011 1353
3012 1352
3013 1356
3014 1354
3015 1354
3016 1353
3017 1354
3018 1352
3019 1354
3020 1354
3021 1354
3022 1354
3023 1353
3024 1355
3025 1353
3026 1355
3027 1354
3028 1354
3029 1355
3030 1354
3031 1356
3032 1352
3033 1353
3034 1353
3035 1354
3036 1352
3037 1355
3038 1353
3039 1357
3040 1355
3041 1353
3042 1354
3043 1353
3044 1353
3045 1355
3046 1354
3047 1353
3048 1352
3049 1355
3050 1352
3051 1353
3052 1351
3053 1354
3054 1352
3055 1356
3056 1355
3057 1352
3058 1354
3059 1352
3060 1357
3061 1355
3062 1352
3063 1355
3064 1353
3065 1352
3066 1352
3067 1355
3068 1352
3069 1355
3070 1354
3071 1356
3072 1353
3073 1355
3074 1351
3075 1352
3076 1351
3077 1356
3078 1352
3079 1355
3080 1352
3081 1353
3082 1352
3083 1354
3084 1350
3085 1353
3086 1354
3087 1356
3088 1356
3089 1354
3090 1354
3091 1352
3092 1355
3093 1356
3094 1352
3095 1353
3096 1355
3097 1354
3098 1353
3099 1355
3100 1353
3101 1352
3102 1351
3103 1353
3104 1352
3105 1354
3106 1354
3107 1353
3108 1355
3109 1353
3110 1353
3111 1355
3112 1354
3113 1355
3114 1353
3115 1353
3116 1353
3117 1353
3118 1351
3119 1355
3120 1356
3121 1354
3122 1356
3123 1354
3124 1352
3125 1354
3126 1357
3127 1354
3128 1354
3129 1356
3130 1354
3131 1354
3132 1357
3133 1353
3134 1353
3135 1354
3136 1354
3137 1356
3138 1353
3139 1355
3140 1352
3141 1354
3142 1351
3143 1354
3144 1353
3145 1354
3146 1352
3147 1353
3148 1353
3149 1355
3150 1356
3151 1352
3152 1353
3153 1355
3154 1356
3155 1355
3156 1356
3157 1354
3158 1354
3159 1355
3160 1352
3161 1351
3162 1356
3163 1355
3164 1354
3165 1354
3166 1353
3167 1354
3168 1353
3169 1352
3170 1354
3171 1354
3172 1354
3173 1353
3174 1351
3175 1352
3176 1353
3177 1354
3178 1354
3179 1351
3180 1353
3181 1354
3182 1355
3183 1355
3184 1352
3185 1352
3186 1355
3187 1354
3188 1357
3189 1356
3190 1355
3191 1354
3192 1352
3193 1354
3194 1356
3195 1355
3196 1354
3197 1352
3198 1353
3199 1352
3200 1354
3201 1353
3202 1354
3203 1354
3204 1355
3205 1353
3206 1353
3207 1354
3208 1354
3209 1354
3210 1354
3211 1354
3212 1354
3213 1355
3214 1353
3215 1353
3216 1352
3217 1354
3218 1357
3219 1354
3220 1353
3221 1356
3222 1357
3223 1355
3224 1351
3225 1351
3226 1354
3227 1354
3228 1352
3229 1352
3230 1356
3231 1354
3232 1351
3233 1355
3234 1353
3235 1352
3236 1354
3237 1351
3238 1350
3239 1353
3240 1351
3241 1354
3242 1353
3243 1354
3244 1351
3245 1354
3246 1354
3247 1356
3248 1353
3249 1351
3250 1353
3251 1355
3252 1353
3253 1354
3254 1354
3255 1352
3256 1354
3257 1354
3258 1353
3259 1352
3260 1355
3261 1355
3262 1356
3263 1355
3264 1353
3265 1354
3266 1353
3267 1354
3268 1355
3269 1354
3270 1354
3271 1354
3272 1353
3273 1352
3274 1357
3275 1354
3276 1354
3277 1356
3278 1356
3279 1356
3280 1356
3281 1357
3282 1358
3283 1352
3284 1355
3285 1354
3286 1355
3287 1355
3288 1354
3289 1354
3290 1353
3291 1352
3292 1354
3293 1351
3294 1353
3295 1353
3296 1353
3297 1357
3298 1355
3299 1354
3300 1355
3301 1353
3302 1357
3303 1354
3304 1357
3305 1355
3306 1356
3307 1353
3308 1354
3309 1355
3310 1355
3311 1353
3312 1352
3313 1356
3314 1354
3315 1354
3316 1354
3317 1353
3318 1353
3319 1353
3320 1352
3321 1353
3322 1355
3323 1354
3324 1357
3325 1353
3326 1352
3327 1354
3328 1355
3329 1354
3330 1353
3331 1353
3332 1354
3333 1353
3334 1354
3335 1356
3336 1354
3337 1356
3338 1355
3339 1354
3340 1354
3341 1354
3342 1355
3343 1356
3344 1355
3345 1354
3346 1354
3347 1354
3348 1354
3349 1353
3350 1354
3351 1350
3352 1356
3353 1356
3354 1354
3355 1355
3356 1355
3357 1353
3358 1356
3359 1352
3360 1355
3361 1354
3362 1356
3363 1355
3364 1355
3365 1354
3366 1355
3367 1353
3368 1356
3369 1355
3370 1357
3371 1352
3372 1355
3373 1353
3374 1352
3375 1353
3376 1355
3377 1353
3378 1356
3379 1355
3380 1353
3381 1355
3382 1353
3383 1351
3384 1353
3385 1353
3386 1352
3387 1353
3388 1354
3389 1354
3390 1352
3391 1356
3392 1354
3393 1354
3394 1351
3395 1353
3396 1354
3397 1354
3398 1355
3399 1352
3400 1353
3401 1355
3402 1355
3403 1354
3404 1355
3405 1356
3406 1354
3407 1355
3408 1352
3409 1351
3410 1352
3411 1354
3412 1353
3413 1353
3414 1351
3415 1353
3416 1352
3417 1355
3418 1354
3419 1355
3420 1355
3421 1357
3422 1355
3423 1355
3424 1355
3425 1355
3426 1354
3427 1351
3428 1352
3429 1354
3430 1351
3431 1356
3432 1353
3433 1354
3434 1356
3435 1354
3436 1355
3437 1355
3438 1353
3439 1352
3440 1354
3441 1354
3442 1354
3443 1354
3444 1353
3445 1357
3446 1353
3447 1354
3448 1350
3449 1354
3450 1352
3451 1353
3452 1354
3453 1353
3454 1355
3455 1355
3456 1354
3457 1354
3458 1355
3459 1356
3460 1354
3461 1353
3462 1354
3463 1353
3464 1353
3465 1355
3466 1354
3467 1355
3468 1354
3469 1351
3470 1353
3471 1355
3472 1356
3473 1354
3474 1351
3475 1355
3476 1351
3477 1355
3478 1353
3479 1354
3480 1355
3481 1353
3482 1355
3483 1355
3484 1354
3485 1356
3486 1357
3487 1355
3488 1356
3489 1357
3490 1354
3491 1355
3492 1357
3493 1352
3494 1355
3495 1353
3496 1351
3497 1354
3498 1356
3499 1353
3500 1352
3501 1352
3502 1355
3503 1354
3504 1355
3505 1352
3506 1357
3507 1356
3508 1352
3509 1350
3510 1356
3511 1353
3512 1353
3513 1352
3514 1351
3515 1353
3516 1355
3517 1352
3518 1351
3519 1353
3520 1356
3521 1355
3522 1356
3523 1352
3524 1355
3525 1354
3526 1352
3527 1355
3528 1352
3529 1351
3530 1351
3531 1354
3532 1354
3533 1352
3534 1355
3535 1354
3536 1352
3537 1352
3538 1355
3539 1356
3540 1352
3541 1353
3542 1354
3543 1354
3544 1356
3545 1355
3546 1355
3547 1354
3548 1354
3549 1355
3550 1354
3551 1353
3552 1355
3553 1353
3554 1355
3555 1352
3556 1354
3557 1355
3558 1354
3559 1354
3560 1355
3561 1354
3562 1354
3563 1354
3564 1353
3565 1355
3566 1353
3567 1352
3568 1350
3569 1352
3570 1351
3571 1352
3572 1353
3573 1352
3574 1350
3575 1355
3576 1356
3577 1355
3578 1355
3579 1354
3580 1354
3581 1354
3582 1353
3583 1355
3584 1355
3585 1354
3586 1355
3587 1355
3588 1354
3589 1355
3590 1354
3591 1354
3592 1353
3593 1355
3594 1355
3595 1352
3596 1354
3597 1355
3598 1356
3599 1355
3600 1356
3601 1354
3602 1353
3603 1352
3604 1354
3605 1353
3606 1354
3607 1353
3608 1355
3609 1352
3610 1352
3611 1351
3612 1352
3613 1355
3614 1354
3615 1353
3616 1354
3617 1355
3618 1355
3619 1353
3620 1353
3621 1354
3622 1351
3623 1354
3624 1351
3625 1353
3626 1352
3627 1352
3628 1354
3629 1355
3630 1351
3631 1353
3632 1356
3633 1354
3634 1354
3635 1354
3636 1354
3637 1354
3638 1353
3639 1353
3640 1354
3641 1354
3642 1353
3643 1356
3644 1353
3645 1353
3646 1353
3647 1353
3648 1355
3649 1355
3650 1354
3651 1354
3652 1353
3653 1351
3654 1352
3655 1353
3656 1353
3657 1354
3658 1354
3659 1356
3660 1354
3661 1350
3662 1353
3663 1355
3664 1355
3665 1352
3666 1353
3667 1353
3668 1354
3669 1352
3670 1353
3671 1354
3672 1355
3673 1354
3674 1354
3675 1354
3676 1356
3677 1354
3678 1357
3679 1353
3680 1353
3681 1350
3682 1352
3683 1350
3684 1350
3685 1352
3686 1351
3687 1356
3688 1354
3689 1353
3690 1351
3691 1353
3692 1353
3693 1353
3694 1352
3695 1353
3696 1355
3697 1354
3698 1355
3699 1355
3700 1355
3701 1354
3702 1356
3703 1350
3704 1349
3705 1356
3706 1352
3707 1355
3708 1353
3709 1350
3710 1354
3711 1354
3712 1353
3713 1350
3714 1351
3715 1354
3716 1354
3717 1352
3718 1353
3719 1352
3720 1353
3721 1352
3722 1355
3723 1353
3724 1354
3725 1354
3726 1352
3727 1352
3728 1351
3729 1355
3730 1354
3731 1356
3732 1357
3733 1354
3734 1352
3735 1351
3736 1352
3737 1353
3738 1354
3739 1352
3740 1353
3741 1354
3742 1354
3743 1354
3744 1353
3745 1354
3746 1351
3747 1353
3748 1354
3749 1356
3750 1355
3751 1351
3752 1350
3753 1352
3754 1351
3755 1353
3756 1353
3757 1351
3758 1350
3759 1353
3760 1357
3761 1356
3762 1354
3763 1355
3764 1352
3765 1352
3766 1352
3767 1354
3768 1353
3769 1353
3770 1353
3771 1355
3772 1353
3773 1354
3774 1353
3775 1355
3776 1354
3777 1354
3778 1352
3779 1355
3780 1353
3781 1354
3782 1353
3783 1353
3784 1352
3785 1353
3786 1353
3787 1355
3788 1352
3789 1355
3790 1356
3791 1357
3792 1352
3793 1355
3794 1352
3795 1353
3796 1354
3797 1355
3798 1354
3799 1352
3800 1353
3801 1357
3802 1353
3803 1356
3804 1353
3805 1353
3806 1352
3807 1353
3808 1352
3809 1353
3810 1356
3811 1354
3812 1355
3813 1350
3814 1354
3815 1353
3816 1355
3817 1350
3818 1351
3819 1352
3820 1355
3821 1354
3822 1351
3823 1354
3824 1357
3825 1356
3826 1355
3827 1351
3828 1353
3829 1352
3830 1354
3831 1354
3832 1354
3833 1353
3834 1356
3835 1354
3836 1355
3837 1351
3838 1354
3839 1351
3840 1352
3841 1351
3842 1354
3843 1352
3844 1354
3845 1356
3846 1356
3847 1353
3848 1352
3849 1354
3850 1355
3851 1356
3852 1355
3853 1356
3854 1352
3855 1354
3856 1354
3857 1355
3858 1355
3859 1353
3860 1356
3861 1354
3862 1352
3863 1351
3864 1354
3865 1354
3866 1354
3867 1355
3868 1350
3869 1353
3870 1353
3871 1353
3872 1352
3873 1355
3874 1351
3875 1353
3876 1356
3877 1357
3878 1355
3879 1355
3880 1352
3881 1354
3882 1355
3883 1354
3884 1354
3885 1353
3886 1353
3887 1354
3888 1354
3889 1354
3890 1355
3891 1353
3892 1354
3893 1354
3894 1353
3895 1354
3896 1354
3897 1353
3898 1350
3899 1353
3900 1354
3901 1353
3902 1352
3903 1355
3904 1353
3905 1354
3906 1355
3907 1353
3908 1353
3909 1354
3910 1353
3911 1353
3912 1354
3913 1352
3914 1352
3915 1356
3916 1353
3917 1350
3918 1350
3919 1355
3920 1357
3921 1355
3922 1352
3923 1354
3924 1354
3925 1354
3926 1353
3927 1353
3928 1353
3929 1352
3930 1353
3931 1352
3932 1353
3933 1355
3934 1354
3935 1354
3936 1355
3937 1353
3938 1354
3939 1353
3940 1353
3941 1353
3942 1353
3943 1352
3944 1355
3945 1353
3946 1354
3947 1355
3948 1351
3949 1353
3950 1354
3951 1353
3952 1353
3953 1354
3954 1351
3955 1356
3956 1354
3957 1354
3958 1354
3959 1354
3960 1353
3961 1351
3962 1351
3963 1355
3964 1353
3965 1353
3966 1353
3967 1354
3968 1352
3969 1354
3970 1357
3971 1352
3972 1355
3973 1353
3974 1351
3975 1353
3976 1354
3977 1355
3978 1354
3979 1357
3980 1353
3981 1353
3982 1354
3983 1352
3984 1354
3985 1354
3986 1352
3987 1352
3988 1351
3989 1353
3990 1355
3991 1354
3992 1355
3993 1355
3994 1356
3995 1350
3996 1353
3997 1353
3998 1354
3999 1356
