0 1354
1 1356
2 1359
3 1356
4 1356
5 1357
6 1357
7 1355
8 1357
9 1356
10 1354
11 1355
12 1353
13 1355
14 1356
15 1356
16 1356
17 1357
18 1355
19 1354
20 1355
21 1356
22 1359
23 1356
24 1357
25 1356
26 1352
27 1354
28 1354
29 1356
30 1358
31 1357
32 1356
33 1355
34 1355
35 1356
36 1357
37 1355
38 1356
39 1356
40 1357
41 1355
42 1354
43 1355
44 1355
45 1356
46 1355
47 1356
48 1356
49 1355
50 1356
51 1357
52 1355
53 1356
54 1356
55 1355
56 1355
57 1354
58 1357
59 1357
60 1356
61 1355
62 1357
63 1356
64 1355
65 1357
66 1356
67 1356
68 1354
69 1356
70 1358
71 1354
72 1356
73 1353
74 1353
75 1355
76 1353
77 1355
78 1355
79 1355
80 1356
81 1355
82 1357
83 1354
84 1355
85 1354
86 1357
87 1356
88 1354
89 1357
90 1356
91 1354
92 1357
93 1356
94 1359
95 1356
96 1355
97 1356
98 1354
99 1356
100 1357
101 1356
102 1357
103 1355
104 1356
105 1355
106 1355
107 1356
108 1356
109 1356
110 1355
111 1356
112 1352
113 1357
114 1357
115 1356
116 1355
117 1358
118 1355
119 1356
120 1354
121 1356
122 1357
123 1353
124 1355
125 1355
126 1356
127 1355
128 1356
129 1356
130 1352
131 1355
132 1355
133 1354
134 1352
135 1352
136 1355
137 1353
138 1359
139 1357
140 1357
141 1354
142 1352
143 1357
144 1355
145 1356
146 1356
147 1358
148 1357
149 1355
150 1355
151 1357
152 1357
153 1357
154 1355
155 1355
156 1357
157 1354
158 1356
159 1352
160 1356
161 1356
162 1357
163 1359
164 1355
165 1356
166 1353
167 1355
168 1355
169 1356
170 1352
171 1354
172 1351
173 1356
174 1357
175 1355
176 1354
177 1356
178 1355
179 1354
180 1354
181 1356
182 1359
183 1358
184 1355
185 1354
186 1356
187 1357
188 1355
189 1355
190 1355
191 1354
192 1353
193 1354
194 1354
195 1354
196 1358
197 1357
198 1354
199 1355
200 1357
201 1356
202 1354
203 1355
204 1354
205 1356
206 1357
207 1356
208 1356
209 1354
210 1357
211 1359
212 1355
213 1356
214 1358
215 1357
216 1356
217 1357
218 1356
219 1355
220 1356
221 1357
222 1357
223 1356
224 1354
225 1354
226 1353
227 1356
228 1354
229 1354
230 1354
231 1355
232 1354
233 1354
234 1352
235 1356
236 1355
237 1353
238 1355
239 1355
240 1357
241 1355
242 1356
243 1357
244 1353
245 1355
246 1355
247 1356
248 1356
249 1354
250 1356
251 1358
252 1356
253 1358
254 1353
255 1357
256 1358
257 1358
258 1358
259 1354
260 1356
261 1355
262 1354
263 1357
264 1359
265 1356
266 1358
267 1356
268 1356
269 1356
270 1358
271 1354
272 1355
273 1354
274 1357
275 1355
276 1357
277 1355
278 1353
279 1353
280 1354
281 1356
282 1357
283 1356
284 1355
285 1356
286 1353
287 1354
288 1356
289 1354
290 1355
291 1355
292 1351
293 1355
294 1357
295 1355
296 1355
297 1356
298 1354
299 1355
300 1355
301 1356
302 1357
303 1357
304 1359
305 1357
306 1355
307 1357
308 1355
309 1356
310 1354
311 1356
312 1355
313 1356
314 1356
315 1356
316 1356
317 1353
318 1354
319 1353
320 1355
321 1356
322 1356
323 1355
324 1356
325 1354
326 1355
327 1356
328 1356
329 1353
330 1356
331 1356
332 1358
333 1355
334 1354
335 1354
336 1359
337 1355
338 1354
339 1355
340 1357
341 1356
342 1356
343 1356
344 1355
345 1355
346 1356
347 1356
348 1354
349 1355
350 1355
351 1353
352 1355
353 1353
354 1355
355 1356
356 1354
357 1353
358 1357
359 1356
360 1355
361 1354
362 1356
363 1356
364 1357
365 1357
366 1355
367 1355
368 1355
369 1355
370 1354
371 1354
372 1357
373 1355
374 1357
375 1355
376 1358
377 1353
378 1353
379 1355
380 1356
381 1358
382 1354
383 1356
384 1355
385 1353
386 1357
387 1355
388 1356
389 1355
390 1354
391 1357
392 1356
393 1357
394 1356
395 1354
396 1355
397 1357
398 1358
399 1357
400 1357
401 1356
402 1355
403 1355
404 1355
405 1356
406 1356
407 1355
408 1352
409 1356
410 1354
411 1353
412 1354
413 1353
414 1355
415 1355
416 1357
417 1357
418 1355
419 1356
420 1354
421 1355
422 1354
423 1355
424 1353
425 1355
426 1355
427 1356
428 1354
429 1358
430 1357
431 1356
432 1357
433 1355
434 1356
435 1358
436 1356
437 1355
438 1355
439 1355
440 1355
441 1355
442 1356
443 1355
444 1356
445 1356
446 1353
447 1355
448 1355
449 1353
450 1355
451 1357
452 1355
453 1356
454 1354
455 1355
456 1357
457 1358
458 1356
459 1355
460 1359
461 1355
462 1354
463 1356
464 1357
465 1356
466 1358
467 1356
468 1355
469 1353
470 1356
471 1356
472 1353
473 1356
474 1356
475 1356
476 1355
477 1357
478 1355
479 1355
480 1355
481 1357
482 1355
483 1357
484 1357
485 1358
486 1356
487 1355
488 1355
489 1356
490 1355
491 1355
492 1357
493 1356
494 1357
495 1359
496 1357
497 1355
498 1357
499 1356
500 1358
501 1361
502 1361
503 1367
504 1369
505 1374
506 1381
507 1394
508 1405
509 1411
510 1421
511 1432
512 1440
513 1452
514 1454
515 1463
516 1462
517 1473
518 1473
519 1475
520 1477
521 1480
522 1478
523 1479
524 1476
525 1482
526 1480
527 1475
528 1469
529 1467
530 1464
531 1459
532 1455
533 1454
534 1447
535 1444
536 1437
537 1435
538 1427
539 1422
540 1416
541 1413
542 1413
543 1407
544 1406
545 1405
546 1400
547 1397
548 1394
549 1391
550 1390
551 1385
552 1386
553 1380
554 1379
555 1377
556 1375
557 1373
558 1373
559 1370
560 1368
561 1364
562 1368
563 1367
564 1366
565 1366
566 1364
567 1363
568 1363
569 1359
570 1360
571 1360
572 1360
573 1360
574 1361
575 1360
576 1362
577 1359
578 1359
579 1360
580 1359
581 1358
582 1360
583 1359
584 1358
585 1356
586 1359
587 1358
588 1357
589 1355
590 1355
591 1355
592 1358
593 1356
594 1356
595 1356
596 1352
597 1355
598 1357
599 1356
600 1356
601 1357
602 1357
603 1356
604 1354
605 1355
606 1356
607 1356
608 1355
609 1357
610 1357
611 1358
612 1357
613 1357
614 1356
615 1356
616 1352
617 1353
618 1357
619 1355
620 1356
621 1358
622 1351
623 1358
624 1354
625 1356
626 1356
627 1358
628 1357
629 1356
630 1355
631 1357
632 1357
633 1355
634 1357
635 1353
636 1353
637 1355
638 1354
639 1356
640 1357
641 1355
642 1357
643 1358
644 1357
645 1358
646 1355
647 1357
648 1357
649 1355
650 1352
651 1355
652 1357
653 1354
654 1357
655 1354
656 1354
657 1356
658 1355
659 1356
660 1357
661 1355
662 1356
663 1355
664 1355
665 1358
666 1357
667 1354
668 1355
669 1356
670 1355
671 1356
672 1356
673 1356
674 1356
675 1357
676 1356
677 1355
678 1359
679 1356
680 1355
681 1354
682 1355
683 1356
684 1357
685 1354
686 1355
687 1356
688 1357
689 1358
690 1356
691 1353
692 1356
693 1355
694 1354
695 1356
696 1357
697 1356
698 1353
699 1355
700 1356
701 1355
702 1354
703 1355
704 1356
705 1356
706 1357
707 1358
708 1357
709 1356
710 1358
711 1356
712 1357
713 1355
714 1353
715 1353
716 1357
717 1354
718 1355
719 1354
720 1353
721 1355
722 1353
723 1357
724 1352
725 1356
726 1356
727 1359
728 1353
729 1357
730 1354
731 1357
732 1355
733 1356
734 1357
735 1356
736 1357
737 1357
738 1356
739 1355
740 1354
741 1354
742 1351
743 1353
744 1357
745 1356
746 1355
747 1356
748 1356
749 1356
750 1354
751 1354
752 1356
753 1356
754 1354
755 1355
756 1355
757 1356
758 1353
759 1356
760 1355
761 1357
762 1354
763 1357
764 1356
765 1357
766 1354
767 1357
768 1353
769 1356
770 1357
771 1353
772 1356
773 1355
774 1355
775 1356
776 1353
777 1355
778 1356
779 1355
780 1356
781 1357
782 1354
783 1357
784 1358
785 1354
786 1357
787 1357
788 1356
789 1356
790 1357
791 1355
792 1355
793 1354
794 1352
795 1355
796 1357
797 1357
798 1356
799 1355
800 1359
801 1354
802 1355
803 1358
804 1356
805 1357
806 1358
807 1358
808 1356
809 1356
810 1356
811 1357
812 1356
813 1357
814 1354
815 1356
816 1356
817 1356
818 1357
819 1355
820 1355
821 1354
822 1357
823 1356
824 1359
825 1357
826 1358
827 1357
828 1356
829 1357
830 1357
831 1357
832 1355
833 1356
834 1357
835 1356
836 1355
837 1356
838 1354
839 1356
840 1356
841 1358
842 1356
843 1356
844 1356
845 1355
846 1355
847 1355
848 1357
849 1356
850 1357
851 1358
852 1354
853 1356
854 1356
855 1353
856 1355
857 1354
858 1356
859 1354
860 1355
861 1356
862 1354
863 1355
864 1353
865 1357
866 1356
867 1358
868 1356
869 1357
870 1354
871 1355
872 1352
873 1357
874 1354
875 1356
876 1353
877 1353
878 1355
879 1354
880 1354
881 1354
882 1355
883 1355
884 1354
885 1356
886 1353
887 1355
888 1357
889 1354
890 1356
891 1354
892 1356
893 1355
894 1357
895 1356
896 1355
897 1356
898 1356
899 1356
900 1353
901 1356
902 1357
903 1357
904 1351
905 1353
906 1356
907 1357
908 1356
909 1357
910 1355
911 1354
912 1353
913 1354
914 1356
915 1356
916 1354
917 1358
918 1356
919 1356
920 1357
921 1357
922 1354
923 1355
924 1354
925 1355
926 1356
927 1356
928 1354
929 1358
930 1355
931 1356
932 1357
933 1356
934 1356
935 1355
936 1355
937 1354
938 1358
939 1354
940 1355
941 1353
942 1353
943 1356
944 1354
945 1354
946 1356
947 1356
948 1356
949 1355
950 1357
951 1357
952 1356
953 1354
954 1356
955 1356
956 1355
957 1356
958 1356
959 1354
960 1355
961 1354
962 1356
963 1355
964 1352
965 1354
966 1354
967 1357
968 1354
969 1356
970 1355
971 1357
972 1357
973 1353
974 1354
975 1357
976 1357
977 1357
978 1357
979 1353
980 1356
981 1355
982 1357
983 1356
984 1354
985 1358
986 1355
987 1354
988 1355
989 1356
990 1357
991 1353
992 1355
993 1356
994 1354
995 1357
996 1356
997 1354
998 1355
999 1355
1000 1358
1001 1357
1002 1355
1003 1357
1004 1354
1005 1356
1006 1356
1007 1357
1008 1355
1009 1357
1010 1358
1011 1355
1012 1355
1013 1353
1014 1356
1015 1356
1016 1355
1017 1354
1018 1351
1019 1353
1020 1356
1021 1353
1022 1356
1023 1358
1024 1357
1025 1355
1026 1356
1027 1355
1028 1356
1029 1355
1030 1357
1031 1356
1032 1356
1033 1354
1034 1355
1035 1354
1036 1354
1037 1356
1038 1358
1039 1356
1040 1357
1041 1356
1042 1355
1043 1356
1044 1357
1045 1354
1046 1353
1047 1355
1048 1354
1049 1353
1050 1354
1051 1354
1052 1356
1053 1356
1054 1355
1055 1358
1056 1355
1057 1355
1058 1353
1059 1354
1060 1352
1061 1356
1062 1359
1063 1354
1064 1356
1065 1354
1066 1357
1067 1358
1068 1356
1069 1354
1070 1355
1071 1357
1072 1357
1073 1356
1074 1357
1075 1356
1076 1354
1077 1356
1078 1353
1079 1356
1080 1357
1081 1354
1082 1354
1083 1355
1084 1354
1085 1357
1086 1357
1087 1359
1088 1354
1089 1358
1090 1357
1091 1354
1092 1357
1093 1354
1094 1355
1095 1356
1096 1356
1097 1356
1098 1356
1099 1357
1100 1358
1101 1359
1102 1357
1103 1357
1104 1357
1105 1358
1106 1354
1107 1355
1108 1354
1109 1354
1110 1355
1111 1353
1112 1356
1113 1355
1114 1355
1115 1356
1116 1354
1117 1354
1118 1354
1119 1355
1120 1356
1121 1355
1122 1355
1123 1356
1124 1355
1125 1357
1126 1353
1127 1354
1128 1356
1129 1356
1130 1355
1131 1356
1132 1357
1133 1356
1134 1358
1135 1354
1136 1359
1137 1356
1138 1357
1139 1355
1140 1355
1141 1355
1142 1355
1143 1355
1144 1353
1145 1356
1146 1356
1147 1354
1148 1354
1149 1356
1150 1358
1151 1356
1152 1355
1153 1357
1154 1357
1155 1356
1156 1354
1157 1356
1158 1355
1159 1355
1160 1355
1161 1357
1162 1355
1163 1356
1164 1357
1165 1355
1166 1358
1167 1358
1168 1355
1169 1357
1170 1355
1171 1356
1172 1355
1173 1357
1174 1357
1175 1356
1176 1355
1177 1355
1178 1357
1179 1357
1180 1358
1181 1359
1182 1357
1183 1355
1184 1357
1185 1356
1186 1356
1187 1356
1188 1358
1189 1357
1190 1357
1191 1356
1192 1356
1193 1356
1194 1356
1195 1356
1196 1356
1197 1356
1198 1357
1199 1355
1200 1356
1201 1356
1202 1357
1203 1356
1204 1353
1205 1356
1206 1356
1207 1356
1208 1356
1209 1353
1210 1359
1211 1355
1212 1358
1213 1356
1214 1357
1215 1356
1216 1354
1217 1356
1218 1356
1219 1356
1220 1353
1221 1354
1222 1357
1223 1356
1224 1357
1225 1353
1226 1358
1227 1356
1228 1356
1229 1356
1230 1354
1231 1357
1232 1357
1233 1355
1234 1354
1235 1355
1236 1351
1237 1354
1238 1354
1239 1357
1240 1354
1241 1355
1242 1355
1243 1356
1244 1353
1245 1356
1246 1357
1247 1356
1248 1353
1249 1352
1250 1354
1251 1357
1252 1356
1253 1356
1254 1357
1255 1356
1256 1352
1257 1355
1258 1354
1259 1355
1260 1355
1261 1355
1262 1353
1263 1356
1264 1355
1265 1355
1266 1355
1267 1353
1268 1352
1269 1354
1270 1354
1271 1356
1272 1356
1273 1355
1274 1354
1275 1354
1276 1355
1277 1355
1278 1353
1279 1354
1280 1353
1281 1354
1282 1357
1283 1351
1284 1355
1285 1354
1286 1353
1287 1356
1288 1354
1289 1356
1290 1354
1291 1354
1292 1354
1293 1355
1294 1353
1295 1351
1296 1353
1297 1355
1298 1354
1299 1355
1300 1355
1301 1355
1302 1356
1303 1355
1304 1355
1305 1354
1306 1355
1307 1354
1308 1357
1309 1357
1310 1357
1311 1356
1312 1354
1313 1355
1314 1353
1315 1356
1316 1356
1317 1355
1318 1355
1319 1356
1320 1352
1321 1354
1322 1358
1323 1356
1324 1353
1325 1356
1326 1357
1327 1356
1328 1356
1329 1357
1330 1357
1331 1357
1332 1356
1333 1356
1334 1355
1335 1356
1336 1354
1337 1355
1338 1356
1339 1359
1340 1354
1341 1353
1342 1357
1343 1356
1344 1353
1345 1354
1346 1357
1347 1356
1348 1359
1349 1353
1350 1355
1351 1354
1352 1355
1353 1356
1354 1354
1355 1353
1356 1355
1357 1354
1358 1353
1359 1353
1360 1357
1361 1357
1362 1355
1363 1353
1364 1352
1365 1357
1366 1358
1367 1356
1368 1358
1369 1355
1370 1357
1371 1356
1372 1355
1373 1357
1374 1357
1375 1357
1376 1357
1377 1355
1378 1355
1379 1355
1380 1355
1381 1354
1382 1353
1383 1355
1384 1353
1385 1355
1386 1355
1387 1355
1388 1356
1389 1354
1390 1356
1391 1356
1392 1358
1393 1356
1394 1355
1395 1354
1396 1355
1397 1357
1398 1357
1399 1355
1400 1354
1401 1355
1402 1355
1403 1356
1404 1357
1405 1356
1406 1357
1407 1357
1408 1356
1409 1356
1410 1355
1411 1356
1412 1355
1413 1355
1414 1355
1415 1353
1416 1355
1417 1355
1418 1357
1419 1355
1420 1356
1421 1354
1422 1355
1423 1357
1424 1356
1425 1356
1426 1357
1427 1357
1428 1354
1429 1358
1430 1355
1431 1355
1432 1357
1433 1356
1434 1359
1435 1354
1436 1355
1437 1355
1438 1351
1439 1356
1440 1357
1441 1355
1442 1352
1443 1354
1444 1354
1445 1355
1446 1355
1447 1354
1448 1355
1449 1357
1450 1357
1451 1355
1452 1355
1453 1356
1454 1355
1455 1356
1456 1356
1457 1356
1458 1355
1459 1354
1460 1354
1461 1354
1462 1353
1463 1354
1464 1355
1465 1356
1466 1359
1467 1354
1468 1356
1469 1356
1470 1357
1471 1356
1472 1356
1473 1355
1474 1356
1475 1356
1476 1354
1477 1356
1478 1355
1479 1355
1480 1352
1481 1354
1482 1353
1483 1356
1484 1354
1485 1357
1486 1354
1487 1357
1488 1356
1489 1356
1490 1357
1491 1356
1492 1354
1493 1357
1494 1354
1495 1357
1496 1355
1497 1357
1498 1355
1499 1358
1500 1356
1501 1356
1502 1353
1503 1355
1504 1355
1505 1356
1506 1355
1507 1356
1508 1355
1509 1355
1510 1357
1511 1359
1512 1355
1513 1356
1514 1357
1515 1357
1516 1354
1517 1355
1518 1354
1519 1356
1520 1356
1521 1355
1522 1356
1523 1357
1524 1357
1525 1357
1526 1355
1527 1357
1528 1356
1529 1354
1530 1356
1531 1356
1532 1355
1533 1354
1534 1355
1535 1355
1536 1354
1537 1356
1538 1355
1539 1358
1540 1355
1541 1360
1542 1357
1543 1353
1544 1357
1545 1356
1546 1356
1547 1356
1548 1353
1549 1357
1550 1353
1551 1357
1552 1357
1553 1356
1554 1352
1555 1355
1556 1356
1557 1356
1558 1360
1559 1357
1560 1357
1561 1356
1562 1354
1563 1355
1564 1357
1565 1356
1566 1358
1567 1356
1568 1357
1569 1358
1570 1355
1571 1357
1572 1355
1573 1357
1574 1354
1575 1355
1576 1356
1577 1354
1578 1353
1579 1358
1580 1358
1581 1356
1582 1358
1583 1355
1584 1353
1585 1352
1586 1356
1587 1356
1588 1357
1589 1355
1590 1355
1591 1355
1592 1357
1593 1355
1594 1355
1595 1353
1596 1354
1597 1358
1598 1357
1599 1356
1600 1354
1601 1355
1602 1355
1603 1355
1604 1355
1605 1355
1606 1356
1607 1354
1608 1353
1609 1355
1610 1354
1611 1356
1612 1353
1613 1356
1614 1355
1615 1356
1616 1357
1617 1356
1618 1357
1619 1354
1620 1355
1621 1356
1622 1357
1623 1356
1624 1355
1625 1356
1626 1353
1627 1355
1628 1355
1629 1353
1630 1355
1631 1355
1632 1359
1633 1356
1634 1357
1635 1355
1636 1356
1637 1353
1638 1357
1639 1355
1640 1359
1641 1358
1642 1356
1643 1356
1644 1355
1645 1355
1646 1357
1647 1357
1648 1357
1649 1354
1650 1357
1651 1356
1652 1354
1653 1356
1654 1357
1655 1357
1656 1356
1657 1352
1658 1355
1659 1356
1660 1355
1661 1356
1662 1356
1663 1355
1664 1355
1665 1355
1666 1354
1667 1356
1668 1357
1669 1356
1670 1354
1671 1356
1672 1356
1673 1355
1674 1356
1675 1357
1676 1355
1677 1355
1678 1358
1679 1357
1680 1357
1681 1359
1682 1357
1683 1356
1684 1355
1685 1356
1686 1357
1687 1354
1688 1357
1689 1355
1690 1356
1691 1353
1692 1357
1693 1356
1694 1354
1695 1353
1696 1357
1697 1356
1698 1356
1699 1357
1700 1355
1701 1356
1702 1355
1703 1356
1704 1356
1705 1356
1706 1356
1707 1355
1708 1354
1709 1356
1710 1357
1711 1355
1712 1354
1713 1354
1714 1354
1715 1355
1716 1357
1717 1356
1718 1355
1719 1355
1720 1357
1721 1355
1722 1356
1723 1356
1724 1356
1725 1354
1726 1356
1727 1355
1728 1354
1729 1356
1730 1357
1731 1356
1732 1357
1733 1356
1734 1356
1735 1356
1736 1356
1737 1356
1738 1357
1739 1357
1740 1358
1741 1356
1742 1357
1743 1354
1744 1358
1745 1357
1746 1355
1747 1357
1748 1355
1749 1356
1750 1358
1751 1356
1752 1355
1753 1355
1754 1353
1755 1356
1756 1357
1757 1356
1758 1354
1759 1357
1760 1356
1761 1355
1762 1358
1763 1354
1764 1358
1765 1356
1766 1356
1767 1356
1768 1355
1769 1356
1770 1356
1771 1354
1772 1357
1773 1354
1774 1357
1775 1354
1776 1356
1777 1356
1778 1354
1779 1354
1780 1355
1781 1357
1782 1354
1783 1356
1784 1358
1785 1356
1786 1356
1787 1355
1788 1355
1789 1353
1790 1354
1791 1354
1792 1353
1793 1353
1794 1353
1795 1354
1796 1358
1797 1355
1798 1357
1799 1356
1800 1357
1801 1357
1802 1358
1803 1357
1804 1357
1805 1357
1806 1355
1807 1356
1808 1356
1809 1354
1810 1356
1811 1356
1812 1361
1813 1355
1814 1357
1815 1357
1816 1359
1817 1355
1818 1355
1819 1354
1820 1356
1821 1350
1822 1354
1823 1356
1824 1357
1825 1356
1826 1361
1827 1357
1828 1354
1829 1354
1830 1358
1831 1357
1832 1355
1833 1356
1834 1356
1835 1355
1836 1356
1837 1354
1838 1355
1839 1354
1840 1358
1841 1356
1842 1355
1843 1354
1844 1357
1845 1356
1846 1358
1847 1356
1848 1354
1849 1357
1850 1358
1851 1354
1852 1357
1853 1354
1854 1358
1855 1353
1856 1358
1857 1357
1858 1356
1859 1355
1860 1355
1861 1354
1862 1357
1863 1355
1864 1357
1865 1355
1866 1361
1867 1355
1868 1356
1869 1356
1870 1356
1871 1357
1872 1357
1873 1353
1874 1355
1875 1356
1876 1356
1877 1354
1878 1352
1879 1354
1880 1354
1881 1354
1882 1353
1883 1354
1884 1354
1885 1354
1886 1358
1887 1353
1888 1356
1889 1354
1890 1358
1891 1356
1892 1360
1893 1357
1894 1356
1895 1355
1896 1354
1897 1356
1898 1358
1899 1356
1900 1357
1901 1356
1902 1356
1903 1355
1904 1357
1905 1354
1906 1354
1907 1357
1908 1357
1909 1357
1910 1357
1911 1352
1912 1355
1913 1355
1914 1360
1915 1356
1916 1357
1917 1356
1918 1359
1919 1355
1920 1357
1921 1353
1922 1356
1923 1355
1924 1355
1925 1358
1926 1357
1927 1354
1928 1356
1929 1357
1930 1359
1931 1356
1932 1358
1933 1356
1934 1357
1935 1355
1936 1357
1937 1351
1938 1355
1939 1355
1940 1357
1941 1356
1942 1355
1943 1356
1944 1353
1945 1354
1946 1355
1947 1355
1948 1357
1949 1354
1950 1357
1951 1358
1952 1358
1953 1356
1954 1359
1955 1356
1956 1356
1957 1357
1958 1356
1959 1358
1960 1357
1961 1354
1962 1355
1963 1354
1964 1356
1965 1356
1966 1355
1967 1355
1968 1357
1969 1355
1970 1356
1971 1354
1972 1357
1973 1353
1974 1355
1975 1353
1976 1357
1977 1355
1978 1356
1979 1354
1980 1357
1981 1357
1982 1357
1983 1355
1984 1356
1985 1356
1986 1355
1987 1358
1988 1357
1989 1357
1990 1357
1991 1357
1992 1356
1993 1357
1994 1354
1995 1357
1996 1356
1997 1357
1998 1358
1999 1356
2000 1356
2001 1356
2002 1356
2003 1358
2004 1357
2005 1354
2006 1360
2007 1358
2008 1356
2009 1355
2010 1356
2011 1353
2012 1357
2013 1356
2014 1359
2015 1357
2016 1359
2017 1357
2018 1356
2019 1354
2020 1356
2021 1353
2022 1357
2023 1354
2024 1357
2025 1356
2026 1355
2027 1353
2028 1356
2029 1356
2030 1356
2031 1355
2032 1356
2033 1354
2034 1355
2035 1355
2036 1357
2037 1357
2038 1357
2039 1354
2040 1355
2041 1357
2042 1356
2043 1355
2044 1357
2045 1355
2046 1355
2047 1355
2048 1357
2049 1355
2050 1355
2051 1356
2052 1356
2053 1356
2054 1356
2055 1355
2056 1357
2057 1356
2058 1353
2059 1356
2060 1357
2061 1357
2062 1356
2063 1357
2064 1355
2065 1357
2066 1359
2067 1355
2068 1356
2069 1356
2070 1355
2071 1355
2072 1356
2073 1357
2074 1360
2075 1357
2076 1355
2077 1356
2078 1354
2079 1352
2080 1356
2081 1354
2082 1357
2083 1357
2084 1359
2085 1357
2086 1357
2087 1354
2088 1356
2089 1354
2090 1356
2091 1355
2092 1357
2093 1355
2094 1360
2095 1355
2096 1356
2097 1357
2098 1355
2099 1357
2100 1358
2101 1358
2102 1358
2103 1359
2104 1356
2105 1355
2106 1356
2107 1355
2108 1356
2109 1355
2110 1357
2111 1354
2112 1357
2113 1356
2114 1355
2115 1355
2116 1357
2117 1352
2118 1355
2119 1356
2120 1355
2121 1354
2122 1354
2123 1355
2124 1356
2125 1356
2126 1358
2127 1356
2128 1356
2129 1353
2130 1356
2131 1357
2132 1357
2133 1355
2134 1357
2135 1356
2136 1354
2137 1354
2138 1354
2139 1357
2140 1356
2141 1357
2142 1355
2143 1354
2144 1352
2145 1354
2146 1356
2147 1356
2148 1356
2149 1353
2150 1357
2151 1356
2152 1354
2153 1354
2154 1356
2155 1356
2156 1355
2157 1355
2158 1351
2159 1356
2160 1356
2161 1356
2162 1354
2163 1356
2164 1357
2165 1356
2166 1354
2167 1357
2168 1354
2169 1357
2170 1357
2171 1355
2172 1356
2173 1356
2174 1356
2175 1354
2176 1354
2177 1355
2178 1353
2179 1353
2180 1353
2181 1353
2182 1356
2183 1353
2184 1353
2185 1353
2186 1354
2187 1356
2188 1357
2189 1356
2190 1355
2191 1357
2192 1357
2193 1356
2194 1352
2195 1352
2196 1357
2197 1356
2198 1355
2199 1356
2200 1356
2201 1356
2202 1354
2203 1355
2204 1356
2205 1355
2206 1355
2207 1355
2208 1357
2209 1355
2210 1358
2211 1355
2212 1357
2213 1356
2214 1353
2215 1355
2216 1355
2217 1355
2218 1355
2219 1354
2220 1356
2221 1354
2222 1357
2223 1358
2224 1356
2225 1357
2226 1354
2227 1355
2228 1353
2229 1354
2230 1353
2231 1356
2232 1357
2233 1355
2234 1353
2235 1354
2236 1353
2237 1355
2238 1354
2239 1356
2240 1354
2241 1357
2242 1357
2243 1356
2244 1353
2245 1358
2246 1357
2247 1353
2248 1353
2249 1356
2250 1356
2251 1357
2252 1356
2253 1356
2254 1353
2255 1355
2256 1357
2257 1357
2258 1356
2259 1356
2260 1355
2261 1356
2262 1354
2263 1353
2264 1357
2265 1355
2266 1356
2267 1356
2268 1356
2269 1355
2270 1355
2271 1356
2272 1356
2273 1357
2274 1356
2275 1357
2276 1355
2277 1355
2278 1356
2279 1355
2280 1355
2281 1355
2282 1353
2283 1354
2284 1355
2285 1355
2286 1353
2287 1353
2288 1354
2289 1356
2290 1357
2291 1356
2292 1357
2293 1356
2294 1354
2295 1355
2296 1355
2297 1354
2298 1356
2299 1356
2300 1355
2301 1356
2302 1355
2303 1355
2304 1352
2305 1353
2306 1354
2307 1356
2308 1355
2309 1354
2310 1355
2311 1353
2312 1357
2313 1354
2314 1357
2315 1354
2316 1354
2317 1356
2318 1355
2319 1356
2320 1353
2321 1357
2322 1358
2323 1356
2324 1357
2325 1356
2326 1354
2327 1355
2328 1355
2329 1356
2330 1355
2331 1355
2332 1355
2333 1354
2334 1356
2335 1357
2336 1357
2337 1356
2338 1352
2339 1354
2340 1355
2341 1354
2342 1355
2343 1356
2344 1355
2345 1355
2346 1353
2347 1352
2348 1355
2349 1354
2350 1355
2351 1357
2352 1357
2353 1356
2354 1354
2355 1355
2356 1355
2357 1356
2358 1358
2359 1358
2360 1356
2361 1354
2362 1354
2363 1356
2364 1355
2365 1357
2366 1357
2367 1355
2368 1356
2369 1358
2370 1355
2371 1356
2372 1355
2373 1356
2374 1357
2375 1356
2376 1354
2377 1354
2378 1357
2379 1354
2380 1353
2381 1356
2382 1355
2383 1356
2384 1358
2385 1356
2386 1357
2387 1356
2388 1356
2389 1355
2390 1356
2391 1356
2392 1353
2393 1353
2394 1355
2395 1354
2396 1353
2397 1354
2398 1353
2399 1354
2400 1357
2401 1354
2402 1356
2403 1354
2404 1355
2405 1352
2406 1356
2407 1353
2408 1357
2409 1357
2410 1354
2411 1353
2412 1356
2413 1352
2414 1354
2415 1355
2416 1355
2417 1353
2418 1359
2419 1357
2420 1357
2421 1355
2422 1354
2423 1352
2424 1356
2425 1353
2426 1355
2427 1354
2428 1357
2429 1355
2430 1358
2431 1356
2432 1355
2433 1356
2434 1357
2435 1358
2436 1357
2437 1356
2438 1357
2439 1358
2440 1356
2441 1355
2442 1358
2443 1356
2444 1356
2445 1356
2446 1356
2447 1356
2448 1355
2449 1357
2450 1354
2451 1358
2452 1354
2453 1357
2454 1355
2455 1356
2456 1355
2457 1354
2458 1355
2459 1358
2460 1360
2461 1356
2462 1357
2463 1354
2464 1357
2465 1356
2466 1358
2467 1358
2468 1357
2469 1357
2470 1354
2471 1357
2472 1357
2473 1358
2474 1355
2475 1357
2476 1355
2477 1355
2478 1355
2479 1354
2480 1357
2481 1357
2482 1357
2483 1356
2484 1355
2485 1354
2486 1356
2487 1353
2488 1352
2489 1354
2490 1353
2491 1356
2492 1357
2493 1355
2494 1357
2495 1355
2496 1357
2497 1355
2498 1355
2499 1355
2500 1356
2501 1355
2502 1357
2503 1355
2504 1357
2505 1356
2506 1356
2507 1356
2508 1354
2509 1353
2510 1355
2511 1354
2512 1355
2513 1353
2514 1356
2515 1355
2516 1353
2517 1353
2518 1355
2519 1354
2520 1357
2521 1356
2522 1358
2523 1353
2524 1357
2525 1356
2526 1357
2527 1354
2528 1358
2529 1355
2530 1359
2531 1355
2532 1354
2533 1357
2534 1357
2535 1358
2536 1354
2537 1354
2538 1356
2539 1355
2540 1356
2541 1354
2542 1353
2543 1355
2544 1357
2545 1354
2546 1354
2547 1354
2548 1353
2549 1352
2550 1354
2551 1353
2552 1357
2553 1355
2554 1357
2555 1352
2556 1355
2557 1356
2558 1355
2559 1353
2560 1357
2561 1354
2562 1357
2563 1355
2564 1357
2565 1357
2566 1358
2567 1356
2568 1356
2569 1353
2570 1356
2571 1355
2572 1355
2573 1355
2574 1355
2575 1354
2576 1357
2577 1355
2578 1355
2579 1356
2580 1356
2581 1353
2582 1354
2583 1353
2584 1358
2585 1355
2586 1354
2587 1357
2588 1356
2589 1353
2590 1356
2591 1355
2592 1357
2593 1354
2594 1357
2595 1356
2596 1357
2597 1355
2598 1357
2599 1355
2600 1356
2601 1353
2602 1357
2603 1355
2604 1357
2605 1355
2606 1355
2607 1355
2608 1357
2609 1354
2610 1355
2611 1356
2612 1356
2613 1357
2614 1357
2615 1357
2616 1357
2617 1355
2618 1356
2619 1354
2620 1359
2621 1355
2622 1359
2623 1356
2624 1357
2625 1356
2626 1355
2627 1355
2628 1355
2629 1355
2630 1357
2631 1355
2632 1355
2633 1353
2634 1357
2635 1355
2636 1357
2637 1355
2638 1353
2639 1354
2640 1352
2641 1356
2642 1357
2643 1352
2644 1357
2645 1354
2646 1358
2647 1355
2648 1356
2649 1356
2650 1357
2651 1353
2652 1357
2653 1359
2654 1357
2655 1355
2656 1358
2657 1356
2658 1356
2659 1355
2660 1355
2661 1356
2662 1356
2663 1354
2664 1355
2665 1352
2666 1354
2667 1353
2668 1354
2669 1354
2670 1354
2671 1354
2672 1356
2673 1351
2674 1355
2675 1355
2676 1354
2677 1353
2678 1354
2679 1355
2680 1357
2681 1357
2682 1357
2683 1355
2684 1357
2685 1354
2686 1357
2687 1357
2688 1357
2689 1357
2690 1358
2691 1355
2692 1356
2693 1358
2694 1357
2695 1356
2696 1357
2697 1355
2698 1355
2699 1355
2700 1355
2701 1356
2702 1355
2703 1356
2704 1353
2705 1356
2706 1356
2707 1356
2708 1355
2709 1356
2710 1355
2711 1356
2712 1356
2713 1354
2714 1355
2715 1356
2716 1354
2717 1357
2718 1353
2719 1356
2720 1356
2721 1353
2722 1353
2723 1353
2724 1352
2725 1353
2726 1356
2727 1355
2728 1357
2729 1355
2730 1356
2731 1355
2732 1355
2733 1355
2734 1355
2735 1356
2736 1355
2737 1356
2738 1357
2739 1356
2740 1356
2741 1356
2742 1357
2743 1356
2744 1357
2745 1354
2746 1356
2747 1356
2748 1357
2749 1358
2750 1359
2751 1358
2752 1356
2753 1355
2754 1357
2755 1355
2756 1356
2757 1354
2758 1355
2759 1354
2760 1354
2761 1356
2762 1356
2763 1357
2764 1353
2765 1353
2766 1354
2767 1357
2768 1356
2769 1357
2770 1356
2771 1355
2772 1354
2773 1353
2774 1354
2775 1356
2776 1355
2777 1354
2778 1355
2779 1353
2780 1353
2781 1356
2782 1356
2783 1359
2784 1354
2785 1354
2786 1354
2787 1354
2788 1354
2789 1356
2790 1357
2791 1358
2792 1355
2793 1356
2794 1355
2795 1357
2796 1355
2797 1355
2798 1358
2799 1356
2800 1357
2801 1357
2802 1357
2803 1357
2804 1356
2805 1357
2806 1356
2807 1356
2808 1357
2809 1355
2810 1354
2811 1352
2812 1356
2813 1356
2814 1356
2815 1357
2816 1356
2817 1358
2818 1355
2819 1357
2820 1356
2821 1356
2822 1355
2823 1356
2824 1356
2825 1355
2826 1355
2827 1356
2828 1357
2829 1355
2830 1353
2831 1357
2832 1356
2833 1357
2834 1356
2835 1358
2836 1356
2837 1357
2838 1358
2839 1357
2840 1357
2841 1357
2842 1358
2843 1355
2844 1356
2845 1354
2846 1357
2847 1356
2848 1357
2849 1355
2850 1355
2851 1354
2852 1356
2853 1354
2854 1355
2855 1355
2856 1356
2857 1354
2858 1356
2859 1354
2860 1355
2861 1356
2862 1355
2863 1357
2864 1354
2865 1356
2866 1357
2867 1353
2868 1356
2869 1356
2870 1355
2871 1354
2872 1356
2873 1356
2874 1357
2875 1358
2876 1357
2877 1357
2878 1356
2879 1354
2880 1353
2881 1354
2882 1357
2883 1354
2884 1357
2885 1354
2886 1357
2887 1355
2888 1354
2889 1354
2890 1356
2891 1354
2892 1354
2893 1352
2894 1357
2895 1354
2896 1355
2897 1355
2898 1355
2899 1358
2900 1353
2901 1354
2902 1359
2903 1356
2904 1356
2905 1356
2906 1355
2907 1359
2908 1357
2909 1356
2910 1355
2911 1355
2912 1356
2913 1356
2914 1357
2915 1355
2916 1355
2917 1354
2918 1354
2919 1352
2920 1354
2921 1356
2922 1356
2923 1355
2924 1356
2925 1355
2926 1357
2927 1356
2928 1357
2929 1356
2930 1357
2931 1357
2932 1354
2933 1356
2934 1354
2935 1354
2936 1357
2937 1356
2938 1356
2939 1356
2940 1356
2941 1354
2942 1355
2943 1353
2944 1356
2945 1358
2946 1358
2947 1353
2948 1357
2949 1356
2950 1355
2951 1355
2952 1358
2953 1355
2954 1355
2955 1356
2956 1356
2957 1357
2958 1355
2959 1356
2960 1357
2961 1357
2962 1357
2963 1354
2964 1356
2965 1357
2966 1356
2967 1356
2968 1357
2969 1355
2970 1356
2971 1356
2972 1356
2973 1355
2974 1352
2975 1356
2976 1357
2977 1359
2978 1354
2979 1356
2980 1358
2981 1356
2982 1358
2983 1356
2984 1354
2985 1357
2986 1356
2987 1358
2988 1354
2989 1356
2990 1357
2991 1356
2992 1357
2993 1357
2994 1355
2995 1358
2996 1354
2997 1355
2998 1354
2999 1356
3000 1355
3001 1356
3002 1355
3003 1356
3004 1356
3005 1355
3006 1356
3007 1360
3008 1353
3009 1354
3010 1357
3011 1357
3012 1355
3013 1356
3014 1356
3015 1357
3016 1355
3017 1354
3018 1357
3019 1356
3020 1357
3021 1357
3022 1356
3023 1357
3024 1357
3025 1358
3026 1358
3027 1356
3028 1357
3029 1355
3030 1356
3031 1356
3032 1353
3033 1355
3034 1357
3035 1357
3036 1354
3037 1356
3038 1356
3039 1355
3040 1354
3041 1356
3042 1356
3043 1357
3044 1356
3045 1357
3046 1355
3047 1354
3048 1355
3049 1357
3050 1357
3051 1356
3052 1357
3053 1352
3054 1353
3055 1357
3056 1357
3057 1357
3058 1355
3059 1356
3060 1354
3061 1358
3062 1354
3063 1357
3064 1354
3065 1357
3066 1357
3067 1354
3068 1354
3069 1356
3070 1355
3071 1355
3072 1357
3073 1355
3074 1357
3075 1357
3076 1357
3077 1355
3078 1356
3079 1355
3080 1359
3081 1357
3082 1356
3083 1356
3084 1357
3085 1353
3086 1357
3087 1355
3088 1355
3089 1356
3090 1356
3091 1355
3092 1355
3093 1355
3094 1354
3095 1353
3096 1354
3097 1357
3098 1355
3099 1354
3100 1356
3101 1355
3102 1359
3103 1356
3104 1353
3105 1356
3106 1357
3107 1358
3108 1357
3109 1356
3110 1358
3111 1353
3112 1353
3113 1356
3114 1355
3115 1356
3116 1356
3117 1355
3118 1353
3119 1352
3120 1355
3121 1357
3122 1356
3123 1358
3124 1355
3125 1356
3126 1358
3127 1354
3128 1355
3129 1353
3130 1356
3131 1358
3132 1357
3133 1358
3134 1354
3135 1354
3136 1355
3137 1357
3138 1360
3139 1356
3140 1356
3141 1353
3142 1355
3143 1356
3144 1355
3145 1356
3146 1358
3147 1356
3148 1359
3149 1355
3150 1357
3151 1358
3152 1358
3153 1356
3154 1356
3155 1354
3156 1357
3157 1358
3158 1355
3159 1355
3160 1357
3161 1356
3162 1354
3163 1354
3164 1357
3165 1359
3166 1355
3167 1353
3168 1355
3169 1355
3170 1355
3171 1356
3172 1359
3173 1356
3174 1357
3175 1357
3176 1356
3177 1355
3178 1357
3179 1354
3180 1355
3181 1355
3182 1355
3183 1356
3184 1356
3185 1354
3186 1354
3187 1354
3188 1355
3189 1357
3190 1355
3191 1352
3192 1357
3193 1353
3194 1355
3195 1354
3196 1355
3197 1356
3198 1355
3199 1355
3200 1357
3201 1355
3202 1356
3203 1353
3204 1354
3205 1356
3206 1357
3207 1356
3208 1357
3209 1357
3210 1356
3211 1355
3212 1357
3213 1355
3214 1356
3215 1357
3216 1357
3217 1356
3218 1357
3219 1354
3220 1359
3221 1357
3222 1357
3223 1354
3224 1357
3225 1356
3226 1356
3227 1357
3228 1356
3229 1356
3230 1357
3231 1358
3232 1358
3233 1357
3234 1356
3235 1357
3236 1353
3237 1356
3238 1355
3239 1357
3240 1358
3241 1356
3242 1355
3243 1356
3244 1356
3245 1355
3246 1353
3247 1357
3248 1353
3249 1355
3250 1354
3251 1354
3252 1354
3253 1357
3254 1354
3255 1357
3256 1354
3257 1354
3258 1355
3259 1357
3260 1357
3261 1357
3262 1354
3263 1356
3264 1357
3265 1355
3266 1355
3267 1356
3268 1355
3269 1356
3270 1357
3271 1358
3272 1357
3273 1354
3274 1357
3275 1358
3276 1355
3277 1355
3278 1352
3279 1358
3280 1355
3281 1356
3282 1357
3283 1356
3284 1357
3285 1356
3286 1357
3287 1357
3288 1354
3289 1356
3290 1356
3291 1355
3292 1356
3293 1354
3294 1356
3295 1358
3296 1358
3297 1357
3298 1356
3299 1355
3300 1357
3301 1358
3302 1357
3303 1357
3304 1357
3305 1357
3306 1358
3307 1356
3308 1355
3309 1354
3310 1355
3311 1355
3312 1354
3313 1355
3314 1353
3315 1356
3316 1357
3317 1354
3318 1354
3319 1356
3320 1357
3321 1356
3322 1356
3323 1356
3324 1356
3325 1353
3326 1354
3327 1356
3328 1356
3329 1355
3330 1357
3331 1357
3332 1355
3333 1356
3334 1354
3335 1355
3336 1353
3337 1353
3338 1357
3339 1356
3340 1356
3341 1356
3342 1354
3343 1353
3344 1356
3345 1355
3346 1357
3347 1356
3348 1355
3349 1354
3350 1356
3351 1357
3352 1357
3353 1354
3354 1356
3355 1356
3356 1357
3357 1356
3358 1357
3359 1353
3360 1353
3361 1355
3362 1356
3363 1356
3364 1355
3365 1356
3366 1356
3367 1360
3368 1355
3369 1357
3370 1355
3371 1355
3372 1357
3373 1353
3374 1356
3375 1357
3376 1358
3377 1354
3378 1356
3379 1353
3380 1357
3381 1358
3382 1357
3383 1356
3384 1356
3385 1356
3386 1356
3387 1355
3388 1356
3389 1358
3390 1357
3391 1357
3392 1355
3393 1354
3394 1356
3395 1357
3396 1355
3397 1356
3398 1355
3399 1354
3400 1356
3401 1356
3402 1355
3403 1354
3404 1353
3405 1355
3406 1356
3407 1353
3408 1356
3409 1355
3410 1357
3411 1355
3412 1355
3413 1355
3414 1356
3415 1355
3416 1353
3417 1356
3418 1358
3419 1356
3420 1357
3421 1354
3422 1355
3423 1357
3424 1357
3425 1355
3426 1355
3427 1358
3428 1357
3429 1356
3430 1358
3431 1352
3432 1357
3433 1354
3434 1358
3435 1354
3436 1357
3437 1354
3438 1355
3439 1354
3440 1358
3441 1354
3442 1355
3443 1356
3444 1358
3445 1356
3446 1359
3447 1357
3448 1355
3449 1355
3450 1356
3451 1356
3452 1356
3453 1356
3454 1357
3455 1354
3456 1356
3457 1355
3458 1353
3459 1355
3460 1359
3461 1356
3462 1357
3463 1354
3464 1352
3465 1352
3466 1355
3467 1355
3468 1353
3469 1356
3470 1354
3471 1356
3472 1358
3473 1357
3474 1357
3475 1358
3476 1357
3477 1356
3478 1357
3479 1357
3480 1357
3481 1356
3482 1357
3483 1356
3484 1358
3485 1356
3486 1355
3487 1354
3488 1356
3489 1356
3490 1358
3491 1356
3492 1356
3493 1358
3494 1358
3495 1356
3496 1356
3497 1353
3498 1355
3499 1356
3500 1357
3501 1355
3502 1357
3503 1355
3504 1359
3505 1357
3506 1359
3507 1354
3508 1357
3509 1356
3510 1356
3511 1354
3512 1358
3513 1355
3514 1355
3515 1356
3516 1357
3517 1358
3518 1356
3519 1357
3520 1354
3521 1355
3522 1357
3523 1355
3524 1356
3525 1355
3526 1356
3527 1357
3528 1358
3529 1354
3530 1355
3531 1355
3532 1357
3533 1357
3534 1356
3535 1356
3536 1359
3537 1357
3538 1358
3539 1356
3540 1357
3541 1358
3542 1354
3543 1352
3544 1356
3545 1356
3546 1355
3547 1355
3548 1355
3549 1354
3550 1354
3551 1356
3552 1354
3553 1356
3554 1355
3555 1355
3556 1352
3557 1354
3558 1355
3559 1356
3560 1355
3561 1356
3562 1356
3563 1355
3564 1357
3565 1354
3566 1358
3567 1354
3568 1357
3569 1356
3570 1357
3571 1355
3572 1356
3573 1353
3574 1355
3575 1352
3576 1355
3577 1355
3578 1355
3579 1354
3580 1354
3581 1354
3582 1356
3583 1356
3584 1355
3585 1356
3586 1355
3587 1355
3588 1354
3589 1355
3590 1354
3591 1355
3592 1357
3593 1355
3594 1355
3595 1356
3596 1358
3597 1356
3598 1356
3599 1354
3600 1353
3601 1357
3602 1354
3603 1356
3604 1356
3605 1357
3606 1359
3607 1356
3608 1360
3609 1357
3610 1355
3611 1353
3612 1359
3613 1356
3614 1354
3615 1355
3616 1357
3617 1354
3618 1355
3619 1357
3620 1356
3621 1356
3622 1355
3623 1353
3624 1357
3625 1355
3626 1355
3627 1357
3628 1359
3629 1356
3630 1358
3631 1355
3632 1359
3633 1355
3634 1360
3635 1355
3636 1357
3637 1356
3638 1356
3639 1354
3640 1357
3641 1356
3642 1358
3643 1353
3644 1355
3645 1353
3646 1353
3647 1357
3648 1356
3649 1358
3650 1357
3651 1357
3652 1358
3653 1358
3654 1358
3655 1357
3656 1354
3657 1354
3658 1357
3659 1357
3660 1357
3661 1356
3662 1355
3663 1355
3664 1353
3665 1356
3666 1357
3667 1355
3668 1355
3669 1357
3670 1357
3671 1355
3672 1355
3673 1356
3674 1356
3675 1352
3676 1353
3677 1355
3678 1357
3679 1354
3680 1356
3681 1356
3682 1356
3683 1357
3684 1356
3685 1358
3686 1358
3687 1356
3688 1358
3689 1355
3690 1357
3691 1356
3692 1357
3693 1357
3694 1356
3695 1357
3696 1356
3697 1356
3698 1356
3699 1354
3700 1358
3701 1353
3702 1359
3703 1356
3704 1357
3705 1356
3706 1358
3707 1357
3708 1358
3709 1355
3710 1357
3711 1356
3712 1357
3713 1356
3714 1356
3715 1355
3716 1356
3717 1355
3718 1355
3719 1354
3720 1357
3721 1356
3722 1357
3723 1357
3724 1358
3725 1356
3726 1357
3727 1354
3728 1357
3729 1356
3730 1357
3731 1354
3732 1362
3733 1358
3734 1358
3735 1358
3736 1358
3737 1355
3738 1354
3739 1353
3740 1355
3741 1356
3742 1357
3743 1355
3744 1357
3745 1355
3746 1357
3747 1356
3748 1358
3749 1356
3750 1358
3751 1352
3752 1357
3753 1356
3754 1355
3755 1356
3756 1357
3757 1356
3758 1358
3759 1357
3760 1355
3761 1358
3762 1356
3763 1356
3764 1355
3765 1355
3766 1354
3767 1357
3768 1355
3769 1356
3770 1356
3771 1356
3772 1357
3773 1355
3774 1356
3775 1356
3776 1356
3777 1357
3778 1358
3779 1356
3780 1357
3781 1355
3782 1358
3783 1355
3784 1358
3785 1355
3786 1357
3787 1353
3788 1357
3789 1356
3790 1359
3791 1354
3792 1358
3793 1357
3794 1355
3795 1354
3796 1357
3797 1355
3798 1357
3799 1355
3800 1356
3801 1353
3802 1357
3803 1356
3804 1358
3805 1354
3806 1358
3807 1354
3808 1357
3809 1354
3810 1356
3811 1355
3812 1357
3813 1355
3814 1358
3815 1354
3816 1357
3817 1356
3818 1357
3819 1358
3820 1357
3821 1356
3822 1357
3823 1353
3824 1356
3825 1354
3826 1354
3827 1356
3828 1356
3829 1355
3830 1358
3831 1355
3832 1355
3833 1356
3834 1356
3835 1355
3836 1357
3837 1355
3838 1355
3839 1356
3840 1360
3841 1359
3842 1357
3843 1356
3844 1356
3845 1358
3846 1357
3847 1357
3848 1357
3849 1360
3850 1361
3851 1357
3852 1355
3853 1355
3854 1357
3855 1353
3856 1355
3857 1356
3858 1356
3859 1359
3860 1356
3861 1354
3862 1354
3863 1356
3864 1355
3865 1352
3866 1358
3867 1357
3868 1356
3869 1355
3870 1354
3871 1355
3872 1356
3873 1356
3874 1355
3875 1356
3876 1359
3877 1357
3878 1356
3879 1354
3880 1354
3881 1356
3882 1357
3883 1356
3884 1356
3885 1354
3886 1354
3887 1355
3888 1357
3889 1357
3890 1355
3891 1355
3892 1358
3893 1354
3894 1357
3895 1355
3896 1357
3897 1356
3898 1356
3899 1353
3900 1357
3901 1353
3902 1357
3903 1356
3904 1357
3905 1356
3906 1355
3907 1356
3908 1356
3909 1356
3910 1357
3911 1357
3912 1357
3913 1356
3914 1353
3915 1354
3916 1356
3917 1355
3918 1356
3919 1355
3920 1355
3921 1354
3922 1354
3923 1355
3924 1357
3925 1356
3926 1357
3927 1357
3928 1354
3929 1355
3930 1357
3931 1354
3932 1357
3933 1355
3934 1355
3935 1356
3936 1354
3937 1356
3938 1355
3939 1357
3940 1359
3941 1357
3942 1359
3943 1356
3944 1357
3945 1358
3946 1356
3947 1355
3948 1355
3949 1355
3950 1354
3951 1355
3952 1353
3953 1350
3954 1354
3955 1355
3956 1356
3957 1355
3958 1357
3959 1357
3960 1356
3961 1355
3962 1354
3963 1355
3964 1354
3965 1356
3966 1357
3967 1357
3968 1358
3969 1354
3970 1356
3971 1353
3972 1354
3973 1356
3974 1355
3975 1356
3976 1358
3977 1355
3978 1353
3979 1356
3980 1352
3981 1355
3982 1354
3983 1354
3984 1356
3985 1357
3986 1355
3987 1358
3988 1354
3989 1356
3990 1355
3991 1356
3992 1357
3993 1358
3994 1357
3995 1355
3996 1357
3997 1357
3998 1356
3999 1356
