0 1356
1 1357
2 1356
3 1355
4 1355
5 1357
6 1356
7 1356
8 1356
9 1356
10 1356
11 1355
12 1353
13 1355
14 1357
15 1356
16 1358
17 1355
18 1353
19 1356
20 1355
21 1356
22 1357
23 1357
24 1354
25 1355
26 1355
27 1358
28 1357
29 1358
30 1356
31 1355
32 1354
33 1356
34 1357
35 1354
36 1356
37 1357
38 1359
39 1357
40 1357
41 1357
42 1357
43 1356
44 1355
45 1354
46 1354
47 1359
48 1357
49 1355
50 1355
51 1356
52 1355
53 1355
54 1356
55 1355
56 1357
57 1355
58 1354
59 1353
60 1354
61 1357
62 1353
63 1356
64 1356
65 1357
66 1355
67 1357
68 1356
69 1356
70 1353
71 1356
72 1355
73 1356
74 1354
75 1356
76 1355
77 1355
78 1354
79 1357
80 1355
81 1356
82 1355
83 1356
84 1355
85 1356
86 1356
87 1358
88 1359
89 1358
90 1357
91 1359
92 1354
93 1356
94 1356
95 1357
96 1355
97 1355
98 1356
99 1355
100 1355
101 1356
102 1355
103 1356
104 1356
105 1356
106 1356
107 1359
108 1357
109 1355
110 1355
111 1355
112 1357
113 1359
114 1355
115 1356
116 1354
117 1357
118 1356
119 1357
120 1355
121 1357
122 1357
123 1357
124 1354
125 1354
126 1357
127 1357
128 1354
129 1356
130 1354
131 1355
132 1356
133 1356
134 1354
135 1356
136 1354
137 1356
138 1354
139 1354
140 1355
141 1357
142 1353
143 1354
144 1354
145 1353
146 1356
147 1355
148 1356
149 1356
150 1355
151 1352
152 1356
153 1354
154 1355
155 1356
156 1356
157 1355
158 1354
159 1356
160 1354
161 1354
162 1356
163 1354
164 1355
165 1354
166 1355
167 1354
168 1354
169 1357
170 1353
171 1358
172 1354
173 1354
174 1353
175 1357
176 1356
177 1358
178 1356
179 1355
180 1357
181 1355
182 1357
183 1357
184 1357
185 1360
186 1361
187 1354
188 1353
189 1354
190 1352
191 1356
192 1354
193 1354
194 1356
195 1358
196 1356
197 1356
198 1356
199 1357
200 1358
201 1356
202 1356
203 1355
204 1357
205 1353
206 1355
207 1356
208 1355
209 1356
210 1354
211 1356
212 1355
213 1355
214 1355
215 1355
216 1358
217 1356
218 1355
219 1356
220 1356
221 1354
222 1354
223 1356
224 1354
225 1357
226 1355
227 1357
228 1353
229 1353
230 1358
231 1356
232 1357
233 1355
234 1356
235 1357
236 1356
237 1352
238 1355
239 1356
240 1358
241 1356
242 1358
243 1357
244 1355
245 1354
246 1357
247 1356
248 1356
249 1355
250 1355
251 1356
252 1356
253 1355
254 1354
255 1353
256 1354
257 1356
258 1354
259 1357
260 1356
261 1356
262 1356
263 1356
264 1356
265 1355
266 1356
267 1357
268 1354
269 1357
270 1356
271 1359
272 1357
273 1358
274 1358
275 1356
276 1357
277 1357
278 1357
279 1354
280 1354
281 1353
282 1353
283 1355
284 1356
285 1353
286 1355
287 1357
288 1355
289 1355
290 1353
291 1357
292 1355
293 1357
294 1357
295 1356
296 1354
297 1356
298 1356
299 1357
300 1357
301 1355
302 1356
303 1354
304 1355
305 1358
306 1357
307 1356
308 1355
309 1356
310 1356
311 1354
312 1356
313 1354
314 1354
315 1356
316 1356
317 1356
318 1355
319 1356
320 1356
321 1356
322 1356
323 1356
324 1355
325 1355
326 1354
327 1356
328 1354
329 1356
330 1357
331 1357
332 1356
333 1357
334 1357
335 1357
336 1355
337 1355
338 1353
339 1356
340 1355
341 1355
342 1356
343 1357
344 1355
345 1354
346 1355
347 1355
348 1356
349 1356
350 1355
351 1356
352 1355
353 1357
354 1356
355 1357
356 1356
357 1356
358 1354
359 1357
360 1356
361 1356
362 1355
363 1357
364 1357
365 1359
366 1356
367 1355
368 1354
369 1355
370 1355
371 1357
372 1356
373 1355
374 1353
375 1356
376 1354
377 1355
378 1355
379 1357
380 1353
381 1356
382 1355
383 1354
384 1354
385 1355
386 1354
387 1356
388 1355
389 1355
390 1355
391 1357
392 1356
393 1357
394 1354
395 1355
396 1356
397 1353
398 1357
399 1355
400 1352
401 1356
402 1355
403 1358
404 1356
405 1356
406 1356
407 1354
408 1355
409 1355
410 1356
411 1356
412 1355
413 1355
414 1355
415 1356
416 1355
417 1356
418 1354
419 1355
420 1355
421 1354
422 1357
423 1354
424 1354
425 1354
426 1355
427 1355
428 1356
429 1357
430 1355
431 1356
432 1356
433 1356
434 1354
435 1355
436 1355
437 1356
438 1354
439 1356
440 1354
441 1353
442 1358
443 1354
444 1356
445 1355
446 1356
447 1355
448 1356
449 1356
450 1354
451 1354
452 1356
453 1355
454 1353
455 1355
456 1356
457 1358
458 1354
459 1357
460 1352
461 1355
462 1355
463 1354
464 1353
465 1354
466 1355
467 1357
468 1353
469 1359
470 1353
471 1356
472 1356
473 1356
474 1356
475 1356
476 1351
477 1356
478 1356
479 1358
480 1355
481 1357
482 1356
483 1357
484 1355
485 1358
486 1355
487 1356
488 1356
489 1357
490 1356
491 1354
492 1354
493 1356
494 1355
495 1353
496 1354
497 1356
498 1354
499 1355
500 1355
501 1356
502 1354
503 1355
504 1356
505 1358
506 1356
507 1356
508 1356
509 1357
510 1353
511 1357
512 1355
513 1357
514 1357
515 1359
516 1356
517 1356
518 1354
519 1356
520 1357
521 1356
522 1356
523 1354
524 1355
525 1357
526 1355
527 1355
528 1352
529 1359
530 1359
531 1357
532 1355
533 1357
534 1358
535 1358
536 1357
537 1356
538 1358
539 1360
540 1363
541 1369
542 1373
543 1382
544 1393
545 1410
546 1426
547 1452
548 1474
549 1494
550 1515
551 1533
552 1552
553 1570
554 1588
555 1602
556 1615
557 1626
558 1631
559 1638
560 1641
561 1644
562 1646
563 1644
564 1638
565 1634
566 1629
567 1624
568 1613
569 1605
570 1599
571 1590
572 1580
573 1569
574 1556
575 1552
576 1541
577 1529
578 1518
579 1510
580 1501
581 1495
582 1484
583 1478
584 1473
585 1465
586 1456
587 1448
588 1443
589 1437
590 1430
591 1426
592 1420
593 1420
594 1414
595 1410
596 1405
597 1404
598 1399
599 1398
600 1393
601 1393
602 1389
603 1388
604 1385
605 1383
606 1379
607 1380
608 1376
609 1375
610 1376
611 1376
612 1371
613 1373
614 1370
615 1369
616 1368
617 1370
618 1368
619 1367
620 1365
621 1364
622 1363
623 1364
624 1362
625 1363
626 1363
627 1362
628 1362
629 1361
630 1360
631 1361
632 1360
633 1358
634 1357
635 1362
636 1360
637 1358
638 1358
639 1358
640 1359
641 1358
642 1359
643 1361
644 1360
645 1359
646 1356
647 1357
648 1356
649 1358
650 1358
651 1355
652 1355
653 1357
654 1358
655 1358
656 1358
657 1357
658 1357
659 1358
660 1358
661 1358
662 1356
663 1355
664 1355
665 1358
666 1357
667 1357
668 1357
669 1355
670 1357
671 1356
672 1356
673 1357
674 1356
675 1357
676 1356
677 1355
678 1358
679 1357
680 1355
681 1358
682 1356
683 1358
684 1359
685 1357
686 1357
687 1357
688 1354
689 1353
690 1354
691 1359
692 1357
693 1358
694 1358
695 1356
696 1357
697 1358
698 1356
699 1357
700 1356
701 1357
702 1358
703 1357
704 1356
705 1357
706 1357
707 1358
708 1356
709 1357
710 1356
711 1359
712 1356
713 1357
714 1356
715 1357
716 1354
717 1356
718 1355
719 1358
720 1358
721 1357
722 1355
723 1357
724 1355
725 1357
726 1356
727 1357
728 1355
729 1357
730 1357
731 1355
732 1357
733 1357
734 1358
735 1357
736 1357
737 1357
738 1355
739 1358
740 1358
741 1357
742 1354
743 1357
744 1353
745 1355
746 1355
747 1356
748 1357
749 1354
750 1354
751 1356
752 1356
753 1356
754 1355
755 1356
756 1354
757 1358
758 1358
759 1357
760 1357
761 1357
762 1356
763 1357
764 1356
765 1358
766 1356
767 1357
768 1357
769 1357
770 1354
771 1354
772 1355
773 1357
774 1353
775 1358
776 1357
777 1357
778 1356
779 1354
780 1354
781 1356
782 1354
783 1353
784 1355
785 1357
786 1354
787 1356
788 1356
789 1357
790 1355
791 1357
792 1355
793 1355
794 1356
795 1357
796 1354
797 1354
798 1353
799 1355
800 1354
801 1357
802 1355
803 1357
804 1354
805 1356
806 1355
807 1353
808 1356
809 1356
810 1356
811 1356
812 1356
813 1356
814 1355
815 1356
816 1355
817 1357
818 1357
819 1357
820 1355
821 1357
822 1356
823 1357
824 1355
825 1358
826 1355
827 1355
828 1356
829 1355
830 1354
831 1352
832 1355
833 1355
834 1354
835 1357
836 1357
837 1356
838 1354
839 1356
840 1355
841 1354
842 1356
843 1357
844 1356
845 1354
846 1354
847 1356
848 1357
849 1356
850 1356
851 1355
852 1356
853 1355
854 1356
855 1356
856 1355
857 1355
858 1353
859 1351
860 1354
861 1355
862 1354
863 1354
864 1353
865 1355
866 1355
867 1353
868 1352
869 1353
870 1354
871 1355
872 1355
873 1353
874 1353
875 1358
876 1356
877 1357
878 1355
879 1355
880 1355
881 1358
882 1356
883 1356
884 1354
885 1353
886 1356
887 1356
888 1357
889 1354
890 1355
891 1355
892 1354
893 1352
894 1356
895 1355
896 1356
897 1355
898 1355
899 1354
900 1357
901 1354
902 1355
903 1353
904 1354
905 1355
906 1356
907 1355
908 1357
909 1353
910 1358
911 1359
912 1356
913 1356
914 1354
915 1354
916 1355
917 1356
918 1355
919 1358
920 1354
921 1356
922 1355
923 1354
924 1355
925 1355
926 1353
927 1351
928 1356
929 1358
930 1356
931 1357
932 1356
933 1356
934 1355
935 1355
936 1357
937 1358
938 1355
939 1357
940 1359
941 1354
942 1355
943 1354
944 1354
945 1356
946 1356
947 1357
948 1355
949 1357
950 1355
951 1357
952 1353
953 1355
954 1355
955 1357
956 1355
957 1357
958 1356
959 1357
960 1356
961 1356
962 1356
963 1356
964 1356
965 1356
966 1354
967 1353
968 1355
969 1357
970 1355
971 1357
972 1355
973 1356
974 1356
975 1357
976 1355
977 1355
978 1356
979 1356
980 1357
981 1355
982 1354
983 1355
984 1354
985 1356
986 1358
987 1356
988 1355
989 1353
990 1356
991 1356
992 1355
993 1355
994 1357
995 1355
996 1353
997 1355
998 1350
999 1355
1000 1358
1001 1357
1002 1357
1003 1356
1004 1356
1005 1357
1006 1356
1007 1358
1008 1356
1009 1356
1010 1357
1011 1356
1012 1355
1013 1356
1014 1356
1015 1355
1016 1354
1017 1356
1018 1354
1019 1357
1020 1354
1021 1356
1022 1355
1023 1356
1024 1356
1025 1358
1026 1358
1027 1358
1028 1357
1029 1358
1030 1358
1031 1359
1032 1358
1033 1357
1034 1356
1035 1358
1036 1357
1037 1357
1038 1354
1039 1355
1040 1355
1041 1356
1042 1355
1043 1355
1044 1357
1045 1358
1046 1356
1047 1357
1048 1356
1049 1357
1050 1355
1051 1355
1052 1355
1053 1353
1054 1354
1055 1355
1056 1354
1057 1354
1058 1356
1059 1352
1060 1358
1061 1357
1062 1354
1063 1356
1064 1354
1065 1359
1066 1356
1067 1358
1068 1356
1069 1357
1070 1356
1071 1356
1072 1355
1073 1357
1074 1357
1075 1353
1076 1354
1077 1356
1078 1356
1079 1358
1080 1354
1081 1357
1082 1355
1083 1356
1084 1356
1085 1356
1086 1354
1087 1355
1088 1356
1089 1358
1090 1355
1091 1353
1092 1358
1093 1355
1094 1355
1095 1357
1096 1355
1097 1356
1098 1352
1099 1355
1100 1356
1101 1359
1102 1355
1103 1357
1104 1357
1105 1356
1106 1359
1107 1354
1108 1357
1109 1357
1110 1357
1111 1359
1112 1354
1113 1355
1114 1357
1115 1355
1116 1353
1117 1354
1118 1355
1119 1357
1120 1356
1121 1356
1122 1356
1123 1357
1124 1356
1125 1358
1126 1355
1127 1354
1128 1354
1129 1356
1130 1355
1131 1353
1132 1353
1133 1356
1134 1355
1135 1355
1136 1355
1137 1354
1138 1356
1139 1355
1140 1356
1141 1354
1142 1356
1143 1354
1144 1355
1145 1355
1146 1355
1147 1355
1148 1354
1149 1353
1150 1355
1151 1355
1152 1356
1153 1355
1154 1355
1155 1357
1156 1359
1157 1355
1158 1354
1159 1355
1160 1357
1161 1357
1162 1355
1163 1355
1164 1355
1165 1353
1166 1357
1167 1358
1168 1357
1169 1356
1170 1356
1171 1356
1172 1355
1173 1355
1174 1354
1175 1355
1176 1357
1177 1353
1178 1356
1179 1355
1180 1358
1181 1357
1182 1357
1183 1356
1184 1356
1185 1358
1186 1357
1187 1359
1188 1356
1189 1357
1190 1357
1191 1355
1192 1357
1193 1356
1194 1356
1195 1356
1196 1356
1197 1358
1198 1355
1199 1354
1200 1354
1201 1354
1202 1356
1203 1355
1204 1356
1205 1354
1206 1350
1207 1353
1208 1355
1209 1355
1210 1359
1211 1357
1212 1356
1213 1357
1214 1356
1215 1356
1216 1353
1217 1357
1218 1356
1219 1354
1220 1356
1221 1354
1222 1358
1223 1358
1224 1356
1225 1359
1226 1358
1227 1354
1228 1356
1229 1354
1230 1354
1231 1356
1232 1351
1233 1350
1234 1354
1235 1356
1236 1358
1237 1355
1238 1354
1239 1355
1240 1356
1241 1356
1242 1355
1243 1357
1244 1355
1245 1355
1246 1353
1247 1357
1248 1356
1249 1355
1250 1354
1251 1356
1252 1357
1253 1354
1254 1354
1255 1357
1256 1356
1257 1357
1258 1355
1259 1357
1260 1356
1261 1359
1262 1357
1263 1356
1264 1354
1265 1357
1266 1356
1267 1356
1268 1356
1269 1358
1270 1354
1271 1356
1272 1353
1273 1357
1274 1356
1275 1358
1276 1354
1277 1355
1278 1356
1279 1357
1280 1353
1281 1355
1282 1354
1283 1355
1284 1356
1285 1356
1286 1355
1287 1355
1288 1353
1289 1353
1290 1353
1291 1353
1292 1356
1293 1355
1294 1353
1295 1357
1296 1355
1297 1353
1298 1357
1299 1356
1300 1355
1301 1357
1302 1355
1303 1354
1304 1355
1305 1354
1306 1354
1307 1356
1308 1356
1309 1357
1310 1357
1311 1359
1312 1355
1313 1355
1314 1353
1315 1354
1316 1355
1317 1355
1318 1354
1319 1353
1320 1356
1321 1354
1322 1355
1323 1356
1324 1356
1325 1356
1326 1354
1327 1357
1328 1354
1329 1355
1330 1355
1331 1356
1332 1354
1333 1355
1334 1354
1335 1357
1336 1355
1337 1353
1338 1358
1339 1360
1340 1357
1341 1357
1342 1355
1343 1354
1344 1354
1345 1357
1346 1357
1347 1356
1348 1355
1349 1353
1350 1356
1351 1357
1352 1357
1353 1355
1354 1354
1355 1356
1356 1355
1357 1354
1358 1356
1359 1357
1360 1358
1361 1356
1362 1354
1363 1356
1364 1356
1365 1354
1366 1354
1367 1356
1368 1357
1369 1357
1370 1356
1371 1355
1372 1356
1373 1355
1374 1356
1375 1357
1376 1358
1377 1355
1378 1356
1379 1355
1380 1358
1381 1355
1382 1358
1383 1355
1384 1356
1385 1356
1386 1356
1387 1354
1388 1355
1389 1358
1390 1356
1391 1352
1392 1359
1393 1357
1394 1358
1395 1357
1396 1356
1397 1357
1398 1356
1399 1353
1400 1357
1401 1358
1402 1356
1403 1356
1404 1354
1405 1356
1406 1358
1407 1356
1408 1356
1409 1354
1410 1355
1411 1354
1412 1356
1413 1352
1414 1355
1415 1355
1416 1358
1417 1353
1418 1353
1419 1355
1420 1356
1421 1354
1422 1354
1423 1355
1424 1353
1425 1355
1426 1356
1427 1357
1428 1357
1429 1356
1430 1359
1431 1358
1432 1356
1433 1359
1434 1354
1435 1355
1436 1355
1437 1354
1438 1356
1439 1354
1440 1353
1441 1353
1442 1356
1443 1352
1444 1355
1445 1358
1446 1355
1447 1354
1448 1353
1449 1353
1450 1354
1451 1354
1452 1359
1453 1358
1454 1358
1455 1357
1456 1356
1457 1355
1458 1355
1459 1355
1460 1356
1461 1357
1462 1357
1463 1356
1464 1357
1465 1356
1466 1354
1467 1354
1468 1355
1469 1355
1470 1354
1471 1356
1472 1354
1473 1354
1474 1352
1475 1355
1476 1355
1477 1354
1478 1355
1479 1358
1480 1355
1481 1356
1482 1355
1483 1354
1484 1355
1485 1357
1486 1354
1487 1356
1488 1358
1489 1356
1490 1356
1491 1358
1492 1355
1493 1358
1494 1354
1495 1357
1496 1355
1497 1355
1498 1356
1499 1355
1500 1356
1501 1357
1502 1354
1503 1357
1504 1354
1505 1353
1506 1351
1507 1352
1508 1354
1509 1354
1510 1358
1511 1355
1512 1356
1513 1355
1514 1354
1515 1355
1516 1356
1517 1355
1518 1357
1519 1356
1520 1356
1521 1354
1522 1355
1523 1356
1524 1354
1525 1357
1526 1356
1527 1356
1528 1358
1529 1355
1530 1354
1531 1356
1532 1356
1533 1355
1534 1356
1535 1356
1536 1354
1537 1356
1538 1355
1539 1357
1540 1353
1541 1354
1542 1357
1543 1357
1544 1354
1545 1355
1546 1355
1547 1356
1548 1356
1549 1357
1550 1358
1551 1355
1552 1356
1553 1355
1554 1355
1555 1355
1556 1355
1557 1357
1558 1357
1559 1357
1560 1355
1561 1357
1562 1353
1563 1356
1564 1355
1565 1356
1566 1355
1567 1352
1568 1353
1569 1356
1570 1356
1571 1353
1572 1354
1573 1354
1574 1354
1575 1355
1576 1355
1577 1356
1578 1353
1579 1355
1580 1355
1581 1357
1582 1356
1583 1355
1584 1355
1585 1356
1586 1354
1587 1356
1588 1357
1589 1357
1590 1357
1591 1355
1592 1352
1593 1356
1594 1356
1595 1355
1596 1354
1597 1357
1598 1356
1599 1353
1600 1353
1601 1355
1602 1355
1603 1355
1604 1356
1605 1357
1606 1355
1607 1358
1608 1356
1609 1358
1610 1352
1611 1358
1612 1355
1613 1357
1614 1357
1615 1357
1616 1355
1617 1358
1618 1353
1619 1356
1620 1355
1621 1357
1622 1352
1623 1356
1624 1353
1625 1354
1626 1354
1627 1355
1628 1354
1629 1354
1630 1355
1631 1357
1632 1356
1633 1359
1634 1357
1635 1356
1636 1356
1637 1353
1638 1354
1639 1356
1640 1355
1641 1355
1642 1354
1643 1356
1644 1356
1645 1357
1646 1355
1647 1357
1648 1353
1649 1357
1650 1355
1651 1355
1652 1353
1653 1357
1654 1354
1655 1357
1656 1355
1657 1356
1658 1356
1659 1355
1660 1354
1661 1355
1662 1356
1663 1355
1664 1356
1665 1357
1666 1357
1667 1353
1668 1354
1669 1356
1670 1354
1671 1354
1672 1354
1673 1358
1674 1357
1675 1356
1676 1355
1677 1357
1678 1355
1679 1355
1680 1355
1681 1353
1682 1355
1683 1354
1684 1356
1685 1357
1686 1356
1687 1356
1688 1352
1689 1355
1690 1353
1691 1356
1692 1357
1693 1358
1694 1354
1695 1358
1696 1354
1697 1359
1698 1354
1699 1357
1700 1354
1701 1357
1702 1357
1703 1356
1704 1357
1705 1356
1706 1356
1707 1357
1708 1355
1709 1357
1710 1356
1711 1357
1712 1357
1713 1356
1714 1355
1715 1355
1716 1354
1717 1354
1718 1354
1719 1355
1720 1355
1721 1357
1722 1353
1723 1353
1724 1356
1725 1354
1726 1355
1727 1357
1728 1355
1729 1358
1730 1354
1731 1360
1732 1355
1733 1357
1734 1356
1735 1356
1736 1356
1737 1358
1738 1357
1739 1358
1740 1354
1741 1353
1742 1355
1743 1356
1744 1354
1745 1354
1746 1355
1747 1357
1748 1356
1749 1356
1750 1354
1751 1356
1752 1357
1753 1358
1754 1355
1755 1358
1756 1357
1757 1355
1758 1355
1759 1356
1760 1356
1761 1357
1762 1356
1763 1357
1764 1357
1765 1355
1766 1357
1767 1358
1768 1356
1769 1355
1770 1355
1771 1357
1772 1357
1773 1358
1774 1356
1775 1355
1776 1356
1777 1356
1778 1356
1779 1358
1780 1355
1781 1357
1782 1356
1783 1356
1784 1354
1785 1355
1786 1356
1787 1358
1788 1357
1789 1355
1790 1357
1791 1358
1792 1356
1793 1358
1794 1356
1795 1356
1796 1356
1797 1354
1798 1355
1799 1356
1800 1358
1801 1358
1802 1357
1803 1355
1804 1354
1805 1354
1806 1355
1807 1355
1808 1356
1809 1356
1810 1356
1811 1356
1812 1354
1813 1354
1814 1358
1815 1354
1816 1357
1817 1357
1818 1355
1819 1356
1820 1357
1821 1357
1822 1358
1823 1357
1824 1358
1825 1353
1826 1354
1827 1355
1828 1355
1829 1354
1830 1355
1831 1358
1832 1355
1833 1357
1834 1356
1835 1356
1836 1354
1837 1355
1838 1357
1839 1355
1840 1356
1841 1358
1842 1356
1843 1355
1844 1355
1845 1356
1846 1354
1847 1355
1848 1357
1849 1356
1850 1356
1851 1353
1852 1356
1853 1356
1854 1354
1855 1357
1856 1357
1857 1355
1858 1358
1859 1356
1860 1358
1861 1357
1862 1356
1863 1357
1864 1355
1865 1355
1866 1353
1867 1355
1868 1354
1869 1352
1870 1355
1871 1354
1872 1356
1873 1356
1874 1355
1875 1355
1876 1356
1877 1355
1878 1356
1879 1355
1880 1355
1881 1356
1882 1356
1883 1353
1884 1358
1885 1357
1886 1356
1887 1353
1888 1353
1889 1355
1890 1356
1891 1355
1892 1355
1893 1354
1894 1355
1895 1356
1896 1357
1897 1355
1898 1355
1899 1354
1900 1355
1901 1357
1902 1355
1903 1351
1904 1358
1905 1355
1906 1352
1907 1355
1908 1354
1909 1356
1910 1355
1911 1356
1912 1353
1913 1356
1914 1357
1915 1356
1916 1357
1917 1355
1918 1357
1919 1356
1920 1355
1921 1354
1922 1356
1923 1355
1924 1354
1925 1357
1926 1353
1927 1353
1928 1355
1929 1356
1930 1357
1931 1355
1932 1358
1933 1354
1934 1354
1935 1357
1936 1354
1937 1356
1938 1354
1939 1354
1940 1352
1941 1356
1942 1355
1943 1356
1944 1351
1945 1354
1946 1357
1947 1359
1948 1357
1949 1357
1950 1357
1951 1356
1952 1355
1953 1354
1954 1355
1955 1356
1956 1355
1957 1357
1958 1356
1959 1359
1960 1352
1961 1355
1962 1356
1963 1356
1964 1353
1965 1357
1966 1355
1967 1354
1968 1355
1969 1352
1970 1356
1971 1356
1972 1356
1973 1356
1974 1356
1975 1355
1976 1356
1977 1356
1978 1355
1979 1356
1980 1357
1981 1357
1982 1356
1983 1358
1984 1356
1985 1357
1986 1354
1987 1356
1988 1358
1989 1357
1990 1357
1991 1355
1992 1352
1993 1355
1994 1354
1995 1355
1996 1356
1997 1356
1998 1355
1999 1355
2000 1353
2001 1356
2002 1353
2003 1355
2004 1354
2005 1358
2006 1354
2007 1357
2008 1353
2009 1355
2010 1353
2011 1357
2012 1358
2013 1358
2014 1355
2015 1358
2016 1355
2017 1355
2018 1352
2019 1355
2020 1354
2021 1353
2022 1355
2023 1355
2024 1353
2025 1356
2026 1353
2027 1355
2028 1355
2029 1354
2030 1356
2031 1356
2032 1357
2033 1356
2034 1355
2035 1355
2036 1357
2037 1354
2038 1356
2039 1358
2040 1357
2041 1355
2042 1355
2043 1353
2044 1354
2045 1356
2046 1355
2047 1357
2048 1355
2049 1356
2050 1353
2051 1357
2052 1355
2053 1356
2054 1351
2055 1354
2056 1356
2057 1356
2058 1354
2059 1355
2060 1354
2061 1355
2062 1355
2063 1355
2064 1355
2065 1355
2066 1356
2067 1356
2068 1356
2069 1356
2070 1357
2071 1355
2072 1356
2073 1357
2074 1355
2075 1355
2076 1356
2077 1357
2078 1359
2079 1356
2080 1358
2081 1356
2082 1355
2083 1353
2084 1353
2085 1357
2086 1356
2087 1357
2088 1355
2089 1355
2090 1354
2091 1356
2092 1355
2093 1359
2094 1356
2095 1355
2096 1355
2097 1356
2098 1356
2099 1357
2100 1356
2101 1357
2102 1357
2103 1356
2104 1356
2105 1357
2106 1356
2107 1355
2108 1355
2109 1356
2110 1354
2111 1353
2112 1356
2113 1357
2114 1353
2115 1357
2116 1353
2117 1355
2118 1354
2119 1356
2120 1353
2121 1357
2122 1355
2123 1356
2124 1353
2125 1356
2126 1356
2127 1357
2128 1353
2129 1358
2130 1353
2131 1357
2132 1354
2133 1354
2134 1356
2135 1356
2136 1356
2137 1357
2138 1354
2139 1353
2140 1355
2141 1357
2142 1352
2143 1355
2144 1356
2145 1356
2146 1354
2147 1356
2148 1354
2149 1356
2150 1355
2151 1358
2152 1354
2153 1357
2154 1354
2155 1356
2156 1353
2157 1358
2158 1354
2159 1359
2160 1357
2161 1357
2162 1358
2163 1355
2164 1356
2165 1355
2166 1356
2167 1357
2168 1355
2169 1355
2170 1356
2171 1357
2172 1353
2173 1356
2174 1355
2175 1355
2176 1352
2177 1356
2178 1353
2179 1355
2180 1356
2181 1356
2182 1356
2183 1355
2184 1356
2185 1355
2186 1355
2187 1357
2188 1354
2189 1356
2190 1354
2191 1355
2192 1355
2193 1356
2194 1355
2195 1357
2196 1357
2197 1355
2198 1355
2199 1354
2200 1352
2201 1356
2202 1353
2203 1355
2204 1354
2205 1356
2206 1354
2207 1356
2208 1355
2209 1355
2210 1356
2211 1355
2212 1354
2213 1353
2214 1355
2215 1355
2216 1355
2217 1355
2218 1355
2219 1356
2220 1356
2221 1357
2222 1356
2223 1354
2224 1356
2225 1355
2226 1359
2227 1354
2228 1356
2229 1353
2230 1354
2231 1356
2232 1358
2233 1358
2234 1354
2235 1355
2236 1354
2237 1353
2238 1353
2239 1355
2240 1353
2241 1357
2242 1354
2243 1353
2244 1353
2245 1360
2246 1358
2247 1357
2248 1356
2249 1358
2250 1357
2251 1356
2252 1354
2253 1358
2254 1354
2255 1355
2256 1356
2257 1357
2258 1355
2259 1357
2260 1353
2261 1355
2262 1356
2263 1354
2264 1355
2265 1355
2266 1351
2267 1354
2268 1356
2269 1355
2270 1354
2271 1355
2272 1354
2273 1353
2274 1355
2275 1353
2276 1355
2277 1357
2278 1356
2279 1356
2280 1356
2281 1356
2282 1357
2283 1359
2284 1357
2285 1355
2286 1355
2287 1357
2288 1355
2289 1355
2290 1353
2291 1355
2292 1356
2293 1353
2294 1354
2295 1353
2296 1355
2297 1354
2298 1354
2299 1351
2300 1354
2301 1356
2302 1356
2303 1355
2304 1356
2305 1354
2306 1353
2307 1354
2308 1353
2309 1354
2310 1354
2311 1353
2312 1354
2313 1356
2314 1358
2315 1355
2316 1356
2317 1358
2318 1354
2319 1352
2320 1357
2321 1357
2322 1356
2323 1354
2324 1355
2325 1353
2326 1355
2327 1354
2328 1357
2329 1355
2330 1354
2331 1355
2332 1356
2333 1352
2334 1355
2335 1357
2336 1359
2337 1354
2338 1354
2339 1355
2340 1354
2341 1356
2342 1355
2343 1355
2344 1358
2345 1353
2346 1356
2347 1358
2348 1356
2349 1356
2350 1357
2351 1359
2352 1356
2353 1357
2354 1355
2355 1355
2356 1356
2357 1357
2358 1355
2359 1357
2360 1352
2361 1353
2362 1354
2363 1356
2364 1355
2365 1355
2366 1353
2367 1353
2368 1355
2369 1358
2370 1356
2371 1354
2372 1357
2373 1353
2374 1354
2375 1356
2376 1355
2377 1356
2378 1357
2379 1355
2380 1356
2381 1357
2382 1356
2383 1357
2384 1354
2385 1356
2386 1354
2387 1355
2388 1356
2389 1353
2390 1352
2391 1354
2392 1355
2393 1355
2394 1356
2395 1355
2396 1355
2397 1357
2398 1355
2399 1356
2400 1355
2401 1357
2402 1355
2403 1352
2404 1356
2405 1357
2406 1357
2407 1357
2408 1354
2409 1357
2410 1356
2411 1357
2412 1353
2413 1357
2414 1354
2415 1355
2416 1353
2417 1355
2418 1356
2419 1354
2420 1356
2421 1355
2422 1355
2423 1355
2424 1355
2425 1357
2426 1356
2427 1353
2428 1357
2429 1356
2430 1354
2431 1354
2432 1355
2433 1357
2434 1354
2435 1357
2436 1359
2437 1356
2438 1356
2439 1354
2440 1354
2441 1357
2442 1357
2443 1355
2444 1354
2445 1356
2446 1355
2447 1355
2448 1354
2449 1354
2450 1356
2451 1355
2452 1355
2453 1357
2454 1354
2455 1353
2456 1356
2457 1355
2458 1358
2459 1356
2460 1355
2461 1356
2462 1354
2463 1355
2464 1354
2465 1358
2466 1360
2467 1357
2468 1357
2469 1355
2470 1356
2471 1357
2472 1353
2473 1358
2474 1356
2475 1356
2476 1356
2477 1357
2478 1358
2479 1357
2480 1356
2481 1354
2482 1354
2483 1358
2484 1354
2485 1355
2486 1356
2487 1356
2488 1355
2489 1352
2490 1356
2491 1355
2492 1353
2493 1353
2494 1354
2495 1358
2496 1355
2497 1358
2498 1355
2499 1356
2500 1355
2501 1355
2502 1356
2503 1361
2504 1356
2505 1353
2506 1358
2507 1356
2508 1355
2509 1358
2510 1356
2511 1357
2512 1355
2513 1357
2514 1355
2515 1357
2516 1353
2517 1355
2518 1354
2519 1357
2520 1356
2521 1356
2522 1353
2523 1354
2524 1353
2525 1358
2526 1357
2527 1354
2528 1354
2529 1355
2530 1355
2531 1358
2532 1357
2533 1356
2534 1356
2535 1353
2536 1356
2537 1352
2538 1353
2539 1355
2540 1356
2541 1357
2542 1356
2543 1357
2544 1355
2545 1356
2546 1357
2547 1355
2548 1357
2549 1357
2550 1356
2551 1354
2552 1355
2553 1355
2554 1356
2555 1356
2556 1359
2557 1355
2558 1358
2559 1354
2560 1358
2561 1357
2562 1356
2563 1357
2564 1358
2565 1355
2566 1357
2567 1355
2568 1356
2569 1356
2570 1357
2571 1357
2572 1355
2573 1356
2574 1355
2575 1354
2576 1355
2577 1355
2578 1356
2579 1358
2580 1353
2581 1354
2582 1356
2583 1354
2584 1356
2585 1356
2586 1355
2587 1357
2588 1356
2589 1357
2590 1355
2591 1356
2592 1356
2593 1354
2594 1357
2595 1358
2596 1358
2597 1357
2598 1357
2599 1355
2600 1357
2601 1355
2602 1354
2603 1357
2604 1357
2605 1357
2606 1356
2607 1356
2608 1356
2609 1356
2610 1356
2611 1356
2612 1355
2613 1357
2614 1357
2615 1356
2616 1354
2617 1355
2618 1355
2619 1355
2620 1355
2621 1356
2622 1355
2623 1353
2624 1354
2625 1357
2626 1355
2627 1355
2628 1355
2629 1357
2630 1353
2631 1353
2632 1353
2633 1356
2634 1355
2635 1355
2636 1356
2637 1357
2638 1353
2639 1353
2640 1353
2641 1355
2642 1356
2643 1355
2644 1355
2645 1356
2646 1354
2647 1353
2648 1355
2649 1354
2650 1353
2651 1355
2652 1359
2653 1355
2654 1357
2655 1359
2656 1358
2657 1356
2658 1355
2659 1354
2660 1355
2661 1357
2662 1353
2663 1354
2664 1353
2665 1357
2666 1356
2667 1357
2668 1356
2669 1356
2670 1355
2671 1356
2672 1357
2673 1357
2674 1359
2675 1357
2676 1353
2677 1354
2678 1356
2679 1355
2680 1356
2681 1353
2682 1355
2683 1355
2684 1356
2685 1358
2686 1357
2687 1356
2688 1357
2689 1357
2690 1356
2691 1356
2692 1353
2693 1355
2694 1354
2695 1355
2696 1354
2697 1359
2698 1353
2699 1357
2700 1356
2701 1357
2702 1356
2703 1358
2704 1355
2705 1356
2706 1356
2707 1353
2708 1357
2709 1358
2710 1355
2711 1359
2712 1354
2713 1357
2714 1359
2715 1360
2716 1354
2717 1355
2718 1352
2719 1358
2720 1357
2721 1353
2722 1352
2723 1355
2724 1354
2725 1357
2726 1355
2727 1352
2728 1355
2729 1355
2730 1355
2731 1356
2732 1355
2733 1357
2734 1355
2735 1357
2736 1356
2737 1357
2738 1355
2739 1357
2740 1359
2741 1359
2742 1355
2743 1354
2744 1357
2745 1358
2746 1357
2747 1358
2748 1357
2749 1354
2750 1355
2751 1355
2752 1356
2753 1357
2754 1356
2755 1356
2756 1355
2757 1357
2758 1355
2759 1357
2760 1355
2761 1354
2762 1355
2763 1356
2764 1355
2765 1359
2766 1356
2767 1355
2768 1356
2769 1355
2770 1354
2771 1359
2772 1357
2773 1358
2774 1355
2775 1358
2776 1355
2777 1357
2778 1355
2779 1357
2780 1353
2781 1355
2782 1357
2783 1353
2784 1354
2785 1357
2786 1356
2787 1353
2788 1353
2789 1357
2790 1354
2791 1355
2792 1356
2793 1357
2794 1354
2795 1355
2796 1356
2797 1357
2798 1357
2799 1359
2800 1354
2801 1358
2802 1353
2803 1355
2804 1356
2805 1356
2806 1355
2807 1356
2808 1356
2809 1358
2810 1355
2811 1358
2812 1355
2813 1355
2814 1355
2815 1353
2816 1354
2817 1356
2818 1356
2819 1355
2820 1356
2821 1356
2822 1356
2823 1361
2824 1356
2825 1356
2826 1354
2827 1357
2828 1356
2829 1354
2830 1354
2831 1355
2832 1356
2833 1357
2834 1356
2835 1355
2836 1357
2837 1357
2838 1353
2839 1355
2840 1356
2841 1356
2842 1356
2843 1356
2844 1354
2845 1357
2846 1356
2847 1357
2848 1354
2849 1355
2850 1354
2851 1356
2852 1351
2853 1352
2854 1356
2855 1354
2856 1354
2857 1357
2858 1357
2859 1355
2860 1358
2861 1355
2862 1357
2863 1358
2864 1356
2865 1358
2866 1357
2867 1357
2868 1356
2869 1355
2870 1353
2871 1355
2872 1355
2873 1356
2874 1356
2875 1355
2876 1356
2877 1353
2878 1355
2879 1356
2880 1356
2881 1355
2882 1354
2883 1356
2884 1354
2885 1353
2886 1356
2887 1357
2888 1356
2889 1360
2890 1357
2891 1357
2892 1356
2893 1356
2894 1354
2895 1357
2896 1354
2897 1356
2898 1356
2899 1356
2900 1356
2901 1355
2902 1353
2903 1356
2904 1356
2905 1358
2906 1356
2907 1355
2908 1354
2909 1354
2910 1354
2911 1357
2912 1356
2913 1358
2914 1355
2915 1355
2916 1355
2917 1357
2918 1355
2919 1357
2920 1356
2921 1358
2922 1354
2923 1357
2924 1353
2925 1358
2926 1354
2927 1356
2928 1355
2929 1357
2930 1357
2931 1357
2932 1358
2933 1356
2934 1354
2935 1354
2936 1355
2937 1356
2938 1356
2939 1355
2940 1355
2941 1359
2942 1355
2943 1356
2944 1353
2945 1353
2946 1353
2947 1357
2948 1356
2949 1357
2950 1355
2951 1357
2952 1357
2953 1361
2954 1355
2955 1356
2956 1356
2957 1356
2958 1357
2959 1357
2960 1352
2961 1355
2962 1354
2963 1356
2964 1356
2965 1357
2966 1356
2967 1356
2968 1354
2969 1357
2970 1355
2971 1357
2972 1355
2973 1353
2974 1354
2975 1358
2976 1356
2977 1355
2978 1353
2979 1354
2980 1355
2981 1359
2982 1355
2983 1357
2984 1355
2985 1358
2986 1358
2987 1355
2988 1357
2989 1357
2990 1357
2991 1357
2992 1357
2993 1354
2994 1356
2995 1356
2996 1356
2997 1355
2998 1356
2999 1357
3000 1356
3001 1355
3002 1354
3003 1354
3004 1356
3005 1358
3006 1359
3007 1357
3008 1358
3009 1356
3010 1357
3011 1353
3012 1356
3013 1356
3014 1358
3015 1357
3016 1354
3017 1355
3018 1354
3019 1356
3020 1357
3021 1357
3022 1357
3023 1355
3024 1356
3025 1358
3026 1356
3027 1355
3028 1355
3029 1354
3030 1354
3031 1355
3032 1355
3033 1356
3034 1355
3035 1358
3036 1356
3037 1355
3038 1355
3039 1355
3040 1356
3041 1356
3042 1356
3043 1356
3044 1357
3045 1358
3046 1356
3047 1360
3048 1356
3049 1358
3050 1356
3051 1358
3052 1358
3053 1355
3054 1357
3055 1356
3056 1356
3057 1356
3058 1359
3059 1356
3060 1356
3061 1355
3062 1357
3063 1354
3064 1356
3065 1356
3066 1355
3067 1355
3068 1356
3069 1355
3070 1356
3071 1357
3072 1354
3073 1355
3074 1356
3075 1357
3076 1357
3077 1353
3078 1357
3079 1354
3080 1360
3081 1357
3082 1357
3083 1355
3084 1355
3085 1357
3086 1355
3087 1352
3088 1354
3089 1355
3090 1356
3091 1357
3092 1355
3093 1353
3094 1355
3095 1357
3096 1359
3097 1356
3098 1357
3099 1355
3100 1356
3101 1356
3102 1356
3103 1358
3104 1354
3105 1356
3106 1355
3107 1357
3108 1356
3109 1354
3110 1356
3111 1357
3112 1357
3113 1356
3114 1358
3115 1357
3116 1357
3117 1356
3118 1356
3119 1356
3120 1356
3121 1355
3122 1356
3123 1353
3124 1356
3125 1355
3126 1356
3127 1357
3128 1356
3129 1355
3130 1357
3131 1357
3132 1356
3133 1357
3134 1357
3135 1357
3136 1356
3137 1354
3138 1358
3139 1357
3140 1355
3141 1355
3142 1355
3143 1355
3144 1354
3145 1356
3146 1357
3147 1355
3148 1358
3149 1356
3150 1356
3151 1354
3152 1354
3153 1356
3154 1355
3155 1355
3156 1355
3157 1357
3158 1358
3159 1355
3160 1357
3161 1357
3162 1357
3163 1355
3164 1356
3165 1357
3166 1358
3167 1355
3168 1355
3169 1358
3170 1355
3171 1358
3172 1359
3173 1355
3174 1356
3175 1354
3176 1354
3177 1356
3178 1355
3179 1356
3180 1358
3181 1356
3182 1355
3183 1355
3184 1354
3185 1354
3186 1353
3187 1356
3188 1354
3189 1356
3190 1356
3191 1356
3192 1357
3193 1353
3194 1358
3195 1358
3196 1357
3197 1360
3198 1358
3199 1356
3200 1355
3201 1355
3202 1357
3203 1355
3204 1355
3205 1354
3206 1355
3207 1353
3208 1353
3209 1357
3210 1355
3211 1357
3212 1356
3213 1358
3214 1358
3215 1355
3216 1356
3217 1357
3218 1354
3219 1355
3220 1355
3221 1357
3222 1355
3223 1353
3224 1355
3225 1356
3226 1358
3227 1356
3228 1359
3229 1357
3230 1356
3231 1357
3232 1356
3233 1355
3234 1359
3235 1356
3236 1357
3237 1358
3238 1357
3239 1356
3240 1356
3241 1358
3242 1355
3243 1356
3244 1356
3245 1357
3246 1356
3247 1355
3248 1353
3249 1354
3250 1355
3251 1355
3252 1354
3253 1355
3254 1356
3255 1356
3256 1356
3257 1357
3258 1358
3259 1357
3260 1357
3261 1355
3262 1355
3263 1358
3264 1354
3265 1357
3266 1355
3267 1356
3268 1356
3269 1357
3270 1357
3271 1358
3272 1355
3273 1355
3274 1353
3275 1355
3276 1356
3277 1355
3278 1353
3279 1356
3280 1355
3281 1355
3282 1354
3283 1355
3284 1355
3285 1357
3286 1355
3287 1356
3288 1353
3289 1354
3290 1357
3291 1354
3292 1357
3293 1357
3294 1353
3295 1353
3296 1357
3297 1358
3298 1356
3299 1356
3300 1357
3301 1355
3302 1355
3303 1357
3304 1356
3305 1356
3306 1357
3307 1355
3308 1355
3309 1354
3310 1353
3311 1357
3312 1356
3313 1354
3314 1354
3315 1357
3316 1353
3317 1354
3318 1354
3319 1358
3320 1356
3321 1358
3322 1356
3323 1357
3324 1356
3325 1356
3326 1358
3327 1356
3328 1355
3329 1354
3330 1357
3331 1355
3332 1352
3333 1355
3334 1354
3335 1356
3336 1355
3337 1358
3338 1356
3339 1354
3340 1355
3341 1354
3342 1358
3343 1356
3344 1359
3345 1357
3346 1355
3347 1356
3348 1357
3349 1356
3350 1358
3351 1358
3352 1356
3353 1355
3354 1356
3355 1357
3356 1359
3357 1357
3358 1356
3359 1356
3360 1354
3361 1354
3362 1349
3363 1356
3364 1356
3365 1353
3366 1356
3367 1356
3368 1354
3369 1355
3370 1357
3371 1355
3372 1355
3373 1357
3374 1356
3375 1356
3376 1355
3377 1359
3378 1355
3379 1355
3380 1354
3381 1353
3382 1354
3383 1355
3384 1355
3385 1358
3386 1354
3387 1354
3388 1355
3389 1357
3390 1356
3391 1354
3392 1353
3393 1357
3394 1355
3395 1354
3396 1356
3397 1357
3398 1356
3399 1356
3400 1355
3401 1354
3402 1355
3403 1355
3404 1355
3405 1354
3406 1354
3407 1355
3408 1356
3409 1354
3410 1356
3411 1356
3412 1356
3413 1354
3414 1355
3415 1361
3416 1357
3417 1358
3418 1356
3419 1357
3420 1354
3421 1355
3422 1355
3423 1357
3424 1355
3425 1356
3426 1354
3427 1354
3428 1356
3429 1354
3430 1355
3431 1355
3432 1356
3433 1357
3434 1354
3435 1355
3436 1357
3437 1354
3438 1356
3439 1355
3440 1356
3441 1356
3442 1356
3443 1355
3444 1356
3445 1358
3446 1358
3447 1355
3448 1357
3449 1361
3450 1357
3451 1356
3452 1357
3453 1358
3454 1357
3455 1354
3456 1355
3457 1357
3458 1355
3459 1354
3460 1355
3461 1355
3462 1356
3463 1355
3464 1357
3465 1356
3466 1355
3467 1357
3468 1356
3469 1356
3470 1355
3471 1357
3472 1355
3473 1356
3474 1357
3475 1357
3476 1356
3477 1355
3478 1355
3479 1356
3480 1356
3481 1355
3482 1356
3483 1353
3484 1353
3485 1357
3486 1357
3487 1356
3488 1356
3489 1355
3490 1355
3491 1359
3492 1356
3493 1357
3494 1356
3495 1355
3496 1354
3497 1355
3498 1356
3499 1357
3500 1359
3501 1358
3502 1356
3503 1355
3504 1356
3505 1354
3506 1356
3507 1357
3508 1356
3509 1355
3510 1354
3511 1354
3512 1355
3513 1358
3514 1355
3515 1355
3516 1353
3517 1355
3518 1352
3519 1356
3520 1356
3521 1355
3522 1355
3523 1352
3524 1355
3525 1356
3526 1354
3527 1353
3528 1356
3529 1357
3530 1359
3531 1356
3532 1356
3533 1356
3534 1356
3535 1356
3536 1356
3537 1357
3538 1354
3539 1356
3540 1355
3541 1353
3542 1358
3543 1354
3544 1356
3545 1358
3546 1355
3547 1357
3548 1356
3549 1358
3550 1354
3551 1355
3552 1354
3553 1356
3554 1355
3555 1356
3556 1353
3557 1351
3558 1357
3559 1357
3560 1354
3561 1357
3562 1356
3563 1357
3564 1356
3565 1354
3566 1356
3567 1355
3568 1356
3569 1356
3570 1351
3571 1353
3572 1356
3573 1356
3574 1355
3575 1357
3576 1356
3577 1355
3578 1357
3579 1355
3580 1356
3581 1357
3582 1360
3583 1354
3584 1352
3585 1354
3586 1356
3587 1356
3588 1357
3589 1357
3590 1357
3591 1357
3592 1357
3593 1353
3594 1356
3595 1358
3596 1357
3597 1355
3598 1356
3599 1357
3600 1357
3601 1355
3602 1357
3603 1353
3604 1352
3605 1359
3606 1353
3607 1355
3608 1357
3609 1355
3610 1355
3611 1352
3612 1355
3613 1354
3614 1354
3615 1353
3616 1355
3617 1354
3618 1354
3619 1354
3620 1355
3621 1357
3622 1357
3623 1358
3624 1356
3625 1357
3626 1356
3627 1356
3628 1358
3629 1355
3630 1354
3631 1357
3632 1355
3633 1356
3634 1356
3635 1359
3636 1356
3637 1356
3638 1356
3639 1356
3640 1354
3641 1355
3642 1356
3643 1354
3644 1354
3645 1355
3646 1354
3647 1357
3648 1354
3649 1356
3650 1356
3651 1355
3652 1354
3653 1355
3654 1354
3655 1356
3656 1354
3657 1356
3658 1354
3659 1355
3660 1354
3661 1355
3662 1355
3663 1354
3664 1357
3665 1358
3666 1356
3667 1357
3668 1352
3669 1352
3670 1354
3671 1355
3672 1353
3673 1355
3674 1354
3675 1355
3676 1351
3677 1356
3678 1356
3679 1354
3680 1355
3681 1358
3682 1355
3683 1356
3684 1354
3685 1355
3686 1356
3687 1356
3688 1357
3689 1355
3690 1355
3691 1358
3692 1357
3693 1356
3694 1355
3695 1357
3696 1358
3697 1356
3698 1354
3699 1357
3700 1356
3701 1357
3702 1354
3703 1353
3704 1354
3705 1357
3706 1352
3707 1354
3708 1357
3709 1357
3710 1357
3711 1356
3712 1355
3713 1355
3714 1354
3715 1355
3716 1356
3717 1357
3718 1353
3719 1357
3720 1357
3721 1357
3722 1359
3723 1356
3724 1358
3725 1358
3726 1356
3727 1358
3728 1358
3729 1357
3730 1356
3731 1355
3732 1355
3733 1353
3734 1353
3735 1357
3736 1355
3737 1357
3738 1356
3739 1357
3740 1356
3741 1358
3742 1357
3743 1355
3744 1355
3745 1356
3746 1354
3747 1358
3748 1356
3749 1357
3750 1356
3751 1356
3752 1356
3753 1355
3754 1353
3755 1356
3756 1355
3757 1357
3758 1355
3759 1357
3760 1355
3761 1356
3762 1354
3763 1356
3764 1355
3765 1358
3766 1356
3767 1355
3768 1358
3769 1357
3770 1354
3771 1357
3772 1353
3773 1356
3774 1356
3775 1355
3776 1355
3777 1355
3778 1354
3779 1355
3780 1355
3781 1358
3782 1356
3783 1357
3784 1354
3785 1357
3786 1353
3787 1357
3788 1354
3789 1357
3790 1356
3791 1359
3792 1356
3793 1354
3794 1354
3795 1355
3796 1354
3797 1354
3798 1357
3799 1356
3800 1355
3801 1355
3802 1354
3803 1355
3804 1355
3805 1357
3806 1354
3807 1357
3808 1355
3809 1357
3810 1357
3811 1356
3812 1354
3813 1357
3814 1355
3815 1357
3816 1355
3817 1355
3818 1355
3819 1357
3820 1356
3821 1355
3822 1354
3823 1353
3824 1354
3825 1358
3826 1353
3827 1355
3828 1354
3829 1354
3830 1353
3831 1355
3832 1354
3833 1356
3834 1354
3835 1350
3836 1355
3837 1356
3838 1355
3839 1353
3840 1355
3841 1356
3842 1353
3843 1356
3844 1355
3845 1358
3846 1355
3847 1356
3848 1356
3849 1357
3850 1354
3851 1354
3852 1352
3853 1355
3854 1356
3855 1356
3856 1357
3857 1355
3858 1354
3859 1357
3860 1356
3861 1355
3862 1356
3863 1356
3864 1353
3865 1354
3866 1352
3867 1355
3868 1354
3869 1356
3870 1354
3871 1352
3872 1354
3873 1358
3874 1354
3875 1355
3876 1355
3877 1357
3878 1356
3879 1357
3880 1354
3881 1354
3882 1357
3883 1355
3884 1355
3885 1354
3886 1356
3887 1357
3888 1354
3889 1353
3890 1354
3891 1357
3892 1355
3893 1353
3894 1356
3895 1357
3896 1358
3897 1358
3898 1356
3899 1356
3900 1355
3901 1357
3902 1355
3903 1357
3904 1355
3905 1353
3906 1354
3907 1357
3908 1356
3909 1358
3910 1357
3911 1355
3912 1354
3913 1352
3914 1354
3915 1355
3916 1353
3917 1354
3918 1355
3919 1356
3920 1353
3921 1355
3922 1353
3923 1356
3924 1354
3925 1357
3926 1357
3927 1357
3928 1353
3929 1356
3930 1357
3931 1358
3932 1355
3933 1352
3934 1356
3935 1355
3936 1358
3937 1358
3938 1356
3939 1356
3940 1355
3941 1357
3942 1353
3943 1353
3944 1354
3945 1355
3946 1354
3947 1354
3948 1356
3949 1355
3950 1355
3951 1353
3952 1352
3953 1355
3954 1358
3955 1356
3956 1354
3957 1357
3958 1354
3959 1355
3960 1355
3961 1353
3962 1353
3963 1357
3964 1355
3965 1357
3966 1355
3967 1356
3968 1356
3969 1356
3970 1354
3971 1357
3972 1353
3973 1354
3974 1355
3975 1356
3976 1355
3977 1355
3978 1356
3979 1357
3980 1355
3981 1358
3982 1352
3983 1355
3984 1356
3985 1358
3986 1356
3987 1355
3988 1356
3989 1355
3990 1355
3991 1354
3992 1357
3993 1358
3994 1357
3995 1356
3996 1354
3997 1357
3998 1355
3999 1354
