0 1354
1 1355
2 1353
3 1354
4 1357
5 1355
6 1353
7 1354
8 1356
9 1358
10 1356
11 1357
12 1356
13 1358
14 1356
15 1355
16 1355
17 1355
18 1357
19 1355
20 1357
21 1355
22 1356
23 1354
24 1356
25 1356
26 1354
27 1357
28 1356
29 1356
30 1355
31 1354
32 1354
33 1354
34 1356
35 1358
36 1358
37 1355
38 1354
39 1355
40 1358
41 1358
42 1355
43 1358
44 1356
45 1358
46 1355
47 1355
48 1354
49 1352
50 1352
51 1357
52 1358
53 1358
54 1355
55 1352
56 1358
57 1356
58 1353
59 1354
60 1352
61 1357
62 1354
63 1357
64 1354
65 1355
66 1356
67 1356
68 1355
69 1355
70 1351
71 1356
72 1356
73 1356
74 1355
75 1354
76 1353
77 1355
78 1353
79 1356
80 1355
81 1355
82 1357
83 1354
84 1353
85 1356
86 1356
87 1354
88 1349
89 1353
90 1357
91 1357
92 1354
93 1356
94 1353
95 1353
96 1355
97 1354
98 1355
99 1353
100 1354
101 1355
102 1355
103 1354
104 1354
105 1355
106 1354
107 1354
108 1353
109 1354
110 1353
111 1355
112 1356
113 1356
114 1355
115 1354
116 1352
117 1353
118 1354
119 1355
120 1355
121 1355
122 1355
123 1356
124 1356
125 1355
126 1354
127 1354
128 1357
129 1356
130 1357
131 1355
132 1357
133 1354
134 1354
135 1356
136 1353
137 1356
138 1355
139 1356
140 1357
141 1352
142 1353
143 1354
144 1353
145 1354
146 1355
147 1356
148 1356
149 1356
150 1356
151 1353
152 1356
153 1356
154 1356
155 1355
156 1356
157 1355
158 1356
159 1356
160 1355
161 1353
162 1355
163 1355
164 1354
165 1355
166 1355
167 1355
168 1352
169 1351
170 1354
171 1355
172 1359
173 1355
174 1354
175 1354
176 1355
177 1356
178 1352
179 1352
180 1356
181 1356
182 1356
183 1356
184 1354
185 1355
186 1354
187 1353
188 1356
189 1356
190 1355
191 1357
192 1357
193 1354
194 1356
195 1357
196 1354
197 1357
198 1355
199 1357
200 1357
201 1355
202 1355
203 1355
204 1353
205 1356
206 1355
207 1355
208 1354
209 1354
210 1356
211 1356
212 1355
213 1355
214 1355
215 1357
216 1357
217 1355
218 1352
219 1356
220 1356
221 1356
222 1354
223 1355
224 1355
225 1353
226 1357
227 1354
228 1354
229 1354
230 1354
231 1357
232 1359
233 1356
234 1354
235 1354
236 1358
237 1356
238 1357
239 1352
240 1354
241 1354
242 1356
243 1355
244 1350
245 1354
246 1354
247 1354
248 1357
249 1356
250 1354
251 1354
252 1357
253 1358
254 1356
255 1352
256 1354
257 1355
258 1357
259 1354
260 1351
261 1357
262 1357
263 1355
264 1356
265 1356
266 1357
267 1356
268 1353
269 1354
270 1356
271 1356
272 1357
273 1356
274 1357
275 1355
276 1353
277 1355
278 1354
279 1355
280 1354
281 1352
282 1357
283 1357
284 1357
285 1358
286 1357
287 1357
288 1357
289 1355
290 1354
291 1355
292 1355
293 1352
294 1355
295 1353
296 1354
297 1355
298 1356
299 1356
300 1353
301 1354
302 1356
303 1354
304 1356
305 1355
306 1357
307 1357
308 1357
309 1352
310 1356
311 1356
312 1357
313 1354
314 1354
315 1354
316 1355
317 1356
318 1354
319 1354
320 1356
321 1357
322 1355
323 1355
324 1355
325 1352
326 1352
327 1352
328 1353
329 1354
330 1351
331 1354
332 1353
333 1353
334 1351
335 1355
336 1358
337 1355
338 1356
339 1353
340 1357
341 1353
342 1355
343 1355
344 1356
345 1357
346 1358
347 1355
348 1357
349 1354
350 1357
351 1357
352 1357
353 1356
354 1356
355 1354
356 1356
357 1356
358 1355
359 1357
360 1354
361 1355
362 1355
363 1354
364 1354
365 1356
366 1352
367 1355
368 1357
369 1357
370 1353
371 1354
372 1353
373 1355
374 1353
375 1353
376 1356
377 1355
378 1355
379 1355
380 1354
381 1356
382 1356
383 1356
384 1354
385 1354
386 1354
387 1356
388 1354
389 1355
390 1358
391 1355
392 1356
393 1353
394 1351
395 1354
396 1354
397 1354
398 1354
399 1353
400 1354
401 1355
402 1355
403 1354
404 1351
405 1358
406 1356
407 1354
408 1352
409 1355
410 1353
411 1356
412 1358
413 1356
414 1354
415 1354
416 1355
417 1353
418 1352
419 1356
420 1354
421 1356
422 1352
423 1354
424 1354
425 1354
426 1359
427 1356
428 1357
429 1358
430 1357
431 1356
432 1352
433 1355
434 1355
435 1353
436 1354
437 1357
438 1359
439 1354
440 1351
441 1351
442 1356
443 1353
444 1352
445 1356
446 1356
447 1356
448 1355
449 1355
450 1356
451 1354
452 1357
453 1354
454 1355
455 1353
456 1356
457 1354
458 1353
459 1354
460 1352
461 1355
462 1357
463 1352
464 1353
465 1355
466 1356
467 1355
468 1357
469 1354
470 1353
471 1354
472 1358
473 1358
474 1355
475 1355
476 1355
477 1356
478 1353
479 1354
480 1353
481 1356
482 1357
483 1355
484 1354
485 1356
486 1357
487 1357
488 1354
489 1355
490 1355
491 1355
492 1356
493 1353
494 1355
495 1352
496 1356
497 1353
498 1354
499 1352
500 1354
501 1356
502 1353
503 1351
504 1351
505 1355
506 1355
507 1353
508 1356
509 1356
510 1354
511 1353
512 1356
513 1356
514 1356
515 1354
516 1353
517 1356
518 1354
519 1355
520 1351
521 1353
522 1354
523 1355
524 1356
525 1356
526 1354
527 1356
528 1355
529 1353
530 1352
531 1355
532 1357
533 1355
534 1353
535 1355
536 1357
537 1362
538 1365
539 1370
540 1380
541 1391
542 1409
543 1427
544 1454
545 1482
546 1512
547 1541
548 1573
549 1606
550 1631
551 1655
552 1683
553 1705
554 1724
555 1743
556 1756
557 1765
558 1771
559 1771
560 1777
561 1772
562 1770
563 1767
564 1761
565 1749
566 1739
567 1729
568 1714
569 1703
570 1687
571 1669
572 1654
573 1641
574 1623
575 1609
576 1594
577 1583
578 1570
579 1558
580 1548
581 1534
582 1519
583 1511
584 1504
585 1497
586 1487
587 1475
588 1466
589 1460
590 1455
591 1453
592 1446
593 1437
594 1426
595 1424
596 1422
597 1417
598 1416
599 1407
600 1408
601 1401
602 1397
603 1396
604 1393
605 1392
606 1391
607 1389
608 1387
609 1381
610 1382
611 1382
612 1381
613 1378
614 1378
615 1372
616 1372
617 1371
618 1369
619 1368
620 1368
621 1370
622 1366
623 1366
624 1366
625 1367
626 1365
627 1365
628 1366
629 1365
630 1364
631 1365
632 1361
633 1364
634 1362
635 1362
636 1359
637 1359
638 1361
639 1358
640 1358
641 1356
642 1358
643 1358
644 1357
645 1356
646 1359
647 1358
648 1357
649 1359
650 1357
651 1355
652 1360
653 1357
654 1352
655 1356
656 1357
657 1358
658 1356
659 1356
660 1354
661 1357
662 1357
663 1358
664 1355
665 1357
666 1358
667 1359
668 1357
669 1356
670 1355
671 1355
672 1354
673 1359
674 1358
675 1358
676 1357
677 1356
678 1355
679 1357
680 1357
681 1358
682 1357
683 1357
684 1357
685 1355
686 1357
687 1357
688 1356
689 1356
690 1357
691 1357
692 1357
693 1354
694 1357
695 1355
696 1356
697 1356
698 1357
699 1359
700 1357
701 1355
702 1356
703 1355
704 1356
705 1356
706 1353
707 1356
708 1354
709 1358
710 1354
711 1357
712 1355
713 1355
714 1359
715 1356
716 1360
717 1359
718 1356
719 1355
720 1353
721 1353
722 1356
723 1353
724 1355
725 1356
726 1357
727 1354
728 1357
729 1356
730 1356
731 1354
732 1354
733 1355
734 1355
735 1356
736 1353
737 1354
738 1355
739 1355
740 1355
741 1354
742 1357
743 1354
744 1356
745 1355
746 1355
747 1353
748 1352
749 1355
750 1355
751 1356
752 1358
753 1354
754 1356
755 1356
756 1355
757 1356
758 1357
759 1356
760 1354
761 1357
762 1356
763 1354
764 1354
765 1356
766 1355
767 1357
768 1354
769 1352
770 1351
771 1355
772 1360
773 1358
774 1354
775 1355
776 1358
777 1357
778 1357
779 1355
780 1355
781 1358
782 1356
783 1354
784 1357
785 1356
786 1356
787 1354
788 1353
789 1355
790 1352
791 1353
792 1357
793 1356
794 1355
795 1351
796 1354
797 1356
798 1358
799 1354
800 1355
801 1353
802 1355
803 1355
804 1355
805 1355
806 1355
807 1353
808 1354
809 1356
810 1355
811 1356
812 1356
813 1354
814 1353
815 1352
816 1354
817 1355
818 1355
819 1355
820 1353
821 1354
822 1356
823 1355
824 1354
825 1353
826 1356
827 1358
828 1352
829 1355
830 1353
831 1354
832 1354
833 1356
834 1353
835 1357
836 1355
837 1357
838 1354
839 1358
840 1353
841 1356
842 1353
843 1354
844 1353
845 1357
846 1354
847 1357
848 1355
849 1353
850 1351
851 1353
852 1353
853 1356
854 1353
855 1356
856 1355
857 1354
858 1351
859 1354
860 1356
861 1355
862 1353
863 1355
864 1356
865 1356
866 1354
867 1356
868 1354
869 1355
870 1357
871 1356
872 1357
873 1353
874 1355
875 1354
876 1357
877 1355
878 1354
879 1355
880 1355
881 1354
882 1357
883 1354
884 1356
885 1355
886 1355
887 1354
888 1355
889 1355
890 1357
891 1357
892 1353
893 1354
894 1355
895 1355
896 1359
897 1355
898 1357
899 1354
900 1356
901 1355
902 1355
903 1356
904 1353
905 1357
906 1355
907 1356
908 1354
909 1353
910 1354
911 1357
912 1354
913 1353
914 1353
915 1356
916 1354
917 1355
918 1353
919 1354
920 1353
921 1355
922 1356
923 1356
924 1354
925 1357
926 1356
927 1357
928 1355
929 1356
930 1356
931 1356
932 1356
933 1359
934 1356
935 1357
936 1357
937 1354
938 1354
939 1355
940 1352
941 1356
942 1355
943 1355
944 1357
945 1354
946 1356
947 1357
948 1355
949 1353
950 1351
951 1356
952 1361
953 1358
954 1355
955 1354
956 1356
957 1357
958 1357
959 1356
960 1356
961 1352
962 1352
963 1356
964 1352
965 1354
966 1355
967 1355
968 1354
969 1352
970 1352
971 1353
972 1356
973 1357
974 1355
975 1353
976 1355
977 1357
978 1354
979 1356
980 1355
981 1356
982 1357
983 1356
984 1353
985 1355
986 1356
987 1355
988 1356
989 1354
990 1355
991 1352
992 1354
993 1353
994 1357
995 1355
996 1356
997 1356
998 1354
999 1353
1000 1353
1001 1356
1002 1350
1003 1356
1004 1356
1005 1354
1006 1357
1007 1355
1008 1355
1009 1354
1010 1356
1011 1355
1012 1356
1013 1358
1014 1356
1015 1355
1016 1357
1017 1357
1018 1354
1019 1353
1020 1353
1021 1356
1022 1356
1023 1351
1024 1355
1025 1355
1026 1358
1027 1356
1028 1360
1029 1355
1030 1357
1031 1354
1032 1355
1033 1354
1034 1352
1035 1355
1036 1355
1037 1356
1038 1354
1039 1356
1040 1355
1041 1354
1042 1356
1043 1355
1044 1355
1045 1355
1046 1355
1047 1356
1048 1355
1049 1354
1050 1357
1051 1356
1052 1357
1053 1357
1054 1353
1055 1356
1056 1353
1057 1355
1058 1354
1059 1356
1060 1354
1061 1356
1062 1355
1063 1355
1064 1356
1065 1355
1066 1354
1067 1351
1068 1357
1069 1355
1070 1357
1071 1353
1072 1354
1073 1355
1074 1356
1075 1356
1076 1356
1077 1353
1078 1355
1079 1353
1080 1356
1081 1356
1082 1357
1083 1355
1084 1357
1085 1354
1086 1355
1087 1354
1088 1353
1089 1356
1090 1354
1091 1355
1092 1354
1093 1352
1094 1355
1095 1352
1096 1353
1097 1354
1098 1353
1099 1355
1100 1354
1101 1353
1102 1356
1103 1352
1104 1352
1105 1356
1106 1356
1107 1355
1108 1354
1109 1354
1110 1356
1111 1354
1112 1357
1113 1357
1114 1356
1115 1355
1116 1356
1117 1356
1118 1354
1119 1355
1120 1359
1121 1356
1122 1356
1123 1354
1124 1356
1125 1355
1126 1355
1127 1356
1128 1356
1129 1355
1130 1355
1131 1355
1132 1354
1133 1354
1134 1354
1135 1357
1136 1358
1137 1354
1138 1355
1139 1355
1140 1356
1141 1354
1142 1357
1143 1353
1144 1355
1145 1357
1146 1356
1147 1354
1148 1355
1149 1356
1150 1356
1151 1355
1152 1354
1153 1354
1154 1355
1155 1354
1156 1357
1157 1356
1158 1356
1159 1356
1160 1356
1161 1354
1162 1356
1163 1356
1164 1356
1165 1357
1166 1356
1167 1355
1168 1354
1169 1354
1170 1355
1171 1355
1172 1354
1173 1354
1174 1354
1175 1354
1176 1355
1177 1355
1178 1355
1179 1352
1180 1353
1181 1354
1182 1355
1183 1355
1184 1353
1185 1354
1186 1355
1187 1353
1188 1355
1189 1352
1190 1356
1191 1354
1192 1354
1193 1354
1194 1354
1195 1356
1196 1357
1197 1355
1198 1354
1199 1355
1200 1356
1201 1354
1202 1355
1203 1354
1204 1354
1205 1353
1206 1355
1207 1353
1208 1353
1209 1357
1210 1356
1211 1356
1212 1356
1213 1358
1214 1356
1215 1357
1216 1358
1217 1356
1218 1356
1219 1356
1220 1355
1221 1354
1222 1355
1223 1355
1224 1357
1225 1354
1226 1354
1227 1354
1228 1358
1229 1353
1230 1356
1231 1353
1232 1355
1233 1355
1234 1357
1235 1351
1236 1355
1237 1356
1238 1357
1239 1354
1240 1355
1241 1354
1242 1357
1243 1355
1244 1357
1245 1353
1246 1353
1247 1352
1248 1357
1249 1351
1250 1357
1251 1355
1252 1355
1253 1354
1254 1356
1255 1354
1256 1353
1257 1355
1258 1354
1259 1358
1260 1354
1261 1356
1262 1356
1263 1353
1264 1355
1265 1355
1266 1356
1267 1352
1268 1355
1269 1353
1270 1355
1271 1354
1272 1360
1273 1352
1274 1357
1275 1357
1276 1359
1277 1353
1278 1353
1279 1353
1280 1357
1281 1353
1282 1355
1283 1354
1284 1353
1285 1356
1286 1356
1287 1355
1288 1357
1289 1353
1290 1356
1291 1356
1292 1357
1293 1353
1294 1355
1295 1352
1296 1355
1297 1356
1298 1355
1299 1354
1300 1356
1301 1355
1302 1356
1303 1355
1304 1356
1305 1354
1306 1354
1307 1354
1308 1355
1309 1351
1310 1357
1311 1355
1312 1354
1313 1352
1314 1355
1315 1356
1316 1358
1317 1356
1318 1357
1319 1355
1320 1356
1321 1354
1322 1355
1323 1355
1324 1356
1325 1357
1326 1354
1327 1353
1328 1354
1329 1354
1330 1357
1331 1356
1332 1356
1333 1354
1334 1356
1335 1354
1336 1352
1337 1354
1338 1358
1339 1356
1340 1357
1341 1353
1342 1352
1343 1355
1344 1355
1345 1356
1346 1356
1347 1355
1348 1355
1349 1352
1350 1358
1351 1354
1352 1356
1353 1355
1354 1357
1355 1354
1356 1356
1357 1352
1358 1355
1359 1356
1360 1357
1361 1354
1362 1357
1363 1356
1364 1356
1365 1355
1366 1357
1367 1354
1368 1352
1369 1354
1370 1354
1371 1353
1372 1354
1373 1356
1374 1355
1375 1355
1376 1355
1377 1351
1378 1352
1379 1354
1380 1356
1381 1354
1382 1353
1383 1354
1384 1352
1385 1355
1386 1355
1387 1356
1388 1358
1389 1356
1390 1356
1391 1354
1392 1355
1393 1355
1394 1356
1395 1357
1396 1355
1397 1354
1398 1354
1399 1355
1400 1357
1401 1357
1402 1354
1403 1354
1404 1354
1405 1356
1406 1355
1407 1356
1408 1354
1409 1356
1410 1353
1411 1355
1412 1355
1413 1355
1414 1356
1415 1354
1416 1356
1417 1354
1418 1356
1419 1353
1420 1355
1421 1354
1422 1355
1423 1353
1424 1356
1425 1354
1426 1353
1427 1351
1428 1353
1429 1354
1430 1353
1431 1352
1432 1355
1433 1353
1434 1353
1435 1353
1436 1354
1437 1355
1438 1357
1439 1352
1440 1356
1441 1355
1442 1357
1443 1356
1444 1357
1445 1356
1446 1358
1447 1353
1448 1356
1449 1353
1450 1354
1451 1355
1452 1355
1453 1353
1454 1353
1455 1353
1456 1354
1457 1354
1458 1354
1459 1353
1460 1352
1461 1350
1462 1353
1463 1354
1464 1354
1465 1353
1466 1355
1467 1356
1468 1352
1469 1356
1470 1353
1471 1353
1472 1353
1473 1353
1474 1350
1475 1352
1476 1355
1477 1356
1478 1355
1479 1354
1480 1355
1481 1355
1482 1355
1483 1356
1484 1357
1485 1356
1486 1360
1487 1355
1488 1356
1489 1355
1490 1355
1491 1354
1492 1355
1493 1355
1494 1352
1495 1352
1496 1355
1497 1356
1498 1357
1499 1356
1500 1356
1501 1354
1502 1355
1503 1354
1504 1356
1505 1353
1506 1356
1507 1354
1508 1356
1509 1355
1510 1354
1511 1354
1512 1357
1513 1356
1514 1352
1515 1355
1516 1356
1517 1355
1518 1354
1519 1354
1520 1355
1521 1358
1522 1355
1523 1357
1524 1355
1525 1353
1526 1356
1527 1354
1528 1356
1529 1354
1530 1355
1531 1355
1532 1357
1533 1356
1534 1354
1535 1356
1536 1356
1537 1354
1538 1354
1539 1358
1540 1357
1541 1356
1542 1352
1543 1355
1544 1353
1545 1357
1546 1353
1547 1355
1548 1354
1549 1353
1550 1354
1551 1354
1552 1354
1553 1356
1554 1355
1555 1356
1556 1353
1557 1354
1558 1355
1559 1355
1560 1356
1561 1354
1562 1355
1563 1353
1564 1356
1565 1353
1566 1357
1567 1354
1568 1356
1569 1355
1570 1356
1571 1355
1572 1354
1573 1352
1574 1355
1575 1356
1576 1356
1577 1351
1578 1353
1579 1354
1580 1353
1581 1352
1582 1357
1583 1354
1584 1356
1585 1354
1586 1354
1587 1353
1588 1353
1589 1354
1590 1353
1591 1352
1592 1353
1593 1355
1594 1357
1595 1353
1596 1356
1597 1356
1598 1354
1599 1355
1600 1354
1601 1355
1602 1357
1603 1356
1604 1358
1605 1356
1606 1353
1607 1354
1608 1354
1609 1356
1610 1351
1611 1354
1612 1353
1613 1355
1614 1355
1615 1357
1616 1356
1617 1354
1618 1353
1619 1354
1620 1356
1621 1357
1622 1352
1623 1354
1624 1353
1625 1351
1626 1357
1627 1355
1628 1357
1629 1355
1630 1352
1631 1353
1632 1355
1633 1353
1634 1355
1635 1351
1636 1351
1637 1356
1638 1353
1639 1354
1640 1354
1641 1354
1642 1353
1643 1355
1644 1354
1645 1352
1646 1354
1647 1355
1648 1354
1649 1356
1650 1355
1651 1356
1652 1355
1653 1356
1654 1355
1655 1356
1656 1353
1657 1355
1658 1356
1659 1355
1660 1354
1661 1354
1662 1353
1663 1354
1664 1355
1665 1357
1666 1357
1667 1356
1668 1354
1669 1356
1670 1352
1671 1357
1672 1355
1673 1353
1674 1353
1675 1355
1676 1352
1677 1354
1678 1353
1679 1355
1680 1353
1681 1356
1682 1354
1683 1357
1684 1357
1685 1356
1686 1356
1687 1358
1688 1356
1689 1354
1690 1355
1691 1355
1692 1355
1693 1356
1694 1354
1695 1354
1696 1356
1697 1356
1698 1356
1699 1356
1700 1352
1701 1354
1702 1356
1703 1353
1704 1353
1705 1355
1706 1355
1707 1354
1708 1355
1709 1353
1710 1354
1711 1355
1712 1353
1713 1356
1714 1354
1715 1353
1716 1355
1717 1359
1718 1353
1719 1356
1720 1355
1721 1354
1722 1355
1723 1356
1724 1356
1725 1354
1726 1354
1727 1354
1728 1356
1729 1358
1730 1355
1731 1353
1732 1355
1733 1353
1734 1355
1735 1353
1736 1353
1737 1355
1738 1353
1739 1355
1740 1355
1741 1354
1742 1356
1743 1354
1744 1354
1745 1354
1746 1352
1747 1355
1748 1353
1749 1356
1750 1353
1751 1351
1752 1355
1753 1356
1754 1355
1755 1356
1756 1356
1757 1356
1758 1356
1759 1356
1760 1357
1761 1354
1762 1350
1763 1353
1764 1356
1765 1355
1766 1353
1767 1354
1768 1353
1769 1355
1770 1356
1771 1353
1772 1355
1773 1355
1774 1353
1775 1356
1776 1355
1777 1358
1778 1355
1779 1352
1780 1353
1781 1355
1782 1353
1783 1356
1784 1354
1785 1355
1786 1356
1787 1355
1788 1355
1789 1354
1790 1353
1791 1355
1792 1354
1793 1354
1794 1356
1795 1354
1796 1353
1797 1354
1798 1357
1799 1356
1800 1357
1801 1356
1802 1357
1803 1354
1804 1356
1805 1351
1806 1355
1807 1355
1808 1354
1809 1353
1810 1354
1811 1356
1812 1356
1813 1353
1814 1355
1815 1356
1816 1355
1817 1355
1818 1353
1819 1354
1820 1353
1821 1356
1822 1357
1823 1353
1824 1352
1825 1355
1826 1353
1827 1354
1828 1355
1829 1355
1830 1352
1831 1353
1832 1357
1833 1356
1834 1357
1835 1357
1836 1354
1837 1354
1838 1355
1839 1357
1840 1355
1841 1358
1842 1358
1843 1355
1844 1357
1845 1355
1846 1356
1847 1356
1848 1356
1849 1355
1850 1357
1851 1355
1852 1355
1853 1355
1854 1353
1855 1354
1856 1355
1857 1354
1858 1353
1859 1355
1860 1355
1861 1356
1862 1357
1863 1352
1864 1355
1865 1356
1866 1355
1867 1356
1868 1355
1869 1358
1870 1356
1871 1354
1872 1355
1873 1354
1874 1355
1875 1356
1876 1356
1877 1357
1878 1355
1879 1356
1880 1353
1881 1356
1882 1355
1883 1356
1884 1355
1885 1356
1886 1357
1887 1356
1888 1353
1889 1354
1890 1357
1891 1355
1892 1357
1893 1355
1894 1353
1895 1356
1896 1354
1897 1353
1898 1353
1899 1355
1900 1357
1901 1354
1902 1351
1903 1354
1904 1353
1905 1354
1906 1356
1907 1357
1908 1355
1909 1356
1910 1355
1911 1352
1912 1354
1913 1355
1914 1354
1915 1356
1916 1353
1917 1358
1918 1356
1919 1354
1920 1354
1921 1355
1922 1355
1923 1356
1924 1353
1925 1356
1926 1354
1927 1356
1928 1355
1929 1357
1930 1355
1931 1354
1932 1357
1933 1356
1934 1356
1935 1357
1936 1355
1937 1358
1938 1357
1939 1356
1940 1357
1941 1355
1942 1355
1943 1354
1944 1355
1945 1353
1946 1354
1947 1356
1948 1354
1949 1355
1950 1352
1951 1356
1952 1355
1953 1354
1954 1351
1955 1354
1956 1357
1957 1355
1958 1356
1959 1354
1960 1353
1961 1355
1962 1357
1963 1358
1964 1356
1965 1354
1966 1357
1967 1357
1968 1356
1969 1356
1970 1355
1971 1355
1972 1355
1973 1355
1974 1351
1975 1353
1976 1355
1977 1354
1978 1354
1979 1353
1980 1353
1981 1355
1982 1353
1983 1353
1984 1353
1985 1355
1986 1357
1987 1354
1988 1355
1989 1353
1990 1354
1991 1355
1992 1356
1993 1354
1994 1356
1995 1357
1996 1354
1997 1354
1998 1354
1999 1354
2000 1354
2001 1357
2002 1356
2003 1356
2004 1352
2005 1354
2006 1356
2007 1354
2008 1353
2009 1355
2010 1355
2011 1354
2012 1356
2013 1355
2014 1355
2015 1353
2016 1353
2017 1353
2018 1355
2019 1353
2020 1357
2021 1357
2022 1357
2023 1355
2024 1354
2025 1354
2026 1354
2027 1355
2028 1356
2029 1355
2030 1357
2031 1354
2032 1357
2033 1355
2034 1355
2035 1355
2036 1357
2037 1352
2038 1357
2039 1356
2040 1357
2041 1354
2042 1356
2043 1353
2044 1353
2045 1352
2046 1357
2047 1352
2048 1353
2049 1353
2050 1353
2051 1356
2052 1354
2053 1355
2054 1356
2055 1356
2056 1357
2057 1354
2058 1357
2059 1356
2060 1355
2061 1354
2062 1355
2063 1355
2064 1357
2065 1355
2066 1357
2067 1354
2068 1356
2069 1351
2070 1356
2071 1357
2072 1356
2073 1355
2074 1354
2075 1354
2076 1357
2077 1353
2078 1357
2079 1353
2080 1353
2081 1355
2082 1354
2083 1355
2084 1357
2085 1356
2086 1355
2087 1357
2088 1354
2089 1354
2090 1354
2091 1357
2092 1356
2093 1354
2094 1354
2095 1356
2096 1353
2097 1356
2098 1354
2099 1356
2100 1355
2101 1356
2102 1355
2103 1354
2104 1355
2105 1353
2106 1353
2107 1354
2108 1354
2109 1354
2110 1354
2111 1354
2112 1353
2113 1356
2114 1359
2115 1356
2116 1356
2117 1354
2118 1352
2119 1353
2120 1353
2121 1352
2122 1356
2123 1354
2124 1353
2125 1355
2126 1356
2127 1354
2128 1357
2129 1356
2130 1353
2131 1355
2132 1354
2133 1356
2134 1356
2135 1357
2136 1353
2137 1354
2138 1355
2139 1353
2140 1353
2141 1355
2142 1356
2143 1359
2144 1356
2145 1356
2146 1353
2147 1354
2148 1355
2149 1356
2150 1355
2151 1356
2152 1354
2153 1354
2154 1354
2155 1353
2156 1353
2157 1355
2158 1355
2159 1356
2160 1355
2161 1355
2162 1355
2163 1356
2164 1352
2165 1355
2166 1353
2167 1357
2168 1355
2169 1353
2170 1353
2171 1357
2172 1353
2173 1357
2174 1356
2175 1356
2176 1357
2177 1355
2178 1356
2179 1354
2180 1356
2181 1355
2182 1357
2183 1354
2184 1352
2185 1353
2186 1354
2187 1354
2188 1352
2189 1355
2190 1354
2191 1355
2192 1357
2193 1356
2194 1355
2195 1356
2196 1356
2197 1354
2198 1354
2199 1353
2200 1354
2201 1354
2202 1353
2203 1354
2204 1356
2205 1355
2206 1352
2207 1354
2208 1356
2209 1354
2210 1353
2211 1355
2212 1354
2213 1355
2214 1355
2215 1355
2216 1353
2217 1356
2218 1357
2219 1356
2220 1357
2221 1355
2222 1357
2223 1354
2224 1358
2225 1353
2226 1353
2227 1352
2228 1354
2229 1353
2230 1353
2231 1351
2232 1353
2233 1354
2234 1355
2235 1353
2236 1354
2237 1355
2238 1357
2239 1354
2240 1357
2241 1354
2242 1355
2243 1355
2244 1354
2245 1353
2246 1356
2247 1355
2248 1355
2249 1353
2250 1353
2251 1354
2252 1354
2253 1355
2254 1353
2255 1356
2256 1357
2257 1356
2258 1353
2259 1356
2260 1358
2261 1353
2262 1355
2263 1352
2264 1353
2265 1357
2266 1355
2267 1358
2268 1356
2269 1354
2270 1357
2271 1357
2272 1354
2273 1353
2274 1354
2275 1356
2276 1356
2277 1355
2278 1354
2279 1353
2280 1353
2281 1355
2282 1355
2283 1353
2284 1354
2285 1357
2286 1353
2287 1355
2288 1355
2289 1352
2290 1353
2291 1353
2292 1355
2293 1355
2294 1351
2295 1353
2296 1355
2297 1356
2298 1357
2299 1354
2300 1355
2301 1358
2302 1358
2303 1355
2304 1354
2305 1358
2306 1358
2307 1357
2308 1354
2309 1352
2310 1356
2311 1355
2312 1356
2313 1353
2314 1355
2315 1355
2316 1355
2317 1355
2318 1355
2319 1354
2320 1356
2321 1356
2322 1354
2323 1355
2324 1354
2325 1354
2326 1354
2327 1357
2328 1354
2329 1353
2330 1355
2331 1353
2332 1353
2333 1354
2334 1355
2335 1356
2336 1357
2337 1356
2338 1355
2339 1354
2340 1354
2341 1352
2342 1355
2343 1356
2344 1354
2345 1356
2346 1353
2347 1354
2348 1354
2349 1356
2350 1356
2351 1353
2352 1356
2353 1354
2354 1356
2355 1354
2356 1354
2357 1356
2358 1355
2359 1353
2360 1358
2361 1354
2362 1354
2363 1354
2364 1358
2365 1356
2366 1355
2367 1356
2368 1356
2369 1356
2370 1354
2371 1354
2372 1357
2373 1355
2374 1354
2375 1354
2376 1355
2377 1353
2378 1354
2379 1353
2380 1355
2381 1353
2382 1354
2383 1353
2384 1355
2385 1355
2386 1354
2387 1355
2388 1354
2389 1354
2390 1355
2391 1356
2392 1357
2393 1356
2394 1357
2395 1354
2396 1355
2397 1357
2398 1355
2399 1355
2400 1355
2401 1355
2402 1355
2403 1356
2404 1357
2405 1354
2406 1357
2407 1354
2408 1357
2409 1353
2410 1355
2411 1354
2412 1351
2413 1356
2414 1355
2415 1356
2416 1354
2417 1355
2418 1354
2419 1355
2420 1355
2421 1355
2422 1357
2423 1355
2424 1355
2425 1354
2426 1358
2427 1354
2428 1357
2429 1352
2430 1354
2431 1352
2432 1355
2433 1351
2434 1354
2435 1353
2436 1357
2437 1354
2438 1357
2439 1356
2440 1356
2441 1354
2442 1353
2443 1353
2444 1357
2445 1356
2446 1358
2447 1355
2448 1356
2449 1356
2450 1355
2451 1355
2452 1358
2453 1353
2454 1354
2455 1353
2456 1354
2457 1353
2458 1355
2459 1355
2460 1354
2461 1355
2462 1355
2463 1355
2464 1355
2465 1353
2466 1353
2467 1353
2468 1353
2469 1354
2470 1353
2471 1353
2472 1354
2473 1352
2474 1353
2475 1354
2476 1351
2477 1356
2478 1354
2479 1353
2480 1353
2481 1354
2482 1355
2483 1356
2484 1356
2485 1355
2486 1356
2487 1355
2488 1356
2489 1356
2490 1359
2491 1355
2492 1354
2493 1353
2494 1354
2495 1356
2496 1357
2497 1353
2498 1353
2499 1353
2500 1353
2501 1355
2502 1354
2503 1353
2504 1356
2505 1355
2506 1352
2507 1357
2508 1355
2509 1356
2510 1353
2511 1354
2512 1354
2513 1357
2514 1352
2515 1354
2516 1354
2517 1354
2518 1356
2519 1355
2520 1355
2521 1355
2522 1356
2523 1354
2524 1355
2525 1354
2526 1356
2527 1355
2528 1353
2529 1351
2530 1353
2531 1353
2532 1351
2533 1354
2534 1355
2535 1354
2536 1356
2537 1355
2538 1353
2539 1353
2540 1354
2541 1354
2542 1355
2543 1355
2544 1355
2545 1357
2546 1357
2547 1357
2548 1358
2549 1356
2550 1356
2551 1353
2552 1356
2553 1353
2554 1353
2555 1354
2556 1353
2557 1354
2558 1354
2559 1355
2560 1356
2561 1353
2562 1353
2563 1353
2564 1355
2565 1355
2566 1355
2567 1356
2568 1352
2569 1356
2570 1355
2571 1355
2572 1357
2573 1356
2574 1357
2575 1354
2576 1356
2577 1354
2578 1356
2579 1353
2580 1356
2581 1351
2582 1356
2583 1354
2584 1355
2585 1354
2586 1353
2587 1355
2588 1355
2589 1352
2590 1353
2591 1356
2592 1355
2593 1353
2594 1352
2595 1355
2596 1356
2597 1355
2598 1353
2599 1354
2600 1354
2601 1354
2602 1354
2603 1356
2604 1357
2605 1355
2606 1352
2607 1357
2608 1356
2609 1355
2610 1353
2611 1355
2612 1357
2613 1355
2614 1355
2615 1353
2616 1354
2617 1355
2618 1355
2619 1355
2620 1355
2621 1352
2622 1355
2623 1355
2624 1356
2625 1353
2626 1356
2627 1356
2628 1354
2629 1357
2630 1354
2631 1353
2632 1353
2633 1355
2634 1358
2635 1355
2636 1357
2637 1354
2638 1356
2639 1355
2640 1356
2641 1353
2642 1354
2643 1356
2644 1356
2645 1355
2646 1355
2647 1353
2648 1357
2649 1353
2650 1357
2651 1353
2652 1353
2653 1355
2654 1354
2655 1350
2656 1356
2657 1354
2658 1354
2659 1355
2660 1357
2661 1356
2662 1355
2663 1355
2664 1356
2665 1354
2666 1355
2667 1356
2668 1355
2669 1356
2670 1356
2671 1356
2672 1357
2673 1356
2674 1354
2675 1353
2676 1356
2677 1355
2678 1357
2679 1356
2680 1354
2681 1355
2682 1356
2683 1354
2684 1356
2685 1355
2686 1357
2687 1357
2688 1358
2689 1356
2690 1357
2691 1355
2692 1355
2693 1356
2694 1357
2695 1358
2696 1357
2697 1355
2698 1355
2699 1354
2700 1354
2701 1354
2702 1353
2703 1354
2704 1354
2705 1354
2706 1355
2707 1356
2708 1354
2709 1355
2710 1354
2711 1354
2712 1356
2713 1356
2714 1355
2715 1356
2716 1357
2717 1356
2718 1357
2719 1355
2720 1355
2721 1352
2722 1355
2723 1356
2724 1354
2725 1355
2726 1355
2727 1355
2728 1356
2729 1356
2730 1354
2731 1355
2732 1354
2733 1354
2734 1355
2735 1355
2736 1356
2737 1354
2738 1354
2739 1356
2740 1355
2741 1354
2742 1356
2743 1356
2744 1356
2745 1353
2746 1353
2747 1356
2748 1352
2749 1354
2750 1355
2751 1353
2752 1353
2753 1357
2754 1357
2755 1356
2756 1356
2757 1356
2758 1355
2759 1356
2760 1357
2761 1357
2762 1357
2763 1357
2764 1354
2765 1358
2766 1353
2767 1352
2768 1351
2769 1357
2770 1355
2771 1354
2772 1355
2773 1354
2774 1355
2775 1358
2776 1355
2777 1357
2778 1357
2779 1355
2780 1355
2781 1354
2782 1355
2783 1357
2784 1354
2785 1354
2786 1355
2787 1356
2788 1356
2789 1359
2790 1355
2791 1356
2792 1356
2793 1356
2794 1354
2795 1357
2796 1354
2797 1355
2798 1357
2799 1356
2800 1353
2801 1355
2802 1357
2803 1359
2804 1354
2805 1355
2806 1355
2807 1354
2808 1355
2809 1358
2810 1353
2811 1356
2812 1351
2813 1356
2814 1357
2815 1356
2816 1357
2817 1356
2818 1357
2819 1356
2820 1356
2821 1358
2822 1356
2823 1357
2824 1356
2825 1355
2826 1354
2827 1355
2828 1353
2829 1354
2830 1357
2831 1354
2832 1354
2833 1354
2834 1353
2835 1355
2836 1356
2837 1356
2838 1356
2839 1352
2840 1354
2841 1355
2842 1360
2843 1355
2844 1355
2845 1354
2846 1355
2847 1356
2848 1353
2849 1354
2850 1356
2851 1355
2852 1357
2853 1357
2854 1356
2855 1356
2856 1356
2857 1356
2858 1357
2859 1356
2860 1356
2861 1354
2862 1355
2863 1354
2864 1354
2865 1355
2866 1357
2867 1356
2868 1356
2869 1353
2870 1355
2871 1354
2872 1357
2873 1355
2874 1357
2875 1356
2876 1356
2877 1354
2878 1355
2879 1356
2880 1357
2881 1355
2882 1356
2883 1354
2884 1354
2885 1354
2886 1356
2887 1355
2888 1352
2889 1354
2890 1354
2891 1355
2892 1356
2893 1355
2894 1353
2895 1356
2896 1357
2897 1354
2898 1352
2899 1354
2900 1355
2901 1354
2902 1355
2903 1353
2904 1355
2905 1354
2906 1353
2907 1356
2908 1358
2909 1355
2910 1353
2911 1354
2912 1358
2913 1356
2914 1355
2915 1355
2916 1357
2917 1357
2918 1354
2919 1356
2920 1356
2921 1355
2922 1357
2923 1354
2924 1354
2925 1353
2926 1352
2927 1353
2928 1355
2929 1354
2930 1354
2931 1355
2932 1356
2933 1354
2934 1353
2935 1354
2936 1354
2937 1355
2938 1356
2939 1357
2940 1357
2941 1358
2942 1358
2943 1356
2944 1357
2945 1354
2946 1354
2947 1356
2948 1355
2949 1356
2950 1355
2951 1353
2952 1354
2953 1355
2954 1353
2955 1355
2956 1352
2957 1353
2958 1355
2959 1355
2960 1353
2961 1357
2962 1354
2963 1354
2964 1353
2965 1352
2966 1355
2967 1357
2968 1356
2969 1354
2970 1356
2971 1354
2972 1356
2973 1355
2974 1356
2975 1351
2976 1352
2977 1356
2978 1357
2979 1356
2980 1354
2981 1356
2982 1357
2983 1356
2984 1355
2985 1353
2986 1357
2987 1356
2988 1356
2989 1353
2990 1355
2991 1356
2992 1354
2993 1356
2994 1357
2995 1355
2996 1355
2997 1356
2998 1354
2999 1356
3000 1355
3001 1356
3002 1356
3003 1356
3004 1358
3005 1354
3006 1355
3007 1355
3008 1357
3009 1357
3010 1354
3011 1356
3012 1354
3013 1356
3014 1357
3015 1353
3016 1353
3017 1356
3018 1353
3019 1357
3020 1357
3021 1358
3022 1352
3023 1355
3024 1352
3025 1358
3026 1354
3027 1355
3028 1355
3029 1355
3030 1355
3031 1355
3032 1356
3033 1357
3034 1355
3035 1354
3036 1353
3037 1357
3038 1355
3039 1353
3040 1353
3041 1356
3042 1355
3043 1357
3044 1356
3045 1355
3046 1353
3047 1356
3048 1355
3049 1355
3050 1355
3051 1355
3052 1356
3053 1357
3054 1355
3055 1355
3056 1352
3057 1357
3058 1356
3059 1356
3060 1357
3061 1356
3062 1354
3063 1354
3064 1355
3065 1357
3066 1356
3067 1355
3068 1354
3069 1355
3070 1355
3071 1358
3072 1357
3073 1355
3074 1356
3075 1354
3076 1356
3077 1355
3078 1354
3079 1355
3080 1353
3081 1354
3082 1357
3083 1357
3084 1357
3085 1355
3086 1356
3087 1356
3088 1354
3089 1356
3090 1355
3091 1354
3092 1353
3093 1355
3094 1356
3095 1354
3096 1353
3097 1357
3098 1356
3099 1355
3100 1357
3101 1358
3102 1356
3103 1357
3104 1354
3105 1355
3106 1355
3107 1356
3108 1357
3109 1356
3110 1354
3111 1354
3112 1356
3113 1355
3114 1353
3115 1356
3116 1357
3117 1358
3118 1352
3119 1356
3120 1354
3121 1354
3122 1354
3123 1353
3124 1353
3125 1354
3126 1355
3127 1356
3128 1359
3129 1356
3130 1357
3131 1355
3132 1356
3133 1353
3134 1353
3135 1353
3136 1354
3137 1356
3138 1353
3139 1354
3140 1355
3141 1355
3142 1354
3143 1352
3144 1353
3145 1354
3146 1356
3147 1357
3148 1356
3149 1355
3150 1352
3151 1353
3152 1355
3153 1356
3154 1357
3155 1357
3156 1354
3157 1353
3158 1353
3159 1355
3160 1354
3161 1352
3162 1357
3163 1358
3164 1357
3165 1356
3166 1353
3167 1354
3168 1355
3169 1356
3170 1353
3171 1354
3172 1355
3173 1352
3174 1353
3175 1353
3176 1352
3177 1354
3178 1354
3179 1352
3180 1353
3181 1354
3182 1355
3183 1356
3184 1355
3185 1356
3186 1357
3187 1355
3188 1356
3189 1357
3190 1355
3191 1355
3192 1353
3193 1357
3194 1353
3195 1355
3196 1355
3197 1356
3198 1357
3199 1357
3200 1354
3201 1355
3202 1353
3203 1357
3204 1356
3205 1356
3206 1356
3207 1354
3208 1353
3209 1356
3210 1355
3211 1355
3212 1355
3213 1355
3214 1355
3215 1354
3216 1356
3217 1356
3218 1353
3219 1355
3220 1355
3221 1355
3222 1357
3223 1356
3224 1354
3225 1357
3226 1352
3227 1354
3228 1354
3229 1355
3230 1357
3231 1354
3232 1352
3233 1353
3234 1354
3235 1354
3236 1355
3237 1356
3238 1357
3239 1356
3240 1358
3241 1355
3242 1356
3243 1356
3244 1354
3245 1354
3246 1357
3247 1356
3248 1353
3249 1355
3250 1356
3251 1354
3252 1357
3253 1355
3254 1357
3255 1357
3256 1357
3257 1353
3258 1356
3259 1352
3260 1355
3261 1357
3262 1356
3263 1354
3264 1356
3265 1355
3266 1354
3267 1352
3268 1352
3269 1355
3270 1354
3271 1355
3272 1356
3273 1355
3274 1354
3275 1355
3276 1355
3277 1356
3278 1356
3279 1356
3280 1355
3281 1352
3282 1356
3283 1358
3284 1355
3285 1356
3286 1355
3287 1357
3288 1357
3289 1357
3290 1355
3291 1354
3292 1353
3293 1355
3294 1353
3295 1357
3296 1357
3297 1357
3298 1354
3299 1357
3300 1357
3301 1358
3302 1358
3303 1358
3304 1354
3305 1355
3306 1355
3307 1356
3308 1356
3309 1356
3310 1358
3311 1357
3312 1356
3313 1355
3314 1355
3315 1358
3316 1355
3317 1355
3318 1357
3319 1353
3320 1355
3321 1356
3322 1357
3323 1352
3324 1355
3325 1357
3326 1357
3327 1354
3328 1356
3329 1356
3330 1355
3331 1354
3332 1357
3333 1356
3334 1357
3335 1356
3336 1357
3337 1355
3338 1357
3339 1355
3340 1357
3341 1358
3342 1357
3343 1355
3344 1356
3345 1356
3346 1357
3347 1354
3348 1357
3349 1353
3350 1355
3351 1353
3352 1352
3353 1356
3354 1355
3355 1355
3356 1355
3357 1351
3358 1354
3359 1355
3360 1357
3361 1358
3362 1355
3363 1354
3364 1356
3365 1357
3366 1353
3367 1357
3368 1355
3369 1356
3370 1354
3371 1357
3372 1358
3373 1359
3374 1356
3375 1361
3376 1354
3377 1356
3378 1353
3379 1357
3380 1357
3381 1358
3382 1357
3383 1356
3384 1354
3385 1357
3386 1355
3387 1354
3388 1352
3389 1355
3390 1354
3391 1355
3392 1354
3393 1353
3394 1357
3395 1356
3396 1355
3397 1354
3398 1353
3399 1356
3400 1353
3401 1353
3402 1355
3403 1356
3404 1353
3405 1354
3406 1356
3407 1354
3408 1355
3409 1355
3410 1355
3411 1356
3412 1355
3413 1354
3414 1352
3415 1355
3416 1354
3417 1354
3418 1355
3419 1358
3420 1357
3421 1356
3422 1353
3423 1352
3424 1352
3425 1355
3426 1351
3427 1354
3428 1356
3429 1355
3430 1356
3431 1356
3432 1355
3433 1357
3434 1355
3435 1356
3436 1356
3437 1357
3438 1352
3439 1354
3440 1355
3441 1355
3442 1357
3443 1355
3444 1355
3445 1355
3446 1355
3447 1354
3448 1352
3449 1356
3450 1355
3451 1356
3452 1356
3453 1354
3454 1357
3455 1356
3456 1355
3457 1354
3458 1353
3459 1353
3460 1355
3461 1356
3462 1357
3463 1357
3464 1353
3465 1356
3466 1356
3467 1358
3468 1355
3469 1352
3470 1354
3471 1354
3472 1356
3473 1357
3474 1353
3475 1354
3476 1357
3477 1356
3478 1355
3479 1355
3480 1352
3481 1356
3482 1353
3483 1355
3484 1355
3485 1356
3486 1356
3487 1352
3488 1356
3489 1355
3490 1357
3491 1355
3492 1354
3493 1357
3494 1356
3495 1353
3496 1352
3497 1351
3498 1354
3499 1357
3500 1355
3501 1353
3502 1355
3503 1356
3504 1353
3505 1353
3506 1355
3507 1353
3508 1354
3509 1355
3510 1356
3511 1354
3512 1356
3513 1355
3514 1355
3515 1354
3516 1355
3517 1355
3518 1356
3519 1354
3520 1356
3521 1355
3522 1355
3523 1355
3524 1354
3525 1357
3526 1354
3527 1357
3528 1355
3529 1356
3530 1355
3531 1355
3532 1353
3533 1354
3534 1356
3535 1355
3536 1351
3537 1354
3538 1354
3539 1355
3540 1356
3541 1357
3542 1353
3543 1352
3544 1355
3545 1356
3546 1354
3547 1357
3548 1353
3549 1358
3550 1355
3551 1356
3552 1357
3553 1356
3554 1357
3555 1356
3556 1353
3557 1355
3558 1357
3559 1356
3560 1354
3561 1357
3562 1353
3563 1356
3564 1355
3565 1358
3566 1357
3567 1356
3568 1355
3569 1355
3570 1353
3571 1354
3572 1355
3573 1354
3574 1353
3575 1356
3576 1357
3577 1356
3578 1355
3579 1357
3580 1356
3581 1356
3582 1356
3583 1355
3584 1355
3585 1356
3586 1353
3587 1356
3588 1357
3589 1356
3590 1357
3591 1356
3592 1354
3593 1355
3594 1356
3595 1357
3596 1357
3597 1357
3598 1357
3599 1355
3600 1356
3601 1354
3602 1357
3603 1355
3604 1356
3605 1356
3606 1357
3607 1356
3608 1355
3609 1356
3610 1356
3611 1355
3612 1357
3613 1355
3614 1354
3615 1358
3616 1355
3617 1353
3618 1355
3619 1355
3620 1356
3621 1355
3622 1354
3623 1354
3624 1355
3625 1353
3626 1352
3627 1355
3628 1354
3629 1354
3630 1354
3631 1354
3632 1356
3633 1355
3634 1358
3635 1356
3636 1356
3637 1356
3638 1356
3639 1355
3640 1354
3641 1356
3642 1354
3643 1357
3644 1353
3645 1356
3646 1355
3647 1354
3648 1353
3649 1356
3650 1355
3651 1355
3652 1356
3653 1356
3654 1356
3655 1354
3656 1354
3657 1357
3658 1356
3659 1356
3660 1354
3661 1353
3662 1353
3663 1350
3664 1355
3665 1356
3666 1354
3667 1354
3668 1354
3669 1353
3670 1355
3671 1355
3672 1355
3673 1354
3674 1351
3675 1352
3676 1354
3677 1352
3678 1356
3679 1357
3680 1354
3681 1355
3682 1356
3683 1353
3684 1356
3685 1357
3686 1356
3687 1356
3688 1354
3689 1356
3690 1355
3691 1354
3692 1356
3693 1354
3694 1358
3695 1354
3696 1358
3697 1355
3698 1356
3699 1354
3700 1357
3701 1354
3702 1357
3703 1355
3704 1353
3705 1356
3706 1356
3707 1356
3708 1358
3709 1355
3710 1356
3711 1356
3712 1354
3713 1355
3714 1354
3715 1353
3716 1356
3717 1355
3718 1355
3719 1356
3720 1356
3721 1354
3722 1356
3723 1353
3724 1355
3725 1354
3726 1355
3727 1355
3728 1357
3729 1355
3730 1355
3731 1355
3732 1353
3733 1357
3734 1356
3735 1355
3736 1356
3737 1354
3738 1350
3739 1356
3740 1354
3741 1357
3742 1356
3743 1357
3744 1357
3745 1352
3746 1355
3747 1355
3748 1356
3749 1355
3750 1356
3751 1355
3752 1354
3753 1354
3754 1355
3755 1356
3756 1358
3757 1358
3758 1355
3759 1355
3760 1354
3761 1354
3762 1356
3763 1356
3764 1356
3765 1354
3766 1355
3767 1357
3768 1356
3769 1357
3770 1355
3771 1354
3772 1358
3773 1356
3774 1358
3775 1356
3776 1357
3777 1355
3778 1356
3779 1354
3780 1357
3781 1356
3782 1357
3783 1354
3784 1353
3785 1351
3786 1356
3787 1357
3788 1355
3789 1354
3790 1355
3791 1354
3792 1355
3793 1356
3794 1354
3795 1355
3796 1355
3797 1358
3798 1356
3799 1357
3800 1356
3801 1357
3802 1355
3803 1355
3804 1354
3805 1357
3806 1355
3807 1353
3808 1355
3809 1352
3810 1357
3811 1356
3812 1355
3813 1355
3814 1355
3815 1354
3816 1355
3817 1355
3818 1354
3819 1355
3820 1354
3821 1353
3822 1355
3823 1354
3824 1354
3825 1355
3826 1355
3827 1354
3828 1353
3829 1355
3830 1354
3831 1354
3832 1354
3833 1353
3834 1355
3835 1354
3836 1355
3837 1353
3838 1356
3839 1355
3840 1355
3841 1353
3842 1355
3843 1353
3844 1358
3845 1355
3846 1355
3847 1354
3848 1353
3849 1354
3850 1355
3851 1357
3852 1357
3853 1354
3854 1354
3855 1356
3856 1356
3857 1355
3858 1357
3859 1353
3860 1353
3861 1354
3862 1355
3863 1353
3864 1356
3865 1356
3866 1352
3867 1354
3868 1353
3869 1352
3870 1355
3871 1353
3872 1354
3873 1353
3874 1356
3875 1354
3876 1355
3877 1356
3878 1355
3879 1352
3880 1355
3881 1354
3882 1353
3883 1353
3884 1352
3885 1353
3886 1353
3887 1354
3888 1355
3889 1353
3890 1355
3891 1356
3892 1357
3893 1355
3894 1354
3895 1354
3896 1354
3897 1354
3898 1355
3899 1356
3900 1355
3901 1355
3902 1358
3903 1354
3904 1356
3905 1354
3906 1355
3907 1357
3908 1357
3909 1353
3910 1356
3911 1356
3912 1357
3913 1352
3914 1354
3915 1355
3916 1355
3917 1354
3918 1354
3919 1355
3920 1354
3921 1354
3922 1355
3923 1354
3924 1357
3925 1354
3926 1355
3927 1352
3928 1355
3929 1354
3930 1358
3931 1354
3932 1355
3933 1353
3934 1353
3935 1352
3936 1353
3937 1356
3938 1355
3939 1354
3940 1356
3941 1354
3942 1355
3943 1355
3944 1355
3945 1351
3946 1353
3947 1352
3948 1357
3949 1353
3950 1357
3951 1355
3952 1357
3953 1357
3954 1355
3955 1354
3956 1355
3957 1354
3958 1355
3959 1353
3960 1355
3961 1356
3962 1359
3963 1356
3964 1353
3965 1353
3966 1356
3967 1351
3968 1352
3969 1352
3970 1360
3971 1353
3972 1354
3973 1353
3974 1357
3975 1356
3976 1355
3977 1355
3978 1355
3979 1356
3980 1356
3981 1355
3982 1349
3983 1354
3984 1355
3985 1356
3986 1357
3987 1357
3988 1355
3989 1355
3990 1355
3991 1354
3992 1357
3993 1356
3994 1354
3995 1354
3996 1352
3997 1355
3998 1357
3999 1352
