0 1355
1 1358
2 1354
3 1354
4 1355
5 1361
6 1356
7 1354
8 1354
9 1352
10 1354
11 1354
12 1355
13 1354
14 1357
15 1355
16 1355
17 1355
18 1354
19 1356
20 1356
21 1355
22 1354
23 1354
24 1354
25 1355
26 1354
27 1356
28 1355
29 1352
30 1354
31 1354
32 1352
33 1355
34 1354
35 1353
36 1358
37 1354
38 1355
39 1354
40 1354
41 1354
42 1355
43 1355
44 1354
45 1356
46 1356
47 1355
48 1356
49 1353
50 1354
51 1356
52 1358
53 1357
54 1354
55 1353
56 1354
57 1355
58 1353
59 1354
60 1354
61 1355
62 1354
63 1354
64 1356
65 1354
66 1358
67 1357
68 1355
69 1354
70 1353
71 1353
72 1353
73 1353
74 1354
75 1357
76 1355
77 1356
78 1355
79 1357
80 1356
81 1357
82 1354
83 1354
84 1356
85 1353
86 1352
87 1356
88 1354
89 1356
90 1355
91 1356
92 1356
93 1355
94 1355
95 1354
96 1356
97 1356
98 1356
99 1354
100 1354
101 1356
102 1352
103 1352
104 1356
105 1356
106 1356
107 1354
108 1356
109 1356
110 1356
111 1356
112 1355
113 1354
114 1356
115 1355
116 1356
117 1357
118 1354
119 1356
120 1354
121 1354
122 1355
123 1356
124 1351
125 1356
126 1353
127 1354
128 1353
129 1354
130 1356
131 1356
132 1354
133 1353
134 1354
135 1356
136 1359
137 1356
138 1357
139 1356
140 1356
141 1358
142 1355
143 1357
144 1355
145 1355
146 1356
147 1355
148 1358
149 1357
150 1356
151 1356
152 1357
153 1354
154 1354
155 1355
156 1354
157 1357
158 1357
159 1356
160 1355
161 1355
162 1356
163 1352
164 1354
165 1358
166 1357
167 1355
168 1354
169 1356
170 1355
171 1357
172 1356
173 1356
174 1355
175 1355
176 1356
177 1356
178 1354
179 1356
180 1357
181 1354
182 1357
183 1356
184 1356
185 1356
186 1354
187 1356
188 1357
189 1353
190 1355
191 1353
192 1354
193 1355
194 1355
195 1358
196 1356
197 1355
198 1355
199 1354
200 1356
201 1357
202 1358
203 1357
204 1357
205 1356
206 1357
207 1355
208 1356
209 1355
210 1356
211 1355
212 1354
213 1353
214 1355
215 1357
216 1355
217 1353
218 1356
219 1355
220 1355
221 1357
222 1356
223 1357
224 1355
225 1356
226 1356
227 1356
228 1353
229 1354
230 1355
231 1354
232 1357
233 1355
234 1356
235 1357
236 1356
237 1355
238 1356
239 1355
240 1355
241 1355
242 1353
243 1355
244 1356
245 1354
246 1356
247 1354
248 1356
249 1355
250 1356
251 1357
252 1355
253 1355
254 1352
255 1356
256 1356
257 1356
258 1358
259 1358
260 1356
261 1357
262 1354
263 1354
264 1356
265 1357
266 1358
267 1358
268 1355
269 1356
270 1355
271 1354
272 1356
273 1357
274 1355
275 1356
276 1356
277 1357
278 1354
279 1357
280 1356
281 1356
282 1358
283 1356
284 1355
285 1353
286 1357
287 1356
288 1353
289 1354
290 1356
291 1358
292 1355
293 1355
294 1357
295 1355
296 1357
297 1355
298 1355
299 1355
300 1356
301 1358
302 1357
303 1356
304 1355
305 1356
306 1356
307 1354
308 1355
309 1355
310 1355
311 1353
312 1354
313 1356
314 1354
315 1354
316 1353
317 1354
318 1355
319 1355
320 1356
321 1355
322 1357
323 1356
324 1356
325 1358
326 1354
327 1355
328 1355
329 1354
330 1353
331 1355
332 1353
333 1355
334 1355
335 1357
336 1355
337 1355
338 1355
339 1355
340 1355
341 1355
342 1354
343 1352
344 1353
345 1352
346 1352
347 1357
348 1356
349 1352
350 1356
351 1356
352 1356
353 1353
354 1352
355 1358
356 1357
357 1355
358 1357
359 1353
360 1356
361 1354
362 1354
363 1356
364 1354
365 1353
366 1355
367 1355
368 1356
369 1354
370 1354
371 1356
372 1354
373 1356
374 1356
375 1354
376 1356
377 1355
378 1354
379 1355
380 1353
381 1356
382 1355
383 1355
384 1354
385 1354
386 1356
387 1355
388 1358
389 1356
390 1357
391 1355
392 1352
393 1356
394 1355
395 1355
396 1353
397 1356
398 1355
399 1353
400 1352
401 1355
402 1355
403 1358
404 1356
405 1354
406 1355
407 1355
408 1357
409 1358
410 1356
411 1355
412 1356
413 1354
414 1356
415 1357
416 1358
417 1358
418 1356
419 1357
420 1356
421 1357
422 1356
423 1357
424 1357
425 1357
426 1354
427 1353
428 1354
429 1353
430 1354
431 1352
432 1355
433 1353
434 1357
435 1355
436 1356
437 1355
438 1354
439 1355
440 1356
441 1358
442 1356
443 1357
444 1353
445 1355
446 1354
447 1356
448 1356
449 1357
450 1356
451 1353
452 1359
453 1357
454 1356
455 1359
456 1356
457 1354
458 1352
459 1353
460 1356
461 1354
462 1357
463 1357
464 1354
465 1355
466 1356
467 1355
468 1356
469 1356
470 1357
471 1355
472 1354
473 1356
474 1355
475 1357
476 1356
477 1356
478 1355
479 1356
480 1356
481 1355
482 1357
483 1352
484 1354
485 1354
486 1353
487 1353
488 1355
489 1358
490 1355
491 1356
492 1356
493 1356
494 1354
495 1353
496 1355
497 1355
498 1354
499 1354
500 1355
501 1356
502 1355
503 1356
504 1353
505 1353
506 1356
507 1355
508 1355
509 1357
510 1355
511 1355
512 1355
513 1353
514 1356
515 1355
516 1356
517 1356
518 1354
519 1357
520 1358
521 1355
522 1357
523 1355
524 1354
525 1354
526 1357
527 1357
528 1356
529 1355
530 1357
531 1358
532 1355
533 1360
534 1355
535 1361
536 1361
537 1368
538 1378
539 1390
540 1409
541 1436
542 1467
543 1503
544 1544
545 1591
546 1643
547 1690
548 1740
549 1786
550 1833
551 1874
552 1913
553 1946
554 1973
555 1993
556 2015
557 2025
558 2033
559 2034
560 2034
561 2030
562 2018
563 2004
564 1989
565 1970
566 1954
567 1931
568 1908
569 1879
570 1858
571 1833
572 1808
573 1786
574 1765
575 1741
576 1725
577 1703
578 1684
579 1667
580 1649
581 1634
582 1623
583 1605
584 1591
585 1575
586 1564
587 1547
588 1531
589 1523
590 1511
591 1504
592 1491
593 1481
594 1473
595 1463
596 1457
597 1455
598 1449
599 1442
600 1436
601 1428
602 1419
603 1418
604 1412
605 1410
606 1403
607 1402
608 1397
609 1396
610 1393
611 1391
612 1389
613 1389
614 1384
615 1382
616 1381
617 1379
618 1377
619 1375
620 1371
621 1373
622 1371
623 1373
624 1370
625 1373
626 1369
627 1370
628 1367
629 1366
630 1365
631 1365
632 1363
633 1363
634 1364
635 1364
636 1362
637 1361
638 1361
639 1363
640 1360
641 1361
642 1359
643 1360
644 1361
645 1361
646 1362
647 1357
648 1358
649 1357
650 1358
651 1357
652 1359
653 1356
654 1357
655 1358
656 1359
657 1356
658 1357
659 1359
660 1360
661 1360
662 1359
663 1361
664 1357
665 1359
666 1359
667 1357
668 1354
669 1356
670 1357
671 1359
672 1357
673 1357
674 1356
675 1357
676 1358
677 1354
678 1356
679 1357
680 1358
681 1360
682 1356
683 1356
684 1356
685 1356
686 1356
687 1358
688 1357
689 1357
690 1360
691 1357
692 1356
693 1354
694 1355
695 1354
696 1355
697 1355
698 1357
699 1356
700 1356
701 1354
702 1355
703 1353
704 1356
705 1356
706 1356
707 1353
708 1357
709 1357
710 1353
711 1355
712 1354
713 1357
714 1356
715 1355
716 1357
717 1355
718 1355
719 1356
720 1356
721 1355
722 1357
723 1355
724 1352
725 1353
726 1356
727 1357
728 1356
729 1358
730 1355
731 1354
732 1354
733 1355
734 1354
735 1355
736 1354
737 1355
738 1356
739 1354
740 1357
741 1357
742 1355
743 1355
744 1354
745 1358
746 1356
747 1356
748 1356
749 1357
750 1357
751 1356
752 1355
753 1358
754 1356
755 1356
756 1353
757 1357
758 1357
759 1357
760 1357
761 1356
762 1354
763 1353
764 1356
765 1359
766 1357
767 1354
768 1356
769 1353
770 1353
771 1354
772 1356
773 1353
774 1355
775 1357
776 1358
777 1353
778 1355
779 1354
780 1354
781 1356
782 1356
783 1357
784 1356
785 1353
786 1357
787 1355
788 1355
789 1354
790 1354
791 1356
792 1355
793 1356
794 1354
795 1354
796 1356
797 1352
798 1353
799 1355
800 1357
801 1357
802 1357
803 1356
804 1356
805 1355
806 1354
807 1355
808 1356
809 1356
810 1356
811 1355
812 1356
813 1357
814 1357
815 1358
816 1356
817 1357
818 1356
819 1355
820 1355
821 1354
822 1354
823 1354
824 1355
825 1356
826 1356
827 1357
828 1353
829 1354
830 1356
831 1357
832 1355
833 1354
834 1354
835 1355
836 1355
837 1356
838 1354
839 1355
840 1354
841 1356
842 1355
843 1356
844 1354
845 1353
846 1354
847 1355
848 1355
849 1356
850 1355
851 1356
852 1356
853 1354
854 1355
855 1356
856 1356
857 1357
858 1356
859 1355
860 1355
861 1353
862 1354
863 1354
864 1357
865 1356
866 1358
867 1354
868 1354
869 1354
870 1358
871 1356
872 1357
873 1357
874 1355
875 1354
876 1355
877 1355
878 1356
879 1355
880 1355
881 1356
882 1357
883 1355
884 1355
885 1353
886 1355
887 1353
888 1356
889 1351
890 1353
891 1354
892 1356
893 1350
894 1353
895 1356
896 1355
897 1353
898 1354
899 1354
900 1355
901 1356
902 1357
903 1357
904 1356
905 1355
906 1356
907 1354
908 1355
909 1355
910 1357
911 1353
912 1357
913 1357
914 1355
915 1354
916 1353
917 1355
918 1356
919 1355
920 1353
921 1353
922 1354
923 1355
924 1352
925 1356
926 1354
927 1356
928 1356
929 1356
930 1356
931 1354
932 1356
933 1354
934 1355
935 1353
936 1354
937 1356
938 1357
939 1357
940 1354
941 1355
942 1357
943 1353
944 1354
945 1356
946 1356
947 1353
948 1353
949 1355
950 1355
951 1354
952 1355
953 1353
954 1353
955 1356
956 1355
957 1353
958 1355
959 1356
960 1354
961 1355
962 1354
963 1353
964 1355
965 1356
966 1354
967 1356
968 1355
969 1357
970 1358
971 1356
972 1356
973 1353
974 1353
975 1355
976 1354
977 1354
978 1355
979 1351
980 1355
981 1352
982 1354
983 1356
984 1357
985 1355
986 1355
987 1357
988 1354
989 1351
990 1353
991 1357
992 1355
993 1356
994 1355
995 1354
996 1356
997 1353
998 1355
999 1355
1000 1356
1001 1353
1002 1354
1003 1353
1004 1354
1005 1354
1006 1355
1007 1357
1008 1354
1009 1353
1010 1352
1011 1356
1012 1354
1013 1356
1014 1353
1015 1355
1016 1354
1017 1353
1018 1351
1019 1354
1020 1353
1021 1357
1022 1353
1023 1354
1024 1354
1025 1357
1026 1357
1027 1354
1028 1356
1029 1355
1030 1359
1031 1354
1032 1356
1033 1356
1034 1356
1035 1353
1036 1356
1037 1353
1038 1356
1039 1356
1040 1356
1041 1356
1042 1356
1043 1353
1044 1355
1045 1354
1046 1357
1047 1356
1048 1355
1049 1355
1050 1357
1051 1353
1052 1354
1053 1353
1054 1356
1055 1354
1056 1358
1057 1356
1058 1357
1059 1357
1060 1356
1061 1356
1062 1357
1063 1355
1064 1354
1065 1353
1066 1358
1067 1359
1068 1356
1069 1356
1070 1354
1071 1356
1072 1354
1073 1354
1074 1355
1075 1355
1076 1354
1077 1354
1078 1353
1079 1355
1080 1355
1081 1357
1082 1356
1083 1354
1084 1355
1085 1355
1086 1354
1087 1356
1088 1353
1089 1357
1090 1358
1091 1356
1092 1356
1093 1354
1094 1355
1095 1353
1096 1352
1097 1355
1098 1356
1099 1357
1100 1356
1101 1355
1102 1356
1103 1358
1104 1357
1105 1358
1106 1354
1107 1353
1108 1355
1109 1355
1110 1354
1111 1355
1112 1354
1113 1356
1114 1355
1115 1354
1116 1355
1117 1358
1118 1356
1119 1353
1120 1355
1121 1353
1122 1357
1123 1355
1124 1356
1125 1355
1126 1356
1127 1355
1128 1357
1129 1355
1130 1356
1131 1353
1132 1351
1133 1352
1134 1354
1135 1354
1136 1354
1137 1354
1138 1355
1139 1353
1140 1354
1141 1353
1142 1358
1143 1355
1144 1356
1145 1357
1146 1356
1147 1352
1148 1356
1149 1355
1150 1354
1151 1354
1152 1353
1153 1355
1154 1356
1155 1355
1156 1353
1157 1354
1158 1355
1159 1354
1160 1356
1161 1354
1162 1354
1163 1353
1164 1356
1165 1354
1166 1356
1167 1353
1168 1354
1169 1355
1170 1355
1171 1355
1172 1355
1173 1354
1174 1354
1175 1356
1176 1353
1177 1353
1178 1356
1179 1354
1180 1356
1181 1355
1182 1357
1183 1355
1184 1354
1185 1356
1186 1356
1187 1355
1188 1353
1189 1355
1190 1358
1191 1356
1192 1357
1193 1355
1194 1357
1195 1353
1196 1353
1197 1354
1198 1354
1199 1354
1200 1355
1201 1355
1202 1355
1203 1355
1204 1356
1205 1354
1206 1356
1207 1355
1208 1356
1209 1352
1210 1355
1211 1355
1212 1354
1213 1351
1214 1352
1215 1355
1216 1356
1217 1358
1218 1356
1219 1354
1220 1356
1221 1358
1222 1356
1223 1353
1224 1352
1225 1355
1226 1356
1227 1353
1228 1356
1229 1356
1230 1355
1231 1355
1232 1356
1233 1354
1234 1355
1235 1358
1236 1357
1237 1355
1238 1357
1239 1356
1240 1356
1241 1357
1242 1356
1243 1354
1244 1355
1245 1357
1246 1355
1247 1354
1248 1355
1249 1353
1250 1356
1251 1354
1252 1355
1253 1355
1254 1354
1255 1350
1256 1355
1257 1353
1258 1354
1259 1354
1260 1356
1261 1354
1262 1357
1263 1354
1264 1356
1265 1354
1266 1355
1267 1354
1268 1355
1269 1354
1270 1356
1271 1355
1272 1354
1273 1357
1274 1353
1275 1357
1276 1357
1277 1354
1278 1354
1279 1357
1280 1355
1281 1355
1282 1353
1283 1356
1284 1355
1285 1355
1286 1352
1287 1353
1288 1354
1289 1353
1290 1352
1291 1352
1292 1355
1293 1355
1294 1353
1295 1351
1296 1353
1297 1356
1298 1355
1299 1355
1300 1354
1301 1355
1302 1354
1303 1355
1304 1357
1305 1358
1306 1357
1307 1355
1308 1353
1309 1352
1310 1352
1311 1355
1312 1355
1313 1355
1314 1353
1315 1354
1316 1353
1317 1355
1318 1353
1319 1356
1320 1351
1321 1355
1322 1354
1323 1354
1324 1353
1325 1356
1326 1354
1327 1355
1328 1352
1329 1355
1330 1352
1331 1353
1332 1356
1333 1355
1334 1356
1335 1356
1336 1357
1337 1356
1338 1355
1339 1353
1340 1354
1341 1355
1342 1356
1343 1354
1344 1354
1345 1352
1346 1354
1347 1356
1348 1353
1349 1351
1350 1354
1351 1355
1352 1354
1353 1354
1354 1353
1355 1354
1356 1354
1357 1356
1358 1357
1359 1356
1360 1354
1361 1358
1362 1355
1363 1355
1364 1354
1365 1357
1366 1355
1367 1356
1368 1357
1369 1354
1370 1356
1371 1358
1372 1355
1373 1358
1374 1352
1375 1356
1376 1355
1377 1351
1378 1353
1379 1356
1380 1356
1381 1355
1382 1354
1383 1355
1384 1355
1385 1356
1386 1356
1387 1352
1388 1353
1389 1354
1390 1355
1391 1354
1392 1354
1393 1353
1394 1352
1395 1353
1396 1355
1397 1354
1398 1356
1399 1354
1400 1355
1401 1355
1402 1352
1403 1351
1404 1353
1405 1355
1406 1356
1407 1354
1408 1356
1409 1354
1410 1355
1411 1353
1412 1357
1413 1355
1414 1353
1415 1355
1416 1356
1417 1354
1418 1354
1419 1354
1420 1355
1421 1355
1422 1354
1423 1354
1424 1355
1425 1356
1426 1353
1427 1355
1428 1351
1429 1353
1430 1353
1431 1352
1432 1353
1433 1355
1434 1356
1435 1356
1436 1356
1437 1354
1438 1354
1439 1353
1440 1354
1441 1355
1442 1354
1443 1355
1444 1353
1445 1352
1446 1355
1447 1356
1448 1353
1449 1355
1450 1354
1451 1357
1452 1356
1453 1356
1454 1356
1455 1356
1456 1356
1457 1352
1458 1356
1459 1356
1460 1358
1461 1356
1462 1356
1463 1355
1464 1355
1465 1357
1466 1358
1467 1355
1468 1355
1469 1353
1470 1352
1471 1356
1472 1356
1473 1356
1474 1352
1475 1352
1476 1355
1477 1353
1478 1360
1479 1358
1480 1356
1481 1358
1482 1356
1483 1357
1484 1355
1485 1356
1486 1356
1487 1357
1488 1355
1489 1357
1490 1355
1491 1355
1492 1353
1493 1354
1494 1355
1495 1358
1496 1357
1497 1355
1498 1355
1499 1355
1500 1357
1501 1356
1502 1356
1503 1355
1504 1355
1505 1354
1506 1355
1507 1354
1508 1357
1509 1353
1510 1354
1511 1357
1512 1356
1513 1355
1514 1356
1515 1357
1516 1354
1517 1358
1518 1356
1519 1358
1520 1355
1521 1357
1522 1354
1523 1355
1524 1355
1525 1359
1526 1355
1527 1356
1528 1356
1529 1357
1530 1355
1531 1354
1532 1354
1533 1357
1534 1356
1535 1353
1536 1356
1537 1355
1538 1353
1539 1353
1540 1352
1541 1353
1542 1354
1543 1355
1544 1355
1545 1356
1546 1354
1547 1358
1548 1355
1549 1356
1550 1358
1551 1354
1552 1357
1553 1357
1554 1358
1555 1357
1556 1355
1557 1355
1558 1357
1559 1355
1560 1354
1561 1357
1562 1356
1563 1355
1564 1358
1565 1355
1566 1357
1567 1354
1568 1356
1569 1357
1570 1358
1571 1356
1572 1357
1573 1355
1574 1359
1575 1357
1576 1354
1577 1353
1578 1354
1579 1355
1580 1356
1581 1354
1582 1357
1583 1357
1584 1356
1585 1355
1586 1356
1587 1354
1588 1356
1589 1355
1590 1355
1591 1354
1592 1356
1593 1354
1594 1354
1595 1356
1596 1357
1597 1356
1598 1355
1599 1355
1600 1356
1601 1356
1602 1355
1603 1354
1604 1355
1605 1354
1606 1356
1607 1355
1608 1358
1609 1357
1610 1359
1611 1357
1612 1355
1613 1356
1614 1355
1615 1356
1616 1356
1617 1356
1618 1354
1619 1356
1620 1355
1621 1356
1622 1353
1623 1356
1624 1354
1625 1358
1626 1357
1627 1358
1628 1357
1629 1356
1630 1354
1631 1352
1632 1355
1633 1356
1634 1356
1635 1353
1636 1355
1637 1356
1638 1356
1639 1355
1640 1356
1641 1355
1642 1355
1643 1354
1644 1355
1645 1353
1646 1355
1647 1357
1648 1354
1649 1356
1650 1355
1651 1355
1652 1354
1653 1354
1654 1354
1655 1356
1656 1354
1657 1354
1658 1353
1659 1356
1660 1355
1661 1356
1662 1355
1663 1355
1664 1355
1665 1355
1666 1357
1667 1356
1668 1356
1669 1355
1670 1357
1671 1357
1672 1358
1673 1355
1674 1356
1675 1355
1676 1356
1677 1357
1678 1355
1679 1355
1680 1356
1681 1355
1682 1354
1683 1353
1684 1356
1685 1357
1686 1356
1687 1355
1688 1354
1689 1353
1690 1354
1691 1354
1692 1355
1693 1357
1694 1354
1695 1357
1696 1356
1697 1357
1698 1360
1699 1357
1700 1357
1701 1356
1702 1356
1703 1355
1704 1355
1705 1354
1706 1356
1707 1356
1708 1356
1709 1355
1710 1356
1711 1358
1712 1356
1713 1354
1714 1357
1715 1355
1716 1359
1717 1356
1718 1354
1719 1353
1720 1353
1721 1353
1722 1356
1723 1354
1724 1353
1725 1351
1726 1353
1727 1354
1728 1354
1729 1355
1730 1356
1731 1355
1732 1355
1733 1355
1734 1356
1735 1355
1736 1354
1737 1357
1738 1354
1739 1355
1740 1356
1741 1357
1742 1359
1743 1358
1744 1357
1745 1357
1746 1354
1747 1354
1748 1355
1749 1355
1750 1356
1751 1354
1752 1356
1753 1355
1754 1356
1755 1356
1756 1356
1757 1356
1758 1355
1759 1356
1760 1358
1761 1355
1762 1353
1763 1355
1764 1357
1765 1356
1766 1355
1767 1354
1768 1353
1769 1354
1770 1356
1771 1357
1772 1354
1773 1356
1774 1356
1775 1354
1776 1356
1777 1356
1778 1355
1779 1356
1780 1354
1781 1359
1782 1356
1783 1353
1784 1356
1785 1357
1786 1358
1787 1361
1788 1355
1789 1353
1790 1356
1791 1357
1792 1355
1793 1357
1794 1354
1795 1356
1796 1353
1797 1357
1798 1354
1799 1356
1800 1355
1801 1357
1802 1356
1803 1357
1804 1356
1805 1355
1806 1355
1807 1355
1808 1353
1809 1353
1810 1355
1811 1355
1812 1354
1813 1352
1814 1357
1815 1356
1816 1355
1817 1354
1818 1355
1819 1357
1820 1356
1821 1354
1822 1356
1823 1355
1824 1356
1825 1357
1826 1357
1827 1357
1828 1355
1829 1357
1830 1354
1831 1356
1832 1357
1833 1356
1834 1356
1835 1355
1836 1354
1837 1354
1838 1354
1839 1356
1840 1356
1841 1358
1842 1356
1843 1354
1844 1354
1845 1355
1846 1355
1847 1356
1848 1354
1849 1356
1850 1358
1851 1355
1852 1355
1853 1358
1854 1356
1855 1355
1856 1356
1857 1355
1858 1356
1859 1353
1860 1354
1861 1356
1862 1355
1863 1355
1864 1355
1865 1355
1866 1354
1867 1358
1868 1356
1869 1358
1870 1356
1871 1355
1872 1354
1873 1354
1874 1353
1875 1358
1876 1357
1877 1357
1878 1354
1879 1356
1880 1355
1881 1354
1882 1353
1883 1354
1884 1356
1885 1353
1886 1357
1887 1355
1888 1353
1889 1357
1890 1355
1891 1354
1892 1354
1893 1355
1894 1357
1895 1357
1896 1356
1897 1356
1898 1357
1899 1357
1900 1355
1901 1354
1902 1355
1903 1353
1904 1356
1905 1358
1906 1356
1907 1356
1908 1356
1909 1357
1910 1356
1911 1359
1912 1355
1913 1359
1914 1356
1915 1357
1916 1355
1917 1356
1918 1357
1919 1356
1920 1355
1921 1354
1922 1356
1923 1353
1924 1355
1925 1357
1926 1355
1927 1356
1928 1356
1929 1352
1930 1354
1931 1356
1932 1355
1933 1357
1934 1355
1935 1355
1936 1356
1937 1355
1938 1355
1939 1356
1940 1356
1941 1357
1942 1357
1943 1356
1944 1355
1945 1355
1946 1356
1947 1355
1948 1356
1949 1357
1950 1355
1951 1356
1952 1357
1953 1355
1954 1354
1955 1353
1956 1355
1957 1355
1958 1358
1959 1355
1960 1356
1961 1356
1962 1356
1963 1354
1964 1357
1965 1355
1966 1356
1967 1355
1968 1358
1969 1358
1970 1357
1971 1356
1972 1355
1973 1354
1974 1354
1975 1357
1976 1357
1977 1356
1978 1356
1979 1355
1980 1357
1981 1357
1982 1355
1983 1357
1984 1355
1985 1355
1986 1359
1987 1352
1988 1356
1989 1356
1990 1356
1991 1354
1992 1357
1993 1356
1994 1358
1995 1356
1996 1356
1997 1354
1998 1357
1999 1356
2000 1357
2001 1355
2002 1355
2003 1355
2004 1354
2005 1356
2006 1357
2007 1357
2008 1356
2009 1356
2010 1356
2011 1357
2012 1353
2013 1357
2014 1354
2015 1354
2016 1356
2017 1355
2018 1356
2019 1355
2020 1356
2021 1356
2022 1356
2023 1353
2024 1356
2025 1354
2026 1358
2027 1355
2028 1354
2029 1355
2030 1352
2031 1357
2032 1357
2033 1353
2034 1358
2035 1357
2036 1358
2037 1356
2038 1357
2039 1354
2040 1356
2041 1355
2042 1354
2043 1356
2044 1356
2045 1354
2046 1356
2047 1355
2048 1356
2049 1356
2050 1357
2051 1355
2052 1358
2053 1355
2054 1355
2055 1357
2056 1360
2057 1356
2058 1357
2059 1354
2060 1355
2061 1354
2062 1357
2063 1356
2064 1357
2065 1358
2066 1357
2067 1355
2068 1356
2069 1356
2070 1354
2071 1356
2072 1358
2073 1355
2074 1359
2075 1357
2076 1357
2077 1356
2078 1354
2079 1357
2080 1357
2081 1357
2082 1355
2083 1354
2084 1354
2085 1357
2086 1353
2087 1354
2088 1356
2089 1356
2090 1357
2091 1357
2092 1356
2093 1360
2094 1359
2095 1361
2096 1358
2097 1354
2098 1354
2099 1357
2100 1356
2101 1360
2102 1354
2103 1356
2104 1354
2105 1357
2106 1357
2107 1356
2108 1356
2109 1356
2110 1355
2111 1356
2112 1356
2113 1357
2114 1354
2115 1354
2116 1353
2117 1355
2118 1354
2119 1356
2120 1352
2121 1356
2122 1353
2123 1356
2124 1355
2125 1355
2126 1356
2127 1357
2128 1357
2129 1355
2130 1357
2131 1357
2132 1358
2133 1357
2134 1357
2135 1356
2136 1355
2137 1354
2138 1354
2139 1358
2140 1354
2141 1356
2142 1356
2143 1352
2144 1355
2145 1354
2146 1355
2147 1357
2148 1355
2149 1354
2150 1355
2151 1356
2152 1356
2153 1356
2154 1357
2155 1355
2156 1358
2157 1354
2158 1357
2159 1353
2160 1357
2161 1354
2162 1357
2163 1353
2164 1356
2165 1357
2166 1356
2167 1357
2168 1355
2169 1354
2170 1355
2171 1356
2172 1353
2173 1352
2174 1354
2175 1355
2176 1357
2177 1356
2178 1356
2179 1355
2180 1355
2181 1356
2182 1356
2183 1356
2184 1354
2185 1356
2186 1356
2187 1355
2188 1357
2189 1355
2190 1353
2191 1357
2192 1357
2193 1355
2194 1357
2195 1357
2196 1356
2197 1353
2198 1356
2199 1356
2200 1357
2201 1356
2202 1356
2203 1357
2204 1355
2205 1354
2206 1354
2207 1356
2208 1355
2209 1354
2210 1355
2211 1356
2212 1354
2213 1355
2214 1354
2215 1357
2216 1354
2217 1355
2218 1354
2219 1357
2220 1355
2221 1354
2222 1355
2223 1357
2224 1355
2225 1354
2226 1358
2227 1356
2228 1355
2229 1356
2230 1356
2231 1355
2232 1354
2233 1355
2234 1353
2235 1355
2236 1354
2237 1356
2238 1356
2239 1356
2240 1359
2241 1357
2242 1356
2243 1355
2244 1358
2245 1358
2246 1355
2247 1354
2248 1355
2249 1355
2250 1358
2251 1357
2252 1353
2253 1354
2254 1356
2255 1358
2256 1356
2257 1353
2258 1356
2259 1357
2260 1356
2261 1351
2262 1355
2263 1356
2264 1353
2265 1352
2266 1356
2267 1355
2268 1357
2269 1353
2270 1355
2271 1355
2272 1356
2273 1356
2274 1356
2275 1354
2276 1355
2277 1355
2278 1356
2279 1355
2280 1355
2281 1356
2282 1356
2283 1354
2284 1353
2285 1356
2286 1357
2287 1356
2288 1356
2289 1357
2290 1354
2291 1357
2292 1353
2293 1355
2294 1355
2295 1353
2296 1356
2297 1353
2298 1354
2299 1357
2300 1356
2301 1355
2302 1353
2303 1352
2304 1354
2305 1356
2306 1354
2307 1356
2308 1356
2309 1354
2310 1356
2311 1355
2312 1358
2313 1358
2314 1357
2315 1355
2316 1354
2317 1356
2318 1353
2319 1356
2320 1355
2321 1354
2322 1353
2323 1356
2324 1354
2325 1356
2326 1354
2327 1351
2328 1353
2329 1353
2330 1355
2331 1355
2332 1356
2333 1354
2334 1355
2335 1356
2336 1354
2337 1354
2338 1353
2339 1356
2340 1356
2341 1354
2342 1354
2343 1354
2344 1356
2345 1356
2346 1356
2347 1355
2348 1355
2349 1355
2350 1354
2351 1356
2352 1355
2353 1354
2354 1354
2355 1357
2356 1357
2357 1357
2358 1355
2359 1355
2360 1357
2361 1357
2362 1355
2363 1355
2364 1354
2365 1356
2366 1355
2367 1355
2368 1355
2369 1356
2370 1359
2371 1357
2372 1357
2373 1354
2374 1356
2375 1355
2376 1355
2377 1357
2378 1354
2379 1354
2380 1355
2381 1357
2382 1356
2383 1354
2384 1354
2385 1356
2386 1353
2387 1354
2388 1355
2389 1356
2390 1357
2391 1353
2392 1355
2393 1354
2394 1354
2395 1355
2396 1356
2397 1351
2398 1355
2399 1356
2400 1355
2401 1356
2402 1353
2403 1356
2404 1356
2405 1353
2406 1354
2407 1356
2408 1357
2409 1354
2410 1356
2411 1353
2412 1354
2413 1352
2414 1355
2415 1356
2416 1357
2417 1355
2418 1356
2419 1352
2420 1353
2421 1355
2422 1354
2423 1357
2424 1356
2425 1353
2426 1355
2427 1356
2428 1356
2429 1357
2430 1355
2431 1354
2432 1355
2433 1357
2434 1355
2435 1357
2436 1356
2437 1355
2438 1354
2439 1357
2440 1356
2441 1355
2442 1355
2443 1353
2444 1352
2445 1356
2446 1354
2447 1355
2448 1353
2449 1353
2450 1352
2451 1356
2452 1355
2453 1357
2454 1353
2455 1355
2456 1355
2457 1353
2458 1353
2459 1356
2460 1355
2461 1357
2462 1355
2463 1355
2464 1356
2465 1355
2466 1355
2467 1354
2468 1354
2469 1354
2470 1357
2471 1354
2472 1355
2473 1352
2474 1354
2475 1358
2476 1354
2477 1357
2478 1356
2479 1354
2480 1355
2481 1356
2482 1355
2483 1355
2484 1356
2485 1354
2486 1357
2487 1356
2488 1355
2489 1356
2490 1357
2491 1356
2492 1357
2493 1354
2494 1357
2495 1356
2496 1355
2497 1358
2498 1356
2499 1355
2500 1356
2501 1356
2502 1357
2503 1357
2504 1355
2505 1355
2506 1351
2507 1355
2508 1357
2509 1353
2510 1354
2511 1354
2512 1355
2513 1356
2514 1355
2515 1356
2516 1355
2517 1354
2518 1354
2519 1354
2520 1354
2521 1352
2522 1355
2523 1354
2524 1354
2525 1352
2526 1355
2527 1355
2528 1355
2529 1355
2530 1354
2531 1354
2532 1354
2533 1353
2534 1355
2535 1356
2536 1355
2537 1357
2538 1355
2539 1355
2540 1355
2541 1356
2542 1354
2543 1354
2544 1355
2545 1356
2546 1354
2547 1355
2548 1354
2549 1353
2550 1354
2551 1356
2552 1356
2553 1354
2554 1355
2555 1351
2556 1355
2557 1354
2558 1354
2559 1356
2560 1356
2561 1355
2562 1355
2563 1358
2564 1355
2565 1357
2566 1354
2567 1357
2568 1354
2569 1354
2570 1353
2571 1355
2572 1355
2573 1353
2574 1353
2575 1358
2576 1357
2577 1354
2578 1354
2579 1354
2580 1354
2581 1354
2582 1355
2583 1356
2584 1352
2585 1353
2586 1353
2587 1356
2588 1356
2589 1354
2590 1358
2591 1357
2592 1357
2593 1356
2594 1354
2595 1354
2596 1354
2597 1355
2598 1351
2599 1355
2600 1354
2601 1355
2602 1356
2603 1352
2604 1356
2605 1359
2606 1358
2607 1353
2608 1354
2609 1353
2610 1353
2611 1356
2612 1353
2613 1355
2614 1357
2615 1356
2616 1356
2617 1355
2618 1355
2619 1355
2620 1354
2621 1353
2622 1355
2623 1355
2624 1355
2625 1357
2626 1355
2627 1354
2628 1354
2629 1355
2630 1356
2631 1356
2632 1354
2633 1353
2634 1357
2635 1355
2636 1355
2637 1351
2638 1352
2639 1354
2640 1355
2641 1354
2642 1354
2643 1356
2644 1355
2645 1357
2646 1356
2647 1355
2648 1355
2649 1354
2650 1354
2651 1357
2652 1356
2653 1354
2654 1355
2655 1357
2656 1356
2657 1357
2658 1355
2659 1357
2660 1354
2661 1355
2662 1354
2663 1353
2664 1357
2665 1358
2666 1356
2667 1355
2668 1358
2669 1356
2670 1355
2671 1354
2672 1354
2673 1357
2674 1356
2675 1356
2676 1354
2677 1355
2678 1353
2679 1353
2680 1356
2681 1357
2682 1355
2683 1357
2684 1354
2685 1353
2686 1357
2687 1357
2688 1357
2689 1356
2690 1356
2691 1354
2692 1354
2693 1354
2694 1355
2695 1354
2696 1357
2697 1353
2698 1356
2699 1355
2700 1355
2701 1354
2702 1354
2703 1353
2704 1353
2705 1355
2706 1355
2707 1352
2708 1353
2709 1355
2710 1354
2711 1354
2712 1354
2713 1352
2714 1354
2715 1355
2716 1355
2717 1356
2718 1356
2719 1356
2720 1356
2721 1354
2722 1356
2723 1353
2724 1355
2725 1358
2726 1356
2727 1357
2728 1355
2729 1353
2730 1354
2731 1356
2732 1357
2733 1353
2734 1357
2735 1353
2736 1356
2737 1355
2738 1355
2739 1355
2740 1356
2741 1354
2742 1354
2743 1356
2744 1354
2745 1354
2746 1355
2747 1353
2748 1354
2749 1354
2750 1356
2751 1352
2752 1356
2753 1357
2754 1357
2755 1353
2756 1354
2757 1355
2758 1353
2759 1353
2760 1357
2761 1356
2762 1358
2763 1355
2764 1356
2765 1357
2766 1356
2767 1356
2768 1357
2769 1355
2770 1357
2771 1355
2772 1357
2773 1354
2774 1356
2775 1355
2776 1357
2777 1354
2778 1358
2779 1356
2780 1357
2781 1354
2782 1354
2783 1357
2784 1355
2785 1354
2786 1354
2787 1356
2788 1354
2789 1355
2790 1354
2791 1353
2792 1351
2793 1349
2794 1353
2795 1357
2796 1354
2797 1355
2798 1355
2799 1355
2800 1355
2801 1356
2802 1356
2803 1356
2804 1357
2805 1353
2806 1355
2807 1358
2808 1356
2809 1356
2810 1356
2811 1356
2812 1354
2813 1353
2814 1353
2815 1353
2816 1355
2817 1355
2818 1356
2819 1355
2820 1356
2821 1353
2822 1352
2823 1352
2824 1354
2825 1356
2826 1357
2827 1355
2828 1354
2829 1353
2830 1354
2831 1353
2832 1353
2833 1354
2834 1354
2835 1353
2836 1352
2837 1357
2838 1356
2839 1355
2840 1356
2841 1356
2842 1355
2843 1355
2844 1354
2845 1353
2846 1354
2847 1354
2848 1352
2849 1356
2850 1355
2851 1357
2852 1357
2853 1355
2854 1355
2855 1357
2856 1356
2857 1355
2858 1357
2859 1356
2860 1356
2861 1359
2862 1357
2863 1355
2864 1354
2865 1354
2866 1356
2867 1355
2868 1357
2869 1356
2870 1356
2871 1354
2872 1357
2873 1354
2874 1354
2875 1354
2876 1353
2877 1353
2878 1356
2879 1355
2880 1355
2881 1356
2882 1354
2883 1352
2884 1356
2885 1354
2886 1354
2887 1357
2888 1352
2889 1351
2890 1353
2891 1354
2892 1356
2893 1357
2894 1356
2895 1355
2896 1355
2897 1356
2898 1356
2899 1357
2900 1355
2901 1354
2902 1357
2903 1357
2904 1354
2905 1355
2906 1354
2907 1357
2908 1357
2909 1355
2910 1355
2911 1356
2912 1353
2913 1351
2914 1355
2915 1354
2916 1352
2917 1356
2918 1356
2919 1355
2920 1355
2921 1355
2922 1352
2923 1351
2924 1354
2925 1356
2926 1356
2927 1356
2928 1354
2929 1351
2930 1354
2931 1354
2932 1355
2933 1355
2934 1356
2935 1355
2936 1355
2937 1357
2938 1355
2939 1356
2940 1356
2941 1355
2942 1356
2943 1356
2944 1356
2945 1358
2946 1355
2947 1355
2948 1359
2949 1357
2950 1353
2951 1356
2952 1356
2953 1355
2954 1355
2955 1357
2956 1357
2957 1357
2958 1355
2959 1356
2960 1355
2961 1357
2962 1355
2963 1357
2964 1355
2965 1352
2966 1356
2967 1357
2968 1354
2969 1356
2970 1355
2971 1354
2972 1355
2973 1357
2974 1354
2975 1354
2976 1355
2977 1355
2978 1354
2979 1355
2980 1353
2981 1354
2982 1354
2983 1354
2984 1356
2985 1358
2986 1356
2987 1355
2988 1355
2989 1354
2990 1355
2991 1356
2992 1355
2993 1355
2994 1353
2995 1356
2996 1354
2997 1355
2998 1353
2999 1355
3000 1358
3001 1358
3002 1353
3003 1353
3004 1355
3005 1357
3006 1356
3007 1356
3008 1355
3009 1353
3010 1354
3011 1353
3012 1353
3013 1355
3014 1354
3015 1357
3016 1355
3017 1355
3018 1356
3019 1356
3020 1358
3021 1356
3022 1355
3023 1355
3024 1355
3025 1353
3026 1355
3027 1354
3028 1356
3029 1354
3030 1355
3031 1356
3032 1356
3033 1357
3034 1355
3035 1357
3036 1354
3037 1354
3038 1356
3039 1357
3040 1356
3041 1354
3042 1356
3043 1355
3044 1355
3045 1355
3046 1356
3047 1355
3048 1358
3049 1355
3050 1355
3051 1358
3052 1356
3053 1356
3054 1357
3055 1355
3056 1358
3057 1356
3058 1355
3059 1356
3060 1357
3061 1354
3062 1357
3063 1354
3064 1355
3065 1357
3066 1355
3067 1353
3068 1354
3069 1352
3070 1354
3071 1355
3072 1356
3073 1355
3074 1356
3075 1357
3076 1356
3077 1355
3078 1355
3079 1354
3080 1356
3081 1356
3082 1355
3083 1357
3084 1358
3085 1358
3086 1355
3087 1355
3088 1354
3089 1355
3090 1353
3091 1356
3092 1354
3093 1357
3094 1353
3095 1356
3096 1356
3097 1357
3098 1356
3099 1355
3100 1357
3101 1358
3102 1358
3103 1355
3104 1355
3105 1357
3106 1357
3107 1357
3108 1358
3109 1356
3110 1356
3111 1357
3112 1355
3113 1354
3114 1356
3115 1359
3116 1359
3117 1356
3118 1356
3119 1354
3120 1355
3121 1354
3122 1356
3123 1355
3124 1355
3125 1354
3126 1354
3127 1358
3128 1355
3129 1358
3130 1355
3131 1355
3132 1352
3133 1356
3134 1357
3135 1356
3136 1355
3137 1357
3138 1358
3139 1358
3140 1355
3141 1356
3142 1353
3143 1356
3144 1358
3145 1361
3146 1356
3147 1356
3148 1354
3149 1356
3150 1354
3151 1355
3152 1355
3153 1356
3154 1356
3155 1356
3156 1356
3157 1357
3158 1356
3159 1355
3160 1355
3161 1354
3162 1356
3163 1355
3164 1355
3165 1357
3166 1356
3167 1357
3168 1356
3169 1359
3170 1356
3171 1355
3172 1357
3173 1356
3174 1358
3175 1359
3176 1355
3177 1357
3178 1354
3179 1355
3180 1353
3181 1356
3182 1356
3183 1355
3184 1353
3185 1355
3186 1352
3187 1356
3188 1355
3189 1353
3190 1355
3191 1355
3192 1355
3193 1358
3194 1358
3195 1356
3196 1354
3197 1354
3198 1356
3199 1356
3200 1355
3201 1353
3202 1353
3203 1356
3204 1357
3205 1360
3206 1358
3207 1355
3208 1355
3209 1356
3210 1354
3211 1357
3212 1354
3213 1353
3214 1354
3215 1354
3216 1357
3217 1357
3218 1356
3219 1357
3220 1354
3221 1356
3222 1355
3223 1358
3224 1356
3225 1358
3226 1356
3227 1355
3228 1358
3229 1358
3230 1359
3231 1359
3232 1356
3233 1354
3234 1355
3235 1359
3236 1356
3237 1352
3238 1355
3239 1356
3240 1354
3241 1355
3242 1355
3243 1355
3244 1356
3245 1354
3246 1354
3247 1353
3248 1356
3249 1357
3250 1359
3251 1357
3252 1353
3253 1358
3254 1357
3255 1358
3256 1357
3257 1359
3258 1354
3259 1357
3260 1353
3261 1357
3262 1356
3263 1354
3264 1355
3265 1355
3266 1352
3267 1355
3268 1354
3269 1354
3270 1356
3271 1355
3272 1355
3273 1356
3274 1356
3275 1356
3276 1355
3277 1353
3278 1354
3279 1355
3280 1357
3281 1357
3282 1354
3283 1356
3284 1358
3285 1358
3286 1355
3287 1357
3288 1356
3289 1360
3290 1356
3291 1356
3292 1357
3293 1357
3294 1356
3295 1357
3296 1354
3297 1356
3298 1358
3299 1357
3300 1355
3301 1357
3302 1355
3303 1356
3304 1354
3305 1355
3306 1357
3307 1356
3308 1357
3309 1353
3310 1358
3311 1356
3312 1357
3313 1354
3314 1356
3315 1353
3316 1357
3317 1358
3318 1355
3319 1355
3320 1356
3321 1355
3322 1360
3323 1357
3324 1356
3325 1353
3326 1356
3327 1357
3328 1357
3329 1353
3330 1356
3331 1353
3332 1355
3333 1354
3334 1358
3335 1358
3336 1356
3337 1353
3338 1356
3339 1355
3340 1356
3341 1357
3342 1356
3343 1354
3344 1352
3345 1357
3346 1356
3347 1356
3348 1355
3349 1356
3350 1355
3351 1356
3352 1356
3353 1357
3354 1357
3355 1355
3356 1356
3357 1357
3358 1356
3359 1358
3360 1356
3361 1357
3362 1357
3363 1355
3364 1353
3365 1356
3366 1357
3367 1355
3368 1355
3369 1355
3370 1356
3371 1354
3372 1355
3373 1355
3374 1357
3375 1356
3376 1354
3377 1354
3378 1356
3379 1356
3380 1354
3381 1354
3382 1354
3383 1356
3384 1356
3385 1358
3386 1355
3387 1358
3388 1355
3389 1357
3390 1354
3391 1356
3392 1352
3393 1352
3394 1354
3395 1357
3396 1356
3397 1357
3398 1354
3399 1356
3400 1356
3401 1355
3402 1355
3403 1355
3404 1356
3405 1357
3406 1356
3407 1353
3408 1356
3409 1354
3410 1357
3411 1356
3412 1355
3413 1355
3414 1352
3415 1354
3416 1357
3417 1357
3418 1355
3419 1356
3420 1354
3421 1355
3422 1357
3423 1355
3424 1352
3425 1355
3426 1355
3427 1353
3428 1355
3429 1355
3430 1354
3431 1355
3432 1356
3433 1355
3434 1354
3435 1354
3436 1355
3437 1355
3438 1359
3439 1358
3440 1358
3441 1357
3442 1358
3443 1360
3444 1358
3445 1357
3446 1356
3447 1354
3448 1355
3449 1356
3450 1355
3451 1356
3452 1356
3453 1355
3454 1357
3455 1356
3456 1358
3457 1357
3458 1354
3459 1354
3460 1355
3461 1353
3462 1353
3463 1355
3464 1354
3465 1355
3466 1356
3467 1356
3468 1355
3469 1355
3470 1356
3471 1358
3472 1357
3473 1357
3474 1356
3475 1356
3476 1355
3477 1356
3478 1353
3479 1354
3480 1354
3481 1352
3482 1352
3483 1353
3484 1355
3485 1355
3486 1356
3487 1354
3488 1353
3489 1355
3490 1354
3491 1355
3492 1354
3493 1350
3494 1355
3495 1357
3496 1356
3497 1356
3498 1356
3499 1353
3500 1355
3501 1356
3502 1357
3503 1356
3504 1354
3505 1353
3506 1352
3507 1357
3508 1356
3509 1357
3510 1355
3511 1354
3512 1352
3513 1355
3514 1354
3515 1355
3516 1354
3517 1354
3518 1353
3519 1354
3520 1353
3521 1357
3522 1356
3523 1354
3524 1353
3525 1358
3526 1357
3527 1355
3528 1358
3529 1357
3530 1356
3531 1357
3532 1354
3533 1355
3534 1355
3535 1353
3536 1356
3537 1357
3538 1353
3539 1354
3540 1355
3541 1356
3542 1354
3543 1355
3544 1353
3545 1357
3546 1356
3547 1354
3548 1353
3549 1355
3550 1357
3551 1354
3552 1352
3553 1355
3554 1353
3555 1357
3556 1356
3557 1356
3558 1355
3559 1354
3560 1352
3561 1357
3562 1354
3563 1356
3564 1353
3565 1357
3566 1356
3567 1356
3568 1355
3569 1356
3570 1353
3571 1357
3572 1355
3573 1358
3574 1356
3575 1355
3576 1353
3577 1358
3578 1355
3579 1355
3580 1355
3581 1352
3582 1353
3583 1356
3584 1356
3585 1356
3586 1357
3587 1356
3588 1355
3589 1356
3590 1355
3591 1357
3592 1354
3593 1358
3594 1356
3595 1355
3596 1354
3597 1356
3598 1354
3599 1357
3600 1353
3601 1355
3602 1354
3603 1355
3604 1355
3605 1354
3606 1356
3607 1352
3608 1354
3609 1354
3610 1355
3611 1357
3612 1356
3613 1354
3614 1355
3615 1357
3616 1355
3617 1355
3618 1354
3619 1356
3620 1355
3621 1357
3622 1356
3623 1356
3624 1356
3625 1354
3626 1353
3627 1355
3628 1357
3629 1357
3630 1357
3631 1357
3632 1356
3633 1357
3634 1354
3635 1353
3636 1354
3637 1356
3638 1355
3639 1353
3640 1355
3641 1354
3642 1354
3643 1356
3644 1353
3645 1352
3646 1354
3647 1356
3648 1356
3649 1355
3650 1354
3651 1357
3652 1354
3653 1356
3654 1355
3655 1358
3656 1355
3657 1356
3658 1357
3659 1357
3660 1352
3661 1358
3662 1356
3663 1356
3664 1356
3665 1355
3666 1356
3667 1355
3668 1357
3669 1357
3670 1356
3671 1356
3672 1359
3673 1355
3674 1353
3675 1356
3676 1353
3677 1355
3678 1356
3679 1355
3680 1356
3681 1357
3682 1357
3683 1357
3684 1354
3685 1357
3686 1356
3687 1355
3688 1357
3689 1355
3690 1355
3691 1356
3692 1356
3693 1358
3694 1356
3695 1356
3696 1355
3697 1353
3698 1354
3699 1356
3700 1355
3701 1353
3702 1355
3703 1356
3704 1356
3705 1357
3706 1356
3707 1356
3708 1356
3709 1357
3710 1352
3711 1355
3712 1356
3713 1355
3714 1353
3715 1357
3716 1358
3717 1356
3718 1355
3719 1356
3720 1355
3721 1355
3722 1355
3723 1353
3724 1354
3725 1353
3726 1358
3727 1357
3728 1355
3729 1356
3730 1356
3731 1356
3732 1356
3733 1355
3734 1355
3735 1355
3736 1354
3737 1354
3738 1353
3739 1353
3740 1353
3741 1355
3742 1354
3743 1353
3744 1356
3745 1357
3746 1355
3747 1354
3748 1357
3749 1354
3750 1356
3751 1356
3752 1354
3753 1355
3754 1356
3755 1354
3756 1355
3757 1355
3758 1356
3759 1356
3760 1358
3761 1355
3762 1357
3763 1355
3764 1354
3765 1356
3766 1356
3767 1353
3768 1352
3769 1355
3770 1356
3771 1355
3772 1354
3773 1354
3774 1352
3775 1356
3776 1354
3777 1356
3778 1357
3779 1355
3780 1356
3781 1357
3782 1356
3783 1355
3784 1356
3785 1356
3786 1354
3787 1353
3788 1353
3789 1354
3790 1356
3791 1354
3792 1356
3793 1355
3794 1356
3795 1355
3796 1356
3797 1354
3798 1355
3799 1353
3800 1356
3801 1353
3802 1355
3803 1354
3804 1356
3805 1357
3806 1358
3807 1355
3808 1355
3809 1355
3810 1357
3811 1356
3812 1355
3813 1355
3814 1354
3815 1354
3816 1357
3817 1355
3818 1356
3819 1354
3820 1357
3821 1358
3822 1355
3823 1355
3824 1354
3825 1355
3826 1358
3827 1355
3828 1356
3829 1355
3830 1356
3831 1355
3832 1356
3833 1353
3834 1357
3835 1353
3836 1357
3837 1357
3838 1357
3839 1357
3840 1356
3841 1355
3842 1357
3843 1358
3844 1355
3845 1353
3846 1355
3847 1354
3848 1356
3849 1358
3850 1358
3851 1356
3852 1355
3853 1352
3854 1356
3855 1358
3856 1355
3857 1354
3858 1355
3859 1355
3860 1357
3861 1355
3862 1357
3863 1353
3864 1353
3865 1356
3866 1356
3867 1356
3868 1358
3869 1357
3870 1356
3871 1353
3872 1356
3873 1351
3874 1356
3875 1358
3876 1357
3877 1358
3878 1356
3879 1356
3880 1357
3881 1358
3882 1357
3883 1356
3884 1356
3885 1357
3886 1358
3887 1355
3888 1355
3889 1355
3890 1356
3891 1355
3892 1354
3893 1356
3894 1353
3895 1353
3896 1353
3897 1355
3898 1354
3899 1355
3900 1355
3901 1355
3902 1354
3903 1353
3904 1357
3905 1361
3906 1356
3907 1354
3908 1356
3909 1355
3910 1358
3911 1355
3912 1356
3913 1356
3914 1355
3915 1357
3916 1353
3917 1353
3918 1356
3919 1358
3920 1358
3921 1358
3922 1355
3923 1355
3924 1358
3925 1357
3926 1355
3927 1355
3928 1357
3929 1356
3930 1355
3931 1354
3932 1354
3933 1354
3934 1354
3935 1357
3936 1357
3937 1359
3938 1356
3939 1355
3940 1356
3941 1357
3942 1355
3943 1354
3944 1356
3945 1357
3946 1357
3947 1353
3948 1356
3949 1355
3950 1355
3951 1354
3952 1356
3953 1354
3954 1356
3955 1354
3956 1355
3957 1357
3958 1353
3959 1357
3960 1359
3961 1356
3962 1355
3963 1355
3964 1358
3965 1357
3966 1356
3967 1354
3968 1355
3969 1355
3970 1357
3971 1356
3972 1356
3973 1357
3974 1354
3975 1351
3976 1351
3977 1354
3978 1354
3979 1355
3980 1357
3981 1358
3982 1357
3983 1354
3984 1354
3985 1354
3986 1354
3987 1354
3988 1355
3989 1355
3990 1354
3991 1356
3992 1358
3993 1358
3994 1358
3995 1359
3996 1358
3997 1351
3998 1356
3999 1357
