0 1357
1 1356
2 1356
3 1357
4 1356
5 1357
6 1357
7 1356
8 1356
9 1356
10 1356
11 1356
12 1354
13 1356
14 1358
15 1357
16 1356
17 1356
18 1357
19 1357
20 1358
21 1359
22 1355
23 1358
24 1356
25 1358
26 1358
27 1358
28 1356
29 1356
30 1355
31 1356
32 1355
33 1358
34 1358
35 1356
36 1355
37 1357
38 1356
39 1356
40 1357
41 1357
42 1358
43 1356
44 1356
45 1357
46 1355
47 1358
48 1358
49 1357
50 1357
51 1359
52 1357
53 1358
54 1355
55 1359
56 1356
57 1360
58 1356
59 1356
60 1354
61 1359
62 1356
63 1359
64 1355
65 1356
66 1356
67 1355
68 1354
69 1358
70 1354
71 1357
72 1354
73 1358
74 1354
75 1358
76 1355
77 1357
78 1353
79 1357
80 1356
81 1358
82 1355
83 1354
84 1357
85 1360
86 1355
87 1358
88 1356
89 1357
90 1356
91 1357
92 1355
93 1356
94 1356
95 1357
96 1354
97 1356
98 1355
99 1357
100 1355
101 1357
102 1356
103 1358
104 1357
105 1357
106 1357
107 1359
108 1355
109 1356
110 1358
111 1357
112 1356
113 1357
114 1360
115 1360
116 1358
117 1355
118 1357
119 1356
120 1359
121 1355
122 1355
123 1354
124 1356
125 1358
126 1358
127 1356
128 1354
129 1357
130 1358
131 1359
132 1359
133 1357
134 1356
135 1356
136 1357
137 1358
138 1356
139 1358
140 1356
141 1357
142 1354
143 1357
144 1358
145 1357
146 1356
147 1356
148 1357
149 1356
150 1354
151 1357
152 1356
153 1357
154 1354
155 1355
156 1356
157 1361
158 1357
159 1357
160 1353
161 1359
162 1356
163 1356
164 1356
165 1355
166 1355
167 1359
168 1355
169 1357
170 1359
171 1358
172 1357
173 1354
174 1356
175 1357
176 1359
177 1355
178 1356
179 1357
180 1357
181 1359
182 1356
183 1355
184 1355
185 1357
186 1356
187 1358
188 1356
189 1357
190 1356
191 1357
192 1358
193 1359
194 1359
195 1358
196 1356
197 1359
198 1353
199 1357
200 1354
201 1359
202 1358
203 1358
204 1357
205 1361
206 1357
207 1359
208 1355
209 1356
210 1355
211 1360
212 1355
213 1357
214 1354
215 1357
216 1357
217 1359
218 1354
219 1357
220 1355
221 1359
222 1357
223 1357
224 1355
225 1355
226 1356
227 1358
228 1358
229 1357
230 1356
231 1359
232 1356
233 1358
234 1354
235 1356
236 1355
237 1357
238 1356
239 1356
240 1356
241 1357
242 1354
243 1358
244 1356
245 1357
246 1356
247 1355
248 1354
249 1357
250 1355
251 1358
252 1354
253 1357
254 1357
255 1358
256 1358
257 1359
258 1358
259 1358
260 1355
261 1358
262 1355
263 1358
264 1355
265 1358
266 1357
267 1357
268 1354
269 1357
270 1360
271 1359
272 1356
273 1352
274 1354
275 1361
276 1357
277 1356
278 1355
279 1358
280 1356
281 1357
282 1354
283 1351
284 1355
285 1357
286 1355
287 1358
288 1357
289 1357
290 1356
291 1358
292 1357
293 1359
294 1355
295 1357
296 1354
297 1357
298 1354
299 1358
300 1355
301 1357
302 1354
303 1355
304 1356
305 1361
306 1356
307 1354
308 1357
309 1358
310 1357
311 1357
312 1357
313 1357
314 1356
315 1355
316 1355
317 1355
318 1356
319 1357
320 1357
321 1358
322 1358
323 1357
324 1358
325 1357
326 1359
327 1357
328 1354
329 1359
330 1356
331 1358
332 1356
333 1354
334 1356
335 1357
336 1355
337 1357
338 1356
339 1358
340 1356
341 1355
342 1357
343 1355
344 1354
345 1358
346 1355
347 1357
348 1355
349 1356
350 1357
351 1356
352 1356
353 1357
354 1355
355 1356
356 1359
357 1358
358 1356
359 1357
360 1357
361 1358
362 1353
363 1356
364 1357
365 1356
366 1357
367 1357
368 1358
369 1358
370 1356
371 1358
372 1356
373 1359
374 1356
375 1359
376 1356
377 1359
378 1356
379 1357
380 1354
381 1357
382 1356
383 1358
384 1355
385 1358
386 1358
387 1358
388 1358
389 1359
390 1358
391 1357
392 1356
393 1356
394 1357
395 1357
396 1355
397 1355
398 1356
399 1358
400 1356
401 1357
402 1355
403 1358
404 1356
405 1356
406 1355
407 1357
408 1355
409 1356
410 1355
411 1356
412 1355
413 1357
414 1355
415 1356
416 1354
417 1359
418 1356
419 1357
420 1356
421 1358
422 1358
423 1361
424 1354
425 1357
426 1355
427 1358
428 1355
429 1358
430 1354
431 1359
432 1356
433 1359
434 1354
435 1357
436 1356
437 1357
438 1356
439 1357
440 1356
441 1355
442 1352
443 1358
444 1356
445 1358
446 1357
447 1359
448 1355
449 1360
450 1357
451 1358
452 1355
453 1356
454 1356
455 1358
456 1356
457 1359
458 1357
459 1358
460 1357
461 1357
462 1355
463 1352
464 1355
465 1360
466 1356
467 1355
468 1355
469 1358
470 1357
471 1359
472 1354
473 1359
474 1356
475 1360
476 1355
477 1359
478 1356
479 1357
480 1355
481 1356
482 1356
483 1359
484 1357
485 1357
486 1354
487 1357
488 1357
489 1355
490 1357
491 1356
492 1354
493 1359
494 1357
495 1358
496 1356
497 1356
498 1353
499 1355
500 1354
501 1357
502 1355
503 1357
504 1353
505 1356
506 1355
507 1358
508 1357
509 1356
510 1356
511 1356
512 1357
513 1355
514 1356
515 1356
516 1354
517 1356
518 1355
519 1355
520 1355
521 1357
522 1354
523 1356
524 1356
525 1358
526 1357
527 1357
528 1356
529 1355
530 1355
531 1360
532 1358
533 1360
534 1357
535 1361
536 1362
537 1366
538 1372
539 1382
540 1395
541 1414
542 1441
543 1469
544 1503
545 1544
546 1585
547 1626
548 1665
549 1703
550 1739
551 1770
552 1793
553 1815
554 1835
555 1852
556 1862
557 1868
558 1872
559 1872
560 1870
561 1863
562 1854
563 1845
564 1830
565 1816
566 1801
567 1787
568 1767
569 1754
570 1738
571 1718
572 1703
573 1684
574 1669
575 1651
576 1636
577 1621
578 1608
579 1595
580 1585
581 1568
582 1557
583 1546
584 1535
585 1524
586 1510
587 1501
588 1491
589 1482
590 1474
591 1468
592 1462
593 1456
594 1449
595 1442
596 1437
597 1430
598 1426
599 1423
600 1416
601 1412
602 1406
603 1405
604 1400
605 1398
606 1393
607 1391
608 1387
609 1387
610 1384
611 1382
612 1380
613 1378
614 1377
615 1379
616 1372
617 1373
618 1371
619 1371
620 1369
621 1370
622 1369
623 1367
624 1367
625 1369
626 1368
627 1366
628 1367
629 1365
630 1363
631 1365
632 1365
633 1364
634 1363
635 1361
636 1361
637 1359
638 1360
639 1361
640 1363
641 1363
642 1359
643 1359
644 1358
645 1360
646 1362
647 1360
648 1356
649 1356
650 1357
651 1360
652 1358
653 1356
654 1358
655 1357
656 1359
657 1359
658 1354
659 1357
660 1359
661 1357
662 1357
663 1357
664 1359
665 1356
666 1357
667 1355
668 1359
669 1356
670 1358
671 1357
672 1362
673 1357
674 1357
675 1358
676 1354
677 1360
678 1360
679 1358
680 1357
681 1359
682 1360
683 1356
684 1355
685 1355
686 1358
687 1359
688 1359
689 1358
690 1357
691 1358
692 1356
693 1357
694 1356
695 1359
696 1359
697 1358
698 1359
699 1359
700 1358
701 1357
702 1358
703 1355
704 1355
705 1358
706 1357
707 1357
708 1358
709 1356
710 1358
711 1358
712 1355
713 1356
714 1359
715 1359
716 1354
717 1358
718 1358
719 1355
720 1356
721 1356
722 1356
723 1357
724 1356
725 1357
726 1357
727 1357
728 1359
729 1357
730 1358
731 1359
732 1359
733 1357
734 1357
735 1357
736 1359
737 1358
738 1356
739 1353
740 1358
741 1356
742 1357
743 1355
744 1361
745 1360
746 1359
747 1355
748 1357
749 1358
750 1356
751 1359
752 1359
753 1359
754 1359
755 1358
756 1358
757 1357
758 1358
759 1357
760 1356
761 1358
762 1357
763 1356
764 1358
765 1358
766 1356
767 1356
768 1358
769 1359
770 1358
771 1358
772 1357
773 1356
774 1360
775 1361
776 1359
777 1358
778 1355
779 1361
780 1355
781 1356
782 1356
783 1359
784 1358
785 1357
786 1356
787 1358
788 1359
789 1357
790 1356
791 1357
792 1357
793 1357
794 1357
795 1357
796 1358
797 1358
798 1356
799 1357
800 1356
801 1356
802 1356
803 1358
804 1358
805 1358
806 1358
807 1359
808 1356
809 1357
810 1355
811 1355
812 1357
813 1356
814 1359
815 1358
816 1359
817 1358
818 1357
819 1359
820 1357
821 1358
822 1357
823 1359
824 1355
825 1358
826 1358
827 1358
828 1356
829 1356
830 1356
831 1355
832 1356
833 1358
834 1356
835 1357
836 1359
837 1360
838 1358
839 1357
840 1359
841 1358
842 1357
843 1358
844 1359
845 1358
846 1357
847 1356
848 1357
849 1358
850 1357
851 1357
852 1357
853 1358
854 1358
855 1359
856 1356
857 1359
858 1357
859 1357
860 1357
861 1355
862 1356
863 1359
864 1356
865 1359
866 1357
867 1357
868 1356
869 1357
870 1358
871 1362
872 1357
873 1357
874 1358
875 1358
876 1359
877 1358
878 1359
879 1361
880 1354
881 1359
882 1357
883 1358
884 1357
885 1357
886 1356
887 1358
888 1358
889 1357
890 1356
891 1357
892 1354
893 1356
894 1355
895 1356
896 1355
897 1356
898 1355
899 1359
900 1357
901 1357
902 1354
903 1354
904 1356
905 1361
906 1359
907 1357
908 1359
909 1355
910 1356
911 1357
912 1356
913 1355
914 1355
915 1357
916 1358
917 1358
918 1356
919 1356
920 1355
921 1357
922 1355
923 1357
924 1356
925 1357
926 1357
927 1355
928 1356
929 1357
930 1356
931 1357
932 1356
933 1355
934 1358
935 1359
936 1357
937 1357
938 1357
939 1358
940 1356
941 1359
942 1357
943 1360
944 1355
945 1356
946 1357
947 1355
948 1356
949 1357
950 1357
951 1356
952 1356
953 1357
954 1359
955 1358
956 1356
957 1356
958 1356
959 1357
960 1357
961 1357
962 1358
963 1357
964 1359
965 1359
966 1356
967 1359
968 1357
969 1356
970 1357
971 1356
972 1357
973 1360
974 1356
975 1355
976 1355
977 1359
978 1357
979 1354
980 1354
981 1358
982 1359
983 1355
984 1355
985 1354
986 1359
987 1358
988 1355
989 1353
990 1354
991 1357
992 1357
993 1357
994 1360
995 1358
996 1357
997 1356
998 1356
999 1358
1000 1357
1001 1356
1002 1356
1003 1357
1004 1355
1005 1357
1006 1356
1007 1356
1008 1357
1009 1357
1010 1357
1011 1355
1012 1357
1013 1358
1014 1354
1015 1357
1016 1357
1017 1357
1018 1355
1019 1358
1020 1354
1021 1355
1022 1359
1023 1355
1024 1356
1025 1357
1026 1359
1027 1356
1028 1356
1029 1357
1030 1354
1031 1359
1032 1356
1033 1354
1034 1357
1035 1360
1036 1358
1037 1357
1038 1358
1039 1357
1040 1356
1041 1356
1042 1356
1043 1356
1044 1358
1045 1357
1046 1359
1047 1359
1048 1358
1049 1358
1050 1356
1051 1357
1052 1355
1053 1358
1054 1354
1055 1357
1056 1357
1057 1356
1058 1358
1059 1359
1060 1356
1061 1357
1062 1357
1063 1358
1064 1358
1065 1357
1066 1356
1067 1357
1068 1355
1069 1356
1070 1353
1071 1357
1072 1355
1073 1358
1074 1354
1075 1354
1076 1355
1077 1358
1078 1358
1079 1357
1080 1356
1081 1357
1082 1358
1083 1357
1084 1356
1085 1358
1086 1359
1087 1356
1088 1358
1089 1356
1090 1356
1091 1356
1092 1357
1093 1356
1094 1356
1095 1358
1096 1358
1097 1355
1098 1355
1099 1353
1100 1357
1101 1356
1102 1358
1103 1357
1104 1353
1105 1356
1106 1357
1107 1356
1108 1356
1109 1353
1110 1355
1111 1355
1112 1353
1113 1357
1114 1355
1115 1355
1116 1356
1117 1357
1118 1357
1119 1358
1120 1356
1121 1359
1122 1359
1123 1356
1124 1357
1125 1359
1126 1356
1127 1358
1128 1358
1129 1355
1130 1355
1131 1354
1132 1354
1133 1357
1134 1356
1135 1358
1136 1358
1137 1358
1138 1357
1139 1358
1140 1357
1141 1355
1142 1358
1143 1358
1144 1358
1145 1358
1146 1356
1147 1359
1148 1357
1149 1357
1150 1357
1151 1358
1152 1355
1153 1357
1154 1356
1155 1360
1156 1356
1157 1357
1158 1357
1159 1355
1160 1357
1161 1357
1162 1356
1163 1354
1164 1356
1165 1355
1166 1356
1167 1358
1168 1357
1169 1357
1170 1355
1171 1358
1172 1355
1173 1358
1174 1353
1175 1357
1176 1355
1177 1358
1178 1357
1179 1356
1180 1355
1181 1357
1182 1356
1183 1357
1184 1355
1185 1360
1186 1356
1187 1360
1188 1355
1189 1359
1190 1357
1191 1360
1192 1358
1193 1353
1194 1357
1195 1361
1196 1356
1197 1356
1198 1353
1199 1357
1200 1356
1201 1355
1202 1354
1203 1357
1204 1355
1205 1358
1206 1357
1207 1359
1208 1356
1209 1357
1210 1359
1211 1359
1212 1356
1213 1357
1214 1354
1215 1357
1216 1357
1217 1358
1218 1356
1219 1356
1220 1357
1221 1357
1222 1354
1223 1358
1224 1354
1225 1359
1226 1358
1227 1359
1228 1356
1229 1355
1230 1355
1231 1358
1232 1355
1233 1355
1234 1356
1235 1356
1236 1356
1237 1355
1238 1357
1239 1356
1240 1357
1241 1358
1242 1358
1243 1356
1244 1356
1245 1357
1246 1356
1247 1354
1248 1355
1249 1355
1250 1356
1251 1359
1252 1356
1253 1356
1254 1358
1255 1357
1256 1356
1257 1357
1258 1356
1259 1357
1260 1356
1261 1356
1262 1357
1263 1357
1264 1357
1265 1357
1266 1355
1267 1356
1268 1355
1269 1358
1270 1356
1271 1358
1272 1359
1273 1357
1274 1356
1275 1357
1276 1359
1277 1358
1278 1357
1279 1355
1280 1356
1281 1355
1282 1354
1283 1353
1284 1356
1285 1356
1286 1354
1287 1358
1288 1356
1289 1357
1290 1355
1291 1356
1292 1355
1293 1359
1294 1357
1295 1358
1296 1358
1297 1360
1298 1357
1299 1359
1300 1354
1301 1360
1302 1356
1303 1358
1304 1356
1305 1356
1306 1356
1307 1358
1308 1359
1309 1358
1310 1357
1311 1357
1312 1356
1313 1355
1314 1358
1315 1359
1316 1358
1317 1355
1318 1356
1319 1357
1320 1357
1321 1356
1322 1358
1323 1356
1324 1358
1325 1357
1326 1359
1327 1358
1328 1359
1329 1358
1330 1356
1331 1360
1332 1361
1333 1358
1334 1357
1335 1356
1336 1359
1337 1357
1338 1356
1339 1356
1340 1357
1341 1355
1342 1356
1343 1357
1344 1356
1345 1360
1346 1357
1347 1356
1348 1356
1349 1357
1350 1356
1351 1359
1352 1356
1353 1358
1354 1356
1355 1357
1356 1356
1357 1358
1358 1355
1359 1358
1360 1356
1361 1358
1362 1357
1363 1359
1364 1356
1365 1357
1366 1355
1367 1357
1368 1357
1369 1359
1370 1359
1371 1358
1372 1360
1373 1358
1374 1356
1375 1357
1376 1357
1377 1358
1378 1358
1379 1356
1380 1355
1381 1357
1382 1359
1383 1357
1384 1357
1385 1357
1386 1359
1387 1356
1388 1356
1389 1357
1390 1357
1391 1360
1392 1356
1393 1357
1394 1356
1395 1357
1396 1358
1397 1358
1398 1359
1399 1359
1400 1356
1401 1359
1402 1358
1403 1356
1404 1357
1405 1356
1406 1356
1407 1357
1408 1357
1409 1357
1410 1354
1411 1357
1412 1356
1413 1354
1414 1356
1415 1360
1416 1357
1417 1355
1418 1357
1419 1359
1420 1357
1421 1357
1422 1356
1423 1357
1424 1357
1425 1357
1426 1360
1427 1356
1428 1357
1429 1357
1430 1356
1431 1358
1432 1356
1433 1357
1434 1360
1435 1357
1436 1356
1437 1355
1438 1356
1439 1356
1440 1360
1441 1358
1442 1358
1443 1355
1444 1356
1445 1361
1446 1360
1447 1357
1448 1356
1449 1358
1450 1357
1451 1357
1452 1356
1453 1355
1454 1356
1455 1356
1456 1356
1457 1356
1458 1357
1459 1358
1460 1356
1461 1355
1462 1357
1463 1357
1464 1354
1465 1357
1466 1355
1467 1357
1468 1356
1469 1356
1470 1359
1471 1356
1472 1356
1473 1354
1474 1357
1475 1360
1476 1357
1477 1354
1478 1355
1479 1357
1480 1357
1481 1357
1482 1360
1483 1358
1484 1357
1485 1358
1486 1357
1487 1353
1488 1357
1489 1358
1490 1360
1491 1355
1492 1356
1493 1358
1494 1358
1495 1360
1496 1356
1497 1357
1498 1356
1499 1356
1500 1356
1501 1353
1502 1355
1503 1353
1504 1358
1505 1357
1506 1360
1507 1354
1508 1354
1509 1355
1510 1358
1511 1357
1512 1356
1513 1355
1514 1358
1515 1357
1516 1360
1517 1355
1518 1356
1519 1357
1520 1356
1521 1358
1522 1359
1523 1358
1524 1359
1525 1358
1526 1357
1527 1358
1528 1357
1529 1356
1530 1358
1531 1356
1532 1356
1533 1357
1534 1356
1535 1358
1536 1356
1537 1357
1538 1356
1539 1357
1540 1357
1541 1357
1542 1355
1543 1357
1544 1355
1545 1356
1546 1358
1547 1359
1548 1356
1549 1359
1550 1356
1551 1360
1552 1360
1553 1359
1554 1356
1555 1357
1556 1357
1557 1356
1558 1359
1559 1356
1560 1357
1561 1357
1562 1357
1563 1356
1564 1358
1565 1357
1566 1356
1567 1357
1568 1359
1569 1357
1570 1357
1571 1357
1572 1358
1573 1358
1574 1360
1575 1360
1576 1355
1577 1356
1578 1356
1579 1357
1580 1355
1581 1358
1582 1357
1583 1358
1584 1358
1585 1359
1586 1360
1587 1357
1588 1357
1589 1357
1590 1356
1591 1359
1592 1356
1593 1355
1594 1357
1595 1357
1596 1356
1597 1357
1598 1358
1599 1357
1600 1357
1601 1357
1602 1359
1603 1358
1604 1357
1605 1361
1606 1359
1607 1358
1608 1357
1609 1359
1610 1358
1611 1358
1612 1360
1613 1357
1614 1358
1615 1357
1616 1361
1617 1356
1618 1354
1619 1358
1620 1358
1621 1358
1622 1358
1623 1357
1624 1356
1625 1356
1626 1357
1627 1357
1628 1359
1629 1359
1630 1357
1631 1356
1632 1358
1633 1356
1634 1359
1635 1360
1636 1357
1637 1358
1638 1357
1639 1358
1640 1357
1641 1358
1642 1356
1643 1355
1644 1356
1645 1356
1646 1359
1647 1358
1648 1359
1649 1360
1650 1357
1651 1356
1652 1357
1653 1355
1654 1357
1655 1355
1656 1359
1657 1357
1658 1358
1659 1357
1660 1357
1661 1356
1662 1358
1663 1354
1664 1358
1665 1359
1666 1358
1667 1357
1668 1358
1669 1357
1670 1357
1671 1357
1672 1357
1673 1357
1674 1359
1675 1359
1676 1360
1677 1355
1678 1359
1679 1358
1680 1358
1681 1359
1682 1356
1683 1359
1684 1361
1685 1359
1686 1360
1687 1357
1688 1358
1689 1356
1690 1359
1691 1360
1692 1358
1693 1356
1694 1358
1695 1361
1696 1359
1697 1356
1698 1357
1699 1357
1700 1358
1701 1357
1702 1356
1703 1355
1704 1356
1705 1355
1706 1356
1707 1357
1708 1358
1709 1358
1710 1357
1711 1358
1712 1358
1713 1358
1714 1361
1715 1360
1716 1358
1717 1357
1718 1357
1719 1357
1720 1359
1721 1356
1722 1358
1723 1355
1724 1356
1725 1358
1726 1357
1727 1356
1728 1358
1729 1359
1730 1358
1731 1358
1732 1357
1733 1358
1734 1358
1735 1358
1736 1358
1737 1358
1738 1356
1739 1356
1740 1360
1741 1356
1742 1356
1743 1357
1744 1358
1745 1355
1746 1357
1747 1357
1748 1358
1749 1357
1750 1355
1751 1360
1752 1357
1753 1357
1754 1356
1755 1358
1756 1356
1757 1356
1758 1358
1759 1353
1760 1355
1761 1358
1762 1356
1763 1358
1764 1357
1765 1358
1766 1356
1767 1357
1768 1360
1769 1358
1770 1358
1771 1356
1772 1356
1773 1357
1774 1356
1775 1358
1776 1358
1777 1357
1778 1356
1779 1357
1780 1360
1781 1356
1782 1355
1783 1356
1784 1357
1785 1357
1786 1358
1787 1357
1788 1356
1789 1357
1790 1357
1791 1356
1792 1356
1793 1355
1794 1358
1795 1357
1796 1357
1797 1356
1798 1356
1799 1356
1800 1357
1801 1356
1802 1357
1803 1357
1804 1356
1805 1357
1806 1357
1807 1354
1808 1359
1809 1358
1810 1358
1811 1359
1812 1359
1813 1354
1814 1357
1815 1359
1816 1358
1817 1357
1818 1356
1819 1355
1820 1357
1821 1356
1822 1354
1823 1356
1824 1356
1825 1359
1826 1359
1827 1357
1828 1358
1829 1357
1830 1359
1831 1354
1832 1355
1833 1354
1834 1356
1835 1358
1836 1360
1837 1353
1838 1355
1839 1354
1840 1351
1841 1355
1842 1355
1843 1358
1844 1355
1845 1359
1846 1357
1847 1358
1848 1358
1849 1355
1850 1357
1851 1357
1852 1356
1853 1355
1854 1360
1855 1361
1856 1357
1857 1356
1858 1356
1859 1356
1860 1357
1861 1355
1862 1356
1863 1357
1864 1356
1865 1359
1866 1356
1867 1357
1868 1359
1869 1357
1870 1359
1871 1357
1872 1357
1873 1357
1874 1359
1875 1357
1876 1357
1877 1357
1878 1357
1879 1358
1880 1358
1881 1359
1882 1357
1883 1358
1884 1360
1885 1359
1886 1361
1887 1358
1888 1359
1889 1357
1890 1357
1891 1359
1892 1355
1893 1357
1894 1355
1895 1357
1896 1358
1897 1357
1898 1356
1899 1355
1900 1359
1901 1356
1902 1357
1903 1358
1904 1357
1905 1357
1906 1359
1907 1359
1908 1356
1909 1356
1910 1356
1911 1360
1912 1356
1913 1359
1914 1356
1915 1358
1916 1358
1917 1355
1918 1356
1919 1357
1920 1359
1921 1358
1922 1358
1923 1357
1924 1357
1925 1358
1926 1357
1927 1358
1928 1357
1929 1359
1930 1358
1931 1357
1932 1356
1933 1355
1934 1356
1935 1357
1936 1357
1937 1357
1938 1356
1939 1355
1940 1357
1941 1355
1942 1356
1943 1358
1944 1358
1945 1357
1946 1357
1947 1359
1948 1357
1949 1360
1950 1359
1951 1357
1952 1358
1953 1356
1954 1357
1955 1355
1956 1358
1957 1358
1958 1356
1959 1360
1960 1356
1961 1357
1962 1358
1963 1355
1964 1357
1965 1355
1966 1356
1967 1358
1968 1357
1969 1357
1970 1357
1971 1357
1972 1357
1973 1356
1974 1357
1975 1358
1976 1358
1977 1357
1978 1360
1979 1355
1980 1357
1981 1357
1982 1356
1983 1353
1984 1356
1985 1360
1986 1356
1987 1358
1988 1356
1989 1358
1990 1357
1991 1357
1992 1356
1993 1357
1994 1357
1995 1357
1996 1356
1997 1357
1998 1355
1999 1357
2000 1356
2001 1358
2002 1358
2003 1357
2004 1356
2005 1357
2006 1357
2007 1357
2008 1358
2009 1355
2010 1360
2011 1357
2012 1358
2013 1357
2014 1356
2015 1357
2016 1355
2017 1355
2018 1357
2019 1358
2020 1356
2021 1357
2022 1354
2023 1356
2024 1356
2025 1356
2026 1359
2027 1356
2028 1356
2029 1357
2030 1356
2031 1360
2032 1358
2033 1357
2034 1357
2035 1358
2036 1359
2037 1357
2038 1356
2039 1357
2040 1356
2041 1357
2042 1357
2043 1355
2044 1359
2045 1359
2046 1356
2047 1356
2048 1356
2049 1356
2050 1356
2051 1356
2052 1356
2053 1355
2054 1355
2055 1357
2056 1357
2057 1358
2058 1360
2059 1357
2060 1358
2061 1355
2062 1356
2063 1357
2064 1357
2065 1355
2066 1356
2067 1358
2068 1356
2069 1355
2070 1358
2071 1358
2072 1358
2073 1357
2074 1358
2075 1360
2076 1356
2077 1355
2078 1358
2079 1355
2080 1356
2081 1354
2082 1356
2083 1357
2084 1357
2085 1357
2086 1355
2087 1357
2088 1356
2089 1359
2090 1359
2091 1355
2092 1356
2093 1357
2094 1357
2095 1355
2096 1356
2097 1358
2098 1357
2099 1357
2100 1357
2101 1357
2102 1358
2103 1354
2104 1356
2105 1359
2106 1356
2107 1356
2108 1361
2109 1357
2110 1358
2111 1357
2112 1356
2113 1355
2114 1358
2115 1355
2116 1357
2117 1358
2118 1359
2119 1358
2120 1356
2121 1358
2122 1359
2123 1357
2124 1361
2125 1357
2126 1357
2127 1357
2128 1357
2129 1356
2130 1356
2131 1355
2132 1356
2133 1357
2134 1358
2135 1358
2136 1356
2137 1359
2138 1358
2139 1354
2140 1356
2141 1356
2142 1358
2143 1355
2144 1358
2145 1361
2146 1358
2147 1356
2148 1355
2149 1357
2150 1357
2151 1357
2152 1358
2153 1355
2154 1359
2155 1357
2156 1356
2157 1358
2158 1355
2159 1355
2160 1358
2161 1357
2162 1357
2163 1360
2164 1359
2165 1357
2166 1356
2167 1358
2168 1356
2169 1357
2170 1356
2171 1358
2172 1352
2173 1355
2174 1356
2175 1358
2176 1356
2177 1357
2178 1357
2179 1358
2180 1356
2181 1356
2182 1358
2183 1360
2184 1358
2185 1357
2186 1356
2187 1356
2188 1358
2189 1358
2190 1357
2191 1357
2192 1358
2193 1358
2194 1357
2195 1357
2196 1356
2197 1357
2198 1356
2199 1358
2200 1357
2201 1357
2202 1356
2203 1354
2204 1358
2205 1358
2206 1354
2207 1352
2208 1359
2209 1357
2210 1358
2211 1356
2212 1357
2213 1359
2214 1358
2215 1357
2216 1358
2217 1357
2218 1357
2219 1358
2220 1358
2221 1358
2222 1359
2223 1357
2224 1357
2225 1357
2226 1359
2227 1356
2228 1355
2229 1355
2230 1358
2231 1357
2232 1358
2233 1353
2234 1358
2235 1357
2236 1355
2237 1356
2238 1357
2239 1358
2240 1357
2241 1355
2242 1358
2243 1358
2244 1356
2245 1356
2246 1360
2247 1355
2248 1356
2249 1357
2250 1357
2251 1358
2252 1358
2253 1360
2254 1356
2255 1358
2256 1358
2257 1359
2258 1357
2259 1355
2260 1358
2261 1357
2262 1356
2263 1356
2264 1358
2265 1357
2266 1356
2267 1355
2268 1355
2269 1358
2270 1357
2271 1355
2272 1358
2273 1357
2274 1357
2275 1357
2276 1357
2277 1358
2278 1357
2279 1361
2280 1358
2281 1357
2282 1358
2283 1356
2284 1358
2285 1359
2286 1358
2287 1357
2288 1359
2289 1360
2290 1355
2291 1358
2292 1356
2293 1355
2294 1359
2295 1359
2296 1356
2297 1356
2298 1358
2299 1358
2300 1359
2301 1358
2302 1355
2303 1358
2304 1357
2305 1357
2306 1356
2307 1356
2308 1359
2309 1360
2310 1359
2311 1358
2312 1356
2313 1358
2314 1358
2315 1358
2316 1357
2317 1355
2318 1358
2319 1357
2320 1354
2321 1356
2322 1357
2323 1358
2324 1356
2325 1355
2326 1356
2327 1357
2328 1357
2329 1354
2330 1356
2331 1355
2332 1357
2333 1358
2334 1357
2335 1357
2336 1357
2337 1357
2338 1358
2339 1357
2340 1358
2341 1356
2342 1356
2343 1356
2344 1355
2345 1356
2346 1357
2347 1357
2348 1358
2349 1358
2350 1355
2351 1359
2352 1356
2353 1354
2354 1359
2355 1357
2356 1357
2357 1357
2358 1357
2359 1358
2360 1357
2361 1358
2362 1356
2363 1356
2364 1359
2365 1358
2366 1358
2367 1357
2368 1356
2369 1357
2370 1357
2371 1356
2372 1356
2373 1359
2374 1357
2375 1357
2376 1356
2377 1357
2378 1355
2379 1356
2380 1355
2381 1357
2382 1356
2383 1360
2384 1357
2385 1360
2386 1357
2387 1357
2388 1357
2389 1355
2390 1358
2391 1358
2392 1356
2393 1357
2394 1356
2395 1359
2396 1357
2397 1354
2398 1357
2399 1359
2400 1358
2401 1359
2402 1356
2403 1360
2404 1355
2405 1355
2406 1356
2407 1355
2408 1356
2409 1356
2410 1355
2411 1357
2412 1358
2413 1358
2414 1357
2415 1358
2416 1356
2417 1357
2418 1355
2419 1358
2420 1358
2421 1359
2422 1356
2423 1357
2424 1359
2425 1359
2426 1358
2427 1356
2428 1357
2429 1356
2430 1357
2431 1359
2432 1357
2433 1355
2434 1356
2435 1357
2436 1359
2437 1358
2438 1358
2439 1357
2440 1356
2441 1357
2442 1357
2443 1357
2444 1356
2445 1357
2446 1357
2447 1355
2448 1357
2449 1356
2450 1356
2451 1359
2452 1356
2453 1355
2454 1359
2455 1358
2456 1359
2457 1355
2458 1356
2459 1355
2460 1355
2461 1356
2462 1356
2463 1357
2464 1357
2465 1355
2466 1356
2467 1357
2468 1359
2469 1358
2470 1359
2471 1357
2472 1358
2473 1355
2474 1355
2475 1356
2476 1355
2477 1357
2478 1358
2479 1357
2480 1356
2481 1358
2482 1357
2483 1356
2484 1357
2485 1359
2486 1360
2487 1358
2488 1358
2489 1358
2490 1357
2491 1357
2492 1355
2493 1357
2494 1356
2495 1355
2496 1356
2497 1359
2498 1356
2499 1357
2500 1355
2501 1354
2502 1360
2503 1357
2504 1356
2505 1356
2506 1359
2507 1357
2508 1358
2509 1355
2510 1358
2511 1356
2512 1358
2513 1357
2514 1358
2515 1358
2516 1359
2517 1359
2518 1358
2519 1358
2520 1358
2521 1357
2522 1358
2523 1361
2524 1358
2525 1358
2526 1358
2527 1358
2528 1357
2529 1356
2530 1355
2531 1353
2532 1358
2533 1357
2534 1356
2535 1357
2536 1356
2537 1355
2538 1355
2539 1355
2540 1356
2541 1357
2542 1357
2543 1357
2544 1356
2545 1358
2546 1356
2547 1357
2548 1356
2549 1358
2550 1356
2551 1359
2552 1358
2553 1355
2554 1357
2555 1361
2556 1358
2557 1354
2558 1356
2559 1355
2560 1358
2561 1359
2562 1357
2563 1357
2564 1357
2565 1355
2566 1357
2567 1357
2568 1355
2569 1356
2570 1360
2571 1357
2572 1358
2573 1358
2574 1359
2575 1358
2576 1357
2577 1356
2578 1356
2579 1357
2580 1358
2581 1358
2582 1358
2583 1357
2584 1359
2585 1359
2586 1358
2587 1357
2588 1357
2589 1356
2590 1357
2591 1356
2592 1357
2593 1358
2594 1355
2595 1356
2596 1358
2597 1356
2598 1360
2599 1356
2600 1358
2601 1356
2602 1358
2603 1361
2604 1356
2605 1354
2606 1356
2607 1357
2608 1356
2609 1357
2610 1357
2611 1356
2612 1355
2613 1356
2614 1355
2615 1358
2616 1356
2617 1355
2618 1356
2619 1358
2620 1354
2621 1358
2622 1356
2623 1357
2624 1355
2625 1357
2626 1354
2627 1357
2628 1357
2629 1355
2630 1356
2631 1358
2632 1358
2633 1357
2634 1358
2635 1357
2636 1357
2637 1357
2638 1358
2639 1357
2640 1357
2641 1358
2642 1356
2643 1357
2644 1358
2645 1360
2646 1360
2647 1357
2648 1360
2649 1357
2650 1359
2651 1355
2652 1356
2653 1357
2654 1357
2655 1356
2656 1355
2657 1357
2658 1360
2659 1356
2660 1356
2661 1356
2662 1357
2663 1357
2664 1356
2665 1356
2666 1358
2667 1356
2668 1360
2669 1356
2670 1355
2671 1356
2672 1357
2673 1355
2674 1357
2675 1357
2676 1356
2677 1357
2678 1354
2679 1358
2680 1359
2681 1357
2682 1355
2683 1354
2684 1354
2685 1357
2686 1358
2687 1357
2688 1355
2689 1355
2690 1356
2691 1357
2692 1358
2693 1356
2694 1358
2695 1353
2696 1356
2697 1357
2698 1357
2699 1356
2700 1356
2701 1358
2702 1356
2703 1358
2704 1358
2705 1357
2706 1356
2707 1355
2708 1356
2709 1357
2710 1357
2711 1357
2712 1359
2713 1358
2714 1358
2715 1357
2716 1359
2717 1356
2718 1356
2719 1357
2720 1357
2721 1358
2722 1356
2723 1357
2724 1356
2725 1357
2726 1357
2727 1357
2728 1357
2729 1357
2730 1356
2731 1358
2732 1356
2733 1358
2734 1357
2735 1358
2736 1358
2737 1359
2738 1358
2739 1357
2740 1358
2741 1359
2742 1356
2743 1355
2744 1357
2745 1357
2746 1360
2747 1356
2748 1356
2749 1357
2750 1357
2751 1356
2752 1356
2753 1356
2754 1357
2755 1356
2756 1355
2757 1356
2758 1356
2759 1356
2760 1357
2761 1359
2762 1358
2763 1356
2764 1357
2765 1358
2766 1357
2767 1358
2768 1356
2769 1360
2770 1359
2771 1356
2772 1356
2773 1352
2774 1358
2775 1358
2776 1358
2777 1356
2778 1355
2779 1358
2780 1356
2781 1357
2782 1355
2783 1357
2784 1356
2785 1357
2786 1358
2787 1357
2788 1358
2789 1357
2790 1356
2791 1358
2792 1358
2793 1358
2794 1358
2795 1356
2796 1355
2797 1358
2798 1358
2799 1357
2800 1357
2801 1358
2802 1356
2803 1356
2804 1356
2805 1360
2806 1360
2807 1357
2808 1353
2809 1355
2810 1354
2811 1358
2812 1354
2813 1357
2814 1357
2815 1358
2816 1356
2817 1357
2818 1358
2819 1360
2820 1356
2821 1360
2822 1356
2823 1356
2824 1356
2825 1357
2826 1357
2827 1361
2828 1355
2829 1358
2830 1356
2831 1357
2832 1355
2833 1355
2834 1357
2835 1358
2836 1356
2837 1357
2838 1356
2839 1360
2840 1358
2841 1357
2842 1355
2843 1357
2844 1354
2845 1357
2846 1355
2847 1357
2848 1357
2849 1357
2850 1356
2851 1357
2852 1355
2853 1355
2854 1357
2855 1357
2856 1357
2857 1357
2858 1359
2859 1355
2860 1356
2861 1357
2862 1357
2863 1356
2864 1361
2865 1357
2866 1357
2867 1354
2868 1358
2869 1357
2870 1358
2871 1355
2872 1356
2873 1358
2874 1357
2875 1357
2876 1355
2877 1355
2878 1355
2879 1356
2880 1356
2881 1359
2882 1356
2883 1356
2884 1359
2885 1354
2886 1355
2887 1356
2888 1356
2889 1356
2890 1355
2891 1357
2892 1360
2893 1357
2894 1357
2895 1357
2896 1359
2897 1359
2898 1354
2899 1355
2900 1355
2901 1357
2902 1358
2903 1357
2904 1358
2905 1356
2906 1358
2907 1357
2908 1356
2909 1357
2910 1356
2911 1357
2912 1360
2913 1356
2914 1359
2915 1359
2916 1358
2917 1361
2918 1356
2919 1360
2920 1358
2921 1356
2922 1358
2923 1356
2924 1357
2925 1356
2926 1357
2927 1357
2928 1359
2929 1356
2930 1357
2931 1357
2932 1356
2933 1356
2934 1358
2935 1362
2936 1359
2937 1357
2938 1356
2939 1354
2940 1356
2941 1358
2942 1357
2943 1360
2944 1356
2945 1356
2946 1356
2947 1359
2948 1356
2949 1357
2950 1357
2951 1356
2952 1357
2953 1356
2954 1357
2955 1358
2956 1357
2957 1358
2958 1355
2959 1355
2960 1357
2961 1357
2962 1356
2963 1357
2964 1359
2965 1361
2966 1356
2967 1357
2968 1356
2969 1359
2970 1358
2971 1355
2972 1356
2973 1357
2974 1357
2975 1358
2976 1359
2977 1358
2978 1356
2979 1359
2980 1355
2981 1360
2982 1359
2983 1356
2984 1358
2985 1357
2986 1359
2987 1356
2988 1355
2989 1359
2990 1354
2991 1356
2992 1356
2993 1355
2994 1359
2995 1357
2996 1356
2997 1356
2998 1352
2999 1352
3000 1358
3001 1355
3002 1357
3003 1355
3004 1357
3005 1357
3006 1356
3007 1357
3008 1357
3009 1355
3010 1357
3011 1357
3012 1356
3013 1357
3014 1356
3015 1358
3016 1356
3017 1357
3018 1356
3019 1354
3020 1355
3021 1358
3022 1355
3023 1357
3024 1355
3025 1359
3026 1355
3027 1353
3028 1357
3029 1356
3030 1358
3031 1354
3032 1355
3033 1359
3034 1357
3035 1358
3036 1356
3037 1356
3038 1354
3039 1357
3040 1358
3041 1357
3042 1356
3043 1357
3044 1357
3045 1357
3046 1355
3047 1356
3048 1357
3049 1356
3050 1357
3051 1358
3052 1356
3053 1355
3054 1357
3055 1357
3056 1355
3057 1352
3058 1354
3059 1356
3060 1354
3061 1355
3062 1354
3063 1356
3064 1354
3065 1354
3066 1357
3067 1360
3068 1357
3069 1357
3070 1357
3071 1356
3072 1356
3073 1357
3074 1355
3075 1356
3076 1357
3077 1358
3078 1358
3079 1357
3080 1358
3081 1355
3082 1355
3083 1357
3084 1357
3085 1357
3086 1356
3087 1354
3088 1356
3089 1357
3090 1356
3091 1358
3092 1356
3093 1357
3094 1358
3095 1358
3096 1357
3097 1356
3098 1356
3099 1355
3100 1356
3101 1357
3102 1356
3103 1357
3104 1358
3105 1358
3106 1357
3107 1360
3108 1357
3109 1357
3110 1358
3111 1358
3112 1356
3113 1357
3114 1356
3115 1356
3116 1355
3117 1357
3118 1353
3119 1352
3120 1357
3121 1358
3122 1357
3123 1357
3124 1357
3125 1359
3126 1358
3127 1356
3128 1355
3129 1358
3130 1358
3131 1359
3132 1358
3133 1356
3134 1357
3135 1356
3136 1356
3137 1358
3138 1358
3139 1356
3140 1357
3141 1358
3142 1357
3143 1358
3144 1359
3145 1358
3146 1355
3147 1356
3148 1358
3149 1356
3150 1356
3151 1357
3152 1359
3153 1357
3154 1356
3155 1356
3156 1356
3157 1359
3158 1357
3159 1354
3160 1356
3161 1357
3162 1359
3163 1358
3164 1355
3165 1360
3166 1355
3167 1358
3168 1357
3169 1355
3170 1359
3171 1358
3172 1358
3173 1357
3174 1356
3175 1358
3176 1359
3177 1355
3178 1355
3179 1356
3180 1358
3181 1358
3182 1356
3183 1356
3184 1357
3185 1361
3186 1357
3187 1357
3188 1356
3189 1360
3190 1359
3191 1358
3192 1356
3193 1357
3194 1355
3195 1358
3196 1355
3197 1358
3198 1356
3199 1357
3200 1358
3201 1358
3202 1358
3203 1356
3204 1356
3205 1357
3206 1358
3207 1359
3208 1358
3209 1354
3210 1359
3211 1356
3212 1356
3213 1355
3214 1356
3215 1357
3216 1356
3217 1357
3218 1356
3219 1358
3220 1356
3221 1357
3222 1359
3223 1359
3224 1357
3225 1357
3226 1357
3227 1358
3228 1359
3229 1359
3230 1357
3231 1360
3232 1360
3233 1360
3234 1359
3235 1357
3236 1358
3237 1357
3238 1355
3239 1357
3240 1354
3241 1357
3242 1354
3243 1357
3244 1357
3245 1357
3246 1357
3247 1357
3248 1359
3249 1357
3250 1356
3251 1358
3252 1356
3253 1358
3254 1356
3255 1359
3256 1358
3257 1359
3258 1358
3259 1357
3260 1355
3261 1356
3262 1357
3263 1358
3264 1358
3265 1357
3266 1357
3267 1358
3268 1356
3269 1358
3270 1357
3271 1357
3272 1356
3273 1358
3274 1356
3275 1357
3276 1355
3277 1357
3278 1355
3279 1359
3280 1357
3281 1357
3282 1357
3283 1357
3284 1357
3285 1357
3286 1358
3287 1358
3288 1356
3289 1357
3290 1359
3291 1355
3292 1358
3293 1358
3294 1359
3295 1357
3296 1357
3297 1356
3298 1355
3299 1356
3300 1357
3301 1356
3302 1357
3303 1357
3304 1357
3305 1357
3306 1361
3307 1357
3308 1356
3309 1357
3310 1358
3311 1356
3312 1357
3313 1356
3314 1357
3315 1362
3316 1359
3317 1358
3318 1355
3319 1355
3320 1357
3321 1358
3322 1359
3323 1357
3324 1353
3325 1356
3326 1354
3327 1355
3328 1357
3329 1358
3330 1358
3331 1357
3332 1357
3333 1356
3334 1355
3335 1355
3336 1357
3337 1356
3338 1356
3339 1357
3340 1356
3341 1357
3342 1355
3343 1359
3344 1356
3345 1359
3346 1356
3347 1358
3348 1359
3349 1353
3350 1359
3351 1359
3352 1357
3353 1357
3354 1356
3355 1354
3356 1357
3357 1356
3358 1359
3359 1357
3360 1357
3361 1356
3362 1356
3363 1358
3364 1356
3365 1355
3366 1356
3367 1358
3368 1355
3369 1357
3370 1355
3371 1357
3372 1354
3373 1357
3374 1356
3375 1363
3376 1358
3377 1357
3378 1357
3379 1359
3380 1358
3381 1356
3382 1355
3383 1356
3384 1357
3385 1354
3386 1356
3387 1359
3388 1359
3389 1358
3390 1357
3391 1357
3392 1359
3393 1358
3394 1357
3395 1355
3396 1356
3397 1356
3398 1358
3399 1356
3400 1357
3401 1356
3402 1356
3403 1357
3404 1358
3405 1360
3406 1360
3407 1358
3408 1358
3409 1357
3410 1359
3411 1356
3412 1357
3413 1358
3414 1356
3415 1355
3416 1358
3417 1357
3418 1355
3419 1355
3420 1354
3421 1353
3422 1356
3423 1355
3424 1356
3425 1356
3426 1356
3427 1354
3428 1359
3429 1357
3430 1355
3431 1357
3432 1354
3433 1353
3434 1356
3435 1358
3436 1354
3437 1356
3438 1356
3439 1357
3440 1357
3441 1357
3442 1357
3443 1357
3444 1356
3445 1357
3446 1355
3447 1357
3448 1354
3449 1353
3450 1357
3451 1355
3452 1356
3453 1355
3454 1356
3455 1356
3456 1359
3457 1360
3458 1357
3459 1357
3460 1356
3461 1358
3462 1356
3463 1358
3464 1355
3465 1359
3466 1357
3467 1359
3468 1359
3469 1357
3470 1357
3471 1358
3472 1358
3473 1357
3474 1359
3475 1358
3476 1359
3477 1357
3478 1356
3479 1359
3480 1355
3481 1358
3482 1356
3483 1355
3484 1356
3485 1355
3486 1357
3487 1357
3488 1357
3489 1358
3490 1356
3491 1357
3492 1359
3493 1357
3494 1356
3495 1354
3496 1357
3497 1357
3498 1356
3499 1355
3500 1357
3501 1358
3502 1357
3503 1356
3504 1357
3505 1357
3506 1356
3507 1358
3508 1356
3509 1356
3510 1358
3511 1358
3512 1354
3513 1357
3514 1356
3515 1359
3516 1358
3517 1358
3518 1357
3519 1357
3520 1358
3521 1357
3522 1358
3523 1357
3524 1359
3525 1360
3526 1358
3527 1357
3528 1357
3529 1357
3530 1358
3531 1361
3532 1359
3533 1358
3534 1357
3535 1362
3536 1355
3537 1357
3538 1358
3539 1357
3540 1358
3541 1355
3542 1356
3543 1355
3544 1356
3545 1357
3546 1357
3547 1356
3548 1358
3549 1355
3550 1357
3551 1356
3552 1358
3553 1358
3554 1356
3555 1356
3556 1355
3557 1355
3558 1356
3559 1358
3560 1358
3561 1357
3562 1357
3563 1357
3564 1360
3565 1359
3566 1358
3567 1359
3568 1358
3569 1359
3570 1357
3571 1359
3572 1356
3573 1359
3574 1358
3575 1357
3576 1355
3577 1357
3578 1356
3579 1359
3580 1359
3581 1360
3582 1357
3583 1356
3584 1355
3585 1356
3586 1357
3587 1359
3588 1355
3589 1358
3590 1356
3591 1358
3592 1356
3593 1358
3594 1356
3595 1360
3596 1360
3597 1361
3598 1358
3599 1358
3600 1357
3601 1359
3602 1355
3603 1356
3604 1355
3605 1357
3606 1355
3607 1358
3608 1356
3609 1358
3610 1357
3611 1358
3612 1359
3613 1357
3614 1356
3615 1358
3616 1357
3617 1357
3618 1357
3619 1355
3620 1357
3621 1358
3622 1356
3623 1357
3624 1358
3625 1358
3626 1358
3627 1357
3628 1357
3629 1356
3630 1357
3631 1357
3632 1359
3633 1360
3634 1356
3635 1357
3636 1357
3637 1357
3638 1357
3639 1356
3640 1358
3641 1359
3642 1356
3643 1356
3644 1357
3645 1358
3646 1358
3647 1357
3648 1357
3649 1354
3650 1356
3651 1357
3652 1356
3653 1357
3654 1358
3655 1358
3656 1358
3657 1359
3658 1356
3659 1355
3660 1355
3661 1357
3662 1357
3663 1353
3664 1358
3665 1359
3666 1356
3667 1356
3668 1354
3669 1358
3670 1358
3671 1358
3672 1357
3673 1359
3674 1357
3675 1358
3676 1356
3677 1356
3678 1356
3679 1357
3680 1356
3681 1356
3682 1356
3683 1359
3684 1359
3685 1359
3686 1356
3687 1359
3688 1356
3689 1355
3690 1359
3691 1357
3692 1359
3693 1357
3694 1358
3695 1358
3696 1360
3697 1356
3698 1355
3699 1357
3700 1357
3701 1359
3702 1358
3703 1359
3704 1358
3705 1355
3706 1356
3707 1357
3708 1356
3709 1358
3710 1356
3711 1358
3712 1355
3713 1357
3714 1359
3715 1356
3716 1357
3717 1357
3718 1357
3719 1354
3720 1357
3721 1357
3722 1357
3723 1356
3724 1358
3725 1357
3726 1357
3727 1355
3728 1356
3729 1356
3730 1358
3731 1356
3732 1357
3733 1356
3734 1354
3735 1357
3736 1358
3737 1357
3738 1357
3739 1360
3740 1359
3741 1357
3742 1357
3743 1358
3744 1358
3745 1357
3746 1358
3747 1359
3748 1357
3749 1357
3750 1356
3751 1357
3752 1355
3753 1353
3754 1361
3755 1360
3756 1357
3757 1357
3758 1355
3759 1356
3760 1357
3761 1356
3762 1355
3763 1356
3764 1356
3765 1357
3766 1354
3767 1359
3768 1356
3769 1358
3770 1356
3771 1357
3772 1356
3773 1357
3774 1358
3775 1357
3776 1356
3777 1356
3778 1357
3779 1354
3780 1357
3781 1359
3782 1357
3783 1358
3784 1357
3785 1361
3786 1357
3787 1357
3788 1357
3789 1359
3790 1356
3791 1360
3792 1356
3793 1355
3794 1358
3795 1356
3796 1358
3797 1357
3798 1355
3799 1356
3800 1356
3801 1358
3802 1357
3803 1357
3804 1356
3805 1357
3806 1357
3807 1357
3808 1355
3809 1357
3810 1359
3811 1356
3812 1357
3813 1356
3814 1358
3815 1358
3816 1356
3817 1356
3818 1359
3819 1357
3820 1357
3821 1356
3822 1356
3823 1357
3824 1358
3825 1355
3826 1355
3827 1357
3828 1356
3829 1357
3830 1357
3831 1358
3832 1357
3833 1357
3834 1357
3835 1356
3836 1356
3837 1357
3838 1358
3839 1355
3840 1357
3841 1357
3842 1357
3843 1357
3844 1357
3845 1355
3846 1357
3847 1356
3848 1355
3849 1356
3850 1357
3851 1358
3852 1359
3853 1357
3854 1355
3855 1354
3856 1357
3857 1358
3858 1360
3859 1358
3860 1355
3861 1358
3862 1356
3863 1359
3864 1356
3865 1358
3866 1357
3867 1359
3868 1357
3869 1357
3870 1356
3871 1357
3872 1355
3873 1356
3874 1357
3875 1356
3876 1356
3877 1355
3878 1357
3879 1355
3880 1358
3881 1356
3882 1356
3883 1356
3884 1357
3885 1357
3886 1360
3887 1359
3888 1360
3889 1357
3890 1360
3891 1358
3892 1357
3893 1357
3894 1358
3895 1357
3896 1359
3897 1357
3898 1355
3899 1357
3900 1355
3901 1358
3902 1357
3903 1355
3904 1356
3905 1355
3906 1356
3907 1356
3908 1356
3909 1356
3910 1358
3911 1356
3912 1356
3913 1357
3914 1356
3915 1358
3916 1357
3917 1359
3918 1356
3919 1355
3920 1356
3921 1355
3922 1356
3923 1360
3924 1357
3925 1357
3926 1357
3927 1357
3928 1356
3929 1357
3930 1355
3931 1358
3932 1358
3933 1356
3934 1358
3935 1355
3936 1359
3937 1356
3938 1355
3939 1357
3940 1354
3941 1357
3942 1356
3943 1353
3944 1359
3945 1356
3946 1359
3947 1357
3948 1359
3949 1356
3950 1354
3951 1357
3952 1356
3953 1356
3954 1354
3955 1353
3956 1356
3957 1357
3958 1357
3959 1360
3960 1356
3961 1356
3962 1359
3963 1356
3964 1356
3965 1357
3966 1356
3967 1357
3968 1358
3969 1355
3970 1356
3971 1357
3972 1357
3973 1357
3974 1356
3975 1355
3976 1357
3977 1355
3978 1356
3979 1356
3980 1359
3981 1356
3982 1358
3983 1357
3984 1356
3985 1357
3986 1357
3987 1357
3988 1359
3989 1358
3990 1360
3991 1359
3992 1360
3993 1361
3994 1357
3995 1357
3996 1357
3997 1358
3998 1356
3999 1357
