0 1356
1 1354
2 1354
3 1356
4 1354
5 1355
6 1354
7 1355
8 1356
9 1356
10 1356
11 1356
12 1355
13 1354
14 1356
15 1354
16 1353
17 1354
18 1355
19 1355
20 1355
21 1355
22 1354
23 1356
24 1355
25 1357
26 1356
27 1354
28 1356
29 1357
30 1357
31 1358
32 1357
33 1357
34 1355
35 1356
36 1356
37 1358
38 1354
39 1356
40 1354
41 1355
42 1356
43 1354
44 1355
45 1354
46 1357
47 1356
48 1357
49 1354
50 1353
51 1353
52 1355
53 1354
54 1356
55 1355
56 1357
57 1355
58 1356
59 1357
60 1355
61 1357
62 1355
63 1356
64 1357
65 1358
66 1358
67 1357
68 1354
69 1357
70 1356
71 1356
72 1356
73 1353
74 1354
75 1355
76 1356
77 1355
78 1356
79 1355
80 1353
81 1354
82 1356
83 1356
84 1353
85 1356
86 1359
87 1353
88 1355
89 1355
90 1356
91 1356
92 1357
93 1356
94 1355
95 1358
96 1355
97 1356
98 1356
99 1355
100 1356
101 1357
102 1355
103 1353
104 1356
105 1356
106 1354
107 1353
108 1355
109 1353
110 1356
111 1355
112 1356
113 1356
114 1358
115 1354
116 1356
117 1355
118 1356
119 1354
120 1355
121 1356
122 1356
123 1357
124 1357
125 1358
126 1357
127 1354
128 1357
129 1356
130 1357
131 1356
132 1355
133 1358
134 1355
135 1357
136 1356
137 1354
138 1355
139 1354
140 1354
141 1356
142 1356
143 1356
144 1355
145 1355
146 1352
147 1358
148 1353
149 1356
150 1356
151 1354
152 1352
153 1354
154 1355
155 1354
156 1355
157 1354
158 1356
159 1356
160 1356
161 1354
162 1355
163 1353
164 1356
165 1357
166 1355
167 1357
168 1356
169 1356
170 1355
171 1357
172 1356
173 1356
174 1355
175 1353
176 1356
177 1354
178 1356
179 1354
180 1355
181 1357
182 1355
183 1356
184 1356
185 1358
186 1356
187 1357
188 1356
189 1355
190 1355
191 1358
192 1358
193 1357
194 1354
195 1356
196 1354
197 1357
198 1354
199 1355
200 1355
201 1357
202 1356
203 1355
204 1353
205 1353
206 1354
207 1353
208 1356
209 1355
210 1356
211 1357
212 1353
213 1357
214 1354
215 1357
216 1355
217 1356
218 1357
219 1356
220 1356
221 1357
222 1357
223 1355
224 1357
225 1356
226 1355
227 1355
228 1357
229 1353
230 1353
231 1357
232 1357
233 1355
234 1356
235 1354
236 1355
237 1356
238 1353
239 1353
240 1356
241 1357
242 1355
243 1355
244 1354
245 1354
246 1354
247 1356
248 1356
249 1355
250 1354
251 1356
252 1355
253 1356
254 1353
255 1356
256 1354
257 1353
258 1354
259 1355
260 1354
261 1354
262 1353
263 1356
264 1358
265 1355
266 1354
267 1355
268 1356
269 1354
270 1355
271 1356
272 1356
273 1356
274 1354
275 1355
276 1355
277 1354
278 1355
279 1354
280 1353
281 1356
282 1355
283 1355
284 1354
285 1357
286 1355
287 1355
288 1354
289 1354
290 1352
291 1354
292 1356
293 1358
294 1355
295 1355
296 1352
297 1355
298 1356
299 1353
300 1352
301 1356
302 1356
303 1359
304 1354
305 1356
306 1355
307 1357
308 1351
309 1355
310 1357
311 1354
312 1354
313 1355
314 1355
315 1355
316 1351
317 1354
318 1355
319 1355
320 1355
321 1356
322 1356
323 1352
324 1355
325 1352
326 1354
327 1357
328 1358
329 1354
330 1356
331 1353
332 1356
333 1357
334 1354
335 1356
336 1354
337 1356
338 1356
339 1357
340 1355
341 1356
342 1353
343 1355
344 1353
345 1356
346 1355
347 1357
348 1351
349 1353
350 1356
351 1354
352 1354
353 1357
354 1356
355 1357
356 1353
357 1355
358 1354
359 1353
360 1354
361 1354
362 1353
363 1357
364 1356
365 1354
366 1354
367 1356
368 1356
369 1354
370 1350
371 1356
372 1356
373 1354
374 1354
375 1355
376 1353
377 1357
378 1356
379 1355
380 1353
381 1352
382 1355
383 1353
384 1352
385 1355
386 1357
387 1357
388 1354
389 1355
390 1354
391 1356
392 1355
393 1354
394 1353
395 1355
396 1352
397 1355
398 1354
399 1354
400 1354
401 1356
402 1355
403 1356
404 1355
405 1356
406 1353
407 1353
408 1352
409 1355
410 1354
411 1357
412 1354
413 1352
414 1353
415 1354
416 1352
417 1355
418 1355
419 1357
420 1354
421 1358
422 1352
423 1354
424 1355
425 1357
426 1354
427 1354
428 1354
429 1355
430 1355
431 1357
432 1355
433 1354
434 1353
435 1356
436 1354
437 1354
438 1355
439 1354
440 1354
441 1355
442 1352
443 1356
444 1355
445 1357
446 1353
447 1358
448 1353
449 1355
450 1350
451 1357
452 1355
453 1356
454 1355
455 1359
456 1357
457 1357
458 1358
459 1355
460 1356
461 1357
462 1353
463 1357
464 1356
465 1355
466 1354
467 1354
468 1355
469 1355
470 1353
471 1353
472 1356
473 1357
474 1356
475 1352
476 1353
477 1354
478 1352
479 1354
480 1355
481 1354
482 1356
483 1354
484 1356
485 1358
486 1356
487 1359
488 1357
489 1353
490 1356
491 1355
492 1353
493 1357
494 1357
495 1357
496 1356
497 1356
498 1355
499 1357
500 1354
501 1355
502 1355
503 1358
504 1356
505 1354
506 1354
507 1355
508 1354
509 1356
510 1354
511 1356
512 1353
513 1355
514 1355
515 1358
516 1357
517 1359
518 1356
519 1353
520 1355
521 1356
522 1354
523 1357
524 1354
525 1356
526 1355
527 1359
528 1357
529 1354
530 1353
531 1353
532 1355
533 1356
534 1355
535 1355
536 1356
537 1359
538 1361
539 1363
540 1370
541 1379
542 1384
543 1396
544 1411
545 1433
546 1453
547 1472
548 1493
549 1514
550 1534
551 1552
552 1569
553 1580
554 1592
555 1605
556 1616
557 1621
558 1627
559 1629
560 1635
561 1631
562 1627
563 1620
564 1614
565 1605
566 1599
567 1589
568 1583
569 1573
570 1568
571 1559
572 1547
573 1538
574 1527
575 1519
576 1512
577 1505
578 1494
579 1485
580 1476
581 1469
582 1459
583 1454
584 1450
585 1446
586 1443
587 1438
588 1434
589 1431
590 1421
591 1419
592 1412
593 1412
594 1405
595 1405
596 1404
597 1403
598 1400
599 1396
600 1391
601 1390
602 1388
603 1383
604 1384
605 1382
606 1379
607 1379
608 1376
609 1372
610 1371
611 1370
612 1370
613 1369
614 1368
615 1367
616 1365
617 1366
618 1363
619 1363
620 1362
621 1361
622 1362
623 1360
624 1362
625 1361
626 1359
627 1359
628 1360
629 1362
630 1358
631 1357
632 1356
633 1357
634 1360
635 1358
636 1356
637 1355
638 1358
639 1357
640 1358
641 1354
642 1355
643 1356
644 1356
645 1357
646 1357
647 1357
648 1356
649 1352
650 1356
651 1358
652 1356
653 1353
654 1356
655 1357
656 1355
657 1352
658 1353
659 1356
660 1355
661 1356
662 1352
663 1354
664 1356
665 1354
666 1355
667 1355
668 1359
669 1357
670 1355
671 1355
672 1360
673 1356
674 1357
675 1357
676 1356
677 1357
678 1356
679 1352
680 1354
681 1356
682 1357
683 1353
684 1356
685 1357
686 1356
687 1358
688 1354
689 1355
690 1354
691 1355
692 1358
693 1356
694 1354
695 1357
696 1357
697 1356
698 1358
699 1357
700 1360
701 1357
702 1356
703 1355
704 1355
705 1352
706 1355
707 1356
708 1355
709 1356
710 1355
711 1355
712 1356
713 1357
714 1355
715 1355
716 1355
717 1356
718 1357
719 1358
720 1354
721 1357
722 1355
723 1357
724 1353
725 1356
726 1354
727 1357
728 1357
729 1354
730 1355
731 1354
732 1356
733 1359
734 1355
735 1357
736 1359
737 1355
738 1354
739 1355
740 1356
741 1355
742 1358
743 1356
744 1355
745 1357
746 1355
747 1353
748 1353
749 1353
750 1355
751 1354
752 1355
753 1356
754 1356
755 1354
756 1355
757 1356
758 1354
759 1357
760 1355
761 1353
762 1354
763 1355
764 1354
765 1355
766 1356
767 1356
768 1355
769 1356
770 1355
771 1356
772 1354
773 1356
774 1355
775 1356
776 1355
777 1354
778 1353
779 1353
780 1355
781 1354
782 1353
783 1357
784 1355
785 1356
786 1354
787 1358
788 1355
789 1355
790 1353
791 1357
792 1357
793 1354
794 1355
795 1357
796 1358
797 1357
798 1356
799 1354
800 1355
801 1353
802 1353
803 1355
804 1354
805 1353
806 1354
807 1357
808 1356
809 1355
810 1354
811 1357
812 1356
813 1357
814 1353
815 1356
816 1355
817 1356
818 1355
819 1356
820 1355
821 1355
822 1356
823 1359
824 1359
825 1356
826 1355
827 1355
828 1355
829 1357
830 1355
831 1357
832 1355
833 1354
834 1354
835 1358
836 1356
837 1354
838 1355
839 1354
840 1356
841 1357
842 1354
843 1357
844 1356
845 1354
846 1356
847 1357
848 1354
849 1354
850 1352
851 1356
852 1356
853 1355
854 1352
855 1356
856 1356
857 1356
858 1357
859 1357
860 1355
861 1353
862 1354
863 1355
864 1354
865 1355
866 1355
867 1358
868 1355
869 1356
870 1354
871 1354
872 1354
873 1355
874 1353
875 1355
876 1354
877 1357
878 1355
879 1354
880 1353
881 1356
882 1352
883 1355
884 1356
885 1355
886 1356
887 1356
888 1355
889 1357
890 1356
891 1356
892 1356
893 1357
894 1351
895 1355
896 1353
897 1355
898 1354
899 1356
900 1355
901 1353
902 1355
903 1354
904 1356
905 1356
906 1355
907 1353
908 1357
909 1356
910 1355
911 1355
912 1352
913 1354
914 1354
915 1358
916 1357
917 1358
918 1355
919 1355
920 1356
921 1353
922 1357
923 1356
924 1356
925 1354
926 1352
927 1352
928 1356
929 1357
930 1354
931 1356
932 1357
933 1355
934 1353
935 1357
936 1356
937 1357
938 1356
939 1353
940 1356
941 1358
942 1354
943 1357
944 1356
945 1357
946 1355
947 1357
948 1355
949 1357
950 1354
951 1356
952 1355
953 1356
954 1353
955 1356
956 1353
957 1357
958 1354
959 1355
960 1355
961 1355
962 1353
963 1355
964 1356
965 1357
966 1354
967 1355
968 1353
969 1356
970 1355
971 1359
972 1356
973 1355
974 1353
975 1355
976 1357
977 1357
978 1353
979 1356
980 1358
981 1356
982 1357
983 1356
984 1354
985 1356
986 1356
987 1355
988 1354
989 1355
990 1356
991 1356
992 1357
993 1354
994 1356
995 1355
996 1356
997 1351
998 1354
999 1354
1000 1354
1001 1354
1002 1357
1003 1355
1004 1355
1005 1356
1006 1356
1007 1354
1008 1356
1009 1357
1010 1355
1011 1356
1012 1353
1013 1353
1014 1356
1015 1356
1016 1353
1017 1356
1018 1355
1019 1356
1020 1356
1021 1354
1022 1355
1023 1355
1024 1354
1025 1355
1026 1355
1027 1357
1028 1356
1029 1356
1030 1356
1031 1357
1032 1354
1033 1357
1034 1357
1035 1357
1036 1357
1037 1356
1038 1356
1039 1356
1040 1355
1041 1357
1042 1358
1043 1354
1044 1351
1045 1355
1046 1351
1047 1354
1048 1356
1049 1355
1050 1355
1051 1358
1052 1353
1053 1354
1054 1352
1055 1355
1056 1356
1057 1355
1058 1353
1059 1357
1060 1356
1061 1356
1062 1357
1063 1356
1064 1355
1065 1355
1066 1352
1067 1354
1068 1356
1069 1355
1070 1352
1071 1356
1072 1358
1073 1357
1074 1355
1075 1357
1076 1358
1077 1356
1078 1355
1079 1354
1080 1354
1081 1354
1082 1352
1083 1356
1084 1354
1085 1352
1086 1355
1087 1354
1088 1355
1089 1355
1090 1354
1091 1357
1092 1356
1093 1355
1094 1353
1095 1354
1096 1356
1097 1356
1098 1356
1099 1355
1100 1356
1101 1357
1102 1356
1103 1356
1104 1355
1105 1353
1106 1353
1107 1354
1108 1356
1109 1352
1110 1355
1111 1356
1112 1356
1113 1354
1114 1353
1115 1355
1116 1354
1117 1357
1118 1353
1119 1353
1120 1354
1121 1356
1122 1354
1123 1355
1124 1354
1125 1356
1126 1357
1127 1355
1128 1357
1129 1355
1130 1355
1131 1357
1132 1355
1133 1358
1134 1355
1135 1357
1136 1355
1137 1355
1138 1355
1139 1355
1140 1354
1141 1355
1142 1355
1143 1355
1144 1355
1145 1355
1146 1354
1147 1355
1148 1355
1149 1355
1150 1354
1151 1351
1152 1353
1153 1355
1154 1356
1155 1355
1156 1353
1157 1357
1158 1356
1159 1356
1160 1354
1161 1354
1162 1355
1163 1357
1164 1356
1165 1356
1166 1354
1167 1353
1168 1355
1169 1355
1170 1355
1171 1357
1172 1356
1173 1353
1174 1353
1175 1354
1176 1355
1177 1355
1178 1355
1179 1355
1180 1356
1181 1357
1182 1357
1183 1355
1184 1353
1185 1355
1186 1355
1187 1354
1188 1353
1189 1356
1190 1355
1191 1357
1192 1354
1193 1355
1194 1354
1195 1353
1196 1354
1197 1357
1198 1356
1199 1358
1200 1354
1201 1354
1202 1357
1203 1356
1204 1355
1205 1357
1206 1354
1207 1356
1208 1356
1209 1356
1210 1355
1211 1357
1212 1354
1213 1355
1214 1355
1215 1353
1216 1355
1217 1356
1218 1356
1219 1355
1220 1353
1221 1353
1222 1356
1223 1353
1224 1356
1225 1355
1226 1356
1227 1355
1228 1355
1229 1358
1230 1356
1231 1355
1232 1354
1233 1355
1234 1356
1235 1355
1236 1356
1237 1354
1238 1356
1239 1355
1240 1356
1241 1354
1242 1354
1243 1355
1244 1354
1245 1358
1246 1356
1247 1358
1248 1358
1249 1357
1250 1355
1251 1356
1252 1356
1253 1355
1254 1354
1255 1355
1256 1355
1257 1355
1258 1356
1259 1353
1260 1354
1261 1354
1262 1353
1263 1355
1264 1356
1265 1354
1266 1354
1267 1355
1268 1356
1269 1356
1270 1356
1271 1356
1272 1357
1273 1355
1274 1353
1275 1357
1276 1354
1277 1357
1278 1353
1279 1354
1280 1356
1281 1354
1282 1355
1283 1357
1284 1354
1285 1358
1286 1355
1287 1356
1288 1355
1289 1354
1290 1353
1291 1356
1292 1354
1293 1354
1294 1356
1295 1356
1296 1353
1297 1355
1298 1356
1299 1353
1300 1357
1301 1355
1302 1354
1303 1355
1304 1356
1305 1357
1306 1354
1307 1352
1308 1354
1309 1354
1310 1355
1311 1354
1312 1355
1313 1356
1314 1353
1315 1353
1316 1355
1317 1355
1318 1358
1319 1354
1320 1354
1321 1357
1322 1354
1323 1354
1324 1352
1325 1357
1326 1356
1327 1353
1328 1355
1329 1355
1330 1350
1331 1352
1332 1356
1333 1354
1334 1358
1335 1354
1336 1356
1337 1355
1338 1358
1339 1356
1340 1358
1341 1358
1342 1355
1343 1357
1344 1357
1345 1356
1346 1355
1347 1354
1348 1356
1349 1355
1350 1355
1351 1355
1352 1355
1353 1359
1354 1352
1355 1355
1356 1356
1357 1355
1358 1353
1359 1352
1360 1353
1361 1354
1362 1355
1363 1355
1364 1354
1365 1356
1366 1354
1367 1357
1368 1357
1369 1357
1370 1357
1371 1355
1372 1354
1373 1355
1374 1354
1375 1357
1376 1358
1377 1356
1378 1357
1379 1358
1380 1354
1381 1359
1382 1355
1383 1358
1384 1355
1385 1357
1386 1355
1387 1351
1388 1356
1389 1354
1390 1354
1391 1353
1392 1352
1393 1353
1394 1353
1395 1357
1396 1355
1397 1353
1398 1354
1399 1355
1400 1357
1401 1357
1402 1353
1403 1354
1404 1353
1405 1357
1406 1356
1407 1355
1408 1354
1409 1352
1410 1351
1411 1355
1412 1352
1413 1353
1414 1356
1415 1354
1416 1355
1417 1352
1418 1354
1419 1353
1420 1356
1421 1355
1422 1351
1423 1353
1424 1355
1425 1355
1426 1355
1427 1356
1428 1356
1429 1356
1430 1357
1431 1357
1432 1356
1433 1354
1434 1355
1435 1357
1436 1356
1437 1354
1438 1352
1439 1354
1440 1357
1441 1355
1442 1354
1443 1354
1444 1359
1445 1357
1446 1356
1447 1354
1448 1353
1449 1354
1450 1352
1451 1354
1452 1354
1453 1357
1454 1358
1455 1354
1456 1355
1457 1356
1458 1356
1459 1354
1460 1357
1461 1355
1462 1355
1463 1356
1464 1357
1465 1354
1466 1355
1467 1354
1468 1355
1469 1354
1470 1354
1471 1356
1472 1357
1473 1355
1474 1355
1475 1352
1476 1353
1477 1353
1478 1354
1479 1353
1480 1353
1481 1354
1482 1356
1483 1356
1484 1356
1485 1356
1486 1356
1487 1353
1488 1355
1489 1356
1490 1359
1491 1354
1492 1356
1493 1354
1494 1357
1495 1352
1496 1354
1497 1357
1498 1360
1499 1357
1500 1357
1501 1355
1502 1359
1503 1356
1504 1358
1505 1352
1506 1355
1507 1353
1508 1355
1509 1350
1510 1353
1511 1353
1512 1358
1513 1354
1514 1356
1515 1353
1516 1357
1517 1354
1518 1356
1519 1356
1520 1357
1521 1353
1522 1353
1523 1353
1524 1354
1525 1352
1526 1354
1527 1355
1528 1353
1529 1354
1530 1354
1531 1355
1532 1356
1533 1356
1534 1354
1535 1355
1536 1353
1537 1357
1538 1355
1539 1357
1540 1355
1541 1352
1542 1357
1543 1357
1544 1356
1545 1350
1546 1354
1547 1353
1548 1356
1549 1357
1550 1355
1551 1354
1552 1355
1553 1355
1554 1355
1555 1354
1556 1353
1557 1355
1558 1358
1559 1357
1560 1356
1561 1354
1562 1355
1563 1352
1564 1354
1565 1355
1566 1353
1567 1354
1568 1356
1569 1356
1570 1353
1571 1354
1572 1353
1573 1355
1574 1356
1575 1356
1576 1355
1577 1352
1578 1354
1579 1355
1580 1350
1581 1354
1582 1354
1583 1355
1584 1357
1585 1352
1586 1356
1587 1356
1588 1357
1589 1356
1590 1356
1591 1356
1592 1356
1593 1354
1594 1356
1595 1357
1596 1355
1597 1355
1598 1353
1599 1355
1600 1355
1601 1355
1602 1356
1603 1355
1604 1353
1605 1355
1606 1356
1607 1356
1608 1356
1609 1355
1610 1355
1611 1357
1612 1355
1613 1355
1614 1353
1615 1354
1616 1356
1617 1356
1618 1355
1619 1356
1620 1355
1621 1353
1622 1355
1623 1357
1624 1357
1625 1356
1626 1355
1627 1356
1628 1355
1629 1354
1630 1356
1631 1357
1632 1357
1633 1355
1634 1355
1635 1358
1636 1356
1637 1355
1638 1354
1639 1355
1640 1356
1641 1359
1642 1356
1643 1355
1644 1356
1645 1357
1646 1356
1647 1356
1648 1355
1649 1355
1650 1356
1651 1358
1652 1356
1653 1357
1654 1355
1655 1357
1656 1356
1657 1353
1658 1356
1659 1354
1660 1356
1661 1357
1662 1356
1663 1353
1664 1354
1665 1355
1666 1354
1667 1354
1668 1359
1669 1356
1670 1355
1671 1353
1672 1355
1673 1356
1674 1353
1675 1351
1676 1357
1677 1362
1678 1358
1679 1354
1680 1354
1681 1354
1682 1355
1683 1356
1684 1355
1685 1355
1686 1356
1687 1358
1688 1356
1689 1356
1690 1355
1691 1357
1692 1356
1693 1357
1694 1355
1695 1353
1696 1353
1697 1357
1698 1358
1699 1355
1700 1352
1701 1353
1702 1355
1703 1357
1704 1354
1705 1353
1706 1353
1707 1354
1708 1353
1709 1354
1710 1355
1711 1355
1712 1355
1713 1354
1714 1353
1715 1352
1716 1353
1717 1356
1718 1354
1719 1358
1720 1354
1721 1353
1722 1355
1723 1354
1724 1353
1725 1355
1726 1352
1727 1353
1728 1352
1729 1357
1730 1357
1731 1357
1732 1356
1733 1355
1734 1356
1735 1353
1736 1355
1737 1359
1738 1356
1739 1354
1740 1357
1741 1358
1742 1356
1743 1356
1744 1357
1745 1357
1746 1355
1747 1357
1748 1353
1749 1354
1750 1355
1751 1358
1752 1355
1753 1357
1754 1355
1755 1357
1756 1355
1757 1353
1758 1354
1759 1355
1760 1354
1761 1355
1762 1353
1763 1357
1764 1353
1765 1355
1766 1356
1767 1357
1768 1354
1769 1357
1770 1355
1771 1357
1772 1357
1773 1355
1774 1356
1775 1354
1776 1355
1777 1354
1778 1356
1779 1354
1780 1355
1781 1354
1782 1355
1783 1356
1784 1358
1785 1355
1786 1356
1787 1353
1788 1355
1789 1355
1790 1357
1791 1356
1792 1355
1793 1357
1794 1355
1795 1356
1796 1357
1797 1355
1798 1354
1799 1353
1800 1355
1801 1355
1802 1354
1803 1355
1804 1358
1805 1357
1806 1356
1807 1357
1808 1354
1809 1356
1810 1356
1811 1352
1812 1354
1813 1354
1814 1356
1815 1355
1816 1355
1817 1357
1818 1356
1819 1356
1820 1354
1821 1354
1822 1354
1823 1356
1824 1355
1825 1356
1826 1356
1827 1354
1828 1356
1829 1357
1830 1355
1831 1357
1832 1356
1833 1355
1834 1357
1835 1355
1836 1358
1837 1355
1838 1357
1839 1356
1840 1356
1841 1355
1842 1355
1843 1356
1844 1354
1845 1355
1846 1355
1847 1355
1848 1355
1849 1355
1850 1354
1851 1355
1852 1356
1853 1357
1854 1355
1855 1353
1856 1355
1857 1358
1858 1357
1859 1355
1860 1354
1861 1353
1862 1358
1863 1357
1864 1356
1865 1354
1866 1353
1867 1356
1868 1358
1869 1355
1870 1355
1871 1354
1872 1354
1873 1355
1874 1353
1875 1353
1876 1353
1877 1357
1878 1358
1879 1357
1880 1353
1881 1352
1882 1353
1883 1357
1884 1355
1885 1355
1886 1355
1887 1355
1888 1354
1889 1352
1890 1354
1891 1355
1892 1357
1893 1355
1894 1357
1895 1354
1896 1356
1897 1357
1898 1356
1899 1357
1900 1354
1901 1352
1902 1353
1903 1357
1904 1352
1905 1353
1906 1354
1907 1353
1908 1352
1909 1355
1910 1354
1911 1355
1912 1356
1913 1354
1914 1356
1915 1354
1916 1357
1917 1355
1918 1354
1919 1354
1920 1356
1921 1357
1922 1356
1923 1353
1924 1355
1925 1356
1926 1355
1927 1355
1928 1356
1929 1356
1930 1356
1931 1352
1932 1354
1933 1357
1934 1356
1935 1356
1936 1354
1937 1352
1938 1355
1939 1353
1940 1355
1941 1352
1942 1355
1943 1354
1944 1355
1945 1355
1946 1354
1947 1356
1948 1358
1949 1357
1950 1356
1951 1355
1952 1357
1953 1355
1954 1356
1955 1357
1956 1354
1957 1357
1958 1355
1959 1355
1960 1356
1961 1356
1962 1355
1963 1356
1964 1354
1965 1357
1966 1354
1967 1352
1968 1356
1969 1355
1970 1354
1971 1350
1972 1357
1973 1354
1974 1356
1975 1355
1976 1354
1977 1355
1978 1355
1979 1354
1980 1354
1981 1354
1982 1354
1983 1357
1984 1354
1985 1355
1986 1355
1987 1356
1988 1354
1989 1356
1990 1355
1991 1355
1992 1352
1993 1356
1994 1355
1995 1354
1996 1354
1997 1354
1998 1354
1999 1354
2000 1353
2001 1352
2002 1353
2003 1353
2004 1353
2005 1354
2006 1356
2007 1354
2008 1354
2009 1356
2010 1355
2011 1356
2012 1354
2013 1356
2014 1358
2015 1354
2016 1353
2017 1355
2018 1356
2019 1354
2020 1354
2021 1355
2022 1356
2023 1355
2024 1352
2025 1353
2026 1353
2027 1353
2028 1355
2029 1355
2030 1354
2031 1355
2032 1354
2033 1353
2034 1354
2035 1352
2036 1355
2037 1359
2038 1359
2039 1357
2040 1352
2041 1356
2042 1358
2043 1358
2044 1354
2045 1354
2046 1357
2047 1357
2048 1356
2049 1355
2050 1355
2051 1356
2052 1356
2053 1353
2054 1353
2055 1352
2056 1351
2057 1354
2058 1354
2059 1356
2060 1353
2061 1354
2062 1356
2063 1356
2064 1356
2065 1355
2066 1353
2067 1354
2068 1356
2069 1353
2070 1355
2071 1353
2072 1356
2073 1356
2074 1353
2075 1353
2076 1357
2077 1357
2078 1359
2079 1357
2080 1357
2081 1353
2082 1356
2083 1355
2084 1356
2085 1355
2086 1354
2087 1356
2088 1354
2089 1356
2090 1351
2091 1355
2092 1353
2093 1354
2094 1354
2095 1354
2096 1355
2097 1356
2098 1355
2099 1355
2100 1356
2101 1356
2102 1354
2103 1357
2104 1356
2105 1356
2106 1356
2107 1358
2108 1355
2109 1355
2110 1352
2111 1354
2112 1356
2113 1357
2114 1355
2115 1353
2116 1357
2117 1357
2118 1356
2119 1351
2120 1355
2121 1356
2122 1356
2123 1355
2124 1356
2125 1357
2126 1357
2127 1356
2128 1354
2129 1355
2130 1357
2131 1356
2132 1354
2133 1356
2134 1354
2135 1354
2136 1355
2137 1356
2138 1358
2139 1355
2140 1354
2141 1356
2142 1357
2143 1355
2144 1356
2145 1356
2146 1354
2147 1355
2148 1356
2149 1352
2150 1354
2151 1356
2152 1357
2153 1355
2154 1358
2155 1353
2156 1354
2157 1356
2158 1357
2159 1353
2160 1355
2161 1357
2162 1357
2163 1355
2164 1357
2165 1354
2166 1355
2167 1355
2168 1354
2169 1354
2170 1359
2171 1355
2172 1358
2173 1357
2174 1355
2175 1353
2176 1356
2177 1355
2178 1354
2179 1353
2180 1357
2181 1354
2182 1358
2183 1355
2184 1355
2185 1354
2186 1356
2187 1356
2188 1358
2189 1356
2190 1357
2191 1356
2192 1356
2193 1355
2194 1354
2195 1353
2196 1356
2197 1355
2198 1356
2199 1355
2200 1355
2201 1352
2202 1357
2203 1355
2204 1356
2205 1355
2206 1355
2207 1354
2208 1356
2209 1355
2210 1355
2211 1355
2212 1355
2213 1354
2214 1352
2215 1354
2216 1355
2217 1356
2218 1356
2219 1352
2220 1354
2221 1357
2222 1357
2223 1355
2224 1357
2225 1355
2226 1356
2227 1356
2228 1356
2229 1354
2230 1356
2231 1356
2232 1357
2233 1355
2234 1356
2235 1354
2236 1355
2237 1353
2238 1356
2239 1360
2240 1355
2241 1353
2242 1354
2243 1356
2244 1356
2245 1352
2246 1353
2247 1352
2248 1356
2249 1355
2250 1354
2251 1354
2252 1356
2253 1356
2254 1355
2255 1356
2256 1357
2257 1357
2258 1357
2259 1353
2260 1357
2261 1354
2262 1356
2263 1354
2264 1355
2265 1353
2266 1355
2267 1355
2268 1356
2269 1354
2270 1356
2271 1353
2272 1356
2273 1354
2274 1357
2275 1357
2276 1356
2277 1357
2278 1354
2279 1354
2280 1354
2281 1356
2282 1356
2283 1354
2284 1356
2285 1355
2286 1359
2287 1356
2288 1356
2289 1355
2290 1356
2291 1357
2292 1356
2293 1355
2294 1354
2295 1355
2296 1358
2297 1356
2298 1354
2299 1355
2300 1356
2301 1354
2302 1356
2303 1355
2304 1354
2305 1354
2306 1354
2307 1355
2308 1353
2309 1356
2310 1355
2311 1358
2312 1355
2313 1354
2314 1357
2315 1354
2316 1357
2317 1356
2318 1356
2319 1354
2320 1356
2321 1355
2322 1357
2323 1356
2324 1354
2325 1354
2326 1354
2327 1356
2328 1357
2329 1354
2330 1356
2331 1353
2332 1356
2333 1354
2334 1355
2335 1355
2336 1355
2337 1356
2338 1355
2339 1352
2340 1355
2341 1355
2342 1357
2343 1355
2344 1357
2345 1355
2346 1356
2347 1353
2348 1356
2349 1355
2350 1355
2351 1354
2352 1354
2353 1356
2354 1356
2355 1354
2356 1355
2357 1354
2358 1357
2359 1356
2360 1357
2361 1354
2362 1355
2363 1355
2364 1356
2365 1355
2366 1355
2367 1353
2368 1355
2369 1354
2370 1355
2371 1355
2372 1355
2373 1354
2374 1352
2375 1355
2376 1356
2377 1358
2378 1356
2379 1356
2380 1356
2381 1357
2382 1355
2383 1356
2384 1354
2385 1356
2386 1359
2387 1355
2388 1358
2389 1352
2390 1358
2391 1356
2392 1355
2393 1355
2394 1353
2395 1355
2396 1353
2397 1356
2398 1355
2399 1353
2400 1355
2401 1357
2402 1356
2403 1354
2404 1356
2405 1352
2406 1354
2407 1353
2408 1355
2409 1356
2410 1356
2411 1355
2412 1357
2413 1356
2414 1354
2415 1357
2416 1355
2417 1352
2418 1355
2419 1357
2420 1352
2421 1352
2422 1356
2423 1358
2424 1356
2425 1355
2426 1354
2427 1356
2428 1354
2429 1356
2430 1356
2431 1359
2432 1356
2433 1354
2434 1354
2435 1354
2436 1358
2437 1357
2438 1354
2439 1352
2440 1355
2441 1355
2442 1355
2443 1356
2444 1355
2445 1352
2446 1354
2447 1357
2448 1355
2449 1355
2450 1356
2451 1355
2452 1354
2453 1355
2454 1354
2455 1353
2456 1356
2457 1355
2458 1356
2459 1353
2460 1356
2461 1352
2462 1354
2463 1357
2464 1355
2465 1356
2466 1357
2467 1355
2468 1356
2469 1360
2470 1358
2471 1357
2472 1355
2473 1353
2474 1355
2475 1355
2476 1355
2477 1358
2478 1357
2479 1358
2480 1356
2481 1354
2482 1356
2483 1355
2484 1354
2485 1355
2486 1357
2487 1353
2488 1356
2489 1354
2490 1352
2491 1353
2492 1356
2493 1355
2494 1357
2495 1357
2496 1354
2497 1359
2498 1353
2499 1353
2500 1356
2501 1357
2502 1355
2503 1357
2504 1356
2505 1356
2506 1357
2507 1357
2508 1354
2509 1357
2510 1353
2511 1356
2512 1356
2513 1356
2514 1352
2515 1353
2516 1356
2517 1356
2518 1356
2519 1353
2520 1353
2521 1354
2522 1354
2523 1356
2524 1357
2525 1355
2526 1356
2527 1357
2528 1356
2529 1353
2530 1355
2531 1357
2532 1354
2533 1354
2534 1355
2535 1355
2536 1357
2537 1357
2538 1356
2539 1357
2540 1355
2541 1356
2542 1354
2543 1354
2544 1354
2545 1353
2546 1354
2547 1355
2548 1355
2549 1354
2550 1355
2551 1355
2552 1354
2553 1352
2554 1354
2555 1355
2556 1353
2557 1358
2558 1354
2559 1355
2560 1354
2561 1355
2562 1358
2563 1355
2564 1353
2565 1356
2566 1355
2567 1358
2568 1356
2569 1358
2570 1356
2571 1357
2572 1356
2573 1356
2574 1355
2575 1356
2576 1355
2577 1357
2578 1358
2579 1356
2580 1354
2581 1353
2582 1352
2583 1356
2584 1356
2585 1352
2586 1352
2587 1356
2588 1357
2589 1357
2590 1356
2591 1356
2592 1356
2593 1355
2594 1356
2595 1356
2596 1356
2597 1353
2598 1355
2599 1357
2600 1352
2601 1354
2602 1358
2603 1357
2604 1354
2605 1353
2606 1355
2607 1358
2608 1355
2609 1354
2610 1357
2611 1357
2612 1355
2613 1357
2614 1354
2615 1354
2616 1356
2617 1356
2618 1357
2619 1356
2620 1353
2621 1355
2622 1355
2623 1356
2624 1356
2625 1355
2626 1356
2627 1355
2628 1356
2629 1355
2630 1354
2631 1352
2632 1356
2633 1357
2634 1354
2635 1357
2636 1355
2637 1354
2638 1354
2639 1357
2640 1356
2641 1355
2642 1352
2643 1353
2644 1352
2645 1357
2646 1354
2647 1356
2648 1354
2649 1355
2650 1353
2651 1355
2652 1355
2653 1358
2654 1355
2655 1354
2656 1353
2657 1354
2658 1354
2659 1354
2660 1356
2661 1355
2662 1354
2663 1352
2664 1353
2665 1355
2666 1356
2667 1353
2668 1355
2669 1355
2670 1354
2671 1355
2672 1353
2673 1354
2674 1352
2675 1356
2676 1354
2677 1354
2678 1356
2679 1353
2680 1354
2681 1354
2682 1353
2683 1355
2684 1354
2685 1355
2686 1354
2687 1352
2688 1357
2689 1355
2690 1353
2691 1357
2692 1357
2693 1357
2694 1355
2695 1353
2696 1357
2697 1354
2698 1356
2699 1355
2700 1353
2701 1356
2702 1353
2703 1356
2704 1353
2705 1352
2706 1354
2707 1356
2708 1357
2709 1355
2710 1352
2711 1355
2712 1357
2713 1357
2714 1354
2715 1355
2716 1355
2717 1358
2718 1354
2719 1355
2720 1356
2721 1357
2722 1356
2723 1357
2724 1353
2725 1356
2726 1354
2727 1356
2728 1357
2729 1355
2730 1353
2731 1354
2732 1355
2733 1356
2734 1354
2735 1353
2736 1355
2737 1355
2738 1357
2739 1353
2740 1356
2741 1358
2742 1353
2743 1357
2744 1354
2745 1355
2746 1356
2747 1358
2748 1354
2749 1353
2750 1354
2751 1354
2752 1355
2753 1356
2754 1355
2755 1354
2756 1353
2757 1361
2758 1360
2759 1353
2760 1353
2761 1353
2762 1356
2763 1358
2764 1355
2765 1355
2766 1355
2767 1356
2768 1357
2769 1355
2770 1355
2771 1357
2772 1354
2773 1356
2774 1353
2775 1358
2776 1356
2777 1351
2778 1354
2779 1358
2780 1356
2781 1353
2782 1352
2783 1358
2784 1357
2785 1357
2786 1355
2787 1362
2788 1359
2789 1358
2790 1355
2791 1357
2792 1354
2793 1353
2794 1354
2795 1353
2796 1353
2797 1356
2798 1354
2799 1354
2800 1356
2801 1354
2802 1353
2803 1357
2804 1354
2805 1354
2806 1351
2807 1357
2808 1354
2809 1354
2810 1353
2811 1355
2812 1357
2813 1357
2814 1356
2815 1356
2816 1359
2817 1357
2818 1356
2819 1354
2820 1356
2821 1358
2822 1354
2823 1354
2824 1353
2825 1353
2826 1355
2827 1354
2828 1353
2829 1353
2830 1354
2831 1355
2832 1353
2833 1352
2834 1355
2835 1356
2836 1356
2837 1354
2838 1356
2839 1356
2840 1356
2841 1353
2842 1354
2843 1354
2844 1352
2845 1353
2846 1355
2847 1357
2848 1358
2849 1355
2850 1353
2851 1356
2852 1358
2853 1354
2854 1355
2855 1352
2856 1354
2857 1355
2858 1356
2859 1354
2860 1357
2861 1355
2862 1356
2863 1354
2864 1352
2865 1353
2866 1355
2867 1357
2868 1353
2869 1356
2870 1355
2871 1355
2872 1356
2873 1357
2874 1358
2875 1355
2876 1355
2877 1352
2878 1356
2879 1354
2880 1356
2881 1353
2882 1357
2883 1356
2884 1356
2885 1354
2886 1356
2887 1355
2888 1356
2889 1355
2890 1356
2891 1356
2892 1356
2893 1355
2894 1356
2895 1355
2896 1356
2897 1355
2898 1357
2899 1357
2900 1353
2901 1356
2902 1354
2903 1356
2904 1354
2905 1355
2906 1356
2907 1356
2908 1358
2909 1354
2910 1356
2911 1359
2912 1356
2913 1355
2914 1355
2915 1355
2916 1352
2917 1354
2918 1356
2919 1356
2920 1356
2921 1356
2922 1356
2923 1355
2924 1356
2925 1357
2926 1354
2927 1358
2928 1357
2929 1354
2930 1353
2931 1356
2932 1355
2933 1356
2934 1353
2935 1355
2936 1352
2937 1356
2938 1355
2939 1352
2940 1355
2941 1355
2942 1355
2943 1356
2944 1353
2945 1351
2946 1353
2947 1356
2948 1358
2949 1355
2950 1355
2951 1357
2952 1353
2953 1357
2954 1355
2955 1358
2956 1355
2957 1357
2958 1357
2959 1357
2960 1356
2961 1356
2962 1356
2963 1354
2964 1354
2965 1357
2966 1355
2967 1358
2968 1355
2969 1354
2970 1354
2971 1357
2972 1356
2973 1357
2974 1356
2975 1354
2976 1356
2977 1356
2978 1354
2979 1357
2980 1355
2981 1357
2982 1356
2983 1353
2984 1356
2985 1353
2986 1355
2987 1355
2988 1356
2989 1357
2990 1354
2991 1356
2992 1356
2993 1357
2994 1353
2995 1355
2996 1356
2997 1356
2998 1357
2999 1357
3000 1355
3001 1357
3002 1356
3003 1356
3004 1353
3005 1354
3006 1353
3007 1353
3008 1355
3009 1355
3010 1352
3011 1356
3012 1354
3013 1353
3014 1355
3015 1355
3016 1355
3017 1355
3018 1355
3019 1355
3020 1354
3021 1354
3022 1355
3023 1356
3024 1356
3025 1353
3026 1355
3027 1354
3028 1356
3029 1355
3030 1354
3031 1357
3032 1356
3033 1355
3034 1355
3035 1356
3036 1355
3037 1356
3038 1355
3039 1354
3040 1354
3041 1355
3042 1354
3043 1356
3044 1355
3045 1357
3046 1356
3047 1354
3048 1355
3049 1355
3050 1355
3051 1357
3052 1354
3053 1355
3054 1355
3055 1356
3056 1355
3057 1357
3058 1356
3059 1355
3060 1354
3061 1355
3062 1357
3063 1355
3064 1357
3065 1356
3066 1356
3067 1356
3068 1355
3069 1357
3070 1358
3071 1357
3072 1355
3073 1354
3074 1353
3075 1356
3076 1352
3077 1355
3078 1355
3079 1357
3080 1356
3081 1355
3082 1355
3083 1354
3084 1352
3085 1355
3086 1359
3087 1359
3088 1356
3089 1355
3090 1356
3091 1357
3092 1356
3093 1356
3094 1353
3095 1355
3096 1359
3097 1358
3098 1356
3099 1355
3100 1359
3101 1356
3102 1355
3103 1354
3104 1355
3105 1354
3106 1358
3107 1357
3108 1358
3109 1357
3110 1356
3111 1356
3112 1355
3113 1355
3114 1354
3115 1356
3116 1356
3117 1359
3118 1359
3119 1356
3120 1355
3121 1357
3122 1358
3123 1356
3124 1356
3125 1355
3126 1356
3127 1357
3128 1355
3129 1357
3130 1356
3131 1355
3132 1356
3133 1356
3134 1356
3135 1357
3136 1356
3137 1355
3138 1357
3139 1356
3140 1356
3141 1356
3142 1358
3143 1357
3144 1358
3145 1356
3146 1358
3147 1357
3148 1353
3149 1355
3150 1355
3151 1356
3152 1355
3153 1357
3154 1355
3155 1354
3156 1355
3157 1360
3158 1356
3159 1355
3160 1356
3161 1355
3162 1355
3163 1356
3164 1354
3165 1355
3166 1356
3167 1355
3168 1354
3169 1354
3170 1354
3171 1357
3172 1357
3173 1355
3174 1355
3175 1357
3176 1355
3177 1357
3178 1356
3179 1357
3180 1359
3181 1359
3182 1356
3183 1356
3184 1353
3185 1356
3186 1353
3187 1356
3188 1356
3189 1357
3190 1355
3191 1356
3192 1358
3193 1361
3194 1354
3195 1353
3196 1355
3197 1357
3198 1356
3199 1355
3200 1355
3201 1357
3202 1356
3203 1356
3204 1357
3205 1356
3206 1357
3207 1356
3208 1356
3209 1354
3210 1353
3211 1356
3212 1353
3213 1357
3214 1354
3215 1355
3216 1353
3217 1355
3218 1354
3219 1355
3220 1354
3221 1355
3222 1351
3223 1356
3224 1354
3225 1357
3226 1355
3227 1356
3228 1353
3229 1352
3230 1355
3231 1355
3232 1355
3233 1357
3234 1354
3235 1356
3236 1355
3237 1357
3238 1356
3239 1357
3240 1355
3241 1356
3242 1354
3243 1356
3244 1355
3245 1357
3246 1354
3247 1355
3248 1354
3249 1354
3250 1353
3251 1354
3252 1356
3253 1355
3254 1356
3255 1357
3256 1355
3257 1357
3258 1356
3259 1355
3260 1357
3261 1358
3262 1355
3263 1356
3264 1354
3265 1356
3266 1355
3267 1353
3268 1356
3269 1357
3270 1357
3271 1355
3272 1360
3273 1356
3274 1356
3275 1356
3276 1356
3277 1355
3278 1357
3279 1357
3280 1355
3281 1357
3282 1355
3283 1354
3284 1356
3285 1353
3286 1354
3287 1354
3288 1355
3289 1356
3290 1355
3291 1357
3292 1356
3293 1357
3294 1355
3295 1352
3296 1353
3297 1358
3298 1355
3299 1357
3300 1356
3301 1354
3302 1357
3303 1355
3304 1357
3305 1355
3306 1356
3307 1353
3308 1356
3309 1353
3310 1352
3311 1351
3312 1355
3313 1354
3314 1353
3315 1356
3316 1353
3317 1354
3318 1355
3319 1353
3320 1356
3321 1355
3322 1355
3323 1353
3324 1356
3325 1358
3326 1358
3327 1356
3328 1355
3329 1357
3330 1354
3331 1354
3332 1356
3333 1353
3334 1354
3335 1355
3336 1356
3337 1358
3338 1355
3339 1354
3340 1355
3341 1354
3342 1356
3343 1357
3344 1356
3345 1356
3346 1354
3347 1356
3348 1355
3349 1353
3350 1355
3351 1355
3352 1354
3353 1354
3354 1355
3355 1355
3356 1355
3357 1355
3358 1354
3359 1356
3360 1355
3361 1356
3362 1358
3363 1357
3364 1355
3365 1356
3366 1355
3367 1356
3368 1358
3369 1357
3370 1356
3371 1355
3372 1356
3373 1357
3374 1356
3375 1354
3376 1355
3377 1357
3378 1354
3379 1354
3380 1355
3381 1354
3382 1354
3383 1356
3384 1356
3385 1357
3386 1354
3387 1355
3388 1353
3389 1357
3390 1355
3391 1356
3392 1355
3393 1354
3394 1353
3395 1355
3396 1357
3397 1353
3398 1353
3399 1352
3400 1355
3401 1355
3402 1357
3403 1356
3404 1357
3405 1354
3406 1354
3407 1353
3408 1354
3409 1353
3410 1353
3411 1351
3412 1355
3413 1353
3414 1355
3415 1355
3416 1355
3417 1353
3418 1354
3419 1356
3420 1357
3421 1357
3422 1356
3423 1357
3424 1355
3425 1353
3426 1355
3427 1357
3428 1354
3429 1355
3430 1354
3431 1355
3432 1356
3433 1356
3434 1357
3435 1354
3436 1355
3437 1354
3438 1355
3439 1356
3440 1357
3441 1357
3442 1357
3443 1356
3444 1354
3445 1357
3446 1353
3447 1355
3448 1356
3449 1356
3450 1358
3451 1355
3452 1357
3453 1355
3454 1355
3455 1355
3456 1355
3457 1356
3458 1357
3459 1357
3460 1356
3461 1354
3462 1355
3463 1357
3464 1353
3465 1354
3466 1354
3467 1356
3468 1356
3469 1354
3470 1356
3471 1357
3472 1356
3473 1356
3474 1351
3475 1353
3476 1353
3477 1358
3478 1357
3479 1357
3480 1356
3481 1356
3482 1356
3483 1355
3484 1355
3485 1352
3486 1355
3487 1355
3488 1356
3489 1354
3490 1354
3491 1356
3492 1353
3493 1352
3494 1355
3495 1353
3496 1351
3497 1354
3498 1354
3499 1355
3500 1356
3501 1352
3502 1354
3503 1356
3504 1355
3505 1357
3506 1354
3507 1351
3508 1354
3509 1357
3510 1356
3511 1356
3512 1354
3513 1355
3514 1355
3515 1355
3516 1352
3517 1354
3518 1357
3519 1354
3520 1352
3521 1355
3522 1352
3523 1357
3524 1354
3525 1355
3526 1354
3527 1354
3528 1353
3529 1354
3530 1355
3531 1353
3532 1354
3533 1354
3534 1352
3535 1354
3536 1354
3537 1353
3538 1354
3539 1357
3540 1354
3541 1356
3542 1356
3543 1356
3544 1356
3545 1352
3546 1356
3547 1354
3548 1359
3549 1354
3550 1357
3551 1353
3552 1352
3553 1355
3554 1355
3555 1355
3556 1354
3557 1357
3558 1356
3559 1357
3560 1355
3561 1354
3562 1353
3563 1353
3564 1354
3565 1356
3566 1352
3567 1355
3568 1355
3569 1356
3570 1356
3571 1354
3572 1352
3573 1354
3574 1355
3575 1356
3576 1357
3577 1354
3578 1355
3579 1357
3580 1356
3581 1354
3582 1357
3583 1353
3584 1354
3585 1357
3586 1354
3587 1353
3588 1354
3589 1352
3590 1355
3591 1357
3592 1356
3593 1356
3594 1354
3595 1355
3596 1354
3597 1353
3598 1355
3599 1356
3600 1355
3601 1355
3602 1354
3603 1354
3604 1355
3605 1357
3606 1355
3607 1357
3608 1356
3609 1355
3610 1356
3611 1356
3612 1354
3613 1355
3614 1355
3615 1356
3616 1355
3617 1354
3618 1356
3619 1354
3620 1354
3621 1355
3622 1355
3623 1356
3624 1353
3625 1355
3626 1356
3627 1353
3628 1354
3629 1354
3630 1354
3631 1356
3632 1357
3633 1356
3634 1356
3635 1357
3636 1354
3637 1354
3638 1358
3639 1355
3640 1356
3641 1357
3642 1356
3643 1357
3644 1353
3645 1355
3646 1352
3647 1352
3648 1353
3649 1356
3650 1357
3651 1359
3652 1353
3653 1353
3654 1355
3655 1354
3656 1357
3657 1354
3658 1357
3659 1357
3660 1357
3661 1355
3662 1354
3663 1354
3664 1356
3665 1357
3666 1354
3667 1357
3668 1356
3669 1355
3670 1353
3671 1353
3672 1353
3673 1354
3674 1357
3675 1351
3676 1355
3677 1354
3678 1354
3679 1354
3680 1355
3681 1354
3682 1354
3683 1357
3684 1353
3685 1354
3686 1355
3687 1355
3688 1355
3689 1355
3690 1354
3691 1356
3692 1356
3693 1353
3694 1356
3695 1355
3696 1355
3697 1357
3698 1352
3699 1355
3700 1356
3701 1357
3702 1354
3703 1355
3704 1354
3705 1355
3706 1355
3707 1358
3708 1356
3709 1354
3710 1353
3711 1353
3712 1355
3713 1357
3714 1355
3715 1355
3716 1354
3717 1355
3718 1356
3719 1357
3720 1358
3721 1356
3722 1352
3723 1355
3724 1355
3725 1356
3726 1356
3727 1354
3728 1354
3729 1355
3730 1355
3731 1356
3732 1355
3733 1357
3734 1355
3735 1353
3736 1355
3737 1355
3738 1356
3739 1357
3740 1357
3741 1356
3742 1356
3743 1355
3744 1355
3745 1357
3746 1357
3747 1359
3748 1357
3749 1355
3750 1357
3751 1355
3752 1356
3753 1356
3754 1356
3755 1356
3756 1357
3757 1356
3758 1354
3759 1356
3760 1356
3761 1353
3762 1356
3763 1356
3764 1357
3765 1355
3766 1355
3767 1353
3768 1355
3769 1356
3770 1354
3771 1355
3772 1351
3773 1355
3774 1355
3775 1357
3776 1354
3777 1355
3778 1353
3779 1355
3780 1355
3781 1354
3782 1355
3783 1355
3784 1355
3785 1357
3786 1355
3787 1359
3788 1355
3789 1355
3790 1356
3791 1357
3792 1355
3793 1358
3794 1355
3795 1356
3796 1356
3797 1355
3798 1359
3799 1357
3800 1354
3801 1355
3802 1354
3803 1355
3804 1355
3805 1354
3806 1355
3807 1356
3808 1355
3809 1359
3810 1356
3811 1356
3812 1355
3813 1358
3814 1354
3815 1355
3816 1354
3817 1355
3818 1356
3819 1356
3820 1355
3821 1358
3822 1357
3823 1356
3824 1356
3825 1354
3826 1356
3827 1356
3828 1355
3829 1355
3830 1354
3831 1356
3832 1357
3833 1356
3834 1356
3835 1355
3836 1356
3837 1357
3838 1358
3839 1355
3840 1354
3841 1355
3842 1356
3843 1355
3844 1358
3845 1355
3846 1354
3847 1355
3848 1357
3849 1357
3850 1355
3851 1354
3852 1355
3853 1355
3854 1354
3855 1354
3856 1354
3857 1357
3858 1356
3859 1354
3860 1353
3861 1353
3862 1353
3863 1356
3864 1354
3865 1353
3866 1355
3867 1355
3868 1353
3869 1356
3870 1353
3871 1355
3872 1354
3873 1354
3874 1355
3875 1356
3876 1358
3877 1354
3878 1357
3879 1357
3880 1353
3881 1354
3882 1354
3883 1356
3884 1356
3885 1355
3886 1352
3887 1353
3888 1355
3889 1357
3890 1355
3891 1356
3892 1356
3893 1355
3894 1355
3895 1356
3896 1353
3897 1355
3898 1355
3899 1356
3900 1354
3901 1357
3902 1356
3903 1356
3904 1357
3905 1356
3906 1355
3907 1356
3908 1357
3909 1353
3910 1356
3911 1356
3912 1355
3913 1356
3914 1358
3915 1356
3916 1357
3917 1353
3918 1356
3919 1355
3920 1356
3921 1355
3922 1355
3923 1356
3924 1356
3925 1351
3926 1356
3927 1354
3928 1355
3929 1355
3930 1355
3931 1357
3932 1353
3933 1355
3934 1355
3935 1355
3936 1354
3937 1354
3938 1355
3939 1356
3940 1355
3941 1356
3942 1357
3943 1357
3944 1357
3945 1355
3946 1356
3947 1357
3948 1357
3949 1354
3950 1355
3951 1353
3952 1354
3953 1355
3954 1354
3955 1356
3956 1354
3957 1353
3958 1354
3959 1353
3960 1354
3961 1358
3962 1355
3963 1355
3964 1353
3965 1355
3966 1354
3967 1355
3968 1356
3969 1353
3970 1353
3971 1355
3972 1353
3973 1356
3974 1355
3975 1357
3976 1354
3977 1356
3978 1355
3979 1357
3980 1356
3981 1353
3982 1355
3983 1356
3984 1354
3985 1353
3986 1354
3987 1357
3988 1356
3989 1356
3990 1353
3991 1355
3992 1356
3993 1353
3994 1354
3995 1351
3996 1356
3997 1356
3998 1354
3999 1357
