0 1354
1 1356
2 1352
3 1353
4 1355
5 1355
6 1351
7 1357
8 1356
9 1354
10 1354
11 1353
12 1354
13 1355
14 1354
15 1355
16 1356
17 1355
18 1354
19 1356
20 1353
21 1357
22 1356
23 1355
24 1354
25 1354
26 1352
27 1354
28 1351
29 1353
30 1354
31 1353
32 1353
33 1355
34 1354
35 1356
36 1354
37 1356
38 1355
39 1354
40 1355
41 1355
42 1352
43 1357
44 1357
45 1355
46 1355
47 1353
48 1353
49 1356
50 1353
51 1355
52 1355
53 1354
54 1355
55 1355
56 1355
57 1353
58 1356
59 1355
60 1355
61 1352
62 1355
63 1354
64 1354
65 1355
66 1358
67 1356
68 1356
69 1354
70 1357
71 1356
72 1355
73 1356
74 1353
75 1355
76 1357
77 1356
78 1357
79 1352
80 1356
81 1357
82 1355
83 1355
84 1355
85 1357
86 1355
87 1357
88 1354
89 1354
90 1353
91 1357
92 1355
93 1354
94 1356
95 1356
96 1357
97 1355
98 1354
99 1353
100 1355
101 1356
102 1356
103 1354
104 1355
105 1357
106 1356
107 1358
108 1353
109 1354
110 1354
111 1357
112 1357
113 1357
114 1354
115 1355
116 1352
117 1355
118 1355
119 1356
120 1354
121 1355
122 1358
123 1356
124 1353
125 1356
126 1354
127 1355
128 1354
129 1355
130 1356
131 1357
132 1355
133 1355
134 1354
135 1353
136 1355
137 1356
138 1356
139 1357
140 1355
141 1354
142 1354
143 1357
144 1353
145 1354
146 1356
147 1355
148 1353
149 1352
150 1354
151 1356
152 1356
153 1357
154 1356
155 1355
156 1355
157 1355
158 1355
159 1354
160 1356
161 1357
162 1354
163 1354
164 1356
165 1355
166 1355
167 1356
168 1353
169 1353
170 1355
171 1354
172 1353
173 1355
174 1355
175 1354
176 1356
177 1355
178 1356
179 1353
180 1353
181 1353
182 1356
183 1353
184 1353
185 1352
186 1350
187 1356
188 1353
189 1358
190 1355
191 1357
192 1355
193 1355
194 1354
195 1355
196 1354
197 1356
198 1354
199 1356
200 1354
201 1353
202 1354
203 1354
204 1356
205 1357
206 1357
207 1354
208 1356
209 1352
210 1356
211 1355
212 1356
213 1353
214 1355
215 1355
216 1353
217 1352
218 1355
219 1355
220 1356
221 1356
222 1355
223 1355
224 1354
225 1354
226 1354
227 1354
228 1357
229 1354
230 1355
231 1356
232 1354
233 1353
234 1354
235 1356
236 1357
237 1357
238 1355
239 1353
240 1356
241 1352
242 1354
243 1355
244 1352
245 1352
246 1354
247 1355
248 1355
249 1357
250 1356
251 1353
252 1356
253 1355
254 1353
255 1358
256 1353
257 1357
258 1358
259 1353
260 1354
261 1353
262 1354
263 1353
264 1353
265 1357
266 1355
267 1355
268 1353
269 1353
270 1355
271 1354
272 1356
273 1353
274 1352
275 1356
276 1353
277 1354
278 1356
279 1352
280 1355
281 1357
282 1355
283 1356
284 1356
285 1354
286 1356
287 1354
288 1354
289 1356
290 1353
291 1354
292 1353
293 1355
294 1356
295 1355
296 1353
297 1353
298 1356
299 1355
300 1352
301 1352
302 1356
303 1355
304 1356
305 1351
306 1353
307 1358
308 1356
309 1356
310 1356
311 1355
312 1355
313 1357
314 1354
315 1356
316 1355
317 1356
318 1357
319 1353
320 1355
321 1357
322 1354
323 1355
324 1355
325 1358
326 1355
327 1354
328 1353
329 1355
330 1354
331 1355
332 1354
333 1356
334 1354
335 1357
336 1354
337 1353
338 1352
339 1354
340 1355
341 1354
342 1353
343 1355
344 1352
345 1357
346 1355
347 1357
348 1356
349 1357
350 1354
351 1354
352 1355
353 1355
354 1353
355 1354
356 1355
357 1355
358 1356
359 1355
360 1354
361 1354
362 1356
363 1355
364 1354
365 1356
366 1355
367 1356
368 1356
369 1355
370 1355
371 1355
372 1356
373 1353
374 1354
375 1356
376 1352
377 1353
378 1354
379 1355
380 1354
381 1357
382 1354
383 1357
384 1351
385 1357
386 1356
387 1354
388 1352
389 1357
390 1353
391 1356
392 1354
393 1356
394 1357
395 1357
396 1354
397 1353
398 1352
399 1356
400 1356
401 1357
402 1354
403 1355
404 1356
405 1356
406 1355
407 1354
408 1352
409 1353
410 1353
411 1355
412 1356
413 1356
414 1354
415 1357
416 1352
417 1356
418 1354
419 1357
420 1354
421 1352
422 1353
423 1355
424 1356
425 1353
426 1353
427 1352
428 1354
429 1355
430 1355
431 1356
432 1354
433 1357
434 1356
435 1356
436 1355
437 1359
438 1355
439 1356
440 1355
441 1357
442 1353
443 1355
444 1355
445 1357
446 1357
447 1355
448 1354
449 1355
450 1356
451 1355
452 1353
453 1355
454 1353
455 1353
456 1351
457 1357
458 1353
459 1354
460 1354
461 1354
462 1356
463 1358
464 1356
465 1355
466 1356
467 1354
468 1353
469 1356
470 1355
471 1357
472 1355
473 1355
474 1353
475 1357
476 1356
477 1357
478 1351
479 1353
480 1354
481 1356
482 1355
483 1355
484 1354
485 1352
486 1354
487 1357
488 1356
489 1356
490 1357
491 1355
492 1355
493 1355
494 1354
495 1357
496 1357
497 1357
498 1357
499 1356
500 1354
501 1356
502 1354
503 1357
504 1356
505 1357
506 1354
507 1354
508 1353
509 1356
510 1355
511 1354
512 1355
513 1352
514 1353
515 1357
516 1355
517 1357
518 1351
519 1352
520 1351
521 1353
522 1354
523 1354
524 1354
525 1354
526 1353
527 1357
528 1357
529 1357
530 1356
531 1358
532 1355
533 1357
534 1357
535 1361
536 1367
537 1373
538 1386
539 1405
540 1435
541 1469
542 1514
543 1569
544 1628
545 1695
546 1762
547 1830
548 1892
549 1956
550 2018
551 2073
552 2122
553 2165
554 2204
555 2230
556 2255
557 2266
558 2273
559 2274
560 2268
561 2255
562 2238
563 2215
564 2191
565 2165
566 2134
567 2105
568 2079
569 2048
570 2021
571 1988
572 1958
573 1924
574 1896
575 1865
576 1841
577 1810
578 1783
579 1756
580 1731
581 1706
582 1685
583 1664
584 1642
585 1626
586 1609
587 1597
588 1580
589 1567
590 1553
591 1544
592 1529
593 1520
594 1506
595 1498
596 1486
597 1481
598 1473
599 1465
600 1460
601 1452
602 1444
603 1439
604 1429
605 1425
606 1416
607 1414
608 1405
609 1405
610 1398
611 1401
612 1392
613 1391
614 1387
615 1389
616 1385
617 1382
618 1383
619 1384
620 1381
621 1381
622 1378
623 1376
624 1373
625 1373
626 1375
627 1373
628 1370
629 1370
630 1366
631 1371
632 1368
633 1368
634 1364
635 1367
636 1364
637 1363
638 1363
639 1363
640 1363
641 1363
642 1362
643 1364
644 1363
645 1361
646 1360
647 1363
648 1362
649 1359
650 1360
651 1360
652 1358
653 1359
654 1358
655 1358
656 1356
657 1356
658 1356
659 1357
660 1357
661 1357
662 1358
663 1356
664 1356
665 1356
666 1357
667 1356
668 1356
669 1356
670 1355
671 1356
672 1356
673 1355
674 1356
675 1357
676 1357
677 1358
678 1357
679 1354
680 1354
681 1357
682 1355
683 1357
684 1357
685 1358
686 1356
687 1355
688 1354
689 1355
690 1353
691 1358
692 1354
693 1354
694 1355
695 1357
696 1355
697 1353
698 1352
699 1353
700 1353
701 1355
702 1356
703 1357
704 1355
705 1354
706 1355
707 1357
708 1353
709 1355
710 1353
711 1354
712 1355
713 1356
714 1355
715 1355
716 1354
717 1356
718 1356
719 1356
720 1355
721 1355
722 1355
723 1354
724 1352
725 1357
726 1356
727 1352
728 1355
729 1355
730 1352
731 1356
732 1356
733 1356
734 1356
735 1356
736 1355
737 1351
738 1351
739 1354
740 1353
741 1358
742 1354
743 1356
744 1355
745 1355
746 1356
747 1353
748 1354
749 1354
750 1352
751 1356
752 1353
753 1356
754 1356
755 1356
756 1356
757 1353
758 1354
759 1356
760 1356
761 1355
762 1354
763 1356
764 1355
765 1356
766 1355
767 1357
768 1357
769 1356
770 1355
771 1357
772 1353
773 1356
774 1356
775 1357
776 1355
777 1354
778 1353
779 1357
780 1356
781 1356
782 1356
783 1356
784 1357
785 1359
786 1356
787 1352
788 1351
789 1355
790 1352
791 1356
792 1350
793 1354
794 1354
795 1356
796 1353
797 1357
798 1358
799 1357
800 1355
801 1357
802 1356
803 1358
804 1355
805 1357
806 1357
807 1356
808 1353
809 1357
810 1354
811 1356
812 1356
813 1356
814 1355
815 1356
816 1355
817 1357
818 1355
819 1355
820 1355
821 1357
822 1354
823 1354
824 1353
825 1357
826 1355
827 1359
828 1353
829 1357
830 1352
831 1354
832 1355
833 1357
834 1353
835 1354
836 1356
837 1356
838 1355
839 1355
840 1354
841 1357
842 1354
843 1356
844 1357
845 1358
846 1354
847 1355
848 1356
849 1355
850 1356
851 1354
852 1353
853 1353
854 1356
855 1356
856 1355
857 1356
858 1356
859 1355
860 1355
861 1357
862 1356
863 1356
864 1355
865 1355
866 1353
867 1355
868 1354
869 1357
870 1352
871 1357
872 1356
873 1360
874 1355
875 1355
876 1355
877 1355
878 1354
879 1353
880 1356
881 1356
882 1353
883 1354
884 1353
885 1351
886 1354
887 1360
888 1356
889 1353
890 1353
891 1353
892 1353
893 1356
894 1353
895 1355
896 1353
897 1356
898 1353
899 1357
900 1356
901 1357
902 1355
903 1356
904 1353
905 1353
906 1354
907 1357
908 1356
909 1357
910 1352
911 1354
912 1357
913 1357
914 1356
915 1354
916 1355
917 1355
918 1354
919 1354
920 1355
921 1354
922 1355
923 1357
924 1358
925 1355
926 1356
927 1354
928 1356
929 1357
930 1356
931 1354
932 1358
933 1353
934 1354
935 1357
936 1355
937 1354
938 1354
939 1355
940 1355
941 1356
942 1356
943 1356
944 1356
945 1355
946 1354
947 1356
948 1355
949 1354
950 1356
951 1356
952 1355
953 1355
954 1357
955 1357
956 1353
957 1357
958 1357
959 1357
960 1356
961 1355
962 1354
963 1355
964 1355
965 1354
966 1353
967 1356
968 1356
969 1355
970 1352
971 1355
972 1352
973 1352
974 1355
975 1355
976 1355
977 1355
978 1356
979 1357
980 1353
981 1356
982 1357
983 1356
984 1356
985 1355
986 1356
987 1357
988 1357
989 1353
990 1352
991 1356
992 1356
993 1356
994 1353
995 1357
996 1357
997 1357
998 1356
999 1357
1000 1353
1001 1356
1002 1355
1003 1355
1004 1353
1005 1356
1006 1355
1007 1355
1008 1356
1009 1355
1010 1353
1011 1354
1012 1351
1013 1354
1014 1358
1015 1357
1016 1355
1017 1357
1018 1356
1019 1356
1020 1356
1021 1355
1022 1353
1023 1352
1024 1354
1025 1355
1026 1352
1027 1357
1028 1356
1029 1355
1030 1351
1031 1355
1032 1352
1033 1357
1034 1355
1035 1353
1036 1355
1037 1358
1038 1356
1039 1356
1040 1354
1041 1357
1042 1356
1043 1356
1044 1353
1045 1353
1046 1355
1047 1358
1048 1355
1049 1356
1050 1354
1051 1355
1052 1353
1053 1356
1054 1353
1055 1353
1056 1357
1057 1355
1058 1354
1059 1357
1060 1353
1061 1357
1062 1354
1063 1353
1064 1350
1065 1356
1066 1357
1067 1357
1068 1353
1069 1353
1070 1354
1071 1356
1072 1355
1073 1357
1074 1355
1075 1355
1076 1357
1077 1353
1078 1353
1079 1355
1080 1356
1081 1357
1082 1353
1083 1354
1084 1354
1085 1354
1086 1354
1087 1358
1088 1357
1089 1355
1090 1353
1091 1354
1092 1355
1093 1352
1094 1355
1095 1354
1096 1355
1097 1357
1098 1353
1099 1356
1100 1355
1101 1352
1102 1356
1103 1351
1104 1355
1105 1355
1106 1359
1107 1352
1108 1354
1109 1357
1110 1356
1111 1357
1112 1355
1113 1355
1114 1354
1115 1355
1116 1353
1117 1356
1118 1356
1119 1354
1120 1353
1121 1355
1122 1355
1123 1353
1124 1353
1125 1352
1126 1350
1127 1354
1128 1353
1129 1356
1130 1355
1131 1356
1132 1355
1133 1355
1134 1355
1135 1351
1136 1354
1137 1358
1138 1356
1139 1357
1140 1352
1141 1355
1142 1354
1143 1355
1144 1354
1145 1355
1146 1356
1147 1355
1148 1353
1149 1355
1150 1352
1151 1356
1152 1355
1153 1356
1154 1356
1155 1355
1156 1354
1157 1357
1158 1354
1159 1352
1160 1354
1161 1356
1162 1356
1163 1356
1164 1356
1165 1355
1166 1355
1167 1357
1168 1356
1169 1354
1170 1354
1171 1354
1172 1355
1173 1356
1174 1356
1175 1354
1176 1356
1177 1356
1178 1357
1179 1354
1180 1356
1181 1359
1182 1358
1183 1356
1184 1354
1185 1358
1186 1357
1187 1356
1188 1354
1189 1354
1190 1356
1191 1354
1192 1358
1193 1357
1194 1355
1195 1353
1196 1355
1197 1356
1198 1356
1199 1357
1200 1356
1201 1353
1202 1356
1203 1354
1204 1354
1205 1357
1206 1355
1207 1358
1208 1357
1209 1355
1210 1356
1211 1356
1212 1355
1213 1355
1214 1355
1215 1355
1216 1351
1217 1352
1218 1353
1219 1356
1220 1357
1221 1354
1222 1356
1223 1355
1224 1354
1225 1351
1226 1355
1227 1355
1228 1354
1229 1356
1230 1352
1231 1356
1232 1355
1233 1354
1234 1355
1235 1356
1236 1356
1237 1356
1238 1354
1239 1356
1240 1356
1241 1356
1242 1354
1243 1355
1244 1351
1245 1352
1246 1357
1247 1360
1248 1358
1249 1355
1250 1352
1251 1357
1252 1356
1253 1357
1254 1352
1255 1353
1256 1355
1257 1356
1258 1355
1259 1354
1260 1354
1261 1356
1262 1353
1263 1356
1264 1352
1265 1351
1266 1354
1267 1358
1268 1356
1269 1353
1270 1350
1271 1357
1272 1355
1273 1356
1274 1353
1275 1352
1276 1351
1277 1353
1278 1353
1279 1354
1280 1355
1281 1356
1282 1355
1283 1352
1284 1353
1285 1356
1286 1354
1287 1356
1288 1356
1289 1353
1290 1356
1291 1353
1292 1356
1293 1354
1294 1354
1295 1352
1296 1353
1297 1354
1298 1355
1299 1357
1300 1356
1301 1356
1302 1355
1303 1355
1304 1355
1305 1356
1306 1354
1307 1356
1308 1353
1309 1356
1310 1354
1311 1355
1312 1356
1313 1353
1314 1354
1315 1355
1316 1354
1317 1356
1318 1356
1319 1355
1320 1356
1321 1355
1322 1352
1323 1354
1324 1354
1325 1354
1326 1355
1327 1353
1328 1356
1329 1357
1330 1357
1331 1353
1332 1356
1333 1354
1334 1355
1335 1357
1336 1357
1337 1356
1338 1356
1339 1355
1340 1353
1341 1355
1342 1356
1343 1354
1344 1356
1345 1355
1346 1355
1347 1353
1348 1354
1349 1356
1350 1356
1351 1357
1352 1356
1353 1355
1354 1355
1355 1355
1356 1356
1357 1358
1358 1356
1359 1356
1360 1354
1361 1355
1362 1354
1363 1351
1364 1357
1365 1355
1366 1357
1367 1354
1368 1354
1369 1355
1370 1354
1371 1355
1372 1353
1373 1357
1374 1356
1375 1353
1376 1355
1377 1357
1378 1355
1379 1356
1380 1356
1381 1357
1382 1356
1383 1353
1384 1352
1385 1356
1386 1354
1387 1356
1388 1358
1389 1357
1390 1355
1391 1356
1392 1355
1393 1354
1394 1355
1395 1355
1396 1356
1397 1356
1398 1353
1399 1355
1400 1354
1401 1354
1402 1356
1403 1356
1404 1355
1405 1354
1406 1356
1407 1354
1408 1355
1409 1356
1410 1356
1411 1352
1412 1356
1413 1354
1414 1355
1415 1355
1416 1353
1417 1354
1418 1355
1419 1354
1420 1357
1421 1355
1422 1354
1423 1353
1424 1351
1425 1349
1426 1356
1427 1359
1428 1357
1429 1353
1430 1353
1431 1357
1432 1355
1433 1355
1434 1354
1435 1353
1436 1352
1437 1355
1438 1353
1439 1356
1440 1354
1441 1355
1442 1354
1443 1353
1444 1351
1445 1352
1446 1354
1447 1357
1448 1354
1449 1350
1450 1349
1451 1354
1452 1355
1453 1357
1454 1354
1455 1350
1456 1355
1457 1358
1458 1354
1459 1353
1460 1351
1461 1352
1462 1355
1463 1354
1464 1354
1465 1357
1466 1357
1467 1353
1468 1355
1469 1358
1470 1354
1471 1357
1472 1354
1473 1356
1474 1356
1475 1355
1476 1356
1477 1355
1478 1356
1479 1355
1480 1358
1481 1355
1482 1349
1483 1354
1484 1354
1485 1355
1486 1355
1487 1351
1488 1355
1489 1351
1490 1355
1491 1355
1492 1353
1493 1354
1494 1354
1495 1357
1496 1356
1497 1355
1498 1357
1499 1352
1500 1351
1501 1355
1502 1353
1503 1352
1504 1356
1505 1354
1506 1354
1507 1352
1508 1352
1509 1354
1510 1355
1511 1356
1512 1353
1513 1354
1514 1355
1515 1355
1516 1355
1517 1357
1518 1353
1519 1354
1520 1353
1521 1355
1522 1356
1523 1354
1524 1354
1525 1354
1526 1358
1527 1354
1528 1354
1529 1356
1530 1354
1531 1357
1532 1351
1533 1355
1534 1353
1535 1356
1536 1354
1537 1355
1538 1353
1539 1352
1540 1355
1541 1355
1542 1353
1543 1357
1544 1353
1545 1357
1546 1353
1547 1357
1548 1353
1549 1357
1550 1354
1551 1357
1552 1355
1553 1355
1554 1354
1555 1354
1556 1353
1557 1354
1558 1352
1559 1356
1560 1354
1561 1357
1562 1354
1563 1356
1564 1356
1565 1357
1566 1355
1567 1354
1568 1353
1569 1353
1570 1354
1571 1354
1572 1354
1573 1355
1574 1354
1575 1356
1576 1356
1577 1356
1578 1352
1579 1353
1580 1354
1581 1354
1582 1352
1583 1354
1584 1355
1585 1355
1586 1353
1587 1353
1588 1351
1589 1353
1590 1353
1591 1356
1592 1354
1593 1357
1594 1352
1595 1355
1596 1355
1597 1354
1598 1351
1599 1355
1600 1356
1601 1357
1602 1356
1603 1353
1604 1352
1605 1355
1606 1356
1607 1359
1608 1355
1609 1354
1610 1355
1611 1356
1612 1356
1613 1356
1614 1351
1615 1355
1616 1354
1617 1360
1618 1352
1619 1356
1620 1353
1621 1355
1622 1355
1623 1355
1624 1356
1625 1355
1626 1354
1627 1355
1628 1355
1629 1354
1630 1351
1631 1355
1632 1357
1633 1357
1634 1352
1635 1351
1636 1354
1637 1356
1638 1351
1639 1356
1640 1353
1641 1354
1642 1353
1643 1355
1644 1350
1645 1357
1646 1355
1647 1356
1648 1353
1649 1355
1650 1355
1651 1355
1652 1355
1653 1353
1654 1356
1655 1355
1656 1354
1657 1355
1658 1355
1659 1357
1660 1351
1661 1352
1662 1352
1663 1355
1664 1354
1665 1354
1666 1354
1667 1357
1668 1353
1669 1353
1670 1353
1671 1352
1672 1353
1673 1356
1674 1353
1675 1356
1676 1353
1677 1352
1678 1355
1679 1354
1680 1355
1681 1353
1682 1354
1683 1356
1684 1356
1685 1352
1686 1354
1687 1357
1688 1356
1689 1355
1690 1356
1691 1354
1692 1353
1693 1357
1694 1354
1695 1354
1696 1356
1697 1356
1698 1352
1699 1352
1700 1353
1701 1356
1702 1356
1703 1355
1704 1356
1705 1354
1706 1357
1707 1357
1708 1352
1709 1356
1710 1356
1711 1353
1712 1354
1713 1354
1714 1357
1715 1354
1716 1355
1717 1356
1718 1356
1719 1356
1720 1356
1721 1354
1722 1355
1723 1357
1724 1358
1725 1354
1726 1355
1727 1357
1728 1356
1729 1358
1730 1355
1731 1356
1732 1354
1733 1353
1734 1353
1735 1352
1736 1352
1737 1357
1738 1357
1739 1354
1740 1352
1741 1354
1742 1354
1743 1356
1744 1353
1745 1358
1746 1351
1747 1354
1748 1355
1749 1357
1750 1356
1751 1355
1752 1355
1753 1353
1754 1352
1755 1355
1756 1355
1757 1354
1758 1354
1759 1356
1760 1356
1761 1357
1762 1354
1763 1351
1764 1353
1765 1356
1766 1354
1767 1354
1768 1353
1769 1355
1770 1353
1771 1356
1772 1353
1773 1354
1774 1356
1775 1352
1776 1356
1777 1355
1778 1355
1779 1354
1780 1356
1781 1355
1782 1355
1783 1353
1784 1354
1785 1355
1786 1357
1787 1358
1788 1356
1789 1355
1790 1354
1791 1359
1792 1355
1793 1356
1794 1352
1795 1357
1796 1355
1797 1352
1798 1353
1799 1355
1800 1351
1801 1355
1802 1354
1803 1355
1804 1355
1805 1355
1806 1353
1807 1356
1808 1356
1809 1354
1810 1352
1811 1355
1812 1359
1813 1357
1814 1356
1815 1355
1816 1355
1817 1356
1818 1353
1819 1355
1820 1354
1821 1355
1822 1352
1823 1350
1824 1351
1825 1357
1826 1356
1827 1356
1828 1355
1829 1353
1830 1351
1831 1354
1832 1354
1833 1354
1834 1353
1835 1352
1836 1354
1837 1355
1838 1355
1839 1356
1840 1357
1841 1356
1842 1356
1843 1356
1844 1354
1845 1355
1846 1356
1847 1356
1848 1356
1849 1356
1850 1352
1851 1356
1852 1353
1853 1359
1854 1355
1855 1354
1856 1353
1857 1355
1858 1355
1859 1356
1860 1353
1861 1354
1862 1354
1863 1352
1864 1353
1865 1356
1866 1354
1867 1355
1868 1355
1869 1356
1870 1356
1871 1355
1872 1356
1873 1356
1874 1356
1875 1356
1876 1354
1877 1356
1878 1355
1879 1357
1880 1355
1881 1354
1882 1356
1883 1355
1884 1352
1885 1357
1886 1354
1887 1357
1888 1352
1889 1356
1890 1354
1891 1356
1892 1354
1893 1354
1894 1353
1895 1356
1896 1356
1897 1355
1898 1354
1899 1356
1900 1353
1901 1355
1902 1354
1903 1356
1904 1356
1905 1357
1906 1355
1907 1357
1908 1353
1909 1356
1910 1355
1911 1355
1912 1355
1913 1354
1914 1355
1915 1355
1916 1355
1917 1355
1918 1353
1919 1357
1920 1353
1921 1351
1922 1354
1923 1354
1924 1355
1925 1357
1926 1353
1927 1356
1928 1351
1929 1354
1930 1356
1931 1357
1932 1353
1933 1355
1934 1353
1935 1356
1936 1355
1937 1354
1938 1354
1939 1357
1940 1354
1941 1356
1942 1354
1943 1356
1944 1356
1945 1356
1946 1354
1947 1355
1948 1355
1949 1354
1950 1355
1951 1355
1952 1356
1953 1354
1954 1357
1955 1357
1956 1357
1957 1356
1958 1358
1959 1357
1960 1353
1961 1354
1962 1353
1963 1355
1964 1349
1965 1350
1966 1355
1967 1359
1968 1354
1969 1353
1970 1355
1971 1357
1972 1355
1973 1355
1974 1354
1975 1356
1976 1356
1977 1356
1978 1352
1979 1357
1980 1356
1981 1357
1982 1354
1983 1353
1984 1353
1985 1355
1986 1355
1987 1357
1988 1354
1989 1355
1990 1355
1991 1353
1992 1357
1993 1355
1994 1357
1995 1356
1996 1356
1997 1357
1998 1355
1999 1356
2000 1356
2001 1354
2002 1357
2003 1356
2004 1356
2005 1356
2006 1354
2007 1356
2008 1355
2009 1355
2010 1351
2011 1354
2012 1355
2013 1355
2014 1355
2015 1353
2016 1355
2017 1357
2018 1353
2019 1353
2020 1354
2021 1357
2022 1355
2023 1355
2024 1353
2025 1357
2026 1356
2027 1357
2028 1358
2029 1356
2030 1352
2031 1358
2032 1355
2033 1356
2034 1352
2035 1355
2036 1353
2037 1354
2038 1354
2039 1353
2040 1352
2041 1355
2042 1351
2043 1355
2044 1355
2045 1355
2046 1354
2047 1357
2048 1355
2049 1355
2050 1355
2051 1357
2052 1356
2053 1356
2054 1355
2055 1355
2056 1354
2057 1356
2058 1356
2059 1357
2060 1353
2061 1355
2062 1356
2063 1355
2064 1356
2065 1352
2066 1358
2067 1354
2068 1358
2069 1352
2070 1352
2071 1356
2072 1354
2073 1355
2074 1353
2075 1356
2076 1356
2077 1353
2078 1355
2079 1357
2080 1353
2081 1357
2082 1353
2083 1357
2084 1355
2085 1357
2086 1356
2087 1353
2088 1355
2089 1353
2090 1353
2091 1357
2092 1355
2093 1355
2094 1352
2095 1355
2096 1354
2097 1354
2098 1354
2099 1354
2100 1354
2101 1353
2102 1357
2103 1352
2104 1355
2105 1352
2106 1354
2107 1356
2108 1356
2109 1354
2110 1354
2111 1355
2112 1355
2113 1355
2114 1356
2115 1352
2116 1355
2117 1354
2118 1357
2119 1357
2120 1356
2121 1360
2122 1356
2123 1356
2124 1357
2125 1355
2126 1355
2127 1356
2128 1356
2129 1357
2130 1354
2131 1357
2132 1356
2133 1358
2134 1353
2135 1353
2136 1355
2137 1354
2138 1356
2139 1355
2140 1356
2141 1356
2142 1357
2143 1355
2144 1351
2145 1355
2146 1356
2147 1358
2148 1353
2149 1355
2150 1356
2151 1356
2152 1357
2153 1356
2154 1354
2155 1353
2156 1354
2157 1355
2158 1354
2159 1353
2160 1354
2161 1356
2162 1355
2163 1353
2164 1355
2165 1355
2166 1352
2167 1355
2168 1354
2169 1356
2170 1352
2171 1353
2172 1355
2173 1356
2174 1352
2175 1353
2176 1355
2177 1359
2178 1356
2179 1354
2180 1351
2181 1354
2182 1355
2183 1355
2184 1356
2185 1352
2186 1354
2187 1355
2188 1357
2189 1356
2190 1355
2191 1355
2192 1355
2193 1355
2194 1351
2195 1354
2196 1354
2197 1353
2198 1355
2199 1355
2200 1354
2201 1354
2202 1353
2203 1356
2204 1355
2205 1355
2206 1356
2207 1354
2208 1357
2209 1355
2210 1358
2211 1355
2212 1355
2213 1353
2214 1354
2215 1356
2216 1356
2217 1355
2218 1356
2219 1354
2220 1356
2221 1355
2222 1356
2223 1355
2224 1354
2225 1356
2226 1355
2227 1357
2228 1354
2229 1354
2230 1353
2231 1356
2232 1356
2233 1353
2234 1355
2235 1357
2236 1356
2237 1357
2238 1355
2239 1357
2240 1355
2241 1354
2242 1356
2243 1357
2244 1353
2245 1355
2246 1356
2247 1357
2248 1355
2249 1352
2250 1355
2251 1356
2252 1355
2253 1357
2254 1354
2255 1355
2256 1355
2257 1358
2258 1353
2259 1356
2260 1354
2261 1355
2262 1355
2263 1355
2264 1354
2265 1358
2266 1354
2267 1357
2268 1354
2269 1354
2270 1354
2271 1356
2272 1352
2273 1356
2274 1353
2275 1356
2276 1355
2277 1356
2278 1353
2279 1353
2280 1355
2281 1357
2282 1354
2283 1353
2284 1355
2285 1356
2286 1356
2287 1356
2288 1355
2289 1356
2290 1355
2291 1356
2292 1353
2293 1354
2294 1355
2295 1355
2296 1355
2297 1353
2298 1355
2299 1355
2300 1354
2301 1356
2302 1355
2303 1358
2304 1356
2305 1357
2306 1353
2307 1355
2308 1356
2309 1355
2310 1357
2311 1357
2312 1356
2313 1354
2314 1355
2315 1355
2316 1354
2317 1354
2318 1357
2319 1354
2320 1355
2321 1354
2322 1356
2323 1357
2324 1354
2325 1357
2326 1355
2327 1354
2328 1354
2329 1354
2330 1353
2331 1354
2332 1357
2333 1355
2334 1353
2335 1356
2336 1356
2337 1356
2338 1357
2339 1354
2340 1356
2341 1353
2342 1354
2343 1352
2344 1352
2345 1353
2346 1353
2347 1357
2348 1353
2349 1357
2350 1355
2351 1354
2352 1358
2353 1355
2354 1356
2355 1355
2356 1356
2357 1353
2358 1355
2359 1356
2360 1354
2361 1356
2362 1356
2363 1357
2364 1353
2365 1356
2366 1355
2367 1354
2368 1355
2369 1355
2370 1355
2371 1355
2372 1354
2373 1353
2374 1352
2375 1352
2376 1357
2377 1356
2378 1356
2379 1356
2380 1356
2381 1353
2382 1355
2383 1355
2384 1353
2385 1357
2386 1355
2387 1356
2388 1354
2389 1356
2390 1355
2391 1355
2392 1359
2393 1354
2394 1353
2395 1354
2396 1356
2397 1356
2398 1352
2399 1355
2400 1355
2401 1353
2402 1354
2403 1356
2404 1353
2405 1356
2406 1354
2407 1354
2408 1354
2409 1357
2410 1356
2411 1357
2412 1353
2413 1357
2414 1355
2415 1356
2416 1356
2417 1356
2418 1351
2419 1354
2420 1356
2421 1358
2422 1357
2423 1356
2424 1355
2425 1355
2426 1355
2427 1353
2428 1354
2429 1354
2430 1355
2431 1356
2432 1355
2433 1351
2434 1354
2435 1357
2436 1356
2437 1353
2438 1352
2439 1353
2440 1355
2441 1354
2442 1355
2443 1356
2444 1356
2445 1354
2446 1356
2447 1356
2448 1354
2449 1354
2450 1355
2451 1357
2452 1353
2453 1353
2454 1353
2455 1355
2456 1355
2457 1355
2458 1354
2459 1354
2460 1356
2461 1361
2462 1359
2463 1355
2464 1355
2465 1357
2466 1356
2467 1357
2468 1357
2469 1355
2470 1356
2471 1356
2472 1355
2473 1353
2474 1353
2475 1354
2476 1353
2477 1355
2478 1352
2479 1357
2480 1354
2481 1357
2482 1355
2483 1356
2484 1354
2485 1355
2486 1354
2487 1357
2488 1353
2489 1353
2490 1354
2491 1356
2492 1353
2493 1352
2494 1352
2495 1355
2496 1359
2497 1357
2498 1354
2499 1356
2500 1356
2501 1354
2502 1356
2503 1356
2504 1355
2505 1353
2506 1356
2507 1355
2508 1353
2509 1352
2510 1355
2511 1355
2512 1355
2513 1352
2514 1356
2515 1358
2516 1357
2517 1356
2518 1354
2519 1355
2520 1357
2521 1356
2522 1357
2523 1354
2524 1353
2525 1353
2526 1352
2527 1354
2528 1355
2529 1352
2530 1354
2531 1354
2532 1354
2533 1351
2534 1355
2535 1356
2536 1355
2537 1354
2538 1354
2539 1353
2540 1356
2541 1353
2542 1358
2543 1353
2544 1353
2545 1356
2546 1356
2547 1355
2548 1357
2549 1355
2550 1355
2551 1355
2552 1353
2553 1354
2554 1353
2555 1352
2556 1353
2557 1354
2558 1353
2559 1355
2560 1355
2561 1355
2562 1356
2563 1354
2564 1356
2565 1356
2566 1356
2567 1353
2568 1355
2569 1354
2570 1354
2571 1356
2572 1355
2573 1356
2574 1354
2575 1354
2576 1354
2577 1354
2578 1353
2579 1350
2580 1356
2581 1356
2582 1353
2583 1353
2584 1355
2585 1353
2586 1355
2587 1354
2588 1356
2589 1351
2590 1355
2591 1351
2592 1355
2593 1355
2594 1354
2595 1352
2596 1354
2597 1354
2598 1355
2599 1354
2600 1355
2601 1355
2602 1355
2603 1355
2604 1354
2605 1357
2606 1355
2607 1356
2608 1356
2609 1353
2610 1354
2611 1354
2612 1355
2613 1355
2614 1353
2615 1354
2616 1356
2617 1355
2618 1355
2619 1355
2620 1356
2621 1357
2622 1355
2623 1353
2624 1356
2625 1354
2626 1355
2627 1356
2628 1351
2629 1353
2630 1355
2631 1354
2632 1356
2633 1355
2634 1354
2635 1356
2636 1354
2637 1356
2638 1355
2639 1353
2640 1354
2641 1355
2642 1353
2643 1357
2644 1353
2645 1354
2646 1354
2647 1353
2648 1355
2649 1355
2650 1356
2651 1354
2652 1352
2653 1354
2654 1355
2655 1351
2656 1356
2657 1353
2658 1353
2659 1352
2660 1356
2661 1353
2662 1356
2663 1351
2664 1353
2665 1353
2666 1356
2667 1354
2668 1354
2669 1353
2670 1355
2671 1353
2672 1357
2673 1355
2674 1356
2675 1352
2676 1352
2677 1355
2678 1356
2679 1353
2680 1354
2681 1353
2682 1356
2683 1355
2684 1353
2685 1355
2686 1356
2687 1355
2688 1354
2689 1354
2690 1354
2691 1355
2692 1354
2693 1356
2694 1356
2695 1356
2696 1356
2697 1354
2698 1357
2699 1357
2700 1357
2701 1354
2702 1356
2703 1356
2704 1355
2705 1356
2706 1356
2707 1355
2708 1356
2709 1354
2710 1355
2711 1355
2712 1356
2713 1354
2714 1355
2715 1355
2716 1353
2717 1356
2718 1352
2719 1355
2720 1353
2721 1355
2722 1354
2723 1356
2724 1353
2725 1355
2726 1355
2727 1352
2728 1355
2729 1356
2730 1357
2731 1355
2732 1354
2733 1353
2734 1354
2735 1354
2736 1352
2737 1355
2738 1355
2739 1356
2740 1355
2741 1355
2742 1354
2743 1353
2744 1352
2745 1355
2746 1351
2747 1354
2748 1353
2749 1354
2750 1356
2751 1352
2752 1353
2753 1355
2754 1358
2755 1356
2756 1357
2757 1356
2758 1356
2759 1355
2760 1355
2761 1356
2762 1352
2763 1353
2764 1353
2765 1353
2766 1354
2767 1354
2768 1353
2769 1352
2770 1354
2771 1352
2772 1354
2773 1353
2774 1353
2775 1354
2776 1356
2777 1355
2778 1352
2779 1354
2780 1355
2781 1354
2782 1355
2783 1354
2784 1353
2785 1356
2786 1355
2787 1354
2788 1355
2789 1355
2790 1355
2791 1357
2792 1357
2793 1356
2794 1355
2795 1352
2796 1360
2797 1352
2798 1353
2799 1350
2800 1355
2801 1357
2802 1356
2803 1354
2804 1356
2805 1356
2806 1355
2807 1354
2808 1354
2809 1354
2810 1356
2811 1352
2812 1354
2813 1357
2814 1356
2815 1355
2816 1354
2817 1356
2818 1355
2819 1354
2820 1357
2821 1356
2822 1354
2823 1355
2824 1354
2825 1354
2826 1354
2827 1355
2828 1350
2829 1356
2830 1355
2831 1356
2832 1355
2833 1354
2834 1351
2835 1354
2836 1353
2837 1356
2838 1355
2839 1355
2840 1355
2841 1356
2842 1357
2843 1357
2844 1354
2845 1354
2846 1353
2847 1353
2848 1356
2849 1355
2850 1354
2851 1355
2852 1354
2853 1356
2854 1355
2855 1356
2856 1356
2857 1353
2858 1354
2859 1353
2860 1354
2861 1357
2862 1353
2863 1356
2864 1353
2865 1355
2866 1354
2867 1355
2868 1353
2869 1355
2870 1353
2871 1354
2872 1356
2873 1355
2874 1353
2875 1356
2876 1356
2877 1356
2878 1353
2879 1357
2880 1356
2881 1356
2882 1355
2883 1353
2884 1354
2885 1357
2886 1357
2887 1355
2888 1354
2889 1357
2890 1355
2891 1354
2892 1357
2893 1356
2894 1356
2895 1354
2896 1355
2897 1355
2898 1354
2899 1356
2900 1354
2901 1354
2902 1356
2903 1354
2904 1354
2905 1355
2906 1356
2907 1354
2908 1354
2909 1353
2910 1353
2911 1355
2912 1355
2913 1355
2914 1354
2915 1353
2916 1353
2917 1353
2918 1356
2919 1357
2920 1356
2921 1357
2922 1355
2923 1354
2924 1353
2925 1354
2926 1355
2927 1353
2928 1356
2929 1356
2930 1352
2931 1355
2932 1354
2933 1354
2934 1355
2935 1355
2936 1358
2937 1356
2938 1357
2939 1357
2940 1354
2941 1355
2942 1358
2943 1356
2944 1356
2945 1355
2946 1354
2947 1356
2948 1353
2949 1356
2950 1357
2951 1357
2952 1355
2953 1356
2954 1354
2955 1355
2956 1354
2957 1354
2958 1356
2959 1355
2960 1354
2961 1357
2962 1358
2963 1355
2964 1354
2965 1354
2966 1355
2967 1355
2968 1356
2969 1355
2970 1356
2971 1356
2972 1354
2973 1353
2974 1354
2975 1355
2976 1355
2977 1355
2978 1355
2979 1356
2980 1356
2981 1357
2982 1357
2983 1354
2984 1353
2985 1355
2986 1357
2987 1356
2988 1354
2989 1355
2990 1355
2991 1356
2992 1355
2993 1354
2994 1355
2995 1356
2996 1355
2997 1354
2998 1353
2999 1354
3000 1356
3001 1355
3002 1358
3003 1356
3004 1355
3005 1356
3006 1354
3007 1356
3008 1356
3009 1353
3010 1356
3011 1355
3012 1354
3013 1351
3014 1354
3015 1355
3016 1353
3017 1353
3018 1353
3019 1354
3020 1356
3021 1357
3022 1355
3023 1353
3024 1353
3025 1357
3026 1355
3027 1355
3028 1354
3029 1353
3030 1351
3031 1355
3032 1358
3033 1354
3034 1355
3035 1355
3036 1356
3037 1357
3038 1354
3039 1353
3040 1356
3041 1354
3042 1355
3043 1351
3044 1354
3045 1355
3046 1356
3047 1354
3048 1353
3049 1353
3050 1354
3051 1354
3052 1355
3053 1355
3054 1356
3055 1355
3056 1356
3057 1352
3058 1357
3059 1356
3060 1356
3061 1353
3062 1351
3063 1354
3064 1356
3065 1355
3066 1355
3067 1352
3068 1356
3069 1354
3070 1357
3071 1356
3072 1357
3073 1352
3074 1354
3075 1355
3076 1355
3077 1355
3078 1356
3079 1355
3080 1351
3081 1351
3082 1351
3083 1352
3084 1354
3085 1354
3086 1357
3087 1355
3088 1356
3089 1358
3090 1355
3091 1353
3092 1355
3093 1353
3094 1355
3095 1354
3096 1353
3097 1354
3098 1353
3099 1355
3100 1356
3101 1354
3102 1354
3103 1355
3104 1356
3105 1352
3106 1354
3107 1353
3108 1356
3109 1354
3110 1354
3111 1353
3112 1355
3113 1356
3114 1354
3115 1357
3116 1355
3117 1354
3118 1356
3119 1355
3120 1355
3121 1354
3122 1355
3123 1356
3124 1357
3125 1354
3126 1355
3127 1356
3128 1357
3129 1355
3130 1356
3131 1355
3132 1356
3133 1356
3134 1353
3135 1356
3136 1355
3137 1354
3138 1354
3139 1358
3140 1355
3141 1354
3142 1353
3143 1351
3144 1353
3145 1355
3146 1355
3147 1355
3148 1355
3149 1355
3150 1356
3151 1356
3152 1357
3153 1355
3154 1355
3155 1354
3156 1353
3157 1357
3158 1354
3159 1356
3160 1355
3161 1353
3162 1354
3163 1355
3164 1351
3165 1353
3166 1352
3167 1356
3168 1357
3169 1354
3170 1353
3171 1357
3172 1356
3173 1353
3174 1354
3175 1355
3176 1356
3177 1353
3178 1351
3179 1354
3180 1352
3181 1353
3182 1355
3183 1357
3184 1357
3185 1353
3186 1353
3187 1357
3188 1355
3189 1355
3190 1352
3191 1356
3192 1354
3193 1353
3194 1352
3195 1354
3196 1354
3197 1356
3198 1353
3199 1356
3200 1354
3201 1354
3202 1350
3203 1355
3204 1356
3205 1357
3206 1355
3207 1354
3208 1355
3209 1353
3210 1351
3211 1356
3212 1354
3213 1355
3214 1354
3215 1356
3216 1357
3217 1355
3218 1354
3219 1357
3220 1353
3221 1356
3222 1356
3223 1356
3224 1355
3225 1356
3226 1354
3227 1352
3228 1352
3229 1357
3230 1352
3231 1356
3232 1354
3233 1353
3234 1353
3235 1353
3236 1353
3237 1356
3238 1353
3239 1354
3240 1352
3241 1355
3242 1355
3243 1354
3244 1357
3245 1355
3246 1354
3247 1357
3248 1355
3249 1355
3250 1353
3251 1355
3252 1356
3253 1354
3254 1356
3255 1353
3256 1353
3257 1354
3258 1354
3259 1356
3260 1356
3261 1353
3262 1352
3263 1351
3264 1352
3265 1352
3266 1355
3267 1356
3268 1354
3269 1353
3270 1353
3271 1357
3272 1354
3273 1353
3274 1353
3275 1354
3276 1355
3277 1354
3278 1353
3279 1354
3280 1354
3281 1351
3282 1355
3283 1356
3284 1356
3285 1355
3286 1353
3287 1352
3288 1353
3289 1353
3290 1353
3291 1353
3292 1353
3293 1353
3294 1356
3295 1353
3296 1355
3297 1350
3298 1354
3299 1355
3300 1356
3301 1351
3302 1355
3303 1353
3304 1354
3305 1354
3306 1357
3307 1357
3308 1359
3309 1356
3310 1357
3311 1354
3312 1355
3313 1353
3314 1351
3315 1354
3316 1354
3317 1354
3318 1356
3319 1352
3320 1353
3321 1353
3322 1355
3323 1356
3324 1354
3325 1355
3326 1356
3327 1354
3328 1351
3329 1354
3330 1356
3331 1356
3332 1355
3333 1357
3334 1354
3335 1356
3336 1355
3337 1354
3338 1356
3339 1354
3340 1353
3341 1357
3342 1354
3343 1357
3344 1356
3345 1355
3346 1353
3347 1354
3348 1354
3349 1350
3350 1354
3351 1354
3352 1352
3353 1349
3354 1350
3355 1356
3356 1355
3357 1354
3358 1356
3359 1355
3360 1358
3361 1355
3362 1358
3363 1354
3364 1353
3365 1354
3366 1353
3367 1354
3368 1354
3369 1357
3370 1356
3371 1354
3372 1353
3373 1353
3374 1356
3375 1355
3376 1358
3377 1356
3378 1354
3379 1353
3380 1353
3381 1355
3382 1355
3383 1355
3384 1356
3385 1353
3386 1355
3387 1353
3388 1354
3389 1353
3390 1356
3391 1352
3392 1354
3393 1354
3394 1354
3395 1352
3396 1353
3397 1353
3398 1357
3399 1353
3400 1354
3401 1356
3402 1353
3403 1352
3404 1354
3405 1358
3406 1356
3407 1356
3408 1354
3409 1353
3410 1355
3411 1356
3412 1355
3413 1353
3414 1354
3415 1357
3416 1355
3417 1357
3418 1355
3419 1357
3420 1354
3421 1354
3422 1356
3423 1354
3424 1357
3425 1353
3426 1355
3427 1355
3428 1354
3429 1353
3430 1354
3431 1357
3432 1356
3433 1354
3434 1354
3435 1354
3436 1356
3437 1355
3438 1356
3439 1352
3440 1355
3441 1356
3442 1354
3443 1354
3444 1355
3445 1356
3446 1355
3447 1354
3448 1355
3449 1354
3450 1356
3451 1355
3452 1356
3453 1354
3454 1355
3455 1356
3456 1356
3457 1355
3458 1356
3459 1356
3460 1355
3461 1357
3462 1359
3463 1358
3464 1355
3465 1354
3466 1355
3467 1355
3468 1355
3469 1354
3470 1353
3471 1357
3472 1354
3473 1355
3474 1357
3475 1355
3476 1355
3477 1356
3478 1354
3479 1356
3480 1357
3481 1354
3482 1352
3483 1355
3484 1356
3485 1356
3486 1355
3487 1356
3488 1352
3489 1357
3490 1356
3491 1356
3492 1357
3493 1357
3494 1355
3495 1354
3496 1355
3497 1355
3498 1354
3499 1355
3500 1356
3501 1357
3502 1355
3503 1355
3504 1355
3505 1354
3506 1355
3507 1354
3508 1354
3509 1357
3510 1353
3511 1355
3512 1353
3513 1353
3514 1355
3515 1354
3516 1357
3517 1358
3518 1356
3519 1353
3520 1356
3521 1356
3522 1354
3523 1356
3524 1354
3525 1353
3526 1352
3527 1354
3528 1354
3529 1353
3530 1354
3531 1354
3532 1356
3533 1358
3534 1354
3535 1353
3536 1356
3537 1356
3538 1351
3539 1356
3540 1354
3541 1356
3542 1352
3543 1353
3544 1355
3545 1355
3546 1353
3547 1353
3548 1355
3549 1358
3550 1354
3551 1357
3552 1354
3553 1356
3554 1356
3555 1357
3556 1357
3557 1354
3558 1352
3559 1352
3560 1353
3561 1353
3562 1352
3563 1352
3564 1356
3565 1355
3566 1357
3567 1356
3568 1355
3569 1357
3570 1354
3571 1353
3572 1353
3573 1354
3574 1353
3575 1357
3576 1355
3577 1354
3578 1354
3579 1355
3580 1356
3581 1355
3582 1357
3583 1357
3584 1354
3585 1354
3586 1353
3587 1357
3588 1354
3589 1355
3590 1355
3591 1356
3592 1355
3593 1356
3594 1355
3595 1355
3596 1353
3597 1356
3598 1354
3599 1355
3600 1352
3601 1354
3602 1356
3603 1356
3604 1356
3605 1357
3606 1354
3607 1355
3608 1356
3609 1354
3610 1354
3611 1354
3612 1354
3613 1356
3614 1356
3615 1355
3616 1357
3617 1355
3618 1354
3619 1353
3620 1355
3621 1355
3622 1353
3623 1355
3624 1355
3625 1354
3626 1354
3627 1358
3628 1356
3629 1353
3630 1356
3631 1358
3632 1353
3633 1353
3634 1354
3635 1357
3636 1356
3637 1354
3638 1354
3639 1357
3640 1354
3641 1356
3642 1356
3643 1355
3644 1356
3645 1357
3646 1356
3647 1354
3648 1356
3649 1359
3650 1357
3651 1354
3652 1353
3653 1354
3654 1356
3655 1352
3656 1355
3657 1355
3658 1355
3659 1356
3660 1353
3661 1355
3662 1353
3663 1357
3664 1356
3665 1354
3666 1354
3667 1355
3668 1354
3669 1355
3670 1354
3671 1354
3672 1355
3673 1357
3674 1357
3675 1357
3676 1355
3677 1357
3678 1356
3679 1357
3680 1355
3681 1357
3682 1355
3683 1356
3684 1356
3685 1357
3686 1354
3687 1356
3688 1353
3689 1357
3690 1356
3691 1355
3692 1355
3693 1356
3694 1355
3695 1356
3696 1354
3697 1357
3698 1356
3699 1355
3700 1356
3701 1356
3702 1355
3703 1357
3704 1354
3705 1356
3706 1357
3707 1357
3708 1356
3709 1354
3710 1356
3711 1355
3712 1355
3713 1355
3714 1354
3715 1355
3716 1354
3717 1352
3718 1354
3719 1357
3720 1355
3721 1355
3722 1352
3723 1354
3724 1356
3725 1354
3726 1356
3727 1357
3728 1355
3729 1357
3730 1356
3731 1353
3732 1355
3733 1356
3734 1353
3735 1355
3736 1355
3737 1355
3738 1357
3739 1354
3740 1356
3741 1355
3742 1353
3743 1357
3744 1356
3745 1355
3746 1354
3747 1356
3748 1354
3749 1354
3750 1354
3751 1357
3752 1356
3753 1356
3754 1355
3755 1353
3756 1352
3757 1354
3758 1355
3759 1355
3760 1355
3761 1354
3762 1355
3763 1356
3764 1356
3765 1354
3766 1357
3767 1354
3768 1356
3769 1355
3770 1356
3771 1353
3772 1353
3773 1355
3774 1356
3775 1354
3776 1355
3777 1357
3778 1355
3779 1355
3780 1355
3781 1353
3782 1355
3783 1355
3784 1355
3785 1355
3786 1353
3787 1357
3788 1355
3789 1352
3790 1355
3791 1357
3792 1353
3793 1356
3794 1355
3795 1354
3796 1358
3797 1356
3798 1354
3799 1357
3800 1356
3801 1357
3802 1357
3803 1357
3804 1356
3805 1356
3806 1355
3807 1354
3808 1352
3809 1353
3810 1352
3811 1354
3812 1355
3813 1354
3814 1354
3815 1358
3816 1355
3817 1357
3818 1354
3819 1355
3820 1355
3821 1357
3822 1357
3823 1359
3824 1357
3825 1354
3826 1358
3827 1355
3828 1356
3829 1353
3830 1357
3831 1356
3832 1356
3833 1353
3834 1356
3835 1355
3836 1353
3837 1358
3838 1356
3839 1356
3840 1356
3841 1353
3842 1355
3843 1354
3844 1356
3845 1356
3846 1354
3847 1352
3848 1355
3849 1357
3850 1355
3851 1355
3852 1355
3853 1355
3854 1353
3855 1357
3856 1356
3857 1353
3858 1357
3859 1356
3860 1354
3861 1357
3862 1355
3863 1356
3864 1354
3865 1352
3866 1353
3867 1353
3868 1356
3869 1353
3870 1354
3871 1356
3872 1355
3873 1353
3874 1353
3875 1355
3876 1355
3877 1356
3878 1354
3879 1356
3880 1355
3881 1353
3882 1358
3883 1357
3884 1354
3885 1353
3886 1354
3887 1355
3888 1356
3889 1355
3890 1354
3891 1355
3892 1354
3893 1356
3894 1353
3895 1355
3896 1353
3897 1354
3898 1354
3899 1357
3900 1357
3901 1357
3902 1353
3903 1355
3904 1355
3905 1355
3906 1354
3907 1354
3908 1353
3909 1356
3910 1355
3911 1357
3912 1354
3913 1357
3914 1356
3915 1356
3916 1357
3917 1356
3918 1355
3919 1352
3920 1356
3921 1357
3922 1355
3923 1356
3924 1353
3925 1355
3926 1354
3927 1353
3928 1355
3929 1351
3930 1354
3931 1354
3932 1353
3933 1355
3934 1355
3935 1357
3936 1354
3937 1353
3938 1354
3939 1354
3940 1355
3941 1355
3942 1354
3943 1354
3944 1356
3945 1356
3946 1354
3947 1353
3948 1355
3949 1354
3950 1356
3951 1355
3952 1356
3953 1355
3954 1357
3955 1352
3956 1353
3957 1354
3958 1353
3959 1354
3960 1356
3961 1355
3962 1354
3963 1353
3964 1357
3965 1354
3966 1356
3967 1353
3968 1353
3969 1356
3970 1357
3971 1355
3972 1355
3973 1354
3974 1357
3975 1354
3976 1357
3977 1354
3978 1356
3979 1355
3980 1356
3981 1357
3982 1358
3983 1356
3984 1356
3985 1351
3986 1353
3987 1354
3988 1353
3989 1357
3990 1354
3991 1355
3992 1356
3993 1357
3994 1355
3995 1355
3996 1356
3997 1354
3998 1355
3999 1352
