0 1355
1 1355
2 1355
3 1355
4 1353
5 1355
6 1354
7 1353
8 1357
9 1354
10 1356
11 1358
12 1356
13 1356
14 1355
15 1355
16 1355
17 1355
18 1355
19 1356
20 1354
21 1355
22 1354
23 1357
24 1357
25 1357
26 1354
27 1354
28 1355
29 1356
30 1354
31 1354
32 1354
33 1354
34 1355
35 1354
36 1355
37 1356
38 1356
39 1355
40 1357
41 1355
42 1356
43 1353
44 1356
45 1357
46 1356
47 1356
48 1355
49 1357
50 1356
51 1356
52 1354
53 1355
54 1354
55 1357
56 1357
57 1358
58 1358
59 1354
60 1356
61 1357
62 1356
63 1357
64 1354
65 1357
66 1355
67 1355
68 1354
69 1353
70 1357
71 1354
72 1356
73 1354
74 1355
75 1354
76 1357
77 1355
78 1356
79 1359
80 1357
81 1356
82 1357
83 1356
84 1358
85 1357
86 1356
87 1358
88 1355
89 1356
90 1353
91 1356
92 1356
93 1354
94 1355
95 1357
96 1357
97 1356
98 1356
99 1356
100 1354
101 1358
102 1357
103 1357
104 1355
105 1357
106 1356
107 1356
108 1357
109 1355
110 1356
111 1356
112 1358
113 1354
114 1358
115 1356
116 1354
117 1357
118 1358
119 1356
120 1356
121 1355
122 1355
123 1356
124 1356
125 1355
126 1355
127 1355
128 1352
129 1354
130 1358
131 1356
132 1355
133 1355
134 1355
135 1355
136 1356
137 1353
138 1354
139 1357
140 1356
141 1356
142 1354
143 1354
144 1354
145 1354
146 1354
147 1355
148 1356
149 1355
150 1354
151 1354
152 1355
153 1356
154 1354
155 1356
156 1355
157 1356
158 1357
159 1355
160 1354
161 1357
162 1357
163 1356
164 1357
165 1355
166 1357
167 1353
168 1354
169 1354
170 1355
171 1355
172 1356
173 1353
174 1355
175 1353
176 1354
177 1353
178 1353
179 1352
180 1353
181 1355
182 1355
183 1354
184 1352
185 1355
186 1354
187 1357
188 1356
189 1355
190 1354
191 1355
192 1356
193 1356
194 1356
195 1357
196 1356
197 1357
198 1357
199 1355
200 1356
201 1354
202 1356
203 1357
204 1354
205 1355
206 1354
207 1356
208 1356
209 1357
210 1356
211 1356
212 1356
213 1357
214 1356
215 1357
216 1355
217 1357
218 1356
219 1353
220 1354
221 1355
222 1356
223 1357
224 1358
225 1356
226 1354
227 1357
228 1355
229 1357
230 1358
231 1357
232 1356
233 1356
234 1355
235 1356
236 1358
237 1356
238 1355
239 1354
240 1354
241 1357
242 1356
243 1355
244 1356
245 1356
246 1356
247 1357
248 1359
249 1356
250 1356
251 1355
252 1358
253 1353
254 1355
255 1353
256 1356
257 1357
258 1357
259 1356
260 1357
261 1356
262 1356
263 1355
264 1355
265 1357
266 1357
267 1354
268 1356
269 1353
270 1356
271 1357
272 1354
273 1354
274 1356
275 1357
276 1355
277 1356
278 1356
279 1358
280 1357
281 1357
282 1356
283 1356
284 1357
285 1357
286 1355
287 1356
288 1356
289 1356
290 1355
291 1357
292 1356
293 1357
294 1358
295 1356
296 1354
297 1354
298 1354
299 1356
300 1355
301 1355
302 1353
303 1356
304 1354
305 1357
306 1357
307 1357
308 1356
309 1357
310 1355
311 1355
312 1354
313 1358
314 1355
315 1357
316 1354
317 1358
318 1354
319 1355
320 1356
321 1357
322 1358
323 1356
324 1355
325 1355
326 1356
327 1356
328 1355
329 1357
330 1356
331 1358
332 1356
333 1358
334 1356
335 1357
336 1356
337 1356
338 1352
339 1355
340 1358
341 1354
342 1356
343 1357
344 1355
345 1356
346 1354
347 1358
348 1356
349 1357
350 1355
351 1354
352 1353
353 1355
354 1355
355 1358
356 1357
357 1358
358 1356
359 1356
360 1353
361 1355
362 1354
363 1354
364 1355
365 1358
366 1356
367 1355
368 1353
369 1356
370 1356
371 1356
372 1357
373 1355
374 1354
375 1357
376 1353
377 1357
378 1356
379 1357
380 1357
381 1358
382 1357
383 1356
384 1355
385 1352
386 1356
387 1356
388 1355
389 1357
390 1355
391 1357
392 1352
393 1357
394 1354
395 1356
396 1354
397 1354
398 1356
399 1356
400 1352
401 1355
402 1354
403 1357
404 1358
405 1358
406 1356
407 1355
408 1356
409 1353
410 1354
411 1355
412 1354
413 1355
414 1354
415 1356
416 1356
417 1355
418 1356
419 1355
420 1356
421 1357
422 1359
423 1358
424 1355
425 1355
426 1354
427 1356
428 1358
429 1356
430 1356
431 1357
432 1356
433 1354
434 1354
435 1358
436 1354
437 1356
438 1357
439 1356
440 1354
441 1356
442 1356
443 1357
444 1353
445 1354
446 1355
447 1356
448 1357
449 1357
450 1355
451 1358
452 1355
453 1354
454 1355
455 1354
456 1354
457 1357
458 1354
459 1358
460 1358
461 1358
462 1356
463 1356
464 1354
465 1355
466 1356
467 1357
468 1356
469 1361
470 1356
471 1357
472 1358
473 1357
474 1355
475 1357
476 1354
477 1356
478 1356
479 1355
480 1355
481 1355
482 1356
483 1354
484 1356
485 1356
486 1356
487 1352
488 1353
489 1356
490 1356
491 1355
492 1356
493 1352
494 1357
495 1354
496 1355
497 1354
498 1356
499 1357
500 1355
501 1357
502 1360
503 1357
504 1357
505 1354
506 1355
507 1356
508 1356
509 1357
510 1354
511 1358
512 1353
513 1357
514 1356
515 1356
516 1354
517 1356
518 1355
519 1354
520 1355
521 1354
522 1354
523 1355
524 1356
525 1357
526 1354
527 1357
528 1355
529 1355
530 1357
531 1358
532 1356
533 1354
534 1354
535 1359
536 1361
537 1361
538 1369
539 1379
540 1393
541 1414
542 1440
543 1469
544 1501
545 1543
546 1582
547 1623
548 1663
549 1698
550 1738
551 1773
552 1803
553 1830
554 1853
555 1869
556 1885
557 1897
558 1904
559 1907
560 1907
561 1905
562 1899
563 1891
564 1883
565 1869
566 1858
567 1841
568 1823
569 1804
570 1782
571 1759
572 1738
573 1718
574 1704
575 1684
576 1667
577 1647
578 1633
579 1617
580 1601
581 1584
582 1572
583 1557
584 1548
585 1539
586 1523
587 1511
588 1501
589 1487
590 1483
591 1472
592 1469
593 1461
594 1459
595 1448
596 1444
597 1436
598 1434
599 1427
600 1419
601 1416
602 1410
603 1409
604 1406
605 1404
606 1400
607 1399
608 1394
609 1395
610 1393
611 1390
612 1387
613 1384
614 1381
615 1381
616 1379
617 1378
618 1374
619 1373
620 1371
621 1374
622 1371
623 1366
624 1366
625 1367
626 1366
627 1369
628 1367
629 1365
630 1364
631 1362
632 1361
633 1362
634 1358
635 1359
636 1360
637 1361
638 1359
639 1360
640 1359
641 1362
642 1358
643 1361
644 1357
645 1359
646 1359
647 1359
648 1360
649 1358
650 1361
651 1358
652 1358
653 1361
654 1357
655 1358
656 1357
657 1359
658 1358
659 1359
660 1358
661 1358
662 1358
663 1357
664 1357
665 1356
666 1357
667 1357
668 1356
669 1359
670 1356
671 1356
672 1355
673 1357
674 1355
675 1354
676 1356
677 1357
678 1357
679 1357
680 1356
681 1358
682 1359
683 1357
684 1356
685 1356
686 1355
687 1355
688 1357
689 1358
690 1355
691 1357
692 1356
693 1355
694 1356
695 1357
696 1356
697 1354
698 1354
699 1358
700 1357
701 1357
702 1357
703 1358
704 1357
705 1357
706 1355
707 1355
708 1355
709 1356
710 1356
711 1356
712 1356
713 1357
714 1358
715 1356
716 1356
717 1356
718 1354
719 1355
720 1355
721 1357
722 1357
723 1355
724 1356
725 1356
726 1355
727 1355
728 1354
729 1357
730 1355
731 1353
732 1354
733 1353
734 1355
735 1355
736 1355
737 1355
738 1355
739 1353
740 1356
741 1357
742 1357
743 1357
744 1354
745 1354
746 1356
747 1354
748 1356
749 1356
750 1354
751 1357
752 1353
753 1354
754 1351
755 1351
756 1354
757 1357
758 1355
759 1354
760 1353
761 1354
762 1356
763 1358
764 1352
765 1351
766 1350
767 1356
768 1356
769 1357
770 1354
771 1357
772 1361
773 1356
774 1358
775 1352
776 1354
777 1359
778 1358
779 1356
780 1353
781 1353
782 1358
783 1355
784 1352
785 1353
786 1358
787 1356
788 1355
789 1355
790 1358
791 1355
792 1355
793 1351
794 1354
795 1356
796 1355
797 1357
798 1357
799 1358
800 1356
801 1357
802 1355
803 1356
804 1356
805 1355
806 1356
807 1356
808 1356
809 1356
810 1355
811 1354
812 1354
813 1356
814 1358
815 1358
816 1356
817 1355
818 1355
819 1353
820 1355
821 1355
822 1354
823 1354
824 1356
825 1356
826 1355
827 1359
828 1356
829 1357
830 1356
831 1355
832 1356
833 1354
834 1356
835 1356
836 1356
837 1358
838 1358
839 1357
840 1355
841 1355
842 1355
843 1353
844 1356
845 1358
846 1356
847 1358
848 1356
849 1357
850 1357
851 1356
852 1354
853 1356
854 1356
855 1354
856 1356
857 1357
858 1353
859 1358
860 1356
861 1358
862 1356
863 1356
864 1354
865 1357
866 1356
867 1356
868 1358
869 1355
870 1354
871 1356
872 1358
873 1357
874 1354
875 1356
876 1354
877 1354
878 1354
879 1354
880 1356
881 1355
882 1357
883 1355
884 1356
885 1358
886 1356
887 1356
888 1357
889 1354
890 1357
891 1356
892 1357
893 1356
894 1354
895 1354
896 1356
897 1357
898 1357
899 1358
900 1357
901 1356
902 1356
903 1355
904 1355
905 1355
906 1356
907 1357
908 1356
909 1355
910 1356
911 1354
912 1356
913 1354
914 1356
915 1356
916 1358
917 1357
918 1357
919 1356
920 1355
921 1355
922 1357
923 1356
924 1357
925 1353
926 1357
927 1356
928 1355
929 1353
930 1355
931 1356
932 1356
933 1354
934 1353
935 1355
936 1359
937 1361
938 1357
939 1353
940 1356
941 1355
942 1358
943 1354
944 1354
945 1354
946 1357
947 1357
948 1356
949 1354
950 1359
951 1352
952 1355
953 1354
954 1354
955 1355
956 1356
957 1356
958 1358
959 1356
960 1353
961 1357
962 1357
963 1353
964 1353
965 1356
966 1357
967 1356
968 1355
969 1355
970 1355
971 1353
972 1354
973 1353
974 1353
975 1358
976 1359
977 1357
978 1357
979 1358
980 1358
981 1356
982 1355
983 1354
984 1355
985 1354
986 1354
987 1355
988 1358
989 1358
990 1359
991 1357
992 1356
993 1357
994 1354
995 1357
996 1355
997 1357
998 1356
999 1355
1000 1354
1001 1353
1002 1354
1003 1356
1004 1354
1005 1353
1006 1356
1007 1357
1008 1354
1009 1354
1010 1356
1011 1357
1012 1355
1013 1355
1014 1355
1015 1356
1016 1356
1017 1357
1018 1357
1019 1357
1020 1358
1021 1356
1022 1359
1023 1357
1024 1358
1025 1357
1026 1353
1027 1357
1028 1355
1029 1355
1030 1355
1031 1353
1032 1354
1033 1357
1034 1354
1035 1356
1036 1354
1037 1353
1038 1355
1039 1357
1040 1355
1041 1355
1042 1354
1043 1353
1044 1355
1045 1354
1046 1356
1047 1353
1048 1356
1049 1354
1050 1356
1051 1354
1052 1356
1053 1354
1054 1356
1055 1354
1056 1356
1057 1354
1058 1356
1059 1355
1060 1355
1061 1355
1062 1356
1063 1352
1064 1353
1065 1356
1066 1356
1067 1355
1068 1353
1069 1355
1070 1352
1071 1356
1072 1356
1073 1355
1074 1354
1075 1354
1076 1356
1077 1356
1078 1355
1079 1354
1080 1356
1081 1353
1082 1356
1083 1354
1084 1352
1085 1357
1086 1357
1087 1354
1088 1354
1089 1356
1090 1355
1091 1357
1092 1357
1093 1355
1094 1352
1095 1355
1096 1355
1097 1356
1098 1357
1099 1352
1100 1353
1101 1354
1102 1356
1103 1355
1104 1357
1105 1353
1106 1355
1107 1356
1108 1353
1109 1353
1110 1355
1111 1353
1112 1357
1113 1354
1114 1353
1115 1355
1116 1357
1117 1356
1118 1355
1119 1353
1120 1355
1121 1354
1122 1354
1123 1354
1124 1356
1125 1356
1126 1355
1127 1355
1128 1355
1129 1356
1130 1356
1131 1356
1132 1358
1133 1355
1134 1355
1135 1355
1136 1353
1137 1357
1138 1358
1139 1353
1140 1354
1141 1357
1142 1357
1143 1356
1144 1356
1145 1356
1146 1356
1147 1353
1148 1356
1149 1354
1150 1354
1151 1354
1152 1357
1153 1353
1154 1355
1155 1355
1156 1355
1157 1355
1158 1356
1159 1357
1160 1356
1161 1353
1162 1353
1163 1353
1164 1356
1165 1355
1166 1354
1167 1357
1168 1358
1169 1356
1170 1356
1171 1357
1172 1356
1173 1357
1174 1357
1175 1356
1176 1358
1177 1357
1178 1356
1179 1356
1180 1355
1181 1353
1182 1356
1183 1356
1184 1354
1185 1351
1186 1354
1187 1355
1188 1356
1189 1354
1190 1356
1191 1356
1192 1354
1193 1354
1194 1355
1195 1357
1196 1355
1197 1354
1198 1353
1199 1356
1200 1354
1201 1355
1202 1357
1203 1357
1204 1353
1205 1356
1206 1352
1207 1355
1208 1354
1209 1356
1210 1355
1211 1355
1212 1353
1213 1355
1214 1354
1215 1353
1216 1355
1217 1355
1218 1357
1219 1357
1220 1357
1221 1355
1222 1355
1223 1352
1224 1358
1225 1357
1226 1357
1227 1356
1228 1356
1229 1353
1230 1355
1231 1356
1232 1357
1233 1357
1234 1356
1235 1356
1236 1357
1237 1355
1238 1354
1239 1356
1240 1354
1241 1357
1242 1355
1243 1357
1244 1356
1245 1354
1246 1355
1247 1357
1248 1358
1249 1357
1250 1356
1251 1356
1252 1357
1253 1355
1254 1356
1255 1354
1256 1355
1257 1357
1258 1353
1259 1355
1260 1358
1261 1355
1262 1356
1263 1354
1264 1355
1265 1356
1266 1356
1267 1357
1268 1356
1269 1356
1270 1359
1271 1357
1272 1356
1273 1353
1274 1353
1275 1356
1276 1355
1277 1356
1278 1354
1279 1355
1280 1355
1281 1355
1282 1356
1283 1357
1284 1357
1285 1353
1286 1355
1287 1355
1288 1358
1289 1357
1290 1358
1291 1354
1292 1359
1293 1356
1294 1354
1295 1353
1296 1358
1297 1359
1298 1357
1299 1357
1300 1354
1301 1357
1302 1357
1303 1357
1304 1354
1305 1352
1306 1353
1307 1354
1308 1354
1309 1357
1310 1355
1311 1355
1312 1356
1313 1355
1314 1357
1315 1356
1316 1356
1317 1356
1318 1357
1319 1355
1320 1354
1321 1355
1322 1356
1323 1356
1324 1354
1325 1355
1326 1357
1327 1354
1328 1357
1329 1353
1330 1357
1331 1354
1332 1354
1333 1354
1334 1356
1335 1355
1336 1357
1337 1355
1338 1355
1339 1358
1340 1356
1341 1355
1342 1354
1343 1354
1344 1354
1345 1357
1346 1355
1347 1354
1348 1356
1349 1357
1350 1356
1351 1356
1352 1355
1353 1356
1354 1356
1355 1356
1356 1357
1357 1358
1358 1356
1359 1355
1360 1356
1361 1353
1362 1357
1363 1354
1364 1357
1365 1356
1366 1358
1367 1355
1368 1355
1369 1354
1370 1355
1371 1356
1372 1356
1373 1355
1374 1356
1375 1354
1376 1355
1377 1354
1378 1353
1379 1355
1380 1354
1381 1358
1382 1356
1383 1357
1384 1360
1385 1357
1386 1357
1387 1355
1388 1356
1389 1353
1390 1355
1391 1354
1392 1355
1393 1354
1394 1355
1395 1357
1396 1355
1397 1353
1398 1357
1399 1354
1400 1356
1401 1355
1402 1356
1403 1356
1404 1355
1405 1354
1406 1356
1407 1354
1408 1355
1409 1356
1410 1355
1411 1356
1412 1356
1413 1357
1414 1354
1415 1356
1416 1356
1417 1355
1418 1355
1419 1353
1420 1357
1421 1355
1422 1355
1423 1353
1424 1355
1425 1355
1426 1356
1427 1353
1428 1353
1429 1355
1430 1356
1431 1355
1432 1356
1433 1356
1434 1358
1435 1354
1436 1358
1437 1355
1438 1356
1439 1354
1440 1356
1441 1352
1442 1356
1443 1355
1444 1356
1445 1354
1446 1358
1447 1356
1448 1355
1449 1355
1450 1354
1451 1356
1452 1356
1453 1352
1454 1356
1455 1355
1456 1356
1457 1356
1458 1358
1459 1354
1460 1355
1461 1356
1462 1356
1463 1352
1464 1354
1465 1354
1466 1354
1467 1354
1468 1354
1469 1354
1470 1356
1471 1354
1472 1354
1473 1353
1474 1352
1475 1355
1476 1358
1477 1359
1478 1356
1479 1353
1480 1356
1481 1357
1482 1356
1483 1353
1484 1356
1485 1354
1486 1354
1487 1355
1488 1355
1489 1355
1490 1356
1491 1356
1492 1355
1493 1355
1494 1355
1495 1357
1496 1354
1497 1355
1498 1358
1499 1355
1500 1352
1501 1356
1502 1357
1503 1357
1504 1356
1505 1352
1506 1357
1507 1356
1508 1355
1509 1354
1510 1355
1511 1357
1512 1354
1513 1354
1514 1354
1515 1357
1516 1355
1517 1356
1518 1356
1519 1356
1520 1355
1521 1355
1522 1356
1523 1353
1524 1354
1525 1353
1526 1352
1527 1354
1528 1358
1529 1357
1530 1357
1531 1355
1532 1353
1533 1358
1534 1356
1535 1356
1536 1356
1537 1357
1538 1356
1539 1356
1540 1356
1541 1355
1542 1356
1543 1356
1544 1356
1545 1358
1546 1356
1547 1355
1548 1355
1549 1357
1550 1355
1551 1355
1552 1355
1553 1356
1554 1352
1555 1355
1556 1357
1557 1354
1558 1355
1559 1357
1560 1357
1561 1357
1562 1355
1563 1353
1564 1355
1565 1357
1566 1356
1567 1357
1568 1356
1569 1358
1570 1356
1571 1357
1572 1354
1573 1354
1574 1355
1575 1355
1576 1354
1577 1356
1578 1356
1579 1357
1580 1356
1581 1357
1582 1355
1583 1356
1584 1356
1585 1356
1586 1358
1587 1357
1588 1352
1589 1356
1590 1355
1591 1357
1592 1356
1593 1355
1594 1357
1595 1354
1596 1354
1597 1352
1598 1355
1599 1357
1600 1354
1601 1356
1602 1356
1603 1355
1604 1353
1605 1354
1606 1355
1607 1355
1608 1356
1609 1354
1610 1354
1611 1358
1612 1356
1613 1356
1614 1355
1615 1354
1616 1356
1617 1355
1618 1356
1619 1355
1620 1357
1621 1357
1622 1356
1623 1355
1624 1356
1625 1356
1626 1354
1627 1355
1628 1356
1629 1358
1630 1357
1631 1356
1632 1354
1633 1352
1634 1354
1635 1352
1636 1354
1637 1355
1638 1356
1639 1354
1640 1354
1641 1357
1642 1358
1643 1357
1644 1358
1645 1354
1646 1355
1647 1354
1648 1353
1649 1355
1650 1353
1651 1357
1652 1356
1653 1352
1654 1354
1655 1354
1656 1359
1657 1360
1658 1356
1659 1353
1660 1353
1661 1356
1662 1356
1663 1354
1664 1353
1665 1354
1666 1356
1667 1357
1668 1354
1669 1355
1670 1355
1671 1354
1672 1355
1673 1357
1674 1356
1675 1356
1676 1352
1677 1356
1678 1356
1679 1354
1680 1353
1681 1356
1682 1357
1683 1355
1684 1354
1685 1357
1686 1354
1687 1356
1688 1357
1689 1357
1690 1355
1691 1356
1692 1353
1693 1358
1694 1353
1695 1357
1696 1357
1697 1356
1698 1357
1699 1356
1700 1356
1701 1355
1702 1353
1703 1355
1704 1355
1705 1353
1706 1356
1707 1355
1708 1353
1709 1356
1710 1355
1711 1356
1712 1356
1713 1354
1714 1354
1715 1358
1716 1355
1717 1356
1718 1353
1719 1357
1720 1356
1721 1356
1722 1356
1723 1357
1724 1355
1725 1357
1726 1357
1727 1358
1728 1357
1729 1357
1730 1353
1731 1357
1732 1355
1733 1355
1734 1355
1735 1356
1736 1354
1737 1356
1738 1355
1739 1356
1740 1356
1741 1357
1742 1356
1743 1354
1744 1354
1745 1360
1746 1356
1747 1358
1748 1353
1749 1356
1750 1355
1751 1352
1752 1353
1753 1355
1754 1355
1755 1356
1756 1357
1757 1357
1758 1354
1759 1356
1760 1354
1761 1357
1762 1355
1763 1354
1764 1354
1765 1357
1766 1357
1767 1358
1768 1356
1769 1354
1770 1354
1771 1354
1772 1355
1773 1356
1774 1355
1775 1355
1776 1357
1777 1358
1778 1356
1779 1356
1780 1354
1781 1356
1782 1357
1783 1357
1784 1355
1785 1355
1786 1353
1787 1357
1788 1351
1789 1356
1790 1358
1791 1358
1792 1353
1793 1355
1794 1351
1795 1355
1796 1355
1797 1353
1798 1353
1799 1359
1800 1356
1801 1357
1802 1353
1803 1355
1804 1354
1805 1354
1806 1351
1807 1355
1808 1352
1809 1353
1810 1356
1811 1355
1812 1354
1813 1355
1814 1352
1815 1357
1816 1356
1817 1356
1818 1356
1819 1354
1820 1354
1821 1353
1822 1353
1823 1357
1824 1355
1825 1358
1826 1355
1827 1356
1828 1352
1829 1354
1830 1353
1831 1355
1832 1355
1833 1358
1834 1354
1835 1352
1836 1354
1837 1360
1838 1358
1839 1355
1840 1355
1841 1356
1842 1355
1843 1356
1844 1353
1845 1356
1846 1354
1847 1354
1848 1355
1849 1354
1850 1354
1851 1358
1852 1355
1853 1355
1854 1355
1855 1356
1856 1355
1857 1357
1858 1356
1859 1358
1860 1354
1861 1354
1862 1356
1863 1356
1864 1355
1865 1355
1866 1355
1867 1356
1868 1355
1869 1356
1870 1355
1871 1359
1872 1358
1873 1353
1874 1355
1875 1357
1876 1355
1877 1356
1878 1355
1879 1354
1880 1355
1881 1353
1882 1357
1883 1352
1884 1352
1885 1355
1886 1356
1887 1354
1888 1355
1889 1354
1890 1355
1891 1356
1892 1355
1893 1354
1894 1353
1895 1353
1896 1355
1897 1354
1898 1353
1899 1354
1900 1356
1901 1356
1902 1356
1903 1355
1904 1355
1905 1356
1906 1358
1907 1356
1908 1357
1909 1354
1910 1356
1911 1355
1912 1354
1913 1353
1914 1354
1915 1357
1916 1356
1917 1355
1918 1355
1919 1356
1920 1354
1921 1355
1922 1356
1923 1356
1924 1355
1925 1353
1926 1353
1927 1356
1928 1357
1929 1354
1930 1355
1931 1354
1932 1356
1933 1352
1934 1355
1935 1357
1936 1356
1937 1357
1938 1355
1939 1355
1940 1354
1941 1356
1942 1356
1943 1353
1944 1356
1945 1356
1946 1356
1947 1353
1948 1353
1949 1355
1950 1353
1951 1353
1952 1356
1953 1355
1954 1354
1955 1354
1956 1355
1957 1354
1958 1356
1959 1356
1960 1352
1961 1354
1962 1356
1963 1358
1964 1355
1965 1355
1966 1353
1967 1355
1968 1354
1969 1357
1970 1357
1971 1356
1972 1357
1973 1356
1974 1357
1975 1355
1976 1353
1977 1353
1978 1355
1979 1356
1980 1355
1981 1355
1982 1353
1983 1354
1984 1353
1985 1354
1986 1353
1987 1357
1988 1354
1989 1356
1990 1356
1991 1354
1992 1356
1993 1356
1994 1354
1995 1357
1996 1356
1997 1357
1998 1357
1999 1359
2000 1354
2001 1354
2002 1356
2003 1355
2004 1357
2005 1356
2006 1356
2007 1356
2008 1355
2009 1354
2010 1355
2011 1355
2012 1352
2013 1355
2014 1353
2015 1350
2016 1353
2017 1361
2018 1355
2019 1354
2020 1354
2021 1356
2022 1357
2023 1355
2024 1355
2025 1354
2026 1356
2027 1355
2028 1356
2029 1356
2030 1354
2031 1356
2032 1356
2033 1354
2034 1356
2035 1356
2036 1356
2037 1353
2038 1356
2039 1354
2040 1353
2041 1353
2042 1355
2043 1357
2044 1354
2045 1356
2046 1354
2047 1353
2048 1356
2049 1352
2050 1354
2051 1356
2052 1355
2053 1354
2054 1353
2055 1353
2056 1357
2057 1354
2058 1355
2059 1357
2060 1356
2061 1353
2062 1356
2063 1357
2064 1357
2065 1355
2066 1353
2067 1353
2068 1356
2069 1356
2070 1356
2071 1355
2072 1356
2073 1358
2074 1355
2075 1355
2076 1354
2077 1355
2078 1354
2079 1354
2080 1356
2081 1355
2082 1357
2083 1354
2084 1360
2085 1357
2086 1356
2087 1355
2088 1356
2089 1354
2090 1355
2091 1356
2092 1355
2093 1353
2094 1355
2095 1357
2096 1357
2097 1355
2098 1356
2099 1352
2100 1356
2101 1355
2102 1357
2103 1351
2104 1354
2105 1357
2106 1356
2107 1353
2108 1353
2109 1353
2110 1355
2111 1354
2112 1357
2113 1353
2114 1355
2115 1356
2116 1357
2117 1357
2118 1358
2119 1357
2120 1361
2121 1365
2122 1366
2123 1374
2124 1381
2125 1390
2126 1399
2127 1412
2128 1423
2129 1438
2130 1454
2131 1469
2132 1484
2133 1490
2134 1499
2135 1508
2136 1517
2137 1524
2138 1531
2139 1531
2140 1535
2141 1534
2142 1533
2143 1533
2144 1528
2145 1520
2146 1516
2147 1514
2148 1509
2149 1503
2150 1500
2151 1493
2152 1489
2153 1484
2154 1482
2155 1474
2156 1465
2157 1461
2158 1452
2159 1443
2160 1441
2161 1434
2162 1428
2163 1425
2164 1419
2165 1416
2166 1410
2167 1408
2168 1404
2169 1401
2170 1400
2171 1397
2172 1393
2173 1391
2174 1390
2175 1387
2176 1387
2177 1382
2178 1380
2179 1380
2180 1374
2181 1375
2182 1373
2183 1373
2184 1374
2185 1369
2186 1370
2187 1368
2188 1367
2189 1365
2190 1365
2191 1366
2192 1365
2193 1363
2194 1361
2195 1360
2196 1362
2197 1363
2198 1360
2199 1360
2200 1360
2201 1360
2202 1361
2203 1363
2204 1360
2205 1360
2206 1360
2207 1361
2208 1359
2209 1362
2210 1361
2211 1361
2212 1358
2213 1357
2214 1359
2215 1360
2216 1356
2217 1359
2218 1357
2219 1359
2220 1358
2221 1357
2222 1358
2223 1358
2224 1359
2225 1355
2226 1356
2227 1356
2228 1355
2229 1355
2230 1359
2231 1357
2232 1356
2233 1359
2234 1355
2235 1360
2236 1356
2237 1356
2238 1355
2239 1357
2240 1354
2241 1356
2242 1355
2243 1357
2244 1354
2245 1357
2246 1355
2247 1357
2248 1353
2249 1357
2250 1356
2251 1355
2252 1356
2253 1357
2254 1357
2255 1357
2256 1356
2257 1357
2258 1354
2259 1357
2260 1357
2261 1355
2262 1356
2263 1357
2264 1360
2265 1355
2266 1356
2267 1356
2268 1356
2269 1357
2270 1357
2271 1355
2272 1355
2273 1356
2274 1356
2275 1358
2276 1357
2277 1354
2278 1355
2279 1356
2280 1356
2281 1354
2282 1355
2283 1353
2284 1355
2285 1356
2286 1357
2287 1356
2288 1355
2289 1356
2290 1354
2291 1357
2292 1356
2293 1357
2294 1358
2295 1353
2296 1356
2297 1356
2298 1356
2299 1357
2300 1358
2301 1357
2302 1356
2303 1354
2304 1357
2305 1355
2306 1357
2307 1357
2308 1358
2309 1355
2310 1356
2311 1354
2312 1356
2313 1356
2314 1355
2315 1356
2316 1356
2317 1354
2318 1355
2319 1352
2320 1351
2321 1357
2322 1354
2323 1356
2324 1356
2325 1358
2326 1354
2327 1357
2328 1354
2329 1354
2330 1354
2331 1358
2332 1356
2333 1356
2334 1352
2335 1353
2336 1355
2337 1356
2338 1356
2339 1356
2340 1357
2341 1354
2342 1354
2343 1357
2344 1352
2345 1355
2346 1355
2347 1354
2348 1352
2349 1355
2350 1354
2351 1354
2352 1355
2353 1355
2354 1353
2355 1356
2356 1356
2357 1355
2358 1356
2359 1356
2360 1357
2361 1357
2362 1356
2363 1355
2364 1356
2365 1355
2366 1355
2367 1355
2368 1356
2369 1357
2370 1354
2371 1353
2372 1355
2373 1352
2374 1351
2375 1355
2376 1356
2377 1354
2378 1353
2379 1352
2380 1356
2381 1353
2382 1353
2383 1354
2384 1354
2385 1356
2386 1356
2387 1356
2388 1355
2389 1357
2390 1357
2391 1355
2392 1355
2393 1355
2394 1353
2395 1355
2396 1355
2397 1356
2398 1354
2399 1355
2400 1354
2401 1356
2402 1356
2403 1354
2404 1355
2405 1355
2406 1355
2407 1355
2408 1354
2409 1355
2410 1354
2411 1355
2412 1356
2413 1353
2414 1353
2415 1355
2416 1354
2417 1355
2418 1354
2419 1358
2420 1354
2421 1357
2422 1355
2423 1357
2424 1354
2425 1355
2426 1352
2427 1357
2428 1355
2429 1358
2430 1355
2431 1353
2432 1355
2433 1357
2434 1352
2435 1353
2436 1352
2437 1356
2438 1356
2439 1355
2440 1355
2441 1357
2442 1356
2443 1353
2444 1353
2445 1355
2446 1355
2447 1357
2448 1353
2449 1353
2450 1355
2451 1357
2452 1355
2453 1356
2454 1353
2455 1356
2456 1358
2457 1356
2458 1356
2459 1357
2460 1356
2461 1355
2462 1352
2463 1354
2464 1356
2465 1355
2466 1354
2467 1357
2468 1355
2469 1355
2470 1355
2471 1356
2472 1353
2473 1353
2474 1358
2475 1354
2476 1353
2477 1356
2478 1357
2479 1356
2480 1356
2481 1352
2482 1353
2483 1356
2484 1356
2485 1356
2486 1355
2487 1358
2488 1357
2489 1357
2490 1354
2491 1354
2492 1356
2493 1358
2494 1356
2495 1359
2496 1355
2497 1357
2498 1354
2499 1353
2500 1354
2501 1357
2502 1357
2503 1359
2504 1356
2505 1358
2506 1356
2507 1357
2508 1355
2509 1355
2510 1359
2511 1357
2512 1354
2513 1357
2514 1356
2515 1357
2516 1355
2517 1353
2518 1353
2519 1357
2520 1354
2521 1357
2522 1356
2523 1356
2524 1356
2525 1356
2526 1355
2527 1356
2528 1353
2529 1353
2530 1352
2531 1354
2532 1353
2533 1356
2534 1356
2535 1357
2536 1354
2537 1355
2538 1357
2539 1355
2540 1360
2541 1357
2542 1359
2543 1356
2544 1356
2545 1357
2546 1356
2547 1358
2548 1355
2549 1357
2550 1354
2551 1355
2552 1356
2553 1356
2554 1355
2555 1354
2556 1357
2557 1357
2558 1358
2559 1353
2560 1356
2561 1354
2562 1354
2563 1357
2564 1355
2565 1355
2566 1355
2567 1357
2568 1355
2569 1354
2570 1355
2571 1357
2572 1357
2573 1358
2574 1357
2575 1356
2576 1356
2577 1355
2578 1357
2579 1356
2580 1357
2581 1358
2582 1356
2583 1358
2584 1358
2585 1356
2586 1355
2587 1356
2588 1355
2589 1358
2590 1359
2591 1355
2592 1357
2593 1354
2594 1355
2595 1357
2596 1357
2597 1357
2598 1356
2599 1355
2600 1356
2601 1355
2602 1358
2603 1358
2604 1356
2605 1356
2606 1358
2607 1358
2608 1356
2609 1356
2610 1355
2611 1352
2612 1354
2613 1354
2614 1358
2615 1356
2616 1354
2617 1355
2618 1355
2619 1355
2620 1353
2621 1358
2622 1357
2623 1354
2624 1356
2625 1355
2626 1355
2627 1354
2628 1356
2629 1355
2630 1356
2631 1357
2632 1359
2633 1356
2634 1356
2635 1356
2636 1354
2637 1356
2638 1357
2639 1357
2640 1356
2641 1357
2642 1357
2643 1357
2644 1356
2645 1354
2646 1355
2647 1357
2648 1355
2649 1355
2650 1353
2651 1355
2652 1355
2653 1357
2654 1358
2655 1356
2656 1355
2657 1355
2658 1355
2659 1356
2660 1356
2661 1353
2662 1357
2663 1355
2664 1353
2665 1356
2666 1355
2667 1354
2668 1358
2669 1359
2670 1361
2671 1359
2672 1356
2673 1353
2674 1356
2675 1355
2676 1354
2677 1354
2678 1354
2679 1354
2680 1354
2681 1356
2682 1355
2683 1358
2684 1358
2685 1358
2686 1359
2687 1356
2688 1358
2689 1357
2690 1358
2691 1357
2692 1357
2693 1355
2694 1356
2695 1354
2696 1357
2697 1355
2698 1358
2699 1356
2700 1357
2701 1357
2702 1356
2703 1354
2704 1356
2705 1353
2706 1354
2707 1357
2708 1359
2709 1357
2710 1356
2711 1352
2712 1356
2713 1355
2714 1357
2715 1357
2716 1356
2717 1356
2718 1355
2719 1356
2720 1356
2721 1356
2722 1356
2723 1356
2724 1356
2725 1356
2726 1357
2727 1356
2728 1358
2729 1358
2730 1356
2731 1356
2732 1356
2733 1356
2734 1358
2735 1353
2736 1358
2737 1357
2738 1355
2739 1355
2740 1356
2741 1357
2742 1357
2743 1357
2744 1354
2745 1353
2746 1354
2747 1356
2748 1354
2749 1354
2750 1357
2751 1357
2752 1358
2753 1354
2754 1357
2755 1356
2756 1357
2757 1357
2758 1357
2759 1357
2760 1356
2761 1358
2762 1357
2763 1354
2764 1354
2765 1355
2766 1355
2767 1354
2768 1355
2769 1356
2770 1356
2771 1353
2772 1356
2773 1352
2774 1354
2775 1357
2776 1356
2777 1355
2778 1353
2779 1354
2780 1355
2781 1356
2782 1354
2783 1354
2784 1357
2785 1358
2786 1358
2787 1356
2788 1353
2789 1355
2790 1356
2791 1355
2792 1356
2793 1357
2794 1357
2795 1357
2796 1355
2797 1356
2798 1357
2799 1355
2800 1355
2801 1355
2802 1356
2803 1356
2804 1357
2805 1356
2806 1356
2807 1355
2808 1354
2809 1356
2810 1356
2811 1357
2812 1358
2813 1355
2814 1356
2815 1355
2816 1356
2817 1356
2818 1356
2819 1356
2820 1356
2821 1355
2822 1357
2823 1355
2824 1354
2825 1356
2826 1355
2827 1354
2828 1356
2829 1355
2830 1355
2831 1357
2832 1354
2833 1355
2834 1355
2835 1355
2836 1356
2837 1357
2838 1355
2839 1357
2840 1357
2841 1359
2842 1358
2843 1355
2844 1353
2845 1357
2846 1354
2847 1356
2848 1354
2849 1355
2850 1356
2851 1358
2852 1359
2853 1357
2854 1355
2855 1357
2856 1355
2857 1354
2858 1354
2859 1356
2860 1356
2861 1358
2862 1357
2863 1358
2864 1354
2865 1356
2866 1356
2867 1355
2868 1356
2869 1355
2870 1354
2871 1355
2872 1353
2873 1355
2874 1356
2875 1355
2876 1355
2877 1357
2878 1356
2879 1357
2880 1354
2881 1354
2882 1357
2883 1353
2884 1359
2885 1359
2886 1356
2887 1357
2888 1353
2889 1356
2890 1355
2891 1354
2892 1355
2893 1353
2894 1354
2895 1356
2896 1354
2897 1355
2898 1359
2899 1353
2900 1358
2901 1357
2902 1356
2903 1354
2904 1360
2905 1355
2906 1354
2907 1355
2908 1354
2909 1355
2910 1354
2911 1356
2912 1357
2913 1357
2914 1355
2915 1355
2916 1358
2917 1357
2918 1358
2919 1354
2920 1354
2921 1354
2922 1357
2923 1356
2924 1355
2925 1354
2926 1354
2927 1354
2928 1353
2929 1354
2930 1356
2931 1355
2932 1354
2933 1353
2934 1354
2935 1356
2936 1359
2937 1355
2938 1358
2939 1357
2940 1356
2941 1354
2942 1358
2943 1356
2944 1360
2945 1354
2946 1356
2947 1358
2948 1357
2949 1355
2950 1354
2951 1350
2952 1353
2953 1353
2954 1352
2955 1357
2956 1355
2957 1354
2958 1357
2959 1353
2960 1357
2961 1356
2962 1356
2963 1356
2964 1356
2965 1354
2966 1352
2967 1353
2968 1356
2969 1356
2970 1358
2971 1357
2972 1356
2973 1354
2974 1352
2975 1354
2976 1356
2977 1354
2978 1358
2979 1356
2980 1356
2981 1356
2982 1357
2983 1355
2984 1359
2985 1355
2986 1356
2987 1355
2988 1356
2989 1351
2990 1357
2991 1352
2992 1357
2993 1353
2994 1355
2995 1355
2996 1353
2997 1356
2998 1356
2999 1355
3000 1357
3001 1356
3002 1355
3003 1357
3004 1358
3005 1359
3006 1355
3007 1357
3008 1357
3009 1356
3010 1355
3011 1357
3012 1354
3013 1355
3014 1356
3015 1356
3016 1355
3017 1356
3018 1356
3019 1353
3020 1353
3021 1354
3022 1355
3023 1355
3024 1355
3025 1355
3026 1356
3027 1357
3028 1355
3029 1356
3030 1359
3031 1358
3032 1359
3033 1358
3034 1358
3035 1356
3036 1359
3037 1353
3038 1356
3039 1355
3040 1356
3041 1358
3042 1356
3043 1357
3044 1356
3045 1356
3046 1357
3047 1355
3048 1357
3049 1355
3050 1356
3051 1358
3052 1356
3053 1357
3054 1355
3055 1355
3056 1358
3057 1357
3058 1356
3059 1356
3060 1356
3061 1354
3062 1358
3063 1358
3064 1357
3065 1357
3066 1357
3067 1355
3068 1356
3069 1356
3070 1356
3071 1355
3072 1357
3073 1356
3074 1358
3075 1355
3076 1356
3077 1357
3078 1355
3079 1357
3080 1357
3081 1357
3082 1356
3083 1356
3084 1354
3085 1360
3086 1358
3087 1357
3088 1354
3089 1356
3090 1357
3091 1356
3092 1357
3093 1356
3094 1356
3095 1356
3096 1354
3097 1356
3098 1356
3099 1357
3100 1355
3101 1357
3102 1357
3103 1355
3104 1355
3105 1356
3106 1354
3107 1354
3108 1355
3109 1354
3110 1359
3111 1357
3112 1356
3113 1356
3114 1356
3115 1356
3116 1356
3117 1353
3118 1358
3119 1356
3120 1356
3121 1355
3122 1359
3123 1358
3124 1358
3125 1358
3126 1356
3127 1357
3128 1356
3129 1356
3130 1355
3131 1358
3132 1357
3133 1356
3134 1357
3135 1355
3136 1357
3137 1355
3138 1356
3139 1353
3140 1358
3141 1355
3142 1356
3143 1356
3144 1353
3145 1357
3146 1356
3147 1355
3148 1356
3149 1357
3150 1356
3151 1356
3152 1357
3153 1356
3154 1356
3155 1357
3156 1354
3157 1357
3158 1354
3159 1356
3160 1356
3161 1353
3162 1355
3163 1355
3164 1354
3165 1355
3166 1356
3167 1358
3168 1354
3169 1357
3170 1356
3171 1355
3172 1354
3173 1352
3174 1354
3175 1354
3176 1354
3177 1357
3178 1355
3179 1354
3180 1351
3181 1356
3182 1355
3183 1356
3184 1354
3185 1357
3186 1357
3187 1354
3188 1357
3189 1360
3190 1355
3191 1355
3192 1356
3193 1356
3194 1356
3195 1355
3196 1354
3197 1357
3198 1356
3199 1357
3200 1355
3201 1355
3202 1354
3203 1354
3204 1356
3205 1357
3206 1353
3207 1357
3208 1357
3209 1355
3210 1355
3211 1356
3212 1356
3213 1356
3214 1355
3215 1355
3216 1355
3217 1354
3218 1355
3219 1355
3220 1354
3221 1354
3222 1356
3223 1354
3224 1354
3225 1355
3226 1356
3227 1357
3228 1358
3229 1357
3230 1354
3231 1355
3232 1355
3233 1358
3234 1355
3235 1355
3236 1354
3237 1356
3238 1354
3239 1355
3240 1356
3241 1354
3242 1357
3243 1356
3244 1356
3245 1357
3246 1356
3247 1357
3248 1356
3249 1356
3250 1356
3251 1356
3252 1356
3253 1355
3254 1353
3255 1355
3256 1355
3257 1358
3258 1354
3259 1353
3260 1358
3261 1355
3262 1355
3263 1355
3264 1353
3265 1355
3266 1356
3267 1353
3268 1354
3269 1355
3270 1358
3271 1355
3272 1356
3273 1355
3274 1358
3275 1356
3276 1356
3277 1356
3278 1354
3279 1353
3280 1355
3281 1356
3282 1356
3283 1354
3284 1357
3285 1356
3286 1356
3287 1354
3288 1356
3289 1357
3290 1356
3291 1356
3292 1357
3293 1357
3294 1354
3295 1356
3296 1355
3297 1357
3298 1356
3299 1357
3300 1356
3301 1356
3302 1355
3303 1353
3304 1353
3305 1353
3306 1355
3307 1357
3308 1359
3309 1356
3310 1356
3311 1357
3312 1357
3313 1356
3314 1354
3315 1356
3316 1355
3317 1354
3318 1353
3319 1357
3320 1358
3321 1355
3322 1356
3323 1355
3324 1356
3325 1358
3326 1355
3327 1356
3328 1354
3329 1356
3330 1355
3331 1356
3332 1353
3333 1357
3334 1356
3335 1355
3336 1353
3337 1355
3338 1354
3339 1357
3340 1355
3341 1353
3342 1353
3343 1357
3344 1354
3345 1357
3346 1356
3347 1356
3348 1357
3349 1354
3350 1354
3351 1356
3352 1355
3353 1354
3354 1355
3355 1358
3356 1354
3357 1355
3358 1356
3359 1357
3360 1357
3361 1357
3362 1357
3363 1355
3364 1356
3365 1356
3366 1356
3367 1358
3368 1354
3369 1360
3370 1355
3371 1357
3372 1354
3373 1358
3374 1357
3375 1359
3376 1356
3377 1355
3378 1357
3379 1357
3380 1357
3381 1356
3382 1352
3383 1353
3384 1354
3385 1358
3386 1355
3387 1354
3388 1354
3389 1354
3390 1356
3391 1356
3392 1355
3393 1354
3394 1356
3395 1354
3396 1355
3397 1356
3398 1358
3399 1358
3400 1354
3401 1356
3402 1356
3403 1357
3404 1356
3405 1357
3406 1355
3407 1353
3408 1356
3409 1357
3410 1355
3411 1354
3412 1356
3413 1356
3414 1357
3415 1353
3416 1357
3417 1358
3418 1356
3419 1355
3420 1356
3421 1354
3422 1358
3423 1354
3424 1355
3425 1357
3426 1356
3427 1355
3428 1355
3429 1355
3430 1355
3431 1356
3432 1354
3433 1355
3434 1356
3435 1357
3436 1354
3437 1353
3438 1357
3439 1356
3440 1355
3441 1354
3442 1356
3443 1357
3444 1356
3445 1354
3446 1355
3447 1357
3448 1354
3449 1353
3450 1354
3451 1354
3452 1354
3453 1357
3454 1353
3455 1354
3456 1357
3457 1356
3458 1357
3459 1357
3460 1356
3461 1355
3462 1351
3463 1355
3464 1357
3465 1351
3466 1355
3467 1357
3468 1355
3469 1358
3470 1356
3471 1355
3472 1356
3473 1353
3474 1356
3475 1355
3476 1355
3477 1353
3478 1356
3479 1355
3480 1355
3481 1357
3482 1355
3483 1353
3484 1354
3485 1352
3486 1354
3487 1355
3488 1357
3489 1356
3490 1356
3491 1357
3492 1356
3493 1357
3494 1356
3495 1355
3496 1356
3497 1356
3498 1358
3499 1356
3500 1356
3501 1354
3502 1355
3503 1353
3504 1353
3505 1355
3506 1358
3507 1357
3508 1356
3509 1353
3510 1355
3511 1355
3512 1357
3513 1356
3514 1354
3515 1355
3516 1359
3517 1355
3518 1357
3519 1352
3520 1356
3521 1354
3522 1356
3523 1356
3524 1359
3525 1357
3526 1356
3527 1356
3528 1355
3529 1354
3530 1358
3531 1354
3532 1356
3533 1354
3534 1356
3535 1357
3536 1357
3537 1357
3538 1356
3539 1355
3540 1358
3541 1355
3542 1356
3543 1353
3544 1354
3545 1355
3546 1354
3547 1356
3548 1359
3549 1359
3550 1357
3551 1356
3552 1357
3553 1357
3554 1358
3555 1359
3556 1359
3557 1358
3558 1358
3559 1357
3560 1355
3561 1354
3562 1358
3563 1355
3564 1356
3565 1354
3566 1355
3567 1354
3568 1355
3569 1356
3570 1357
3571 1355
3572 1357
3573 1355
3574 1356
3575 1355
3576 1354
3577 1354
3578 1356
3579 1352
3580 1356
3581 1354
3582 1354
3583 1354
3584 1356
3585 1356
3586 1357
3587 1356
3588 1355
3589 1355
3590 1358
3591 1357
3592 1356
3593 1352
3594 1355
3595 1355
3596 1356
3597 1355
3598 1355
3599 1353
3600 1357
3601 1355
3602 1356
3603 1355
3604 1357
3605 1358
3606 1356
3607 1358
3608 1355
3609 1355
3610 1357
3611 1355
3612 1358
3613 1355
3614 1356
3615 1358
3616 1360
3617 1358
3618 1356
3619 1356
3620 1357
3621 1356
3622 1358
3623 1353
3624 1354
3625 1355
3626 1356
3627 1355
3628 1357
3629 1354
3630 1356
3631 1355
3632 1357
3633 1357
3634 1357
3635 1357
3636 1357
3637 1354
3638 1355
3639 1354
3640 1354
3641 1356
3642 1356
3643 1358
3644 1355
3645 1355
3646 1355
3647 1357
3648 1358
3649 1356
3650 1354
3651 1353
3652 1353
3653 1353
3654 1355
3655 1355
3656 1355
3657 1356
3658 1357
3659 1355
3660 1356
3661 1354
3662 1356
3663 1353
3664 1355
3665 1355
3666 1357
3667 1356
3668 1356
3669 1357
3670 1356
3671 1356
3672 1357
3673 1356
3674 1355
3675 1354
3676 1356
3677 1355
3678 1358
3679 1353
3680 1356
3681 1352
3682 1357
3683 1355
3684 1356
3685 1354
3686 1356
3687 1353
3688 1354
3689 1353
3690 1355
3691 1357
3692 1355
3693 1355
3694 1353
3695 1355
3696 1355
3697 1355
3698 1358
3699 1355
3700 1356
3701 1355
3702 1354
3703 1354
3704 1356
3705 1355
3706 1356
3707 1357
3708 1355
3709 1354
3710 1354
3711 1354
3712 1355
3713 1355
3714 1356
3715 1356
3716 1358
3717 1354
3718 1356
3719 1355
3720 1353
3721 1355
3722 1356
3723 1350
3724 1356
3725 1355
3726 1358
3727 1353
3728 1356
3729 1355
3730 1355
3731 1355
3732 1355
3733 1352
3734 1354
3735 1356
3736 1356
3737 1357
3738 1356
3739 1354
3740 1355
3741 1354
3742 1355
3743 1356
3744 1356
3745 1355
3746 1354
3747 1355
3748 1354
3749 1356
3750 1355
3751 1354
3752 1354
3753 1355
3754 1355
3755 1353
3756 1353
3757 1355
3758 1353
3759 1354
3760 1356
3761 1356
3762 1355
3763 1355
3764 1357
3765 1355
3766 1352
3767 1352
3768 1354
3769 1357
3770 1353
3771 1356
3772 1353
3773 1355
3774 1356
3775 1355
3776 1351
3777 1354
3778 1357
3779 1355
3780 1354
3781 1352
3782 1353
3783 1353
3784 1351
3785 1354
3786 1356
3787 1356
3788 1356
3789 1354
3790 1356
3791 1357
3792 1354
3793 1355
3794 1353
3795 1356
3796 1356
3797 1357
3798 1356
3799 1357
3800 1356
3801 1357
3802 1355
3803 1355
3804 1354
3805 1356
3806 1353
3807 1354
3808 1355
3809 1354
3810 1355
3811 1357
3812 1354
3813 1353
3814 1354
3815 1353
3816 1356
3817 1352
3818 1353
3819 1354
3820 1356
3821 1356
3822 1355
3823 1357
3824 1354
3825 1356
3826 1354
3827 1355
3828 1355
3829 1357
3830 1353
3831 1357
3832 1355
3833 1358
3834 1354
3835 1357
3836 1356
3837 1357
3838 1357
3839 1357
3840 1357
3841 1355
3842 1356
3843 1353
3844 1353
3845 1355
3846 1356
3847 1356
3848 1354
3849 1355
3850 1354
3851 1353
3852 1357
3853 1355
3854 1356
3855 1354
3856 1353
3857 1354
3858 1356
3859 1357
3860 1356
3861 1357
3862 1356
3863 1357
3864 1356
3865 1356
3866 1357
3867 1356
3868 1356
3869 1357
3870 1355
3871 1355
3872 1355
3873 1355
3874 1356
3875 1355
3876 1356
3877 1355
3878 1356
3879 1355
3880 1356
3881 1358
3882 1356
3883 1355
3884 1354
3885 1355
3886 1356
3887 1357
3888 1358
3889 1357
3890 1356
3891 1357
3892 1355
3893 1357
3894 1358
3895 1356
3896 1356
3897 1358
3898 1353
3899 1357
3900 1353
3901 1357
3902 1352
3903 1357
3904 1357
3905 1358
3906 1354
3907 1357
3908 1355
3909 1356
3910 1354
3911 1355
3912 1355
3913 1356
3914 1355
3915 1356
3916 1355
3917 1356
3918 1355
3919 1357
3920 1355
3921 1354
3922 1356
3923 1357
3924 1355
3925 1357
3926 1357
3927 1357
3928 1356
3929 1353
3930 1357
3931 1355
3932 1355
3933 1353
3934 1352
3935 1357
3936 1356
3937 1358
3938 1355
3939 1355
3940 1356
3941 1357
3942 1359
3943 1356
3944 1356
3945 1356
3946 1356
3947 1357
3948 1357
3949 1355
3950 1354
3951 1355
3952 1355
3953 1354
3954 1354
3955 1356
3956 1356
3957 1357
3958 1356
3959 1355
3960 1354
3961 1358
3962 1356
3963 1354
3964 1355
3965 1355
3966 1354
3967 1355
3968 1356
3969 1356
3970 1355
3971 1355
3972 1355
3973 1353
3974 1354
3975 1356
3976 1354
3977 1357
3978 1355
3979 1354
3980 1355
3981 1358
3982 1358
3983 1357
3984 1355
3985 1358
3986 1359
3987 1357
3988 1355
3989 1354
3990 1354
3991 1355
3992 1353
3993 1351
3994 1355
3995 1357
3996 1357
3997 1357
3998 1355
3999 1354
