0 1353
1 1355
2 1355
3 1355
4 1356
5 1357
6 1354
7 1355
8 1354
9 1357
10 1355
11 1357
12 1353
13 1356
14 1355
15 1355
16 1354
17 1352
18 1355
19 1357
20 1356
21 1355
22 1357
23 1356
24 1354
25 1355
26 1356
27 1354
28 1356
29 1356
30 1356
31 1355
32 1354
33 1357
34 1352
35 1350
36 1355
37 1361
38 1357
39 1355
40 1352
41 1351
42 1355
43 1355
44 1353
45 1352
46 1355
47 1358
48 1356
49 1357
50 1357
51 1357
52 1355
53 1355
54 1352
55 1351
56 1354
57 1356
58 1359
59 1355
60 1354
61 1353
62 1357
63 1357
64 1354
65 1353
66 1357
67 1354
68 1354
69 1356
70 1355
71 1356
72 1354
73 1354
74 1354
75 1353
76 1357
77 1356
78 1357
79 1357
80 1356
81 1356
82 1359
83 1360
84 1357
85 1357
86 1356
87 1356
88 1355
89 1352
90 1354
91 1356
92 1356
93 1353
94 1358
95 1354
96 1355
97 1352
98 1355
99 1355
100 1355
101 1356
102 1354
103 1356
104 1356
105 1355
106 1356
107 1356
108 1356
109 1356
110 1356
111 1355
112 1354
113 1354
114 1355
115 1356
116 1355
117 1355
118 1355
119 1357
120 1355
121 1355
122 1355
123 1354
124 1355
125 1353
126 1356
127 1355
128 1355
129 1355
130 1354
131 1356
132 1355
133 1355
134 1354
135 1360
136 1359
137 1356
138 1357
139 1354
140 1356
141 1355
142 1353
143 1355
144 1355
145 1356
146 1353
147 1355
148 1353
149 1356
150 1355
151 1354
152 1355
153 1353
154 1355
155 1359
156 1355
157 1355
158 1354
159 1354
160 1353
161 1355
162 1352
163 1355
164 1354
165 1356
166 1358
167 1357
168 1355
169 1353
170 1356
171 1356
172 1353
173 1358
174 1353
175 1354
176 1355
177 1355
178 1359
179 1355
180 1356
181 1356
182 1356
183 1354
184 1355
185 1354
186 1356
187 1354
188 1356
189 1354
190 1353
191 1353
192 1352
193 1354
194 1355
195 1357
196 1355
197 1359
198 1355
199 1354
200 1357
201 1354
202 1356
203 1355
204 1353
205 1355
206 1355
207 1357
208 1357
209 1355
210 1357
211 1355
212 1356
213 1353
214 1352
215 1356
216 1356
217 1358
218 1360
219 1354
220 1352
221 1353
222 1356
223 1355
224 1356
225 1353
226 1355
227 1355
228 1353
229 1354
230 1353
231 1354
232 1356
233 1355
234 1354
235 1352
236 1352
237 1356
238 1356
239 1352
240 1351
241 1350
242 1357
243 1355
244 1355
245 1355
246 1356
247 1357
248 1353
249 1354
250 1356
251 1356
252 1357
253 1355
254 1354
255 1356
256 1358
257 1357
258 1351
259 1356
260 1352
261 1354
262 1353
263 1357
264 1356
265 1354
266 1354
267 1354
268 1353
269 1355
270 1355
271 1356
272 1354
273 1356
274 1356
275 1357
276 1355
277 1359
278 1356
279 1353
280 1356
281 1355
282 1355
283 1351
284 1353
285 1355
286 1357
287 1359
288 1355
289 1355
290 1354
291 1354
292 1356
293 1356
294 1356
295 1356
296 1357
297 1354
298 1356
299 1354
300 1354
301 1355
302 1354
303 1357
304 1357
305 1357
306 1352
307 1354
308 1356
309 1355
310 1355
311 1353
312 1353
313 1357
314 1354
315 1356
316 1355
317 1355
318 1357
319 1356
320 1355
321 1355
322 1354
323 1354
324 1355
325 1355
326 1354
327 1355
328 1354
329 1354
330 1355
331 1353
332 1354
333 1355
334 1356
335 1356
336 1355
337 1357
338 1355
339 1356
340 1355
341 1353
342 1353
343 1353
344 1353
345 1354
346 1354
347 1354
348 1354
349 1355
350 1356
351 1355
352 1356
353 1356
354 1356
355 1356
356 1352
357 1357
358 1357
359 1356
360 1355
361 1355
362 1356
363 1357
364 1355
365 1357
366 1355
367 1357
368 1354
369 1355
370 1353
371 1354
372 1354
373 1357
374 1356
375 1354
376 1357
377 1355
378 1354
379 1355
380 1356
381 1355
382 1356
383 1356
384 1356
385 1357
386 1358
387 1357
388 1356
389 1354
390 1356
391 1358
392 1356
393 1357
394 1356
395 1353
396 1354
397 1359
398 1356
399 1352
400 1355
401 1354
402 1355
403 1355
404 1352
405 1355
406 1352
407 1356
408 1353
409 1356
410 1353
411 1356
412 1356
413 1356
414 1354
415 1357
416 1354
417 1355
418 1354
419 1358
420 1353
421 1356
422 1351
423 1361
424 1357
425 1357
426 1354
427 1355
428 1354
429 1353
430 1355
431 1356
432 1354
433 1353
434 1352
435 1355
436 1355
437 1355
438 1354
439 1355
440 1354
441 1353
442 1354
443 1357
444 1355
445 1354
446 1353
447 1355
448 1357
449 1357
450 1355
451 1357
452 1356
453 1354
454 1355
455 1356
456 1354
457 1355
458 1355
459 1356
460 1358
461 1355
462 1356
463 1357
464 1355
465 1358
466 1356
467 1354
468 1353
469 1352
470 1356
471 1355
472 1354
473 1356
474 1356
475 1358
476 1354
477 1357
478 1356
479 1354
480 1357
481 1358
482 1353
483 1355
484 1353
485 1356
486 1353
487 1356
488 1358
489 1358
490 1357
491 1356
492 1356
493 1356
494 1353
495 1355
496 1355
497 1357
498 1356
499 1356
500 1353
501 1355
502 1355
503 1357
504 1354
505 1357
506 1356
507 1358
508 1355
509 1357
510 1357
511 1357
512 1356
513 1359
514 1355
515 1357
516 1356
517 1355
518 1355
519 1357
520 1356
521 1356
522 1356
523 1357
524 1356
525 1356
526 1355
527 1356
528 1354
529 1356
530 1354
531 1355
532 1355
533 1356
534 1356
535 1356
536 1358
537 1358
538 1359
539 1362
540 1367
541 1372
542 1380
543 1392
544 1407
545 1425
546 1443
547 1457
548 1476
549 1497
550 1507
551 1523
552 1537
553 1547
554 1556
555 1565
556 1579
557 1582
558 1585
559 1589
560 1591
561 1588
562 1586
563 1584
564 1579
565 1576
566 1571
567 1563
568 1554
569 1549
570 1539
571 1533
572 1523
573 1516
574 1510
575 1496
576 1493
577 1488
578 1478
579 1472
580 1466
581 1463
582 1459
583 1448
584 1440
585 1437
586 1434
587 1429
588 1420
589 1414
590 1412
591 1408
592 1405
593 1398
594 1393
595 1393
596 1389
597 1388
598 1390
599 1389
600 1383
601 1379
602 1379
603 1381
604 1377
605 1374
606 1371
607 1373
608 1372
609 1371
610 1370
611 1367
612 1366
613 1366
614 1362
615 1363
616 1364
617 1364
618 1362
619 1357
620 1359
621 1360
622 1359
623 1359
624 1357
625 1359
626 1359
627 1357
628 1357
629 1359
630 1359
631 1359
632 1358
633 1358
634 1357
635 1358
636 1357
637 1358
638 1359
639 1356
640 1356
641 1356
642 1358
643 1358
644 1359
645 1357
646 1359
647 1357
648 1355
649 1356
650 1358
651 1354
652 1356
653 1359
654 1358
655 1357
656 1357
657 1357
658 1359
659 1357
660 1357
661 1358
662 1357
663 1360
664 1356
665 1356
666 1357
667 1355
668 1357
669 1355
670 1358
671 1356
672 1354
673 1355
674 1357
675 1357
676 1357
677 1357
678 1355
679 1353
680 1354
681 1356
682 1354
683 1356
684 1356
685 1356
686 1355
687 1357
688 1356
689 1356
690 1356
691 1356
692 1354
693 1356
694 1355
695 1355
696 1355
697 1354
698 1356
699 1357
700 1356
701 1355
702 1357
703 1357
704 1358
705 1355
706 1356
707 1357
708 1356
709 1354
710 1354
711 1356
712 1357
713 1356
714 1353
715 1353
716 1356
717 1356
718 1355
719 1354
720 1353
721 1356
722 1357
723 1355
724 1355
725 1355
726 1358
727 1356
728 1356
729 1354
730 1356
731 1355
732 1357
733 1354
734 1354
735 1353
736 1354
737 1357
738 1355
739 1359
740 1357
741 1355
742 1356
743 1354
744 1354
745 1355
746 1355
747 1357
748 1357
749 1356
750 1355
751 1353
752 1356
753 1355
754 1355
755 1353
756 1356
757 1359
758 1361
759 1354
760 1354
761 1360
762 1357
763 1354
764 1356
765 1354
766 1355
767 1355
768 1355
769 1355
770 1357
771 1357
772 1357
773 1357
774 1356
775 1357
776 1356
777 1355
778 1358
779 1357
780 1353
781 1351
782 1357
783 1357
784 1356
785 1355
786 1359
787 1357
788 1356
789 1352
790 1357
791 1356
792 1353
793 1355
794 1353
795 1353
796 1356
797 1357
798 1354
799 1355
800 1353
801 1355
802 1355
803 1356
804 1354
805 1353
806 1355
807 1356
808 1352
809 1355
810 1356
811 1357
812 1356
813 1355
814 1356
815 1356
816 1357
817 1358
818 1356
819 1359
820 1357
821 1358
822 1354
823 1354
824 1356
825 1353
826 1353
827 1354
828 1352
829 1356
830 1357
831 1357
832 1354
833 1354
834 1355
835 1355
836 1355
837 1354
838 1355
839 1356
840 1355
841 1356
842 1355
843 1355
844 1353
845 1355
846 1356
847 1354
848 1356
849 1357
850 1355
851 1352
852 1354
853 1356
854 1355
855 1357
856 1356
857 1356
858 1355
859 1355
860 1356
861 1354
862 1357
863 1354
864 1354
865 1351
866 1353
867 1354
868 1355
869 1354
870 1355
871 1354
872 1355
873 1356
874 1356
875 1354
876 1356
877 1356
878 1357
879 1356
880 1356
881 1357
882 1358
883 1357
884 1355
885 1355
886 1356
887 1356
888 1356
889 1355
890 1356
891 1357
892 1356
893 1356
894 1355
895 1355
896 1356
897 1353
898 1355
899 1354
900 1358
901 1356
902 1355
903 1353
904 1354
905 1355
906 1354
907 1354
908 1354
909 1357
910 1355
911 1353
912 1354
913 1358
914 1355
915 1357
916 1356
917 1354
918 1354
919 1354
920 1356
921 1356
922 1355
923 1355
924 1354
925 1354
926 1356
927 1356
928 1355
929 1355
930 1353
931 1355
932 1355
933 1353
934 1355
935 1354
936 1355
937 1359
938 1358
939 1356
940 1353
941 1357
942 1355
943 1355
944 1354
945 1355
946 1358
947 1357
948 1355
949 1356
950 1353
951 1354
952 1355
953 1357
954 1354
955 1355
956 1353
957 1351
958 1358
959 1359
960 1353
961 1351
962 1354
963 1359
964 1354
965 1355
966 1356
967 1355
968 1354
969 1355
970 1354
971 1355
972 1356
973 1357
974 1355
975 1353
976 1355
977 1357
978 1353
979 1354
980 1352
981 1350
982 1355
983 1353
984 1353
985 1355
986 1354
987 1356
988 1354
989 1357
990 1354
991 1356
992 1353
993 1357
994 1354
995 1356
996 1356
997 1355
998 1355
999 1353
1000 1355
1001 1355
1002 1356
1003 1356
1004 1355
1005 1356
1006 1354
1007 1356
1008 1356
1009 1355
1010 1355
1011 1355
1012 1356
1013 1357
1014 1355
1015 1354
1016 1354
1017 1357
1018 1353
1019 1356
1020 1355
1021 1357
1022 1356
1023 1353
1024 1355
1025 1354
1026 1354
1027 1355
1028 1355
1029 1355
1030 1353
1031 1358
1032 1354
1033 1354
1034 1356
1035 1357
1036 1356
1037 1355
1038 1356
1039 1358
1040 1358
1041 1358
1042 1353
1043 1357
1044 1356
1045 1352
1046 1352
1047 1353
1048 1352
1049 1353
1050 1355
1051 1353
1052 1355
1053 1356
1054 1353
1055 1351
1056 1356
1057 1353
1058 1357
1059 1353
1060 1356
1061 1353
1062 1355
1063 1353
1064 1354
1065 1352
1066 1356
1067 1357
1068 1355
1069 1356
1070 1356
1071 1354
1072 1353
1073 1354
1074 1355
1075 1351
1076 1354
1077 1356
1078 1356
1079 1354
1080 1354
1081 1355
1082 1356
1083 1356
1084 1354
1085 1357
1086 1355
1087 1358
1088 1355
1089 1353
1090 1356
1091 1353
1092 1355
1093 1354
1094 1353
1095 1354
1096 1355
1097 1356
1098 1354
1099 1356
1100 1356
1101 1355
1102 1354
1103 1356
1104 1356
1105 1354
1106 1354
1107 1357
1108 1355
1109 1356
1110 1355
1111 1356
1112 1355
1113 1352
1114 1354
1115 1355
1116 1355
1117 1356
1118 1354
1119 1356
1120 1356
1121 1355
1122 1353
1123 1353
1124 1353
1125 1356
1126 1357
1127 1358
1128 1357
1129 1356
1130 1356
1131 1353
1132 1355
1133 1355
1134 1356
1135 1354
1136 1353
1137 1351
1138 1354
1139 1356
1140 1356
1141 1356
1142 1357
1143 1356
1144 1354
1145 1354
1146 1358
1147 1357
1148 1360
1149 1354
1150 1357
1151 1355
1152 1355
1153 1356
1154 1353
1155 1355
1156 1358
1157 1355
1158 1354
1159 1355
1160 1356
1161 1359
1162 1357
1163 1353
1164 1353
1165 1353
1166 1354
1167 1351
1168 1354
1169 1355
1170 1355
1171 1353
1172 1354
1173 1353
1174 1351
1175 1354
1176 1354
1177 1353
1178 1353
1179 1352
1180 1354
1181 1355
1182 1356
1183 1354
1184 1353
1185 1353
1186 1355
1187 1356
1188 1354
1189 1353
1190 1354
1191 1356
1192 1358
1193 1356
1194 1355
1195 1353
1196 1357
1197 1355
1198 1354
1199 1354
1200 1355
1201 1353
1202 1355
1203 1354
1204 1353
1205 1353
1206 1356
1207 1353
1208 1354
1209 1353
1210 1356
1211 1355
1212 1357
1213 1354
1214 1357
1215 1356
1216 1358
1217 1359
1218 1356
1219 1353
1220 1356
1221 1355
1222 1355
1223 1356
1224 1356
1225 1354
1226 1356
1227 1354
1228 1352
1229 1354
1230 1355
1231 1356
1232 1355
1233 1355
1234 1355
1235 1352
1236 1353
1237 1357
1238 1358
1239 1353
1240 1355
1241 1354
1242 1355
1243 1354
1244 1354
1245 1355
1246 1359
1247 1356
1248 1358
1249 1353
1250 1355
1251 1355
1252 1358
1253 1353
1254 1355
1255 1355
1256 1354
1257 1356
1258 1358
1259 1352
1260 1354
1261 1357
1262 1355
1263 1356
1264 1354
1265 1353
1266 1356
1267 1355
1268 1358
1269 1354
1270 1355
1271 1355
1272 1352
1273 1352
1274 1353
1275 1357
1276 1355
1277 1357
1278 1355
1279 1355
1280 1354
1281 1354
1282 1353
1283 1355
1284 1355
1285 1355
1286 1356
1287 1356
1288 1354
1289 1355
1290 1352
1291 1355
1292 1357
1293 1353
1294 1354
1295 1352
1296 1354
1297 1357
1298 1355
1299 1356
1300 1354
1301 1354
1302 1353
1303 1357
1304 1357
1305 1356
1306 1355
1307 1356
1308 1355
1309 1354
1310 1355
1311 1356
1312 1354
1313 1356
1314 1353
1315 1355
1316 1355
1317 1353
1318 1355
1319 1355
1320 1354
1321 1352
1322 1354
1323 1353
1324 1353
1325 1355
1326 1353
1327 1353
1328 1355
1329 1353
1330 1355
1331 1352
1332 1353
1333 1355
1334 1353
1335 1354
1336 1355
1337 1357
1338 1355
1339 1356
1340 1353
1341 1354
1342 1352
1343 1353
1344 1354
1345 1353
1346 1355
1347 1355
1348 1354
1349 1354
1350 1354
1351 1354
1352 1355
1353 1356
1354 1353
1355 1355
1356 1355
1357 1353
1358 1353
1359 1353
1360 1356
1361 1351
1362 1354
1363 1352
1364 1353
1365 1356
1366 1355
1367 1355
1368 1354
1369 1354
1370 1356
1371 1353
1372 1354
1373 1355
1374 1356
1375 1355
1376 1357
1377 1357
1378 1356
1379 1353
1380 1356
1381 1355
1382 1356
1383 1355
1384 1359
1385 1353
1386 1355
1387 1353
1388 1354
1389 1355
1390 1355
1391 1356
1392 1355
1393 1355
1394 1356
1395 1354
1396 1353
1397 1351
1398 1355
1399 1353
1400 1354
1401 1357
1402 1355
1403 1355
1404 1354
1405 1357
1406 1354
1407 1353
1408 1356
1409 1353
1410 1354
1411 1352
1412 1356
1413 1356
1414 1354
1415 1353
1416 1353
1417 1355
1418 1356
1419 1356
1420 1356
1421 1354
1422 1353
1423 1355
1424 1355
1425 1353
1426 1354
1427 1353
1428 1354
1429 1353
1430 1353
1431 1357
1432 1356
1433 1356
1434 1354
1435 1354
1436 1353
1437 1356
1438 1353
1439 1354
1440 1354
1441 1356
1442 1356
1443 1355
1444 1352
1445 1351
1446 1351
1447 1355
1448 1354
1449 1356
1450 1353
1451 1357
1452 1354
1453 1354
1454 1357
1455 1356
1456 1356
1457 1354
1458 1355
1459 1357
1460 1356
1461 1355
1462 1356
1463 1356
1464 1355
1465 1353
1466 1356
1467 1355
1468 1353
1469 1357
1470 1357
1471 1355
1472 1354
1473 1352
1474 1354
1475 1350
1476 1355
1477 1358
1478 1354
1479 1353
1480 1354
1481 1352
1482 1356
1483 1354
1484 1356
1485 1354
1486 1357
1487 1354
1488 1355
1489 1356
1490 1359
1491 1357
1492 1357
1493 1356
1494 1353
1495 1354
1496 1356
1497 1353
1498 1355
1499 1351
1500 1354
1501 1355
1502 1355
1503 1353
1504 1356
1505 1355
1506 1353
1507 1352
1508 1354
1509 1355
1510 1355
1511 1351
1512 1355
1513 1357
1514 1357
1515 1353
1516 1354
1517 1355
1518 1354
1519 1357
1520 1355
1521 1355
1522 1357
1523 1358
1524 1357
1525 1355
1526 1355
1527 1357
1528 1357
1529 1355
1530 1355
1531 1357
1532 1356
1533 1353
1534 1355
1535 1353
1536 1357
1537 1356
1538 1353
1539 1353
1540 1355
1541 1357
1542 1358
1543 1354
1544 1355
1545 1354
1546 1354
1547 1357
1548 1353
1549 1353
1550 1355
1551 1354
1552 1354
1553 1356
1554 1354
1555 1354
1556 1355
1557 1352
1558 1353
1559 1353
1560 1353
1561 1355
1562 1355
1563 1354
1564 1352
1565 1353
1566 1353
1567 1354
1568 1354
1569 1358
1570 1356
1571 1354
1572 1354
1573 1355
1574 1356
1575 1354
1576 1354
1577 1355
1578 1355
1579 1355
1580 1356
1581 1356
1582 1353
1583 1355
1584 1355
1585 1356
1586 1353
1587 1356
1588 1353
1589 1355
1590 1358
1591 1354
1592 1356
1593 1355
1594 1355
1595 1356
1596 1355
1597 1353
1598 1353
1599 1355
1600 1353
1601 1356
1602 1355
1603 1354
1604 1355
1605 1356
1606 1355
1607 1356
1608 1353
1609 1353
1610 1355
1611 1353
1612 1355
1613 1353
1614 1354
1615 1354
1616 1355
1617 1355
1618 1356
1619 1355
1620 1352
1621 1354
1622 1355
1623 1356
1624 1359
1625 1357
1626 1353
1627 1352
1628 1352
1629 1353
1630 1354
1631 1355
1632 1352
1633 1355
1634 1357
1635 1357
1636 1355
1637 1351
1638 1355
1639 1353
1640 1357
1641 1356
1642 1356
1643 1355
1644 1356
1645 1354
1646 1353
1647 1352
1648 1356
1649 1355
1650 1355
1651 1353
1652 1354
1653 1353
1654 1353
1655 1352
1656 1355
1657 1356
1658 1357
1659 1354
1660 1354
1661 1352
1662 1355
1663 1355
1664 1355
1665 1355
1666 1355
1667 1356
1668 1355
1669 1357
1670 1356
1671 1355
1672 1354
1673 1354
1674 1354
1675 1356
1676 1357
1677 1354
1678 1356
1679 1352
1680 1353
1681 1355
1682 1354
1683 1352
1684 1354
1685 1352
1686 1353
1687 1352
1688 1352
1689 1355
1690 1355
1691 1357
1692 1353
1693 1355
1694 1355
1695 1356
1696 1357
1697 1357
1698 1356
1699 1353
1700 1351
1701 1354
1702 1355
1703 1355
1704 1355
1705 1356
1706 1357
1707 1357
1708 1358
1709 1353
1710 1356
1711 1355
1712 1353
1713 1353
1714 1356
1715 1354
1716 1354
1717 1356
1718 1354
1719 1353
1720 1355
1721 1355
1722 1355
1723 1354
1724 1356
1725 1357
1726 1354
1727 1355
1728 1355
1729 1356
1730 1356
1731 1356
1732 1357
1733 1356
1734 1354
1735 1355
1736 1355
1737 1354
1738 1356
1739 1353
1740 1356
1741 1354
1742 1354
1743 1353
1744 1356
1745 1356
1746 1356
1747 1352
1748 1356
1749 1356
1750 1358
1751 1354
1752 1357
1753 1355
1754 1355
1755 1352
1756 1354
1757 1354
1758 1355
1759 1353
1760 1355
1761 1354
1762 1355
1763 1355
1764 1353
1765 1354
1766 1354
1767 1357
1768 1357
1769 1355
1770 1355
1771 1354
1772 1358
1773 1357
1774 1354
1775 1354
1776 1353
1777 1357
1778 1354
1779 1353
1780 1352
1781 1352
1782 1353
1783 1353
1784 1355
1785 1353
1786 1354
1787 1358
1788 1355
1789 1357
1790 1355
1791 1353
1792 1355
1793 1354
1794 1353
1795 1353
1796 1354
1797 1357
1798 1356
1799 1356
1800 1354
1801 1355
1802 1354
1803 1355
1804 1354
1805 1354
1806 1355
1807 1357
1808 1355
1809 1356
1810 1353
1811 1352
1812 1356
1813 1355
1814 1356
1815 1353
1816 1354
1817 1354
1818 1355
1819 1352
1820 1356
1821 1351
1822 1355
1823 1357
1824 1358
1825 1354
1826 1355
1827 1357
1828 1356
1829 1355
1830 1354
1831 1356
1832 1354
1833 1356
1834 1356
1835 1353
1836 1352
1837 1354
1838 1354
1839 1355
1840 1356
1841 1354
1842 1355
1843 1352
1844 1355
1845 1355
1846 1355
1847 1355
1848 1353
1849 1356
1850 1355
1851 1352
1852 1355
1853 1355
1854 1357
1855 1355
1856 1356
1857 1357
1858 1355
1859 1353
1860 1355
1861 1355
1862 1354
1863 1353
1864 1356
1865 1353
1866 1353
1867 1353
1868 1356
1869 1354
1870 1354
1871 1356
1872 1358
1873 1354
1874 1353
1875 1354
1876 1354
1877 1356
1878 1354
1879 1351
1880 1354
1881 1354
1882 1354
1883 1352
1884 1354
1885 1352
1886 1355
1887 1352
1888 1353
1889 1355
1890 1355
1891 1354
1892 1354
1893 1355
1894 1355
1895 1353
1896 1357
1897 1353
1898 1356
1899 1356
1900 1355
1901 1355
1902 1356
1903 1352
1904 1357
1905 1353
1906 1355
1907 1354
1908 1354
1909 1353
1910 1354
1911 1355
1912 1355
1913 1357
1914 1356
1915 1355
1916 1357
1917 1354
1918 1356
1919 1356
1920 1357
1921 1356
1922 1355
1923 1356
1924 1354
1925 1353
1926 1353
1927 1355
1928 1355
1929 1353
1930 1354
1931 1355
1932 1355
1933 1355
1934 1354
1935 1357
1936 1355
1937 1355
1938 1355
1939 1354
1940 1355
1941 1354
1942 1357
1943 1352
1944 1355
1945 1356
1946 1356
1947 1355
1948 1356
1949 1356
1950 1355
1951 1356
1952 1355
1953 1356
1954 1353
1955 1358
1956 1355
1957 1352
1958 1353
1959 1355
1960 1353
1961 1355
1962 1353
1963 1355
1964 1354
1965 1355
1966 1355
1967 1357
1968 1352
1969 1353
1970 1355
1971 1357
1972 1355
1973 1353
1974 1355
1975 1357
1976 1354
1977 1355
1978 1354
1979 1354
1980 1357
1981 1355
1982 1355
1983 1356
1984 1354
1985 1356
1986 1355
1987 1356
1988 1355
1989 1355
1990 1352
1991 1355
1992 1353
1993 1355
1994 1354
1995 1355
1996 1353
1997 1353
1998 1353
1999 1356
2000 1354
2001 1356
2002 1354
2003 1353
2004 1354
2005 1356
2006 1356
2007 1357
2008 1356
2009 1355
2010 1355
2011 1355
2012 1354
2013 1356
2014 1347
2015 1357
2016 1354
2017 1354
2018 1354
2019 1353
2020 1354
2021 1357
2022 1355
2023 1352
2024 1351
2025 1354
2026 1356
2027 1354
2028 1354
2029 1354
2030 1354
2031 1353
2032 1355
2033 1356
2034 1356
2035 1356
2036 1353
2037 1353
2038 1352
2039 1353
2040 1355
2041 1355
2042 1354
2043 1353
2044 1356
2045 1354
2046 1357
2047 1353
2048 1354
2049 1354
2050 1355
2051 1351
2052 1353
2053 1352
2054 1351
2055 1354
2056 1357
2057 1354
2058 1357
2059 1355
2060 1354
2061 1355
2062 1351
2063 1354
2064 1353
2065 1357
2066 1355
2067 1355
2068 1355
2069 1355
2070 1353
2071 1357
2072 1355
2073 1355
2074 1353
2075 1355
2076 1354
2077 1354
2078 1355
2079 1357
2080 1354
2081 1354
2082 1355
2083 1356
2084 1355
2085 1355
2086 1355
2087 1356
2088 1356
2089 1353
2090 1355
2091 1355
2092 1355
2093 1355
2094 1355
2095 1352
2096 1354
2097 1352
2098 1357
2099 1353
2100 1355
2101 1354
2102 1356
2103 1353
2104 1354
2105 1357
2106 1356
2107 1357
2108 1353
2109 1354
2110 1355
2111 1354
2112 1353
2113 1353
2114 1352
2115 1353
2116 1353
2117 1355
2118 1355
2119 1356
2120 1354
2121 1357
2122 1354
2123 1356
2124 1354
2125 1355
2126 1356
2127 1353
2128 1356
2129 1353
2130 1355
2131 1353
2132 1353
2133 1357
2134 1356
2135 1353
2136 1354
2137 1356
2138 1355
2139 1356
2140 1357
2141 1353
2142 1356
2143 1354
2144 1352
2145 1352
2146 1354
2147 1356
2148 1352
2149 1352
2150 1353
2151 1355
2152 1354
2153 1352
2154 1352
2155 1355
2156 1352
2157 1355
2158 1353
2159 1357
2160 1354
2161 1353
2162 1357
2163 1357
2164 1353
2165 1356
2166 1356
2167 1356
2168 1352
2169 1353
2170 1353
2171 1353
2172 1353
2173 1355
2174 1353
2175 1355
2176 1355
2177 1354
2178 1356
2179 1354
2180 1352
2181 1354
2182 1354
2183 1355
2184 1356
2185 1354
2186 1353
2187 1352
2188 1356
2189 1353
2190 1355
2191 1354
2192 1356
2193 1354
2194 1354
2195 1352
2196 1355
2197 1356
2198 1356
2199 1353
2200 1352
2201 1355
2202 1353
2203 1352
2204 1353
2205 1354
2206 1353
2207 1352
2208 1357
2209 1354
2210 1355
2211 1354
2212 1353
2213 1350
2214 1356
2215 1357
2216 1355
2217 1355
2218 1355
2219 1354
2220 1355
2221 1358
2222 1357
2223 1357
2224 1355
2225 1356
2226 1355
2227 1353
2228 1357
2229 1351
2230 1356
2231 1356
2232 1356
2233 1354
2234 1356
2235 1355
2236 1353
2237 1354
2238 1353
2239 1354
2240 1355
2241 1357
2242 1355
2243 1354
2244 1353
2245 1356
2246 1355
2247 1357
2248 1353
2249 1356
2250 1356
2251 1356
2252 1357
2253 1356
2254 1355
2255 1353
2256 1357
2257 1355
2258 1356
2259 1355
2260 1355
2261 1353
2262 1356
2263 1355
2264 1353
2265 1353
2266 1358
2267 1356
2268 1356
2269 1353
2270 1354
2271 1356
2272 1356
2273 1355
2274 1354
2275 1353
2276 1356
2277 1358
2278 1356
2279 1356
2280 1354
2281 1356
2282 1356
2283 1354
2284 1354
2285 1354
2286 1355
2287 1356
2288 1356
2289 1356
2290 1358
2291 1355
2292 1356
2293 1356
2294 1351
2295 1353
2296 1356
2297 1355
2298 1355
2299 1355
2300 1355
2301 1356
2302 1352
2303 1357
2304 1354
2305 1357
2306 1354
2307 1358
2308 1355
2309 1355
2310 1354
2311 1355
2312 1354
2313 1354
2314 1355
2315 1357
2316 1356
2317 1357
2318 1355
2319 1357
2320 1354
2321 1355
2322 1356
2323 1356
2324 1356
2325 1351
2326 1356
2327 1356
2328 1354
2329 1355
2330 1355
2331 1357
2332 1353
2333 1353
2334 1354
2335 1356
2336 1354
2337 1353
2338 1355
2339 1356
2340 1355
2341 1354
2342 1354
2343 1356
2344 1355
2345 1353
2346 1353
2347 1356
2348 1358
2349 1356
2350 1354
2351 1356
2352 1356
2353 1356
2354 1354
2355 1354
2356 1356
2357 1357
2358 1356
2359 1353
2360 1355
2361 1356
2362 1355
2363 1356
2364 1353
2365 1355
2366 1355
2367 1354
2368 1352
2369 1354
2370 1357
2371 1356
2372 1356
2373 1355
2374 1355
2375 1355
2376 1355
2377 1356
2378 1356
2379 1358
2380 1356
2381 1354
2382 1356
2383 1355
2384 1354
2385 1356
2386 1353
2387 1355
2388 1356
2389 1357
2390 1353
2391 1356
2392 1354
2393 1356
2394 1355
2395 1354
2396 1356
2397 1356
2398 1356
2399 1356
2400 1356
2401 1354
2402 1354
2403 1356
2404 1356
2405 1356
2406 1359
2407 1357
2408 1356
2409 1356
2410 1353
2411 1357
2412 1355
2413 1355
2414 1352
2415 1355
2416 1353
2417 1356
2418 1354
2419 1354
2420 1354
2421 1355
2422 1356
2423 1355
2424 1352
2425 1356
2426 1354
2427 1356
2428 1356
2429 1358
2430 1355
2431 1356
2432 1354
2433 1354
2434 1352
2435 1354
2436 1356
2437 1354
2438 1355
2439 1356
2440 1354
2441 1357
2442 1354
2443 1354
2444 1354
2445 1355
2446 1356
2447 1354
2448 1355
2449 1354
2450 1355
2451 1356
2452 1353
2453 1351
2454 1355
2455 1356
2456 1355
2457 1353
2458 1353
2459 1354
2460 1355
2461 1357
2462 1354
2463 1353
2464 1356
2465 1356
2466 1356
2467 1354
2468 1354
2469 1354
2470 1356
2471 1357
2472 1355
2473 1356
2474 1352
2475 1355
2476 1354
2477 1355
2478 1354
2479 1356
2480 1356
2481 1356
2482 1355
2483 1356
2484 1355
2485 1354
2486 1356
2487 1356
2488 1354
2489 1354
2490 1351
2491 1356
2492 1357
2493 1354
2494 1357
2495 1357
2496 1356
2497 1356
2498 1356
2499 1355
2500 1355
2501 1357
2502 1355
2503 1356
2504 1355
2505 1353
2506 1353
2507 1355
2508 1353
2509 1352
2510 1355
2511 1356
2512 1354
2513 1352
2514 1354
2515 1357
2516 1356
2517 1355
2518 1355
2519 1353
2520 1354
2521 1357
2522 1353
2523 1359
2524 1356
2525 1356
2526 1355
2527 1357
2528 1353
2529 1353
2530 1353
2531 1352
2532 1352
2533 1351
2534 1352
2535 1356
2536 1356
2537 1356
2538 1351
2539 1353
2540 1353
2541 1358
2542 1354
2543 1354
2544 1354
2545 1354
2546 1355
2547 1358
2548 1355
2549 1356
2550 1353
2551 1354
2552 1356
2553 1355
2554 1352
2555 1354
2556 1355
2557 1354
2558 1356
2559 1358
2560 1355
2561 1355
2562 1355
2563 1354
2564 1354
2565 1353
2566 1355
2567 1351
2568 1354
2569 1355
2570 1355
2571 1357
2572 1356
2573 1357
2574 1354
2575 1356
2576 1353
2577 1354
2578 1353
2579 1356
2580 1353
2581 1355
2582 1355
2583 1353
2584 1353
2585 1353
2586 1354
2587 1356
2588 1354
2589 1356
2590 1352
2591 1357
2592 1357
2593 1359
2594 1355
2595 1357
2596 1355
2597 1354
2598 1354
2599 1357
2600 1354
2601 1354
2602 1355
2603 1356
2604 1353
2605 1354
2606 1354
2607 1357
2608 1354
2609 1356
2610 1355
2611 1353
2612 1356
2613 1358
2614 1355
2615 1357
2616 1354
2617 1356
2618 1356
2619 1355
2620 1356
2621 1356
2622 1356
2623 1355
2624 1354
2625 1357
2626 1354
2627 1355
2628 1355
2629 1357
2630 1354
2631 1357
2632 1355
2633 1357
2634 1356
2635 1355
2636 1354
2637 1355
2638 1353
2639 1355
2640 1357
2641 1355
2642 1356
2643 1357
2644 1355
2645 1357
2646 1356
2647 1355
2648 1356
2649 1353
2650 1355
2651 1355
2652 1354
2653 1357
2654 1355
2655 1355
2656 1357
2657 1358
2658 1354
2659 1356
2660 1354
2661 1354
2662 1354
2663 1356
2664 1356
2665 1355
2666 1355
2667 1354
2668 1355
2669 1355
2670 1355
2671 1355
2672 1356
2673 1354
2674 1356
2675 1357
2676 1355
2677 1357
2678 1356
2679 1357
2680 1356
2681 1357
2682 1356
2683 1357
2684 1356
2685 1357
2686 1355
2687 1355
2688 1355
2689 1359
2690 1353
2691 1356
2692 1353
2693 1352
2694 1353
2695 1354
2696 1354
2697 1356
2698 1357
2699 1356
2700 1355
2701 1354
2702 1354
2703 1354
2704 1355
2705 1356
2706 1356
2707 1357
2708 1355
2709 1355
2710 1358
2711 1356
2712 1355
2713 1356
2714 1355
2715 1355
2716 1357
2717 1354
2718 1357
2719 1355
2720 1355
2721 1354
2722 1355
2723 1353
2724 1355
2725 1354
2726 1355
2727 1355
2728 1355
2729 1355
2730 1354
2731 1354
2732 1354
2733 1356
2734 1356
2735 1354
2736 1355
2737 1356
2738 1355
2739 1355
2740 1358
2741 1357
2742 1354
2743 1354
2744 1354
2745 1356
2746 1355
2747 1356
2748 1354
2749 1354
2750 1353
2751 1354
2752 1355
2753 1355
2754 1352
2755 1356
2756 1358
2757 1355
2758 1354
2759 1355
2760 1356
2761 1355
2762 1355
2763 1356
2764 1353
2765 1357
2766 1354
2767 1357
2768 1354
2769 1355
2770 1358
2771 1354
2772 1356
2773 1355
2774 1357
2775 1358
2776 1354
2777 1353
2778 1356
2779 1355
2780 1354
2781 1356
2782 1356
2783 1356
2784 1358
2785 1354
2786 1355
2787 1358
2788 1354
2789 1353
2790 1354
2791 1353
2792 1352
2793 1354
2794 1356
2795 1353
2796 1356
2797 1357
2798 1356
2799 1354
2800 1354
2801 1356
2802 1356
2803 1354
2804 1357
2805 1355
2806 1355
2807 1356
2808 1357
2809 1355
2810 1356
2811 1356
2812 1355
2813 1354
2814 1354
2815 1353
2816 1354
2817 1353
2818 1356
2819 1356
2820 1356
2821 1356
2822 1355
2823 1354
2824 1355
2825 1355
2826 1356
2827 1356
2828 1355
2829 1355
2830 1355
2831 1356
2832 1355
2833 1354
2834 1356
2835 1354
2836 1353
2837 1357
2838 1354
2839 1355
2840 1354
2841 1357
2842 1355
2843 1354
2844 1354
2845 1356
2846 1357
2847 1356
2848 1355
2849 1355
2850 1354
2851 1355
2852 1356
2853 1355
2854 1354
2855 1355
2856 1355
2857 1357
2858 1354
2859 1357
2860 1355
2861 1358
2862 1353
2863 1356
2864 1356
2865 1357
2866 1356
2867 1355
2868 1356
2869 1356
2870 1355
2871 1355
2872 1354
2873 1354
2874 1354
2875 1357
2876 1357
2877 1355
2878 1355
2879 1353
2880 1353
2881 1355
2882 1355
2883 1353
2884 1356
2885 1353
2886 1356
2887 1353
2888 1355
2889 1355
2890 1356
2891 1354
2892 1354
2893 1355
2894 1355
2895 1355
2896 1358
2897 1358
2898 1356
2899 1356
2900 1353
2901 1356
2902 1354
2903 1356
2904 1355
2905 1355
2906 1356
2907 1356
2908 1354
2909 1355
2910 1352
2911 1355
2912 1354
2913 1357
2914 1354
2915 1355
2916 1356
2917 1357
2918 1352
2919 1355
2920 1354
2921 1355
2922 1356
2923 1357
2924 1354
2925 1350
2926 1355
2927 1355
2928 1354
2929 1354
2930 1353
2931 1356
2932 1351
2933 1357
2934 1356
2935 1360
2936 1357
2937 1354
2938 1354
2939 1354
2940 1355
2941 1354
2942 1352
2943 1354
2944 1356
2945 1355
2946 1355
2947 1356
2948 1354
2949 1356
2950 1355
2951 1356
2952 1354
2953 1353
2954 1354
2955 1355
2956 1355
2957 1355
2958 1356
2959 1357
2960 1356
2961 1359
2962 1355
2963 1354
2964 1353
2965 1352
2966 1354
2967 1357
2968 1353
2969 1353
2970 1353
2971 1352
2972 1354
2973 1351
2974 1356
2975 1359
2976 1356
2977 1355
2978 1355
2979 1354
2980 1353
2981 1353
2982 1356
2983 1354
2984 1353
2985 1352
2986 1355
2987 1357
2988 1357
2989 1354
2990 1355
2991 1353
2992 1356
2993 1355
2994 1354
2995 1356
2996 1355
2997 1355
2998 1354
2999 1354
3000 1356
3001 1356
3002 1354
3003 1354
3004 1355
3005 1355
3006 1354
3007 1357
3008 1354
3009 1352
3010 1353
3011 1354
3012 1353
3013 1355
3014 1352
3015 1355
3016 1355
3017 1357
3018 1353
3019 1354
3020 1353
3021 1353
3022 1356
3023 1353
3024 1354
3025 1355
3026 1356
3027 1355
3028 1354
3029 1352
3030 1354
3031 1353
3032 1355
3033 1353
3034 1354
3035 1353
3036 1354
3037 1356
3038 1355
3039 1358
3040 1354
3041 1356
3042 1354
3043 1354
3044 1354
3045 1355
3046 1354
3047 1353
3048 1356
3049 1356
3050 1356
3051 1356
3052 1357
3053 1354
3054 1353
3055 1353
3056 1356
3057 1355
3058 1357
3059 1354
3060 1355
3061 1356
3062 1354
3063 1353
3064 1355
3065 1353
3066 1353
3067 1354
3068 1357
3069 1357
3070 1354
3071 1355
3072 1356
3073 1354
3074 1355
3075 1354
3076 1354
3077 1358
3078 1353
3079 1355
3080 1352
3081 1355
3082 1355
3083 1355
3084 1354
3085 1356
3086 1356
3087 1354
3088 1354
3089 1352
3090 1354
3091 1354
3092 1356
3093 1355
3094 1354
3095 1354
3096 1353
3097 1355
3098 1353
3099 1357
3100 1354
3101 1355
3102 1355
3103 1355
3104 1352
3105 1354
3106 1354
3107 1354
3108 1356
3109 1353
3110 1354
3111 1353
3112 1356
3113 1353
3114 1352
3115 1354
3116 1354
3117 1355
3118 1356
3119 1355
3120 1354
3121 1355
3122 1354
3123 1356
3124 1353
3125 1355
3126 1354
3127 1355
3128 1356
3129 1354
3130 1355
3131 1356
3132 1356
3133 1358
3134 1356
3135 1356
3136 1352
3137 1355
3138 1354
3139 1357
3140 1356
3141 1358
3142 1356
3143 1356
3144 1353
3145 1355
3146 1354
3147 1356
3148 1351
3149 1354
3150 1355
3151 1353
3152 1353
3153 1353
3154 1352
3155 1356
3156 1353
3157 1356
3158 1351
3159 1354
3160 1355
3161 1357
3162 1354
3163 1355
3164 1355
3165 1355
3166 1355
3167 1357
3168 1355
3169 1353
3170 1354
3171 1355
3172 1356
3173 1358
3174 1357
3175 1354
3176 1354
3177 1355
3178 1353
3179 1355
3180 1353
3181 1353
3182 1353
3183 1352
3184 1353
3185 1353
3186 1354
3187 1356
3188 1352
3189 1355
3190 1355
3191 1357
3192 1354
3193 1354
3194 1354
3195 1358
3196 1359
3197 1355
3198 1353
3199 1355
3200 1357
3201 1357
3202 1356
3203 1355
3204 1355
3205 1354
3206 1352
3207 1356
3208 1356
3209 1357
3210 1352
3211 1356
3212 1352
3213 1357
3214 1353
3215 1353
3216 1352
3217 1356
3218 1353
3219 1354
3220 1355
3221 1357
3222 1355
3223 1354
3224 1353
3225 1355
3226 1353
3227 1354
3228 1354
3229 1354
3230 1351
3231 1354
3232 1356
3233 1357
3234 1354
3235 1354
3236 1355
3237 1357
3238 1354
3239 1357
3240 1352
3241 1356
3242 1357
3243 1354
3244 1355
3245 1357
3246 1355
3247 1357
3248 1352
3249 1356
3250 1356
3251 1356
3252 1356
3253 1355
3254 1353
3255 1357
3256 1355
3257 1357
3258 1354
3259 1357
3260 1353
3261 1354
3262 1353
3263 1356
3264 1354
3265 1354
3266 1355
3267 1355
3268 1354
3269 1353
3270 1352
3271 1355
3272 1354
3273 1354
3274 1355
3275 1354
3276 1356
3277 1354
3278 1354
3279 1353
3280 1355
3281 1357
3282 1352
3283 1355
3284 1353
3285 1356
3286 1356
3287 1357
3288 1353
3289 1355
3290 1354
3291 1358
3292 1356
3293 1357
3294 1353
3295 1355
3296 1354
3297 1355
3298 1354
3299 1354
3300 1355
3301 1356
3302 1353
3303 1357
3304 1353
3305 1355
3306 1353
3307 1356
3308 1354
3309 1357
3310 1354
3311 1353
3312 1351
3313 1355
3314 1353
3315 1357
3316 1356
3317 1355
3318 1353
3319 1354
3320 1356
3321 1355
3322 1354
3323 1355
3324 1354
3325 1357
3326 1355
3327 1355
3328 1355
3329 1354
3330 1357
3331 1356
3332 1355
3333 1355
3334 1356
3335 1356
3336 1354
3337 1355
3338 1354
3339 1353
3340 1356
3341 1358
3342 1358
3343 1355
3344 1355
3345 1355
3346 1356
3347 1357
3348 1355
3349 1352
3350 1353
3351 1357
3352 1354
3353 1357
3354 1354
3355 1355
3356 1355
3357 1357
3358 1354
3359 1355
3360 1357
3361 1357
3362 1356
3363 1357
3364 1353
3365 1360
3366 1355
3367 1352
3368 1353
3369 1353
3370 1356
3371 1356
3372 1356
3373 1355
3374 1357
3375 1355
3376 1356
3377 1354
3378 1352
3379 1356
3380 1352
3381 1359
3382 1354
3383 1357
3384 1357
3385 1353
3386 1356
3387 1356
3388 1355
3389 1355
3390 1355
3391 1356
3392 1354
3393 1353
3394 1354
3395 1356
3396 1356
3397 1355
3398 1356
3399 1354
3400 1356
3401 1355
3402 1354
3403 1353
3404 1355
3405 1354
3406 1354
3407 1357
3408 1356
3409 1354
3410 1354
3411 1355
3412 1353
3413 1356
3414 1356
3415 1356
3416 1354
3417 1353
3418 1354
3419 1356
3420 1354
3421 1357
3422 1354
3423 1354
3424 1352
3425 1357
3426 1352
3427 1353
3428 1353
3429 1355
3430 1356
3431 1354
3432 1353
3433 1355
3434 1356
3435 1352
3436 1353
3437 1354
3438 1354
3439 1353
3440 1355
3441 1353
3442 1356
3443 1356
3444 1356
3445 1355
3446 1357
3447 1356
3448 1356
3449 1355
3450 1355
3451 1356
3452 1355
3453 1355
3454 1356
3455 1357
3456 1356
3457 1353
3458 1356
3459 1353
3460 1356
3461 1354
3462 1356
3463 1356
3464 1356
3465 1354
3466 1356
3467 1356
3468 1355
3469 1355
3470 1357
3471 1356
3472 1358
3473 1356
3474 1356
3475 1355
3476 1355
3477 1355
3478 1355
3479 1355
3480 1356
3481 1357
3482 1355
3483 1356
3484 1357
3485 1357
3486 1356
3487 1353
3488 1354
3489 1356
3490 1356
3491 1357
3492 1358
3493 1357
3494 1355
3495 1356
3496 1356
3497 1354
3498 1356
3499 1354
3500 1357
3501 1358
3502 1356
3503 1357
3504 1356
3505 1358
3506 1355
3507 1357
3508 1356
3509 1356
3510 1354
3511 1356
3512 1357
3513 1355
3514 1356
3515 1353
3516 1353
3517 1355
3518 1357
3519 1352
3520 1358
3521 1357
3522 1356
3523 1355
3524 1356
3525 1356
3526 1355
3527 1358
3528 1356
3529 1354
3530 1355
3531 1354
3532 1356
3533 1356
3534 1356
3535 1355
3536 1357
3537 1355
3538 1353
3539 1354
3540 1356
3541 1357
3542 1356
3543 1355
3544 1357
3545 1357
3546 1355
3547 1354
3548 1358
3549 1353
3550 1356
3551 1352
3552 1355
3553 1354
3554 1356
3555 1357
3556 1356
3557 1354
3558 1355
3559 1355
3560 1356
3561 1356
3562 1356
3563 1355
3564 1355
3565 1355
3566 1357
3567 1357
3568 1356
3569 1354
3570 1355
3571 1354
3572 1356
3573 1354
3574 1354
3575 1354
3576 1356
3577 1356
3578 1358
3579 1354
3580 1355
3581 1354
3582 1355
3583 1355
3584 1355
3585 1352
3586 1355
3587 1357
3588 1354
3589 1356
3590 1362
3591 1357
3592 1357
3593 1358
3594 1358
3595 1355
3596 1356
3597 1353
3598 1358
3599 1355
3600 1354
3601 1354
3602 1355
3603 1354
3604 1356
3605 1357
3606 1354
3607 1355
3608 1356
3609 1356
3610 1355
3611 1355
3612 1356
3613 1352
3614 1354
3615 1354
3616 1355
3617 1356
3618 1356
3619 1357
3620 1353
3621 1354
3622 1353
3623 1356
3624 1355
3625 1355
3626 1355
3627 1359
3628 1355
3629 1357
3630 1357
3631 1354
3632 1356
3633 1354
3634 1354
3635 1355
3636 1354
3637 1358
3638 1357
3639 1357
3640 1355
3641 1355
3642 1356
3643 1356
3644 1354
3645 1356
3646 1355
3647 1356
3648 1353
3649 1356
3650 1353
3651 1357
3652 1356
3653 1356
3654 1354
3655 1354
3656 1355
3657 1357
3658 1352
3659 1355
3660 1355
3661 1357
3662 1353
3663 1356
3664 1356
3665 1357
3666 1355
3667 1357
3668 1355
3669 1353
3670 1356
3671 1355
3672 1354
3673 1354
3674 1353
3675 1355
3676 1357
3677 1355
3678 1354
3679 1353
3680 1355
3681 1357
3682 1353
3683 1356
3684 1351
3685 1353
3686 1356
3687 1357
3688 1356
3689 1355
3690 1356
3691 1355
3692 1355
3693 1353
3694 1353
3695 1352
3696 1353
3697 1357
3698 1354
3699 1355
3700 1355
3701 1356
3702 1354
3703 1354
3704 1353
3705 1353
3706 1354
3707 1353
3708 1355
3709 1354
3710 1352
3711 1358
3712 1355
3713 1357
3714 1356
3715 1355
3716 1356
3717 1357
3718 1356
3719 1358
3720 1354
3721 1356
3722 1355
3723 1357
3724 1354
3725 1354
3726 1352
3727 1353
3728 1355
3729 1354
3730 1356
3731 1357
3732 1354
3733 1357
3734 1353
3735 1357
3736 1356
3737 1357
3738 1353
3739 1353
3740 1356
3741 1359
3742 1353
3743 1357
3744 1355
3745 1354
3746 1356
3747 1354
3748 1356
3749 1356
3750 1354
3751 1357
3752 1356
3753 1355
3754 1354
3755 1355
3756 1355
3757 1354
3758 1354
3759 1356
3760 1353
3761 1356
3762 1354
3763 1353
3764 1354
3765 1351
3766 1353
3767 1354
3768 1354
3769 1355
3770 1353
3771 1353
3772 1355
3773 1357
3774 1357
3775 1354
3776 1356
3777 1355
3778 1355
3779 1356
3780 1354
3781 1356
3782 1355
3783 1357
3784 1354
3785 1355
3786 1355
3787 1356
3788 1355
3789 1355
3790 1355
3791 1353
3792 1352
3793 1355
3794 1354
3795 1357
3796 1353
3797 1354
3798 1352
3799 1355
3800 1354
3801 1355
3802 1356
3803 1355
3804 1354
3805 1354
3806 1353
3807 1354
3808 1355
3809 1355
3810 1356
3811 1356
3812 1356
3813 1355
3814 1355
3815 1354
3816 1354
3817 1354
3818 1355
3819 1353
3820 1351
3821 1357
3822 1356
3823 1352
3824 1353
3825 1353
3826 1353
3827 1353
3828 1353
3829 1354
3830 1357
3831 1356
3832 1354
3833 1356
3834 1356
3835 1355
3836 1355
3837 1354
3838 1354
3839 1356
3840 1357
3841 1357
3842 1355
3843 1354
3844 1356
3845 1355
3846 1356
3847 1354
3848 1355
3849 1356
3850 1354
3851 1353
3852 1357
3853 1358
3854 1354
3855 1355
3856 1355
3857 1353
3858 1356
3859 1357
3860 1353
3861 1354
3862 1354
3863 1357
3864 1357
3865 1354
3866 1357
3867 1357
3868 1355
3869 1356
3870 1357
3871 1357
3872 1357
3873 1356
3874 1358
3875 1354
3876 1355
3877 1356
3878 1354
3879 1353
3880 1352
3881 1357
3882 1352
3883 1354
3884 1352
3885 1355
3886 1354
3887 1354
3888 1352
3889 1357
3890 1356
3891 1355
3892 1355
3893 1356
3894 1355
3895 1357
3896 1355
3897 1353
3898 1354
3899 1355
3900 1355
3901 1354
3902 1357
3903 1355
3904 1356
3905 1357
3906 1356
3907 1355
3908 1356
3909 1356
3910 1356
3911 1358
3912 1356
3913 1357
3914 1356
3915 1354
3916 1354
3917 1356
3918 1354
3919 1355
3920 1354
3921 1357
3922 1356
3923 1355
3924 1355
3925 1354
3926 1357
3927 1358
3928 1354
3929 1354
3930 1353
3931 1356
3932 1355
3933 1355
3934 1354
3935 1355
3936 1354
3937 1358
3938 1356
3939 1354
3940 1354
3941 1354
3942 1355
3943 1356
3944 1353
3945 1356
3946 1352
3947 1357
3948 1354
3949 1356
3950 1354
3951 1357
3952 1355
3953 1356
3954 1352
3955 1355
3956 1355
3957 1354
3958 1356
3959 1354
3960 1354
3961 1356
3962 1357
3963 1356
3964 1355
3965 1354
3966 1357
3967 1355
3968 1354
3969 1355
3970 1356
3971 1357
3972 1353
3973 1354
3974 1354
3975 1352
3976 1354
3977 1357
3978 1355
3979 1354
3980 1354
3981 1353
3982 1356
3983 1355
3984 1358
3985 1352
3986 1355
3987 1357
3988 1357
3989 1356
3990 1356
3991 1357
3992 1354
3993 1352
3994 1354
3995 1355
3996 1353
3997 1354
3998 1353
3999 1355
