0 1357
1 1357
2 1356
3 1356
4 1353
5 1351
6 1353
7 1355
8 1355
9 1354
10 1353
11 1356
12 1354
13 1355
14 1355
15 1356
16 1355
17 1355
18 1355
19 1354
20 1355
21 1353
22 1354
23 1356
24 1353
25 1353
26 1355
27 1354
28 1356
29 1353
30 1355
31 1354
32 1355
33 1352
34 1355
35 1355
36 1355
37 1356
38 1354
39 1354
40 1354
41 1357
42 1352
43 1356
44 1351
45 1354
46 1355
47 1354
48 1353
49 1355
50 1358
51 1357
52 1356
53 1357
54 1356
55 1357
56 1355
57 1357
58 1356
59 1353
60 1356
61 1355
62 1356
63 1356
64 1353
65 1355
66 1356
67 1354
68 1351
69 1353
70 1354
71 1353
72 1356
73 1353
74 1353
75 1356
76 1357
77 1357
78 1356
79 1354
80 1356
81 1355
82 1356
83 1351
84 1356
85 1358
86 1355
87 1358
88 1355
89 1353
90 1357
91 1356
92 1357
93 1352
94 1356
95 1355
96 1355
97 1357
98 1354
99 1355
100 1355
101 1356
102 1356
103 1353
104 1355
105 1354
106 1353
107 1354
108 1356
109 1355
110 1355
111 1354
112 1356
113 1356
114 1355
115 1355
116 1352
117 1357
118 1356
119 1358
120 1353
121 1355
122 1353
123 1352
124 1354
125 1354
126 1355
127 1354
128 1355
129 1357
130 1353
131 1357
132 1355
133 1356
134 1355
135 1355
136 1356
137 1353
138 1355
139 1355
140 1355
141 1357
142 1354
143 1357
144 1352
145 1356
146 1355
147 1357
148 1358
149 1357
150 1357
151 1353
152 1356
153 1357
154 1352
155 1353
156 1355
157 1356
158 1353
159 1355
160 1356
161 1355
162 1354
163 1356
164 1354
165 1355
166 1354
167 1358
168 1359
169 1356
170 1357
171 1356
172 1356
173 1357
174 1356
175 1355
176 1353
177 1357
178 1357
179 1355
180 1359
181 1358
182 1354
183 1352
184 1357
185 1358
186 1355
187 1358
188 1358
189 1356
190 1354
191 1353
192 1357
193 1355
194 1356
195 1355
196 1355
197 1355
198 1355
199 1355
200 1357
201 1357
202 1357
203 1355
204 1354
205 1355
206 1355
207 1359
208 1357
209 1355
210 1357
211 1356
212 1355
213 1356
214 1356
215 1355
216 1355
217 1354
218 1352
219 1352
220 1357
221 1358
222 1355
223 1353
224 1354
225 1355
226 1354
227 1355
228 1354
229 1353
230 1356
231 1356
232 1354
233 1356
234 1357
235 1356
236 1357
237 1354
238 1354
239 1356
240 1356
241 1356
242 1352
243 1355
244 1353
245 1356
246 1356
247 1356
248 1356
249 1357
250 1352
251 1352
252 1350
253 1355
254 1354
255 1356
256 1355
257 1356
258 1357
259 1357
260 1355
261 1356
262 1353
263 1356
264 1355
265 1356
266 1356
267 1357
268 1355
269 1356
270 1354
271 1356
272 1356
273 1359
274 1356
275 1356
276 1357
277 1355
278 1354
279 1355
280 1357
281 1354
282 1356
283 1355
284 1355
285 1355
286 1356
287 1355
288 1355
289 1353
290 1351
291 1354
292 1357
293 1354
294 1355
295 1353
296 1357
297 1357
298 1355
299 1356
300 1354
301 1354
302 1353
303 1354
304 1353
305 1356
306 1358
307 1355
308 1356
309 1353
310 1357
311 1356
312 1353
313 1355
314 1353
315 1353
316 1356
317 1354
318 1355
319 1355
320 1355
321 1355
322 1357
323 1355
324 1354
325 1356
326 1354
327 1355
328 1356
329 1358
330 1357
331 1355
332 1355
333 1356
334 1354
335 1355
336 1355
337 1358
338 1356
339 1356
340 1356
341 1357
342 1357
343 1354
344 1353
345 1355
346 1356
347 1354
348 1355
349 1354
350 1356
351 1358
352 1356
353 1357
354 1354
355 1358
356 1355
357 1359
358 1355
359 1358
360 1354
361 1357
362 1356
363 1356
364 1358
365 1356
366 1356
367 1357
368 1355
369 1353
370 1356
371 1354
372 1356
373 1354
374 1356
375 1357
376 1355
377 1355
378 1355
379 1355
380 1357
381 1356
382 1354
383 1357
384 1356
385 1358
386 1357
387 1354
388 1357
389 1356
390 1354
391 1355
392 1358
393 1355
394 1356
395 1357
396 1355
397 1355
398 1356
399 1356
400 1356
401 1356
402 1355
403 1356
404 1356
405 1357
406 1357
407 1352
408 1353
409 1357
410 1355
411 1355
412 1355
413 1355
414 1356
415 1357
416 1357
417 1354
418 1355
419 1353
420 1356
421 1356
422 1356
423 1357
424 1355
425 1356
426 1352
427 1354
428 1355
429 1357
430 1356
431 1355
432 1356
433 1350
434 1356
435 1354
436 1355
437 1352
438 1356
439 1357
440 1355
441 1355
442 1356
443 1357
444 1356
445 1354
446 1356
447 1355
448 1357
449 1353
450 1356
451 1355
452 1355
453 1354
454 1357
455 1357
456 1355
457 1355
458 1356
459 1357
460 1356
461 1353
462 1354
463 1355
464 1356
465 1355
466 1354
467 1354
468 1354
469 1355
470 1355
471 1355
472 1351
473 1355
474 1354
475 1357
476 1356
477 1357
478 1355
479 1356
480 1353
481 1357
482 1356
483 1357
484 1356
485 1355
486 1355
487 1353
488 1356
489 1352
490 1355
491 1357
492 1355
493 1354
494 1355
495 1353
496 1353
497 1357
498 1355
499 1357
500 1355
501 1357
502 1356
503 1356
504 1353
505 1353
506 1352
507 1355
508 1356
509 1356
510 1353
511 1356
512 1355
513 1357
514 1355
515 1354
516 1354
517 1357
518 1355
519 1355
520 1353
521 1354
522 1352
523 1357
524 1355
525 1354
526 1354
527 1356
528 1357
529 1357
530 1355
531 1357
532 1359
533 1365
534 1368
535 1375
536 1386
537 1403
538 1420
539 1450
540 1484
541 1523
542 1564
543 1610
544 1658
545 1704
546 1754
547 1801
548 1841
549 1875
550 1909
551 1935
552 1957
553 1968
554 1978
555 1982
556 1984
557 1980
558 1977
559 1967
560 1956
561 1941
562 1924
563 1907
564 1891
565 1868
566 1855
567 1833
568 1809
569 1788
570 1766
571 1748
572 1728
573 1702
574 1678
575 1659
576 1640
577 1623
578 1607
579 1590
580 1580
581 1564
582 1546
583 1537
584 1522
585 1511
586 1500
587 1491
588 1479
589 1472
590 1468
591 1459
592 1451
593 1442
594 1439
595 1430
596 1427
597 1427
598 1418
599 1417
600 1412
601 1408
602 1406
603 1404
604 1395
605 1394
606 1389
607 1388
608 1386
609 1385
610 1379
611 1381
612 1379
613 1378
614 1375
615 1376
616 1374
617 1374
618 1370
619 1370
620 1369
621 1368
622 1370
623 1367
624 1368
625 1368
626 1366
627 1365
628 1366
629 1366
630 1364
631 1362
632 1362
633 1365
634 1362
635 1362
636 1360
637 1360
638 1360
639 1359
640 1358
641 1359
642 1356
643 1358
644 1360
645 1357
646 1359
647 1358
648 1358
649 1357
650 1358
651 1359
652 1358
653 1358
654 1357
655 1356
656 1356
657 1357
658 1355
659 1358
660 1355
661 1357
662 1356
663 1356
664 1356
665 1355
666 1358
667 1354
668 1355
669 1354
670 1356
671 1356
672 1356
673 1357
674 1355
675 1358
676 1356
677 1356
678 1354
679 1357
680 1356
681 1355
682 1354
683 1354
684 1355
685 1355
686 1355
687 1356
688 1354
689 1356
690 1356
691 1357
692 1354
693 1357
694 1355
695 1357
696 1355
697 1359
698 1356
699 1354
700 1356
701 1357
702 1355
703 1358
704 1356
705 1356
706 1356
707 1353
708 1355
709 1356
710 1356
711 1356
712 1354
713 1354
714 1351
715 1357
716 1355
717 1357
718 1352
719 1354
720 1355
721 1355
722 1357
723 1357
724 1355
725 1357
726 1356
727 1358
728 1357
729 1357
730 1355
731 1356
732 1354
733 1357
734 1354
735 1357
736 1355
737 1355
738 1354
739 1357
740 1355
741 1358
742 1355
743 1355
744 1353
745 1352
746 1356
747 1357
748 1355
749 1354
750 1353
751 1356
752 1355
753 1354
754 1354
755 1357
756 1358
757 1357
758 1357
759 1353
760 1355
761 1357
762 1354
763 1358
764 1355
765 1357
766 1356
767 1356
768 1354
769 1355
770 1354
771 1357
772 1351
773 1355
774 1355
775 1356
776 1355
777 1357
778 1354
779 1357
780 1356
781 1359
782 1352
783 1356
784 1355
785 1354
786 1355
787 1355
788 1356
789 1357
790 1355
791 1358
792 1356
793 1356
794 1352
795 1354
796 1353
797 1354
798 1355
799 1357
800 1355
801 1354
802 1355
803 1355
804 1354
805 1355
806 1354
807 1354
808 1356
809 1354
810 1356
811 1358
812 1355
813 1357
814 1354
815 1356
816 1355
817 1356
818 1355
819 1358
820 1356
821 1358
822 1355
823 1357
824 1356
825 1355
826 1354
827 1355
828 1356
829 1354
830 1356
831 1355
832 1355
833 1355
834 1355
835 1354
836 1354
837 1356
838 1353
839 1355
840 1357
841 1355
842 1354
843 1355
844 1357
845 1354
846 1355
847 1356
848 1356
849 1354
850 1355
851 1354
852 1353
853 1356
854 1355
855 1357
856 1355
857 1356
858 1355
859 1353
860 1353
861 1357
862 1354
863 1357
864 1355
865 1356
866 1353
867 1357
868 1356
869 1358
870 1357
871 1357
872 1355
873 1356
874 1354
875 1357
876 1356
877 1356
878 1357
879 1357
880 1355
881 1354
882 1356
883 1355
884 1355
885 1355
886 1353
887 1354
888 1355
889 1360
890 1356
891 1357
892 1356
893 1357
894 1356
895 1354
896 1356
897 1354
898 1356
899 1357
900 1356
901 1353
902 1355
903 1357
904 1358
905 1354
906 1357
907 1357
908 1356
909 1357
910 1356
911 1353
912 1358
913 1355
914 1355
915 1355
916 1354
917 1357
918 1358
919 1356
920 1355
921 1358
922 1354
923 1357
924 1353
925 1355
926 1354
927 1356
928 1353
929 1357
930 1355
931 1358
932 1355
933 1357
934 1356
935 1355
936 1357
937 1357
938 1358
939 1357
940 1357
941 1356
942 1357
943 1357
944 1355
945 1358
946 1353
947 1357
948 1356
949 1357
950 1357
951 1355
952 1356
953 1357
954 1356
955 1357
956 1356
957 1355
958 1355
959 1356
960 1356
961 1355
962 1356
963 1353
964 1356
965 1354
966 1355
967 1357
968 1355
969 1354
970 1359
971 1355
972 1358
973 1357
974 1356
975 1356
976 1354
977 1356
978 1354
979 1356
980 1355
981 1358
982 1356
983 1357
984 1357
985 1357
986 1357
987 1353
988 1356
989 1356
990 1355
991 1355
992 1354
993 1356
994 1358
995 1358
996 1356
997 1356
998 1357
999 1358
1000 1359
1001 1357
1002 1357
1003 1357
1004 1354
1005 1358
1006 1357
1007 1354
1008 1355
1009 1355
1010 1356
1011 1354
1012 1354
1013 1353
1014 1357
1015 1356
1016 1355
1017 1353
1018 1355
1019 1353
1020 1355
1021 1353
1022 1354
1023 1355
1024 1354
1025 1356
1026 1356
1027 1356
1028 1357
1029 1353
1030 1356
1031 1356
1032 1355
1033 1355
1034 1353
1035 1357
1036 1354
1037 1356
1038 1357
1039 1354
1040 1356
1041 1354
1042 1356
1043 1357
1044 1356
1045 1355
1046 1356
1047 1356
1048 1357
1049 1356
1050 1357
1051 1354
1052 1358
1053 1354
1054 1353
1055 1357
1056 1358
1057 1355
1058 1355
1059 1354
1060 1358
1061 1356
1062 1357
1063 1355
1064 1354
1065 1357
1066 1357
1067 1355
1068 1355
1069 1356
1070 1356
1071 1356
1072 1355
1073 1356
1074 1358
1075 1356
1076 1355
1077 1353
1078 1355
1079 1355
1080 1358
1081 1355
1082 1355
1083 1354
1084 1354
1085 1354
1086 1355
1087 1353
1088 1357
1089 1356
1090 1354
1091 1357
1092 1355
1093 1355
1094 1354
1095 1354
1096 1357
1097 1354
1098 1354
1099 1353
1100 1355
1101 1355
1102 1355
1103 1356
1104 1353
1105 1356
1106 1358
1107 1356
1108 1358
1109 1354
1110 1355
1111 1352
1112 1356
1113 1356
1114 1354
1115 1357
1116 1356
1117 1357
1118 1356
1119 1355
1120 1356
1121 1354
1122 1356
1123 1355
1124 1353
1125 1354
1126 1354
1127 1356
1128 1355
1129 1356
1130 1354
1131 1353
1132 1354
1133 1354
1134 1354
1135 1355
1136 1354
1137 1357
1138 1356
1139 1353
1140 1357
1141 1355
1142 1354
1143 1351
1144 1354
1145 1352
1146 1357
1147 1359
1148 1358
1149 1354
1150 1354
1151 1357
1152 1358
1153 1357
1154 1354
1155 1352
1156 1356
1157 1358
1158 1357
1159 1355
1160 1358
1161 1359
1162 1357
1163 1357
1164 1355
1165 1354
1166 1355
1167 1357
1168 1358
1169 1355
1170 1355
1171 1354
1172 1357
1173 1357
1174 1355
1175 1354
1176 1354
1177 1355
1178 1356
1179 1355
1180 1356
1181 1357
1182 1359
1183 1355
1184 1357
1185 1357
1186 1355
1187 1355
1188 1356
1189 1357
1190 1357
1191 1354
1192 1354
1193 1353
1194 1356
1195 1355
1196 1354
1197 1354
1198 1355
1199 1354
1200 1355
1201 1356
1202 1355
1203 1354
1204 1356
1205 1356
1206 1356
1207 1356
1208 1358
1209 1355
1210 1357
1211 1356
1212 1355
1213 1356
1214 1356
1215 1358
1216 1358
1217 1355
1218 1354
1219 1354
1220 1356
1221 1355
1222 1355
1223 1354
1224 1353
1225 1353
1226 1356
1227 1357
1228 1356
1229 1356
1230 1354
1231 1355
1232 1356
1233 1355
1234 1357
1235 1356
1236 1356
1237 1354
1238 1358
1239 1354
1240 1355
1241 1355
1242 1353
1243 1357
1244 1356
1245 1356
1246 1358
1247 1356
1248 1356
1249 1357
1250 1357
1251 1356
1252 1356
1253 1353
1254 1356
1255 1357
1256 1353
1257 1357
1258 1355
1259 1353
1260 1353
1261 1353
1262 1354
1263 1358
1264 1356
1265 1355
1266 1355
1267 1355
1268 1356
1269 1357
1270 1356
1271 1355
1272 1356
1273 1356
1274 1355
1275 1355
1276 1356
1277 1357
1278 1356
1279 1356
1280 1356
1281 1354
1282 1355
1283 1357
1284 1354
1285 1357
1286 1354
1287 1353
1288 1353
1289 1355
1290 1355
1291 1357
1292 1355
1293 1357
1294 1354
1295 1356
1296 1357
1297 1358
1298 1353
1299 1356
1300 1356
1301 1358
1302 1357
1303 1357
1304 1354
1305 1356
1306 1356
1307 1357
1308 1356
1309 1356
1310 1356
1311 1354
1312 1357
1313 1355
1314 1356
1315 1356
1316 1355
1317 1358
1318 1357
1319 1357
1320 1355
1321 1356
1322 1358
1323 1356
1324 1351
1325 1357
1326 1358
1327 1361
1328 1355
1329 1353
1330 1356
1331 1361
1332 1358
1333 1357
1334 1353
1335 1356
1336 1355
1337 1354
1338 1355
1339 1353
1340 1358
1341 1357
1342 1356
1343 1358
1344 1353
1345 1355
1346 1352
1347 1358
1348 1358
1349 1353
1350 1354
1351 1355
1352 1356
1353 1356
1354 1356
1355 1355
1356 1354
1357 1358
1358 1355
1359 1354
1360 1356
1361 1357
1362 1354
1363 1354
1364 1355
1365 1358
1366 1357
1367 1354
1368 1356
1369 1357
1370 1355
1371 1357
1372 1354
1373 1357
1374 1354
1375 1354
1376 1353
1377 1353
1378 1354
1379 1355
1380 1356
1381 1356
1382 1354
1383 1357
1384 1355
1385 1355
1386 1354
1387 1355
1388 1354
1389 1357
1390 1354
1391 1359
1392 1354
1393 1357
1394 1355
1395 1355
1396 1354
1397 1356
1398 1354
1399 1355
1400 1355
1401 1357
1402 1356
1403 1356
1404 1354
1405 1354
1406 1353
1407 1354
1408 1353
1409 1357
1410 1357
1411 1356
1412 1353
1413 1353
1414 1355
1415 1356
1416 1355
1417 1355
1418 1355
1419 1355
1420 1356
1421 1356
1422 1358
1423 1359
1424 1359
1425 1354
1426 1356
1427 1357
1428 1357
1429 1355
1430 1356
1431 1357
1432 1356
1433 1354
1434 1354
1435 1354
1436 1357
1437 1359
1438 1355
1439 1358
1440 1356
1441 1355
1442 1354
1443 1354
1444 1354
1445 1354
1446 1354
1447 1355
1448 1354
1449 1356
1450 1357
1451 1356
1452 1355
1453 1354
1454 1355
1455 1356
1456 1357
1457 1357
1458 1357
1459 1354
1460 1355
1461 1357
1462 1357
1463 1357
1464 1357
1465 1356
1466 1356
1467 1357
1468 1356
1469 1356
1470 1356
1471 1357
1472 1354
1473 1357
1474 1355
1475 1356
1476 1356
1477 1355
1478 1355
1479 1357
1480 1354
1481 1357
1482 1353
1483 1357
1484 1354
1485 1356
1486 1356
1487 1354
1488 1356
1489 1357
1490 1354
1491 1352
1492 1355
1493 1355
1494 1353
1495 1356
1496 1354
1497 1358
1498 1355
1499 1355
1500 1356
1501 1357
1502 1357
1503 1353
1504 1354
1505 1353
1506 1356
1507 1361
1508 1357
1509 1353
1510 1353
1511 1357
1512 1358
1513 1357
1514 1355
1515 1354
1516 1352
1517 1357
1518 1358
1519 1353
1520 1355
1521 1356
1522 1357
1523 1355
1524 1354
1525 1355
1526 1354
1527 1361
1528 1359
1529 1356
1530 1352
1531 1356
1532 1355
1533 1357
1534 1356
1535 1354
1536 1355
1537 1356
1538 1352
1539 1354
1540 1355
1541 1356
1542 1353
1543 1355
1544 1354
1545 1358
1546 1359
1547 1356
1548 1356
1549 1358
1550 1355
1551 1355
1552 1356
1553 1358
1554 1357
1555 1353
1556 1352
1557 1354
1558 1355
1559 1353
1560 1356
1561 1357
1562 1354
1563 1353
1564 1353
1565 1357
1566 1354
1567 1353
1568 1355
1569 1353
1570 1352
1571 1355
1572 1353
1573 1354
1574 1351
1575 1355
1576 1356
1577 1355
1578 1355
1579 1357
1580 1353
1581 1357
1582 1355
1583 1354
1584 1356
1585 1354
1586 1353
1587 1355
1588 1355
1589 1355
1590 1354
1591 1357
1592 1355
1593 1355
1594 1354
1595 1354
1596 1355
1597 1355
1598 1353
1599 1356
1600 1353
1601 1354
1602 1355
1603 1354
1604 1352
1605 1355
1606 1356
1607 1359
1608 1356
1609 1357
1610 1355
1611 1358
1612 1353
1613 1357
1614 1355
1615 1356
1616 1356
1617 1358
1618 1357
1619 1355
1620 1353
1621 1353
1622 1354
1623 1354
1624 1353
1625 1354
1626 1354
1627 1355
1628 1352
1629 1357
1630 1356
1631 1353
1632 1356
1633 1354
1634 1356
1635 1357
1636 1352
1637 1353
1638 1353
1639 1356
1640 1355
1641 1354
1642 1356
1643 1352
1644 1356
1645 1355
1646 1356
1647 1353
1648 1353
1649 1356
1650 1356
1651 1356
1652 1353
1653 1353
1654 1353
1655 1354
1656 1354
1657 1355
1658 1355
1659 1355
1660 1352
1661 1357
1662 1354
1663 1354
1664 1356
1665 1356
1666 1355
1667 1355
1668 1355
1669 1356
1670 1353
1671 1353
1672 1352
1673 1356
1674 1356
1675 1355
1676 1353
1677 1355
1678 1352
1679 1352
1680 1354
1681 1356
1682 1356
1683 1353
1684 1352
1685 1352
1686 1356
1687 1358
1688 1356
1689 1355
1690 1352
1691 1358
1692 1355
1693 1356
1694 1354
1695 1354
1696 1354
1697 1356
1698 1353
1699 1357
1700 1355
1701 1357
1702 1354
1703 1355
1704 1356
1705 1354
1706 1355
1707 1358
1708 1358
1709 1354
1710 1352
1711 1354
1712 1357
1713 1359
1714 1356
1715 1353
1716 1355
1717 1357
1718 1354
1719 1356
1720 1354
1721 1356
1722 1356
1723 1355
1724 1355
1725 1355
1726 1357
1727 1357
1728 1355
1729 1357
1730 1353
1731 1355
1732 1357
1733 1356
1734 1355
1735 1354
1736 1353
1737 1356
1738 1355
1739 1359
1740 1357
1741 1356
1742 1356
1743 1354
1744 1354
1745 1356
1746 1354
1747 1357
1748 1355
1749 1356
1750 1355
1751 1355
1752 1353
1753 1355
1754 1354
1755 1355
1756 1356
1757 1357
1758 1358
1759 1356
1760 1356
1761 1357
1762 1358
1763 1358
1764 1355
1765 1354
1766 1355
1767 1356
1768 1356
1769 1355
1770 1355
1771 1356
1772 1355
1773 1355
1774 1353
1775 1354
1776 1355
1777 1357
1778 1356
1779 1354
1780 1355
1781 1357
1782 1358
1783 1354
1784 1356
1785 1355
1786 1357
1787 1355
1788 1355
1789 1355
1790 1356
1791 1353
1792 1356
1793 1357
1794 1357
1795 1357
1796 1358
1797 1357
1798 1356
1799 1355
1800 1354
1801 1355
1802 1356
1803 1353
1804 1356
1805 1354
1806 1354
1807 1355
1808 1355
1809 1352
1810 1356
1811 1353
1812 1356
1813 1355
1814 1356
1815 1355
1816 1356
1817 1356
1818 1355
1819 1355
1820 1356
1821 1356
1822 1356
1823 1354
1824 1353
1825 1356
1826 1354
1827 1357
1828 1354
1829 1353
1830 1355
1831 1356
1832 1356
1833 1354
1834 1356
1835 1353
1836 1356
1837 1356
1838 1354
1839 1356
1840 1353
1841 1356
1842 1357
1843 1357
1844 1355
1845 1358
1846 1355
1847 1358
1848 1355
1849 1355
1850 1355
1851 1357
1852 1355
1853 1357
1854 1355
1855 1358
1856 1358
1857 1356
1858 1354
1859 1355
1860 1354
1861 1355
1862 1354
1863 1356
1864 1353
1865 1353
1866 1359
1867 1357
1868 1355
1869 1354
1870 1356
1871 1356
1872 1358
1873 1359
1874 1355
1875 1355
1876 1356
1877 1356
1878 1357
1879 1358
1880 1357
1881 1357
1882 1358
1883 1355
1884 1359
1885 1355
1886 1354
1887 1352
1888 1358
1889 1356
1890 1354
1891 1352
1892 1357
1893 1357
1894 1358
1895 1357
1896 1356
1897 1354
1898 1356
1899 1355
1900 1354
1901 1357
1902 1356
1903 1354
1904 1353
1905 1357
1906 1357
1907 1356
1908 1356
1909 1354
1910 1356
1911 1354
1912 1356
1913 1355
1914 1356
1915 1353
1916 1354
1917 1353
1918 1356
1919 1354
1920 1356
1921 1354
1922 1357
1923 1358
1924 1356
1925 1353
1926 1356
1927 1356
1928 1356
1929 1354
1930 1356
1931 1356
1932 1354
1933 1354
1934 1355
1935 1355
1936 1357
1937 1354
1938 1356
1939 1356
1940 1356
1941 1354
1942 1357
1943 1354
1944 1358
1945 1355
1946 1354
1947 1356
1948 1355
1949 1356
1950 1354
1951 1352
1952 1355
1953 1355
1954 1356
1955 1354
1956 1355
1957 1356
1958 1357
1959 1355
1960 1356
1961 1356
1962 1353
1963 1355
1964 1355
1965 1357
1966 1355
1967 1357
1968 1355
1969 1353
1970 1355
1971 1354
1972 1358
1973 1355
1974 1356
1975 1359
1976 1355
1977 1354
1978 1354
1979 1355
1980 1355
1981 1358
1982 1358
1983 1358
1984 1357
1985 1354
1986 1357
1987 1357
1988 1357
1989 1354
1990 1354
1991 1356
1992 1356
1993 1358
1994 1355
1995 1354
1996 1355
1997 1357
1998 1356
1999 1355
2000 1355
2001 1356
2002 1357
2003 1355
2004 1357
2005 1356
2006 1357
2007 1354
2008 1355
2009 1357
2010 1356
2011 1357
2012 1355
2013 1355
2014 1356
2015 1356
2016 1356
2017 1354
2018 1356
2019 1357
2020 1354
2021 1355
2022 1356
2023 1355
2024 1357
2025 1350
2026 1355
2027 1355
2028 1357
2029 1356
2030 1359
2031 1356
2032 1355
2033 1357
2034 1356
2035 1357
2036 1357
2037 1357
2038 1357
2039 1357
2040 1355
2041 1358
2042 1359
2043 1357
2044 1355
2045 1352
2046 1356
2047 1359
2048 1357
2049 1357
2050 1355
2051 1357
2052 1355
2053 1355
2054 1355
2055 1355
2056 1355
2057 1355
2058 1355
2059 1353
2060 1355
2061 1354
2062 1354
2063 1356
2064 1355
2065 1355
2066 1352
2067 1356
2068 1357
2069 1359
2070 1354
2071 1353
2072 1353
2073 1356
2074 1357
2075 1356
2076 1356
2077 1357
2078 1358
2079 1353
2080 1356
2081 1356
2082 1356
2083 1357
2084 1357
2085 1356
2086 1357
2087 1354
2088 1355
2089 1354
2090 1354
2091 1357
2092 1357
2093 1355
2094 1356
2095 1354
2096 1357
2097 1355
2098 1355
2099 1355
2100 1353
2101 1355
2102 1353
2103 1353
2104 1354
2105 1357
2106 1356
2107 1355
2108 1354
2109 1352
2110 1357
2111 1354
2112 1356
2113 1356
2114 1356
2115 1355
2116 1355
2117 1357
2118 1356
2119 1355
2120 1355
2121 1357
2122 1356
2123 1357
2124 1357
2125 1357
2126 1355
2127 1355
2128 1359
2129 1355
2130 1355
2131 1354
2132 1354
2133 1353
2134 1355
2135 1355
2136 1355
2137 1357
2138 1355
2139 1353
2140 1353
2141 1354
2142 1355
2143 1354
2144 1353
2145 1356
2146 1350
2147 1353
2148 1355
2149 1356
2150 1358
2151 1356
2152 1355
2153 1355
2154 1356
2155 1356
2156 1353
2157 1357
2158 1352
2159 1354
2160 1355
2161 1355
2162 1355
2163 1356
2164 1353
2165 1357
2166 1357
2167 1357
2168 1356
2169 1354
2170 1355
2171 1356
2172 1355
2173 1355
2174 1353
2175 1355
2176 1353
2177 1356
2178 1355
2179 1355
2180 1354
2181 1354
2182 1355
2183 1354
2184 1355
2185 1355
2186 1356
2187 1356
2188 1355
2189 1356
2190 1353
2191 1356
2192 1355
2193 1357
2194 1355
2195 1357
2196 1358
2197 1356
2198 1354
2199 1357
2200 1354
2201 1355
2202 1355
2203 1356
2204 1355
2205 1356
2206 1352
2207 1355
2208 1354
2209 1358
2210 1355
2211 1355
2212 1355
2213 1355
2214 1354
2215 1357
2216 1358
2217 1359
2218 1355
2219 1356
2220 1351
2221 1354
2222 1357
2223 1354
2224 1356
2225 1354
2226 1356
2227 1359
2228 1356
2229 1355
2230 1354
2231 1356
2232 1358
2233 1356
2234 1354
2235 1355
2236 1353
2237 1353
2238 1356
2239 1357
2240 1357
2241 1356
2242 1356
2243 1356
2244 1356
2245 1355
2246 1354
2247 1358
2248 1357
2249 1358
2250 1354
2251 1355
2252 1357
2253 1359
2254 1356
2255 1354
2256 1354
2257 1357
2258 1356
2259 1356
2260 1356
2261 1356
2262 1356
2263 1354
2264 1354
2265 1355
2266 1358
2267 1357
2268 1354
2269 1355
2270 1353
2271 1354
2272 1356
2273 1356
2274 1355
2275 1356
2276 1356
2277 1356
2278 1355
2279 1354
2280 1358
2281 1359
2282 1356
2283 1355
2284 1354
2285 1355
2286 1355
2287 1355
2288 1357
2289 1356
2290 1356
2291 1356
2292 1356
2293 1357
2294 1356
2295 1354
2296 1355
2297 1355
2298 1355
2299 1357
2300 1353
2301 1354
2302 1355
2303 1356
2304 1353
2305 1357
2306 1354
2307 1355
2308 1356
2309 1355
2310 1358
2311 1355
2312 1356
2313 1356
2314 1355
2315 1356
2316 1354
2317 1356
2318 1354
2319 1353
2320 1355
2321 1356
2322 1355
2323 1355
2324 1354
2325 1357
2326 1355
2327 1354
2328 1354
2329 1353
2330 1352
2331 1354
2332 1356
2333 1355
2334 1355
2335 1353
2336 1355
2337 1355
2338 1355
2339 1356
2340 1355
2341 1356
2342 1354
2343 1357
2344 1358
2345 1358
2346 1355
2347 1354
2348 1356
2349 1356
2350 1357
2351 1355
2352 1356
2353 1355
2354 1354
2355 1353
2356 1354
2357 1356
2358 1355
2359 1354
2360 1353
2361 1356
2362 1355
2363 1356
2364 1354
2365 1354
2366 1356
2367 1355
2368 1356
2369 1355
2370 1355
2371 1357
2372 1355
2373 1354
2374 1356
2375 1353
2376 1356
2377 1357
2378 1356
2379 1354
2380 1358
2381 1356
2382 1357
2383 1355
2384 1355
2385 1354
2386 1356
2387 1355
2388 1357
2389 1354
2390 1356
2391 1354
2392 1355
2393 1356
2394 1356
2395 1355
2396 1354
2397 1355
2398 1356
2399 1353
2400 1356
2401 1353
2402 1355
2403 1355
2404 1356
2405 1355
2406 1358
2407 1360
2408 1358
2409 1353
2410 1356
2411 1356
2412 1359
2413 1357
2414 1353
2415 1353
2416 1356
2417 1354
2418 1357
2419 1354
2420 1354
2421 1355
2422 1355
2423 1355
2424 1356
2425 1355
2426 1357
2427 1354
2428 1357
2429 1355
2430 1355
2431 1355
2432 1357
2433 1358
2434 1356
2435 1352
2436 1356
2437 1355
2438 1357
2439 1357
2440 1355
2441 1356
2442 1356
2443 1353
2444 1354
2445 1354
2446 1357
2447 1352
2448 1353
2449 1355
2450 1357
2451 1353
2452 1353
2453 1357
2454 1356
2455 1354
2456 1357
2457 1353
2458 1357
2459 1353
2460 1357
2461 1353
2462 1356
2463 1354
2464 1357
2465 1358
2466 1357
2467 1357
2468 1357
2469 1354
2470 1356
2471 1355
2472 1355
2473 1354
2474 1357
2475 1354
2476 1357
2477 1356
2478 1355
2479 1351
2480 1355
2481 1357
2482 1359
2483 1353
2484 1356
2485 1356
2486 1356
2487 1356
2488 1355
2489 1356
2490 1354
2491 1356
2492 1355
2493 1355
2494 1357
2495 1355
2496 1359
2497 1356
2498 1356
2499 1357
2500 1356
2501 1354
2502 1356
2503 1356
2504 1357
2505 1355
2506 1355
2507 1357
2508 1356
2509 1356
2510 1355
2511 1354
2512 1355
2513 1356
2514 1355
2515 1357
2516 1356
2517 1357
2518 1359
2519 1356
2520 1356
2521 1354
2522 1356
2523 1357
2524 1358
2525 1355
2526 1356
2527 1357
2528 1352
2529 1357
2530 1358
2531 1354
2532 1357
2533 1355
2534 1356
2535 1354
2536 1355
2537 1355
2538 1356
2539 1357
2540 1355
2541 1353
2542 1353
2543 1354
2544 1354
2545 1354
2546 1353
2547 1355
2548 1358
2549 1357
2550 1359
2551 1356
2552 1355
2553 1354
2554 1354
2555 1354
2556 1355
2557 1357
2558 1354
2559 1355
2560 1356
2561 1356
2562 1356
2563 1356
2564 1355
2565 1356
2566 1354
2567 1354
2568 1355
2569 1355
2570 1358
2571 1355
2572 1356
2573 1353
2574 1356
2575 1357
2576 1355
2577 1353
2578 1353
2579 1356
2580 1356
2581 1356
2582 1356
2583 1356
2584 1358
2585 1354
2586 1354
2587 1356
2588 1356
2589 1355
2590 1354
2591 1356
2592 1355
2593 1353
2594 1355
2595 1356
2596 1352
2597 1354
2598 1356
2599 1356
2600 1354
2601 1355
2602 1356
2603 1355
2604 1354
2605 1356
2606 1353
2607 1357
2608 1356
2609 1358
2610 1354
2611 1353
2612 1356
2613 1357
2614 1355
2615 1357
2616 1354
2617 1355
2618 1354
2619 1355
2620 1356
2621 1355
2622 1354
2623 1356
2624 1351
2625 1354
2626 1354
2627 1353
2628 1353
2629 1351
2630 1356
2631 1353
2632 1356
2633 1352
2634 1355
2635 1353
2636 1353
2637 1353
2638 1357
2639 1356
2640 1355
2641 1357
2642 1355
2643 1352
2644 1355
2645 1354
2646 1354
2647 1356
2648 1355
2649 1355
2650 1353
2651 1357
2652 1355
2653 1354
2654 1354
2655 1352
2656 1356
2657 1355
2658 1357
2659 1357
2660 1356
2661 1352
2662 1355
2663 1355
2664 1355
2665 1352
2666 1354
2667 1355
2668 1353
2669 1356
2670 1355
2671 1356
2672 1355
2673 1353
2674 1355
2675 1354
2676 1353
2677 1354
2678 1354
2679 1358
2680 1356
2681 1353
2682 1354
2683 1355
2684 1355
2685 1353
2686 1355
2687 1358
2688 1355
2689 1353
2690 1352
2691 1353
2692 1356
2693 1353
2694 1355
2695 1357
2696 1355
2697 1353
2698 1355
2699 1352
2700 1353
2701 1356
2702 1354
2703 1354
2704 1355
2705 1353
2706 1353
2707 1355
2708 1354
2709 1357
2710 1357
2711 1355
2712 1356
2713 1356
2714 1352
2715 1355
2716 1358
2717 1356
2718 1356
2719 1355
2720 1352
2721 1354
2722 1356
2723 1357
2724 1356
2725 1357
2726 1355
2727 1356
2728 1358
2729 1356
2730 1353
2731 1354
2732 1354
2733 1356
2734 1355
2735 1354
2736 1354
2737 1357
2738 1355
2739 1355
2740 1355
2741 1354
2742 1357
2743 1356
2744 1356
2745 1356
2746 1356
2747 1352
2748 1355
2749 1354
2750 1354
2751 1356
2752 1356
2753 1356
2754 1356
2755 1354
2756 1355
2757 1353
2758 1353
2759 1353
2760 1356
2761 1354
2762 1355
2763 1353
2764 1356
2765 1354
2766 1357
2767 1354
2768 1356
2769 1355
2770 1356
2771 1357
2772 1357
2773 1357
2774 1357
2775 1356
2776 1356
2777 1355
2778 1353
2779 1355
2780 1357
2781 1357
2782 1356
2783 1351
2784 1355
2785 1353
2786 1352
2787 1353
2788 1356
2789 1354
2790 1354
2791 1353
2792 1354
2793 1357
2794 1353
2795 1353
2796 1354
2797 1357
2798 1357
2799 1353
2800 1355
2801 1355
2802 1356
2803 1354
2804 1357
2805 1356
2806 1355
2807 1356
2808 1357
2809 1354
2810 1358
2811 1355
2812 1353
2813 1352
2814 1356
2815 1357
2816 1356
2817 1352
2818 1355
2819 1355
2820 1355
2821 1356
2822 1356
2823 1353
2824 1356
2825 1350
2826 1354
2827 1354
2828 1356
2829 1354
2830 1355
2831 1357
2832 1356
2833 1358
2834 1357
2835 1355
2836 1356
2837 1354
2838 1357
2839 1356
2840 1357
2841 1352
2842 1357
2843 1357
2844 1356
2845 1355
2846 1356
2847 1355
2848 1353
2849 1355
2850 1357
2851 1356
2852 1356
2853 1355
2854 1356
2855 1355
2856 1358
2857 1357
2858 1357
2859 1354
2860 1354
2861 1357
2862 1357
2863 1357
2864 1358
2865 1357
2866 1356
2867 1357
2868 1357
2869 1352
2870 1354
2871 1355
2872 1357
2873 1354
2874 1354
2875 1356
2876 1355
2877 1353
2878 1353
2879 1353
2880 1354
2881 1353
2882 1356
2883 1356
2884 1355
2885 1355
2886 1355
2887 1357
2888 1354
2889 1357
2890 1359
2891 1355
2892 1359
2893 1359
2894 1356
2895 1358
2896 1354
2897 1355
2898 1356
2899 1354
2900 1356
2901 1356
2902 1355
2903 1354
2904 1354
2905 1354
2906 1355
2907 1354
2908 1358
2909 1354
2910 1357
2911 1356
2912 1357
2913 1357
2914 1355
2915 1357
2916 1356
2917 1356
2918 1355
2919 1357
2920 1357
2921 1355
2922 1357
2923 1356
2924 1357
2925 1355
2926 1354
2927 1354
2928 1355
2929 1355
2930 1356
2931 1356
2932 1356
2933 1353
2934 1353
2935 1355
2936 1355
2937 1357
2938 1356
2939 1356
2940 1355
2941 1355
2942 1355
2943 1354
2944 1356
2945 1353
2946 1355
2947 1356
2948 1355
2949 1355
2950 1354
2951 1356
2952 1356
2953 1354
2954 1356
2955 1357
2956 1356
2957 1356
2958 1358
2959 1355
2960 1357
2961 1355
2962 1356
2963 1353
2964 1356
2965 1356
2966 1355
2967 1354
2968 1355
2969 1355
2970 1356
2971 1357
2972 1357
2973 1359
2974 1357
2975 1357
2976 1356
2977 1356
2978 1356
2979 1353
2980 1354
2981 1356
2982 1355
2983 1357
2984 1356
2985 1353
2986 1355
2987 1358
2988 1356
2989 1355
2990 1356
2991 1357
2992 1355
2993 1354
2994 1355
2995 1353
2996 1355
2997 1353
2998 1355
2999 1354
3000 1357
3001 1354
3002 1357
3003 1354
3004 1354
3005 1354
3006 1355
3007 1357
3008 1354
3009 1353
3010 1354
3011 1357
3012 1357
3013 1354
3014 1354
3015 1352
3016 1356
3017 1356
3018 1357
3019 1354
3020 1357
3021 1354
3022 1355
3023 1350
3024 1356
3025 1353
3026 1352
3027 1354
3028 1353
3029 1356
3030 1356
3031 1357
3032 1355
3033 1353
3034 1354
3035 1358
3036 1354
3037 1356
3038 1359
3039 1355
3040 1356
3041 1356
3042 1354
3043 1355
3044 1355
3045 1353
3046 1356
3047 1356
3048 1359
3049 1355
3050 1356
3051 1357
3052 1355
3053 1355
3054 1355
3055 1356
3056 1356
3057 1356
3058 1354
3059 1357
3060 1356
3061 1353
3062 1354
3063 1355
3064 1356
3065 1355
3066 1354
3067 1354
3068 1352
3069 1355
3070 1358
3071 1357
3072 1360
3073 1354
3074 1360
3075 1357
3076 1354
3077 1354
3078 1355
3079 1356
3080 1353
3081 1356
3082 1355
3083 1358
3084 1357
3085 1356
3086 1354
3087 1355
3088 1356
3089 1356
3090 1356
3091 1356
3092 1355
3093 1356
3094 1354
3095 1352
3096 1356
3097 1354
3098 1355
3099 1356
3100 1356
3101 1358
3102 1360
3103 1356
3104 1354
3105 1354
3106 1356
3107 1357
3108 1356
3109 1357
3110 1357
3111 1356
3112 1357
3113 1355
3114 1358
3115 1354
3116 1356
3117 1356
3118 1353
3119 1355
3120 1353
3121 1354
3122 1354
3123 1353
3124 1357
3125 1355
3126 1356
3127 1358
3128 1354
3129 1355
3130 1355
3131 1353
3132 1356
3133 1355
3134 1357
3135 1354
3136 1357
3137 1356
3138 1359
3139 1355
3140 1356
3141 1355
3142 1355
3143 1355
3144 1355
3145 1356
3146 1356
3147 1354
3148 1354
3149 1355
3150 1356
3151 1354
3152 1355
3153 1355
3154 1352
3155 1353
3156 1354
3157 1357
3158 1355
3159 1353
3160 1355
3161 1354
3162 1355
3163 1357
3164 1355
3165 1354
3166 1355
3167 1358
3168 1356
3169 1357
3170 1356
3171 1357
3172 1355
3173 1356
3174 1356
3175 1355
3176 1356
3177 1358
3178 1355
3179 1354
3180 1353
3181 1353
3182 1354
3183 1355
3184 1355
3185 1355
3186 1355
3187 1353
3188 1354
3189 1355
3190 1356
3191 1354
3192 1356
3193 1356
3194 1355
3195 1357
3196 1356
3197 1355
3198 1356
3199 1353
3200 1355
3201 1358
3202 1356
3203 1356
3204 1355
3205 1355
3206 1357
3207 1359
3208 1357
3209 1355
3210 1356
3211 1357
3212 1357
3213 1355
3214 1353
3215 1357
3216 1354
3217 1356
3218 1356
3219 1353
3220 1354
3221 1355
3222 1355
3223 1356
3224 1356
3225 1357
3226 1354
3227 1357
3228 1356
3229 1354
3230 1355
3231 1355
3232 1356
3233 1354
3234 1355
3235 1356
3236 1354
3237 1358
3238 1352
3239 1355
3240 1355
3241 1355
3242 1354
3243 1353
3244 1354
3245 1356
3246 1356
3247 1355
3248 1356
3249 1355
3250 1356
3251 1358
3252 1357
3253 1355
3254 1359
3255 1357
3256 1355
3257 1355
3258 1356
3259 1357
3260 1356
3261 1358
3262 1357
3263 1355
3264 1356
3265 1357
3266 1355
3267 1358
3268 1358
3269 1354
3270 1355
3271 1356
3272 1356
3273 1350
3274 1355
3275 1356
3276 1357
3277 1357
3278 1355
3279 1357
3280 1355
3281 1357
3282 1354
3283 1355
3284 1356
3285 1356
3286 1356
3287 1355
3288 1355
3289 1353
3290 1356
3291 1357
3292 1355
3293 1357
3294 1355
3295 1354
3296 1355
3297 1354
3298 1355
3299 1355
3300 1353
3301 1356
3302 1354
3303 1356
3304 1352
3305 1357
3306 1355
3307 1353
3308 1356
3309 1354
3310 1355
3311 1356
3312 1355
3313 1352
3314 1354
3315 1355
3316 1356
3317 1356
3318 1354
3319 1356
3320 1355
3321 1353
3322 1355
3323 1353
3324 1355
3325 1357
3326 1357
3327 1355
3328 1354
3329 1355
3330 1353
3331 1356
3332 1356
3333 1354
3334 1356
3335 1355
3336 1353
3337 1355
3338 1357
3339 1353
3340 1354
3341 1357
3342 1356
3343 1353
3344 1354
3345 1357
3346 1356
3347 1357
3348 1356
3349 1356
3350 1356
3351 1356
3352 1357
3353 1357
3354 1358
3355 1355
3356 1354
3357 1352
3358 1356
3359 1354
3360 1353
3361 1354
3362 1354
3363 1355
3364 1355
3365 1353
3366 1355
3367 1357
3368 1355
3369 1355
3370 1353
3371 1353
3372 1357
3373 1355
3374 1354
3375 1355
3376 1358
3377 1355
3378 1354
3379 1357
3380 1355
3381 1356
3382 1354
3383 1355
3384 1355
3385 1358
3386 1356
3387 1356
3388 1354
3389 1357
3390 1354
3391 1355
3392 1355
3393 1358
3394 1358
3395 1360
3396 1353
3397 1355
3398 1354
3399 1355
3400 1356
3401 1359
3402 1356
3403 1357
3404 1357
3405 1356
3406 1358
3407 1357
3408 1356
3409 1356
3410 1355
3411 1357
3412 1355
3413 1355
3414 1355
3415 1357
3416 1356
3417 1356
3418 1354
3419 1357
3420 1356
3421 1354
3422 1355
3423 1354
3424 1352
3425 1355
3426 1356
3427 1355
3428 1355
3429 1355
3430 1354
3431 1354
3432 1354
3433 1351
3434 1356
3435 1355
3436 1357
3437 1357
3438 1357
3439 1354
3440 1356
3441 1355
3442 1355
3443 1354
3444 1355
3445 1356
3446 1354
3447 1356
3448 1356
3449 1358
3450 1356
3451 1358
3452 1356
3453 1354
3454 1353
3455 1355
3456 1355
3457 1353
3458 1353
3459 1353
3460 1355
3461 1357
3462 1356
3463 1354
3464 1355
3465 1357
3466 1356
3467 1355
3468 1358
3469 1356
3470 1356
3471 1357
3472 1353
3473 1356
3474 1356
3475 1353
3476 1354
3477 1358
3478 1357
3479 1355
3480 1354
3481 1354
3482 1355
3483 1357
3484 1357
3485 1357
3486 1353
3487 1355
3488 1355
3489 1354
3490 1352
3491 1354
3492 1355
3493 1355
3494 1356
3495 1357
3496 1356
3497 1356
3498 1356
3499 1355
3500 1355
3501 1355
3502 1355
3503 1353
3504 1355
3505 1354
3506 1355
3507 1355
3508 1358
3509 1354
3510 1356
3511 1354
3512 1356
3513 1358
3514 1352
3515 1355
3516 1356
3517 1353
3518 1354
3519 1352
3520 1354
3521 1355
3522 1357
3523 1355
3524 1357
3525 1356
3526 1356
3527 1356
3528 1356
3529 1355
3530 1356
3531 1357
3532 1358
3533 1355
3534 1357
3535 1353
3536 1353
3537 1357
3538 1355
3539 1355
3540 1354
3541 1354
3542 1356
3543 1355
3544 1357
3545 1355
3546 1356
3547 1354
3548 1356
3549 1357
3550 1353
3551 1355
3552 1353
3553 1356
3554 1354
3555 1353
3556 1351
3557 1352
3558 1354
3559 1354
3560 1355
3561 1352
3562 1356
3563 1356
3564 1354
3565 1355
3566 1354
3567 1357
3568 1359
3569 1354
3570 1356
3571 1356
3572 1356
3573 1355
3574 1354
3575 1355
3576 1355
3577 1356
3578 1354
3579 1355
3580 1354
3581 1356
3582 1356
3583 1356
3584 1353
3585 1356
3586 1359
3587 1355
3588 1356
3589 1355
3590 1356
3591 1356
3592 1356
3593 1356
3594 1356
3595 1357
3596 1356
3597 1355
3598 1357
3599 1354
3600 1356
3601 1355
3602 1356
3603 1356
3604 1355
3605 1357
3606 1357
3607 1355
3608 1357
3609 1356
3610 1355
3611 1357
3612 1357
3613 1355
3614 1357
3615 1356
3616 1356
3617 1354
3618 1356
3619 1357
3620 1354
3621 1354
3622 1355
3623 1354
3624 1354
3625 1354
3626 1355
3627 1354
3628 1357
3629 1352
3630 1357
3631 1353
3632 1357
3633 1355
3634 1354
3635 1358
3636 1351
3637 1354
3638 1354
3639 1353
3640 1355
3641 1353
3642 1355
3643 1355
3644 1356
3645 1356
3646 1354
3647 1354
3648 1355
3649 1357
3650 1354
3651 1357
3652 1356
3653 1355
3654 1355
3655 1355
3656 1354
3657 1353
3658 1356
3659 1354
3660 1356
3661 1354
3662 1356
3663 1356
3664 1354
3665 1356
3666 1354
3667 1355
3668 1355
3669 1355
3670 1354
3671 1354
3672 1356
3673 1356
3674 1356
3675 1355
3676 1357
3677 1355
3678 1357
3679 1357
3680 1356
3681 1357
3682 1353
3683 1358
3684 1357
3685 1356
3686 1356
3687 1357
3688 1355
3689 1353
3690 1354
3691 1356
3692 1356
3693 1354
3694 1354
3695 1357
3696 1356
3697 1353
3698 1353
3699 1356
3700 1356
3701 1355
3702 1352
3703 1354
3704 1357
3705 1358
3706 1356
3707 1358
3708 1355
3709 1356
3710 1355
3711 1357
3712 1354
3713 1356
3714 1355
3715 1357
3716 1355
3717 1356
3718 1352
3719 1353
3720 1353
3721 1356
3722 1355
3723 1356
3724 1355
3725 1356
3726 1356
3727 1356
3728 1354
3729 1356
3730 1358
3731 1355
3732 1357
3733 1355
3734 1356
3735 1357
3736 1358
3737 1356
3738 1355
3739 1356
3740 1355
3741 1355
3742 1353
3743 1353
3744 1353
3745 1354
3746 1354
3747 1353
3748 1356
3749 1353
3750 1353
3751 1356
3752 1356
3753 1354
3754 1355
3755 1357
3756 1354
3757 1356
3758 1354
3759 1354
3760 1354
3761 1354
3762 1357
3763 1357
3764 1355
3765 1355
3766 1356
3767 1356
3768 1356
3769 1356
3770 1355
3771 1353
3772 1358
3773 1356
3774 1355
3775 1356
3776 1352
3777 1355
3778 1355
3779 1357
3780 1355
3781 1354
3782 1355
3783 1355
3784 1353
3785 1354
3786 1353
3787 1355
3788 1355
3789 1351
3790 1351
3791 1357
3792 1354
3793 1356
3794 1353
3795 1356
3796 1355
3797 1355
3798 1356
3799 1355
3800 1356
3801 1355
3802 1353
3803 1355
3804 1357
3805 1357
3806 1357
3807 1357
3808 1358
3809 1355
3810 1355
3811 1357
3812 1355
3813 1354
3814 1354
3815 1356
3816 1355
3817 1356
3818 1355
3819 1353
3820 1354
3821 1355
3822 1352
3823 1352
3824 1357
3825 1357
3826 1356
3827 1356
3828 1356
3829 1356
3830 1357
3831 1355
3832 1356
3833 1357
3834 1355
3835 1356
3836 1351
3837 1356
3838 1357
3839 1357
3840 1354
3841 1356
3842 1357
3843 1355
3844 1356
3845 1355
3846 1356
3847 1356
3848 1358
3849 1356
3850 1355
3851 1355
3852 1357
3853 1354
3854 1357
3855 1356
3856 1354
3857 1356
3858 1355
3859 1354
3860 1357
3861 1357
3862 1356
3863 1357
3864 1356
3865 1357
3866 1356
3867 1353
3868 1355
3869 1353
3870 1355
3871 1355
3872 1356
3873 1354
3874 1357
3875 1356
3876 1357
3877 1354
3878 1356
3879 1350
3880 1356
3881 1354
3882 1356
3883 1356
3884 1356
3885 1354
3886 1355
3887 1355
3888 1355
3889 1354
3890 1356
3891 1357
3892 1356
3893 1356
3894 1356
3895 1357
3896 1356
3897 1353
3898 1355
3899 1355
3900 1356
3901 1354
3902 1354
3903 1354
3904 1356
3905 1355
3906 1355
3907 1355
3908 1356
3909 1356
3910 1355
3911 1353
3912 1354
3913 1355
3914 1356
3915 1356
3916 1356
3917 1357
3918 1354
3919 1353
3920 1355
3921 1354
3922 1355
3923 1354
3924 1354
3925 1356
3926 1358
3927 1355
3928 1355
3929 1356
3930 1354
3931 1356
3932 1355
3933 1355
3934 1357
3935 1356
3936 1356
3937 1357
3938 1355
3939 1352
3940 1355
3941 1356
3942 1355
3943 1355
3944 1355
3945 1355
3946 1354
3947 1353
3948 1357
3949 1355
3950 1359
3951 1352
3952 1355
3953 1358
3954 1354
3955 1355
3956 1356
3957 1356
3958 1358
3959 1356
3960 1357
3961 1356
3962 1355
3963 1355
3964 1357
3965 1354
3966 1357
3967 1354
3968 1359
3969 1357
3970 1355
3971 1357
3972 1356
3973 1356
3974 1357
3975 1357
3976 1356
3977 1354
3978 1352
3979 1353
3980 1354
3981 1357
3982 1357
3983 1358
3984 1354
3985 1357
3986 1359
3987 1356
3988 1356
3989 1356
3990 1355
3991 1357
3992 1356
3993 1357
3994 1356
3995 1355
3996 1354
3997 1355
3998 1354
3999 1354
