0 1357
1 1358
2 1357
3 1356
4 1355
5 1355
6 1354
7 1352
8 1357
9 1356
10 1354
11 1355
12 1352
13 1353
14 1356
15 1354
16 1354
17 1357
18 1354
19 1354
20 1354
21 1354
22 1356
23 1354
24 1355
25 1356
26 1354
27 1357
28 1354
29 1354
30 1355
31 1354
32 1356
33 1357
34 1358
35 1357
36 1357
37 1354
38 1356
39 1353
40 1355
41 1356
42 1354
43 1351
44 1356
45 1355
46 1355
47 1355
48 1353
49 1355
50 1357
51 1357
52 1356
53 1355
54 1356
55 1354
56 1356
57 1358
58 1355
59 1354
60 1357
61 1358
62 1356
63 1356
64 1356
65 1357
66 1356
67 1356
68 1354
69 1355
70 1354
71 1358
72 1351
73 1355
74 1356
75 1357
76 1355
77 1354
78 1354
79 1355
80 1352
81 1356
82 1353
83 1354
84 1356
85 1353
86 1355
87 1356
88 1354
89 1357
90 1358
91 1356
92 1355
93 1355
94 1356
95 1354
96 1355
97 1356
98 1357
99 1356
100 1354
101 1354
102 1352
103 1349
104 1355
105 1357
106 1355
107 1355
108 1354
109 1351
110 1355
111 1354
112 1354
113 1355
114 1355
115 1352
116 1356
117 1355
118 1356
119 1356
120 1355
121 1355
122 1358
123 1356
124 1356
125 1356
126 1352
127 1353
128 1353
129 1352
130 1352
131 1355
132 1353
133 1352
134 1354
135 1356
136 1356
137 1355
138 1354
139 1354
140 1354
141 1353
142 1355
143 1357
144 1356
145 1355
146 1354
147 1354
148 1353
149 1353
150 1355
151 1356
152 1356
153 1357
154 1357
155 1357
156 1358
157 1353
158 1353
159 1354
160 1354
161 1353
162 1352
163 1352
164 1357
165 1357
166 1353
167 1357
168 1353
169 1356
170 1356
171 1356
172 1356
173 1356
174 1354
175 1354
176 1355
177 1356
178 1356
179 1357
180 1353
181 1356
182 1356
183 1357
184 1355
185 1354
186 1357
187 1356
188 1354
189 1355
190 1354
191 1356
192 1354
193 1353
194 1354
195 1352
196 1355
197 1353
198 1354
199 1355
200 1356
201 1354
202 1354
203 1355
204 1356
205 1355
206 1354
207 1358
208 1355
209 1354
210 1354
211 1356
212 1355
213 1354
214 1356
215 1354
216 1356
217 1355
218 1354
219 1353
220 1353
221 1354
222 1355
223 1355
224 1352
225 1353
226 1354
227 1355
228 1356
229 1355
230 1353
231 1358
232 1355
233 1354
234 1355
235 1358
236 1356
237 1356
238 1354
239 1356
240 1356
241 1355
242 1355
243 1350
244 1353
245 1356
246 1355
247 1355
248 1353
249 1354
250 1354
251 1355
252 1354
253 1353
254 1352
255 1353
256 1354
257 1354
258 1356
259 1353
260 1354
261 1357
262 1356
263 1355
264 1357
265 1361
266 1357
267 1357
268 1356
269 1355
270 1353
271 1354
272 1354
273 1357
274 1357
275 1355
276 1355
277 1357
278 1352
279 1354
280 1356
281 1355
282 1356
283 1355
284 1356
285 1357
286 1354
287 1353
288 1351
289 1352
290 1355
291 1354
292 1353
293 1352
294 1355
295 1355
296 1353
297 1353
298 1354
299 1355
300 1356
301 1356
302 1357
303 1353
304 1356
305 1355
306 1356
307 1353
308 1355
309 1357
310 1356
311 1357
312 1355
313 1351
314 1356
315 1355
316 1356
317 1356
318 1355
319 1354
320 1354
321 1355
322 1353
323 1352
324 1354
325 1356
326 1355
327 1357
328 1356
329 1355
330 1353
331 1353
332 1352
333 1354
334 1355
335 1355
336 1356
337 1355
338 1357
339 1355
340 1355
341 1353
342 1356
343 1356
344 1357
345 1356
346 1358
347 1356
348 1356
349 1357
350 1355
351 1356
352 1354
353 1354
354 1356
355 1357
356 1357
357 1357
358 1353
359 1355
360 1355
361 1355
362 1355
363 1355
364 1355
365 1354
366 1352
367 1354
368 1355
369 1354
370 1355
371 1356
372 1354
373 1353
374 1355
375 1354
376 1357
377 1352
378 1356
379 1355
380 1357
381 1355
382 1355
383 1352
384 1354
385 1354
386 1355
387 1354
388 1356
389 1353
390 1355
391 1357
392 1356
393 1354
394 1355
395 1355
396 1356
397 1356
398 1356
399 1357
400 1356
401 1355
402 1356
403 1354
404 1355
405 1356
406 1353
407 1353
408 1356
409 1353
410 1354
411 1354
412 1354
413 1355
414 1352
415 1350
416 1352
417 1353
418 1356
419 1357
420 1358
421 1354
422 1356
423 1352
424 1354
425 1357
426 1357
427 1353
428 1354
429 1354
430 1353
431 1354
432 1356
433 1353
434 1354
435 1353
436 1352
437 1351
438 1354
439 1353
440 1356
441 1355
442 1354
443 1352
444 1357
445 1357
446 1354
447 1357
448 1356
449 1357
450 1355
451 1352
452 1354
453 1352
454 1355
455 1357
456 1356
457 1356
458 1353
459 1357
460 1357
461 1356
462 1356
463 1355
464 1355
465 1352
466 1355
467 1355
468 1355
469 1353
470 1354
471 1354
472 1355
473 1354
474 1356
475 1355
476 1355
477 1354
478 1355
479 1356
480 1355
481 1355
482 1354
483 1352
484 1356
485 1361
486 1354
487 1356
488 1356
489 1357
490 1355
491 1355
492 1356
493 1353
494 1355
495 1357
496 1355
497 1352
498 1353
499 1355
500 1355
501 1355
502 1358
503 1354
504 1355
505 1356
506 1355
507 1355
508 1357
509 1356
510 1356
511 1357
512 1357
513 1355
514 1352
515 1357
516 1354
517 1353
518 1356
519 1358
520 1355
521 1356
522 1357
523 1355
524 1355
525 1354
526 1356
527 1355
528 1354
529 1355
530 1355
531 1357
532 1357
533 1357
534 1356
535 1362
536 1365
537 1371
538 1386
539 1402
540 1428
541 1474
542 1528
543 1598
544 1688
545 1789
546 1893
547 2002
548 2114
549 2219
550 2314
551 2405
552 2490
553 2560
554 2624
555 2673
556 2710
557 2735
558 2752
559 2749
560 2742
561 2727
562 2709
563 2684
564 2660
565 2625
566 2595
567 2549
568 2507
569 2459
570 2413
571 2365
572 2319
573 2271
574 2226
575 2176
576 2131
577 2085
578 2041
579 1999
580 1962
581 1927
582 1895
583 1858
584 1832
585 1799
586 1774
587 1745
588 1726
589 1701
590 1682
591 1657
592 1637
593 1620
594 1604
595 1581
596 1569
597 1549
598 1537
599 1522
600 1512
601 1501
602 1493
603 1483
604 1477
605 1469
606 1459
607 1449
608 1446
609 1437
610 1436
611 1426
612 1418
613 1413
614 1407
615 1405
616 1403
617 1398
618 1395
619 1391
620 1389
621 1387
622 1382
623 1381
624 1383
625 1378
626 1379
627 1377
628 1374
629 1375
630 1374
631 1372
632 1373
633 1369
634 1370
635 1367
636 1370
637 1369
638 1367
639 1367
640 1367
641 1362
642 1362
643 1361
644 1362
645 1364
646 1357
647 1357
648 1359
649 1357
650 1357
651 1357
652 1360
653 1359
654 1359
655 1357
656 1359
657 1357
658 1360
659 1360
660 1360
661 1359
662 1357
663 1357
664 1356
665 1359
666 1358
667 1359
668 1357
669 1358
670 1359
671 1357
672 1356
673 1354
674 1359
675 1359
676 1359
677 1357
678 1357
679 1356
680 1356
681 1353
682 1356
683 1356
684 1356
685 1353
686 1355
687 1356
688 1356
689 1357
690 1358
691 1357
692 1356
693 1355
694 1354
695 1354
696 1356
697 1354
698 1357
699 1357
700 1356
701 1356
702 1358
703 1353
704 1355
705 1358
706 1355
707 1356
708 1356
709 1354
710 1355
711 1352
712 1356
713 1355
714 1354
715 1355
716 1358
717 1358
718 1355
719 1353
720 1356
721 1354
722 1355
723 1353
724 1354
725 1355
726 1357
727 1354
728 1356
729 1353
730 1357
731 1353
732 1356
733 1354
734 1355
735 1356
736 1358
737 1352
738 1358
739 1353
740 1355
741 1356
742 1357
743 1357
744 1355
745 1356
746 1355
747 1355
748 1358
749 1353
750 1356
751 1354
752 1354
753 1354
754 1356
755 1355
756 1356
757 1352
758 1355
759 1355
760 1356
761 1354
762 1356
763 1354
764 1354
765 1353
766 1355
767 1355
768 1358
769 1357
770 1354
771 1356
772 1357
773 1353
774 1355
775 1354
776 1353
777 1356
778 1354
779 1352
780 1355
781 1356
782 1352
783 1355
784 1355
785 1355
786 1355
787 1356
788 1356
789 1354
790 1355
791 1357
792 1356
793 1355
794 1354
795 1354
796 1357
797 1356
798 1356
799 1354
800 1354
801 1355
802 1355
803 1353
804 1354
805 1356
806 1354
807 1353
808 1355
809 1356
810 1356
811 1356
812 1355
813 1356
814 1354
815 1353
816 1354
817 1358
818 1355
819 1353
820 1357
821 1356
822 1357
823 1357
824 1355
825 1357
826 1355
827 1360
828 1355
829 1353
830 1356
831 1353
832 1356
833 1352
834 1353
835 1357
836 1355
837 1355
838 1354
839 1355
840 1354
841 1357
842 1356
843 1356
844 1356
845 1355
846 1354
847 1356
848 1356
849 1357
850 1356
851 1355
852 1356
853 1353
854 1355
855 1357
856 1354
857 1356
858 1355
859 1355
860 1357
861 1356
862 1355
863 1356
864 1356
865 1358
866 1356
867 1355
868 1357
869 1355
870 1353
871 1355
872 1354
873 1353
874 1356
875 1359
876 1357
877 1359
878 1355
879 1355
880 1357
881 1357
882 1358
883 1355
884 1354
885 1357
886 1357
887 1355
888 1357
889 1356
890 1355
891 1357
892 1355
893 1353
894 1356
895 1356
896 1357
897 1353
898 1354
899 1356
900 1357
901 1355
902 1356
903 1354
904 1354
905 1356
906 1356
907 1357
908 1356
909 1355
910 1358
911 1355
912 1356
913 1356
914 1356
915 1358
916 1357
917 1354
918 1357
919 1355
920 1356
921 1357
922 1356
923 1356
924 1354
925 1354
926 1356
927 1356
928 1355
929 1354
930 1356
931 1357
932 1356
933 1356
934 1355
935 1354
936 1354
937 1355
938 1355
939 1354
940 1354
941 1356
942 1357
943 1356
944 1357
945 1355
946 1353
947 1354
948 1354
949 1354
950 1355
951 1354
952 1355
953 1356
954 1355
955 1355
956 1356
957 1353
958 1356
959 1354
960 1356
961 1353
962 1356
963 1353
964 1356
965 1354
966 1356
967 1357
968 1357
969 1357
970 1357
971 1357
972 1358
973 1355
974 1355
975 1355
976 1356
977 1355
978 1357
979 1356
980 1358
981 1356
982 1356
983 1356
984 1356
985 1355
986 1355
987 1356
988 1357
989 1355
990 1355
991 1352
992 1353
993 1351
994 1353
995 1357
996 1356
997 1357
998 1356
999 1356
1000 1357
1001 1357
1002 1357
1003 1357
1004 1358
1005 1357
1006 1358
1007 1356
1008 1354
1009 1355
1010 1359
1011 1357
1012 1356
1013 1354
1014 1356
1015 1354
1016 1355
1017 1353
1018 1355
1019 1356
1020 1355
1021 1355
1022 1355
1023 1354
1024 1359
1025 1355
1026 1358
1027 1356
1028 1356
1029 1356
1030 1356
1031 1356
1032 1356
1033 1356
1034 1356
1035 1356
1036 1356
1037 1356
1038 1357
1039 1356
1040 1355
1041 1358
1042 1357
1043 1356
1044 1355
1045 1355
1046 1355
1047 1355
1048 1354
1049 1357
1050 1353
1051 1357
1052 1356
1053 1356
1054 1354
1055 1357
1056 1356
1057 1355
1058 1354
1059 1356
1060 1354
1061 1357
1062 1356
1063 1353
1064 1353
1065 1354
1066 1353
1067 1356
1068 1357
1069 1357
1070 1358
1071 1355
1072 1353
1073 1355
1074 1357
1075 1357
1076 1356
1077 1357
1078 1353
1079 1355
1080 1355
1081 1355
1082 1354
1083 1357
1084 1358
1085 1358
1086 1355
1087 1356
1088 1357
1089 1357
1090 1356
1091 1355
1092 1356
1093 1354
1094 1356
1095 1354
1096 1356
1097 1357
1098 1358
1099 1356
1100 1357
1101 1358
1102 1356
1103 1356
1104 1356
1105 1356
1106 1356
1107 1356
1108 1355
1109 1352
1110 1353
1111 1354
1112 1356
1113 1353
1114 1358
1115 1357
1116 1356
1117 1355
1118 1358
1119 1354
1120 1356
1121 1357
1122 1356
1123 1354
1124 1353
1125 1353
1126 1354
1127 1352
1128 1355
1129 1357
1130 1356
1131 1356
1132 1356
1133 1358
1134 1357
1135 1356
1136 1354
1137 1354
1138 1354
1139 1356
1140 1355
1141 1354
1142 1354
1143 1356
1144 1356
1145 1356
1146 1356
1147 1355
1148 1356
1149 1356
1150 1355
1151 1359
1152 1356
1153 1359
1154 1356
1155 1356
1156 1356
1157 1357
1158 1357
1159 1357
1160 1355
1161 1356
1162 1356
1163 1356
1164 1354
1165 1355
1166 1358
1167 1354
1168 1355
1169 1356
1170 1356
1171 1358
1172 1355
1173 1355
1174 1353
1175 1352
1176 1357
1177 1356
1178 1354
1179 1356
1180 1355
1181 1357
1182 1355
1183 1353
1184 1355
1185 1357
1186 1356
1187 1354
1188 1357
1189 1355
1190 1356
1191 1354
1192 1354
1193 1355
1194 1355
1195 1354
1196 1354
1197 1353
1198 1354
1199 1354
1200 1353
1201 1355
1202 1354
1203 1354
1204 1357
1205 1356
1206 1353
1207 1355
1208 1357
1209 1353
1210 1356
1211 1360
1212 1357
1213 1353
1214 1357
1215 1359
1216 1358
1217 1354
1218 1358
1219 1354
1220 1356
1221 1357
1222 1355
1223 1357
1224 1355
1225 1354
1226 1353
1227 1355
1228 1356
1229 1355
1230 1355
1231 1358
1232 1355
1233 1357
1234 1355
1235 1353
1236 1357
1237 1354
1238 1358
1239 1357
1240 1356
1241 1355
1242 1357
1243 1353
1244 1353
1245 1357
1246 1355
1247 1354
1248 1354
1249 1353
1250 1353
1251 1356
1252 1356
1253 1356
1254 1355
1255 1353
1256 1355
1257 1356
1258 1356
1259 1357
1260 1355
1261 1355
1262 1355
1263 1355
1264 1354
1265 1353
1266 1356
1267 1352
1268 1355
1269 1354
1270 1358
1271 1354
1272 1351
1273 1353
1274 1356
1275 1357
1276 1356
1277 1355
1278 1356
1279 1353
1280 1356
1281 1353
1282 1356
1283 1355
1284 1353
1285 1357
1286 1355
1287 1357
1288 1357
1289 1355
1290 1355
1291 1357
1292 1355
1293 1356
1294 1356
1295 1355
1296 1354
1297 1354
1298 1354
1299 1354
1300 1357
1301 1356
1302 1354
1303 1355
1304 1361
1305 1358
1306 1354
1307 1355
1308 1356
1309 1354
1310 1357
1311 1354
1312 1354
1313 1356
1314 1353
1315 1355
1316 1355
1317 1355
1318 1357
1319 1355
1320 1355
1321 1354
1322 1354
1323 1354
1324 1355
1325 1356
1326 1354
1327 1353
1328 1355
1329 1355
1330 1356
1331 1352
1332 1355
1333 1354
1334 1355
1335 1353
1336 1356
1337 1353
1338 1353
1339 1355
1340 1354
1341 1353
1342 1355
1343 1354
1344 1356
1345 1357
1346 1357
1347 1354
1348 1356
1349 1354
1350 1358
1351 1357
1352 1355
1353 1355
1354 1359
1355 1355
1356 1357
1357 1354
1358 1355
1359 1353
1360 1355
1361 1353
1362 1357
1363 1356
1364 1357
1365 1356
1366 1354
1367 1353
1368 1358
1369 1356
1370 1356
1371 1352
1372 1355
1373 1354
1374 1357
1375 1358
1376 1355
1377 1354
1378 1355
1379 1357
1380 1356
1381 1357
1382 1353
1383 1356
1384 1353
1385 1353
1386 1356
1387 1353
1388 1356
1389 1356
1390 1355
1391 1356
1392 1357
1393 1356
1394 1355
1395 1354
1396 1355
1397 1355
1398 1355
1399 1355
1400 1354
1401 1356
1402 1355
1403 1350
1404 1357
1405 1358
1406 1356
1407 1354
1408 1357
1409 1352
1410 1356
1411 1356
1412 1355
1413 1356
1414 1355
1415 1354
1416 1353
1417 1355
1418 1354
1419 1357
1420 1357
1421 1356
1422 1356
1423 1356
1424 1353
1425 1356
1426 1359
1427 1356
1428 1356
1429 1357
1430 1355
1431 1355
1432 1353
1433 1352
1434 1356
1435 1355
1436 1357
1437 1355
1438 1354
1439 1353
1440 1355
1441 1356
1442 1356
1443 1354
1444 1352
1445 1353
1446 1356
1447 1353
1448 1356
1449 1354
1450 1354
1451 1356
1452 1359
1453 1353
1454 1358
1455 1353
1456 1356
1457 1357
1458 1358
1459 1354
1460 1354
1461 1356
1462 1355
1463 1353
1464 1359
1465 1358
1466 1356
1467 1355
1468 1353
1469 1355
1470 1356
1471 1355
1472 1357
1473 1356
1474 1354
1475 1354
1476 1353
1477 1357
1478 1356
1479 1353
1480 1354
1481 1355
1482 1355
1483 1352
1484 1353
1485 1351
1486 1354
1487 1355
1488 1354
1489 1354
1490 1353
1491 1355
1492 1356
1493 1353
1494 1358
1495 1356
1496 1355
1497 1356
1498 1356
1499 1356
1500 1356
1501 1355
1502 1358
1503 1355
1504 1354
1505 1354
1506 1357
1507 1355
1508 1354
1509 1358
1510 1354
1511 1355
1512 1354
1513 1355
1514 1356
1515 1354
1516 1353
1517 1357
1518 1359
1519 1355
1520 1354
1521 1357
1522 1357
1523 1356
1524 1355
1525 1354
1526 1353
1527 1356
1528 1357
1529 1354
1530 1356
1531 1356
1532 1357
1533 1357
1534 1355
1535 1356
1536 1354
1537 1356
1538 1358
1539 1353
1540 1354
1541 1355
1542 1355
1543 1355
1544 1358
1545 1358
1546 1355
1547 1357
1548 1355
1549 1354
1550 1356
1551 1356
1552 1358
1553 1355
1554 1355
1555 1355
1556 1356
1557 1357
1558 1355
1559 1356
1560 1357
1561 1357
1562 1354
1563 1352
1564 1356
1565 1355
1566 1354
1567 1354
1568 1355
1569 1354
1570 1356
1571 1354
1572 1355
1573 1355
1574 1353
1575 1357
1576 1356
1577 1353
1578 1357
1579 1356
1580 1359
1581 1356
1582 1354
1583 1354
1584 1356
1585 1356
1586 1357
1587 1356
1588 1355
1589 1355
1590 1353
1591 1352
1592 1357
1593 1355
1594 1356
1595 1360
1596 1357
1597 1352
1598 1355
1599 1355
1600 1358
1601 1356
1602 1355
1603 1356
1604 1353
1605 1353
1606 1356
1607 1353
1608 1357
1609 1356
1610 1355
1611 1358
1612 1357
1613 1356
1614 1358
1615 1357
1616 1356
1617 1357
1618 1355
1619 1352
1620 1354
1621 1356
1622 1356
1623 1355
1624 1357
1625 1356
1626 1359
1627 1356
1628 1355
1629 1356
1630 1354
1631 1354
1632 1350
1633 1356
1634 1356
1635 1355
1636 1357
1637 1355
1638 1358
1639 1358
1640 1356
1641 1357
1642 1358
1643 1356
1644 1355
1645 1355
1646 1357
1647 1355
1648 1356
1649 1353
1650 1355
1651 1357
1652 1355
1653 1352
1654 1355
1655 1359
1656 1355
1657 1355
1658 1358
1659 1354
1660 1356
1661 1352
1662 1354
1663 1354
1664 1354
1665 1355
1666 1354
1667 1355
1668 1354
1669 1356
1670 1354
1671 1355
1672 1354
1673 1356
1674 1355
1675 1355
1676 1354
1677 1354
1678 1355
1679 1354
1680 1356
1681 1355
1682 1356
1683 1355
1684 1356
1685 1358
1686 1356
1687 1354
1688 1356
1689 1355
1690 1353
1691 1354
1692 1356
1693 1356
1694 1356
1695 1355
1696 1355
1697 1353
1698 1357
1699 1357
1700 1358
1701 1357
1702 1355
1703 1354
1704 1356
1705 1354
1706 1354
1707 1354
1708 1354
1709 1357
1710 1355
1711 1353
1712 1354
1713 1355
1714 1350
1715 1355
1716 1355
1717 1355
1718 1355
1719 1353
1720 1355
1721 1356
1722 1355
1723 1356
1724 1353
1725 1355
1726 1355
1727 1354
1728 1357
1729 1353
1730 1355
1731 1355
1732 1355
1733 1353
1734 1354
1735 1356
1736 1353
1737 1355
1738 1355
1739 1357
1740 1353
1741 1356
1742 1355
1743 1355
1744 1356
1745 1357
1746 1356
1747 1354
1748 1355
1749 1356
1750 1355
1751 1355
1752 1356
1753 1356
1754 1355
1755 1357
1756 1359
1757 1358
1758 1356
1759 1358
1760 1360
1761 1359
1762 1355
1763 1357
1764 1356
1765 1356
1766 1356
1767 1353
1768 1357
1769 1355
1770 1359
1771 1358
1772 1358
1773 1356
1774 1356
1775 1357
1776 1353
1777 1355
1778 1355
1779 1353
1780 1354
1781 1353
1782 1354
1783 1353
1784 1356
1785 1357
1786 1356
1787 1354
1788 1356
1789 1354
1790 1353
1791 1355
1792 1356
1793 1354
1794 1354
1795 1356
1796 1357
1797 1354
1798 1355
1799 1355
1800 1355
1801 1357
1802 1356
1803 1354
1804 1358
1805 1357
1806 1356
1807 1354
1808 1356
1809 1358
1810 1354
1811 1357
1812 1357
1813 1353
1814 1357
1815 1358
1816 1354
1817 1356
1818 1355
1819 1356
1820 1352
1821 1354
1822 1358
1823 1357
1824 1355
1825 1355
1826 1356
1827 1357
1828 1356
1829 1355
1830 1358
1831 1358
1832 1355
1833 1356
1834 1356
1835 1356
1836 1356
1837 1356
1838 1355
1839 1357
1840 1355
1841 1354
1842 1352
1843 1353
1844 1357
1845 1357
1846 1354
1847 1354
1848 1357
1849 1356
1850 1356
1851 1357
1852 1356
1853 1357
1854 1354
1855 1356
1856 1356
1857 1357
1858 1357
1859 1357
1860 1355
1861 1355
1862 1356
1863 1355
1864 1356
1865 1353
1866 1356
1867 1355
1868 1354
1869 1354
1870 1353
1871 1352
1872 1357
1873 1356
1874 1358
1875 1356
1876 1356
1877 1357
1878 1355
1879 1354
1880 1357
1881 1356
1882 1357
1883 1358
1884 1356
1885 1355
1886 1354
1887 1352
1888 1356
1889 1356
1890 1355
1891 1356
1892 1356
1893 1355
1894 1356
1895 1356
1896 1352
1897 1354
1898 1358
1899 1355
1900 1356
1901 1356
1902 1355
1903 1354
1904 1353
1905 1356
1906 1354
1907 1357
1908 1357
1909 1356
1910 1356
1911 1357
1912 1355
1913 1356
1914 1354
1915 1357
1916 1356
1917 1355
1918 1356
1919 1355
1920 1354
1921 1356
1922 1354
1923 1354
1924 1351
1925 1354
1926 1355
1927 1357
1928 1352
1929 1354
1930 1353
1931 1356
1932 1355
1933 1355
1934 1357
1935 1355
1936 1352
1937 1357
1938 1356
1939 1354
1940 1356
1941 1354
1942 1355
1943 1356
1944 1356
1945 1358
1946 1359
1947 1355
1948 1357
1949 1357
1950 1358
1951 1357
1952 1358
1953 1357
1954 1355
1955 1354
1956 1356
1957 1357
1958 1358
1959 1356
1960 1357
1961 1357
1962 1356
1963 1357
1964 1356
1965 1358
1966 1356
1967 1357
1968 1356
1969 1358
1970 1353
1971 1356
1972 1356
1973 1356
1974 1356
1975 1358
1976 1356
1977 1356
1978 1356
1979 1358
1980 1356
1981 1357
1982 1356
1983 1358
1984 1356
1985 1354
1986 1358
1987 1356
1988 1356
1989 1356
1990 1355
1991 1355
1992 1355
1993 1355
1994 1356
1995 1356
1996 1358
1997 1357
1998 1357
1999 1355
2000 1356
2001 1355
2002 1356
2003 1355
2004 1358
2005 1356
2006 1356
2007 1356
2008 1354
2009 1355
2010 1357
2011 1359
2012 1355
2013 1352
2014 1355
2015 1356
2016 1358
2017 1353
2018 1354
2019 1356
2020 1352
2021 1357
2022 1356
2023 1356
2024 1356
2025 1355
2026 1356
2027 1356
2028 1355
2029 1352
2030 1355
2031 1354
2032 1354
2033 1357
2034 1356
2035 1356
2036 1355
2037 1357
2038 1356
2039 1357
2040 1354
2041 1351
2042 1355
2043 1355
2044 1355
2045 1355
2046 1353
2047 1356
2048 1355
2049 1356
2050 1356
2051 1357
2052 1356
2053 1356
2054 1357
2055 1356
2056 1356
2057 1353
2058 1355
2059 1357
2060 1356
2061 1353
2062 1356
2063 1355
2064 1355
2065 1359
2066 1356
2067 1355
2068 1357
2069 1358
2070 1358
2071 1357
2072 1356
2073 1356
2074 1356
2075 1355
2076 1356
2077 1356
2078 1356
2079 1356
2080 1353
2081 1357
2082 1354
2083 1353
2084 1354
2085 1354
2086 1354
2087 1353
2088 1356
2089 1356
2090 1356
2091 1353
2092 1356
2093 1354
2094 1355
2095 1356
2096 1354
2097 1354
2098 1355
2099 1356
2100 1358
2101 1357
2102 1355
2103 1356
2104 1356
2105 1356
2106 1356
2107 1357
2108 1356
2109 1355
2110 1357
2111 1357
2112 1351
2113 1354
2114 1351
2115 1354
2116 1353
2117 1357
2118 1355
2119 1354
2120 1355
2121 1351
2122 1354
2123 1355
2124 1355
2125 1355
2126 1355
2127 1354
2128 1355
2129 1355
2130 1353
2131 1356
2132 1353
2133 1352
2134 1358
2135 1356
2136 1355
2137 1357
2138 1355
2139 1355
2140 1355
2141 1354
2142 1354
2143 1356
2144 1356
2145 1354
2146 1356
2147 1356
2148 1356
2149 1357
2150 1356
2151 1356
2152 1355
2153 1356
2154 1355
2155 1357
2156 1356
2157 1356
2158 1355
2159 1354
2160 1358
2161 1358
2162 1352
2163 1357
2164 1356
2165 1357
2166 1355
2167 1354
2168 1354
2169 1354
2170 1353
2171 1356
2172 1352
2173 1354
2174 1350
2175 1352
2176 1351
2177 1355
2178 1353
2179 1355
2180 1355
2181 1355
2182 1357
2183 1356
2184 1354
2185 1353
2186 1355
2187 1355
2188 1356
2189 1355
2190 1359
2191 1357
2192 1357
2193 1354
2194 1358
2195 1359
2196 1355
2197 1357
2198 1354
2199 1357
2200 1354
2201 1354
2202 1354
2203 1357
2204 1357
2205 1354
2206 1357
2207 1357
2208 1356
2209 1357
2210 1356
2211 1353
2212 1355
2213 1356
2214 1355
2215 1356
2216 1355
2217 1357
2218 1353
2219 1355
2220 1356
2221 1360
2222 1354
2223 1354
2224 1355
2225 1356
2226 1355
2227 1355
2228 1355
2229 1358
2230 1357
2231 1355
2232 1357
2233 1355
2234 1356
2235 1356
2236 1353
2237 1355
2238 1356
2239 1355
2240 1354
2241 1355
2242 1354
2243 1357
2244 1355
2245 1357
2246 1356
2247 1355
2248 1352
2249 1355
2250 1354
2251 1357
2252 1356
2253 1355
2254 1354
2255 1356
2256 1356
2257 1355
2258 1356
2259 1358
2260 1357
2261 1357
2262 1355
2263 1355
2264 1354
2265 1359
2266 1356
2267 1357
2268 1354
2269 1352
2270 1356
2271 1354
2272 1355
2273 1353
2274 1353
2275 1355
2276 1356
2277 1356
2278 1356
2279 1356
2280 1356
2281 1357
2282 1358
2283 1355
2284 1356
2285 1356
2286 1356
2287 1356
2288 1355
2289 1356
2290 1356
2291 1357
2292 1354
2293 1355
2294 1356
2295 1357
2296 1355
2297 1357
2298 1356
2299 1356
2300 1355
2301 1354
2302 1353
2303 1352
2304 1354
2305 1355
2306 1352
2307 1359
2308 1356
2309 1358
2310 1354
2311 1359
2312 1355
2313 1357
2314 1356
2315 1356
2316 1354
2317 1357
2318 1355
2319 1357
2320 1353
2321 1355
2322 1358
2323 1356
2324 1359
2325 1358
2326 1356
2327 1355
2328 1355
2329 1356
2330 1354
2331 1355
2332 1354
2333 1355
2334 1354
2335 1353
2336 1355
2337 1357
2338 1357
2339 1355
2340 1356
2341 1358
2342 1360
2343 1359
2344 1355
2345 1355
2346 1354
2347 1357
2348 1354
2349 1354
2350 1356
2351 1357
2352 1356
2353 1351
2354 1354
2355 1357
2356 1355
2357 1355
2358 1356
2359 1355
2360 1354
2361 1354
2362 1353
2363 1356
2364 1356
2365 1356
2366 1356
2367 1357
2368 1355
2369 1357
2370 1356
2371 1357
2372 1355
2373 1357
2374 1359
2375 1358
2376 1355
2377 1357
2378 1359
2379 1358
2380 1356
2381 1354
2382 1353
2383 1354
2384 1358
2385 1357
2386 1354
2387 1355
2388 1357
2389 1355
2390 1353
2391 1357
2392 1356
2393 1355
2394 1353
2395 1355
2396 1355
2397 1356
2398 1355
2399 1357
2400 1357
2401 1358
2402 1357
2403 1354
2404 1355
2405 1356
2406 1356
2407 1358
2408 1356
2409 1356
2410 1356
2411 1357
2412 1354
2413 1353
2414 1354
2415 1356
2416 1354
2417 1354
2418 1352
2419 1355
2420 1354
2421 1356
2422 1352
2423 1358
2424 1357
2425 1357
2426 1355
2427 1357
2428 1354
2429 1357
2430 1355
2431 1357
2432 1355
2433 1354
2434 1355
2435 1357
2436 1353
2437 1358
2438 1353
2439 1357
2440 1354
2441 1356
2442 1356
2443 1354
2444 1356
2445 1359
2446 1357
2447 1357
2448 1354
2449 1357
2450 1356
2451 1355
2452 1357
2453 1355
2454 1355
2455 1354
2456 1351
2457 1356
2458 1358
2459 1356
2460 1358
2461 1356
2462 1357
2463 1355
2464 1355
2465 1355
2466 1356
2467 1356
2468 1355
2469 1354
2470 1358
2471 1361
2472 1358
2473 1355
2474 1354
2475 1357
2476 1354
2477 1357
2478 1353
2479 1354
2480 1355
2481 1357
2482 1355
2483 1354
2484 1353
2485 1352
2486 1353
2487 1356
2488 1355
2489 1355
2490 1356
2491 1358
2492 1353
2493 1355
2494 1356
2495 1357
2496 1355
2497 1355
2498 1355
2499 1354
2500 1356
2501 1354
2502 1354
2503 1357
2504 1356
2505 1357
2506 1354
2507 1357
2508 1355
2509 1355
2510 1355
2511 1358
2512 1354
2513 1353
2514 1353
2515 1354
2516 1357
2517 1355
2518 1355
2519 1354
2520 1357
2521 1356
2522 1357
2523 1356
2524 1356
2525 1355
2526 1355
2527 1354
2528 1356
2529 1354
2530 1354
2531 1355
2532 1357
2533 1357
2534 1356
2535 1354
2536 1357
2537 1355
2538 1357
2539 1356
2540 1356
2541 1355
2542 1355
2543 1358
2544 1356
2545 1357
2546 1354
2547 1353
2548 1355
2549 1355
2550 1356
2551 1354
2552 1357
2553 1357
2554 1355
2555 1351
2556 1357
2557 1358
2558 1354
2559 1356
2560 1359
2561 1357
2562 1357
2563 1356
2564 1355
2565 1355
2566 1355
2567 1356
2568 1356
2569 1357
2570 1356
2571 1357
2572 1355
2573 1351
2574 1355
2575 1356
2576 1355
2577 1356
2578 1354
2579 1357
2580 1354
2581 1355
2582 1355
2583 1355
2584 1354
2585 1353
2586 1351
2587 1354
2588 1352
2589 1357
2590 1356
2591 1356
2592 1355
2593 1354
2594 1355
2595 1356
2596 1356
2597 1356
2598 1353
2599 1355
2600 1354
2601 1355
2602 1354
2603 1354
2604 1358
2605 1357
2606 1356
2607 1355
2608 1356
2609 1354
2610 1355
2611 1357
2612 1355
2613 1359
2614 1352
2615 1357
2616 1356
2617 1356
2618 1355
2619 1356
2620 1356
2621 1354
2622 1354
2623 1355
2624 1358
2625 1358
2626 1356
2627 1356
2628 1355
2629 1357
2630 1355
2631 1356
2632 1355
2633 1352
2634 1352
2635 1357
2636 1356
2637 1357
2638 1353
2639 1354
2640 1354
2641 1354
2642 1355
2643 1357
2644 1355
2645 1354
2646 1353
2647 1357
2648 1354
2649 1356
2650 1356
2651 1355
2652 1356
2653 1357
2654 1354
2655 1357
2656 1354
2657 1356
2658 1354
2659 1354
2660 1354
2661 1354
2662 1356
2663 1357
2664 1355
2665 1353
2666 1353
2667 1357
2668 1355
2669 1357
2670 1353
2671 1356
2672 1354
2673 1356
2674 1355
2675 1356
2676 1354
2677 1353
2678 1355
2679 1357
2680 1358
2681 1355
2682 1353
2683 1353
2684 1357
2685 1359
2686 1355
2687 1355
2688 1356
2689 1354
2690 1356
2691 1357
2692 1356
2693 1354
2694 1355
2695 1353
2696 1353
2697 1357
2698 1354
2699 1355
2700 1354
2701 1356
2702 1354
2703 1355
2704 1356
2705 1357
2706 1356
2707 1355
2708 1356
2709 1357
2710 1358
2711 1354
2712 1354
2713 1355
2714 1354
2715 1357
2716 1358
2717 1357
2718 1356
2719 1354
2720 1355
2721 1356
2722 1354
2723 1356
2724 1356
2725 1357
2726 1355
2727 1355
2728 1354
2729 1355
2730 1354
2731 1356
2732 1353
2733 1356
2734 1356
2735 1357
2736 1356
2737 1355
2738 1354
2739 1358
2740 1356
2741 1356
2742 1355
2743 1355
2744 1355
2745 1354
2746 1355
2747 1357
2748 1353
2749 1355
2750 1359
2751 1357
2752 1353
2753 1355
2754 1357
2755 1356
2756 1356
2757 1357
2758 1353
2759 1356
2760 1354
2761 1355
2762 1353
2763 1353
2764 1353
2765 1356
2766 1358
2767 1355
2768 1356
2769 1358
2770 1357
2771 1357
2772 1353
2773 1356
2774 1356
2775 1355
2776 1354
2777 1358
2778 1357
2779 1356
2780 1357
2781 1356
2782 1356
2783 1355
2784 1355
2785 1356
2786 1357
2787 1356
2788 1355
2789 1354
2790 1354
2791 1357
2792 1355
2793 1355
2794 1355
2795 1356
2796 1357
2797 1352
2798 1354
2799 1354
2800 1357
2801 1357
2802 1356
2803 1358
2804 1357
2805 1356
2806 1356
2807 1354
2808 1356
2809 1357
2810 1356
2811 1357
2812 1356
2813 1354
2814 1352
2815 1354
2816 1355
2817 1356
2818 1355
2819 1355
2820 1356
2821 1357
2822 1356
2823 1355
2824 1359
2825 1357
2826 1355
2827 1356
2828 1357
2829 1355
2830 1354
2831 1357
2832 1356
2833 1354
2834 1355
2835 1357
2836 1356
2837 1356
2838 1358
2839 1357
2840 1356
2841 1357
2842 1357
2843 1356
2844 1354
2845 1355
2846 1355
2847 1356
2848 1354
2849 1357
2850 1357
2851 1357
2852 1356
2853 1355
2854 1354
2855 1352
2856 1356
2857 1356
2858 1354
2859 1356
2860 1355
2861 1354
2862 1358
2863 1356
2864 1357
2865 1356
2866 1356
2867 1357
2868 1357
2869 1358
2870 1355
2871 1356
2872 1354
2873 1353
2874 1356
2875 1357
2876 1359
2877 1357
2878 1358
2879 1356
2880 1356
2881 1357
2882 1357
2883 1357
2884 1354
2885 1353
2886 1357
2887 1355
2888 1356
2889 1356
2890 1356
2891 1356
2892 1354
2893 1352
2894 1354
2895 1357
2896 1357
2897 1358
2898 1356
2899 1356
2900 1356
2901 1356
2902 1356
2903 1353
2904 1355
2905 1353
2906 1354
2907 1359
2908 1356
2909 1358
2910 1356
2911 1358
2912 1356
2913 1358
2914 1355
2915 1356
2916 1355
2917 1354
2918 1354
2919 1350
2920 1354
2921 1355
2922 1356
2923 1354
2924 1358
2925 1358
2926 1356
2927 1357
2928 1354
2929 1356
2930 1356
2931 1355
2932 1356
2933 1357
2934 1354
2935 1355
2936 1356
2937 1354
2938 1355
2939 1356
2940 1355
2941 1356
2942 1354
2943 1356
2944 1356
2945 1356
2946 1356
2947 1355
2948 1356
2949 1355
2950 1356
2951 1357
2952 1356
2953 1355
2954 1356
2955 1356
2956 1355
2957 1355
2958 1357
2959 1354
2960 1355
2961 1356
2962 1355
2963 1359
2964 1356
2965 1356
2966 1356
2967 1355
2968 1353
2969 1355
2970 1355
2971 1357
2972 1354
2973 1356
2974 1355
2975 1356
2976 1358
2977 1356
2978 1356
2979 1354
2980 1355
2981 1357
2982 1355
2983 1355
2984 1359
2985 1358
2986 1355
2987 1354
2988 1353
2989 1357
2990 1358
2991 1357
2992 1356
2993 1354
2994 1354
2995 1352
2996 1355
2997 1353
2998 1356
2999 1354
3000 1356
3001 1357
3002 1354
3003 1357
3004 1356
3005 1356
3006 1356
3007 1354
3008 1355
3009 1352
3010 1353
3011 1355
3012 1354
3013 1354
3014 1355
3015 1355
3016 1357
3017 1352
3018 1356
3019 1355
3020 1353
3021 1355
3022 1354
3023 1355
3024 1356
3025 1352
3026 1354
3027 1354
3028 1355
3029 1354
3030 1356
3031 1356
3032 1355
3033 1354
3034 1354
3035 1354
3036 1356
3037 1355
3038 1356
3039 1356
3040 1356
3041 1357
3042 1356
3043 1356
3044 1354
3045 1353
3046 1355
3047 1358
3048 1357
3049 1355
3050 1355
3051 1357
3052 1358
3053 1357
3054 1354
3055 1354
3056 1355
3057 1355
3058 1355
3059 1356
3060 1353
3061 1356
3062 1355
3063 1356
3064 1356
3065 1353
3066 1356
3067 1355
3068 1357
3069 1354
3070 1355
3071 1355
3072 1355
3073 1354
3074 1354
3075 1354
3076 1353
3077 1353
3078 1355
3079 1357
3080 1356
3081 1356
3082 1355
3083 1356
3084 1355
3085 1359
3086 1354
3087 1356
3088 1356
3089 1355
3090 1354
3091 1357
3092 1357
3093 1359
3094 1357
3095 1354
3096 1357
3097 1356
3098 1355
3099 1357
3100 1354
3101 1355
3102 1354
3103 1356
3104 1355
3105 1357
3106 1355
3107 1357
3108 1354
3109 1356
3110 1354
3111 1359
3112 1357
3113 1356
3114 1357
3115 1357
3116 1357
3117 1361
3118 1356
3119 1356
3120 1356
3121 1357
3122 1354
3123 1356
3124 1355
3125 1355
3126 1355
3127 1357
3128 1353
3129 1357
3130 1356
3131 1356
3132 1355
3133 1356
3134 1356
3135 1357
3136 1356
3137 1356
3138 1355
3139 1354
3140 1356
3141 1355
3142 1355
3143 1355
3144 1356
3145 1357
3146 1356
3147 1356
3148 1354
3149 1355
3150 1355
3151 1357
3152 1353
3153 1357
3154 1356
3155 1356
3156 1354
3157 1354
3158 1355
3159 1356
3160 1357
3161 1360
3162 1358
3163 1355
3164 1353
3165 1356
3166 1354
3167 1355
3168 1353
3169 1356
3170 1356
3171 1356
3172 1355
3173 1354
3174 1356
3175 1360
3176 1355
3177 1356
3178 1354
3179 1355
3180 1354
3181 1358
3182 1353
3183 1357
3184 1352
3185 1358
3186 1356
3187 1359
3188 1352
3189 1354
3190 1357
3191 1355
3192 1356
3193 1358
3194 1356
3195 1356
3196 1353
3197 1356
3198 1356
3199 1357
3200 1354
3201 1355
3202 1355
3203 1357
3204 1357
3205 1357
3206 1355
3207 1354
3208 1355
3209 1355
3210 1356
3211 1355
3212 1354
3213 1356
3214 1355
3215 1353
3216 1353
3217 1354
3218 1354
3219 1358
3220 1355
3221 1355
3222 1356
3223 1355
3224 1355
3225 1356
3226 1357
3227 1357
3228 1355
3229 1354
3230 1353
3231 1356
3232 1355
3233 1358
3234 1356
3235 1356
3236 1355
3237 1356
3238 1357
3239 1358
3240 1358
3241 1357
3242 1357
3243 1355
3244 1357
3245 1359
3246 1357
3247 1358
3248 1356
3249 1358
3250 1356
3251 1355
3252 1356
3253 1357
3254 1356
3255 1354
3256 1355
3257 1357
3258 1356
3259 1357
3260 1356
3261 1356
3262 1351
3263 1355
3264 1355
3265 1354
3266 1355
3267 1357
3268 1355
3269 1354
3270 1354
3271 1356
3272 1355
3273 1355
3274 1356
3275 1357
3276 1360
3277 1356
3278 1355
3279 1357
3280 1354
3281 1355
3282 1351
3283 1354
3284 1353
3285 1354
3286 1355
3287 1356
3288 1354
3289 1357
3290 1355
3291 1354
3292 1357
3293 1358
3294 1357
3295 1356
3296 1355
3297 1355
3298 1357
3299 1355
3300 1354
3301 1357
3302 1353
3303 1353
3304 1354
3305 1357
3306 1355
3307 1354
3308 1356
3309 1355
3310 1351
3311 1356
3312 1354
3313 1356
3314 1353
3315 1357
3316 1356
3317 1357
3318 1355
3319 1358
3320 1355
3321 1355
3322 1357
3323 1356
3324 1355
3325 1356
3326 1356
3327 1354
3328 1355
3329 1356
3330 1351
3331 1354
3332 1355
3333 1357
3334 1357
3335 1354
3336 1355
3337 1353
3338 1355
3339 1354
3340 1358
3341 1353
3342 1356
3343 1353
3344 1353
3345 1354
3346 1354
3347 1354
3348 1355
3349 1355
3350 1355
3351 1358
3352 1355
3353 1354
3354 1354
3355 1353
3356 1355
3357 1356
3358 1356
3359 1354
3360 1353
3361 1354
3362 1356
3363 1355
3364 1356
3365 1358
3366 1356
3367 1355
3368 1353
3369 1356
3370 1355
3371 1355
3372 1353
3373 1355
3374 1354
3375 1356
3376 1354
3377 1355
3378 1353
3379 1353
3380 1355
3381 1355
3382 1358
3383 1356
3384 1355
3385 1355
3386 1354
3387 1354
3388 1354
3389 1354
3390 1356
3391 1354
3392 1356
3393 1354
3394 1356
3395 1357
3396 1353
3397 1353
3398 1353
3399 1356
3400 1354
3401 1350
3402 1354
3403 1356
3404 1355
3405 1356
3406 1353
3407 1355
3408 1356
3409 1355
3410 1354
3411 1356
3412 1357
3413 1356
3414 1354
3415 1356
3416 1356
3417 1356
3418 1354
3419 1354
3420 1355
3421 1357
3422 1356
3423 1356
3424 1353
3425 1357
3426 1356
3427 1354
3428 1356
3429 1354
3430 1356
3431 1355
3432 1357
3433 1357
3434 1356
3435 1356
3436 1357
3437 1359
3438 1356
3439 1355
3440 1353
3441 1356
3442 1355
3443 1356
3444 1353
3445 1352
3446 1353
3447 1354
3448 1355
3449 1357
3450 1354
3451 1356
3452 1356
3453 1353
3454 1354
3455 1352
3456 1358
3457 1356
3458 1356
3459 1356
3460 1357
3461 1356
3462 1358
3463 1358
3464 1357
3465 1357
3466 1358
3467 1357
3468 1357
3469 1356
3470 1358
3471 1356
3472 1356
3473 1357
3474 1357
3475 1354
3476 1357
3477 1355
3478 1356
3479 1359
3480 1358
3481 1357
3482 1356
3483 1356
3484 1356
3485 1357
3486 1355
3487 1357
3488 1357
3489 1357
3490 1357
3491 1357
3492 1357
3493 1356
3494 1356
3495 1360
3496 1357
3497 1355
3498 1357
3499 1356
3500 1354
3501 1357
3502 1356
3503 1355
3504 1356
3505 1354
3506 1356
3507 1358
3508 1358
3509 1356
3510 1356
3511 1356
3512 1358
3513 1357
3514 1355
3515 1357
3516 1356
3517 1355
3518 1355
3519 1353
3520 1355
3521 1358
3522 1356
3523 1352
3524 1356
3525 1356
3526 1356
3527 1353
3528 1356
3529 1354
3530 1354
3531 1354
3532 1354
3533 1355
3534 1357
3535 1357
3536 1357
3537 1353
3538 1355
3539 1359
3540 1355
3541 1358
3542 1358
3543 1358
3544 1357
3545 1356
3546 1354
3547 1354
3548 1354
3549 1354
3550 1354
3551 1356
3552 1354
3553 1353
3554 1356
3555 1357
3556 1356
3557 1355
3558 1355
3559 1358
3560 1356
3561 1357
3562 1356
3563 1355
3564 1356
3565 1354
3566 1355
3567 1353
3568 1357
3569 1355
3570 1356
3571 1356
3572 1356
3573 1352
3574 1355
3575 1354
3576 1353
3577 1354
3578 1356
3579 1357
3580 1356
3581 1357
3582 1356
3583 1353
3584 1355
3585 1356
3586 1358
3587 1358
3588 1358
3589 1358
3590 1355
3591 1355
3592 1356
3593 1356
3594 1356
3595 1355
3596 1355
3597 1356
3598 1357
3599 1358
3600 1359
3601 1358
3602 1356
3603 1358
3604 1355
3605 1357
3606 1358
3607 1358
3608 1360
3609 1358
3610 1357
3611 1356
3612 1356
3613 1355
3614 1352
3615 1354
3616 1355
3617 1357
3618 1357
3619 1356
3620 1357
3621 1355
3622 1355
3623 1352
3624 1356
3625 1358
3626 1356
3627 1356
3628 1355
3629 1355
3630 1355
3631 1355
3632 1358
3633 1360
3634 1357
3635 1359
3636 1359
3637 1358
3638 1355
3639 1356
3640 1356
3641 1353
3642 1354
3643 1355
3644 1354
3645 1355
3646 1354
3647 1360
3648 1354
3649 1355
3650 1354
3651 1356
3652 1354
3653 1354
3654 1355
3655 1357
3656 1354
3657 1356
3658 1353
3659 1359
3660 1355
3661 1357
3662 1356
3663 1357
3664 1354
3665 1356
3666 1355
3667 1355
3668 1358
3669 1356
3670 1358
3671 1355
3672 1357
3673 1354
3674 1356
3675 1358
3676 1355
3677 1355
3678 1356
3679 1356
3680 1356
3681 1356
3682 1355
3683 1354
3684 1355
3685 1354
3686 1356
3687 1356
3688 1361
3689 1356
3690 1358
3691 1357
3692 1358
3693 1356
3694 1355
3695 1356
3696 1355
3697 1355
3698 1355
3699 1354
3700 1355
3701 1357
3702 1354
3703 1356
3704 1357
3705 1356
3706 1354
3707 1356
3708 1357
3709 1358
3710 1359
3711 1355
3712 1354
3713 1352
3714 1356
3715 1359
3716 1355
3717 1358
3718 1355
3719 1356
3720 1353
3721 1357
3722 1356
3723 1356
3724 1357
3725 1356
3726 1356
3727 1354
3728 1355
3729 1354
3730 1355
3731 1354
3732 1356
3733 1355
3734 1356
3735 1355
3736 1355
3737 1356
3738 1355
3739 1355
3740 1355
3741 1357
3742 1355
3743 1354
3744 1355
3745 1356
3746 1356
3747 1354
3748 1355
3749 1352
3750 1353
3751 1353
3752 1356
3753 1355
3754 1354
3755 1355
3756 1355
3757 1354
3758 1357
3759 1358
3760 1353
3761 1355
3762 1356
3763 1356
3764 1355
3765 1353
3766 1357
3767 1356
3768 1356
3769 1356
3770 1356
3771 1357
3772 1354
3773 1353
3774 1355
3775 1357
3776 1356
3777 1357
3778 1356
3779 1355
3780 1358
3781 1352
3782 1353
3783 1354
3784 1356
3785 1356
3786 1354
3787 1354
3788 1358
3789 1354
3790 1353
3791 1352
3792 1355
3793 1352
3794 1357
3795 1356
3796 1355
3797 1358
3798 1356
3799 1354
3800 1355
3801 1353
3802 1354
3803 1354
3804 1355
3805 1354
3806 1356
3807 1355
3808 1354
3809 1356
3810 1355
3811 1357
3812 1356
3813 1353
3814 1357
3815 1354
3816 1355
3817 1354
3818 1356
3819 1354
3820 1354
3821 1353
3822 1355
3823 1353
3824 1355
3825 1355
3826 1354
3827 1354
3828 1354
3829 1356
3830 1358
3831 1354
3832 1354
3833 1354
3834 1357
3835 1357
3836 1358
3837 1356
3838 1356
3839 1353
3840 1356
3841 1353
3842 1356
3843 1354
3844 1359
3845 1357
3846 1357
3847 1353
3848 1355
3849 1355
3850 1357
3851 1354
3852 1356
3853 1354
3854 1356
3855 1351
3856 1355
3857 1352
3858 1354
3859 1353
3860 1357
3861 1354
3862 1356
3863 1356
3864 1356
3865 1353
3866 1358
3867 1356
3868 1356
3869 1352
3870 1355
3871 1354
3872 1355
3873 1353
3874 1356
3875 1357
3876 1354
3877 1356
3878 1355
3879 1357
3880 1353
3881 1354
3882 1353
3883 1355
3884 1356
3885 1355
3886 1357
3887 1354
3888 1358
3889 1356
3890 1357
3891 1355
3892 1356
3893 1357
3894 1358
3895 1355
3896 1357
3897 1355
3898 1359
3899 1356
3900 1356
3901 1353
3902 1356
3903 1352
3904 1355
3905 1355
3906 1357
3907 1356
3908 1354
3909 1355
3910 1356
3911 1357
3912 1355
3913 1357
3914 1355
3915 1354
3916 1355
3917 1355
3918 1357
3919 1353
3920 1356
3921 1355
3922 1357
3923 1353
3924 1354
3925 1352
3926 1357
3927 1354
3928 1357
3929 1352
3930 1355
3931 1355
3932 1357
3933 1356
3934 1357
3935 1360
3936 1358
3937 1357
3938 1356
3939 1358
3940 1358
3941 1353
3942 1356
3943 1354
3944 1356
3945 1356
3946 1356
3947 1353
3948 1355
3949 1353
3950 1356
3951 1356
3952 1354
3953 1354
3954 1356
3955 1356
3956 1352
3957 1355
3958 1355
3959 1357
3960 1356
3961 1354
3962 1355
3963 1352
3964 1357
3965 1356
3966 1356
3967 1355
3968 1355
3969 1356
3970 1356
3971 1356
3972 1354
3973 1356
3974 1355
3975 1352
3976 1353
3977 1355
3978 1353
3979 1358
3980 1357
3981 1357
3982 1354
3983 1355
3984 1355
3985 1353
3986 1354
3987 1356
3988 1355
3989 1357
3990 1355
3991 1354
3992 1354
3993 1356
3994 1356
3995 1356
3996 1354
3997 1353
3998 1355
3999 1354
